1494865006 0 0.0 0. 0.0 0.
1494865066 1 0.0 0. 0.0 0.
1494865127 1 0.0 0. 0.0 0.
1494865166 1 0.0 0. 0.0 0.
1494865205 1 0.0 0. 0.0 0.
1494865265 1 0.0 0. 0.0 0.
1494865507 1 0.0 0. 0.0 0.
1494865748 1 0.0 0. 0.0 0.
1494865808 1 0.0 0. 0.0 0.
1494865868 1 0.0 0. 0.0 0.
1494865910 1 0.0 0. 0.0 0.
1494865931 1 0.0 0. 0.0 0.
1494865945 1 0.0 0. 0.0 0.
1494865962 1 0.0 0. 0.0 0.
1494865978 0 0.0 0. 0.0 0.
1494866014 0 0.0 0. 0.0 0.
1494866074 0 0.0 0. 0.0 0.
1494866134 0 0.0 0. 0.0 0.
1494866194 0 0.0 0. 0.0 0.
1494866232 0 0.0 0. 0.0 0.
1494866244 1 0.0 0. 0.0 0.
1494866280 1 0.0 0. 0.0 0.
1494866340 1 0.0 0. 0.0 0.
1494866400 1 0.0 0. 0.0 0.
1494866460 1 0.0 0. 0.0 0.
1494866520 1 0.0 0. 0.0 0.
1494866580 1 0.0 0. 0.0 0.
1494866640 1 0.0 0. 0.0 0.
1494866700 0 0.0 0. 0.0 0.
1494866760 0 0.0 0. 0.0 0.
1494866821 0 0.0 0. 0.0 0.
1494866874 0 0.0 0. 0.0 0.
1494866904 1 0.0 0. 0.0 0.
1494866939 1 0.0 0. 0.0 0.
1494866999 1 0.0 0. 0.0 0.
1494867059 1 0.0 0. 0.0 0.
1494867119 1 0.0 0. 0.0 0.
1494867154 0 0.0 0. 0.0 0.
1494867189 1 0.0 0. 0.0 0.
1494867250 1 0.0 0. 0.0 0.
1494867310 1 0.0 0. 0.0 0.
1494867370 1 0.0 0. 0.0 0.
1494867430 1 0.0 0. 0.0 0.
1494867490 1 0.0 0. 0.0 0.
1494867550 1 0.0 0. 0.0 0.
1494867610 0 0.0 0. 0.0 0.
1494867650 0 0.0 0. 0.0 0.
1494867664 1 0.0 0. 0.0 0.
1494867700 1 0.0 0. 0.0 0.
1494867760 1 0.0 0. 0.0 0.
1494867820 1 0.0 0. 0.0 0.
1494867880 1 0.0 0. 0.0 0.
1494867940 0 0.0 0. 0.0 0.
1494868000 0 0.0 0. 0.0 0.
1494868047 0 0.0 0. 0.0 0.
1494868068 1 0.0 0. 0.0 0.
1494868104 1 0.0 0. 0.0 0.
1494868164 1 0.0 0. 0.0 0.
1494868224 1 0.0 0. 0.0 0.
1494868284 1 0.0 0. 0.0 0.
1494868344 1 0.0 0. 0.0 0.
1494868404 1 0.0 0. 0.0 0.
1494868464 1 0.0 0. 0.0 0.
1494868524 0 0.0 0. 0.0 0.
1494868576 0 0.0 0. 0.0 0.
1494868603 1 0.0 0. 0.0 0.
1494868638 1 0.0 0. 0.0 0.
1494868698 1 0.0 0. 0.0 0.
1494868758 1 0.0 0. 0.0 0.
1494868818 1 0.0 0. 0.0 0.
1494868878 1 0.0 0. 0.0 0.
1494868938 1 0.0 0. 0.0 0.
1494868998 1 0.0 0. 0.0 0.
1494869058 1 0.0 0. 0.0 0.
1494869119 1 0.0 0. 0.0 0.
1494869179 1 0.0 0. 0.0 0.
1494869239 1 0.0 0. 0.0 0.
1494869299 1 0.0 0. 0.0 0.
