1497500522 1 6123.04296875 0. 5.12537128512e-22 0.
1497500571 1 6102.6875 0. 5.11472826496e-22 0.
1497500631 1 6077.62353516 0. 5.10132848819e-22 0.
1497500673 1 6067.38330078 0. 5.09817752409e-22 0.
1497500715 1 6054.20410156 0. 5.09198583635e-22 0.
1497500776 1 6055.10400391 0. 5.09994569883e-22 0.
1497500836 1 6018.54248047 0. 5.07584974916e-22 0.
1497500889 1 6035.35449219 0. 5.09580561924e-22 0.
1497500943 1 6015.94287109 0. 5.08539830722e-22 0.
1497501003 1 6000.52197266 0. 5.07915254597e-22 0.
1497501064 1 5968.58447266 0. 5.06000531981e-22 0.
1497501124 1 5953.31835938 0. 5.05540342319e-22 0.
1497501159 1 5942.44384766 0. 5.05044603057e-22 0.
1497501194 1 5937.67089844 0. 5.05132583094e-22 0.
1497501254 1 5923.78759766 0. 5.04739367004e-22 0.
1497501315 1 5910.15917969 0. 5.04377510833e-22 0.
1497501375 1 5895.06347656 0. 5.03892527108e-22 0.
1497501435 1 5883.90966797 0. 5.03735476104e-22 0.
1497501495 1 5870.39257812 0. 5.03358828855e-22 0.
1497501555 1 5862.64550781 0. 5.0345276015e-22 0.
1497501615 1 5847.28564453 0. 5.02837373315e-22 0.
1497501675 1 5683.79003906 0. 4.89459888083e-22 0.
1497501735 1 5365.03515625 0. 4.62697779514e-22 0.
1497501795 1 5595.59619141 0. 4.83245707607e-22 0.
1497501856 1 5914.21728516 0. 5.11427191981e-22 0.
1497501916 1 5906.96386719 0. 5.11495100635e-22 0.
1497501954 1 5901.32714844 0. 5.11412426867e-22 0.
1497501992 1 5896.47753906 0. 5.11454471937e-22 0.
1497502052 1 5886.07275391 0. 5.11215578834e-22 0.
1497502097 1 5879.21875 0. 5.11155739559e-22 0.
1497502143 1 5869.70654297 0. 5.10875822858e-22 0.
1497502178 1 5864.46044922 0. 5.10788161179e-22 0.
1497502213 1 5855.36816406 0. 5.10412305932e-22 0.
1497502273 1 5844.3046875 0. 5.1014943619e-22 0.
1497502333 1 5836.50292969 0. 5.10138063157e-22 0.
1497502394 1 5826.578125 0. 5.09947942046e-22 0.
1497502454 1 5817.78759766 0. 5.09819414395e-22 0.
1497502514 1 5806.14013672 0. 5.09445415804e-22 0.
1497502574 1 5795.35644531 0. 5.09155361847e-22 0.
1497502634 1 5786.30419922 0. 5.09031083957e-22 0.
1497502694 1 5767.96630859 0. 5.0807913547e-22 0.
1497502754 1 5762.18554688 0. 5.08204537779e-22 0.
1497502814 1 5754.73974609 0. 5.08204518621e-22 0.
1497502874 1 5744.14746094 0. 5.07903346584e-22 0.
1497502935 1 5734.19091797 0. 5.07662097064e-22 0.
1497502995 1 5725.36132812 0. 5.07514182671e-22 0.
1497503055 1 5712.92871094 0. 5.07031296214e-22 0.
1497503115 1 5701.68310547 0. 5.06657419006e-22 0.
1497503175 1 5697.49121094 0. 5.06920414987e-22 0.
1497503235 1 5687.83300781 0. 5.06671348023e-22 0.
1497503295 1 5678.39306641 0. 5.06456024587e-22 0.
1497503355 1 5668.43457031 0. 5.06191793405e-22 0.
1497503416 1 5658.04882812 0. 5.05887155498e-22 0.
1497503476 1 5647.84912109 0. 5.05569545292e-22 0.
1497503536 1 5634.95898438 0. 5.05043837425e-22 0.
1497503596 1 5628.66601562 0. 5.05122889804e-22 0.
1497503640 1 5620.42675781 0. 5.04832054548e-22 0.
1497503684 1 5614.5 0. 5.047287564e-22 0.
1497503719 1 5608.46435547 0. 5.04548797712e-22 0.
1497503754 1 5602.60791016 0. 5.04370416352e-22 0.
1497503814 1 5594.17919922 0. 5.04205410472e-22 0.
1497503874 1 5584.90429688 0. 5.03972512258e-22 0.
1497503934 1 5575.96923828 0. 5.03767361413e-22 0.
1497503994 1 5568.38916016 0. 5.03667753033e-22 0.
1497504054 1 5561.234375 0. 5.03608665684e-22 0.
1497504115 1 5436.70019531 0. 4.92896190323e-22 0.
1497504175 1 5255.99560547 0. 4.77054262959e-22 0.
1497504235 1 5553.25048828 0. 5.04623935756e-22 0.
1497504295 1 5557.16748047 0. 5.0558111763e-22 0.
1497504355 1 5547.74804688 0. 5.05327496103e-22 0.
1497504415 1 5540.40185547 0. 5.0524495997e-22 0.
1497504450 1 5538.03369141 0. 5.05377283942e-22 0.
1497504486 1 5530.92382812 0. 5.05082410067e-22 0.
1497504546 1 5522.33300781 0. 5.04863394365e-22 0.
1497504606 1 5512.59667969 0. 5.04576579477e-22 0.
1497504666 1 5505.89404297 0. 5.0454387614e-22 0.
1497504725 1 5498.33837891 0. 5.04401056588e-22 0.
1497504784 1 5490.19238281 0. 5.04239692116e-22 0.
1497504844 1 5481.67285156 0. 5.04029083489e-22 0.
1497504885 1 5474.87060547 0. 5.03795669737e-22 0.
1497504926 1 5469.97851562 0. 5.03758777622e-22 0.
1497504986 1 5461.18994141 0. 5.03532288482e-22 0.
1497505047 1 5453.14941406 0. 5.0337058399e-22 0.
1497505107 1 5448.28125 0. 5.03493784491e-22 0.
1497505167 1 5438.10888672 0. 5.03121037778e-22 0.
1497505227 1 5431.05126953 0. 5.03048332013e-22 0.
1497505287 1 5422.45214844 0. 5.02846454826e-22 0.
1497505347 1 5416.15966797 0. 5.02857585427e-22 0.
1497505407 1 5408.078125 0. 5.02705323235e-22 0.
1497505467 1 5401.87744141 0. 5.02692849545e-22 0.
1497505527 1 5392.73291016 0. 5.0242101327e-22 0.
1497505588 1 5383.66650391 0. 5.02159013117e-22 0.
1497505648 1 5374.76123047 0. 5.01888268864e-22 0.
1497505708 1 5368.65478516 0. 5.01880378982e-22 0.
1497505768 1 5358.35107422 0. 5.01496795631e-22 0.
1497505828 1 5350.54882812 0. 5.01341200995e-22 0.
1497505888 1 5344.66552734 0. 5.01344709489e-22 0.
1497505948 1 5335.97900391 0. 5.01104147449e-22 0.
1497506008 1 5327.86181641 0. 5.00906596847e-22 0.
1497506068 1 5323.62646484 0. 5.01052966134e-22 0.
1497506129 1 5318.91259766 0. 5.01187782865e-22 0.
1497506189 1 5310.01611328 0. 5.00893981588e-22 0.
1497506249 1 5299.89501953 0. 5.0049012101e-22 0.
1497506309 1 5293.75195312 0. 5.00486060375e-22 0.
1497506369 1 5284.09716797 0. 5.00137780312e-22 0.
1497506429 1 5278.1953125 0. 5.00118678848e-22 0.
1497506489 1 5273.94628906 0. 5.00282063035e-22 0.
1497506549 1 5263.92626953 0. 4.99886921249e-22 0.
1497506610 1 5255.984375 0. 4.99685902466e-22 0.
1497506670 1 5250.28955078 0. 4.99707609244e-22 0.
1497506730 1 5240.84375 0. 4.99338636498e-22 0.
1497506790 1 5236.29785156 0. 4.99459608018e-22 0.
1497506850 1 5227.02246094 0. 4.99144078855e-22 0.
1497506910 1 5217.81738281 0. 4.98814974046e-22 0.
1497506970 1 5209.92089844 0. 4.9861790968e-22 0.
1497507030 1 5202.66064453 0. 4.98476330158e-22 0.
1497507090 1 5197.27734375 0. 4.98489816657e-22 0.
1497507151 1 5190.47753906 0. 4.98369872623e-22 0.
1497507211 1 5183.39697266 0. 4.98247410834e-22 0.
1497507271 1 5176.07275391 0. 4.98105536092e-22 0.
1497507331 1 5167.97949219 0. 4.97874331138e-22 0.
1497507391 1 5160.03613281 0. 4.9765273578e-22 0.
1497507451 1 5154.40966797 0. 4.97650076639e-22 0.
1497507511 1 5147.20068359 0. 4.97502501343e-22 0.
1497507571 1 5139.05712891 0. 4.97249415756e-22 0.
1497507631 1 5134.49365234 0. 4.9734693843e-22 0.
1497507692 1 5126.74560547 0. 4.97140913268e-22 0.
1497507752 1 5116.18505859 0. 4.96669544467e-22 0.
1497507812 1 5108.59130859 0. 4.96444706393e-22 0.
1497507872 1 5102.80273438 0. 4.9643441888e-22 0.
1497507932 1 5098.63574219 0. 4.96556453337e-22 0.
1497507992 1 5090.64111328 0. 4.96310090295e-22 0.
1497508052 1 5083.05371094 0. 4.96096262629e-22 0.
1497508112 1 5076.2578125 0. 4.95974118405e-22 0.
1497508172 1 5068.45214844 0. 4.95772331937e-22 0.
1497508233 1 5063.20605469 0. 4.95825761936e-22 0.
1497508293 1 5057.62255859 0. 4.95819734916e-22 0.
1497508353 1 5048.35107422 0. 4.95438660027e-22 0.
1497508413 1 5040.88671875 0. 4.952541099e-22 0.
1497508473 1 5035.52490234 0. 4.95256098035e-22 0.
1497508533 1 5028.60058594 0. 4.95086802193e-22 0.
1497508593 1 5021.49853516 0. 4.94940880111e-22 0.
1497508653 1 5014.95166016 0. 4.94840438652e-22 0.
1497508698 1 5009.25634766 0. 4.94664123177e-22 0.
1497508742 1 5004.28222656 0. 4.94562940834e-22 0.
1497508802 1 4999.31689453 0. 4.94617212651e-22 0.
1497508863 1 4992.40527344 0. 4.94467549334e-22 0.
1497508923 1 4986.39550781 0. 4.94392498988e-22 0.
1497508983 1 4979.28076172 0. 4.94236603612e-22 0.
1497509043 1 4972.09765625 0. 4.94050013755e-22 0.
1497509103 1 4965.73486328 0. 4.9394608469e-22 0.
1497509163 1 4957.24804688 0. 4.93655364591e-22 0.
1497509223 1 4948.76708984 0. 4.93328607326e-22 0.
1497509283 1 4942.94726562 0. 4.93259333841e-22 0.
1497509343 1 4934.55371094 0. 4.92965650137e-22 0.
1497509404 1 4930.91064453 0. 4.93131090506e-22 0.
1497509464 1 4924.88427734 0. 4.93054967638e-22 0.
1497509524 1 4917.28271484 0. 4.92821761965e-22 0.
1497509584 1 4907.57666016 0. 4.92369566563e-22 0.
1497509644 1 4902.13525391 0. 4.9233413987e-22 0.
1497509704 1 4896.31494141 0. 4.92285521656e-22 0.
1497509764 1 4890.49414062 0. 4.92228669033e-22 0.
1497509824 1 4882.58349609 0. 4.91928299358e-22 0.
1497509884 1 4874.35644531 0. 4.91629550881e-22 0.
1497509928 1 4869.14990234 0. 4.91490887104e-22 0.
1497509972 1 4864.12792969 0. 4.9136404219e-22 0.
1497510021 1 4859.58789062 0. 4.91311711414e-22 0.
1497510070 1 4852.47949219 0. 4.91019407417e-22 0.
1497510108 1 4849.13134766 0. 4.90982371074e-22 0.
1497510145 1 4844.24609375 0. 4.90793824014e-22 0.
1497510205 1 4835.90869141 0. 4.904788458e-22 0.
1497510265 1 4829.01611328 0. 4.90294677655e-22 0.
1497510325 1 4823.05273438 0. 4.90211132299e-22 0.
1497510385 1 4817.49511719 0. 4.90131404196e-22 0.
1497510446 1 4808.85888672 0. 4.89791273132e-22 0.
1497510506 1 4802.67773438 0. 4.89662192926e-22 0.
1497510566 1 4795.27929688 0. 4.89421108243e-22 0.
1497510626 1 4787.97265625 0. 4.89188889441e-22 0.
1497510686 1 4783.40576172 0. 4.89232428304e-22 0.
1497510746 1 4778.22753906 0. 4.8921096233e-22 0.
1497510806 1 4773.19921875 0. 4.89199750466e-22 0.
1497510866 1 4766.38671875 0. 4.88997535199e-22 0.
1497510926 1 4757.57763672 0. 4.88580673752e-22 0.
1497510987 1 4749.91552734 0. 4.88309456181e-22 0.
1497511047 1 4741.89257812 0. 4.87992830781e-22 0.
1497511107 1 4735.02880859 0. 4.87796380925e-22 0.
1497511167 1 4730.55078125 0. 4.87829553344e-22 0.
1497511227 1 4723.07861328 0. 4.87561329799e-22 0.
1497511287 1 4718.3984375 0. 4.87570707789e-22 0.
1497511347 1 4711.37255859 0. 4.87378992817e-22 0.
1497511407 1 4706.07177734 0. 4.87335624738e-22 0.
1497511467 1 4700.24902344 0. 4.87244882559e-22 0.
1497511528 1 4694.51904297 0. 4.87153927708e-22 0.
1497511588 1 4688.99560547 0. 4.87057672008e-22 0.
1497511648 1 4682.04882812 0. 4.8683397319e-22 0.
1497511708 1 4674.76171875 0. 4.8656611408e-22 0.
1497511768 1 4667.22412109 0. 4.86295930217e-22 0.
1497511828 1 4661.00830078 0. 4.86144358542e-22 0.
1497511888 1 4652.45703125 0. 4.85757717755e-22 0.
1497511948 1 4646.79589844 0. 4.85661261312e-22 0.
1497512008 1 4643.64550781 0. 4.85803877001e-22 0.
1497512069 1 4505.27099609 0. 4.71826853645e-22 0.
1497512129 1 4443.58154297 0. 4.65855153497e-22 0.
1497512189 1 4654.28369141 0. 4.88432187398e-22 0.
1497512249 1 4649.09082031 0. 4.88380655515e-22 0.
1497512309 1 4642.52392578 0. 4.88184954613e-22 0.
1497512369 1 4637.27294922 0. 4.88173958336e-22 0.
1497512429 1 4631.85107422 0. 4.88099111883e-22 0.
1497512489 1 4626.70703125 0. 4.88042251848e-22 0.
1497512549 1 4620.22949219 0. 4.87854214492e-22 0.
1497512610 1 4614.65185547 0. 4.87764418092e-22 0.
1497512670 1 4606.09082031 0. 4.87359827165e-22 0.
1497512730 1 4600.38085938 0. 4.87253714923e-22 0.
1497512790 1 4596.18505859 0. 4.872950148e-22 0.
1497512850 1 4591.67431641 0. 4.87317638261e-22 0.
1497512910 1 4586.39453125 0. 4.87261939688e-22 0.
1497512970 1 4578.23974609 0. 4.8690403873e-22 0.
1497513030 1 4572.53710938 0. 4.86802768857e-22 0.
1497513091 1 4567.77148438 0. 4.86815272125e-22 0.
1497513151 1 4561.82226562 0. 4.86660937903e-22 0.
1497513211 1 4555.890625 0. 4.86506103594e-22 0.
1497513271 1 4549.90771484 0. 4.86381618462e-22 0.
1497513331 1 4544.31103516 0. 4.86265174322e-22 0.
1497513391 1 4538.84326172 0. 4.8616875543e-22 0.
1497513451 1 4533.40283203 0. 4.86098178621e-22 0.
1497513511 1 4528.5 0. 4.86036515111e-22 0.
1497513571 1 4522.23974609 0. 4.85858349231e-22 0.
1497513632 1 4517.14501953 0. 4.85817992777e-22 0.
1497513669 1 4514.88085938 0. 4.8585940297e-22 0.
1497513707 1 4512.30615234 0. 4.8591131913e-22 0.
1497513768 1 4504.24072266 0. 4.85542135668e-22 0.
1497513828 1 4496.61474609 0. 4.85214761496e-22 0.
1497513888 1 4491.50195312 0. 4.85166045557e-22 0.
1497513948 1 4487.32226562 0. 4.85195386298e-22 0.
1497514008 1 4483.16455078 0. 4.85247255787e-22 0.
1497514068 1 4475.54052734 0. 4.84896901411e-22 0.
1497514128 1 4470.37548828 0. 4.84814651753e-22 0.
1497514188 1 4465.47070312 0. 4.84770503851e-22 0.
1497514249 1 4460.01855469 0. 4.84663345154e-22 0.
1497514309 1 4455.63183594 0. 4.84663455461e-22 0.
1497514369 1 4450.171875 0. 4.84563473716e-22 0.
1497514429 1 4444.16796875 0. 4.84376979628e-22 0.
1497514489 1 4439.16357422 0. 4.84312464763e-22 0.
1497514549 1 4433.40332031 0. 4.84195587004e-22 0.
1497514609 1 4426.31298828 0. 4.83887925555e-22 0.
1497514669 1 4422.81054688 0. 4.84017497865e-22 0.
1497514729 1 4418.07275391 0. 4.83967180953e-22 0.
1497514790 1 4410.25976562 0. 4.83603053685e-22 0.
1497514850 1 4405.20410156 0. 4.83515133313e-22 0.
1497514910 1 4399.44384766 0. 4.83355396903e-22 0.
1497514970 1 4396.27587891 0. 4.83507785167e-22 0.
1497515030 1 4392.17724609 0. 4.83540243499e-22 0.
1497515090 1 4385.72802734 0. 4.83310800289e-22 0.
1497515150 1 4378.6796875 0. 4.82980591221e-22 0.
1497515211 1 4373.75585938 0. 4.82906898944e-22 0.
1497515271 1 4367.53662109 0. 4.82715098299e-22 0.
1497515312 1 4366.42871094 0. 4.82894740092e-22 0.
1497515353 1 4361.12988281 0. 4.82632540917e-22 0.
1497515389 1 4356.94238281 0. 4.82443137756e-22 0.
1497515424 1 4355.83203125 0. 4.82598213285e-22 0.
1497515484 1 4351.17041016 0. 4.82546873655e-22 0.
1497515544 1 4344.25390625 0. 4.82251220064e-22 0.
1497515604 1 4336.93066406 0. 4.81916870087e-22 0.
1497515664 1 4333.41259766 0. 4.82009089239e-22 0.
1497515724 1 4326.95019531 0. 4.81768627831e-22 0.
1497515784 1 4323.00878906 0. 4.81816206082e-22 0.
1497515845 1 4317.79882812 0. 4.81699261324e-22 0.
1497515905 1 4311.78222656 0. 4.81511282925e-22 0.
1497515965 1 4308.87695312 0. 4.81655023046e-22 0.
1497516025 1 4304.61035156 0. 4.81646524779e-22 0.
1497516085 1 4299.28515625 0. 4.81524926388e-22 0.
1497516145 1 4294.48876953 0. 4.81482499866e-22 0.
1497516205 1 4288.26904297 0. 4.81247734063e-22 0.
1497516265 1 4282.3203125 0. 4.81060469757e-22 0.
1497516325 1 4277.05664062 0. 4.80910815142e-22 0.
1497516386 1 4273.11767578 0. 4.80939100131e-22 0.
1497516446 1 4266.69824219 0. 4.80681107109e-22 0.
1497516506 1 4261.77294922 0. 4.80579865335e-22 0.
1497516566 1 4256.62207031 0. 4.80493946337e-22 0.
1497516626 1 4252.01074219 0. 4.80432422276e-22 0.
1497516686 1 4248.84570312 0. 4.80545034851e-22 0.
1497516746 1 4243.33837891 0. 4.8039531988e-22 0.
1497516806 1 4237.41699219 0. 4.80186814301e-22 0.
1497516866 1 4230.33789062 0. 4.79841380277e-22 0.
1497516927 1 4226.58544922 0. 4.79862093534e-22 0.
1497516987 1 4222.09033203 0. 4.79820965144e-22 0.
1497517047 1 4216.53662109 0. 4.79635164242e-22 0.
1497517107 1 4211.11035156 0. 4.79532721989e-22 0.
1497517167 1 4204.43212891 0. 4.79223251419e-22 0.
1497517227 1 4199.11425781 0. 4.79091361694e-22 0.
1497517287 1 4194.14501953 0. 4.78964674033e-22 0.
1497517347 1 4190.02587891 0. 4.78961201208e-22 0.
1497517407 1 4187.38818359 0. 4.79100613735e-22 0.
1497517468 1 4184.22460938 0. 4.79198725957e-22 0.
1497517528 1 4178.64550781 0. 4.79022994184e-22 0.
1497517588 1 4173.95751953 0. 4.78948454394e-22 0.
1497517648 1 4169.19384766 0. 4.78871619335e-22 0.
1497517708 1 4164.30273438 0. 4.78768872163e-22 0.
1497517768 1 4159.10742188 0. 4.78653271978e-22 0.
1497517828 1 4154.06152344 0. 4.78517334433e-22 0.
1497517888 1 4150.42041016 0. 4.78559554248e-22 0.
1497517949 1 4146.40136719 0. 4.78561095759e-22 0.
1497518009 1 4142.55029297 0. 4.78570706125e-22 0.
1497518069 1 4135.734375 0. 4.78250942141e-22 0.
1497518129 1 4129.09326172 0. 4.77945421633e-22 0.
1497518189 1 4126.13427734 0. 4.78070026387e-22 0.
1497518249 1 4121.66894531 0. 4.78007420381e-22 0.
1497518309 1 4115.58886719 0. 4.77760070212e-22 0.
1497518369 1 4111.53466797 0. 4.777559216e-22 0.
1497518429 1 4106.49951172 0. 4.77623843598e-22 0.
1497518489 1 4101.33349609 0. 4.77483578877e-22 0.
1497518550 1 4097.70263672 0. 4.77499020169e-22 0.
1497518610 1 4093.03466797 0. 4.77424790993e-22 0.
1497518670 1 4088.88085938 0. 4.77410485626e-22 0.
1497518730 1 4083.19262695 0. 4.77185956881e-22 0.
1497518790 1 4077.63525391 0. 4.76990368433e-22 0.
1497518850 1 3971.69970703 0. 4.65040791283e-22 0.
1497518910 1 3907.85668945 0. 4.58027904285e-22 0.
1497518970 1 4070.9128418 0. 4.77569096939e-22 0.
1497519031 1 4071.79833984 0. 4.78126878557e-22 0.
1497519091 1 4067.56860352 0. 4.78084665128e-22 0.
1497519151 1 4064.24902344 0. 4.78161524489e-22 0.
1497519211 1 4060.125 0. 4.78153042082e-22 0.
1497519271 1 4055.09350586 0. 4.78002787861e-22 0.
1497519331 1 4050.89453125 0. 4.77950978593e-22 0.
1497519391 1 4046.53930664 0. 4.77887476151e-22 0.
1497519451 1 4042.06591797 0. 4.77826200378e-22 0.
1497519511 1 4037.77099609 0. 4.77764987507e-22 0.
1497519572 1 4033.43359375 0. 4.77702162451e-22 0.
1497519632 1 4028.07299805 0. 4.77536097653e-22 0.
1497519692 1 4023.04931641 0. 4.7740726314e-22 0.
1497519752 1 4018.3034668 0. 4.77288839169e-22 0.
1497519812 1 4015.23583984 0. 4.7736553528e-22 0.
1497519873 1 4010.18408203 0. 4.77234862908e-22 0.
1497519933 1 4005.57495117 0. 4.77132505622e-22 0.
1497519993 1 4000.97802734 0. 4.77029479769e-22 0.
1497520053 1 3996.75610352 0. 4.76992258654e-22 0.
1497520113 1 3992.90527344 0. 4.76993455142e-22 0.
1497520173 1 3989.42431641 0. 4.77030499182e-22 0.
1497520233 1 3984.31616211 0. 4.76865789873e-22 0.
1497520293 1 3979.3671875 0. 4.76733843192e-22 0.
1497520354 1 3975.33056641 0. 4.76693495407e-22 0.
1497520414 1 3970.40356445 0. 4.76569614735e-22 0.
1497520474 1 3966.97241211 0. 4.76592636259e-22 0.
1497520534 1 3962.32641602 0. 4.76467964229e-22 0.
1497520594 1 3957.06152344 0. 4.76262418882e-22 0.
1497520654 1 3953.98046875 0. 4.7637065228e-22 0.
1497520714 1 3947.71142578 0. 4.76049842689e-22 0.
1497520775 1 3944.08251953 0. 4.76083695793e-22 0.
1497520835 1 3939.97216797 0. 4.76045446022e-22 0.
1497520895 1 3935.06469727 0. 4.75886276652e-22 0.
1497520955 1 3932.56542969 0. 4.76017035111e-22 0.
1497521015 1 3926.22607422 0. 4.7574155477e-22 0.
1497521075 1 3921.21166992 0. 4.75566179439e-22 0.
1497521135 1 3917.30175781 0. 4.75561139874e-22 0.
1497521195 1 3914.27172852 0. 4.7563320365e-22 0.
1497521256 1 3910.76000977 0. 4.75644636413e-22 0.
1497521316 1 3906.80078125 0. 4.75634572952e-22 0.
1497521376 1 3901.56787109 0. 4.75491546108e-22 0.
1497521436 1 3898.48046875 0. 4.75589796155e-22 0.
1497521496 1 3894.38647461 0. 4.75557703644e-22 0.
1497521556 1 3888.07568359 0. 4.75262424159e-22 0.
1497521616 1 3885.10644531 0. 4.75370873444e-22 0.
1497521676 1 3880.53930664 0. 4.75259371778e-22 0.
1497521736 1 3875.51489258 0. 4.75089011756e-22 0.
1497521797 1 3871.17724609 0. 4.74992900234e-22 0.
1497521857 1 3867.22680664 0. 4.7494761978e-22 0.
1497521917 1 3863.58422852 0. 4.74918716873e-22 0.
1497521977 1 3860.2355957 0. 4.74944907973e-22 0.
1497522037 1 3856.47827148 0. 4.74912331969e-22 0.
1497522097 1 3850.82910156 0. 4.746673767e-22 0.
1497522157 1 3847.88989258 0. 4.7470451572e-22 0.
1497522217 1 3844.34985352 0. 4.74696493656e-22 0.
1497522277 1 3839.30395508 0. 4.74566516055e-22 0.
1497522338 1 3835.14306641 0. 4.74504947884e-22 0.
1497522398 1 3831.9699707 0. 4.74562811468e-22 0.
1497522458 1 3828.58569336 0. 4.74579194361e-22 0.
1497522518 1 3825.59960938 0. 4.74646254335e-22 0.
1497522578 1 3820.29711914 0. 4.74427596288e-22 0.
1497522638 1 3814.40429688 0. 4.74121676613e-22 0.
1497522698 1 3811.36816406 0. 4.74166658701e-22 0.
1497522758 1 3807.66162109 0. 4.74139794693e-22 0.
1497522818 1 3803.484375 0. 4.74031525853e-22 0.
1497522879 1 3799.72265625 0. 4.7399065436e-22 0.
1497522939 1 3795.43457031 0. 4.73897706461e-22 0.
1497522999 1 3791.85546875 0. 4.73867648783e-22 0.
1497523059 1 3791.6862793 0. 4.74269265992e-22 0.
1497523119 1 3789.83886719 0. 4.74456301038e-22 0.
1497523179 1 3786.96533203 0. 4.74513770678e-22 0.
1497523239 1 3784.6730957 0. 4.74662124393e-22 0.
1497523299 1 3780.91186523 0. 4.74611616657e-22 0.
1497523360 1 3776.89111328 0. 4.74526425874e-22 0.
1497523420 1 3773.10083008 0. 4.74483320532e-22 0.
1497523480 1 3770.11181641 0. 4.74533448692e-22 0.
1497523540 1 3765.65649414 0. 4.74392569522e-22 0.
1497523600 1 3761.32861328 0. 4.74262146116e-22 0.
1497523660 1 3757.21166992 0. 4.74161350342e-22 0.
1497523720 1 3752.86889648 0. 4.74044084271e-22 0.
1497523780 1 3750.13452148 0. 4.74107433217e-22 0.
1497523840 1 3746.55200195 0. 4.74087814507e-22 0.
1497523901 1 3743.23413086 0. 4.74096516697e-22 0.
1497523961 1 3737.53735352 0. 4.73796267441e-22 0.
1497524021 1 3735.32763672 0. 4.73940128452e-22 0.
1497524081 1 3730.55102539 0. 4.73757424982e-22 0.
1497524141 1 3727.01416016 0. 4.73718791554e-22 0.
1497524201 1 3723.60888672 0. 4.7368980279e-22 0.
1497524261 1 3720.15332031 0. 4.7369142246e-22 0.
1497524321 1 3716.09985352 0. 4.73554198256e-22 0.
1497524381 1 3719.22729492 0. 4.74321959688e-22 0.
1497524442 1 3717.703125 0. 4.74482793079e-22 0.
1497524502 1 3719.63256836 0. 4.75048293089e-22 0.
1497524562 1 3713.19360352 0. 4.74576026432e-22 0.
1497524620 1 3707.80078125 0. 4.7422745954e-22 0.
1497524679 1 3701.03710938 0. 4.73760421086e-22 0.
1497524739 1 3697.29589844 0. 4.73686849644e-22 0.
1497524800 1 3693.84960938 0. 4.73658909455e-22 0.
1497524860 1 3690.33349609 0. 4.73614034161e-22 0.
1497524909 1 3687.45141602 0. 4.73581670906e-22 0.
