1497567205 1 7617.57128906 0. 5.1103682404e-22 0.
1497567265 1 7593.51953125 0. 5.10231815289e-22 0.
1497567317 1 7574.63818359 0. 5.09669613584e-22 0.
1497567347 1 7584.04443359 0. 5.10744338493e-22 0.
1497567372 1 7586.60888672 0. 5.1117765692e-22 0.
1497567404 1 7535.32617188 0. 5.08141906025e-22 0.
1497567449 1 7537.91650391 0. 5.08990831307e-22 0.
1497567509 1 7537.74267578 0. 5.09719856979e-22 0.
1497567570 1 7510.28808594 0. 5.08713310471e-22 0.
1497567630 1 7467.56933594 0. 5.06730539476e-22 0.
1497567690 1 7449.32519531 0. 5.0644289795e-22 0.
1497567732 1 7436.11767578 0. 5.06215385299e-22 0.
1497567774 1 7422.64013672 0. 5.05971813102e-22 0.
1497567834 1 7396.72460938 0. 5.0515858894e-22 0.
1497567894 1 7373.05810547 0. 5.04524849426e-22 0.
1497567954 1 7352.09521484 0. 5.04073239039e-22 0.
1497568014 1 7333.05615234 0. 5.03748705139e-22 0.
1497568074 1 7311.46435547 0. 5.03245327163e-22 0.
1497568128 1 7303.18408203 0. 5.03535922149e-22 0.
1497568182 1 7284.81396484 0. 5.03099228125e-22 0.
1497568226 1 7270.42333984 0. 5.02744446755e-22 0.
1497568269 1 7258.28173828 0. 5.02524185061e-22 0.
1497568329 1 7242.70556641 0. 5.02337928978e-22 0.
1497568389 1 7222.83398438 0. 5.01779603131e-22 0.
1497568449 1 7208.62353516 0. 5.01637109799e-22 0.
1497568509 1 7192.90380859 0. 5.01343730136e-22 0.
1497568569 1 7172.49951172 0. 5.00735366442e-22 0.
1497568630 1 7158.22900391 0. 5.00525934113e-22 0.
1497568690 1 7143.25634766 0. 5.00250092859e-22 0.
1497568750 1 7121.0234375 0. 4.99435777194e-22 0.
1497568810 1 7102.52392578 0. 4.98902110109e-22 0.
1497568867 1 7086.91259766 0. 4.98552611009e-22 0.
1497568924 1 7070.3671875 0. 4.98090229965e-22 0.
1497568985 1 7055.1796875 0. 4.97798671782e-22 0.
1497569023 1 7042.94970703 0. 4.97415818158e-22 0.
1497569052 1 7035.36279297 0. 4.97253381778e-22 0.
1497569102 1 7025.26025391 0. 4.97163315476e-22 0.
1497569162 1 7008.60009766 0. 4.96704840023e-22 0.
1497569222 1 6991.93554688 0. 4.96265998458e-22 0.
1497569282 1 6968.61767578 0. 4.9533630464e-22 0.
1497569342 1 6956.00683594 0. 4.9514978798e-22 0.
1497569402 1 6937.61523438 0. 4.9454931367e-22 0.
1497569441 1 6926.66552734 0. 4.94202557941e-22 0.
1497569480 1 6913.82226562 0. 4.93743894831e-22 0.
1497569540 1 6900.22949219 0. 4.93496988491e-22 0.
1497569600 1 6890.67773438 0. 4.93496492992e-22 0.
1497569660 1 6877.33154297 0. 4.9323347573e-22 0.
1497569702 1 6870.06835938 0. 4.93167909382e-22 0.
1497569744 1 6853.14697266 0. 4.92418331719e-22 0.
1497569804 1 6841.20263672 0. 4.92228831927e-22 0.
1497569865 1 6828.72265625 0. 4.92003501871e-22 0.
1497569925 1 6815.07226562 0. 4.91682088731e-22 0.
1497569985 1 6626.70214844 0. 4.78724884855e-22 0.
1497570045 1 6620.24658203 0. 4.79044744454e-22 0.
1497570105 1 7055.30078125 0. 5.11124930829e-22 0.
1497570165 1 7043.74755859 0. 5.11008308526e-22 0.
1497570225 1 7032.74609375 0. 5.10901264987e-22 0.
1497570285 1 7020.59667969 0. 5.10699538481e-22 0.
1497570335 1 7012.50976562 0. 5.10656297962e-22 0.
1497570385 1 7001.99804688 0. 5.10452097785e-22 0.
1497570445 1 6991.33544922 0. 5.10359535965e-22 0.
1497570505 1 6977.62841797 0. 5.10038318857e-22 0.
1497570565 1 6964.98193359 0. 5.09760582242e-22 0.
1497570625 1 6952.77539062 0. 5.09522894441e-22 0.
1497570686 1 6944.80175781 0. 5.09622995986e-22 0.
1497570727 1 6936.39941406 0. 5.09469079665e-22 0.
1497570759 1 6930.75732422 0. 5.09393641979e-22 0.
1497570809 1 6921.28173828 0. 5.09235899946e-22 0.
1497570870 1 6910.77099609 0. 5.09134266137e-22 0.
1497570930 1 6899.29980469 0. 5.08938453324e-22 0.
1497570974 1 6891.60546875 0. 5.08840872093e-22 0.
1497571009 1 6883.49951172 0. 5.08607002805e-22 0.
1497571060 1 6876.01025391 0. 5.08608386664e-22 0.
1497571120 1 6865.51269531 0. 5.08478869786e-22 0.
1497571180 1 6856.29785156 0. 5.08430895714e-22 0.
1497571240 1 6844.41748047 0. 5.08196747895e-22 0.
1497571300 1 6833.75488281 0. 5.0801025326e-22 0.
1497571360 1 6824.04199219 0. 5.07888585539e-22 0.
1497571420 1 6813.88037109 0. 5.07733450048e-22 0.
1497571481 1 6802.60888672 0. 5.07503977602e-22 0.
1497571541 1 6793.06005859 0. 5.07399173117e-22 0.
1497571601 1 6783.30029297 0. 5.07266974156e-22 0.
1497571661 1 6773.53662109 0. 5.07134832784e-22 0.
1497571721 1 6763.55957031 0. 5.06977257093e-22 0.
1497571774 1 6757.99511719 0. 5.07048420708e-22 0.
1497571827 1 6750.89355469 0. 5.07045110672e-22 0.
1497571887 1 6740.49511719 0. 5.06837824334e-22 0.
1497571947 1 6730.77734375 0. 5.06692611983e-22 0.
1497572007 1 6721.26806641 0. 5.06577362767e-22 0.
1497572067 1 6711.46484375 0. 5.06407129507e-22 0.
1497572117 1 6700.9296875 0. 5.06119269274e-22 0.
1497572167 1 6692.97509766 0. 5.05997776736e-22 0.
1497572227 1 6684.44482422 0. 5.05957824633e-22 0.
1497572287 1 6675.20214844 0. 5.0583090623e-22 0.
1497572347 1 6667.95117188 0. 5.05865294808e-22 0.
1497572408 1 6658.87744141 0. 5.0575355565e-22 0.
1497572468 1 6639.29443359 0. 5.04854561582e-22 0.
1497572528 1 6629.85058594 0. 5.0471785206e-22 0.
1497572588 1 6621.04150391 0. 5.04638577076e-22 0.
1497572648 1 6614.09912109 0. 5.04690891166e-22 0.
1497572708 1 6602.94238281 0. 5.04395209646e-22 0.
1497572768 1 6592.91015625 0. 5.04196213972e-22 0.
1497572804 1 6587.42480469 0. 5.04116861639e-22 0.
1497572839 1 6579.93945312 0. 5.03927469221e-22 0.
1497572899 1 6567.91210938 0. 5.03586033159e-22 0.
1497572959 1 6559.31982422 0. 5.03469785812e-22 0.
1497573020 1 6548.47460938 0. 5.03218294481e-22 0.
1497573080 1 6541.09375 0. 5.03221890166e-22 0.
1497573117 1 6536.49121094 0. 5.0319023271e-22 0.
1497573143 1 6534.53466797 0. 5.03308723425e-22 0.
1497573192 1 6526.30175781 0. 5.03116735377e-22 0.
1497573252 1 6518.54101562 0. 5.03095871516e-22 0.
1497573312 1 6510.00439453 0. 5.03027153229e-22 0.
1497573372 1 6501.21191406 0. 5.02891697919e-22 0.
1497573407 1 6495.48583984 0. 5.02750861775e-22 0.
1497573428 1 6492.39892578 0. 5.02742023998e-22 0.
1497573473 1 6486.03759766 0. 5.02672204346e-22 0.
1497573517 1 6480.04296875 0. 5.02592009099e-22 0.
1497573537 1 6475.81933594 0. 5.02412477101e-22 0.
1497573561 1 6471.59277344 0. 5.02343547192e-22 0.
1497573609 1 6463.79833984 0. 5.02193739269e-22 0.
1497573670 1 6453.78271484 0. 5.01958734325e-22 0.
1497573730 1 6442.77880859 0. 5.01647926864e-22 0.
1497573771 1 6437.61621094 0. 5.0162231503e-22 0.
1497573800 1 6435.27734375 0. 5.01709915086e-22 0.
1497573849 1 6426.80615234 0. 5.01476758018e-22 0.
1497573909 1 6417.97900391 0. 5.01330167282e-22 0.
1497573970 1 6410.33203125 0. 5.01278064681e-22 0.
1497574030 1 6400.453125 0. 5.01062405513e-22 0.
1497574090 1 6392.18212891 0. 5.00976536539e-22 0.
1497574150 1 6382.87011719 0. 5.00789721747e-22 0.
1497574210 1 6374.07324219 0. 5.00643684499e-22 0.
1497574270 1 6365.03613281 0. 5.00471336755e-22 0.
1497574330 1 6355.74169922 0. 5.0028848519e-22 0.
1497574390 1 6347.00683594 0. 5.00132786306e-22 0.
1497574450 1 6335.68701172 0. 4.9979827498e-22 0.
1497574511 1 6332.05810547 0. 5.00046879894e-22 0.
1497574571 1 6321.38134766 0. 4.99733459236e-22 0.
1497574631 1 6310.5078125 0. 4.99415602091e-22 0.
1497574686 1 6308.00830078 0. 4.99719123244e-22 0.
1497574742 1 6294.74755859 0. 4.99144496823e-22 0.
1497574802 1 6285.42626953 0. 4.98956592182e-22 0.
1497574862 1 6275.30761719 0. 4.98701425484e-22 0.
1497574922 1 6270.54296875 0. 4.98848292946e-22 0.
1497574982 1 6260.06738281 0. 4.9851870016e-22 0.
1497575042 1 6252.55761719 0. 4.98467196411e-22 0.
1497575102 1 6246.46044922 0. 4.98518098829e-22 0.
1497575163 1 6235.01806641 0. 4.98132865438e-22 0.
1497575223 1 6222.45703125 0. 4.97675767389e-22 0.
1497575283 1 6218.37792969 0. 4.9787576256e-22 0.
1497575343 1 6211.43603516 0. 4.97850147455e-22 0.
1497575403 1 6206.52099609 0. 4.97986971982e-22 0.
1497575463 1 6195.29833984 0. 4.97606612556e-22 0.
1497575523 1 6186.03320312 0. 4.97402578186e-22 0.
1497575583 1 6180.37890625 0. 4.9751975168e-22 0.
1497575639 1 6168.54296875 0. 4.97042231189e-22 0.
1497575695 1 6164.37597656 0. 4.9719039211e-22 0.
1497575732 1 6163.19921875 0. 4.97424914053e-22 0.
1497575770 1 6152.09912109 0. 4.96871695061e-22 0.
1497575830 1 6144.22167969 0. 4.96753940033e-22 0.
1497575890 1 6135.48242188 0. 4.96571114507e-22 0.
1497575950 1 6129.01708984 0. 4.96564036604e-22 0.
1497576010 1 6118.54150391 0. 4.96233854441e-22 0.
1497576070 1 6115.64160156 0. 4.96519589924e-22 0.
1497576130 1 6107.51464844 0. 4.96398698695e-22 0.
1497576190 1 6099.64746094 0. 4.96291713524e-22 0.
1497576233 1 6097.19970703 0. 4.96468994933e-22 0.
1497576264 1 6090.16699219 0. 4.96145292641e-22 0.
1497576312 1 6089.39208984 0. 4.96479264951e-22 0.
1497576372 1 6079.06005859 0. 4.9617210644e-22 0.
1497576432 1 6072.94433594 0. 4.9620017283e-22 0.
1497576492 1 6065.37548828 0. 4.96123667852e-22 0.
1497576553 1 6055.61669922 0. 4.95839539701e-22 0.
1497576613 1 6054.98828125 0. 4.96319056285e-22 0.
1497576673 1 6047.89355469 0. 4.96273684073e-22 0.
1497576733 1 6039.53759766 0. 4.96103941419e-22 0.
1497576793 1 6031.05810547 0. 4.959182173e-22 0.
1497576853 1 6018.90576172 0. 4.95443058933e-22 0.
1497576913 1 6013.83007812 0. 4.9552581701e-22 0.
1497576965 1 6007.79785156 0. 4.95494357194e-22 0.
1497577017 1 6001.64306641 0. 4.9543813983e-22 0.
1497577077 1 5997.71875 0. 4.95595485449e-22 0.
1497577137 1 5989.08935547 0. 4.95382588095e-22 0.
1497577197 1 5980.36083984 0. 4.95190022323e-22 0.
1497577257 1 5972.03515625 0. 4.94998257509e-22 0.
1497577318 1 5963.54443359 0. 4.94800913051e-22 0.
1497577378 1 5957.28710938 0. 4.94780947719e-22 0.
1497577438 1 5950.57080078 0. 4.94713602357e-22 0.
1497577498 1 5942.91845703 0. 4.94589097651e-22 0.
1497577558 1 5935.5 0. 4.94482425976e-22 0.
1497577618 1 5928.63427734 0. 4.94403412237e-22 0.
1497577678 1 5921.75097656 0. 4.94343094398e-22 0.
1497577738 1 5912.60742188 0. 4.94087624523e-22 0.
1497577799 1 5905.61328125 0. 4.94022567524e-22 0.
1497577859 1 5899.18115234 0. 4.93988591299e-22 0.
1497577919 1 5888.77441406 0. 4.93628571121e-22 0.
1497577979 1 5884.421875 0. 4.93770411093e-22 0.
1497578039 1 5877.0234375 0. 4.93675609463e-22 0.
1497578099 1 5869.95507812 0. 4.93602185145e-22 0.
1497578159 1 5861.33056641 0. 4.93371633052e-22 0.
1497578219 1 5855.25976562 0. 4.93365833362e-22 0.
1497578279 1 5847.32177734 0. 4.93201773682e-22 0.
1497578340 1 5840.80322266 0. 4.93169588997e-22 0.
1497578400 1 5834.42236328 0. 4.93144731003e-22 0.
1497578460 1 5827.01416016 0. 4.93033618522e-22 0.
1497578520 1 5820.39501953 0. 4.92959099556e-22 0.
1497578580 1 5811.72607422 0. 4.92722848525e-22 0.
1497578640 1 5804.72998047 0. 4.92635387942e-22 0.
1497578700 1 5795.62304688 0. 4.92393076779e-22 0.
1497578760 1 5789.52539062 0. 4.92363500574e-22 0.
1497578796 1 5785.58105469 0. 4.92310489888e-22 0.
1497578806 1 5783.68261719 0. 4.92216298814e-22 0.
1497578841 1 5779.12060547 0. 4.92148220302e-22 0.
1497578901 1 5771.20947266 0. 4.91962934257e-22 0.
1497578961 1 5765.48486328 0. 4.91993561702e-22 0.
1497579021 1 5759.390625 0. 4.91976134695e-22 0.
1497579081 1 5745.61279297 0. 4.91311460934e-22 0.
1497579142 1 5737.43164062 0. 4.91088973431e-22 0.
1497579202 1 5729.56494141 0. 4.90905633962e-22 0.
1497579262 1 5698.33398438 0. 4.88731445609e-22 0.
1497579322 1 5521.14599609 0. 4.740354823e-22 0.
1497579382 1 5539.33105469 0. 4.76040233766e-22 0.
1497579442 1 5711.28466797 0. 4.91308791238e-22 0.
1497579502 1 5701.64355469 0. 4.90967964685e-22 0.
1497579562 1 5696.20605469 0. 4.9099809605e-22 0.
1497579622 1 5689.60400391 0. 4.90931415325e-22 0.
1497579683 1 5679.52246094 0. 4.90564364603e-22 0.
1497579743 1 5674.13085938 0. 4.90591500653e-22 0.
1497579803 1 5667.67480469 0. 4.9052573851e-22 0.
1497579863 1 5660.96582031 0. 4.90432292481e-22 0.
1497579923 1 5652.44726562 0. 4.901730773e-22 0.
1497579983 1 5644.70458984 0. 4.89988802086e-22 0.
1497580019 1 5643.13525391 0. 4.90140031339e-22 0.
1497580055 1 5640.21679688 0. 4.90183659031e-22 0.
1497580116 1 5632.02294922 0. 4.89963796896e-22 0.
1497580176 1 5625.21337891 0. 4.89838243077e-22 0.
1497580236 1 5618.84228516 0. 4.89791496161e-22 0.
1497580296 1 5613.36132812 0. 4.89808695745e-22 0.
1497580356 1 5605.96337891 0. 4.89633000516e-22 0.
1497580416 1 5599.20849609 0. 4.89541596811e-22 0.
1497580476 1 5592.3203125 0. 4.89438001864e-22 0.
1497580536 1 5584.89257812 0. 4.89274503506e-22 0.
1497580597 1 5577.2890625 0. 4.89110272158e-22 0.
1497580657 1 5572.02246094 0. 4.89140392454e-22 0.
1497580717 1 5564.08203125 0. 4.88937817751e-22 0.
1497580777 1 5555.7265625 0. 4.8868565477e-22 0.
1497580837 1 5549.17333984 0. 4.88607206134e-22 0.
1497580897 1 5543.42529297 0. 4.88571601617e-22 0.
1497580957 1 5535.31884766 0. 4.88343888711e-22 0.
1497581017 1 5528.65332031 0. 4.88247235221e-22 0.
1497581077 1 5522.5390625 0. 4.88189343694e-22 0.
1497581132 1 5517.36865234 0. 4.88155268665e-22 0.
1497581187 1 5510.79199219 0. 4.88025749009e-22 0.
1497581247 1 5504.78759766 0. 4.87992251567e-22 0.
1497581307 1 5498.35839844 0. 4.87921286125e-22 0.
1497581367 1 5489.82421875 0. 4.87648790293e-22 0.
1497581428 1 5484.30712891 0. 4.87660131696e-22 0.
1497581488 1 5475.84570312 0. 4.87384329169e-22 0.
1497581548 1 5470.63818359 0. 4.87395204745e-22 0.
1497581608 1 5463.92089844 0. 4.87281503134e-22 0.
1497581668 1 5458.45214844 0. 4.87264883319e-22 0.
1497581728 1 5451.55859375 0. 4.87133802459e-22 0.
1497581788 1 5442.67675781 0. 4.86814408693e-22 0.
1497581848 1 5436.91503906 0. 4.86788008472e-22 0.
1497581908 1 5428.82128906 0. 4.86550001779e-22 0.
1497581969 1 5421.11962891 0. 4.86330268543e-22 0.
1497582029 1 5413.44580078 0. 4.86116389662e-22 0.
1497582089 1 5410.39404297 0. 4.86322980183e-22 0.
1497582149 1 5403.3203125 0. 4.8615408039e-22 0.
1497582209 1 5391.99658203 0. 4.85620358453e-22 0.
1497582269 1 5390.10839844 0. 4.85946192547e-22 0.
1497582329 1 5379.93066406 0. 4.8549869835e-22 0.
1497582389 1 5372.63378906 0. 4.85295740631e-22 0.
1497582449 1 5364.53027344 0. 4.85038743749e-22 0.
1497582510 1 5354.79345703 0. 4.84617443834e-22 0.
1497582570 1 5353.28320312 0. 4.84972260187e-22 0.
1497582630 1 5345.71289062 0. 4.84763848676e-22 0.
1497582690 1 5338.34521484 0. 4.8457222704e-22 0.
1497582750 1 5330.31787109 0. 4.8429215354e-22 0.
1497582810 1 5323.79833984 0. 4.84183855398e-22 0.
1497582870 1 5320.07861328 0. 4.84314878991e-22 0.
1497582930 1 5314.03515625 0. 4.84249723716e-22 0.
1497582991 1 5308.33251953 0. 4.84213783643e-22 0.
1497583051 1 5302.36230469 0. 4.8414414917e-22 0.
1497583111 1 5293.42431641 0. 4.8379339745e-22 0.
1497583171 1 5288.60009766 0. 4.83850672082e-22 0.
1497583231 1 5283.76513672 0. 4.83858198082e-22 0.
1497583291 1 5279.59082031 0. 4.83939408556e-22 0.
1497583351 1 5270.98632812 0. 4.83625770793e-22 0.
1497583411 1 5257.61865234 0. 4.82858706819e-22 0.
1497583471 1 5257.83837891 0. 4.83351501791e-22 0.
1497583531 1 5251.12695312 0. 4.83203782764e-22 0.
1497583592 1 5246.50732422 0. 4.83240570844e-22 0.
1497583652 1 5241.15039062 0. 4.83228192406e-22 0.
1497583712 1 5235.65527344 0. 4.83171993471e-22 0.
1497583772 1 5227.12011719 0. 4.82857837618e-22 0.
1497583832 1 5224.57958984 0. 4.83087004177e-22 0.
1497583892 1 5214.32373047 0. 4.82603975619e-22 0.
1497583952 1 5211.38037109 0. 4.82811671508e-22 0.
1497584012 1 5201.17138672 0. 4.82323433675e-22 0.
1497584073 1 5197.26269531 0. 4.82423074026e-22 0.
1497584133 1 5191.60693359 0. 4.82392125088e-22 0.
1497584193 1 5184.14160156 0. 4.82148913885e-22 0.
1497584253 1 5181.11132812 0. 4.82335995176e-22 0.
1497584313 1 5173.22021484 0. 4.82063829442e-22 0.
1497584373 1 5165.17871094 0. 4.81780741104e-22 0.
1497584433 1 5159.38183594 0. 4.81706014264e-22 0.
1497584493 1 5155.56494141 0. 4.81806846262e-22 0.
1497584553 1 5148.63916016 0. 4.81614636943e-22 0.
1497584614 1 5142.35302734 0. 4.81460333436e-22 0.
1497584674 1 5137.55859375 0. 4.81495604723e-22 0.
1497584734 1 5130.55029297 0. 4.81290719972e-22 0.
1497584794 1 5125.64111328 0. 4.81259586187e-22 0.
1497584854 1 5116.67578125 0. 4.80887965436e-22 0.
1497584914 1 5111.14160156 0. 4.80827925297e-22 0.
1497584974 1 5105.06884766 0. 4.80702831832e-22 0.
1497585034 1 5098.91992188 0. 4.80590108002e-22 0.
1497585095 1 5092.07080078 0. 4.80386913452e-22 0.
1497585155 1 5086.25390625 0. 4.80274127655e-22 0.
1497585215 1 5081.76367188 0. 4.80319404412e-22 0.
1497585275 1 5075.171875 0. 4.80149019536e-22 0.
1497585335 1 5068.19238281 0. 4.79925469071e-22 0.
1497585395 1 5064.11328125 0. 4.79989048997e-22 0.
1497585455 1 5058.97753906 0. 4.7994140788e-22 0.
1497585515 1 5054.89990234 0. 4.80031970037e-22 0.
1497585575 1 5047.60546875 0. 4.79791623125e-22 0.
1497585636 1 5039.43505859 0. 4.79462985808e-22 0.
1497585696 1 5033.37060547 0. 4.79360854012e-22 0.
1497585756 1 5027.64013672 0. 4.79279400292e-22 0.
1497585816 1 5022.4453125 0. 4.79224548681e-22 0.
1497585862 1 5018.60644531 0. 4.79209158654e-22 0.
1497585908 1 5016.75195312 0. 4.79361796839e-22 0.
1497585968 1 5010.51660156 0. 4.79263388219e-22 0.
1497586028 1 5003.0234375 0. 4.79004697125e-22 0.
1497586088 1 4999.94189453 0. 4.79162571072e-22 0.
1497586148 1 4995.33837891 0. 4.79171078321e-22 0.
1497586208 1 4989.82421875 0. 4.7909086456e-22 0.
1497586268 1 4983.96484375 0. 4.78979984237e-22 0.
1497586329 1 4976.27490234 0. 4.78714325307e-22 0.
1497586389 1 4971.55615234 0. 4.78716625626e-22 0.
1497586449 1 4965.60546875 0. 4.78606627267e-22 0.
1497586509 1 4959.18457031 0. 4.78438504085e-22 0.
1497586569 1 4829.59667969 0. 4.66387384232e-22 0.
1497586629 1 4752.92871094 0. 4.59424461767e-22 0.
1497586689 1 4958.57128906 0. 4.79743641455e-22 0.
1497586749 1 4953.64013672 0. 4.79729513834e-22 0.
1497586809 1 4949.50341797 0. 4.79798018739e-22 0.
1497586870 1 4945.34179688 0. 4.79835943963e-22 0.
1497586930 1 4939.48144531 0. 4.79747738952e-22 0.
1497586990 1 4934.86328125 0. 4.79741621684e-22 0.
1497587050 1 4929.97998047 0. 4.79696791647e-22 0.
1497587110 1 4924.08935547 0. 4.79567365184e-22 0.
1497587170 1 4918.24755859 0. 4.79431279629e-22 0.
1497587230 1 4911.43701172 0. 4.79212545987e-22 0.
1497587290 1 4905.70751953 0. 4.79113245164e-22 0.
1497587350 1 4897.71679688 0. 4.78769911015e-22 0.
1497587411 1 4894.44628906 0. 4.78889090214e-22 0.
1497587471 1 4888.19775391 0. 4.78718060243e-22 0.
1497587531 1 4882.12011719 0. 4.78563857416e-22 0.
1497587591 1 4874.24267578 0. 4.78221238851e-22 0.
1497587651 1 4869.58007812 0. 4.78206268977e-22 0.
1497587711 1 4866.34375 0. 4.7832863475e-22 0.
1497587771 1 4860.56201172 0. 4.78214597166e-22 0.
1497587831 1 4856.04296875 0. 4.7822212368e-22 0.
1497587891 1 4849.54931641 0. 4.78007085533e-22 0.
1497587952 1 4845.79589844 0. 4.78079877506e-22 0.
1497588012 1 4841.41308594 0. 4.78091861067e-22 0.
1497588072 1 4835.58251953 0. 4.77958741431e-22 0.
1497588132 1 4830.20410156 0. 4.77884060416e-22 0.
1497588192 1 4825.88378906 0. 4.77909463534e-22 0.
1497588252 1 4820.09472656 0. 4.77777562901e-22 0.
1497588312 1 4814.56494141 0. 4.77663727667e-22 0.
1497588372 1 4810.44091797 0. 4.77693963745e-22 0.
1497588432 1 4806.49707031 0. 4.77759655292e-22 0.
1497588493 1 4801.57275391 0. 4.77704138955e-22 0.
1497588553 1 4798.81640625 0. 4.7787139104e-22 0.
1497588613 1 4790.68847656 0. 4.77479051434e-22 0.
1497588673 1 4785.19921875 0. 4.77376752034e-22 0.
1497588733 1 4778.94580078 0. 4.77212559402e-22 0.
1497588793 1 4774.40576172 0. 4.77202748657e-22 0.
1497588853 1 4769.71337891 0. 4.77188814063e-22 0.
1497588913 1 4763.64160156 0. 4.77012995664e-22 0.
1497588974 1 4760.20214844 0. 4.77115580934e-22 0.
1497589034 1 4756.41699219 0. 4.77163644584e-22 0.
1497589094 1 4747.8828125 0. 4.76782969114e-22 0.
1497589154 1 4741.50976562 0. 4.76594354034e-22 0.
1497589214 1 4735.08984375 0. 4.76379456414e-22 0.
1497589274 1 4732.54882812 0. 4.76548468235e-22 0.
1497589334 1 4727.23779297 0. 4.76466450685e-22 0.
1497589394 1 4722.97363281 0. 4.7647604324e-22 0.
1497589454 1 4717.70703125 0. 4.76402099653e-22 0.
1497589515 1 4714.26611328 0. 4.76471615044e-22 0.
1497589575 1 4707.73925781 0. 4.76249416228e-22 0.
1497589635 1 4700.20996094 0. 4.75914896929e-22 0.
1497589695 1 4695.90576172 0. 4.75916357533e-22 0.
1497589755 1 4692.49853516 0. 4.75998033699e-22 0.
1497589815 1 4688.86132812 0. 4.76087337657e-22 0.
1497589875 1 4683.60888672 0. 4.75983603348e-22 0.
1497589935 1 4677.63671875 0. 4.75807880343e-22 0.
1497589995 1 4673.27148438 0. 4.75802960465e-22 0.
1497590056 1 4668.0234375 0. 4.75699237306e-22 0.
1497590116 1 4662.57568359 0. 4.75554439943e-22 0.
1497590176 1 4657.64160156 0. 4.75482307814e-22 0.
1497590236 1 4652.89453125 0. 4.75434344738e-22 0.
1497590296 1 4647.47216797 0. 4.75310249946e-22 0.
1497590356 1 4642.41015625 0. 4.75215729714e-22 0.
1497590416 1 4636.47705078 0. 4.75036990277e-22 0.
1497590476 1 4632.05566406 0. 4.75020887026e-22 0.
1497590536 1 4627.40576172 0. 4.74978560481e-22 0.
1497590596 1 4622.359375 0. 4.74893719068e-22 0.
1497590657 1 4617.07958984 0. 4.74763924208e-22 0.
1497590717 1 4610.56933594 0. 4.74534004703e-22 0.
1497590777 1 4606.30615234 0. 4.74531239062e-22 0.
1497590837 1 4601.35888672 0. 4.74443365396e-22 0.
1497590897 1 4596.34570312 0. 4.74343265552e-22 0.
1497590957 1 4591.3046875 0. 4.74227887744e-22 0.
1497591017 1 4586.91845703 0. 4.74199944127e-22 0.
1497591077 1 4580.18408203 0. 4.73906206134e-22 0.
1497591138 1 4576.47021484 0. 4.73943288402e-22 0.
1497591198 1 4572.85595703 0. 4.74003424288e-22 0.
1497591258 1 4567.09082031 0. 4.73800422676e-22 0.
1497591318 1 4562.83056641 0. 4.73803601468e-22 0.
1497591378 1 4557.22900391 0. 4.7364610844e-22 0.
1497591438 1 4549.77392578 0. 4.73316468386e-22 0.
1497591498 1 4544.92724609 0. 4.73245771222e-22 0.
1497591558 1 4541.15820312 0. 4.73265489454e-22 0.
1497591618 1 4537.10253906 0. 4.73264600282e-22 0.
1497591679 1 4529.78515625 0. 4.72925516082e-22 0.
1497591739 1 4524.95800781 0. 4.7283263956e-22 0.
1497591799 1 4516.61279297 0. 4.72384915666e-22 0.
1497591859 1 4511.95361328 0. 4.72352073284e-22 0.
1497591919 1 4506.20947266 0. 4.72179430146e-22 0.
1497591979 1 4500.61425781 0. 4.72009296672e-22 0.
1497592039 1 4498.47167969 0. 4.72199179096e-22 0.
1497592079 1 4495.29052734 0. 4.72127286817e-22 0.
1497592118 1 4490.90722656 0. 4.71961369999e-22 0.
1497592178 1 4485.22412109 0. 4.71794091351e-22 0.
1497592238 1 4481.40869141 0. 4.71837080468e-22 0.
1497592299 1 4475.81591797 0. 4.71677630119e-22 0.
1497592359 1 4471.44384766 0. 4.7163755242e-22 0.
1497592419 1 4465.25878906 0. 4.713909133e-22 0.
1497592479 1 4461.4296875 0. 4.71404438377e-22 0.
1497592539 1 4456.47900391 0. 4.7130231452e-22 0.
1497592599 1 4451.13769531 0. 4.71173360625e-22 0.
1497592659 1 4446.64550781 0. 4.71133081283e-22 0.
1497592719 1 4441.17724609 0. 4.70951617762e-22 0.
1497592779 1 4436.8203125 0. 4.70917308021e-22 0.
1497592840 1 4432.36035156 0. 4.70879997026e-22 0.
1497592900 1 4427.52978516 0. 4.70781957734e-22 0.
1497592960 1 4423.21240234 0. 4.70738502385e-22 0.
1497593020 1 4418.76757812 0. 4.70687500648e-22 0.
1497593080 1 4414.10693359 0. 4.70607253201e-22 0.
1497593140 1 4410.50097656 0. 4.70616458348e-22 0.
1497593200 1 4408.25927734 0. 4.70805016307e-22 0.
1497593260 1 4403.44628906 0. 4.70702635077e-22 0.
1497593320 1 4397.42089844 0. 4.70463515168e-22 0.
1497593381 1 4391.68798828 0. 4.70265513625e-22 0.
1497593441 1 4385.60595703 0. 4.70020224411e-22 0.
1497593501 1 4380.35449219 0. 4.69873080175e-22 0.
1497593561 1 4376.02783203 0. 4.69830775564e-22 0.
1497593621 1 4371.60302734 0. 4.69777601618e-22 0.
1497593681 1 4364.58251953 0. 4.69430227181e-22 0.
1497593741 1 4360.77783203 0. 4.69429532872e-22 0.
1497593801 1 4357.59521484 0. 4.69512756692e-22 0.
1497593862 1 4353.89550781 0. 4.69558552979e-22 0.
1497593922 1 4346.64648438 0. 4.69179930535e-22 0.
1497593982 1 4344.71826172 0. 4.69391933407e-22 0.
1497594042 1 4340.20898438 0. 4.69325397316e-22 0.
1497594102 1 4336.82763672 0. 4.69373841882e-22 0.
1497594162 1 4331.72119141 0. 4.69221358792e-22 0.
1497594222 1 4327.27929688 0. 4.69150211243e-22 0.
1497594282 1 4323.31103516 0. 4.69140291016e-22 0.
1497594342 1 4318.71582031 0. 4.69061158329e-22 0.
1497594402 1 4312.34375 0. 4.6877204376e-22 0.
1497594463 1 4308.40087891 0. 4.68778154962e-22 0.
1497594523 1 4303.36572266 0. 4.68655659649e-22 0.
1497594583 1 4300.53417969 0. 4.68767036583e-22 0.
1497594643 1 4296.34863281 0. 4.68734579703e-22 0.
1497594703 1 4292.66650391 0. 4.68749612794e-22 0.
1497594763 1 4287.49267578 0. 4.6859211751e-22 0.
1497594823 1 4282.28515625 0. 4.68416433934e-22 0.
1497594883 1 4278.60644531 0. 4.68419970238e-22 0.
1497594944 1 4275.82177734 0. 4.6852432448e-22 0.
1497595000 1 4272.24267578 0. 4.68524773689e-22 0.
1497595057 1 4266.93896484 0. 4.68323456065e-22 0.
1497595117 1 4261.93554688 0. 4.68177469146e-22 0.
1497595177 1 4258.47509766 0. 4.68219642556e-22 0.
1497595237 1 4254.41308594 0. 4.68190377983e-22 0.
1497595297 1 4248.81640625 0. 4.67966433035e-22 0.
1497595357 1 4245.56982422 0. 4.68015726769e-22 0.
1497595417 1 4241.16259766 0. 4.67925078307e-22 0.
1497595478 1 4235.48876953 0. 4.6769967139e-22 0.
1497595538 1 4231.07568359 0. 4.67634039296e-22 0.
1497595598 1 4228.22753906 0. 4.67712340419e-22 0.
1497595658 1 4223.76708984 0. 4.67620057094e-22 0.
1497595718 1 4219.32128906 0. 4.67551461967e-22 0.
1497595778 1 4212.38867188 0. 4.67161588232e-22 0.
1497595838 1 4208.82080078 0. 4.6716398029e-22 0.
1497595898 1 4204.61132812 0. 4.67087808454e-22 0.
1497595958 1 4200.10791016 0. 4.6698990832e-22 0.
1497596019 1 4197.14160156 0. 4.67056382073e-22 0.
1497596079 1 4193.73925781 0. 4.67089135193e-22 0.
1497596116 1 4191.60205078 0. 4.67084007909e-22 0.
1497596152 1 4186.69140625 0. 4.66778959817e-22 0.
1497596188 1 4179.86669922 0. 4.66242582494e-22 0.
1497596223 1 4179.21826172 0. 4.66415646496e-22 0.
1497596283 1 4175.52685547 0. 4.66420620639e-22 0.
1497596343 1 4172.82568359 0. 4.66506268878e-22 0.
1497596403 1 4168.54394531 0. 4.6642801456e-22 0.
1497596463 1 4162.64892578 0. 4.66187348685e-22 0.
1497596523 1 4157.81689453 0. 4.66028713959e-22 0.
1497596584 1 4153.09570312 0. 4.65904308075e-22 0.
1497596644 1 4148.92089844 0. 4.65847802705e-22 0.
1497596704 1 4146.30712891 0. 4.65966909844e-22 0.
1497596764 1 4140.72460938 0. 4.65719141344e-22 0.
1497596824 1 4134.28955078 0. 4.65379230491e-22 0.
1497596884 1 4128.26318359 0. 4.65124576087e-22 0.
1497596944 1 4123.32275391 0. 4.64969001183e-22 0.
1497597004 1 4127.14013672 0. 4.65780428401e-22 0.
1497597064 1 4115.59375 0. 4.64820076818e-22 0.
1497597125 1 4122.21630859 0. 4.65897513715e-22 0.
1497597185 1 4113.18847656 0. 4.65179217608e-22 0.
1497597245 1 4116.17773438 0. 4.65883523811e-22 0.
1497597305 1 4105.96630859 0. 4.65118712208e-22 0.
1497597365 1 4099.99804688 0. 4.64823058142e-22 0.
1497597410 1 4095.21386719 0. 4.64583133511e-22 0.
1497597455 1 4090.43798828 0. 4.64383914097e-22 0.
1497597515 1 4086.77783203 0. 4.64369670739e-22 0.
1497597575 1 4083.23046875 0. 4.64361497453e-22 0.
1497597635 1 4078.33618164 0. 4.64193923487e-22 0.
1497597696 1 4074.10766602 0. 4.64090546142e-22 0.
1497597756 1 4148.24658203 0. 4.7293872151e-22 0.
1497597816 1 4166.4765625 0. 4.75429701273e-22 0.
1497597876 1 4159.75830078 0. 4.75088130366e-22 0.
1497597936 1 4167.69580078 0. 4.76433452226e-22 0.
1497597996 1 4155.67138672 0. 4.75495804874e-22 0.
1497598056 1 4073.81665039 0. 4.66539900648e-22 0.
1497598116 1 4004.19970703 0. 4.58982277597e-22 0.
1497598176 1 4120.01025391 0. 4.72671293052e-22 0.
1497598237 1 4188.51708984 0. 4.80883698986e-22 0.
1497598297 1 4188.3515625 0. 4.81258930332e-22 0.
1497598357 1 4188.46630859 0. 4.81599383764e-22 0.
1497598417 1 4182.06396484 0. 4.81223666273e-22 0.
1497598477 1 4171.52001953 0. 4.80376752797e-22 0.
1497598537 1 4166.92919922 0. 4.80283537338e-22 0.
1497598597 1 4162.57470703 0. 4.80185678014e-22 0.
1497598657 1 4157.70507812 0. 4.80077090489e-22 0.
1497598718 1 4153.20849609 0. 4.79971920521e-22 0.
1497598778 1 4150.15039062 0. 4.80030386013e-22 0.
1497598838 1 4146.16308594 0. 4.80017452335e-22 0.
1497598898 1 4142.09179688 0. 4.79946892937e-22 0.
1497598958 1 4137.37695312 0. 4.79844529992e-22 0.
1497599018 1 4133.1015625 0. 4.79787177634e-22 0.
1497599078 1 4129.36279297 0. 4.79781428661e-22 0.
1497599138 1 4124.72412109 0. 4.796818327e-22 0.
1497599198 1 4120.21923828 0. 4.79571279741e-22 0.
1497599259 1 4115.27636719 0. 4.79429588215e-22 0.
1497599319 1 4111.04980469 0. 4.7934038124e-22 0.
1497599379 1 4106.21240234 0. 4.79189271667e-22 0.
1497599439 1 4101.32470703 0. 4.79049548881e-22 0.
1497599499 1 4097.62548828 0. 4.79036931417e-22 0.
1497599559 1 4093.10205078 0. 4.78945867287e-22 0.
1497599619 1 4089.10375977 0. 4.78892682456e-22 0.
1497599679 1 4084.58496094 0. 4.78784122745e-22 0.
1497599739 1 4080.40844727 0. 4.78706032836e-22 0.
1497599800 1 4076.30419922 0. 4.78647395397e-22 0.
1497599860 1 4073.36132812 0. 4.78706104891e-22 0.
1497599920 1 4068.20800781 0. 4.78508716353e-22 0.
1497599980 1 4064.48461914 0. 4.78487496825e-22 0.
1497600040 1 4059.24462891 0. 4.78292977522e-22 0.
1497600100 1 4056.89160156 0. 4.78448578272e-22 0.
1497600160 1 4052.91357422 0. 4.78412126598e-22 0.
1497600220 1 4049.39599609 0. 4.78397884014e-22 0.
1497600280 1 4048.48706055 0. 4.78607023873e-22 0.
1497600341 1 4053.85058594 0. 4.79616203222e-22 0.
1497600401 1 4043.94702148 0. 4.78763005625e-22 0.
1497600461 1 4042.48876953 0. 4.78954792096e-22 0.
1497600521 1 4033.48779297 0. 4.7826122099e-22 0.
1497600581 1 4028.68334961 0. 4.78145823372e-22 0.
1497600641 1 4029.70922852 0. 4.78718837178e-22 0.
1497600701 1 4114.85595703 0. 4.89250676031e-22 0.
1497600761 1 4016.57275391 0. 4.77966614717e-22 0.
1497600821 1 3949.00854492 0. 4.70353518769e-22 0.
1497600882 1 4116.17285156 0. 4.90661447659e-22 0.
1497600942 1 4113.00927734 0. 4.90655918703e-22 0.
1497601002 1 4119.04589844 0. 4.91756346894e-22 0.
1497601062 1 4112.26416016 0. 4.91285213786e-22 0.
1497601122 1 4109.63525391 0. 4.91349476471e-22 0.
1497601182 1 4099.24072266 0. 4.90505271106e-22 0.
1497601242 1 4094.51660156 0. 4.90385608895e-22 0.
1497601302 1 4090.70410156 0. 4.90359633204e-22 0.
1497601362 1 4087.06396484 0. 4.90359329754e-22 0.
1497601423 1 4080.75390625 0. 4.90059738109e-22 0.
1497601483 1 4076.26245117 0. 4.89929181402e-22 0.
1497601543 1 4072.53979492 0. 4.89925951862e-22 0.
1497601603 1 4069.5925293 0. 4.9000459082e-22 0.
1497601663 1 4065.10424805 0. 4.8990796894e-22 0.
1497601723 1 4061.8515625 0. 4.89944851805e-22 0.
1497601783 1 4056.13232422 0. 4.89676971671e-22 0.
1497601843 1 4052.30712891 0. 4.89652350937e-22 0.
1497601903 1 4047.2578125 0. 4.89454095686e-22 0.
1497601964 1 4043.87231445 0. 4.89481446562e-22 0.
1497602024 1 4040.60571289 0. 4.89499770455e-22 0.
1497602084 1 4035.52026367 0. 4.89340728335e-22 0.
1497602144 1 4030.77758789 0. 4.89208087834e-22 0.
1497602204 1 4026.89477539 0. 4.89170633702e-22 0.
1497602257 1 4022.6875 0. 4.89054255945e-22 0.
1497602311 1 4018.53979492 0. 4.88952929921e-22 0.
1497602371 1 4015.06225586 0. 4.88962553002e-22 0.
1497602431 1 4011.7019043 0. 4.88979082447e-22 0.
1497602491 1 4007.58569336 0. 4.8888845264e-22 0.
1497602551 1 4003.65625 0. 4.88816122581e-22 0.
1497602612 1 3998.34692383 0. 4.88590016538e-22 0.
1497602672 1 3993.73022461 0. 4.88459427663e-22 0.
1497602732 1 3987.73535156 0. 4.88158317018e-22 0.
1497602792 1 3983.82177734 0. 4.881115963e-22 0.
1497602852 1 3980.29345703 0. 4.88098260526e-22 0.
1497602912 1 3976.5456543 0. 4.88097395593e-22 0.
1497602972 1 3973.63208008 0. 4.88166884539e-22 0.
1497603032 1 3969.40527344 0. 4.88070146746e-22 0.
1497603092 1 3964.55249023 0. 4.87903129381e-22 0.
1497603153 1 3961.1081543 0. 4.8792339647e-22 0.
1497603213 1 3956.51391602 0. 4.87766354327e-22 0.
1497603273 1 3951.59106445 0. 4.87598256159e-22 0.
1497603333 1 3947.88598633 0. 4.87572872391e-22 0.
1497603393 1 3943.34326172 0. 4.87451282456e-22 0.
1497603453 1 3940.04785156 0. 4.87461271671e-22 0.
1497603513 1 3936.30175781 0. 4.87431568393e-22 0.
1497603573 1 3932.23364258 0. 4.87355105631e-22 0.
1497603633 1 3929.04370117 0. 4.87380064429e-22 0.
1497603694 1 3931.08984375 0. 4.8799120952e-22 0.
1497603754 1 3930.93139648 0. 4.88343059894e-22 0.
1497603814 1 3931.00366211 0. 4.88695199513e-22 0.
1497603874 1 3921.77270508 0. 4.87930171013e-22 0.
1497603934 1 3915.13256836 0. 4.87466654987e-22 0.
1497603994 1 3910.85864258 0. 4.87351389522e-22 0.
1497604054 1 3906.83300781 0. 4.87259484149e-22 0.
1497604114 1 3901.9609375 0. 4.87086309404e-22 0.
1497604175 1 3898.26928711 0. 4.87054986512e-22 0.
1497604235 1 3899.76098633 0. 4.87655700484e-22 0.
1497604295 1 3976.79785156 0. 4.97785818619e-22 0.
1497604355 1 3972.2253418 0. 4.97686526808e-22 0.
1497604415 1 3963.43920898 0. 4.97055186133e-22 0.
1497604475 1 3959.68530273 0. 4.97060223191e-22 0.
1497604535 1 3955.27905273 0. 4.96976793575e-22 0.
1497604595 1 3949.265625 0. 4.96670332726e-22 0.
1497604655 1 3945.20654297 0. 4.96614623678e-22 0.
1497604716 1 3940.18579102 0. 4.96435212645e-22 0.
1497604776 1 3934.19238281 0. 4.96143654592e-22 0.
1497604836 1 3931.85791016 0. 4.96304193257e-22 0.
1497604896 1 3927.44482422 0. 4.96205482453e-22 0.
1497604956 1 3923.04833984 0. 4.96129896978e-22 0.
1497605016 1 3918.95849609 0. 4.96085105338e-22 0.
1497605076 1 3916.27709961 0. 4.96212397038e-22 0.
1497605136 1 3910.265625 0. 4.95931650353e-22 0.
1497605196 1 3905.63012695 0. 4.95773466258e-22 0.
1497605256 1 3902.96582031 0. 4.95879964737e-22 0.
1497605317 1 3897.96142578 0. 4.95685933821e-22 0.
1497605377 1 3892.16503906 0. 4.95414705182e-22 0.
1497605437 1 3888.83105469 0. 4.95426157812e-22 0.
1497605497 1 3884.88452148 0. 4.95371045314e-22 0.
1497605557 1 3886.36791992 0. 4.95967864624e-22 0.
1497605617 1 3879.93505859 0. 4.95503304065e-22 0.
1497605677 1 3884.82910156 0. 4.96485512322e-22 0.
1497605737 1 3878.3425293 0. 4.96019409351e-22 0.
1497605798 1 3872.68383789 0. 4.95678035601e-22 0.
1497605858 1 3861.65869141 0. 4.94704582094e-22 0.
1497605918 1 3858.76782227 0. 4.9477709219e-22 0.
1497605978 1 3854.54223633 0. 4.94678393764e-22 0.
1497606038 1 3849.73803711 0. 4.94526531324e-22 0.
1497606098 1 3846.32666016 0. 4.94519632162e-22 0.
1497606158 1 3841.40380859 0. 4.94330783104e-22 0.
1497606218 1 3837.11450195 0. 4.94211189504e-22 0.
1497606278 1 3831.40161133 0. 4.93911873515e-22 0.
1497606339 1 3829.26733398 0. 4.94077893553e-22 0.
1497606399 1 3823.75219727 0. 4.93823906815e-22 0.
1497606459 1 3817.18139648 0. 4.93416419012e-22 0.
1497606519 1 3815.59790039 0. 4.93660795196e-22 0.
1497606579 1 3810.15161133 0. 4.93398516714e-22 0.
1497606639 1 3804.55200195 0. 4.9311315531e-22 0.
1497606699 1 3802.9765625 0. 4.93331437259e-22 0.
1497606759 1 3797.67749023 0. 4.93069956399e-22 0.
1497606820 1 3791.78808594 0. 4.92756092157e-22 0.
1497606880 1 3788.32080078 0. 4.92778974219e-22 0.
1497606940 1 3782.73828125 0. 4.92496187763e-22 0.
1497607000 1 3779.4987793 0. 4.92514887712e-22 0.
1497607060 1 3666.46166992 0. 4.78208636305e-22 0.
1497607120 1 3643.8828125 0. 4.75679999934e-22 0.
1497607180 1 3772.35083008 0. 4.92862628349e-22 0.
1497607240 1 3791.70898438 0. 4.95849750104e-22 0.
1497607302 1 3789.19189453 0. 4.95968294821e-22 0.
1497607363 1 3784.02124023 0. 4.95742393599e-22 0.
1497607423 1 3780.91259766 0. 4.95768140914e-22 0.
1497607483 1 3776.75024414 0. 4.95674044379e-22 0.
1497607543 1 3772.78662109 0. 4.9560182034e-22 0.
1497607603 1 3769.55541992 0. 4.95579259851e-22 0.
1497607663 1 3765.90283203 0. 4.95547187736e-22 0.
1497607723 1 3762.46704102 0. 4.95523715244e-22 0.
1497607783 1 3758.2331543 0. 4.95403434839e-22 0.
1497607844 1 3753.81347656 0. 4.95264748739e-22 0.
1497607904 1 3749.70922852 0. 4.95163037262e-22 0.
1497607964 1 3745.23950195 0. 4.95000600995e-22 0.
1497608024 1 3741.07763672 0. 4.94900041545e-22 0.
1497608084 1 3737.73852539 0. 4.94917319201e-22 0.
1497608144 1 3733.90942383 0. 4.94843933544e-22 0.
1497608204 1 3729.54614258 0. 4.94693886203e-22 0.
1497608264 1 3726.06640625 0. 4.94679319109e-22 0.
1497608325 1 3722.54907227 0. 4.94660994441e-22 0.
1497608385 1 3718.96435547 0. 4.94616793207e-22 0.
1497608445 1 3715.01806641 0. 4.94528877219e-22 0.
1497608505 1 3711.63256836 0. 4.94528012945e-22 0.
1497608565 1 3708.4128418 0. 4.94545276345e-22 0.
1497608625 1 3704.60498047 0. 4.94440616877e-22 0.
1497608685 1 3700.63623047 0. 4.94349057807e-22 0.
1497608746 1 3696.51245117 0. 4.9425909196e-22 0.
1497608806 1 3692.60791016 0. 4.94182698385e-22 0.
1497608866 1 3689.04199219 0. 4.94107231088e-22 0.
1497608926 1 3684.09448242 0. 4.93887526137e-22 0.
1497608986 1 3680.04931641 0. 4.93787956926e-22 0.
1497609046 1 3676.93212891 0. 4.93795897608e-22 0.
1497609091 1 3350.75878906 0. 4.50543796086e-22 0.
1497609135 1 0.0707330405712 0. 0.0 0.
