1497617672 1 7256.77783203 0. 4.98302476632e-22 0.
1497617707 1 7233.84814453 0. 4.97168201714e-22 0.
1497617767 1 7230.22705078 0. 4.97616366163e-22 0.
1497617828 1 7204.09863281 0. 4.96501941683e-22 0.
1497617888 1 7198.81494141 0. 4.96835177997e-22 0.
1497617925 1 7190.91748047 0. 4.96720823277e-22 0.
1497617963 1 7177.69775391 0. 4.96265555553e-22 0.
1497618023 1 7165.58007812 0. 4.9611594887e-22 0.
1497618083 1 7132.82421875 0. 4.94529217492e-22 0.
1497618143 1 7122.02978516 0. 4.94438867783e-22 0.
1497618204 1 7103.77050781 0. 4.93844071243e-22 0.
1497618249 1 7091.9453125 0. 4.93513859459e-22 0.
1497618275 1 7088.0390625 0. 4.93529638007e-22 0.
1497618317 1 7077.30078125 0. 4.93222963783e-22 0.
1497618377 1 7067.02978516 0. 4.93154013099e-22 0.
1497618437 1 7046.53515625 0. 4.923711509e-22 0.
1497618497 1 7027.86962891 0. 4.91704693697e-22 0.
1497618557 1 7005.94482422 0. 4.90810695812e-22 0.
1497618618 1 6993.64208984 0. 4.90559551294e-22 0.
1497618678 1 6980.76611328 0. 4.90279876524e-22 0.
1497618738 1 6961.73144531 0. 4.89569319776e-22 0.
1497618798 1 6948.85205078 0. 4.89287874457e-22 0.
1497618858 1 6932.86865234 0. 4.88774864093e-22 0.
1497618896 1 6923.84228516 0. 4.8851886742e-22 0.
1497618935 1 6917.9765625 0. 4.88524269355e-22 0.
1497618995 1 6909.49023438 0. 4.88533350971e-22 0.
1497619055 1 6890.78613281 0. 4.87807859925e-22 0.
1497619115 1 6872.0703125 0. 4.87047699001e-22 0.
1497619176 1 6860.18847656 0. 4.86817007755e-22 0.
1497619236 1 6839.39648438 0. 4.85915685203e-22 0.
1497619296 1 6841.67675781 0. 4.86689243858e-22 0.
1497619356 1 6835.78125 0. 4.86851051159e-22 0.
1497619416 1 6826.15917969 0. 4.86750742888e-22 0.
1497619476 1 6817.25878906 0. 4.86699912287e-22 0.
1497619536 1 6799.85107422 0. 4.86014768105e-22 0.
1497619596 1 6782.86669922 0. 4.85383499114e-22 0.
1497619656 1 6774.40234375 0. 4.85352130178e-22 0.
1497619717 1 6766.43017578 0. 4.85395913053e-22 0.
1497619769 1 6760.37744141 0. 4.85448319772e-22 0.
1497619806 1 6754.97265625 0. 4.85389384791e-22 0.
1497619826 1 6755.25341797 0. 4.85596747696e-22 0.
1497619861 1 6723.85742188 0. 4.83681196168e-22 0.
1497619921 1 6724.69580078 0. 4.84328487318e-22 0.
1497619981 1 6710.86035156 0. 4.83884852339e-22 0.
1497620041 1 6693.23193359 0. 4.83168730049e-22 0.
1497620100 1 6691.75634766 0. 4.83579304028e-22 0.
1497620142 1 6671.70996094 0. 4.82509339921e-22 0.
1497620185 1 6671.234375 0. 4.82893742983e-22 0.
1497620232 1 6665.10742188 0. 4.82881972999e-22 0.
1497620278 1 6656.71728516 0. 4.82718729441e-22 0.
1497620324 1 6649.74365234 0. 4.8263043372e-22 0.
1497620360 1 6642.41015625 0. 4.82421307373e-22 0.
1497620410 1 6637.05712891 0. 4.82518338608e-22 0.
1497620470 1 6624.61230469 0. 4.82138467771e-22 0.
1497620530 1 6619.62207031 0. 4.82298786109e-22 0.
1497620590 1 6609.77636719 0. 4.82122662904e-22 0.
1497620651 1 6592.11035156 0. 4.81425977293e-22 0.
1497620711 1 6578.96728516 0. 4.8102565278e-22 0.
1497620771 1 6550.51367188 0. 4.79474191539e-22 0.
1497620831 1 6528.20166016 0. 4.78319010012e-22 0.
1497620870 1 6514.21533203 0. 4.77619706925e-22 0.
1497620909 1 6502.32666016 0. 4.77101658754e-22 0.
1497620969 1 6488.45019531 0. 4.76616913068e-22 0.
1497621029 1 6485.20800781 0. 4.76900596859e-22 0.
1497621071 1 6481.97314453 0. 4.77035394471e-22 0.
1497621113 1 6465.37939453 0. 4.76178241263e-22 0.
1497621153 1 6446.83886719 0. 4.75140407429e-22 0.
1497621192 1 6440.30712891 0. 4.75025407365e-22 0.
1497621253 1 6431.94384766 0. 4.74917827126e-22 0.
1497621303 1 6423.85986328 0. 4.7475021932e-22 0.
1497621340 1 6412.14111328 0. 4.74206358022e-22 0.
1497621362 1 6408.86816406 0. 4.74157520793e-22 0.
1497621397 1 6401.99560547 0. 4.73971447449e-22 0.
1497621435 1 6395.49462891 0. 4.73816511236e-22 0.
1497621473 1 6387.78710938 0. 4.73576788326e-22 0.
1497621534 1 6387.82421875 0. 4.74057440772e-22 0.
1497621580 1 6381.73828125 0. 4.74009506237e-22 0.
1497621616 1 6375.31494141 0. 4.73845833785e-22 0.
1497621665 1 6366.328125 0. 4.73577325646e-22 0.
1497621726 1 6354.33251953 0. 4.73195688907e-22 0.
1497621785 1 6342.46386719 0. 4.72815910218e-22 0.
1497621844 1 6328.75292969 0. 4.72304850603e-22 0.
1497621904 1 6324.78808594 0. 4.72491133678e-22 0.
1497621964 1 6314.03125 0. 4.72203817935e-22 0.
1497622025 1 6300.54980469 0. 4.7169459809e-22 0.
1497622085 1 6293.09960938 0. 4.7162663598e-22 0.
1497622145 1 6296.68554688 0. 4.72398336528e-22 0.
1497622205 1 6283.42431641 0. 4.71919709755e-22 0.
1497622265 1 6271.20703125 0. 4.71507669774e-22 0.
1497622325 1 6256.72900391 0. 4.70924987423e-22 0.
1497622385 1 6080.90576172 0. 4.58186064925e-22 0.
1497622439 1 6099.53222656 0. 4.60106495427e-22 0.
1497622489 1 6512.79931641 0. 4.91618799326e-22 0.
1497622545 1 6520.41894531 0. 4.92619824146e-22 0.
1497622605 1 6522.21826172 0. 4.93230800544e-22 0.
1497622665 1 6521.19042969 0. 4.93534066896e-22 0.
1497622725 1 6511.82617188 0. 4.93279190279e-22 0.
1497622760 1 6490.18554688 0. 4.91895182068e-22 0.
1497622796 1 6485.96240234 0. 4.91890553528e-22 0.
1497622856 1 6476.68310547 0. 4.9170760257e-22 0.
1497622916 1 6468.88671875 0. 4.91668286503e-22 0.
1497622976 1 6460.81347656 0. 4.91587390723e-22 0.
1497623036 1 6451.17138672 0. 4.91380029124e-22 0.
1497623096 1 6440.29541016 0. 4.91052218947e-22 0.
1497623132 1 6434.38476562 0. 4.90916626725e-22 0.
1497623144 1 6432.06982422 0. 4.90843811439e-22 0.
1497623179 1 6429.86279297 0. 4.91009978921e-22 0.
1497623239 1 6421.46240234 0. 4.90894895276e-22 0.
1497623299 1 6412.38769531 0. 4.90717284534e-22 0.
1497623360 1 6402.72167969 0. 4.90507735585e-22 0.
1497623420 1 6393.21923828 0. 4.90307838237e-22 0.
1497623459 1 6388.23095703 0. 4.90222717733e-22 0.
1497623472 1 6386.74755859 0. 4.90243896327e-22 0.
1497623485 1 6384.82275391 0. 4.9021296865e-22 0.
1497623500 1 6381.80712891 0. 4.90106489973e-22 0.
1497623518 1 6380.11523438 0. 4.90120348323e-22 0.
1497623558 1 6374.58740234 0. 4.90052899768e-22 0.
1497623618 1 6366.48535156 0. 4.89936999126e-22 0.
1497623679 1 6358.60595703 0. 4.89844739837e-22 0.
1497623739 1 6348.87695312 0. 4.89630754107e-22 0.
1497623799 1 6340.08642578 0. 4.8949022691e-22 0.
1497623859 1 6331.51318359 0. 4.8934665221e-22 0.
1497623904 1 6324.32177734 0. 4.89192204526e-22 0.
1497623929 1 6320.38916016 0. 4.89072311729e-22 0.
1497623950 1 6316.70410156 0. 4.8895877545e-22 0.
1497623991 1 6312.26123047 0. 4.8900226787e-22 0.
1497624052 1 6304.88427734 0. 4.88959410666e-22 0.
1497624112 1 6296.12646484 0. 4.88785315189e-22 0.
1497624172 1 6287.20605469 0. 4.88616241068e-22 0.
1497624232 1 6277.50634766 0. 4.88355422855e-22 0.
1497624292 1 6270.98730469 0. 4.8836755671e-22 0.
1497624352 1 6261.52978516 0. 4.88142828805e-22 0.
1497624401 1 6255.40039062 0. 4.88086678653e-22 0.
1497624450 1 6247.70996094 0. 4.87906942205e-22 0.
1497624510 1 6237.22314453 0. 4.87603781388e-22 0.
1497624555 1 6231.11962891 0. 4.87515455902e-22 0.
1497624601 1 6225.97802734 0. 4.87484184859e-22 0.
1497624661 1 6218.7109375 0. 4.87437352472e-22 0.
1497624721 1 6210.78710938 0. 4.87310258816e-22 0.
1497624780 1 6202.1328125 0. 4.87127220997e-22 0.
1497624838 1 6191.05371094 0. 4.86712918143e-22 0.
1497624898 1 6187.44482422 0. 4.86932042165e-22 0.
1497624958 1 6178.22021484 0. 4.86731786951e-22 0.
1497625018 1 6170.00732422 0. 4.86597572967e-22 0.
1497625053 1 6164.82568359 0. 4.86468396297e-22 0.
1497625081 1 6160.15380859 0. 4.86365840279e-22 0.
1497625134 1 6153.02929688 0. 4.86211079108e-22 0.
1497625194 1 6145.65429688 0. 4.86129858118e-22 0.
1497625254 1 6135.37792969 0. 4.85811183302e-22 0.
1497625314 1 6130.06445312 0. 4.85920386336e-22 0.
1497625374 1 6124.49560547 0. 4.85997418748e-22 0.
1497625435 1 6116.79052734 0. 4.8589782822e-22 0.
1497625495 1 6106.28466797 0. 4.85564522075e-22 0.
1497625555 1 6096.86279297 0. 4.85314060759e-22 0.
1497625615 1 6089.24316406 0. 4.85211954624e-22 0.
1497625675 1 6082.78417969 0. 4.85183863126e-22 0.
1497625735 1 6075.52294922 0. 4.8509525225e-22 0.
1497625795 1 6068.17578125 0. 4.85020952034e-22 0.
1497625838 1 6062.97460938 0. 4.84958607328e-22 0.
1497625878 1 6055.390625 0. 4.84683794832e-22 0.
1497625936 1 6045.90722656 0. 4.84427269099e-22 0.
1497625997 1 6039.98242188 0. 4.84423416728e-22 0.
1497626057 1 6032.29638672 0. 4.8428684972e-22 0.
1497626115 1 6023.21386719 0. 4.84055151653e-22 0.
1497626173 1 6015.04833984 0. 4.83855308053e-22 0.
1497626232 1 6008.73974609 0. 4.83843754268e-22 0.
1497626292 1 5998.73876953 0. 4.83535464202e-22 0.
1497626352 1 5991.50488281 0. 4.8342718101e-22 0.
1497626412 1 5984.33349609 0. 4.8334485729e-22 0.
1497626472 1 5976.88867188 0. 4.83231376837e-22 0.
1497626533 1 5970.45214844 0. 4.83194650684e-22 0.
1497626593 1 5960.39208984 0. 4.82874937817e-22 0.
1497626653 1 5956.65429688 0. 4.83072564998e-22 0.
1497626700 1 5948.56054688 0. 4.82787069621e-22 0.
1497626737 1 5946.00097656 0. 4.82863521169e-22 0.
1497626786 1 5934.31982422 0. 4.82358427095e-22 0.
1497626846 1 5925.71875 0. 4.82131813997e-22 0.
1497626906 1 5917.91064453 0. 4.81974574961e-22 0.
1497626966 1 5909.03173828 0. 4.81746999162e-22 0.
1497627026 1 5901.39160156 0. 4.81597172154e-22 0.
1497627086 1 5893.00683594 0. 4.81396440002e-22 0.
1497627147 1 5883.42089844 0. 4.81119126315e-22 0.
1497627207 1 5879.22509766 0. 4.81257220725e-22 0.
1497627267 1 5915.17822266 0. 4.84672835345e-22 0.
1497627327 1 6052.74755859 0. 4.96439619055e-22 0.
1497627387 1 6044.84375 0. 4.96332579437e-22 0.
1497627447 1 5933.48779297 0. 4.87707174624e-22 0.
1497627508 1 5810.10205078 0. 4.78116646285e-22 0.
1497627568 1 5926.88916016 0. 4.88186571231e-22 0.
1497627628 1 6020.29589844 0. 4.96413107274e-22 0.
1497627688 1 6006.57763672 0. 4.95802836936e-22 0.
1497627748 1 6003.91943359 0. 4.9609984236e-22 0.
1497627808 1 5995.01220703 0. 4.95884703001e-22 0.
1497627868 1 5986.41796875 0. 4.95693396338e-22 0.
1497627928 1 5979.8046875 0. 4.95680674418e-22 0.
1497627988 1 5970.60058594 0. 4.95423930043e-22 0.
1497628048 1 5962.63037109 0. 4.95283240498e-22 0.
1497628109 1 5957.49755859 0. 4.95369459051e-22 0.
1497628169 1 5947.95019531 0. 4.95095029015e-22 0.
1497628229 1 5942.80859375 0. 4.95165343907e-22 0.
1497628289 1 5933.43847656 0. 4.94901445358e-22 0.
1497628349 1 5924.26611328 0. 4.94651865982e-22 0.
1497628409 1 5919.67382812 0. 4.94795517439e-22 0.
1497628469 1 5909.51611328 0. 4.94462373977e-22 0.
1497628529 1 5903.13769531 0. 4.94462183733e-22 0.
1497628589 1 5897.36230469 0. 4.94501431396e-22 0.
1497628650 1 5888.18261719 0. 4.94250613102e-22 0.
1497628698 1 5885.48583984 0. 4.94444713285e-22 0.
1497628747 1 5877.94726562 0. 4.94210982584e-22 0.
1497628807 1 5869.62451172 0. 4.94030880095e-22 0.
1497628842 1 1721.95898438 0. 2.40406286169e-22 0.
1497628878 1 0.0767737925053 0. 0.0 0.
1497628938 1 0.069308295846 0. 0.0 0.
