1498351734 1 15166.4521484 0. 4.87966950847e-22 0.
1498351795 1 15123.3212891 0. 4.87304623451e-22 0.
1498351855 1 15090.5166016 0. 4.86970538489e-22 0.
1498351909 1 15058.7138672 0. 4.86588384914e-22 0.
1498351963 1 15035.1025391 0. 4.86472532932e-22 0.
1498352023 1 14995.078125 0. 4.85913503162e-22 0.
1498352063 1 14974.4208984 0. 4.85700873478e-22 0.
1498352103 1 14943.734375 0. 4.85204541731e-22 0.
1498352163 1 14923.5996094 0. 4.85276157939e-22 0.
1498352223 1 14900.2666016 0. 4.85200109738e-22 0.
1498352271 1 14884.5166016 0. 4.85105555437e-22 0.
1498352297 1 14827.7265625 0. 4.83511856663e-22 0.
1498352311 1 6505.50292969 0. 2.3384681668e-22 0.
1498352325 1 0.268536806107 0. 0.0 0.
1498352364 1 0.198620304465 0. 0.0 0.
1498352424 1 0.171011164784 0. 0.0 0.
1498352484 1 0.155948981643 0. 0.0 0.
1498352545 1 0.145403236151 0. 0.0 0.
1498352580 1 0.140762686729 0. 0.0 0.
1498352615 1 0.137363880873 0. 0.0 0.
