1499626570 1 2.1478729248 0. 4.11885249956e-22 0.
1499626631 1 2.14407038689 0. 4.11604425981e-22 0.
1499626691 1 2.13979578018 0. 4.1123266638e-22 0.
1499626751 1 2.13682508469 0. 4.11148331339e-22 0.
1499626811 1 2.1325674057 0. 4.10795662121e-22 0.
1499626871 1 2.12950611115 0. 4.10683945118e-22 0.
1499626931 1 2.12600159645 0. 4.10434140913e-22 0.
1499626966 1 2.13251113892 0. 4.11945806831e-22 0.
1499627002 1 2.12688374519 0. 4.11093766854e-22 0.
1499627062 1 2.12646460533 0. 4.11340953369e-22 0.
1499627122 1 1.20543837547 0. 4.33237607925e-22 0.
1499627182 1 3.81203935831e-05 0. 0.0 0.
1499627242 1 5.16456711921e-05 0. 0.0 0.
1499627302 1 4.30322797911e-05 0. 0.0 0.
1499627363 1 4.48849750683e-05 0. 0.0 0.
1499627423 1 4.8274625442e-05 0. 0.0 0.
1499627482 1 4.87554716528e-05 0. 0.0 0.
