1500017763 1 6856.05078125 0. 4.23599437725e-22 0.
1500017823 1 6533.69335938 0. 4.04303837879e-22 0.
1500017883 1 6680.92822266 0. 4.13866346256e-22 0.
1500017936 1 7052.75146484 0. 4.3732084259e-22 0.
1500017980 1 7045.63574219 0. 4.37289276213e-22 0.
1500018033 1 7035.08886719 0. 4.37089105303e-22 0.
1500018093 1 7021.14501953 0. 4.36782111057e-22 0.
1500018153 1 7011.04150391 0. 4.36678209598e-22 0.
1500018213 1 6999.40771484 0. 4.36481286482e-22 0.
1500018273 1 6989.52392578 0. 4.3639922291e-22 0.
1500018333 1 6977.00927734 0. 4.36144481581e-22 0.
1500018381 1 6965.71289062 0. 4.35858019337e-22 0.
1500018411 1 6963.57373047 0. 4.35985875369e-22 0.
1500018454 1 6956.19091797 0. 4.3590188989e-22 0.
1500018514 1 6943.42529297 0. 4.35614671748e-22 0.
1500018574 1 6930.45947266 0. 4.35335312463e-22 0.
1500018634 1 6927.85205078 0. 4.35663192694e-22 0.
1500018694 1 6916.12841797 0. 4.35371549963e-22 0.
1500018754 1 6916.77832031 0. 4.35842305277e-22 0.
1500018815 1 6912.66894531 0. 4.35965261565e-22 0.
1500018875 1 6902.66455078 0. 4.35773804679e-22 0.
1500018935 1 6877.47558594 0. 4.34654717123e-22 0.
1500018995 1 6867.75048828 0. 4.34523678132e-22 0.
1500019049 1 6855.69042969 0. 4.34205651342e-22 0.
1500019094 1 6846.17724609 0. 4.33966338109e-22 0.
1500019120 1 6835.76953125 0. 4.33474039682e-22 0.
1500019151 1 6842.65771484 0. 4.34197432388e-22 0.
1500019206 1 6832.76904297 0. 4.34025909496e-22 0.
1500019267 1 6818.94677734 0. 4.33632956271e-22 0.
1500019327 1 6807.32470703 0. 4.33386624789e-22 0.
1500019387 1 6791.02441406 0. 4.32819528924e-22 0.
1500019447 1 6779.65234375 0. 4.32584719113e-22 0.
1500019506 1 6769.28027344 0. 4.32413196493e-22 0.
1500019566 1 6759.68310547 0. 4.32273821251e-22 0.
1500019626 1 6752.61669922 0. 4.32292669124e-22 0.
1500019686 1 6741.90234375 0. 4.32102979639e-22 0.
1500019746 1 6728.07861328 0. 4.31702277093e-22 0.
1500019806 1 6716.21728516 0. 4.31433310466e-22 0.
1500019866 1 6705.86816406 0. 4.31257951031e-22 0.
1500019905 1 6692.34570312 0. 4.30688369628e-22 0.
1500019944 1 6667.95654297 0. 4.29429369948e-22 0.
1500020004 1 6658.18261719 0. 4.29278887437e-22 0.
1500020065 1 6647.13818359 0. 4.29049370408e-22 0.
1500020125 1 6616.54345703 0. 4.27534633218e-22 0.
1500020185 1 6603.3515625 0. 4.27164412742e-22 0.
1500020245 1 6591.79296875 0. 4.26882383127e-22 0.
1500020305 1 6583.41894531 0. 4.26784855592e-22 0.
1500020365 1 6570.87158203 0. 4.26439433382e-22 0.
1500020425 1 6559.35888672 0. 4.26161362624e-22 0.
1500020485 1 6550.43359375 0. 4.26031439798e-22 0.
1500020533 1 6543.69873047 0. 4.25935518379e-22 0.
1500020581 1 6528.21875 0. 4.25278124279e-22 0.
1500020616 1 6535.19189453 0. 4.25985254425e-22 0.
1500020651 1 6528.45410156 0. 4.25841229157e-22 0.
1500020711 1 6513.23388672 0. 4.2530262418e-22 0.
1500020772 1 6505.07470703 0. 4.25195935312e-22 0.
1500020832 1 6498.47216797 0. 4.25206172701e-22 0.
1500020892 1 6485.60693359 0. 4.24788023054e-22 0.
1500020952 1 6472.09667969 0. 4.24317571913e-22 0.
1500021012 1 6470.6953125 0. 4.24677224601e-22 0.
1500021072 1 6460.6484375 0. 4.24429420191e-22 0.
1500021132 1 6447.42089844 0. 4.23964578664e-22 0.
1500021192 1 6438.66357422 0. 4.2380763142e-22 0.
1500021252 1 6425.43701172 0. 4.2332992579e-22 0.
1500021313 1 6415.15478516 0. 4.23060368788e-22 0.
1500021373 1 6405.84863281 0. 4.2285838399e-22 0.
1500021433 1 6394.48535156 0. 4.2253507835e-22 0.
1500021493 1 6382.00537109 0. 4.22111497392e-22 0.
1500021547 1 6373.32275391 0. 4.21910826377e-22 0.
1500021588 1 6365.88964844 0. 4.21679534944e-22 0.
1500021637 1 6360.71289062 0. 4.21667789287e-22 0.
1500021697 1 6352.54345703 0. 4.21530688558e-22 0.
1500021757 1 6340.02197266 0. 4.21080311081e-22 0.
1500021817 1 6323.15820312 0. 4.20347209709e-22 0.
1500021877 1 6312.12695312 0. 4.2003501209e-22 0.
1500021938 1 6284.61669922 0. 4.18607860487e-22 0.
1500021998 1 6290.58496094 0. 4.19408177957e-22 0.
1500022058 1 6287.45996094 0. 4.19606662599e-22 0.
1500022118 1 6277.2109375 0. 4.19317374216e-22 0.
1500022178 1 6270.56738281 0. 4.19278241807e-22 0.
1500022238 1 6262.10644531 0. 4.19099755082e-22 0.
1500022298 1 6254.11230469 0. 4.18964260259e-22 0.
1500022358 1 6247.55859375 0. 4.18921645203e-22 0.
1500022418 1 6234.14453125 0. 4.18425318896e-22 0.
1500022478 1 6228.94189453 0. 4.18473323776e-22 0.
1500022523 1 6232.37792969 0. 4.19001860687e-22 0.
1500022569 1 6229.79052734 0. 4.19131530403e-22 0.
1500022629 1 6214.18261719 0. 4.18469243914e-22 0.
1500022689 1 6202.01660156 0. 4.18056039793e-22 0.
1500022749 1 6195.05566406 0. 4.17956476053e-22 0.
1500022809 1 6191.17578125 0. 4.18093694014e-22 0.
1500022869 1 6171.37695312 0. 4.17141194956e-22 0.
1500022929 1 6178.56982422 0. 4.17972713595e-22 0.
1500022990 1 6166.01611328 0. 4.17537585286e-22 0.
1500023050 1 6160.81591797 0. 4.17581957606e-22 0.
1500023110 1 6151.85351562 0. 4.17367899324e-22 0.
1500023170 1 6136.47900391 0. 4.16706943256e-22 0.
1500023230 1 6130.43164062 0. 4.16677753223e-22 0.
1500023290 1 6127.1640625 0. 4.16853416498e-22 0.
1500023350 1 6112.88671875 0. 4.16277325402e-22 0.
1500023410 1 6099.90380859 0. 4.15757142728e-22 0.
1500023470 1 6084.57910156 0. 4.15109239056e-22 0.
1500023531 1 6081.54296875 0. 4.15284130119e-22 0.
1500023591 1 6077.20849609 0. 4.15355231713e-22 0.
1500023651 1 6064.50292969 0. 4.14889103943e-22 0.
1500023711 1 6055.55029297 0. 4.14677573821e-22 0.
1500023771 1 6035.90625 0. 4.1371555273e-22 0.
1500023831 1 6030.67822266 0. 4.13741839093e-22 0.
1500023891 1 6027.08349609 0. 4.13878091457e-22 0.
1500023951 1 6014.45556641 0. 4.13382043004e-22 0.
1500024011 1 6004.4609375 0. 4.13072210865e-22 0.
1500024072 1 5999.42675781 0. 4.13102603727e-22 0.
1500024132 1 5974.11523438 0. 4.11725597543e-22 0.
1500024192 1 5981.55126953 0. 4.12600465654e-22 0.
1500024252 1 5962.19287109 0. 4.11647228689e-22 0.
1500024312 1 5945.80224609 0. 4.1088746464e-22 0.
1500024372 1 5935.77734375 0. 4.10564299539e-22 0.
1500024432 1 5914.01708984 0. 4.09452647036e-22 0.
1500024492 1 5895.73876953 0. 4.08548271399e-22 0.
1500024552 1 5890.19042969 0. 4.08536782517e-22 0.
1500024591 1 5892.64306641 0. 4.08926005815e-22 0.
1500024619 1 5875.07470703 0. 4.07887237759e-22 0.
1500024670 1 5866.02294922 0. 4.07558865052e-22 0.
1500024730 1 5849.14794922 0. 4.06756056126e-22 0.
1500024790 1 5837.87158203 0. 4.06331861531e-22 0.
1500024850 1 5833.05566406 0. 4.06351714637e-22 0.
1500024910 1 5821.03564453 0. 4.05882349327e-22 0.
1500024970 1 5808.75048828 0. 4.05374269987e-22 0.
1500025031 1 5796.54101562 0. 4.04885803657e-22 0.
1500025091 1 5781.32617188 0. 4.04182610319e-22 0.
1500025151 1 5769.40673828 0. 4.03699558672e-22 0.
1500025211 1 5757.17724609 0. 4.0323327159e-22 0.
1500025271 1 5770.26318359 0. 4.0446356652e-22 0.
1500025331 1 5713.37060547 0. 4.00792602074e-22 0.
1500025391 1 5740.65380859 0. 4.02983492398e-22 0.
1500025451 1 5751.46289062 0. 4.04013929966e-22 0.
1500025511 1 5733.14453125 0. 4.0302413653e-22 0.
1500025572 1 5712.69873047 0. 4.01968930538e-22 0.
1500025632 1 5708.20458984 0. 4.02013092489e-22 0.
1500025692 1 5709.99072266 0. 4.02489329906e-22 0.
1500025752 1 5699.52490234 0. 4.02110420072e-22 0.
1500025812 1 5685.73242188 0. 4.01500151419e-22 0.
1500025872 1 5669.56103516 0. 4.00684853396e-22 0.
1500025921 1 5168.43994141 0. 3.6610715269e-22 0.
1500025971 1 0.088043384254 0. 7.39230505565e-23 0.
1500026031 1 0.0776014402509 0. 0.0 0.
1500026091 1 0.0737119019032 0. 0.0 0.
