1500063081 1 7271.5078125 0. 4.36009099244e-22 0.
1500063141 1 7162.04003906 0. 4.30008938843e-22 0.
1500063201 1 7576.97167969 0. 4.5546924596e-22 0.
1500063261 1 7557.28710938 0. 4.54857022268e-22 0.
1500063298 1 7546.94091797 0. 4.54560540226e-22 0.
1500063335 1 7532.6640625 0. 4.54044511305e-22 0.
1500063395 1 7524.625 0. 4.54138834454e-22 0.
1500063455 1 7510.37011719 0. 4.5383820577e-22 0.
1500063515 1 7489.41992188 0. 4.53126343908e-22 0.
1500063562 1 7481.33691406 0. 4.53076215707e-22 0.
1500063608 1 7470.34179688 0. 4.52840495302e-22 0.
1500063644 1 7464.046875 0. 4.52798219878e-22 0.
1500063654 1 4823.07714844 0. 2.93844353689e-22 0.
1500063689 1 0.0925490856171 0. 5.55588310158e-23 0.
1500063750 1 0.0792959928513 0. 0.0 0.
1500063810 1 0.0741836279631 0. 0.0 0.
1500063870 1 0.0706737861037 0. 0.0 0.
1500063930 1 0.0680424869061 0. 0.0 0.
