1500508396 1 15960.5302734 0. 4.44789188546e-22 0.
1500508456 1 15930.2246094 0. 4.44578653946e-22 0.
1500508516 1 15905.7685547 0. 4.44470814754e-22 0.
1500508577 1 15867.3007812 0. 4.43983964061e-22 0.
1500508618 1 15840.1904297 0. 4.43612823102e-22 0.
1500508638 1 15848.1875 0. 4.44010370922e-22 0.
1500508677 1 15823.0498047 0. 4.43620379154e-22 0.
1500508737 1 15778.1660156 0. 4.42887216891e-22 0.
1500508797 1 15787.3271484 0. 4.43622851617e-22 0.
1500508857 1 15758.5292969 0. 4.43354180482e-22 0.
1500508917 1 15635.5986328 0. 4.40410958046e-22 0.
1500508967 1 15167.9921875 0. 4.27687845812e-22 0.
1500509017 1 14963.6416016 0. 4.22437277825e-22 0.
1500509078 1 15740.0439453 0. 4.44885949312e-22 0.
1500509138 1 15723.7568359 0. 4.44987432039e-22 0.
1500509198 1 15696.8994141 0. 4.44791553402e-22 0.
1500509258 1 15673.1884766 0. 4.44674693758e-22 0.
1500509318 1 15653.2373047 0. 4.44676031241e-22 0.
1500509378 1 15627.7255859 0. 4.4448507949e-22 0.
1500509438 1 15584.9677734 0. 4.43825104528e-22 0.
1500509499 1 15572.9287109 0. 4.44023273351e-22 0.
1500509559 1 15534.0703125 0. 4.43453477728e-22 0.
1500509613 1 15514.3310547 0. 4.43324966822e-22 0.
1500509668 1 15471.546875 0. 4.42596345164e-22 0.
1500509703 1 15456.9990234 0. 4.42482633414e-22 0.
1500509738 1 15451.9130859 0. 4.42681156197e-22 0.
1500509798 1 15435.0341797 0. 4.42745661206e-22 0.
1500509858 1 15406.0664062 0. 4.42483846052e-22 0.
1500509919 1 15375.8466797 0. 4.42113834743e-22 0.
1500509979 1 15353.625 0. 4.41986889124e-22 0.
1500510039 1 15327.8447266 0. 4.41768884652e-22 0.
1500510099 1 15295.1738281 0. 4.41356739843e-22 0.
1500510159 1 15272.6210938 0. 4.41242953861e-22 0.
1500510219 1 15248.6835938 0. 4.41007054756e-22 0.
1500510279 1 15221.5605469 0. 4.40713802058e-22 0.
1500510339 1 15198.1982422 0. 4.40545020676e-22 0.
1500510381 1 15173.0615234 0. 4.40129858057e-22 0.
1500510423 1 15151.3779297 0. 4.39843310076e-22 0.
1500510483 1 15141.5175781 0. 4.40081663168e-22 0.
1500510543 1 15113.6054688 0. 4.39764867854e-22 0.
1500510604 1 15079.5478516 0. 4.39294967585e-22 0.
1500510664 1 15041.8251953 0. 4.38709238551e-22 0.
1500510724 1 15038.5283203 0. 4.3910516925e-22 0.
1500510784 1 15017.0595703 0. 4.38921832861e-22 0.
1500510844 1 14979.5800781 0. 4.38311288448e-22 0.
1500510904 1 14954.7001953 0. 4.38041250891e-22 0.
1500510948 1 14937.2695312 0. 4.37870321214e-22 0.
1500510989 1 14924.9990234 0. 4.3783044262e-22 0.
1500511047 1 14900.0126953 0. 4.37563419527e-22 0.
1500511107 1 14874.6191406 0. 4.37286220637e-22 0.
1500511167 1 14852.9238281 0. 4.37124679155e-22 0.
1500511220 1 12680.1289062 0. 3.75052880173e-22 0.
1500511272 1 0.241291210055 0. 1.08702295522e-22 0.
1500511333 1 0.189793005586 0. 0.0 0.
1500511377 1 0.175802990794 0. 0.0 0.
1500511421 1 0.165065333247 0. 0.0 0.
1500511482 1 0.155020177364 0. 0.0 0.
1500511542 1 0.147868126631 0. 0.0 0.
1500511602 1 0.142405435443 0. 0.0 0.
1500511662 1 0.138068452477 0. 0.0 0.
1500511722 1 0.13546705246 0. 0.0 0.
1500511782 1 0.13289475441 0. 0.0 0.
1500512224 1 0.0 0. 0.0 0.
