1500861237 1 16393.9296875 0. 4.60685756469e-22 0.
1500861253 1 16388.7402344 0. 4.60727877784e-22 0.
1500861271 1 16378.7138672 0. 4.6068352061e-22 0.
1500861306 1 16352.0527344 0. 4.60311589904e-22 0.
1500861342 1 16312.0517578 0. 4.59574012243e-22 0.
1500861385 1 16264.7236328 0. 4.58691679225e-22 0.
1500861428 1 16234.7246094 0. 4.58265461562e-22 0.
1500861452 1 16216.6806641 0. 4.58047492104e-22 0.
1500861483 1 16211.4160156 0. 4.58198967993e-22 0.
1500861531 1 16220.9921875 0. 4.58895023104e-22 0.
1500861591 1 16167.2929688 0. 4.57942240142e-22 0.
1500861651 1 16175.0693359 0. 4.58671512628e-22 0.
1500861712 1 16112.3173828 0. 4.57447384292e-22 0.
1500861772 1 16050.6269531 0. 4.56231520891e-22 0.
1500861832 1 16023.5185547 0. 4.5604330842e-22 0.
1500861892 1 15981.6435547 0. 4.55449941946e-22 0.
1500861952 1 15930.7001953 0. 4.54580661087e-22 0.
1500862012 1 15890.9111328 0. 4.54065510601e-22 0.
1500862056 1 15845.5214844 0. 4.5320266089e-22 0.
1500862099 1 15862.5634766 0. 4.54140424976e-22 0.
1500862160 1 15838.3115234 0. 4.54033284143e-22 0.
1500862220 1 15791.8115234 0. 4.53290642012e-22 0.
1500862280 1 15758.6542969 0. 4.52895942012e-22 0.
1500862340 1 15725.2783203 0. 4.52522185453e-22 0.
1500862400 1 15699.3222656 0. 4.52336812761e-22 0.
1500862460 1 15672.2392578 0. 4.52131941931e-22 0.
1500862520 1 15637.7294922 0. 4.51656261751e-22 0.
1500862580 1 15599.7685547 0. 4.51098014847e-22 0.
1500862634 1 15585.6787109 0. 4.51180079933e-22 0.
1500862688 1 15571.7539062 0. 4.51275269314e-22 0.
1500862748 1 15542.2548828 0. 4.50945821061e-22 0.
1500862808 1 15520.9443359 0. 4.50848387349e-22 0.
1500862868 1 15492.6347656 0. 4.50553153365e-22 0.
1500862928 1 15465.5292969 0. 4.50321880112e-22 0.
1500862989 1 15437.8193359 0. 4.49998175308e-22 0.
1500863033 1 15410.0878906 0. 4.49587449157e-22 0.
1500863074 1 15390.5722656 0. 4.49397071077e-22 0.
1500863106 1 15371.1748047 0. 4.49107024269e-22 0.
1500863117 1 15361.6884766 0. 4.48905591492e-22 0.
1500863127 1 15361.4433594 0. 4.48993174742e-22 0.
1500863145 1 15352.6181641 0. 4.48907618745e-22 0.
1500863188 1 15343.0839844 0. 4.4901571485e-22 0.
1500863248 1 15316.8876953 0. 4.48826140203e-22 0.
1500863308 1 15293.5107422 0. 4.48665158323e-22 0.
1500863348 1 15275.0341797 0. 4.48462089782e-22 0.
1500863363 1 15268.0498047 0. 4.48367109642e-22 0.
1500863398 1 15235.0400391 0. 4.47725463918e-22 0.
1500863435 1 15202.9521484 0. 4.47059447618e-22 0.
1500863450 1 15203.7841797 0. 4.47233269966e-22 0.
1500863471 1 15186.4335938 0. 4.46918240656e-22 0.
1500863515 1 15164.3212891 0. 4.46630389562e-22 0.
1500863550 1 15158.5019531 0. 4.46766515296e-22 0.
1500863585 1 15144.7236328 0. 4.46705288061e-22 0.
1500863623 1 15129.6455078 0. 4.46581349398e-22 0.
1500863655 1 15111.5117188 0. 4.46343709751e-22 0.
1500863708 1 15086.0878906 0. 4.46051689524e-22 0.
1500863768 1 15058.1171875 0. 4.45729559234e-22 0.
1500863829 1 15034.421875 0. 4.45545567804e-22 0.
1500863864 1 15019.3007812 0. 4.45391100074e-22 0.
1500863896 1 14989.1171875 0. 4.4476926862e-22 0.
1500863954 1 14940.1748047 0. 4.4382275008e-22 0.
1500864014 1 14909.4355469 0. 4.43385042426e-22 0.
1500864074 1 14882.140625 0. 4.43077985244e-22 0.
1500864134 1 14848.1875 0. 4.42599999994e-22 0.
1500864195 1 14818.4013672 0. 4.42202676838e-22 0.
1500864255 1 14519.1113281 0. 4.33752468832e-22 0.
1500864315 1 14297.3261719 0. 4.27638776974e-22 0.
1500864375 1 14550.8632812 0. 4.35672940035e-22 0.
1500864435 1 14930.1005859 0. 4.4750588074e-22 0.
1500864495 1 15152.7070312 0. 4.54659074478e-22 0.
1500864555 1 15132.1416016 0. 4.54554025556e-22 0.
1500864615 1 15112.6474609 0. 4.54463121231e-22 0.
1500864675 1 15090.9892578 0. 4.54324767969e-22 0.
1500864736 1 15070.7099609 0. 4.54234021911e-22 0.
1500864796 1 15046.8701172 0. 4.54036260635e-22 0.
1500864856 1 15021.3076172 0. 4.53769395759e-22 0.
1500864916 1 15005.2480469 0. 4.53745772391e-22 0.
1500864976 1 14983.0126953 0. 4.53572201005e-22 0.
1500865036 1 14958.8417969 0. 4.53335601494e-22 0.
1500865096 1 14932.3623047 0. 4.53043937557e-22 0.
1500865156 1 14909.4492188 0. 4.52841303178e-22 0.
1500865216 1 14890.1826172 0. 4.52755694231e-22 0.
1500865277 1 14869.8623047 0. 4.52659414234e-22 0.
1500865337 1 14849.2607422 0. 4.52544310441e-22 0.
1500865397 1 14826.2128906 0. 4.52340855161e-22 0.
1500865457 1 14802.4863281 0. 4.52092877769e-22 0.
1500865517 1 14782.8427734 0. 4.51994721821e-22 0.
1500865577 1 14755.8769531 0. 4.51683769786e-22 0.
1500865637 1 14732.5283203 0. 4.51476699504e-22 0.
1500865691 1 14715.5087891 0. 4.51403691235e-22 0.
1500865744 1 14698.4179688 0. 4.51322998861e-22 0.
1500865795 1 14680.0009766 0. 4.51152120876e-22 0.
1500865844 1 14659.5527344 0. 4.50916533945e-22 0.
1500865891 1 14646.8417969 0. 4.50900704335e-22 0.
1500865918 1 14636.6738281 0. 4.5079770132e-22 0.
1500865930 1 14633.4746094 0. 4.50796391833e-22 0.
1500865965 1 14623.4863281 0. 4.50793484846e-22 0.
1500866024 1 14603.5029297 0. 4.50630496411e-22 0.
1500866059 1 14588.5195312 0. 4.50444422762e-22 0.
1500866077 1 14586.7949219 0. 4.5053134437e-22 0.
1500866118 1 14572.2070312 0. 4.50422439885e-22 0.
1500866178 1 14549.6259766 0. 4.50223654676e-22 0.
1500866238 1 14529.3789062 0. 4.50094979796e-22 0.
1500866292 1 14515.6689453 0. 4.50096069298e-22 0.
1500866333 1 14506.8896484 0. 4.50180442428e-22 0.
1500866380 1 14490.3642578 0. 4.50010964796e-22 0.
1500866427 1 14465.5576172 0. 4.49574963781e-22 0.
1500866471 1 14432.2363281 0. 4.48890069854e-22 0.
1500866528 1 14414.7148438 0. 4.48818409987e-22 0.
1500866588 1 14395.4228516 0. 4.48686457124e-22 0.
1500866648 1 14376.0507812 0. 4.48570290727e-22 0.
1500866708 1 14354.7578125 0. 4.48406769873e-22 0.
1500866768 1 14333.5273438 0. 4.48241228445e-22 0.
1500866828 1 14301.7822266 0. 4.47703939633e-22 0.
1500866889 1 14282.1640625 0. 4.47554058321e-22 0.
1500866949 1 14265.1005859 0. 4.47503309231e-22 0.
1500867009 1 14244.2978516 0. 4.47328060658e-22 0.
1500867069 1 14224.9375 0. 4.47174942589e-22 0.
1500867129 1 14209.4707031 0. 4.47167894251e-22 0.
1500867189 1 14185.9101562 0. 4.46874928276e-22 0.
1500867243 1 14164.8046875 0. 4.46638245172e-22 0.
1500867295 1 14160.7128906 0. 4.46902599606e-22 0.
1500867354 1 14133.7939453 0. 4.46500116588e-22 0.
1500867414 1 14117.9277344 0. 4.46458433552e-22 0.
1500867474 1 14099.0234375 0. 4.46336781547e-22 0.
1500867510 1 14088.9765625 0. 4.46287446743e-22 0.
1500867546 1 14078.5996094 0. 4.46222038711e-22 0.
1500867606 1 14055.9453125 0. 4.45986528116e-22 0.
1500867641 1 14043.2119141 0. 4.45856644058e-22 0.
1500867676 1 14024.5976562 0. 4.45518007502e-22 0.
1500867736 1 14009.9726562 0. 4.45507157971e-22 0.
1500867796 1 13991.9560547 0. 4.45400880599e-22 0.
1500867857 1 13973.7382812 0. 4.45300729713e-22 0.
1500867917 1 13956.9765625 0. 4.45220864735e-22 0.
1500867977 1 13943.1328125 0. 4.45247223387e-22 0.
1500868037 1 13926.1748047 0. 4.45143538765e-22 0.
1500868097 1 13899.3710938 0. 4.44748663466e-22 0.
1500868132 1 13896.40625 0. 4.44930449639e-22 0.
1500868168 1 13878.2285156 0. 4.44640725964e-22 0.
1500868228 1 13870.8271484 0. 4.44847029456e-22 0.
1500868288 1 13857.0439453 0. 4.44871561794e-22 0.
1500868348 1 13828.1699219 0. 4.44406193934e-22 0.
1500868408 1 13801.0097656 0. 4.43978749546e-22 0.
1500868468 1 13799.0664062 0. 4.44382241619e-22 0.
1500868528 1 13778.0068359 0. 4.44178242171e-22 0.
