1501286027 1 3716.75341797 0. 4.70231361648e-22 0.
1501286087 1 3707.53125 0. 4.69653452889e-22 0.
1501286147 1 3709.8972168 0. 4.70483448925e-22 0.
1501286207 1 3698.90576172 0. 4.69620752765e-22 0.
1501286242 1 3705.22338867 0. 4.70769142009e-22 0.
1501286278 1 3690.63500977 0. 4.69213452601e-22 0.
1501286338 1 3681.99536133 0. 4.68761280985e-22 0.
1501286398 1 3675.57470703 0. 4.68588396181e-22 0.
1501286459 1 3668.69262695 0. 4.68371942358e-22 0.
1501286499 1 3664.27539062 0. 4.68228661239e-22 0.
1501286539 1 3660.1315918 0. 4.68132474746e-22 0.
1501286599 1 3654.16210938 0. 4.67998744466e-22 0.
1501286634 1 1141.04931641 0. 1.98666570688e-22 0.
1501286670 1 0.0337564647198 0. 0.0 0.
1501286730 1 0.0308295059949 0. 0.0 0.
1501286790 1 0.0295936036855 0. 0.0 0.
1501286850 1 0.0288213230669 0. 0.0 0.
1501286910 1 0.0283407978714 0. 0.0 0.
1501286970 1 0.0278204400092 0. 0.0 0.
1501287030 1 0.0277825295925 0. 0.0 0.
