1501364557 1 14635.1748047 0. 4.6241376502e-22 0.
1501364617 1 14612.5214844 0. 4.62248566969e-22 0.
1501364663 1 14616.9873047 0. 4.62767594973e-22 0.
1501364692 1 14563.5917969 0. 4.61362254463e-22 0.
1501364735 1 14595.7988281 0. 4.62781490167e-22 0.
1501364770 1 14540.5429688 0. 4.61333149781e-22 0.
1501364806 1 14525.9511719 0. 4.61239888646e-22 0.
1501364866 1 14500.8916016 0. 4.61067290915e-22 0.
1501364926 1 14476.3310547 0. 4.60930558226e-22 0.
1501364986 1 14456.3085938 0. 4.60848580751e-22 0.
1501365045 1 14437.2578125 0. 4.60819157129e-22 0.
1501365104 1 14416.0380859 0. 4.60721505785e-22 0.
1501365164 1 14391.2958984 0. 4.60510495897e-22 0.
1501365224 1 14367.8554688 0. 4.6034693813e-22 0.
1501365284 1 14344.2011719 0. 4.60213713075e-22 0.
1501365345 1 14318.6455078 0. 4.59989756596e-22 0.
1501365404 1 14294.1845703 0. 4.59763435125e-22 0.
1501365462 1 14270.0341797 0. 4.59552522693e-22 0.
1501365497 1 14255.3662109 0. 4.59415572249e-22 0.
1501365533 1 14242.5898438 0. 4.59369478296e-22 0.
1501365593 1 14225.1123047 0. 4.59383854125e-22 0.
1501365653 1 14197.9072266 0. 4.59066094531e-22 0.
1501365713 1 14173.3388672 0. 4.58850313917e-22 0.
1501365773 1 14149.6474609 0. 4.58675800092e-22 0.
1501365833 1 14133.8632812 0. 4.58765043043e-22 0.
1501365869 1 14094.6230469 0. 4.57779321305e-22 0.
1501365879 1 14057.2724609 0. 4.56650940764e-22 0.
1501365911 1 14055.8183594 0. 4.56945405803e-22 0.
1501365968 1 14031.1376953 0. 4.56672046455e-22 0.
1501366003 1 14013.8125 0. 4.56364607953e-22 0.
1501366039 1 14004.2734375 0. 4.56444631152e-22 0.
1501366099 1 13973.8671875 0. 4.5596844892e-22 0.
1501366159 1 13945.1113281 0. 4.55583919617e-22 0.
1501366219 1 13924.7216797 0. 4.55448920694e-22 0.
1501366263 1 13902.6679688 0. 4.55173089876e-22 0.
1501366308 1 13874.9306641 0. 4.54661398763e-22 0.
1501366368 1 13845.9785156 0. 4.54229575492e-22 0.
1501366429 1 13827.6523438 0. 4.54164955951e-22 0.
1501366489 1 13809.7021484 0. 4.54093906147e-22 0.
1501366549 1 13778.8496094 0. 4.53585522811e-22 0.
1501366584 1 13776.8974609 0. 4.53812034477e-22 0.
1501366619 1 13763.9121094 0. 4.53727155198e-22 0.
1501366679 1 13736.5664062 0. 4.53316622452e-22 0.
1501366739 1 13719.2636719 0. 4.53246098746e-22 0.
1501366800 1 13682.2255859 0. 4.52497226613e-22 0.
1501366860 1 13664.0302734 0. 4.52392631647e-22 0.
1501366920 1 13636.3847656 0. 4.51943122412e-22 0.
1501366969 1 13620.3291016 0. 4.51810117997e-22 0.
1501367019 1 13592.3701172 0. 4.51287821998e-22 0.
1501367079 1 13554.6435547 0. 4.50538490983e-22 0.
1501367139 1 13541.9199219 0. 4.50602115324e-22 0.
1501367199 1 13524.6230469 0. 4.50493979729e-22 0.
1501367259 1 13487.828125 0. 4.49742485145e-22 0.
1501367320 1 13469.6962891 0. 4.49629040671e-22 0.
1501367380 1 13450.4726562 0. 4.49450968515e-22 0.
1501367440 1 13423.5458984 0. 4.49016499242e-22 0.
1501367500 1 13392.4921875 0. 4.48462937342e-22 0.
1501367540 1 13369.8447266 0. 4.47995003448e-22 0.
1501367580 1 13364.3066406 0. 4.48138808688e-22 0.
1501367615 1 13356.3535156 0. 4.48142085235e-22 0.
1501367651 1 13341.875 0. 4.47917326392e-22 0.
1501367711 1 13314.5214844 0. 4.47471736495e-22 0.
1501367771 1 13297.6025391 0. 4.47377941196e-22 0.
1501367831 1 13275.0576172 0. 4.47099910501e-22 0.
1501367891 1 13251.9355469 0. 4.46784670904e-22 0.
1501367951 1 13229.0908203 0. 4.4647887511e-22 0.
1501368011 1 13214.5488281 0. 4.46457135184e-22 0.
1501368072 1 13193.6171875 0. 4.46217592955e-22 0.
1501368132 1 13174.9570312 0. 4.46040426882e-22 0.
1501368192 1 13156.5 0. 4.45893094967e-22 0.
1501368252 1 13129.1113281 0. 4.45400919406e-22 0.
1501368287 1 13120.640625 0. 4.45389854695e-22 0.
1501368323 1 13102.6337891 0. 4.45061338868e-22 0.
1501368383 1 13076.8623047 0. 4.44616705034e-22 0.
1501368443 1 13045.6787109 0. 4.44013600346e-22 0.
1501368503 1 13001.6591797 0. 4.42968596582e-22 0.
1501368563 1 13017.3828125 0. 4.43973589709e-22 0.
1501368623 1 12983.9824219 0. 4.43274063202e-22 0.
1501368683 1 12980.0957031 0. 4.4360885113e-22 0.
1501368743 1 12944.3173828 0. 4.42824090248e-22 0.
1501368804 1 12933.6962891 0. 4.42911340181e-22 0.
1501368864 1 12916.4716797 0. 4.42763142216e-22 0.
1501368899 1 12898.9716797 0. 4.42440530677e-22 0.
1501368934 1 12850.7851562 0. 4.41051155948e-22 0.
1501368969 1 12839.9375 0. 4.40907942158e-22 0.
1501369004 1 12836.3076172 0. 4.4107301252e-22 0.
1501369065 1 12805.1933594 0. 4.40446926814e-22 0.
1501369125 1 12797.375 0. 4.40611320863e-22 0.
1501369185 1 12776.3720703 0. 4.40355493669e-22 0.
1501369245 1 12747.2324219 0. 4.39778478023e-22 0.
1501369305 1 12721.9755859 0. 4.39355507405e-22 0.
1501369359 1 12736.9345703 0. 4.40264730169e-22 0.
1501369413 1 12686.7060547 0. 4.38908433774e-22 0.
1501369473 1 12665.9023438 0. 4.38623332396e-22 0.
1501369533 1 12637.9521484 0. 4.38086077868e-22 0.
1501369593 1 12611.3857422 0. 4.37617488754e-22 0.
1501369628 1 12617.6904297 0. 4.38056353916e-22 0.
1501369664 1 12610.4267578 0. 4.38069975902e-22 0.
1501369724 1 12585.6582031 0. 4.37639151353e-22 0.
1501369784 1 12562.46875 0. 4.37276273664e-22 0.
1501369844 1 12536.9130859 0. 4.36818231592e-22 0.
1501369904 1 12506.5595703 0. 4.36187394079e-22 0.
1501369964 1 12507.7001953 0. 4.36684916991e-22 0.
1501370024 1 12456.5058594 0. 4.35332121306e-22 0.
1501370085 1 12429.5498047 0. 4.34811983268e-22 0.
1501370145 1 12397.0166016 0. 4.34093647117e-22 0.
1501370205 1 12411.2421875 0. 4.35046514419e-22 0.
1501370265 1 12390.9462891 0. 4.34760917062e-22 0.
1501370325 1 12349.9970703 0. 4.33758486033e-22 0.
1501370385 1 12320.4160156 0. 4.33159891792e-22 0.
1501370445 1 12292.1142578 0. 4.32614957117e-22 0.
1501370505 1 12272.9121094 0. 4.32401310443e-22 0.
1501370565 1 12242.9023438 0. 4.31769236919e-22 0.
1501370625 1 12250.7197266 0. 4.32467068146e-22 0.
1501370686 1 12213.0859375 0. 4.31559886975e-22 0.
1501370737 1 12187.1630859 0. 4.31013055776e-22 0.
1501370788 1 12155.9951172 0. 4.30290164724e-22 0.
1501370848 1 12131.4384766 0. 4.29850396286e-22 0.
1501370908 1 12119.5722656 0. 4.29862781519e-22 0.
1501370968 1 12080.828125 0. 4.28920604867e-22 0.
1501371029 1 12104.2197266 0. 4.30180003753e-22 0.
1501371089 1 12070.0957031 0. 4.29392918162e-22 0.
1501371149 1 12040.7753906 0. 4.28759679515e-22 0.
1501371209 1 12025.5419922 0. 4.28604020534e-22 0.
1501371269 1 11997.6513672 0. 4.28042658693e-22 0.
1501371329 1 11961.2333984 0. 4.27157089337e-22 0.
1501371389 1 11956.8037109 0. 4.2739085429e-22 0.
1501371449 1 11930.9306641 0. 4.26871892327e-22 0.
1501371509 1 12061.8251953 0. 4.32037272925e-22 0.
1501371570 1 12113.3867188 0. 4.34483539117e-22 0.
1501371630 1 12041.8330078 0. 4.32421915709e-22 0.
1501371690 1 11886.0361328 0. 4.27298085975e-22 0.
1501371750 1 11971.3945312 0. 4.30887955033e-22 0.
1501371810 1 12311.7919922 0. 4.43593128283e-22 0.
1501371861 1 12872.8417969 0. 4.64209762715e-22 0.
1501371911 1 12861.234375 0. 4.64220693996e-22 0.
1501371971 1 12841.9238281 0. 4.64048066251e-22 0.
1501372031 1 12821.3828125 0. 4.63793598913e-22 0.
1501372092 1 12806.9990234 0. 4.63776361841e-22 0.
1501372152 1 12794.4580078 0. 4.63807393808e-22 0.
1501372203 1 12774.5869141 0. 4.63511994637e-22 0.
1501372254 1 12765.2392578 0. 4.6361446481e-22 0.
1501372315 1 12753.5683594 0. 4.63663051951e-22 0.
1501372375 1 12732.125 0. 4.63363490419e-22 0.
1501372435 1 12709.5732422 0. 4.63068864644e-22 0.
1501372495 1 12699.953125 0. 4.63198605612e-22 0.
1501372555 1 12682.6464844 0. 4.63034796986e-22 0.
1501372615 1 12671.9736328 0. 4.63168451182e-22 0.
1501372675 1 12647.3212891 0. 4.62724701648e-22 0.
1501372735 1 12629.2802734 0. 4.6255536638e-22 0.
1501372771 1 12623.5546875 0. 4.6261907175e-22 0.
1501372807 1 12613.6308594 0. 4.62579766335e-22 0.
1501372843 1 12604.7822266 0. 4.62551384284e-22 0.
1501372878 1 12593.9238281 0. 4.62443962377e-22 0.
1501372938 1 12583.2636719 0. 4.62499705791e-22 0.
1501372998 1 12565.3896484 0. 4.62364939341e-22 0.
1501373058 1 12546.859375 0. 4.62146606425e-22 0.
1501373118 1 12534.5673828 0. 4.62167119646e-22 0.
1501373178 1 12521.5546875 0. 4.62177867947e-22 0.
1501373238 1 12502.6455078 0. 4.61965114201e-22 0.
1501373299 1 12486.3876953 0. 4.61842504918e-22 0.
1501373359 1 12473.1503906 0. 4.61822893033e-22 0.
1501373419 1 12459.6542969 0. 4.61807726614e-22 0.
1501373479 1 12447.1152344 0. 4.61818327145e-22 0.
1501373539 1 12430.2988281 0. 4.61674009225e-22 0.
1501373599 1 12415.0664062 0. 4.61597484667e-22 0.
1501373659 1 12399.5371094 0. 4.6149322941e-22 0.
1501373719 1 12381.7548828 0. 4.61298277598e-22 0.
1501373779 1 12363.7695312 0. 4.61095608272e-22 0.
1501373840 1 12351.25 0. 4.61117827988e-22 0.
1501373900 1 12337.2763672 0. 4.61054971488e-22 0.
1501373960 1 12322.2998047 0. 4.60985306306e-22 0.
1501374020 1 12305.3828125 0. 4.60809472084e-22 0.
1501374080 1 12281.1298828 0. 4.60366040981e-22 0.
1501374140 1 12268.3408203 0. 4.60343134052e-22 0.
1501374200 1 12255.8535156 0. 4.60336664926e-22 0.
1501374260 1 12240.84375 0. 4.60247903242e-22 0.
1501374320 1 12224.5039062 0. 4.60106725952e-22 0.
1501374381 1 12210.2363281 0. 4.60027522455e-22 0.
1501374425 1 12200.1210938 0. 4.5998136478e-22 0.
1501374470 1 12190.6894531 0. 4.5999975584e-22 0.
1501374531 1 12173.1367188 0. 4.5979555909e-22 0.
1501374591 1 12159.2001953 0. 4.59731835069e-22 0.
1501374649 1 12142.2490234 0. 4.59540474733e-22 0.
1501374708 1 12128.5380859 0. 4.59458761885e-22 0.
1501374743 1 12122.5019531 0. 4.59469267677e-22 0.
1501374779 1 12116.7363281 0. 4.59559355296e-22 0.
1501374827 1 12104.0947266 0. 4.5944047782e-22 0.
1501374876 1 12090.2314453 0. 4.59301297909e-22 0.
1501374911 1 12082.7539062 0. 4.59294011387e-22 0.
1501374947 1 12070.7236328 0. 4.59097122216e-22 0.
1501375001 1 12061.0742188 0. 4.59136739763e-22 0.
1501375056 1 12047.9755859 0. 4.59083908481e-22 0.
1501375091 1 12035.5830078 0. 4.58878093667e-22 0.
1501375126 1 12025.9570312 0. 4.5879364009e-22 0.
1501375187 1 12009.9882812 0. 4.58634189813e-22 0.
1501375247 1 12008.4746094 0. 4.59053284659e-22 0.
1501375307 1 11991.8408203 0. 4.58881561146e-22 0.
1501375367 1 11975.9462891 0. 4.58741927897e-22 0.
1501375427 1 11751.8671875 0. 4.50616123047e-22 0.
1501375487 1 11466.3330078 0. 4.40140783109e-22 0.
1501375547 1 11857.3076172 0. 4.55569696511e-22 0.
1501375594 1 11951.6855469 0. 4.59547468353e-22 0.
1501375642 1 11945.0332031 0. 4.59645030001e-22 0.
1501375677 1 11936.3339844 0. 4.59578116187e-22 0.
1501375712 1 11929.3134766 0. 4.59596855868e-22 0.
1501375772 1 11918.8212891 0. 4.59652228876e-22 0.
1501375832 1 11905.3164062 0. 4.59604237128e-22 0.
1501375892 1 11888.3525391 0. 4.59391762564e-22 0.
1501375952 1 11872.9541016 0. 4.59249221388e-22 0.
1501376013 1 11857.8710938 0. 4.59120473615e-22 0.
1501376073 1 11847.1425781 0. 4.59185305199e-22 0.
1501376133 1 11831.3964844 0. 4.59044218358e-22 0.
1501376193 1 11820.7041016 0. 4.59093914249e-22 0.
1501376253 1 11809.0712891 0. 4.59110094095e-22 0.
1501376313 1 11793.8486328 0. 4.58988587225e-22 0.
1501376373 1 11780.1796875 0. 4.58918046966e-22 0.
1501376433 1 11765.6865234 0. 4.58803124371e-22 0.
1501376493 1 11753.3203125 0. 4.58774759939e-22 0.
1501376554 1 11741.8779297 0. 4.58788783433e-22 0.
1501376614 1 11728.8691406 0. 4.58731887472e-22 0.
1501376663 1 11715.6289062 0. 4.58581169021e-22 0.
1501376713 1 11705.609375 0. 4.58554533593e-22 0.
1501376773 1 11692.7880859 0. 4.58521346493e-22 0.
1501376811 1 11684.890625 0. 4.58509670401e-22 0.
1501376848 1 11677.4980469 0. 4.5851078829e-22 0.
1501376908 1 11663.2539062 0. 4.58400011434e-22 0.
1501376968 1 11650.9199219 0. 4.58370553393e-22 0.
1501377028 1 11636.9726562 0. 4.58279201895e-22 0.
1501377088 1 11624.3701172 0. 4.58236617979e-22 0.
1501377148 1 11612.2607422 0. 4.5821593075e-22 0.
1501377209 1 11596.75 0. 4.58062825631e-22 0.
1501377269 1 11586.0 0. 4.58093880814e-22 0.
1501377329 1 11572.7939453 0. 4.58018500394e-22 0.
1501377389 1 11561.4111328 0. 4.58028388964e-22 0.
1501377449 1 11544.9882812 0. 4.57863391351e-22 0.
1501377509 1 11529.5292969 0. 4.57706206522e-22 0.
1501377569 1 11520.2246094 0. 4.57772593569e-22 0.
1501377629 1 11507.484375 0. 4.57715530032e-22 0.
1501377689 1 11493.8798828 0. 4.57633167417e-22 0.
1501377750 1 11478.8984375 0. 4.57506254657e-22 0.
1501377810 1 11463.1357422 0. 4.57330403756e-22 0.
1501377870 1 11450.1894531 0. 4.57292361021e-22 0.
1501377930 1 11437.8720703 0. 4.57274496697e-22 0.
1501377990 1 11426.1425781 0. 4.57270012622e-22 0.
1501378050 1 11415.9267578 0. 4.57296332078e-22 0.
1501378110 1 11402.1572266 0. 4.5720020371e-22 0.
1501378170 1 11389.5351562 0. 4.5713386847e-22 0.
1501378230 1 11373.8017578 0. 4.56953538489e-22 0.
1501378291 1 11366.1152344 0. 4.57084720045e-22 0.
1501378351 1 11354.484375 0. 4.57075060906e-22 0.
1501378411 1 11341.0644531 0. 4.56994589282e-22 0.
1501378471 1 11325.4208984 0. 4.56818880008e-22 0.
1501378531 1 11314.9052734 0. 4.56856381982e-22 0.
1501378591 1 11301.8310547 0. 4.56768815598e-22 0.
1501378651 1 11288.5371094 0. 4.56675141037e-22 0.
1501378711 1 11275.4248047 0. 4.56598887893e-22 0.
1501378771 1 11263.875 0. 4.56592706208e-22 0.
1501378832 1 11249.8222656 0. 4.56479091343e-22 0.
1501378890 1 11236.1367188 0. 4.56353138276e-22 0.
1501378948 1 11226.1591797 0. 4.56370376528e-22 0.
1501378984 1 11219.4501953 0. 4.56361382909e-22 0.
1501379021 1 11211.8193359 0. 4.56307082167e-22 0.
1501379073 1 11204.0703125 0. 4.56387761192e-22 0.
1501379125 1 11193.6123047 0. 4.563567004e-22 0.
1501379185 1 11401.9013672 0. 4.65458089244e-22 0.
1501379246 1 11452.1630859 0. 4.68240856107e-22 0.
1501379306 1 11442.6757812 0. 4.6841954523e-22 0.
1501379366 1 11290.1181641 0. 4.6271183544e-22 0.
1501379426 1 10938.5625 0. 4.48859266266e-22 0.
1501379486 1 11285.9541016 0. 4.63611542447e-22 0.
1501379546 1 11394.3486328 0. 4.68581776401e-22 0.
1501379606 1 11381.9990234 0. 4.68595450502e-22 0.
1501379666 1 11368.0361328 0. 4.68568784536e-22 0.
1501379726 1 11358.2919922 0. 4.68712357878e-22 0.
1501379787 1 11340.0292969 0. 4.68484340955e-22 0.
1501379847 1 11325.7333984 0. 4.68387803349e-22 0.
1501379907 1 11312.234375 0. 4.68321577566e-22 0.
1501379967 1 11299.5283203 0. 4.68246105854e-22 0.
1501380027 1 11286.7617188 0. 4.68162809227e-22 0.
1501380087 1 11273.9960938 0. 4.68097203373e-22 0.
1501380147 1 11260.9570312 0. 4.68024967012e-22 0.
1501380189 1 11248.6777344 0. 4.67815864614e-22 0.
1501380211 1 11244.0537109 0. 4.67803320581e-22 0.
1501380253 1 11232.4013672 0. 4.67639217403e-22 0.
1501380313 1 11222.8769531 0. 4.67714145952e-22 0.
1501380373 1 11210.3291016 0. 4.67647006069e-22 0.
1501380433 1 11194.5478516 0. 4.67455840817e-22 0.
1501380493 1 11182.0751953 0. 4.67403467108e-22 0.
1501380553 1 11169.7910156 0. 4.67347295683e-22 0.
1501380614 1 11159.4755859 0. 4.67401741656e-22 0.
1501380674 1 11145.6152344 0. 4.67311471569e-22 0.
1501380734 1 11132.0859375 0. 4.67216514701e-22 0.
1501380775 1 11126.6523438 0. 4.67318354657e-22 0.
1501380816 1 11117.7773438 0. 4.67279565127e-22 0.
1501380863 1 11108.7568359 0. 4.67271225914e-22 0.
1501380909 1 11097.1367188 0. 4.67149674179e-22 0.
1501380969 1 11084.5166016 0. 4.67086783695e-22 0.
1501381029 1 11071.2119141 0. 4.67003252549e-22 0.
1501381089 1 11056.5800781 0. 4.66862024087e-22 0.
1501381149 1 11045.5195312 0. 4.66853255678e-22 0.
1501381209 1 11032.0966797 0. 4.66777620892e-22 0.
1501381259 1 11019.6064453 0. 4.6663459676e-22 0.
1501381309 1 11009.0253906 0. 4.6654652929e-22 0.
1501381344 1 11002.9794922 0. 4.66537339491e-22 0.
1501381379 1 10992.2080078 0. 4.66389697983e-22 0.
1501381439 1 10966.3105469 0. 4.65764682196e-22 0.
1501381499 1 10938.9482422 0. 4.65037844071e-22 0.
1501381559 1 10926.5703125 0. 4.64992734357e-22 0.
1501381619 1 10912.6201172 0. 4.64888524059e-22 0.
1501381662 1 10901.7988281 0. 4.64755310059e-22 0.
1501381704 1 10890.9121094 0. 4.64627417108e-22 0.
1501381740 1 10881.1181641 0. 4.64491849278e-22 0.
1501381775 1 10872.5576172 0. 4.64423504652e-22 0.
1501381824 1 10862.8251953 0. 4.64371284107e-22 0.
1501381873 1 10854.9599609 0. 4.64415672774e-22 0.
1501381908 1 10847.71875 0. 4.64376680639e-22 0.
1501381943 1 10839.0537109 0. 4.64297439791e-22 0.
1501382003 1 10826.2929688 0. 4.64236865588e-22 0.
1501382063 1 10811.8232422 0. 4.64090773248e-22 0.
1501382123 1 10798.9824219 0. 4.6403749023e-22 0.
1501382183 1 10785.0664062 0. 4.63946810649e-22 0.
1501382244 1 10770.7519531 0. 4.63821659843e-22 0.
1501382304 1 10758.9785156 0. 4.63802743281e-22 0.
1501382339 1 10750.4599609 0. 4.63734312277e-22 0.
1501382374 1 10741.3896484 0. 4.63647945453e-22 0.
1501382434 1 10727.6162109 0. 4.63521298759e-22 0.
1501382495 1 10716.7529297 0. 4.63556640092e-22 0.
1501382555 1 10705.1113281 0. 4.63525134028e-22 0.
1501382615 1 10689.8027344 0. 4.63332923164e-22 0.
1501382675 1 10676.4472656 0. 4.63238112793e-22 0.
1501382735 1 10660.6298828 0. 4.63014378246e-22 0.
1501382795 1 10648.7841797 0. 4.62982759102e-22 0.
1501382855 1 10636.6337891 0. 4.62948848989e-22 0.
1501382915 1 10623.2460938 0. 4.62851865781e-22 0.
1501382975 1 10607.3447266 0. 4.62634933346e-22 0.
1501383036 1 10597.9433594 0. 4.62701327982e-22 0.
1501383096 1 10585.2783203 0. 4.62622421354e-22 0.
1501383156 1 10571.2890625 0. 4.62488324455e-22 0.
1501383216 1 10559.9199219 0. 4.62453033712e-22 0.
1501383276 1 10546.0771484 0. 4.62337693844e-22 0.
1501383336 1 10529.8583984 0. 4.62064489365e-22 0.
1501383396 1 10523.4951172 0. 4.62257714806e-22 0.
1501383456 1 10510.2001953 0. 4.62155476571e-22 0.
1501383517 1 10456.7939453 0. 4.60263453519e-22 0.
1501383577 1 10483.3916016 0. 4.61901001402e-22 0.
1501383637 1 10477.0615234 0. 4.62078326347e-22 0.
1501383697 1 10464.1484375 0. 4.61948165936e-22 0.
1501383757 1 10450.9804688 0. 4.61833817726e-22 0.
1501383817 1 10447.2207031 0. 4.62144493499e-22 0.
1501383877 1 10437.1875 0. 4.62175090013e-22 0.
1501383937 1 10423.5039062 0. 4.62026874309e-22 0.
1501383997 1 10414.7734375 0. 4.62096862893e-22 0.
1501384058 1 10403.9335938 0. 4.6208326476e-22 0.
1501384118 1 10387.0761719 0. 4.61794859777e-22 0.
1501384178 1 10383.6708984 0. 4.62111532117e-22 0.
1501384238 1 10369.3369141 0. 4.61943341003e-22 0.
1501384298 1 10355.375 0. 4.6179348906e-22 0.
1501384358 1 10335.4511719 0. 4.61343909352e-22 0.
1501384418 1 10326.7841797 0. 4.61418168408e-22 0.
1501384478 1 10303.6542969 0. 4.60835055759e-22 0.
1501384538 1 10307.1425781 0. 4.61456172202e-22 0.
1501384599 1 10287.5966797 0. 4.61038300786e-22 0.
1501384659 1 10272.7871094 0. 4.60831337656e-22 0.
1501384719 1 10263.3427734 0. 4.60866079925e-22 0.
1501384754 1 10258.8320312 0. 4.60894329979e-22 0.
1501384789 1 10250.8105469 0. 4.60810585185e-22 0.
1501384849 1 10230.6845703 0. 4.60362140115e-22 0.
1501384910 1 10229.8808594 0. 4.60778180267e-22 0.
1501384970 1 10215.6572266 0. 4.60594272343e-22 0.
1501385030 1 10202.1064453 0. 4.60433302676e-22 0.
1501385090 1 10181.3662109 0. 4.59947117635e-22 0.
1501385150 1 10187.2333984 0. 4.60672538768e-22 0.
1501385210 1 10171.5566406 0. 4.60402049747e-22 0.
1501385270 1 10164.2314453 0. 4.60522214418e-22 0.
1501385330 1 10145.4443359 0. 4.60102309442e-22 0.
1501385390 1 10137.859375 0. 4.60211792046e-22 0.
1501385451 1 10132.5722656 0. 4.60402366002e-22 0.
1501385511 1 10118.0146484 0. 4.60210307588e-22 0.
1501385571 1 10106.9882812 0. 4.60146074146e-22 0.
1501385631 1 10088.3037109 0. 4.59740963478e-22 0.
1501385691 1 10083.6416016 0. 4.59982229838e-22 0.
1501385743 1 10071.0175781 0. 4.59805950374e-22 0.
1501385795 1 10068.8994141 0. 4.60108272677e-22 0.
1501385831 1 10059.9423828 0. 4.59950658356e-22 0.
1501385866 1 10054.9316406 0. 4.60034562149e-22 0.
1501385926 1 10042.8789062 0. 4.59931333431e-22 0.
1501385986 1 10037.9658203 0. 4.60181571575e-22 0.
1501386046 1 10028.296875 0. 4.60187495946e-22 0.
1501386106 1 10015.1425781 0. 4.60042651953e-22 0.
1501386166 1 10006.9716797 0. 4.60152508505e-22 0.
1501386227 1 9997.15136719 0. 4.60175663729e-22 0.
1501386287 1 9990.26074219 0. 4.60319347145e-22 0.
1501386347 1 9976.08789062 0. 4.60133197486e-22 0.
1501386407 1 9960.3828125 0. 4.59851377018e-22 0.
1501386467 1 9949.57128906 0. 4.59784537354e-22 0.
1501386527 1 9938.98046875 0. 4.59764743098e-22 0.
1501386587 1 9931.19335938 0. 4.59860109124e-22 0.
1501386647 1 9878.06347656 0. 4.57852773143e-22 0.
1501386707 1 9766.54296875 0. 4.53166380842e-22 0.
1501386768 1 9732.99902344 0. 4.52102914205e-22 0.
1501386803 1 9607.73144531 0. 4.46552332805e-22 0.
1501386838 1 9584.84960938 0. 4.45796367351e-22 0.
1501386898 1 9565.64746094 0. 4.4535885509e-22 0.
1501386958 1 9555.92773438 0. 4.45394008256e-22 0.
1501387019 1 9545.72851562 0. 4.45379786899e-22 0.
1501387079 1 9529.67285156 0. 4.45076266731e-22 0.
1501387139 1 9519.765625 0. 4.45061778642e-22 0.
1501387199 1 9518.51367188 0. 4.45461581803e-22 0.
1501387259 1 9506.33984375 0. 4.45334005982e-22 0.
1501387319 1 9497.47265625 0. 4.45351054331e-22 0.
1501387379 1 9487.22949219 0. 4.4529733414e-22 0.
1501387439 1 9473.34179688 0. 4.45092342366e-22 0.
1501387499 1 9461.50292969 0. 4.44963036507e-22 0.
1501387560 1 9452.56835938 0. 4.44998219444e-22 0.
1501387620 1 9442.40332031 0. 4.44942124619e-22 0.
1501387680 1 9432.8359375 0. 4.44930154831e-22 0.
1501387740 1 9418.55175781 0. 4.44711530436e-22 0.
1501387800 1 9413.0859375 0. 4.44876125129e-22 0.
1501387860 1 9402.65917969 0. 4.44787502131e-22 0.
1501387920 1 9390.06542969 0. 4.446204361e-22 0.
1501387980 1 9377.27734375 0. 4.44462392093e-22 0.
1501388040 1 9365.93652344 0. 4.44331075959e-22 0.
1501388101 1 9356.71582031 0. 4.44340033902e-22 0.
1501388161 1 9345.09765625 0. 4.44215576528e-22 0.
1501388221 1 9337.70507812 0. 4.44287036665e-22 0.
1501388281 1 9331.68945312 0. 4.44446430105e-22 0.
1501388341 1 9320.96972656 0. 4.44365855007e-22 0.
1501388401 1 9312.07519531 0. 4.44385645091e-22 0.
1501388461 1 9301.12597656 0. 4.44319344374e-22 0.
1501388521 1 9288.55859375 0. 4.44143328633e-22 0.
1501388581 1 9280.22363281 0. 4.44155504849e-22 0.
1501388642 1 9271.02636719 0. 4.44140668494e-22 0.
1501388702 1 9260.95703125 0. 4.44083741564e-22 0.
1501388746 1 9256.9375 0. 4.44232436531e-22 0.
1501388789 1 9245.64257812 0. 4.4400324368e-22 0.
1501388850 1 9236.55761719 0. 4.43994244106e-22 0.
1501388910 1 9228.91308594 0. 4.44060855619e-22 0.
1501388970 1 9221.82128906 0. 4.44121079311e-22 0.
1501389030 1 9213.04199219 0. 4.44146265647e-22 0.
1501389090 1 9202.55175781 0. 4.4407792812e-22 0.
1501389150 1 9192.22460938 0. 4.44012592974e-22 0.
1501389210 1 9180.79980469 0. 4.43875616144e-22 0.
1501389270 1 9169.65136719 0. 4.43774257402e-22 0.
1501389331 1 9157.40429688 0. 4.43602717228e-22 0.
1501389391 1 9146.15625 0. 4.43485972864e-22 0.
1501389451 1 9139.64453125 0. 4.4359726839e-22 0.
1501389511 1 9142.06054688 0. 4.44136517716e-22 0.
1501389571 1 9129.95410156 0. 4.43989519924e-22 0.
1501389631 1 9122.96289062 0. 4.44086043174e-22 0.
1501389691 1 9107.33203125 0. 4.43752911694e-22 0.
1501389751 1 9100.05078125 0. 4.43822595764e-22 0.
1501389811 1 9090.8671875 0. 4.43802332727e-22 0.
1501389872 1 9092.83691406 0. 4.44322607842e-22 0.
1501389932 1 9089.91015625 0. 4.44616180269e-22 0.
1501389992 1 9085.75292969 0. 4.44834751276e-22 0.
1501390052 1 9042.99609375 0. 4.43176800481e-22 0.
1501390112 1 9032.63964844 0. 4.43119384513e-22 0.
1501390172 1 9027.44238281 0. 4.43302603045e-22 0.
1501390232 1 9020.89453125 0. 4.43412533021e-22 0.
1501390292 1 9002.2265625 0. 4.42932851854e-22 0.
1501390352 1 8999.78027344 0. 4.4326064603e-22 0.
1501390413 1 8989.82519531 0. 4.4321046566e-22 0.
1501390473 1 8982.85449219 0. 4.43295515709e-22 0.
1501390533 1 8976.65234375 0. 4.43452462006e-22 0.
1501390593 1 8962.7734375 0. 4.43192455121e-22 0.
1501390653 1 8958.29492188 0. 4.4339105663e-22 0.
1501390713 1 8951.15332031 0. 4.4345777831e-22 0.
1501390773 1 8944.28710938 0. 4.4359042065e-22 0.
1501390833 1 8932.03515625 0. 4.43404725998e-22 0.
1501390894 1 8918.93261719 0. 4.43194883671e-22 0.
1501390954 1 8912.29101562 0. 4.43305170558e-22 0.
1501391014 1 8907.63378906 0. 4.43513430949e-22 0.
1501391074 1 8901.90625 0. 4.43656568738e-22 0.
1501391134 1 8891.94921875 0. 4.43583463261e-22 0.
1501391194 1 8880.71191406 0. 4.434334107e-22 0.
1501391254 1 8876.140625 0. 4.43640968687e-22 0.
1501391314 1 8872.72363281 0. 4.43911184813e-22 0.
1501391374 1 8860.73925781 0. 4.43733784109e-22 0.
1501391431 1 8851.46679688 0. 4.43665152137e-22 0.
1501391488 1 8842.64257812 0. 4.43627659841e-22 0.
1501391548 1 8834.46582031 0. 4.43624730938e-22 0.
1501391608 1 8823.00976562 0. 4.43489356953e-22 0.
1501391668 1 8813.8828125 0. 4.43445023075e-22 0.
1501391728 1 8802.33984375 0. 4.43289072199e-22 0.
1501391788 1 8794.71679688 0. 4.43318085773e-22 0.
1501391849 1 8785.5625 0. 4.43271098755e-22 0.
1501391909 1 8774.3984375 0. 4.43120405824e-22 0.
1501391969 1 8765.83300781 0. 4.43111792782e-22 0.
1501392029 1 8759.33886719 0. 4.4320546349e-22 0.
1501392089 1 8752.61914062 0. 4.43279347496e-22 0.
1501392149 1 8741.01660156 0. 4.43117191697e-22 0.
1501392209 1 8732.46972656 0. 4.43094385411e-22 0.
1501392269 1 8720.99511719 0. 4.42916903648e-22 0.
1501392329 1 8711.40234375 0. 4.42855085579e-22 0.
1501392389 1 8701.94824219 0. 4.42798764007e-22 0.
1501392450 1 8692.75390625 0. 4.42724094953e-22 0.
1501392510 1 8684.69824219 0. 4.42736170881e-22 0.
1501392570 1 8674.40234375 0. 4.42625769262e-22 0.
1501392630 1 8666.34472656 0. 4.42625901566e-22 0.
1501392690 1 8661.13183594 0. 4.42769685493e-22 0.
1501392750 1 8649.90039062 0. 4.42586134178e-22 0.
1501392810 1 8642.76660156 0. 4.42632256831e-22 0.
1501392870 1 8634.15429688 0. 4.42617175368e-22 0.
1501392931 1 8625.46484375 0. 4.42596160158e-22 0.
1501392991 1 8615.83789062 0. 4.42502370488e-22 0.
1501393051 1 8609.09179688 0. 4.42582817437e-22 0.
1501393111 1 8594.59179688 0. 4.42258506785e-22 0.
1501393171 1 8585.38964844 0. 4.42198862603e-22 0.
1501393231 1 8579.96386719 0. 4.42336150836e-22 0.
1501393291 1 8568.05859375 0. 4.42145601676e-22 0.
1501393351 1 8338.46582031 0. 4.30693475421e-22 0.
1501393411 1 8248.88183594 0. 4.26501116644e-22 0.
1501393472 1 8585.5859375 0. 4.4431502669e-22 0.
1501393532 1 8617.78027344 0. 4.46412030181e-22 0.
1501393592 1 8606.74902344 0. 4.46280304389e-22 0.
1501393652 1 8600.47460938 0. 4.4639618233e-22 0.
1501393712 1 8601.41503906 0. 4.4689746002e-22 0.
1501393772 1 8778.83691406 0. 4.56609430849e-22 0.
1501393832 1 8700.2890625 0. 4.53059876917e-22 0.
1501393892 1 8500.68554688 0. 4.4323239105e-22 0.
1501393952 1 8593.78222656 0. 4.48555977184e-22 0.
1501394013 1 8772.83300781 0. 4.58429939997e-22 0.
1501394073 1 8764.34765625 0. 4.58487754291e-22 0.
1501394133 1 8755.28710938 0. 4.58523030915e-22 0.
1501394193 1 8744.49609375 0. 4.58483827443e-22 0.
1501394253 1 8734.64648438 0. 4.58436115643e-22 0.
1501394313 1 8724.61523438 0. 4.58427103126e-22 0.
1501394373 1 8713.65234375 0. 4.58323410884e-22 0.
1501394433 1 8705.27929688 0. 4.58375586575e-22 0.
1501394494 1 8695.35742188 0. 4.58346675246e-22 0.
1501394554 1 8689.90429688 0. 4.58580433184e-22 0.
1501394614 1 8677.15625 0. 4.58400874712e-22 0.
1501394674 1 8664.93945312 0. 4.58256973839e-22 0.
1501394734 1 8657.7578125 0. 4.58354673099e-22 0.
1501394794 1 8650.91894531 0. 4.58441849063e-22 0.
1501394854 1 8638.93066406 0. 4.58290342107e-22 0.
1501394914 1 8628.28320312 0. 4.58214239545e-22 0.
1501394974 1 8620.3046875 0. 4.58265755105e-22 0.
1501395035 1 8614.23144531 0. 4.5842613301e-22 0.
1501395095 1 8604.2578125 0. 4.58366761578e-22 0.
1501395155 1 8593.0625 0. 4.58266217496e-22 0.
1501395215 1 8583.546875 0. 4.58233154354e-22 0.
1501395275 1 8574.48046875 0. 4.58229550692e-22 0.
1501395335 1 8565.57519531 0. 4.58225411295e-22 0.
1501395395 1 8554.56542969 0. 4.58106521326e-22 0.
1501395455 1 8544.47558594 0. 4.58073688174e-22 0.
1501395515 1 8538.08984375 0. 4.58203963614e-22 0.
1501395576 1 8530.79980469 0. 4.58286252363e-22 0.
1501395636 1 8520.46386719 0. 4.58234067393e-22 0.
1501395696 1 8507.51367188 0. 4.5802418248e-22 0.
1501395756 1 8499.88378906 0. 4.58082795438e-22 0.
1501395816 1 8490.12011719 0. 4.5800040595e-22 0.
1501395876 1 8478.64746094 0. 4.57840998814e-22 0.
1501395936 1 8470.81640625 0. 4.57893917047e-22 0.
1501395996 1 8465.55371094 0. 4.58057696286e-22 0.
1501396056 1 8457.55859375 0. 4.58117781394e-22 0.
1501396117 1 8447.62988281 0. 4.58029235714e-22 0.
1501396177 1 8438.97949219 0. 4.5800739591e-22 0.
1501396237 1 8429.47753906 0. 4.57951100339e-22 0.
1501396297 1 8419.87890625 0. 4.57904379796e-22 0.
1501396357 1 8411.21386719 0. 4.5786896431e-22 0.
1501396417 1 8402.91992188 0. 4.57869800022e-22 0.
1501396477 1 8396.36914062 0. 4.5795381528e-22 0.
1501396537 1 8390.94335938 0. 4.58096865566e-22 0.
1501396574 1 8387.0859375 0. 4.58125222393e-22 0.
1501396610 1 8377.00390625 0. 4.57902004106e-22 0.
1501396671 1 8365.15722656 0. 4.57684767745e-22 0.
1501396731 1 8356.61523438 0. 4.57703075088e-22 0.
1501396791 1 8348.9765625 0. 4.57733558534e-22 0.
1501396851 1 8339.30957031 0. 4.57647459449e-22 0.
1501396911 1 8329.20800781 0. 4.57544595619e-22 0.
1501396971 1 8316.36914062 0. 4.57292379341e-22 0.
1501397031 1 8314.03808594 0. 4.57601163614e-22 0.
1501397091 1 8306.27050781 0. 4.57636681802e-22 0.
1501397151 1 8296.4140625 0. 4.5752598594e-22 0.
1501397212 1 8286.60546875 0. 4.57455827143e-22 0.
1501397272 1 8278.25390625 0. 4.57447646418e-22 0.
1501397332 1 8267.35742188 0. 4.57301712435e-22 0.
1501397392 1 8258.54003906 0. 4.57252560352e-22 0.
1501397452 1 8248.21484375 0. 4.5710811229e-22 0.
1501397512 1 8240.76367188 0. 4.57142774372e-22 0.
1501397572 1 8231.66015625 0. 4.57084858907e-22 0.
1501397632 1 8224.28613281 0. 4.57129732652e-22 0.
1501397693 1 8220.84960938 0. 4.57424702802e-22 0.
1501397753 1 8207.97460938 0. 4.57185595232e-22 0.
1501397813 1 8196.23535156 0. 4.56998329309e-22 0.
1501397873 1 8188.89941406 0. 4.5705941351e-22 0.
1501397933 1 8177.95410156 0. 4.56923057052e-22 0.
1501397993 1 8171.22900391 0. 4.57004125761e-22 0.
1501398053 1 8162.24267578 0. 4.56988513239e-22 0.
1501398113 1 8153.28369141 0. 4.56946827262e-22 0.
1501398173 1 8144.49658203 0. 4.5690878057e-22 0.
1501398234 1 8136.94482422 0. 4.56939680488e-22 0.
1501398294 1 8126.56835938 0. 4.56821949435e-22 0.
1501398354 1 8115.57373047 0. 4.56657741234e-22 0.
1501398414 1 8107.11669922 0. 4.56648843267e-22 0.
1501398474 1 8099.58496094 0. 4.56701594505e-22 0.
1501398534 1 8093.88330078 0. 4.56814859859e-22 0.
1501398594 1 8093.01513672 0. 4.57211851843e-22 0.
1501398654 1 8085.52246094 0. 4.57263299135e-22 0.
1501398714 1 8076.42871094 0. 4.57193499732e-22 0.
1501398775 1 8068.80371094 0. 4.57226502447e-22 0.
1501398835 1 8060.61914062 0. 4.57228101007e-22 0.
1501398895 1 8053.03662109 0. 4.57236882494e-22 0.
1501398955 1 8045.95849609 0. 4.57301106761e-22 0.
1501399015 1 8037.67773438 0. 4.57290121664e-22 0.
1501399075 1 8028.16162109 0. 4.57206573856e-22 0.
1501399135 1 8018.99316406 0. 4.57155572572e-22 0.
1501399195 1 8011.71826172 0. 4.57194779813e-22 0.
1501399255 1 8003.86328125 0. 4.5718171703e-22 0.
1501399315 1 7995.76806641 0. 4.57169142674e-22 0.
1501399376 1 7989.54492188 0. 4.5724743247e-22 0.
1501399436 1 7982.8671875 0. 4.5728867006e-22 0.
1501399496 1 7973.98583984 0. 4.57229272874e-22 0.
1501399556 1 7966.98583984 0. 4.57284156396e-22 0.
1501399616 1 7960.07666016 0. 4.57340809719e-22 0.
1501399676 1 7950.68896484 0. 4.57248433014e-22 0.
1501399736 1 7941.20410156 0. 4.57145378437e-22 0.
1501399796 1 7931.39990234 0. 4.57020538563e-22 0.
1501399857 1 7925.15820312 0. 4.57082792045e-22 0.
1501399917 1 7918.64599609 0. 4.57141167784e-22 0.
1501399977 1 7910.70214844 0. 4.57109484489e-22 0.
1501400037 1 7901.81591797 0. 4.57046589014e-22 0.
1501400077 1 7894.47363281 0. 4.56900656477e-22 0.
1501400118 1 7889.28271484 0. 4.5690006523e-22 0.
1501400178 1 7881.95898438 0. 4.5691909594e-22 0.
1501400238 1 7874.36572266 0. 4.56921984363e-22 0.
1501400299 1 7866.68457031 0. 4.56906450485e-22 0.
1501400359 1 7857.89599609 0. 4.56856723405e-22 0.
1501400419 1 7850.63769531 0. 4.56865797345e-22 0.
1501400479 1 7843.07226562 0. 4.56873492555e-22 0.
1501400539 1 7834.88769531 0. 4.56864192176e-22 0.
1501400599 1 7826.69091797 0. 4.56825866559e-22 0.
1501400659 1 7817.87695312 0. 4.5674963079e-22 0.
1501400719 1 7808.78173828 0. 4.5664949532e-22 0.
1501400779 1 7799.8828125 0. 4.56592669481e-22 0.
1501400840 1 7792.27832031 0. 4.56602348483e-22 0.
1501400900 1 2388.19213867 0. 1.40914701162e-22 0.
1501400960 1 7777.29541016 0. 4.56608893153e-22 0.
1501401020 1 7771.36181641 0. 4.56691002374e-22 0.
1501401080 1 7762.12988281 0. 4.56600503705e-22 0.
1501401140 1 7753.58496094 0. 4.56556963062e-22 0.
1501401200 1 7744.39746094 0. 4.56473227199e-22 0.
1501401260 1 7737.62744141 0. 4.56522437665e-22 0.
1501401321 1 7730.45654297 0. 4.56564726973e-22 0.
1501401381 1 7721.42138672 0. 4.56470532695e-22 0.
1501401441 1 7713.64453125 0. 4.56444380113e-22 0.
1501401501 1 7706.77001953 0. 4.56509736128e-22 0.
1501401561 1 7698.54736328 0. 4.56471333107e-22 0.
1501401621 1 7690.84667969 0. 4.56438025855e-22 0.
1501401681 1 7683.7421875 0. 4.56472538789e-22 0.
1501401741 1 7676.59667969 0. 4.56498873272e-22 0.
1501401801 1 7667.94140625 0. 4.56433517467e-22 0.
1501401859 1 7660.89355469 0. 4.56450849513e-22 0.
1501401899 1 7655.42041016 0. 4.56403910369e-22 0.
1501401940 1 7652.51220703 0. 4.56528035806e-22 0.
1501402000 1 7644.26708984 0. 4.56472066677e-22 0.
1501402060 1 7637.32763672 0. 4.56508452297e-22 0.
1501402121 1 7626.74365234 0. 4.56322974442e-22 0.
1501402181 1 7619.94628906 0. 4.56342539232e-22 0.
1501402241 1 7610.63818359 0. 4.56247960431e-22 0.
1501402301 1 7603.23486328 0. 4.56237438982e-22 0.
1501402361 1 7594.23730469 0. 4.56133309438e-22 0.
1501402421 1 7584.328125 0. 4.55983571869e-22 0.
1501402481 1 7577.23242188 0. 4.5598664903e-22 0.
1501402535 1 7570.92724609 0. 4.55997885045e-22 0.
1501402564 1 7567.41357422 0. 4.55987040488e-22 0.
1501402581 1 7564.24560547 0. 4.55920865735e-22 0.
1501402622 1 7556.59326172 0. 4.55753509336e-22 0.
1501402682 1 7472.73144531 0. 4.51152009385e-22 0.
1501402742 1 7436.11474609 0. 4.49411814335e-22 0.
1501402802 1 7426.85058594 0. 4.49275841254e-22 0.
1501402862 1 7419.57275391 0. 4.4927210664e-22 0.
1501402922 1 7415.61474609 0. 4.49446750409e-22 0.
1501402982 1 7309.43408203 0. 4.43415235441e-22 0.
1501403036 1 7051.71630859 0. 4.28166605909e-22 0.
1501403089 1 7313.61376953 0. 4.44395350474e-22 0.
1501403149 1 7399.31542969 0. 4.500112472e-22 0.
1501403210 1 7390.92578125 0. 4.49925008815e-22 0.
1501403270 1 7383.0546875 0. 4.49874392733e-22 0.
1501403330 1 7376.07421875 0. 4.49855170786e-22 0.
1501403390 1 7367.64355469 0. 4.49747596946e-22 0.
1501403450 1 7361.65478516 0. 4.4980769869e-22 0.
1501403510 1 7354.96240234 0. 4.49827738931e-22 0.
1501403570 1 7347.54882812 0. 4.498024229e-22 0.
1501403630 1 7339.91015625 0. 4.49748031796e-22 0.
1501403690 1 7333.55224609 0. 4.49775195818e-22 0.
1501403751 1 7325.56835938 0. 4.49722544435e-22 0.
1501403811 1 7316.375 0. 4.49599575374e-22 0.
1501403871 1 7309.54980469 0. 4.49608394194e-22 0.
1501403931 1 7302.96289062 0. 4.49628618618e-22 0.
1501403991 1 7294.36425781 0. 4.49550645373e-22 0.
1501404051 1 7286.75439453 0. 4.49504558522e-22 0.
1501404111 1 7280.31298828 0. 4.49538289842e-22 0.
1501404171 1 7272.77880859 0. 4.49525922229e-22 0.
1501404231 1 7264.56787109 0. 4.49451713348e-22 0.
1501404292 1 7256.38378906 0. 4.49337985549e-22 0.
1501404352 1 7250.39697266 0. 4.49386028243e-22 0.
1501404412 1 7241.56640625 0. 4.49279853085e-22 0.
1501404472 1 7233.59326172 0. 4.49206122267e-22 0.
1501404508 1 7232.23730469 0. 4.49356564621e-22 0.
1501404545 1 7227.99804688 0. 4.49386014583e-22 0.
1501404605 1 7219.07226562 0. 4.49256651792e-22 0.
1501404665 1 7210.62841797 0. 4.4916092042e-22 0.
1501404725 1 7204.70800781 0. 4.49226350839e-22 0.
1501404785 1 7196.39892578 0. 4.49139020925e-22 0.
1501404846 1 7189.60253906 0. 4.49147438025e-22 0.
1501404906 1 7181.29541016 0. 4.49087434079e-22 0.
1501404966 1 7172.90136719 0. 4.48994547706e-22 0.
1501405026 1 7165.81884766 0. 4.48971782262e-22 0.
1501405086 1 7159.02148438 0. 4.48970998268e-22 0.
1501405146 1 7149.89306641 0. 4.48808606552e-22 0.
1501405206 1 7142.92919922 0. 4.48791526596e-22 0.
1501405266 1 7134.61279297 0. 4.48690483919e-22 0.
1501405326 1 7130.609375 0. 4.48880546308e-22 0.
1501405387 1 7123.59765625 0. 4.48884078035e-22 0.
1501405447 1 7114.53417969 0. 4.48740411605e-22 0.
1501405507 1 7105.95263672 0. 4.48644376351e-22 0.
1501405567 1 7098.25732422 0. 4.4858909926e-22 0.
1501405627 1 7092.02246094 0. 4.48630150428e-22 0.
1501405687 1 7085.07714844 0. 4.48635358728e-22 0.
1501405747 1 7075.23828125 0. 4.4844250179e-22 0.
1501405807 1 7068.05566406 0. 4.48425829938e-22 0.
1501405868 1 7061.11279297 0. 4.4840311645e-22 0.
1501405928 1 7054.90332031 0. 4.48440613289e-22 0.
1501405988 1 7048.81542969 0. 4.48483399646e-22 0.
1501406048 1 7040.00878906 0. 4.48352370085e-22 0.
1501406108 1 7031.27978516 0. 4.48230574568e-22 0.
1501406168 1 7024.13476562 0. 4.4820746484e-22 0.
1501406228 1 6981.96582031 0. 4.45942267391e-22 0.
1501406288 1 6954.20849609 0. 4.44636739036e-22 0.
1501406348 1 6941.87207031 0. 4.44299162689e-22 0.
1501406409 1 6928.26806641 0. 4.43840598088e-22 0.
1501406469 1 6856.45410156 0. 4.39695622347e-22 0.
1501406504 1 6832.85205078 0. 4.38426401187e-22 0.
1501406516 1 6836.27734375 0. 4.38737512365e-22 0.
1501406552 1 6830.59375 0. 4.38653544112e-22 0.
1501406613 1 6822.85498047 0. 4.38574555973e-22 0.
1501406673 1 6814.87060547 0. 4.38496157106e-22 0.
1501406733 1 6805.53466797 0. 4.38304270751e-22 0.
1501406793 1 6800.54589844 0. 4.38400494679e-22 0.
1501406853 1 6791.70458984 0. 4.38254435818e-22 0.
1501406913 1 6784.93896484 0. 4.38250502448e-22 0.
1501406973 1 6777.96875 0. 4.38229102171e-22 0.
1501407033 1 6771.76416016 0. 4.38237191631e-22 0.
1501407094 1 6764.50244141 0. 4.38207751534e-22 0.
1501407154 1 6757.03955078 0. 4.38143426283e-22 0.
1501407214 1 6748.09716797 0. 4.38001556611e-22 0.
1501407274 1 6742.59228516 0. 4.38062284569e-22 0.
1501407334 1 6731.74658203 0. 4.37760581017e-22 0.
1501407394 1 6723.39111328 0. 4.37639028958e-22 0.
1501407454 1 6716.29101562 0. 4.3758891898e-22 0.
1501407514 1 6707.29589844 0. 4.37426494323e-22 0.
1501407565 1 6702.95947266 0. 4.37477643693e-22 0.
1501407616 1 6705.51513672 0. 4.3799580006e-22 0.
1501407676 1 6702.77392578 0. 4.38224336196e-22 0.
1501407736 1 6696.11474609 0. 4.38237430868e-22 0.
1501407796 1 6693.51904297 0. 4.38462148044e-22 0.
1501407856 1 6686.66601562 0. 4.38413678076e-22 0.
1501407917 1 6678.23291016 0. 4.38291660566e-22 0.
1501407977 1 6668.74511719 0. 4.38069309105e-22 0.
1501408037 1 6662.21191406 0. 4.38042781216e-22 0.
1501408097 1 6652.81542969 0. 4.37843472875e-22 0.
1501408157 1 6651.95410156 0. 4.38197129385e-22 0.
1501408217 1 6641.53369141 0. 4.37969001e-22 0.
1501408277 1 6633.59228516 0. 4.37843494624e-22 0.
1501408337 1 6628.29443359 0. 4.37881835816e-22 0.
1501408397 1 6620.13085938 0. 4.37753806686e-22 0.
1501408458 1 6612.04443359 0. 4.37625673496e-22 0.
1501408518 1 6607.8515625 0. 4.37754074803e-22 0.
1501408578 1 6601.19921875 0. 4.37738753395e-22 0.
1501408638 1 6595.17822266 0. 4.3775243119e-22 0.
1501408698 1 6588.63867188 0. 4.37738155895e-22 0.
1501408758 1 6581.65332031 0. 4.37673092133e-22 0.
1501408818 1 6575.57714844 0. 4.37626594639e-22 0.
1501408878 1 6568.12158203 0. 4.37541987058e-22 0.
1501408939 1 6563.83154297 0. 4.37671349805e-22 0.
1501408999 1 6554.75927734 0. 4.37477244205e-22 0.
1501409059 1 6549.78076172 0. 4.37549612453e-22 0.
1501409119 1 6542.88427734 0. 4.37506168816e-22 0.
1501409179 1 6537.06396484 0. 4.37546528737e-22 0.
1501409239 1 6528.93994141 0. 4.37386202471e-22 0.
1501409299 1 6518.77148438 0. 4.37105164178e-22 0.
1501409359 1 6512.99609375 0. 4.37132109126e-22 0.
1501409419 1 6508.36328125 0. 4.3721625568e-22 0.
1501409480 1 6502.10107422 0. 4.37206304622e-22 0.
1501409540 1 6495.81005859 0. 4.37172036227e-22 0.
1501409600 1 6487.82080078 0. 4.3705545634e-22 0.
1501409660 1 6482.07470703 0. 4.37082756907e-22 0.
1501409720 1 6473.91064453 0. 4.36940990622e-22 0.
1501409780 1 6469.07519531 0. 4.37014231983e-22 0.
1501409840 1 6462.27832031 0. 4.3694330296e-22 0.
1501409900 1 6455.12890625 0. 4.36863982031e-22 0.
1501409960 1 6447.25732422 0. 4.36730000441e-22 0.
1501410021 1 6442.85400391 0. 4.36869789841e-22 0.
1501410081 1 6434.65527344 0. 4.36718121068e-22 0.
1501410125 1 6429.24560547 0. 4.36634786363e-22 0.
1501410169 1 6427.53076172 0. 4.3680870343e-22 0.
1501410230 1 6420.42675781 0. 4.36734846766e-22 0.
1501410290 1 6414.22412109 0. 4.3672058626e-22 0.
1501410350 1 6407.65869141 0. 4.3668469543e-22 0.
1501410410 1 6402.50146484 0. 4.36736134352e-22 0.
1501410470 1 6394.71728516 0. 4.36621378855e-22 0.
1501410530 1 6385.72607422 0. 4.36424241173e-22 0.
1501410590 1 6379.47363281 0. 4.36395649736e-22 0.
1501410650 1 6372.65673828 0. 4.36331939841e-22 0.
1501410711 1 6368.40820312 0. 4.36437604102e-22 0.
1501410771 1 6361.27294922 0. 4.36328847593e-22 0.
1501410831 1 6356.25976562 0. 4.3640033609e-22 0.
1501410891 1 6351.42919922 0. 4.36497260817e-22 0.
1501410951 1 6343.80566406 0. 4.3639094459e-22 0.
1501411011 1 6336.96240234 0. 4.36312612337e-22 0.
1501411071 1 6329.10693359 0. 4.36156894408e-22 0.
1501411131 1 6322.20068359 0. 4.36098387483e-22 0.
1501411182 1 6319.07177734 0. 4.36207704529e-22 0.
1501411234 1 6314.38769531 0. 4.36225654074e-22 0.
1501411269 1 6313.22558594 0. 4.36345197766e-22 0.
1501411304 1 6306.4453125 0. 4.36149612044e-22 0.
1501411341 1 6303.62597656 0. 4.36166325e-22 0.
1501411376 1 6299.24316406 0. 4.36119549829e-22 0.
1501411408 1 6296.33105469 0. 4.36123659983e-22 0.
1501411444 1 6289.96240234 0. 4.35940352996e-22 0.
1501411504 1 6285.26416016 0. 4.36026510039e-22 0.
1501411564 1 6278.89501953 0. 4.35964885322e-22 0.
1501411624 1 6276.37109375 0. 4.36209788065e-22 0.
1501411684 1 6278.81982422 0. 4.36803657943e-22 0.
1501411744 1 6271.47802734 0. 4.36695655512e-22 0.
1501411804 1 6266.25488281 0. 4.36738028047e-22 0.
1501411864 1 6259.71386719 0. 4.36685989098e-22 0.
1501411925 1 6252.04443359 0. 4.3656433996e-22 0.
1501411985 1 6245.49511719 0. 4.36504413716e-22 0.
1501412045 1 6238.84667969 0. 4.36472613297e-22 0.
1501412105 1 6231.30810547 0. 4.36365352743e-22 0.
1501412165 1 6230.30419922 0. 4.36720230298e-22 0.
1501412225 1 6223.74072266 0. 4.36674922554e-22 0.
1501412285 1 6219.09667969 0. 4.36778144581e-22 0.
1501412345 1 6211.26123047 0. 4.36637688373e-22 0.
1501412405 1 6203.84326172 0. 4.36525625372e-22 0.
1501412466 1 6201.47509766 0. 4.36768254655e-22 0.
1501412526 1 6196.41357422 0. 4.36812734151e-22 0.
1501412586 1 6189.14208984 0. 4.36715634345e-22 0.
1501412646 1 6182.125 0. 4.36624907388e-22 0.
1501412706 1 6173.25097656 0. 4.36440553517e-22 0.
1501412766 1 6166.81445312 0. 4.36414112912e-22 0.
1501412826 1 6159.03613281 0. 4.36229911004e-22 0.
1501412886 1 6152.09619141 0. 4.36145210527e-22 0.
1501412946 1 6149.79248047 0. 4.36372474797e-22 0.
1501413007 1 6143.52099609 0. 4.36361875455e-22 0.
1501413067 1 6134.48779297 0. 4.36147575441e-22 0.
1501413127 1 6129.60205078 0. 4.36215499361e-22 0.
1501413187 1 6125.80322266 0. 4.36343260568e-22 0.
1501413247 1 6118.32910156 0. 4.36208790125e-22 0.
1501413307 1 6109.70410156 0. 4.36020589434e-22 0.
1501413367 1 6104.64355469 0. 4.36067736417e-22 0.
1501413427 1 6098.07763672 0. 4.35978833019e-22 0.
1501413487 1 6090.62744141 0. 4.35845760342e-22 0.
1501413548 1 6085.44628906 0. 4.35909053551e-22 0.
1501413608 1 6077.79785156 0. 4.3577679379e-22 0.
1501413668 1 6072.70263672 0. 4.35824748218e-22 0.
1501413728 1 6064.55859375 0. 4.35632868144e-22 0.
1501413788 1 6059.57958984 0. 4.35678013589e-22 0.
1501413848 1 6053.89648438 0. 4.35682177561e-22 0.
1501413908 1 6047.42041016 0. 4.35617726791e-22 0.
1501413968 1 6042.3515625 0. 4.35651307044e-22 0.
1501414028 1 6037.19628906 0. 4.35684252573e-22 0.
1501414089 1 6028.76318359 0. 4.35466341364e-22 0.
1501414149 1 6020.87304688 0. 4.35303902543e-22 0.
1501414209 1 6013.98144531 0. 4.3520308023e-22 0.
1501414269 1 6011.51123047 0. 4.35432138071e-22 0.
1501414329 1 6005.4375 0. 4.35393282467e-22 0.
1501414389 1 5999.40136719 0. 4.35342650498e-22 0.
1501414449 1 5992.12988281 0. 4.35236979221e-22 0.
1501414509 1 5986.77490234 0. 4.35254172171e-22 0.
1501414569 1 5981.92236328 0. 4.35292721011e-22 0.
1501414630 1 5973.015625 0. 4.35059888238e-22 0.
1501414690 1 5969.16503906 0. 4.35184647822e-22 0.
1501414750 1 5964.24169922 0. 4.35200641872e-22 0.
1501414810 1 5958.86230469 0. 4.35211970144e-22 0.
1501414870 1 5952.95800781 0. 4.35182213137e-22 0.
1501414924 1 5944.79492188 0. 4.34962529405e-22 0.
1501414955 1 5940.27392578 0. 4.34811624988e-22 0.
1501414973 1 5936.95654297 0. 4.34726836884e-22 0.
1501415014 1 5936.14257812 0. 4.34938298367e-22 0.
1501415074 1 5931.18457031 0. 4.34982128671e-22 0.
1501415134 1 5922.50878906 0. 4.34741564522e-22 0.
1501415195 1 5916.96484375 0. 4.34723026375e-22 0.
1501415255 1 5913.35009766 0. 4.34882287992e-22 0.
1501415315 1 5908.0546875 0. 4.34911183256e-22 0.
1501415375 1 5900.60742188 0. 4.34765810885e-22 0.
1501415435 1 5894.92773438 0. 4.34751883368e-22 0.
1501415495 1 5888.96240234 0. 4.34722848293e-22 0.
1501415555 1 5883.01513672 0. 4.34669273592e-22 0.
1501415615 1 5879.20800781 0. 4.34810725373e-22 0.
1501415675 1 5873.12841797 0. 4.34749513466e-22 0.
1501415736 1 5864.30419922 0. 4.34505293143e-22 0.
1501415796 1 5857.95605469 0. 4.34435421982e-22 0.
1501415856 1 5854.99853516 0. 4.34621971924e-22 0.
1501415916 1 5850.77246094 0. 4.34692333234e-22 0.
1501415976 1 5844.77832031 0. 4.34645330894e-22 0.
1501416036 1 5840.26416016 0. 4.34698374822e-22 0.
1501416096 1 5832.71386719 0. 4.34515487103e-22 0.
1501416156 1 5829.15527344 0. 4.34662747419e-22 0.
1501416217 1 5821.6171875 0. 4.34497290963e-22 0.
1501416277 1 5814.69042969 0. 4.34341528958e-22 0.
1501416337 1 5808.20458984 0. 4.34269684938e-22 0.
1501416372 1 5805.08349609 0. 4.3425213685e-22 0.
1501416408 1 5800.22021484 0. 4.34156120022e-22 0.
1501416468 1 5792.33300781 0. 4.3393088172e-22 0.
1501416528 1 5785.08203125 0. 4.3381687289e-22 0.
1501416588 1 5780.71142578 0. 4.33868181207e-22 0.
1501416648 1 5774.49707031 0. 4.33809830934e-22 0.
1501416708 1 5769.40283203 0. 4.33831212988e-22 0.
1501416769 1 5763.12890625 0. 4.33727413437e-22 0.
1501416829 1 5756.93017578 0. 4.33641595296e-22 0.
1501416889 1 5750.62255859 0. 4.33560763946e-22 0.
1501416949 1 5744.00488281 0. 4.33446760955e-22 0.
1501417009 1 5738.58544922 0. 4.33452651528e-22 0.
1501417069 1 5737.17919922 0. 4.33739470928e-22 0.
1501417129 1 5730.40283203 0. 4.33603959859e-22 0.
1501417189 1 5723.72998047 0. 4.33493046266e-22 0.
1501417249 1 5714.73925781 0. 4.3320156079e-22 0.
1501417310 1 5707.24365234 0. 4.33016226902e-22 0.
1501417370 1 5702.74267578 0. 4.33043138085e-22 0.
1501417430 1 5698.05322266 0. 4.33089668863e-22 0.
1501417490 1 5694.73779297 0. 4.33234833902e-22 0.
1501417547 1 5688.51806641 0. 4.33130761833e-22 0.
1501417605 1 5682.29638672 0. 4.33029958381e-22 0.
1501417665 1 5677.20361328 0. 4.33040140918e-22 0.
1501417725 1 5668.01806641 0. 4.32739821697e-22 0.
1501417785 1 5667.73681641 0. 4.33076616462e-22 0.
1501417846 1 5674.90087891 0. 4.34033863888e-22 0.
1501417906 1 5671.61865234 0. 4.34188294864e-22 0.
1501417966 1 5665.75537109 0. 4.34120832771e-22 0.
1501418026 1 5661.45947266 0. 4.34179175275e-22 0.
1501418086 1 5655.17480469 0. 4.3407070656e-22 0.
1501418146 1 5651.39013672 0. 4.34162432032e-22 0.
1501418206 1 5642.43945312 0. 4.33847597606e-22 0.
1501418266 1 5633.11083984 0. 4.33490966038e-22 0.
1501418326 1 5633.13525391 0. 4.3389083481e-22 0.
1501418365 1 5629.41308594 0. 4.33851893234e-22 0.
1501418403 1 5625.19775391 0. 4.33804077131e-22 0.
1501418444 1 5620.57470703 0. 4.33713382841e-22 0.
1501418485 1 5617.95654297 0. 4.33778361948e-22 0.
1501418545 1 5610.06152344 0. 4.33530490978e-22 0.
1501418605 1 5608.43457031 0. 4.33802579326e-22 0.
1501418665 1 5604.88525391 0. 4.33934811914e-22 0.
1501418725 1 5595.84375 0. 4.33621141473e-22 0.
1501418785 1 5586.13330078 0. 4.33253152509e-22 0.
1501418845 1 5581.5546875 0. 4.33297024461e-22 0.
1501418906 1 5578.95898438 0. 4.33445782642e-22 0.
1501418966 1 5576.92041016 0. 4.33692685412e-22 0.
1501419026 1 5570.88867188 0. 4.3359894908e-22 0.
1501419086 1 5563.03808594 0. 4.33367382244e-22 0.
1501419121 1 5560.30078125 0. 4.33364602848e-22 0.
1501419153 1 5558.05810547 0. 4.33426827006e-22 0.
1501419211 1 5554.39111328 0. 4.33485989794e-22 0.
1501419271 1 5550.86132812 0. 4.33595106273e-22 0.
1501419331 1 5546.86572266 0. 4.33671761325e-22 0.
1501419391 1 5541.43066406 0. 4.33643829539e-22 0.
1501419451 1 5536.97021484 0. 4.33667431778e-22 0.
1501419508 1 5533.18457031 0. 4.33743687238e-22 0.
1501419565 1 5525.92773438 0. 4.33534157006e-22 0.
1501419625 1 5519.38378906 0. 4.33388063858e-22 0.
1501419685 1 5513.83105469 0. 4.33319099292e-22 0.
1501419746 1 5508.65185547 0. 4.33270248311e-22 0.
1501419806 1 5503.89013672 0. 4.33266931631e-22 0.
1501419866 1 5500.2890625 0. 4.33374515123e-22 0.
1501419926 1 5495.50683594 0. 4.33369141912e-22 0.
1501419986 1 5490.77490234 0. 4.33355223655e-22 0.
1501420046 1 5484.91796875 0. 4.3328313757e-22 0.
1501420106 1 5481.98339844 0. 4.33423602523e-22 0.
1501420166 1 5475.11181641 0. 4.33261821619e-22 0.
1501420227 1 5470.25683594 0. 4.33242429287e-22 0.
1501420287 1 5464.99462891 0. 4.33218953686e-22 0.
1501420347 1 5460.69384766 0. 4.332508525e-22 0.
1501420407 1 5456.00537109 0. 4.33282059754e-22 0.
1501420467 1 5450.93359375 0. 4.33257509128e-22 0.
1501420527 1 5447.40429688 0. 4.33342753447e-22 0.
1501420587 1 5441.57226562 0. 4.3326414085e-22 0.
1501420626 1 5437.53564453 0. 4.3315481703e-22 0.
1501420664 1 5434.04833984 0. 4.33141773583e-22 0.
1501420705 1 5432.15820312 0. 4.33230255457e-22 0.
1501420747 1 5428.734375 0. 4.33223702141e-22 0.
1501420783 1 5422.82861328 0. 4.32947157704e-22 0.
1501420820 1 5419.42871094 0. 4.32946587878e-22 0.
1501420880 1 5415.0234375 0. 4.32970242388e-22 0.
1501420940 1 5410.66601562 0. 4.32999986531e-22 0.
1501421000 1 5404.41308594 0. 4.32871871016e-22 0.
1501421060 1 5399.33300781 0. 4.32821790813e-22 0.
1501421120 1 5397.92919922 0. 4.33062580975e-22 0.
1501421180 1 5392.09326172 0. 4.32966272394e-22 0.
1501421241 1 5387.92041016 0. 4.32999390994e-22 0.
1501421301 1 5384.3984375 0. 4.33119619794e-22 0.
1501421361 1 5381.23144531 0. 4.33232063297e-22 0.
1501421421 1 5376.33007812 0. 4.33198284306e-22 0.
1501421481 1 5371.22412109 0. 4.33166261429e-22 0.
1501421541 1 5366.89648438 0. 4.3318721389e-22 0.
1501421601 1 5360.92431641 0. 4.33062734274e-22 0.
1501421661 1 5356.13476562 0. 4.33065307124e-22 0.
1501421721 1 5352.66796875 0. 4.33160674664e-22 0.
1501421782 1 5346.78808594 0. 4.33049531225e-22 0.
1501421842 1 5342.23730469 0. 4.33033254739e-22 0.
1501421902 1 5337.33496094 0. 4.33008641083e-22 0.
1501421962 1 5332.43554688 0. 4.32976449216e-22 0.
1501422022 1 5328.48925781 0. 4.33055947223e-22 0.
1501422082 1 5322.72119141 0. 4.3295830127e-22 0.
1501422142 1 5318.20361328 0. 4.32989388331e-22 0.
1501422202 1 5314.34570312 0. 4.33033428109e-22 0.
1501422262 1 5309.34521484 0. 4.32961210495e-22 0.
1501422318 1 5303.83691406 0. 4.32854416123e-22 0.
