1501762334 1 9797.65820312 0. 3.1067030194e-22 0.
1501762394 1 12612.1660156 0. 4.00161657385e-22 0.
1501762454 1 14107.7871094 0. 4.48241635349e-22 0.
1501762515 1 14085.7167969 0. 4.48264359092e-22 0.
1501762550 1 14090.7861328 0. 4.48802091249e-22 0.
1501762585 1 14060.6474609 0. 4.48256347202e-22 0.
1501762643 1 14035.7294922 0. 4.4811004987e-22 0.
1501762699 1 14006.6279297 0. 4.47800007701e-22 0.
1501762759 1 13972.8847656 0. 4.47401068211e-22 0.
1501762819 1 13874.2236328 0. 4.4486660878e-22 0.
1501762879 1 13872.8525391 0. 4.45466925656e-22 0.
1501762939 1 13856.4082031 0. 4.45556670457e-22 0.
1501762974 1 13843.5986328 0. 4.45492978691e-22 0.
1501763009 1 13828.1376953 0. 4.45345316292e-22 0.
1501763068 1 13795.4589844 0. 4.44912202143e-22 0.
1501763128 1 13763.1757812 0. 4.44456207063e-22 0.
1501763188 1 13731.0966797 0. 4.43965474558e-22 0.
1501763248 1 13698.8730469 0. 4.43458173278e-22 0.
1501763309 1 13681.8740234 0. 4.43433734113e-22 0.
1501763369 1 13652.5410156 0. 4.43022517313e-22 0.
1501763429 1 13620.2744141 0. 4.42516319468e-22 0.
1501763489 1 13599.328125 0. 4.42379944821e-22 0.
1501763549 1 13573.90625 0. 4.42060260283e-22 0.
1501763609 1 13595.3408203 0. 4.43240970084e-22 0.
1501763669 1 13518.3154297 0. 4.41189351392e-22 0.
1501763729 1 13554.1201172 0. 4.42819951535e-22 0.
1501763789 1 13529.6738281 0. 4.42431856878e-22 0.
1501763850 1 13494.4433594 0. 4.41743497085e-22 0.
1501763910 1 13439.2011719 0. 4.40433244071e-22 0.
1501763970 1 13417.4775391 0. 4.4025735815e-22 0.
1501764030 1 13395.0644531 0. 4.40018885187e-22 0.
1501764090 1 13370.9394531 0. 4.39734486345e-22 0.
1501764150 1 13344.515625 0. 4.39383403076e-22 0.
1501764210 1 13321.9169922 0. 4.39125806527e-22 0.
1501764270 1 13296.2685547 0. 4.38778490135e-22 0.
1501764330 1 13277.2167969 0. 4.38649120126e-22 0.
1501764391 1 13248.6035156 0. 4.38177388681e-22 0.
1501764451 1 13226.5390625 0. 4.37924313229e-22 0.
1501764511 1 13208.2607422 0. 4.3781847482e-22 0.
1501764571 1 13176.0273438 0. 4.37248789805e-22 0.
1501764631 1 13157.2177734 0. 4.37084110389e-22 0.
1501764678 1 13132.3925781 0. 4.36644374229e-22 0.
1501764724 1 13111.9667969 0. 4.36344114371e-22 0.
1501764784 1 13079.6396484 0. 4.35758119616e-22 0.
1501764844 1 13055.8818359 0. 4.35433074432e-22 0.
1501764905 1 13030.2080078 0. 4.35041590577e-22 0.
1501764965 1 13011.7070312 0. 4.34897779964e-22 0.
1501765025 1 12979.9355469 0. 4.34305701107e-22 0.
1501765085 1 12959.2089844 0. 4.34060123294e-22 0.
1501765145 1 12943.2470703 0. 4.33987454785e-22 0.
1501765205 1 12909.5195312 0. 4.33321710025e-22 0.
1501765265 1 12879.2509766 0. 4.3279994834e-22 0.
1501765325 1 12856.640625 0. 4.3250567052e-22 0.
1501765385 1 12828.6474609 0. 4.32029366609e-22 0.
1501765446 1 12806.1337891 0. 4.31735284873e-22 0.
1501765496 1 12802.6669922 0. 4.320081961e-22 0.
1501765547 1 12775.5048828 0. 4.31484062133e-22 0.
1501765596 1 12754.2119141 0. 4.31135587736e-22 0.
1501765646 1 12735.7666016 0. 4.30904352799e-22 0.
1501765706 1 12704.6376953 0. 4.30312108657e-22 0.
1501765766 1 12688.6689453 0. 4.30213382592e-22 0.
1501765826 1 12652.0244141 0. 4.29460231555e-22 0.
1501765886 1 12628.0830078 0. 4.29077906457e-22 0.
1501765947 1 12588.0947266 0. 4.28168395279e-22 0.
1501766007 1 12606.0019531 0. 4.29220430269e-22 0.
1501766067 1 12567.3056641 0. 4.28344548686e-22 0.
1501766127 1 12557.2246094 0. 4.28468965422e-22 0.
1501766187 1 12516.2695312 0. 4.27531793723e-22 0.
1501766247 1 12517.890625 0. 4.28057011415e-22 0.
1501766307 1 12483.4589844 0. 4.2730601515e-22 0.
1501766367 1 12481.1865234 0. 4.27673543262e-22 0.
1501766427 1 12436.0429688 0. 4.26572510546e-22 0.
1501766487 1 12405.2041016 0. 4.25951066805e-22 0.
1501766548 1 12407.0625 0. 4.26448194453e-22 0.
1501766608 1 12393.6962891 0. 4.26424406416e-22 0.
1501766668 1 12391.0732422 0. 4.26775198161e-22 0.
1501766728 1 12374.6464844 0. 4.26632354831e-22 0.
1501766788 1 12358.6972656 0. 4.26501105682e-22 0.
1501766848 1 12231.1484375 0. 4.22518407601e-22 0.
1501766908 1 12191.2890625 0. 4.21583946808e-22 0.
1501766968 1 12234.109375 0. 4.23578848806e-22 0.
1501767028 1 12795.2148438 0. 4.43436085917e-22 0.
1501767089 1 12777.9101562 0. 4.4327278682e-22 0.
1501767149 1 12761.3935547 0. 4.43142930811e-22 0.
1501767209 1 12731.0009766 0. 4.4253418944e-22 0.
1501767269 1 12712.9785156 0. 4.4233741297e-22 0.
1501767329 1 12698.0966797 0. 4.42265602959e-22 0.
1501767389 1 12682.4052734 0. 4.42165993661e-22 0.
1501767449 1 12667.7089844 0. 4.42089617733e-22 0.
1501767509 1 12649.7333984 0. 4.41944922975e-22 0.
1501767570 1 12632.7558594 0. 4.41807730961e-22 0.
1501767628 1 12612.3867188 0. 4.4154048487e-22 0.
1501767687 1 12598.7021484 0. 4.41524894108e-22 0.
1501767748 1 12583.1669922 0. 4.41442400182e-22 0.
1501767808 1 12569.7958984 0. 4.41404074024e-22 0.
1501767868 1 12559.2626953 0. 4.4148162777e-22 0.
1501767928 1 12542.3261719 0. 4.41345093558e-22 0.
1501767988 1 12524.1796875 0. 4.41152431941e-22 0.
1501768048 1 12508.015625 0. 4.41023586643e-22 0.
1501768108 1 12491.1728516 0. 4.40867983444e-22 0.
1501768150 1 12480.2392578 0. 4.40777471562e-22 0.
1501768168 1 12477.7412109 0. 4.40803719392e-22 0.
1501768204 1 12469.6503906 0. 4.40809571167e-22 0.
1501768264 1 12453.796875 0. 4.40684526259e-22 0.
1501768324 1 12439.6113281 0. 4.40630680696e-22 0.
1501768384 1 12416.0009766 0. 4.402483947e-22 0.
1501768444 1 12387.5253906 0. 4.39668353617e-22 0.
1501768504 1 12376.2607422 0. 4.39698298635e-22 0.
1501768565 1 12358.109375 0. 4.39488810971e-22 0.
1501768625 1 12342.6240234 0. 4.39374823469e-22 0.
1501768685 1 12326.8291016 0. 4.39250298292e-22 0.
1501768745 1 12307.8671875 0. 4.38986126951e-22 0.
1501768805 1 12287.0615234 0. 4.38672365531e-22 0.
1501768860 1 12269.5761719 0. 4.38414414361e-22 0.
1501768915 1 12254.6259766 0. 4.38252334004e-22 0.
1501768975 1 12243.0097656 0. 4.3828962644e-22 0.
1501769035 1 12233.4765625 0. 4.38381987345e-22 0.
1501769095 1 12216.7333984 0. 4.38242730656e-22 0.
1501769155 1 12198.4755859 0. 4.3802015694e-22 0.
1501769201 1 12184.5566406 0. 4.37831913301e-22 0.
1501769247 1 12173.0820312 0. 4.37760098608e-22 0.
1501769283 1 12165.2216797 0. 4.3771394815e-22 0.
1501769318 1 12153.3291016 0. 4.37573602354e-22 0.
1501769378 1 12137.6513672 0. 4.37455906029e-22 0.
1501769438 1 12125.4121094 0. 4.37447168136e-22 0.
1501769498 1 12106.9111328 0. 4.37202940575e-22 0.
1501769558 1 12092.4765625 0. 4.37102062624e-22 0.
1501769618 1 12159.3466797 0. 4.3992564764e-22 0.
1501769678 1 12312.5830078 0. 4.46020866899e-22 0.
1501769739 1 12312.0283203 0. 4.4653031228e-22 0.
1501769799 1 12279.1972656 0. 4.45825667982e-22 0.
1501769859 1 12257.9824219 0. 4.45542577058e-22 0.
1501769919 1 12241.5869141 0. 4.45423368786e-22 0.
1501769979 1 11892.7255859 0. 4.33207664912e-22 0.
1501770039 1 11754.3056641 0. 4.28624342949e-22 0.
1501770099 1 12349.3056641 0. 4.50774093892e-22 0.
1501770150 1 12336.2099609 0. 4.50698936235e-22 0.
1501770200 1 12322.5869141 0. 4.50588714959e-22 0.
1501770236 1 12314.7558594 0. 4.50583239566e-22 0.
1501770271 1 12302.6748047 0. 4.50418323671e-22 0.
1501770331 1 12284.4433594 0. 4.50217234672e-22 0.
1501770391 1 12268.2080078 0. 4.50109073203e-22 0.
1501770451 1 12251.2304688 0. 4.49953438563e-22 0.
1501770511 1 12238.0488281 0. 4.49921710793e-22 0.
1501770572 1 12208.1513672 0. 4.49272349748e-22 0.
1501770632 1 12205.59375 0. 4.49636931081e-22 0.
1501770692 1 12192.6376953 0. 4.49629617293e-22 0.
1501770752 1 12178.796875 0. 4.49592428654e-22 0.
1501770812 1 12162.4833984 0. 4.49469393471e-22 0.
1501770861 1 10911.0595703 0. 4.04554797605e-22 0.
1501770911 1 0.223704367876 0. 2.52258024016e-22 0.
1501770971 1 0.181185036898 0. 0.0 0.
1501771031 1 0.166185334325 0. 0.0 0.
1501771092 1 0.156751573086 0. 0.0 0.
