1502315141 1 17016.65625 0. 4.55004465787e-22 0.
1502315201 1 16998.5332031 0. 4.55354068188e-22 0.
1502315261 1 16919.7597656 0. 4.54038531023e-22 0.
1502315310 1 16889.359375 0. 4.53892868273e-22 0.
1502315349 1 16896.1523438 0. 4.54560781792e-22 0.
1502315383 1 16837.8398438 0. 4.53466513036e-22 0.
1502315403 1 16850.6445312 0. 4.54067969294e-22 0.
1502315420 1 16873.6796875 0. 4.54933147577e-22 0.
1502315463 1 16753.2773438 0. 4.52244226855e-22 0.
1502315523 1 16692.5742188 0. 4.51473117798e-22 0.
1502315583 1 16636.7246094 0. 4.5080075688e-22 0.
1502315631 1 16624.5996094 0. 4.51128652325e-22 0.
1502315679 1 16600.3632812 0. 4.51166888878e-22 0.
1502315739 1 16554.7382812 0. 4.50759314463e-22 0.
1502315799 1 16527.0917969 0. 4.50749338297e-22 0.
1502315859 1 16491.5996094 0. 4.50465379608e-22 0.
1502315919 1 16457.4960938 0. 4.50170243419e-22 0.
1502315979 1 16435.7109375 0. 4.50185015223e-22 0.
1502316039 1 16396.8496094 0. 4.49723823885e-22 0.
1502316092 1 16379.0966797 0. 4.49764948019e-22 0.
1502316145 1 16360.1923828 0. 4.49780781157e-22 0.
1502316205 1 16327.5136719 0. 4.49429412844e-22 0.
1502316241 1 16308.2841797 0. 4.49231153949e-22 0.
1502316267 1 16304.0458984 0. 4.49368755698e-22 0.
1502316296 1 16290.0087891 0. 4.4923126519e-22 0.
1502316335 1 16277.7773438 0. 4.49259938125e-22 0.
1502316370 1 16290.9873047 0. 4.49973985096e-22 0.
1502316405 1 16289.3525391 0. 4.50266110142e-22 0.
1502316466 1 16237.6035156 0. 4.49359909758e-22 0.
1502316523 1 16242.2880859 0. 4.50031154814e-22 0.
1502316580 1 16205.4697266 0. 4.49531619811e-22 0.
1502316631 1 16171.2197266 0. 4.49028487827e-22 0.
1502316682 1 16144.8974609 0. 4.48773767771e-22 0.
1502316735 1 16118.8974609 0. 4.4851468576e-22 0.
1502316786 1 16087.0927734 0. 4.48091810114e-22 0.
1502316827 1 16066.4033203 0. 4.47880994485e-22 0.
1502316856 1 16046.1113281 0. 4.47548709332e-22 0.
1502316875 1 16028.8017578 0. 4.47236763011e-22 0.
1502316910 1 15999.8691406 0. 4.46751872576e-22 0.
1502316970 1 16000.984375 0. 4.47321364445e-22 0.
1502317031 1 15968.9726562 0. 4.46920399442e-22 0.
1502317091 1 15965.8789062 0. 4.47382230737e-22 0.
1502317130 1 15802.4941406 0. 4.43105730402e-22 0.
1502317152 1 15506.8759766 0. 4.35005704419e-22 0.
1502317181 1 15591.1689453 0. 4.37667684026e-22 0.
1502317227 1 15170.3378906 0. 4.26478720651e-22 0.
1502317287 1 16258.6074219 0. 4.57422450628e-22 0.
1502317347 1 16239.3144531 0. 4.57411954157e-22 0.
1502317384 1 16227.7529297 0. 4.57397920208e-22 0.
1502317395 1 16223.8066406 0. 4.57379943295e-22 0.
1502317421 1 16211.578125 0. 4.57305086363e-22 0.
1502317473 1 16189.8457031 0. 4.57187726284e-22 0.
1502317534 1 16168.8193359 0. 4.57132704795e-22 0.
1502317594 1 16147.9208984 0. 4.57071827026e-22 0.
1502317654 1 16155.6777344 0. 4.57815056834e-22 0.
1502317714 1 16145.3701172 0. 4.58086800574e-22 0.
1502317774 1 16115.2783203 0. 4.57703390567e-22 0.
1502317817 1 16093.7255859 0. 4.5742448439e-22 0.
1502317834 1 16091.9755859 0. 4.57525351584e-22 0.
1502317852 1 16085.2832031 0. 4.57561304131e-22 0.
1502317874 1 16083.7724609 0. 4.5772540825e-22 0.
1502317913 1 16059.9951172 0. 4.57406844742e-22 0.
1502317948 1 16043.6679688 0. 4.57208916391e-22 0.
1502317983 1 16004.1191406 0. 4.56399862596e-22 0.
1502318030 1 15987.8681641 0. 4.56360010823e-22 0.
1502318066 1 15968.4052734 0. 4.56130736172e-22 0.
1502318115 1 15943.2705078 0. 4.5586627657e-22 0.
1502318175 1 15914.8193359 0. 4.5559804233e-22 0.
1502318235 1 15887.3144531 0. 4.55304859514e-22 0.
1502318295 1 15860.203125 0. 4.55046605033e-22 0.
1502318355 1 15852.6015625 0. 4.55389070878e-22 0.
1502318415 1 15869.6992188 0. 4.56459299845e-22 0.
1502318475 1 15831.6630859 0. 4.55915015601e-22 0.
1502318511 1 15817.9941406 0. 4.55790242017e-22 0.
1502318540 1 15799.7294922 0. 4.55536826766e-22 0.
1502318594 1 15774.7675781 0. 4.55273396848e-22 0.
1502318654 1 15746.9794922 0. 4.54994005931e-22 0.
1502318696 1 15734.4033203 0. 4.54996562697e-22 0.
1502318737 1 15713.9140625 0. 4.54797914615e-22 0.
1502318798 1 15686.3203125 0. 4.54553760029e-22 0.
1502318838 1 15669.9814453 0. 4.54429924969e-22 0.
1502318874 1 15654.7597656 0. 4.54291065141e-22 0.
1502318905 1 15637.9199219 0. 4.54064170487e-22 0.
1502318915 1 15633.7939453 0. 4.54042170217e-22 0.
1502318933 1 15661.7041016 0. 4.54993004793e-22 0.
1502318976 1 15555.0449219 0. 4.52276162192e-22 0.
1502319036 1 15195.6201172 0. 4.4240895379e-22 0.
1502319096 1 15028.6865234 0. 4.37994354533e-22 0.
1502319156 1 15706.6914062 0. 4.58328134425e-22 0.
1502319191 1 15695.4384766 0. 4.58292262438e-22 0.
1502319221 1 15679.28125 0. 4.5811018293e-22 0.
1502319276 1 15665.7294922 0. 4.58207061583e-22 0.
1502319316 1 15648.0439453 0. 4.58037495566e-22 0.
1502319342 1 15640.203125 0. 4.58061421535e-22 0.
1502319387 1 15625.3789062 0. 4.58014157579e-22 0.
1502319422 1 15610.296875 0. 4.57849305509e-22 0.
1502319439 1 15603.6328125 0. 4.57843684355e-22 0.
1502319482 1 15584.7050781 0. 4.57648861996e-22 0.
1502319542 1 15596.9072266 0. 4.58576900268e-22 0.
1502319595 1 15587.5742188 0. 4.58777584952e-22 0.
1502319628 1 15578.7490234 0. 4.58807535675e-22 0.
1502319668 1 15560.9492188 0. 4.58654262657e-22 0.
1502319728 1 15535.7646484 0. 4.58418736705e-22 0.
1502319788 1 15514.6357422 0. 4.58342477513e-22 0.
1502319849 1 15492.7587891 0. 4.58212274356e-22 0.
1502319909 1 15473.3251953 0. 4.58167618861e-22 0.
1502319969 1 15450.1289062 0. 4.57988722767e-22 0.
1502320029 1 15427.5927734 0. 4.57833254303e-22 0.
1502320089 1 15405.1162109 0. 4.57661274088e-22 0.
1502320149 1 15378.9091797 0. 4.57415729947e-22 0.
1502320209 1 15354.8212891 0. 4.57211101385e-22 0.
1502320244 1 15338.4501953 0. 4.5699619967e-22 0.
1502320280 1 15331.9326172 0. 4.57143204046e-22 0.
1502320317 1 15346.4052734 0. 4.5781942923e-22 0.
1502320354 1 15349.9814453 0. 4.58279391954e-22 0.
1502320414 1 15328.0400391 0. 4.58158601749e-22 0.
1502320474 1 15299.8632812 0. 4.57846294528e-22 0.
1502320534 1 15286.6142578 0. 4.57952140459e-22 0.
1502320594 1 15258.6416016 0. 4.576279572e-22 0.
1502320641 1 15240.1318359 0. 4.57471693776e-22 0.
1502320665 1 15227.6464844 0. 4.57286988853e-22 0.
1502320703 1 15213.6220703 0. 4.57195661024e-22 0.
1502320763 1 15191.4345703 0. 4.5701338798e-22 0.
1502320811 1 15173.1464844 0. 4.5689920058e-22 0.
1502320848 1 15161.2744141 0. 4.56842158761e-22 0.
1502320897 1 15145.5029297 0. 4.5676959625e-22 0.
1502320934 1 15130.4033203 0. 4.56621230018e-22 0.
1502320955 1 15125.9736328 0. 4.56694088709e-22 0.
1502321000 1 15131.5917969 0. 4.57234730342e-22 0.
1502321060 1 15130.0673828 0. 4.57688843871e-22 0.
1502321120 1 15102.6435547 0. 4.57389907768e-22 0.
1502321180 1 15075.2509766 0. 4.57069263418e-22 0.
1502321240 1 15052.5292969 0. 4.56867357945e-22 0.
1502321300 1 15031.6376953 0. 4.56721742409e-22 0.
1502321360 1 15009.4326172 0. 4.56539989409e-22 0.
1502321420 1 14986.8564453 0. 4.56354099783e-22 0.
1502321480 1 14968.8554688 0. 4.56328822677e-22 0.
1502321541 1 14951.09375 0. 4.56316899999e-22 0.
1502321590 1 14927.9902344 0. 4.56029514506e-22 0.
1502321615 1 14918.4980469 0. 4.55943809203e-22 0.
1502321651 1 14904.3232422 0. 4.55827431044e-22 0.
1502321701 1 14887.0244141 0. 4.55718216808e-22 0.
1502321752 1 14906.0292969 0. 4.56767812513e-22 0.
1502321812 1 14885.2734375 0. 4.5663594204e-22 0.
1502321872 1 14860.5546875 0. 4.56373379521e-22 0.
1502321913 1 14845.4951172 0. 4.56250795915e-22 0.
1502321954 1 14417.3222656 0. 4.43449717116e-22 0.
1502322014 1 14237.0595703 0. 4.38404484829e-22 0.
1502322074 1 14885.9140625 0. 4.58943281936e-22 0.
1502322117 1 14875.3935547 0. 4.58970173459e-22 0.
1502322159 1 14861.0097656 0. 4.58912633898e-22 0.
1502322220 1 14841.5351562 0. 4.58842938029e-22 0.
1502322269 1 14824.8017578 0. 4.58740440546e-22 0.
1502322318 1 14851.6689453 0. 4.5997480418e-22 0.
1502322378 1 14829.9570312 0. 4.59842490991e-22 0.
1502322438 1 14811.828125 0. 4.59805435025e-22 0.
1502322498 1 14795.4277344 0. 4.59800730733e-22 0.
1502322558 1 14773.3583984 0. 4.59630249036e-22 0.
1502322618 1 14750.9150391 0. 4.59421917304e-22 0.
1502322653 1 14735.4638672 0. 4.59255521276e-22 0.
1502322666 1 14728.7246094 0. 4.59141782896e-22 0.
1502322704 1 14720.6171875 0. 4.59222678359e-22 0.
1502322752 1 14705.1513672 0. 4.59127871008e-22 0.
1502322793 1 14692.0791016 0. 4.59077550379e-22 0.
1502322821 1 14679.0576172 0. 4.589020448e-22 0.
1502322853 1 14667.9257812 0. 4.58836464063e-22 0.
1502322908 1 14643.9814453 0. 4.58541787663e-22 0.
1502322958 1 14625.9208984 0. 4.58418027855e-22 0.
1502323008 1 14606.5693359 0. 4.58188613408e-22 0.
1502323068 1 14618.2207031 0. 4.59053250932e-22 0.
1502323128 1 14597.9765625 0. 4.5893122989e-22 0.
1502323188 1 14574.3847656 0. 4.58676532467e-22 0.
1502323248 1 14550.1201172 0. 4.58420006445e-22 0.
1502323283 1 14535.6494141 0. 4.58246904381e-22 0.
1502323318 1 14519.5341797 0. 4.58069481351e-22 0.
1502323378 1 14496.3212891 0. 4.57833111499e-22 0.
1502323417 1 14474.5957031 0. 4.57439270255e-22 0.
1502323455 1 14464.3808594 0. 4.57464370755e-22 0.
1502323515 1 14439.5703125 0. 4.57176972929e-22 0.
1502323575 1 14415.3125 0. 4.56914339735e-22 0.
1502323635 1 14395.5175781 0. 4.56800994171e-22 0.
1502323695 1 14367.234375 0. 4.56375058006e-22 0.
1502323755 1 14347.5625 0. 4.56236858526e-22 0.
1502323816 1 14329.5585938 0. 4.56163152979e-22 0.
1502323876 1 14347.5869141 0. 4.57224662848e-22 0.
1502323936 1 14324.6796875 0. 4.56988969266e-22 0.
1502323996 1 14305.3369141 0. 4.5689333726e-22 0.
1502324056 1 14283.3369141 0. 4.56693190857e-22 0.
1502324116 1 14261.2138672 0. 4.56495959159e-22 0.
1502324176 1 14238.4306641 0. 4.56271558163e-22 0.
1502324211 1 14227.2939453 0. 4.56192909715e-22 0.
1502324247 1 14221.1767578 0. 4.56335982953e-22 0.
1502324286 1 14195.0380859 0. 4.55818947824e-22 0.
1502324306 1 14186.1279297 0. 4.55681615321e-22 0.
1502324347 1 14181.3574219 0. 4.55896977335e-22 0.
1502324382 1 14162.6552734 0. 4.55576973829e-22 0.
1502324417 1 14155.0234375 0. 4.55643458483e-22 0.
1502324453 1 14140.9931641 0. 4.55458280444e-22 0.
1502324488 1 14123.4121094 0. 4.55207306789e-22 0.
1502324548 1 14143.6328125 0. 4.56365631897e-22 0.
1502324608 1 14139.2441406 0. 4.56733785711e-22 0.
1502324668 1 14113.453125 0. 4.56437579641e-22 0.
1502324728 1 14090.1142578 0. 4.56203069319e-22 0.
1502324788 1 14071.2089844 0. 4.56093833681e-22 0.
1502324848 1 14042.5458984 0. 4.55659978952e-22 0.
1502324909 1 14031.9511719 0. 4.55827533773e-22 0.
1502324947 1 14016.6523438 0. 4.55643946419e-22 0.
1502324985 1 14008.1367188 0. 4.55671372416e-22 0.
1502325046 1 13989.9433594 0. 4.55579730992e-22 0.
1502325081 1 13979.5888672 0. 4.55532701139e-22 0.
1502325116 1 13983.6279297 0. 4.55963082262e-22 0.
1502325176 1 13960.5859375 0. 4.55686321208e-22 0.
1502325236 1 13988.0185547 0. 4.57087262483e-22 0.
1502325296 1 13595.8955078 0. 4.44775299592e-22 0.
1502325356 1 13428.5878906 0. 4.39777418553e-22 0.
1502325416 1 14019.8095703 0. 4.59605116669e-22 0.
1502325477 1 14010.5878906 0. 4.59804801114e-22 0.
1502325537 1 13992.9570312 0. 4.59698520785e-22 0.
1502325597 1 13976.2695312 0. 4.59646093503e-22 0.
1502325632 1 13962.0791016 0. 4.59429398133e-22 0.
1502325643 1 13954.8251953 0. 4.59266476089e-22 0.
1502325678 1 13956.3388672 0. 4.59663903672e-22 0.
1502325713 1 13943.2841797 0. 4.595081591e-22 0.
1502325749 1 13932.2138672 0. 4.59440231686e-22 0.
1502325809 1 13918.1992188 0. 4.59462014294e-22 0.
1502325844 1 13909.6923828 0. 4.59440957067e-22 0.
1502325879 1 13896.6953125 0. 4.59328403674e-22 0.
1502325939 1 13913.0859375 0. 4.60360156674e-22 0.
1502325999 1 13894.7910156 0. 4.6025074212e-22 0.
1502326046 1 13887.9931641 0. 4.60409438531e-22 0.
1502326069 1 13883.4726562 0. 4.60426625023e-22 0.
1502326094 1 13874.0439453 0. 4.60354189029e-22 0.
1502326143 1 13858.7314453 0. 4.60254565882e-22 0.
1502326191 1 13835.3095703 0. 4.59862186939e-22 0.
1502326239 1 13827.1191406 0. 4.600041174e-22 0.
1502326299 1 13810.7070312 0. 4.59949492003e-22 0.
1502326342 1 13796.0429688 0. 4.59799006e-22 0.
1502326385 1 13782.2685547 0. 4.59693541554e-22 0.
1502326420 1 13777.5 0. 4.59819615323e-22 0.
1502326456 1 13764.421875 0. 4.59703674329e-22 0.
1502326516 1 13750.4306641 0. 4.59754215372e-22 0.
1502326576 1 13733.4052734 0. 4.59702172055e-22 0.
1502326611 1 13722.2011719 0. 4.59613925929e-22 0.
1502326647 1 13735.28125 0. 4.60362955239e-22 0.
1502326684 1 13736.3740234 0. 4.60711541978e-22 0.
1502326721 1 13726.8691406 0. 4.60714649399e-22 0.
1502326781 1 13708.7734375 0. 4.60612557212e-22 0.
1502327395 1 13708.7734375 0. 4.65756512353e-22 0.
1502328009 1 0.0 0. 0.0 0.
1502328070 1 13319.6621094 0. 4.58017330291e-22 0.
1502328130 1 13327.8876953 0. 4.58792218943e-22 0.
1502328190 1 13323.0087891 0. 4.59128076634e-22 0.
1502328250 1 13301.03125 0. 4.58873291658e-22 0.
1502328304 1 13286.4257812 0. 4.58807300268e-22 0.
1502328332 1 13277.2431641 0. 4.5872041147e-22 0.
1502328368 1 13271.9130859 0. 4.58842137602e-22 0.
1502328428 1 13250.3691406 0. 4.58601016701e-22 0.
1502328488 1 13232.7119141 0. 4.58481528596e-22 0.
1502328548 1 13218.8417969 0. 4.58472640552e-22 0.
1502328608 1 13198.8115234 0. 4.58259032295e-22 0.
1502328643 1 13191.1542969 0. 4.58255065093e-22 0.
1502328672 1 13184.2519531 0. 4.58275956924e-22 0.
1502328726 1 13173.7314453 0. 4.58338722352e-22 0.
1502328786 1 13158.4941406 0. 4.58296849801e-22 0.
1502328846 1 13163.5107422 0. 4.59001965887e-22 0.
1502328907 1 13092.9707031 0. 4.57051951568e-22 0.
1502328967 1 12699.2744141 0. 4.43869724594e-22 0.
1502329022 1 12701.4667969 0. 4.44288544053e-22 0.
1502329078 1 13199.8535156 0. 4.62268123734e-22 0.
1502329138 1 13180.7880859 0. 4.62118019016e-22 0.
1502329198 1 13163.9208984 0. 4.62039183453e-22 0.
1502329258 1 13148.5390625 0. 4.6201421258e-22 0.
1502329318 1 13133.1455078 0. 4.61970657602e-22 0.
1502329372 1 13120.5078125 0. 4.61991535915e-22 0.
1502329424 1 13103.0019531 0. 4.61827795745e-22 0.
1502329483 1 13085.6064453 0. 4.61707523772e-22 0.
1502329543 1 13098.6181641 0. 4.62696062688e-22 0.
1502329603 1 13087.9248047 0. 4.62867107235e-22 0.
1502329663 1 13068.7226562 0. 4.6272084868e-22 0.
1502329723 1 13052.2890625 0. 4.62667600457e-22 0.
1502329783 1 13034.9394531 0. 4.62563610117e-22 0.
1502329843 1 13018.3164062 0. 4.62482422749e-22 0.
1502329903 1 13002.1123047 0. 4.62437226109e-22 0.
1502329964 1 12986.8544922 0. 4.62405356487e-22 0.
1502330024 1 12970.9638672 0. 4.62320696323e-22 0.
1502330084 1 12960.0517578 0. 4.62429097774e-22 0.
1502330144 1 12941.9296875 0. 4.6227012129e-22 0.
1502330204 1 12921.5136719 0. 4.62059570472e-22 0.
1502330264 1 12885.2685547 0. 4.61243966745e-22 0.
1502330324 1 12870.6640625 0. 4.61213064569e-22 0.
1502330384 1 12869.0615234 0. 4.616389364e-22 0.
1502330444 1 12852.5859375 0. 4.61529801366e-22 0.
1502330505 1 12837.8652344 0. 4.61510188456e-22 0.
1502330565 1 12823.5361328 0. 4.61470674527e-22 0.
1502330625 1 12809.5703125 0. 4.61456949751e-22 0.
1502330685 1 12793.8720703 0. 4.61384942044e-22 0.
1502330745 1 12775.6015625 0. 4.61204508697e-22 0.
1502330804 1 12762.4462891 0. 4.61240885634e-22 0.
1502330863 1 12742.5175781 0. 4.60969179766e-22 0.
1502330923 1 12724.9814453 0. 4.60831378093e-22 0.
1502330983 1 12730.5996094 0. 4.61514106007e-22 0.
1502331043 1 12726.5351562 0. 4.61867733078e-22 0.
1502331103 1 12705.1083984 0. 4.61571962526e-22 0.
1502331164 1 12693.5595703 0. 4.61642107563e-22 0.
1502331224 1 12680.6835938 0. 4.61670121173e-22 0.
1502331284 1 12666.3691406 0. 4.61652407148e-22 0.
1502331344 1 12650.0302734 0. 4.61557032686e-22 0.
1502331404 1 12631.2138672 0. 4.61353976755e-22 0.
1502331464 1 12617.3759766 0. 4.61333160598e-22 0.
1502331524 1 12601.6748047 0. 4.61251810343e-22 0.
1502331584 1 12586.8505859 0. 4.6118940186e-22 0.
1502331644 1 12574.8583984 0. 4.6123770169e-22 0.
1502331705 1 12559.7275391 0. 4.61183349175e-22 0.
1502331765 1 12543.7880859 0. 4.6109726706e-22 0.
1502331825 1 12529.4296875 0. 4.61077606282e-22 0.
1502331885 1 12514.4560547 0. 4.61046888336e-22 0.
1502331945 1 12501.8300781 0. 4.61063097885e-22 0.
1502332005 1 12487.4580078 0. 4.61030086469e-22 0.
1502332065 1 12465.8466797 0. 4.60721543512e-22 0.
1502332125 1 12451.6972656 0. 4.60706103948e-22 0.
1502332185 1 12437.2734375 0. 4.60652744429e-22 0.
1502332246 1 12424.1044922 0. 4.60656937137e-22 0.
1502332306 1 12407.3730469 0. 4.60521631347e-22 0.
1502332366 1 12392.2539062 0. 4.60445366918e-22 0.
1502332426 1 12409.6767578 0. 4.61584064231e-22 0.
1502332486 1 12395.7294922 0. 4.61571733893e-22 0.
1502332546 1 12380.4023438 0. 4.61505689548e-22 0.
1502332606 1 12367.9091797 0. 4.61516647367e-22 0.
1502332666 1 12351.6894531 0. 4.61422456852e-22 0.
1502332726 1 12335.7197266 0. 4.61287398208e-22 0.
1502332787 1 12315.8222656 0. 4.61040449094e-22 0.
1502332847 1 12311.5068359 0. 4.61364446704e-22 0.
1502332907 1 12291.4833984 0. 4.61090561285e-22 0.
1502332967 1 12275.140625 0. 4.60960286267e-22 0.
1502333002 1 12268.8242188 0. 4.60985958888e-22 0.
1502333037 1 12000.8144531 0. 4.5121426396e-22 0.
1502333098 1 11732.8505859 0. 4.41611077213e-22 0.
1502333133 1 12054.7558594 0. 4.53933150361e-22 0.
1502333144 1 12241.1005859 0. 4.61101662175e-22 0.
1502333180 1 12261.2226562 0. 4.6218096986e-22 0.
1502333240 1 12245.1230469 0. 4.6203810029e-22 0.
1502333300 1 12232.5029297 0. 4.62041913417e-22 0.
1502333360 1 12218.6103516 0. 4.61986161391e-22 0.
1502333420 1 12200.1748047 0. 4.61785329185e-22 0.
1502333480 1 12184.3652344 0. 4.61633346805e-22 0.
1502333540 1 12171.8271484 0. 4.61641399028e-22 0.
1502333600 1 12160.3193359 0. 4.6168694349e-22 0.
1502333660 1 12146.2080078 0. 4.61606904368e-22 0.
1502333721 1 12129.4345703 0. 4.6148512846e-22 0.
1502333781 1 12117.1445312 0. 4.61490490194e-22 0.
1502333841 1 12119.6103516 0. 4.62072459794e-22 0.
1502333901 1 12119.5292969 0. 4.62567617107e-22 0.
1502333961 1 12099.5234375 0. 4.62295177139e-22 0.
1502334021 1 12084.1337891 0. 4.62205999525e-22 0.
1502334081 1 12070.7167969 0. 4.62200258004e-22 0.
1502334141 1 12054.4130859 0. 4.62065451122e-22 0.
1502334201 1 12044.8310547 0. 4.6219543725e-22 0.
1502334262 1 12032.8027344 0. 4.62243055186e-22 0.
1502334322 1 12015.6054688 0. 4.62078555224e-22 0.
1502334382 1 11999.8105469 0. 4.61988121985e-22 0.
1502334442 1 11990.2724609 0. 4.62110515144e-22 0.
1502334502 1 11976.8066406 0. 4.62119015906e-22 0.
1502334562 1 11961.8632812 0. 4.6204152356e-22 0.
1502334622 1 11948.7802734 0. 4.62019732014e-22 0.
1502334682 1 11935.1044922 0. 4.62000363154e-22 0.
1502334742 1 11919.2080078 0. 4.61843794699e-22 0.
1502334789 1 11904.5283203 0. 4.61656472598e-22 0.
1502334835 1 11895.7958984 0. 4.61685465031e-22 0.
1502334871 1 11888.8583984 0. 4.61679832613e-22 0.
1502334907 1 11877.6396484 0. 4.61545362234e-22 0.
1502334967 1 11867.7470703 0. 4.61626437494e-22 0.
1502335027 1 11855.1806641 0. 4.61632496496e-22 0.
1502335088 1 11839.3291016 0. 4.61508926946e-22 0.
1502335148 1 11823.7050781 0. 4.6137436739e-22 0.
1502335208 1 11812.9003906 0. 4.61441372445e-22 0.
1502335268 1 11811.8203125 0. 4.61896213309e-22 0.
1502335328 1 11814.6699219 0. 4.62494429363e-22 0.
1502335388 1 11802.3554688 0. 4.62494428336e-22 0.
1502335431 1 11791.0732422 0. 4.62409967965e-22 0.
1502335475 1 11780.0859375 0. 4.62320084684e-22 0.
1502335535 1 11766.9609375 0. 4.62292455487e-22 0.
1502335595 1 11754.0019531 0. 4.6228514027e-22 0.
1502335655 1 11741.0302734 0. 4.622419772e-22 0.
1502335715 1 11726.75 0. 4.62148654805e-22 0.
1502335776 1 11711.4072266 0. 4.62037151078e-22 0.
1502335836 1 11697.5195312 0. 4.61950053312e-22 0.
1502335896 1 11683.5029297 0. 4.61877599388e-22 0.
1502335956 1 11672.1699219 0. 4.61904730694e-22 0.
1502336016 1 11661.9736328 0. 4.61936103058e-22 0.
1502336076 1 11647.7753906 0. 4.61866329637e-22 0.
1502336136 1 11636.6835938 0. 4.61906132434e-22 0.
1502336196 1 11620.0361328 0. 4.61710898031e-22 0.
1502336256 1 11605.8271484 0. 4.61629050605e-22 0.
1502336317 1 11594.3369141 0. 4.61655525529e-22 0.
1502336377 1 11580.5400391 0. 4.61576348091e-22 0.
1502336437 1 11565.7802734 0. 4.6144353199e-22 0.
1502336497 1 11554.6269531 0. 4.61448416491e-22 0.
1502336557 1 11539.4384766 0. 4.6131606029e-22 0.
1502336617 1 11523.375 0. 4.61132764111e-22 0.
1502336677 1 11513.9511719 0. 4.61223394301e-22 0.
1502336737 1 11526.0507812 0. 4.62198480038e-22 0.
1502336797 1 11511.4472656 0. 4.62104808763e-22 0.
1502336858 1 11498.0507812 0. 4.6205011879e-22 0.
1502336918 1 11488.2324219 0. 4.6213045603e-22 0.
1502336978 1 11474.7568359 0. 4.62080014262e-22 0.
1502337038 1 11461.4892578 0. 4.62036567957e-22 0.
1502337098 1 11451.1962891 0. 4.62092936823e-22 0.
1502337158 1 11436.2275391 0. 4.61950090872e-22 0.
1502337218 1 11419.9150391 0. 4.6176822582e-22 0.
1502337278 1 11406.8173828 0. 4.61709896538e-22 0.
1502337338 1 11394.6132812 0. 4.61690286923e-22 0.
1502337378 1 11386.2832031 0. 4.6165986476e-22 0.
1502337418 1 11376.4140625 0. 4.61570193088e-22 0.
1502337478 1 11362.6494141 0. 4.61473868066e-22 0.
1502337538 1 11352.6708984 0. 4.61546616299e-22 0.
1502337598 1 11337.6347656 0. 4.61387101365e-22 0.
1502337658 1 11329.9296875 0. 4.61545237346e-22 0.
1502337718 1 11318.0712891 0. 4.6154159665e-22 0.
1502337778 1 11303.8955078 0. 4.6142950569e-22 0.
1502337816 1 11291.8710938 0. 4.61206115182e-22 0.
1502337854 1 11284.5498047 0. 4.61228108065e-22 0.
1502337915 1 11273.453125 0. 4.61259483843e-22 0.
1502337975 1 11261.4404297 0. 4.61225586995e-22 0.
1502338035 1 11248.1025391 0. 4.61154518394e-22 0.
1502338095 1 11236.4746094 0. 4.61152347083e-22 0.
1502338155 1 11220.6083984 0. 4.6096008618e-22 0.
1502338215 1 11229.6259766 0. 4.61795302971e-22 0.
1502338275 1 11217.8076172 0. 4.6179362165e-22 0.
1502338336 1 11201.7470703 0. 4.6161330289e-22 0.
1502338396 1 11188.3759766 0. 4.61563656625e-22 0.
1502338456 1 11180.4150391 0. 4.61695654965e-22 0.
1502338516 1 11147.9326172 0. 4.60802311844e-22 0.
1502338576 1 10745.4345703 0. 4.4467678326e-22 0.
1502338636 1 10859.4882812 0. 4.49782046098e-22 0.
1502338696 1 11148.5927734 0. 4.62260881983e-22 0.
1502338756 1 11133.7470703 0. 4.62121470708e-22 0.
1502338816 1 11124.1650391 0. 4.62184877132e-22 0.
1502338877 1 11110.4023438 0. 4.6207335166e-22 0.
1502338913 1 11104.2558594 0. 4.62063073827e-22 0.
1502338949 1 11092.8574219 0. 4.61890553009e-22 0.
1502339010 1 11080.7167969 0. 4.61863523479e-22 0.
1502339070 1 11070.6064453 0. 4.61918036584e-22 0.
1502339130 1 11058.5634766 0. 4.61881742946e-22 0.
1502339190 1 11046.9345703 0. 4.61878191316e-22 0.
1502339250 1 10943.1259766 0. 4.58036084999e-22 0.
1502339310 1 10878.3613281 0. 4.55825873123e-22 0.
1502339370 1 10871.9267578 0. 4.5606391827e-22 0.
1502339431 1 10858.5585938 0. 4.56001541256e-22 0.
1502339491 1 10846.2363281 0. 4.55954982577e-22 0.
1502339551 1 10830.9775391 0. 4.5578620046e-22 0.
1502339590 1 10820.40625 0. 4.55633875096e-22 0.
1502339628 1 10821.7421875 0. 4.5599861093e-22 0.
1502339689 1 10832.390625 0. 4.56930753072e-22 0.
1502339749 1 10820.5126953 0. 4.56920340559e-22 0.
1502339809 1 10809.5498047 0. 4.5694106503e-22 0.
1502339869 1 10795.1220703 0. 4.56806233562e-22 0.
1502339929 1 10785.1708984 0. 4.56873671428e-22 0.
1502339989 1 10771.6582031 0. 4.56786583925e-22 0.
1502340049 1 10759.7324219 0. 4.56737877717e-22 0.
1502340110 1 10745.5947266 0. 4.56611678022e-22 0.
1502340170 1 10733.09375 0. 4.56573227923e-22 0.
1502340230 1 10724.9091797 0. 4.56707165429e-22 0.
1502340290 1 10710.5019531 0. 4.56567272518e-22 0.
1502340350 1 10694.1025391 0. 4.56332584673e-22 0.
1502340410 1 10680.0507812 0. 4.56223104073e-22 0.
1502340470 1 10668.7099609 0. 4.56225896489e-22 0.
1502340530 1 10663.2783203 0. 4.56469949811e-22 0.
1502340590 1 10650.109375 0. 4.56397363615e-22 0.
1502340651 1 10636.5957031 0. 4.56325467914e-22 0.
1502340711 1 10623.0322266 0. 4.56247032e-22 0.
1502340771 1 10608.8310547 0. 4.56131417751e-22 0.
1502340831 1 10600.7050781 0. 4.56259261203e-22 0.
1502340891 1 10590.3867188 0. 4.56286940996e-22 0.
1502340951 1 10579.1962891 0. 4.56305281799e-22 0.
1502341011 1 10566.8847656 0. 4.56272631899e-22 0.
1502341071 1 10561.5615234 0. 4.56543556528e-22 0.
1502341131 1 10566.4638672 0. 4.57299113543e-22 0.
1502341192 1 10554.8818359 0. 4.57319830257e-22 0.
1502341252 1 10547.1025391 0. 4.57466890475e-22 0.
1502341312 1 10539.3320312 0. 4.57593398309e-22 0.
1502341350 1 10531.046875 0. 4.57518221124e-22 0.
1502341388 1 10520.3125 0. 4.5735011149e-22 0.
1502341449 1 10509.8984375 0. 4.57381424983e-22 0.
1502341509 1 10496.7060547 0. 4.57294679736e-22 0.
1502341569 1 10486.125 0. 4.57314298242e-22 0.
1502341629 1 10473.2949219 0. 4.5720876344e-22 0.
1502341664 1 10465.5390625 0. 4.57141921297e-22 0.
1502341698 1 10462.6142578 0. 4.57288566942e-22 0.
1502341757 1 10454.8535156 0. 4.57430169252e-22 0.
1502341817 1 10439.5546875 0. 4.57217918248e-22 0.
1502341877 1 10425.6416016 0. 4.57082184521e-22 0.
1502341937 1 10419.7519531 0. 4.57290228072e-22 0.
1502341998 1 10430.015625 0. 4.58219557973e-22 0.
1502342058 1 10181.3242188 0. 4.47764246008e-22 0.
1502342118 1 9999.04980469 0. 4.40224187358e-22 0.
1502342178 1 10394.7753906 0. 4.58113066755e-22 0.
1502342238 1 10384.2275391 0. 4.58136766994e-22 0.
1502342298 1 10368.9287109 0. 4.57911502447e-22 0.
1502342358 1 10351.5341797 0. 4.57596729435e-22 0.
1502342418 1 10297.2539062 0. 4.55710843084e-22 0.
1502342453 1 10276.2490234 0. 4.55057382634e-22 0.
1502342489 1 10266.3457031 0. 4.54957635432e-22 0.
1502342549 1 10150.0458984 0. 4.50304834422e-22 0.
1502342609 1 10133.0283203 0. 4.50032638466e-22 0.
1502342669 1 10123.7607422 0. 4.50094159302e-22 0.
1502342729 1 10115.7451172 0. 4.50192265989e-22 0.
1502342790 1 10105.5742188 0. 4.50213167425e-22 0.
1502342847 1 10092.4902344 0. 4.50047226249e-22 0.
1502342904 1 10083.1650391 0. 4.50095671267e-22 0.
1502342940 1 10074.8046875 0. 4.4998767587e-22 0.
1502342975 1 10069.5693359 0. 4.50052192668e-22 0.
1502343035 1 10058.4667969 0. 4.50033774118e-22 0.
1502343095 1 10043.7919922 0. 4.49848755028e-22 0.
1502343155 1 10035.7509766 0. 4.49990416292e-22 0.
1502343215 1 10025.0 0. 4.49947828705e-22 0.
1502343275 1 10011.4228516 0. 4.49828959458e-22 0.
1502343336 1 10018.4785156 0. 4.50640698153e-22 0.
1502343396 1 9979.59765625 0. 4.49403918236e-22 0.
1502343456 1 9617.47167969 0. 4.33616828797e-22 0.
1502343516 1 9785.89550781 0. 4.4163511688e-22 0.
1502343576 1 9978.38378906 0. 4.50843266867e-22 0.
1502343636 1 9969.81445312 0. 4.50955870799e-22 0.
1502343696 1 9959.20996094 0. 4.50984775938e-22 0.
1502343756 1 9949.1484375 0. 4.51058602961e-22 0.
1502343816 1 9937.60253906 0. 4.51084111861e-22 0.
1502343877 1 9926.19824219 0. 4.51087212389e-22 0.
1502343937 1 9919.65625 0. 4.51316606499e-22 0.
1502343997 1 9904.26757812 0. 4.5113873776e-22 0.
1502344057 1 9889.32910156 0. 4.50953849144e-22 0.
1502344117 1 9878.6796875 0. 4.50943134352e-22 0.
1502344177 1 9867.20117188 0. 4.50903700564e-22 0.
1502344237 1 9855.82421875 0. 4.50868132573e-22 0.
1502344290 1 9848.33496094 0. 4.50961734234e-22 0.
1502344343 1 9837.11621094 0. 4.50890283565e-22 0.
1502344403 1 9826.671875 0. 4.508524656e-22 0.
1502344463 1 9815.04394531 0. 4.50803682765e-22 0.
1502344524 1 9803.96875 0. 4.50767686981e-22 0.
1502344584 1 9792.13769531 0. 4.5072023566e-22 0.
1502344644 1 9781.28808594 0. 4.50687698525e-22 0.
1502344697 1 9773.05664062 0. 4.507113931e-22 0.
1502344751 1 9764.50976562 0. 4.50744410781e-22 0.
1502344786 1 9756.63476562 0. 4.50628427716e-22 0.
1502344821 1 9750.91503906 0. 4.50664680933e-22 0.
1502344881 1 9739.38671875 0. 4.50576231258e-22 0.
1502344941 1 9730.24121094 0. 4.50620461737e-22 0.
1502345001 1 9713.02441406 0. 4.50297235768e-22 0.
1502345051 1 9707.26367188 0. 4.50397360835e-22 0.
1502345101 1 9696.44824219 0. 4.50296607222e-22 0.
1502345161 1 9684.72753906 0. 4.5022544015e-22 0.
1502345221 1 9672.63183594 0. 4.50127656814e-22 0.
1502345281 1 9661.86230469 0. 4.50096768089e-22 0.
1502345341 1 9652.48730469 0. 4.50113971525e-22 0.
1502345401 1 9662.88476562 0. 4.510690851e-22 0.
1502345462 1 9589.63769531 0. 4.48132767202e-22 0.
1502345522 1 9313.02050781 0. 4.35722502674e-22 0.
1502345582 1 9442.72753906 0. 4.42170484038e-22 0.
1502345639 1 9631.95898438 0. 4.51545026471e-22 0.
1502345695 1 9619.93554688 0. 4.51419565047e-22 0.
1502345755 1 9609.88574219 0. 4.51410845487e-22 0.
1502345815 1 9597.79882812 0. 4.51341251487e-22 0.
1502345876 1 9588.08398438 0. 4.51349746524e-22 0.
1502345936 1 9577.66699219 0. 4.51323745947e-22 0.
1502345996 1 9566.95800781 0. 4.51315119468e-22 0.
1502346056 1 9554.52246094 0. 4.51181734706e-22 0.
1502346116 1 9545.35449219 0. 4.51202198254e-22 0.
1502346176 1 9533.60644531 0. 4.51111362286e-22 0.
1502346236 1 9521.82714844 0. 4.51045065796e-22 0.
1502346296 1 9509.72070312 0. 4.50925520516e-22 0.
1502346356 1 9503.078125 0. 4.51066529076e-22 0.
1502346416 1 9491.28222656 0. 4.50969253444e-22 0.
1502346477 1 9479.24902344 0. 4.50880660446e-22 0.
1502346537 1 9468.88769531 0. 4.50840114708e-22 0.
1502346597 1 9459.31933594 0. 4.50856212935e-22 0.
1502346657 1 9450.26269531 0. 4.50911204983e-22 0.
1502346717 1 9439.09472656 0. 4.50842915683e-22 0.
1502346777 1 9429.18359375 0. 4.50871988526e-22 0.
1502346837 1 9416.16894531 0. 4.50742235548e-22 0.
1502346897 1 9417.66210938 0. 4.51315492995e-22 0.
1502346957 1 9414.47851562 0. 4.5166594326e-22 0.
1502347018 1 9122.60351562 0. 4.38192099124e-22 0.
1502347078 1 9111.17089844 0. 4.38127598469e-22 0.
1502347138 1 9385.62109375 0. 4.51836336486e-22 0.
1502347198 1 9373.93066406 0. 4.51790005268e-22 0.
1502347258 1 9366.80761719 0. 4.519642147e-22 0.
1502347318 1 9353.80273438 0. 4.51872462073e-22 0.
1502347353 1 9341.96679688 0. 4.51563326465e-22 0.
1502347389 1 9338.74804688 0. 4.5175481728e-22 0.
1502347449 1 9330.29785156 0. 4.51857062873e-22 0.
1502347509 1 9318.82714844 0. 4.51799189368e-22 0.
1502347569 1 9309.23144531 0. 4.51821676081e-22 0.
1502347629 1 9298.99804688 0. 4.51822794034e-22 0.
1502347689 1 9287.29882812 0. 4.51730943967e-22 0.
1502347750 1 9278.51074219 0. 4.51768454554e-22 0.
1502347810 1 9268.546875 0. 4.5175774118e-22 0.
1502347870 1 9256.91015625 0. 4.51664388884e-22 0.
1502347930 1 9246.91699219 0. 4.51602093761e-22 0.
1502347990 1 9237.8203125 0. 4.51620550033e-22 0.
1502348050 1 9225.67578125 0. 4.51497677981e-22 0.
1502348110 1 9218.45898438 0. 4.51625826671e-22 0.
1502348170 1 9209.85253906 0. 4.51685129574e-22 0.
1502348230 1 9197.125 0. 4.51531640856e-22 0.
1502348291 1 9188.23632812 0. 4.51541517443e-22 0.
1502348351 1 9189.55371094 0. 4.5200511856e-22 0.
1502348411 1 9192.61132812 0. 4.52572209948e-22 0.
1502348471 1 9189.08789062 0. 4.52785011516e-22 0.
1502348531 1 9171.81054688 0. 4.52339722863e-22 0.
1502348591 1 9149.94921875 0. 4.51711007e-22 0.
1502348651 1 9138.24609375 0. 4.51589955997e-22 0.
1502348711 1 9131.92480469 0. 4.51728197179e-22 0.
1502348771 1 9117.98339844 0. 4.51499456349e-22 0.
1502348832 1 9109.07617188 0. 4.5153903793e-22 0.
1502348892 1 9099.22070312 0. 4.51495238395e-22 0.
1502348946 1 8561.25585938 0. 4.258329397e-22 0.
1502349000 1 0.203473135829 0. 2.06695635566e-22 0.
