1502984210 1 10200.1152344 0. 5.07869342825e-22 0.
1502984270 1 10181.15625 0. 5.07618175908e-22 0.
1502984330 1 10187.8212891 0. 5.08533208022e-22 0.
1502984390 1 10172.2236328 0. 5.08358900622e-22 0.
1502984431 1 10185.1621094 0. 5.09378895052e-22 0.
1502984461 1 10164.2216797 0. 5.08585940235e-22 0.
1502984510 1 10141.3183594 0. 5.07957680792e-22 0.
1502984571 1 10092.2753906 0. 5.06085496308e-22 0.
1502984631 1 10061.1376953 0. 5.05229021728e-22 0.
1502984689 1 10042.0908203 0. 5.04976321229e-22 0.
1502984734 1 10025.2236328 0. 5.04678813099e-22 0.
1502984781 1 10012.8789062 0. 5.04629302861e-22 0.
1502984841 1 9992.6015625 0. 5.04344720203e-22 0.
1502984902 1 9970.31640625 0. 5.03960945841e-22 0.
1502984962 1 9948.26660156 0. 5.03530492275e-22 0.
1502985022 1 9927.26757812 0. 5.03174610162e-22 0.
1502985082 1 9904.79003906 0. 5.02703919128e-22 0.
1502985142 1 9880.0078125 0. 5.02102861584e-22 0.
1502985202 1 9856.64257812 0. 5.01551217711e-22 0.
1502985262 1 9838.06835938 0. 5.01213433702e-22 0.
1502985322 1 9815.84667969 0. 5.00666479067e-22 0.
1502985382 1 9800.68945312 0. 5.00514163849e-22 0.
1502985443 1 9795.27441406 0. 5.00830305427e-22 0.
1502985503 1 9781.44140625 0. 5.00711573809e-22 0.
1502985563 1 9764.65039062 0. 5.0043949985e-22 0.
1502985623 1 9751.5 0. 5.00347281585e-22 0.
1502985683 1 9730.61621094 0. 4.99848388758e-22 0.
1502985743 1 9706.44140625 0. 4.99183478773e-22 0.
1502985803 1 9684.24902344 0. 4.98623913334e-22 0.
1502985863 1 9682.015625 0. 4.99107401917e-22 0.
1502985923 1 9648.58496094 0. 4.9794574537e-22 0.
1502985984 1 9633.30957031 0. 4.9772424681e-22 0.
1502986044 1 9613.91796875 0. 4.97300800646e-22 0.
1502986104 1 9604.60253906 0. 4.97380403544e-22 0.
1502986164 1 9583.41796875 0. 4.96827786777e-22 0.
1502986224 1 9563.8828125 0. 4.96367303042e-22 0.
1502986284 1 9543.93066406 0. 4.95897749151e-22 0.
1502986344 1 9519.43359375 0. 4.95171197324e-22 0.
1502986404 1 9463.60742188 0. 4.92818231919e-22 0.
1502986465 1 9439.36816406 0. 4.92085932925e-22 0.
1502986525 1 9413.32910156 0. 4.91258041817e-22 0.
1502986585 1 9402.46484375 0. 4.91236517023e-22 0.
1502986645 1 9391.90429688 0. 4.91233110914e-22 0.
1502986705 1 9370.77734375 0. 4.90662054661e-22 0.
1502986751 1 9339.74707031 0. 4.89441159344e-22 0.
1502986780 1 9330.35449219 0. 4.89199744403e-22 0.
1502986822 1 9309.48046875 0. 4.88477610968e-22 0.
1502986883 1 9312.36621094 0. 4.89177028971e-22 0.
1502986943 1 9299.27929688 0. 4.89025857779e-22 0.
1502987003 1 9277.19726562 0. 4.88402629278e-22 0.
1502987063 1 9261.81347656 0. 4.88133980162e-22 0.
1502987123 1 9247.21289062 0. 4.8789978831e-22 0.
1502987183 1 9234.16308594 0. 4.87736195309e-22 0.
1502987243 1 9206.90234375 0. 4.86801690833e-22 0.
1502987304 1 9184.55957031 0. 4.86142415289e-22 0.
1502987364 1 9163.22753906 0. 4.85524895393e-22 0.
1502987424 1 9147.62304688 0. 4.85226021619e-22 0.
1502987484 1 9134.65917969 0. 4.85043652138e-22 0.
1502987544 1 9136.14746094 0. 4.85653242453e-22 0.
1502987604 1 9103.9296875 0. 4.84459537188e-22 0.
1502987664 1 9086.4609375 0. 4.84038394261e-22 0.
1502987724 1 9063.3359375 0. 4.83311355457e-22 0.
1502987773 1 9048.14941406 0. 4.82921294111e-22 0.
1502987799 1 9036.22460938 0. 4.82501625233e-22 0.
1502987818 1 9020.28613281 0. 4.81805596533e-22 0.
1502987861 1 9012.87304688 0. 4.81765370026e-22 0.
1502987921 1 8988.28515625 0. 4.80949791793e-22 0.
1502987981 1 8979.52539062 0. 4.80984131634e-22 0.
1502988041 1 8959.921875 0. 4.80415443751e-22 0.
1502988101 1 8939.84277344 0. 4.79833911153e-22 0.
1502988161 1 8932.07324219 0. 4.79912623759e-22 0.
1502988219 1 8917.20214844 0. 4.79613664529e-22 0.
1502988277 1 8894.56347656 0. 4.78857445545e-22 0.
1502988336 1 8862.98144531 0. 4.77650796401e-22 0.
1502988375 1 8867.41015625 0. 4.78214637381e-22 0.
1502988414 1 8859.25390625 0. 4.78101712969e-22 0.
1502988474 1 8683.47558594 0. 4.69103024908e-22 0.
1502988534 1 8676.78222656 0. 4.6933020001e-22 0.
1502988594 1 8611.703125 0. 4.66301318367e-22 0.
1502988654 1 8808.15820312 0. 4.77310434494e-22 0.
1502988714 1 9133.63769531 0. 4.95575081354e-22 0.
1502988774 1 9134.12597656 0. 4.96101803186e-22 0.
1502988835 1 9120.15234375 0. 4.95869768311e-22 0.
1502988895 1 9106.91601562 0. 4.95684667837e-22 0.
1502988955 1 9094.78125 0. 4.95544996848e-22 0.
1502989015 1 9078.95507812 0. 4.95177582475e-22 0.
1502989075 1 9073.27148438 0. 4.95396019812e-22 0.
1502989135 1 9055.88183594 0. 4.94989101261e-22 0.
1502989195 1 9041.64648438 0. 4.94717892456e-22 0.
1502989255 1 9029.14648438 0. 4.94546029513e-22 0.
1502989316 1 9017.57617188 0. 4.94438247397e-22 0.
1502989376 1 9004.55761719 0. 4.94256097982e-22 0.
1502989436 1 8995.24414062 0. 4.94269545055e-22 0.
1502989496 1 8978.38085938 0. 4.93825811515e-22 0.
1502989556 1 8966.00390625 0. 4.93660419089e-22 0.
1502989616 1 8956.421875 0. 4.93651705137e-22 0.
1502989676 1 8942.78613281 0. 4.93398570538e-22 0.
1502989736 1 8930.97558594 0. 4.93253883667e-22 0.
1502989796 1 8918.65722656 0. 4.93075526007e-22 0.
1502989857 1 8905.33203125 0. 4.9284386701e-22 0.
1502989917 1 8896.53320312 0. 4.92875702472e-22 0.
1502989977 1 8882.87988281 0. 4.92630530973e-22 0.
1502990037 1 8871.86523438 0. 4.92538111852e-22 0.
1502990097 1 8858.6484375 0. 4.92302395561e-22 0.
1502990157 1 8844.20019531 0. 4.91991324555e-22 0.
1502990217 1 8830.75976562 0. 4.91737499583e-22 0.
1502990277 1 8818.39746094 0. 4.91542371021e-22 0.
1502990337 1 8808.31640625 0. 4.91492181438e-22 0.
1502990398 1 8797.77441406 0. 4.9142474502e-22 0.
1502990458 1 8786.22265625 0. 4.91270011563e-22 0.
1502990501 1 8778.76855469 0. 4.91200120045e-22 0.
1502990545 1 8768.27539062 0. 4.91001763974e-22 0.
1502990580 1 8761.49511719 0. 4.90886339325e-22 0.
1502990615 1 8755.72167969 0. 4.90869449947e-22 0.
1502990675 1 8741.78222656 0. 4.90588994083e-22 0.
1502990736 1 8729.58789062 0. 4.904088932e-22 0.
1502990796 1 8718.3046875 0. 4.90255911813e-22 0.
1502990856 1 8704.77050781 0. 4.89979628062e-22 0.
1502990916 1 8691.25976562 0. 4.89723871491e-22 0.
1502990976 1 8677.74902344 0. 4.89447054186e-22 0.
1502991036 1 8658.71582031 0. 4.88898536874e-22 0.
1502991096 1 8641.84082031 0. 4.88429765084e-22 0.
1502991156 1 8639.19628906 0. 4.88764946955e-22 0.
1502991216 1 8629.86035156 0. 4.8871973734e-22 0.
1502991277 1 8620.59472656 0. 4.88687174321e-22 0.
1502991337 1 8608.95800781 0. 4.88510275861e-22 0.
1502991397 1 8591.84375 0. 4.88025129978e-22 0.
1502991457 1 8581.58496094 0. 4.87912301127e-22 0.
1502991517 1 8567.63085938 0. 4.8762491412e-22 0.
1502991577 1 8559.52441406 0. 4.8763179129e-22 0.
1502991637 1 8541.828125 0. 4.87105897224e-22 0.
1502991697 1 8627.30761719 0. 4.92478087182e-22 0.
1502991758 1 8743.83105469 0. 4.99721408535e-22 0.
1502991818 1 8738.65039062 0. 4.99980731615e-22 0.
1502991878 1 8717.25878906 0. 4.99291877046e-22 0.
1502991938 1 8671.18359375 0. 4.97178723602e-22 0.
1502991998 1 8417.69238281 0. 4.83180714473e-22 0.
1502992058 1 8325.49902344 0. 4.78348248924e-22 0.
1502992118 1 8724.54199219 0. 5.0186327977e-22 0.
1502992168 1 8718.10449219 0. 5.01943162707e-22 0.
1502992218 1 8708.6875 0. 5.01836554185e-22 0.
1502992253 1 8701.5234375 0. 5.01709404646e-22 0.
1502992288 1 8694.51855469 0. 5.01634802143e-22 0.
1502992348 1 8682.5546875 0. 5.01486528063e-22 0.
1502992408 1 8671.26367188 0. 5.01369306168e-22 0.
1502992469 1 8659.73144531 0. 5.01244639582e-22 0.
1502992529 1 8647.93945312 0. 5.0106714388e-22 0.
1502992589 1 8636.71679688 0. 5.0095108656e-22 0.
1502992649 1 8624.109375 0. 5.00769986384e-22 0.
1502992709 1 8612.73730469 0. 5.00636684719e-22 0.
1502992769 1 8601.38769531 0. 5.00493726609e-22 0.
1502992829 1 8592.48828125 0. 5.00503675297e-22 0.
1502992889 1 8578.9765625 0. 5.00224500728e-22 0.
1502992950 1 8567.43945312 0. 5.00075893382e-22 0.
1502993010 1 8554.00878906 0. 4.99812810267e-22 0.
1502993070 1 8543.58789062 0. 4.99736138273e-22 0.
1502993130 1 8532.70898438 0. 4.99612447685e-22 0.
1502993190 1 8521.53320312 0. 4.99471825183e-22 0.
1502993250 1 8512.90332031 0. 4.99512364264e-22 0.
1502993310 1 8500.234375 0. 4.99285994607e-22 0.
1502993370 1 8487.95605469 0. 4.99063438898e-22 0.
1502993430 1 8478.5390625 0. 4.99015386736e-22 0.
1502993491 1 8466.4609375 0. 4.9884419681e-22 0.
1502993551 1 8455.49511719 0. 4.98724540591e-22 0.
1502993611 1 8443.12304688 0. 4.98507405181e-22 0.
1502993671 1 8431.97167969 0. 4.98360195579e-22 0.
1502993731 1 8421.91113281 0. 4.98282312519e-22 0.
1502993791 1 8410.36816406 0. 4.98126344066e-22 0.
1502993851 1 8401.33105469 0. 4.98092606399e-22 0.
1502993886 1 8395.37011719 0. 4.98034813977e-22 0.
1502993913 1 8389.94042969 0. 4.97935798798e-22 0.
1502993965 1 8378.9296875 0. 4.97728225828e-22 0.
1502994025 1 8365.96582031 0. 4.97456731465e-22 0.
1502994085 1 8353.83789062 0. 4.97251900444e-22 0.
1502994145 1 8344.58886719 0. 4.97236574255e-22 0.
1502994205 1 8334.31542969 0. 4.97123038808e-22 0.
1502994265 1 8327.91113281 0. 4.97268881016e-22 0.
1502994326 1 8317.2734375 0. 4.97089240469e-22 0.
1502994386 1 8306.70703125 0. 4.96965081445e-22 0.
1502994446 1 8289.48144531 0. 4.96420906068e-22 0.
1502994506 1 8275.99511719 0. 4.961160191e-22 0.
1502994566 1 8272.11914062 0. 4.96369256813e-22 0.
1502994626 1 8258.578125 0. 4.96072113935e-22 0.
1502994686 1 8251.01953125 0. 4.96107294335e-22 0.
1502994746 1 8240.71484375 0. 4.95989422283e-22 0.
1502994806 1 8228.05371094 0. 4.957079532e-22 0.
1502994866 1 8219.16503906 0. 4.9566372216e-22 0.
1502994926 1 8208.48632812 0. 4.95503107787e-22 0.
1502994986 1 8196.59863281 0. 4.95269523492e-22 0.
1502995046 1 8183.91210938 0. 4.94983780887e-22 0.
1502995107 1 8174.68554688 0. 4.94920792084e-22 0.
1502995167 1 8166.15576172 0. 4.94896096315e-22 0.
1502995227 1 8154.90527344 0. 4.9471436901e-22 0.
1502995287 1 8143.75878906 0. 4.94528446647e-22 0.
1502995347 1 8133.70898438 0. 4.94392240026e-22 0.
1502995407 1 8123.83789062 0. 4.94278487906e-22 0.
1502995467 1 8115.66699219 0. 4.94281832183e-22 0.
1502995527 1 8103.58496094 0. 4.94012460526e-22 0.
1502995587 1 8092.81933594 0. 4.93844314671e-22 0.
1502995645 1 8082.60498047 0. 4.93726959381e-22 0.
1502995701 1 7430.72265625 0. 4.54805280478e-22 0.
1502995748 1 0.135720700026 0. 2.08452339768e-23 0.
1502995771 1 0.119627036154 0. 0.0 0.
1502995787 1 0.11552824825 0. 0.0 0.
