1503006210 1 9831.62988281 0. 4.91760980291e-22 0.
1503006270 1 9800.26660156 0. 4.90765069571e-22 0.
1503006330 1 9804.85058594 0. 4.91560557977e-22 0.
1503006386 1 9758.328125 0. 4.89853887955e-22 0.
1503006423 1 9778.36230469 0. 4.91273733101e-22 0.
1503006442 1 9770.0625 0. 4.91018387465e-22 0.
1503006474 1 9731.72949219 0. 4.89500238833e-22 0.
1503006520 1 9712.39648438 0. 4.89095335923e-22 0.
1503006571 1 9687.53808594 0. 4.88508505732e-22 0.
1503006631 1 9618.70019531 0. 4.85792900966e-22 0.
1503006691 1 9621.47558594 0. 4.86663529429e-22 0.
1503006752 1 9605.515625 0. 4.86601679703e-22 0.
1503006812 1 9591.80859375 0. 4.86665530314e-22 0.
1503006872 1 9564.00585938 0. 4.85996695853e-22 0.
1503006932 1 9543.73144531 0. 4.85728596384e-22 0.
1503006992 1 9519.60839844 0. 4.8521265501e-22 0.
1503007052 1 9498.60839844 0. 4.84692758796e-22 0.
1503007112 1 9472.55957031 0. 4.84020557489e-22 0.
1503007149 1 9469.35644531 0. 4.84248901178e-22 0.
1503007179 1 9463.07519531 0. 4.84316709517e-22 0.
1503007232 1 9438.19042969 0. 4.83657610786e-22 0.
1503007292 1 9419.25097656 0. 4.83403341088e-22 0.
1503007352 1 9395.86914062 0. 4.82853966234e-22 0.
1503007413 1 9390.42675781 0. 4.83249217424e-22 0.
1503007473 1 9369.18457031 0. 4.82820411443e-22 0.
1503007523 1 9342.3046875 0. 4.81991036412e-22 0.
1503007574 1 9332.30175781 0. 4.81999438223e-22 0.
1503007633 1 9311.74609375 0. 4.81559578103e-22 0.
1503007694 1 9285.31640625 0. 4.8081236762e-22 0.
1503007754 1 9273.22070312 0. 4.80802340795e-22 0.
1503007814 1 9268.89453125 0. 4.81246713842e-22 0.
1503007874 1 9238.45410156 0. 4.80292465262e-22 0.
1503007934 1 9224.5078125 0. 4.80165918348e-22 0.
1503007994 1 9213.26757812 0. 4.80180496247e-22 0.
1503008054 1 9183.79882812 0. 4.79229225085e-22 0.
1503008114 1 9175.93554688 0. 4.79387013821e-22 0.
1503008174 1 9173.94726562 0. 4.79838822551e-22 0.
1503008235 1 9148.91992188 0. 4.79067344845e-22 0.
1503008295 1 9141.85253906 0. 4.79238711416e-22 0.
1503008355 1 9124.72167969 0. 4.78901003724e-22 0.
1503008415 1 9109.390625 0. 4.78623879441e-22 0.
1503008475 1 9099.640625 0. 4.78627809998e-22 0.
1503008535 1 8915.69726562 0. 4.69480325537e-22 0.
1503008595 1 8974.62988281 0. 4.73151698871e-22 0.
1503008655 1 8661.79003906 0. 4.57125286196e-22 0.
1503008715 1 9235.79394531 0. 4.87997182601e-22 0.
1503008776 1 9222.63769531 0. 4.87835246246e-22 0.
1503008836 1 9207.84570312 0. 4.87612383106e-22 0.
1503008896 1 9196.15429688 0. 4.87534068501e-22 0.
1503008956 1 9183.65332031 0. 4.87412170249e-22 0.
1503009016 1 9168.8203125 0. 4.87142077795e-22 0.
1503009076 1 9155.38769531 0. 4.86962112771e-22 0.
1503009136 1 9140.82324219 0. 4.86699432322e-22 0.
1503009196 1 9127.51171875 0. 4.86536988727e-22 0.
1503009256 1 9115.87695312 0. 4.86465764484e-22 0.
1503009317 1 9099.96777344 0. 4.86157214846e-22 0.
1503009377 1 9086.48632812 0. 4.85959786542e-22 0.
1503009437 1 9075.68847656 0. 4.85906278643e-22 0.
1503009497 1 9062.1484375 0. 4.85678364831e-22 0.
1503009557 1 9049.25488281 0. 4.8549850369e-22 0.
1503009617 1 9036.68066406 0. 4.8535336245e-22 0.
1503009677 1 9015.45898438 0. 4.84755973843e-22 0.
1503009737 1 8996.46289062 0. 4.84261288864e-22 0.
1503009797 1 8984.72949219 0. 4.84150422627e-22 0.
1503009858 1 8966.83105469 0. 4.83707510442e-22 0.
1503009898 1 8957.70214844 0. 4.83519597027e-22 0.
1503009920 1 8953.53417969 0. 4.83498922932e-22 0.
1503009963 1 8942.19433594 0. 4.83252415913e-22 0.
1503010024 1 8927.2890625 0. 4.82981446083e-22 0.
1503010084 1 8913.66015625 0. 4.82759533283e-22 0.
1503010144 1 8899.60742188 0. 4.82488640218e-22 0.
1503010204 1 8887.71386719 0. 4.82364637901e-22 0.
1503010264 1 8875.81542969 0. 4.82231776492e-22 0.
1503010324 1 8865.40527344 0. 4.82168702427e-22 0.
1503010384 1 8849.171875 0. 4.81797866787e-22 0.
1503010444 1 8835.09472656 0. 4.81531613765e-22 0.
1503010505 1 8823.203125 0. 4.81395640664e-22 0.
1503010565 1 8811.38671875 0. 4.81264933066e-22 0.
1503010625 1 8568.04394531 0. 4.68449005217e-22 0.
1503010685 1 8368.42773438 0. 4.58041269791e-22 0.
1503010745 1 8820.88769531 0. 4.83297044102e-22 0.
1503010805 1 8806.95214844 0. 4.83024900249e-22 0.
1503010865 1 8794.88867188 0. 4.82880904036e-22 0.
1503010925 1 8782.24316406 0. 4.82687263085e-22 0.
1503010985 1 8770.51367188 0. 4.82557494388e-22 0.
1503011046 1 8759.96191406 0. 4.82485591667e-22 0.
1503011106 1 8748.58300781 0. 4.82352629116e-22 0.
1503011166 1 8740.42480469 0. 4.82391180594e-22 0.
1503011226 1 8727.20019531 0. 4.82166310078e-22 0.
1503011286 1 8713.34082031 0. 4.81900028528e-22 0.
1503011346 1 8702.44042969 0. 4.8179621755e-22 0.
1503011406 1 8689.03515625 0. 4.81554541022e-22 0.
1503011466 1 8677.47460938 0. 4.81417435219e-22 0.
1503011526 1 8666.46289062 0. 4.81311757355e-22 0.
1503011587 1 8656.31738281 0. 4.81247558949e-22 0.
1503011647 1 8645.375 0. 4.81109265832e-22 0.
1503011707 1 8632.61230469 0. 4.80897522195e-22 0.
1503011767 1 8621.890625 0. 4.80805804334e-22 0.
1503011827 1 8611.03417969 0. 4.80668095597e-22 0.
1503011887 1 8598.31835938 0. 4.8047355304e-22 0.
1503011947 1 8583.93847656 0. 4.80144247201e-22 0.
1503012007 1 8570.84472656 0. 4.79895057541e-22 0.
1503012067 1 8561.50585938 0. 4.79848987665e-22 0.
1503012128 1 8551.32421875 0. 4.79772089031e-22 0.
1503012188 1 8541.21875 0. 4.79698683315e-22 0.
1503012248 1 8525.90722656 0. 4.79317627678e-22 0.
1503012308 1 8513.23925781 0. 4.7908663719e-22 0.
1503012368 1 8501.59375 0. 4.78934945063e-22 0.
1503012428 1 8491.359375 0. 4.78851123611e-22 0.
1503012488 1 8479.26171875 0. 4.78650061164e-22 0.
1503012548 1 8467.57226562 0. 4.78478767381e-22 0.
1503012584 1 8460.55664062 0. 4.78350096325e-22 0.
1503012612 1 8455.85253906 0. 4.78338410471e-22 0.
1503012664 1 8444.78320312 0. 4.78151140921e-22 0.
1503012725 1 8437.20703125 0. 4.7821153339e-22 0.
1503012785 1 8425.94921875 0. 4.78053402645e-22 0.
1503012845 1 8411.76757812 0. 4.77734404802e-22 0.
1503012905 1 8399.92578125 0. 4.77531345377e-22 0.
1503012965 1 8387.74316406 0. 4.77311040391e-22 0.
1503013025 1 8375.87988281 0. 4.77114315368e-22 0.
1503013085 1 8364.37988281 0. 4.76966471444e-22 0.
1503013145 1 8354.08886719 0. 4.76870001609e-22 0.
1503013206 1 8342.44335938 0. 4.76685191619e-22 0.
1503013266 1 8325.18945312 0. 4.76168467259e-22 0.
1503013320 1 8327.01367188 0. 4.76707291369e-22 0.
1503013375 1 8317.24707031 0. 4.76585916022e-22 0.
1503013435 1 8305.58203125 0. 4.76386591937e-22 0.
1503013495 1 8293.78710938 0. 4.76187516661e-22 0.
1503013555 1 8281.86425781 0. 4.75978646753e-22 0.
1503013615 1 8270.40332031 0. 4.7578948891e-22 0.
1503013675 1 8376.27929688 0. 4.82382825074e-22 0.
1503013736 1 8458.63964844 0. 4.87667498762e-22 0.
1503013796 1 8375.53710938 0. 4.83386131408e-22 0.
1503013856 1 8195.22167969 0. 4.73535270104e-22 0.
1503013916 1 8146.99414062 0. 4.7119513621e-22 0.
1503013976 1 8497.52050781 0. 4.92031296661e-22 0.
1503014036 1 8491.70703125 0. 4.92243432827e-22 0.
1503014096 1 8482.78710938 0. 4.92261181773e-22 0.
1503014156 1 8469.359375 0. 4.92016366638e-22 0.
1503014216 1 8466.11328125 0. 4.9239395917e-22 0.
1503014277 1 8454.40625 0. 4.92247149465e-22 0.
1503014316 1 8449.09082031 0. 4.92254132194e-22 0.
1503014355 1 8438.58496094 0. 4.91997298912e-22 0.
1503014416 1 8427.48925781 0. 4.91892098254e-22 0.
1503014476 1 8416.85742188 0. 4.91777037849e-22 0.
1503014536 1 8410.90625 0. 4.91937701071e-22 0.
1503014596 1 8404.0703125 0. 4.92058538291e-22 0.
1503014656 1 8398.81835938 0. 4.9227481405e-22 0.
1503014716 1 8390.81835938 0. 4.92297672334e-22 0.
1503014776 1 8382.05664062 0. 4.92293787465e-22 0.
1503014836 1 8371.47363281 0. 4.92191577677e-22 0.
1503014897 1 8363.39453125 0. 4.92232251597e-22 0.
1503014957 1 8345.89550781 0. 4.91692484077e-22 0.
1503015017 1 8337.21777344 0. 4.91685889157e-22 0.
1503015077 1 8324.30273438 0. 4.91419360607e-22 0.
1503015137 1 8318.17871094 0. 4.91542962644e-22 0.
1503015197 1 8306.05664062 0. 4.91318202888e-22 0.
1503015257 1 8294.31054688 0. 4.91128727409e-22 0.
1503015317 1 8283.49316406 0. 4.90992595205e-22 0.
1503015377 1 8275.15039062 0. 4.90974876973e-22 0.
1503015438 1 8265.83789062 0. 4.909416997e-22 0.
1503015498 1 8253.50195312 0. 4.90706679964e-22 0.
1503015558 1 8247.77246094 0. 4.90870032998e-22 0.
1503015618 1 8233.609375 0. 4.9053093436e-22 0.
1503015678 1 8223.64941406 0. 4.90424248389e-22 0.
1503015738 1 8212.98339844 0. 4.90281609811e-22 0.
1503015798 1 8200.34765625 0. 4.9002853943e-22 0.
1503015858 1 8190.90673828 0. 4.89964138516e-22 0.
1503015918 1 8181.85498047 0. 4.89935609645e-22 0.
1503015978 1 8170.53222656 0. 4.89748637106e-22 0.
1503016039 1 8163.18652344 0. 4.89808078426e-22 0.
1503016099 1 8151.1484375 0. 4.8957886921e-22 0.
1503016159 1 8137.02001953 0. 4.89213521566e-22 0.
1503016219 1 8127.62695312 0. 4.89154748645e-22 0.
1503016279 1 8114.07373047 0. 4.88817906943e-22 0.
1503016339 1 8102.79003906 0. 4.88628690556e-22 0.
1503016399 1 8092.24511719 0. 4.88498922074e-22 0.
1503016459 1 8080.83349609 0. 4.8828158255e-22 0.
1503016519 1 8072.75292969 0. 4.88292165086e-22 0.
1503016580 1 8065.33886719 0. 4.88321634871e-22 0.
1503016640 1 8053.51416016 0. 4.8812033015e-22 0.
1503016700 1 8042.60839844 0. 4.87955527085e-22 0.
1503016760 1 8031.40820312 0. 4.87747864342e-22 0.
1503016820 1 8024.41748047 0. 4.87818983266e-22 0.
1503016880 1 8016.06787109 0. 4.87798723201e-22 0.
1503016940 1 8003.52294922 0. 4.87517928491e-22 0.
1503017000 1 7992.95410156 0. 4.87372254401e-22 0.
1503017061 1 7982.79101562 0. 4.87223037453e-22 0.
1503017101 1 7974.81542969 0. 4.87051112784e-22 0.
1503017141 1 7969.63476562 0. 4.87064311807e-22 0.
1503017201 1 7958.49121094 0. 4.86882456277e-22 0.
1503017261 1 7730.40917969 0. 4.73399367652e-22 0.
1503017322 1 7564.83398438 0. 4.63713041415e-22 0.
1503017382 1 7946.39208984 0. 4.87557442678e-22 0.
1503017423 1 7943.24414062 0. 4.87686952428e-22 0.
1503017451 1 7938.45361328 0. 4.87610335623e-22 0.
1503017496 1 7930.64697266 0. 4.87497989049e-22 0.
1503017556 1 7921.19335938 0. 4.87405961055e-22 0.
1503017617 1 7912.19677734 0. 4.87310611954e-22 0.
1503017677 1 7901.13085938 0. 4.87106796292e-22 0.
1503017737 1 7888.83251953 0. 4.86817617638e-22 0.
1503017797 1 7879.2890625 0. 4.86710817472e-22 0.
1503017857 1 7871.21484375 0. 4.86676244254e-22 0.
1503017917 1 7861.22558594 0. 4.86544160823e-22 0.
1503017977 1 7849.74316406 0. 4.86316282888e-22 0.
1503018037 1 7840.70654297 0. 4.86223382795e-22 0.
1503018097 1 7832.47753906 0. 4.86190864806e-22 0.
1503018158 1 7821.45117188 0. 4.85983862232e-22 0.
1503018218 1 7791.03271484 0. 4.84560086084e-22 0.
1503018278 1 7798.59765625 0. 4.85497169256e-22 0.
1503018338 1 7790.48730469 0. 4.85472562834e-22 0.
1503018398 1 7783.34716797 0. 4.85508407272e-22 0.
1503018458 1 7773.81591797 0. 4.85368994089e-22 0.
1503018518 1 7765.17724609 0. 4.85302079425e-22 0.
1503018578 1 7755.50341797 0. 4.85177726911e-22 0.
1503018638 1 7745.66894531 0. 4.85027625689e-22 0.
1503018699 1 7736.60253906 0. 4.84925973907e-22 0.
1503018759 1 7729.44873047 0. 4.8494152819e-22 0.
1503018819 1 7718.44873047 0. 4.84703050016e-22 0.
1503018879 1 7706.46142578 0. 4.84432597374e-22 0.
1503018939 1 7705.58203125 0. 4.84846103117e-22 0.
1503018999 1 7690.95605469 0. 4.84394755603e-22 0.
1503019059 1 7680.09912109 0. 4.84185567812e-22 0.
1503019119 1 7668.37695312 0. 4.83897751295e-22 0.
1503019180 1 7662.83740234 0. 4.84025106951e-22 0.
1503019240 1 7653.47558594 0. 4.83895285287e-22 0.
1503019300 1 7647.60351562 0. 4.84001829363e-22 0.
1503019360 1 7634.96972656 0. 4.83664129592e-22 0.
1503019420 1 7620.6328125 0. 4.83196993564e-22 0.
1503019480 1 7612.06933594 0. 4.83108201133e-22 0.
1503019540 1 7604.96582031 0. 4.83101716262e-22 0.
1503019600 1 7601.30029297 0. 4.83344664376e-22 0.
1503019660 1 7590.67041016 0. 4.83126566963e-22 0.
1503019720 1 7585.76367188 0. 4.83282002839e-22 0.
1503019781 1 7577.72998047 0. 4.83235640932e-22 0.
1503019841 1 7570.42285156 0. 4.83230890263e-22 0.
1503019901 1 7562.51220703 0. 4.83184031004e-22 0.
1503019961 1 7552.83544922 0. 4.83001759166e-22 0.
1503020021 1 7545.51904297 0. 4.82985069622e-22 0.
1503020081 1 7535.96142578 0. 4.82818950787e-22 0.
1503020141 1 7529.20654297 0. 4.82860334865e-22 0.
1503020201 1 7521.40527344 0. 4.82834859374e-22 0.
1503020262 1 7509.88085938 0. 4.82549644203e-22 0.
1503020322 1 7502.26708984 0. 4.8250881362e-22 0.
1503020382 1 7494.60205078 0. 4.82476398648e-22 0.
1503020442 1 7483.08398438 0. 4.82198068894e-22 0.
1503020502 1 7473.390625 0. 4.82014652336e-22 0.
1503020562 1 7464.99902344 0. 4.81931928798e-22 0.
1503020622 1 7458.64501953 0. 4.81979662913e-22 0.
1503020660 1 7450.76269531 0. 4.81756773157e-22 0.
1503020688 1 7446.91699219 0. 4.81724953041e-22 0.
1503020737 1 7439.89746094 0. 4.81643505208e-22 0.
1503020798 1 7430.46435547 0. 4.81478903315e-22 0.
1503020858 1 7418.50048828 0. 4.81150728319e-22 0.
1503020918 1 7408.54443359 0. 4.80948424135e-22 0.
1503020978 1 7399.92919922 0. 4.80837031681e-22 0.
1503021038 1 7392.31445312 0. 4.80797423295e-22 0.
1503021098 1 7393.76123047 0. 4.81373499499e-22 0.
1503021158 1 7445.359375 0. 4.85235697777e-22 0.
1503021218 1 7464.01123047 0. 4.86990569973e-22 0.
1503021260 1 7248.80517578 0. 4.73323535627e-22 0.
1503021301 1 7223.52050781 0. 4.72005031335e-22 0.
1503021361 1 7577.59912109 0. 4.95666763951e-22 0.
1503021421 1 7572.64599609 0. 4.95867889031e-22 0.
1503021481 1 7568.49951172 0. 4.96166809051e-22 0.
1503021517 1 7560.38427734 0. 4.95944822979e-22 0.
1503021552 1 7553.45556641 0. 4.95789536561e-22 0.
1503021612 1 7543.53710938 0. 4.95656632364e-22 0.
1503021672 1 7536.27783203 0. 4.95750187758e-22 0.
1503021732 1 7527.38720703 0. 4.95650553691e-22 0.
1503021792 1 7519.48632812 0. 4.95604345932e-22 0.
1503021852 1 7510.7421875 0. 4.95516332474e-22 0.
1503021913 1 7500.01318359 0. 4.95288331868e-22 0.
1503021973 1 7492.79833984 0. 4.95317350384e-22 0.
1503022033 1 7484.73876953 0. 4.95250537107e-22 0.
1503022093 1 7476.08642578 0. 4.95149089774e-22 0.
1503022153 1 7467.66845703 0. 4.95086437954e-22 0.
1503022213 1 7455.03125 0. 4.94747184653e-22 0.
1503022273 1 7446.03759766 0. 4.94615131537e-22 0.
1503022333 1 7439.40380859 0. 4.94668318023e-22 0.
1503022394 1 7432.25683594 0. 4.94694068441e-22 0.
1503022454 1 7423.25195312 0. 4.94603184245e-22 0.
1503022514 1 7414.11816406 0. 4.94475881151e-22 0.
1503022574 1 7405.15966797 0. 4.94346100495e-22 0.
1503022634 1 7398.86474609 0. 4.9441819146e-22 0.
1503022694 1 7390.11083984 0. 4.94312557302e-22 0.
1503022754 1 7380.00830078 0. 4.94129154809e-22 0.
1503022814 1 7369.82861328 0. 4.93944122805e-22 0.
1503022874 1 7360.16162109 0. 4.93775308925e-22 0.
1503022934 1 7351.66699219 0. 4.93701469055e-22 0.
1503022995 1 7343.88671875 0. 4.93678423016e-22 0.
1503023055 1 7334.80078125 0. 4.93556802513e-22 0.
1503023115 1 7326.61083984 0. 4.9347288334e-22 0.
1503023175 1 7318.3203125 0. 4.93408892603e-22 0.
1503023235 1 7308.74072266 0. 4.93234121119e-22 0.
1503023295 1 7301.77099609 0. 4.93247015964e-22 0.
1503023355 1 7293.64599609 0. 4.93196797932e-22 0.
1503023415 1 7285.16699219 0. 4.93112220542e-22 0.
1503023476 1 7276.64160156 0. 4.93004000375e-22 0.
1503023536 1 7266.16357422 0. 4.92766919651e-22 0.
1503023596 1 7257.6484375 0. 4.92682578671e-22 0.
1503023656 1 7250.61621094 0. 4.92672779745e-22 0.
1503023716 1 7243.12988281 0. 4.92656307369e-22 0.
1503023776 1 7233.42236328 0. 4.92491949519e-22 0.
1503023836 1 7228.82617188 0. 4.92666889573e-22 0.
1503023896 1 7216.33056641 0. 4.92300532824e-22 0.
1503023956 1 7207.68457031 0. 4.92167785345e-22 0.
1503024017 1 7198.93505859 0. 4.92040749848e-22 0.
1503024077 1 7190.41943359 0. 4.91920378137e-22 0.
1503024137 1 7171.60498047 0. 4.91079617326e-22 0.
1503024197 1 7170.74755859 0. 4.91495874219e-22 0.
1503024257 1 7165.03759766 0. 4.91590608787e-22 0.
1503024317 1 7155.72558594 0. 4.9142313808e-22 0.
1503024377 1 7147.265625 0. 4.91304189913e-22 0.
1503024437 1 7142.69384766 0. 4.91464612016e-22 0.
1503024497 1 7134.48730469 0. 4.91353764075e-22 0.
1503024558 1 7126.17480469 0. 4.9123865802e-22 0.
1503024618 1 7118.91699219 0. 4.91206297678e-22 0.
1503024678 1 7109.69677734 0. 4.9103896839e-22 0.
1503024738 1 7101.35498047 0. 4.90895991164e-22 0.
1503024798 1 7093.87646484 0. 4.90843365043e-22 0.
1503024858 1 7085.12011719 0. 4.90683119708e-22 0.
1503024918 1 7078.56347656 0. 4.90683633534e-22 0.
1503024978 1 7072.70898438 0. 4.9076040566e-22 0.
1503025039 1 7065.88183594 0. 4.90741823569e-22 0.
1503025099 1 7056.43066406 0. 4.90552499966e-22 0.
1503025159 1 7049.04296875 0. 4.90511882524e-22 0.
1503025219 1 7041.74316406 0. 4.90465050063e-22 0.
1503025279 1 7032.29589844 0. 4.90278800438e-22 0.
1503025339 1 7020.94189453 0. 4.89949790771e-22 0.
1503025399 1 7015.77441406 0. 4.9005359729e-22 0.
1503025459 1 7009.20361328 0. 4.90043060869e-22 0.
1503025519 1 6999.7421875 0. 4.89861646559e-22 0.
1503025580 1 6858.60107422 0. 4.80410078756e-22 0.
1503025640 1 6677.42041016 0. 4.68180094304e-22 0.
1503025700 1 6935.83398438 0. 4.86758329748e-22 0.
1503025760 1 6974.34228516 0. 4.89943082948e-22 0.
1503025798 1 6965.90625 0. 4.89639844638e-22 0.
1503025835 1 6963.12060547 0. 4.89732480564e-22 0.
1503025896 1 6954.26904297 0. 4.89568323065e-22 0.
1503025948 1 6950.14746094 0. 4.896751593e-22 0.
1503025980 1 6944.78125 0. 4.89549259003e-22 0.
1503026019 1 6940.34423828 0. 4.89550581203e-22 0.
1503026079 1 6932.31298828 0. 4.8944770485e-22 0.
1503026139 1 6928.50390625 0. 4.89643196775e-22 0.
1503026199 1 6919.44140625 0. 4.89449983632e-22 0.
1503026259 1 6909.30078125 0. 4.89218676445e-22 0.
1503026320 1 6902.09082031 0. 4.89174662086e-22 0.
1503026380 1 6895.82373047 0. 4.8919136654e-22 0.
1503026440 1 6889.80664062 0. 4.89240090172e-22 0.
1503026500 1 6880.44140625 0. 4.8903037465e-22 0.
1503026535 1 6874.79003906 0. 4.88876311209e-22 0.
1503026545 1 6874.59033203 0. 4.8896033051e-22 0.
1503026561 1 6873.09277344 0. 4.88970410206e-22 0.
1503026601 1 6867.89257812 0. 4.88926674007e-22 0.
1503026661 1 6861.80810547 0. 4.8895089411e-22 0.
1503026721 1 6856.78222656 0. 4.8904462141e-22 0.
1503026781 1 6846.46630859 0. 4.88752206681e-22 0.
1503026841 1 6837.66113281 0. 4.88586794687e-22 0.
1503026901 1 6832.72705078 0. 4.88688920771e-22 0.
1503026961 1 6824.19091797 0. 4.88537721711e-22 0.
1503027021 1 6815.00634766 0. 4.883469904e-22 0.
1503027081 1 6810.44628906 0. 4.88451993861e-22 0.
1503027142 1 6802.74169922 0. 4.8838715338e-22 0.
1503027202 1 6794.94580078 0. 4.88278431528e-22 0.
1503027262 1 6786.39794922 0. 4.88127943336e-22 0.
1503027322 1 6779.44091797 0. 4.88079262156e-22 0.
1503027382 1 6773.05712891 0. 4.88091244934e-22 0.
1503027442 1 6764.37011719 0. 4.87917201122e-22 0.
1503027502 1 6756.76416016 0. 4.87812841575e-22 0.
1503027562 1 6749.16552734 0. 4.87714946444e-22 0.
1503027623 1 6744.51806641 0. 4.87837717904e-22 0.
1503027683 1 6736.86181641 0. 4.87756955321e-22 0.
1503027743 1 6729.02441406 0. 4.87649605901e-22 0.
1503027803 1 6720.59667969 0. 4.87498459857e-22 0.
1503027863 1 6713.79052734 0. 4.874691188e-22 0.
1503027923 1 6705.20996094 0. 4.87267081403e-22 0.
1503027983 1 6699.1875 0. 4.87290066187e-22 0.
1503028043 1 6691.5625 0. 4.87202029053e-22 0.
1503028103 1 6685.94189453 0. 4.8721943885e-22 0.
1503028164 1 6676.98925781 0. 4.87017151686e-22 0.
1503028224 1 6670.57519531 0. 4.86994529784e-22 0.
1503028284 1 6665.21289062 0. 4.87033430848e-22 0.
1503028344 1 6654.65380859 0. 4.8670356339e-22 0.
1503028404 1 6646.6171875 0. 4.86574934697e-22 0.
1503028464 1 6641.64208984 0. 4.86668462823e-22 0.
1503028524 1 6633.25341797 0. 4.86499586281e-22 0.
1503028584 1 6626.89355469 0. 4.86477067572e-22 0.
1503028644 1 6617.16015625 0. 4.86207186611e-22 0.
1503028705 1 6611.88964844 0. 4.86256630429e-22 0.
1503028765 1 6603.52001953 0. 4.86100964591e-22 0.
1503028807 1 6598.60546875 0. 4.86043910014e-22 0.
1503028849 1 6594.27978516 0. 4.8605223841e-22 0.
1503028909 1 6588.29394531 0. 4.86057926516e-22 0.
1503028969 1 6581.61035156 0. 4.86019076634e-22 0.
1503029029 1 6575.02099609 0. 4.85993541689e-22 0.
1503029089 1 6565.43066406 0. 4.85761087645e-22 0.
1503029149 1 6560.46679688 0. 4.85838337528e-22 0.
1503029209 1 6554.26464844 0. 4.85817342264e-22 0.
1503029269 1 6547.48535156 0. 4.85768920323e-22 0.
1503029329 1 6539.51708984 0. 4.8561120304e-22 0.
1503029390 1 6531.16113281 0. 4.85439580604e-22 0.
1503029450 1 6524.70507812 0. 4.85412355063e-22 0.
1503029510 1 6519.40625 0. 4.85423974801e-22 0.
1503029570 1 6511.14794922 0. 4.85256007756e-22 0.
1503029630 1 6504.61328125 0. 4.85177371628e-22 0.
1503029690 1 6499.35839844 0. 4.85237587368e-22 0.
1503029750 1 6492.66113281 0. 4.85171668558e-22 0.
1503029810 1 6483.39892578 0. 4.84922019043e-22 0.
1503029870 1 6479.04296875 0. 4.85052405385e-22 0.
1503029931 1 6471.88769531 0. 4.84938133836e-22 0.
1503029991 1 6463.93359375 0. 4.84802344818e-22 0.
1503030051 1 6458.25830078 0. 4.84799507344e-22 0.
1503030097 1 6453.85742188 0. 4.84808796372e-22 0.
1503030121 1 6450.14501953 0. 4.84700068312e-22 0.
1503030160 1 6444.55273438 0. 4.84581425059e-22 0.
1503030220 1 6441.1015625 0. 4.8475324979e-22 0.
1503030280 1 6432.60009766 0. 4.8455770677e-22 0.
1503030341 1 6426.06835938 0. 4.84525087291e-22 0.
1503030401 1 6418.75830078 0. 4.84407591302e-22 0.
1503030461 1 6412.9765625 0. 4.84415332386e-22 0.
1503030521 1 6405.95214844 0. 4.84340094337e-22 0.
1503030581 1 6399.11816406 0. 4.84262127456e-22 0.
1503030641 1 6391.25976562 0. 4.84116560676e-22 0.
1503030701 1 6385.57324219 0. 4.84110155025e-22 0.
1503030761 1 6376.72753906 0. 4.83865396781e-22 0.
1503030821 1 6371.6796875 0. 4.83931357924e-22 0.
1503030882 1 6364.54345703 0. 4.83814683281e-22 0.
1503030942 1 6358.07324219 0. 4.83791060301e-22 0.
1503031002 1 6353.39257812 0. 4.83850646474e-22 0.
1503031062 1 6348.20166016 0. 4.83894090633e-22 0.
1503031122 1 6341.09570312 0. 4.83770154833e-22 0.
1503031182 1 6333.07568359 0. 4.83591234283e-22 0.
1503031242 1 6325.98144531 0. 4.8349341132e-22 0.
1503031302 1 6320.47265625 0. 4.83520423466e-22 0.
1503031363 1 6314.85351562 0. 4.83506097071e-22 0.
1503031423 1 6308.42773438 0. 4.83452425899e-22 0.
1503031462 1 6304.48486328 0. 4.83425248956e-22 0.
1503031501 1 6298.46484375 0. 4.83256988492e-22 0.
1503031561 1 6293.3046875 0. 4.83288755948e-22 0.
1503031621 1 6286.84033203 0. 4.83229873109e-22 0.
1503031681 1 6279.57324219 0. 4.83102719194e-22 0.
1503031741 1 6273.80566406 0. 4.83089060097e-22 0.
1503031802 1 6268.29541016 0. 4.83094627057e-22 0.
1503031862 1 6260.82128906 0. 4.82924741191e-22 0.
1503031922 1 6255.82177734 0. 4.82951580318e-22 0.
1503031982 1 6246.32177734 0. 4.82670245719e-22 0.
1503032042 1 6241.51953125 0. 4.82730580533e-22 0.
1503032102 1 6234.37695312 0. 4.82576391434e-22 0.
1503032162 1 6227.71630859 0. 4.82509513573e-22 0.
1503032222 1 6222.95898438 0. 4.82563041302e-22 0.
1503032282 1 6216.85546875 0. 4.82525479005e-22 0.
1503032343 1 6210.13427734 0. 4.82418681584e-22 0.
1503032403 1 6203.00830078 0. 4.82290108464e-22 0.
1503032463 1 6197.22070312 0. 4.82266678086e-22 0.
1503032523 1 6190.62988281 0. 4.82161331214e-22 0.
1503032583 1 6183.38085938 0. 4.82035636714e-22 0.
1503032643 1 6176.46435547 0. 4.81905482301e-22 0.
1503032703 1 6170.70458984 0. 4.81893495643e-22 0.
1503032763 1 6163.53222656 0. 4.81753392518e-22 0.
1503032824 1 6159.30273438 0. 4.81856345696e-22 0.
1503032884 1 6152.61328125 0. 4.81761236355e-22 0.
1503032944 1 6145.91845703 0. 4.816483011e-22 0.
1503033004 1 6140.75439453 0. 4.8167491097e-22 0.
1503033064 1 6134.69921875 0. 4.81607942399e-22 0.
1503033124 1 6128.3828125 0. 4.81529800851e-22 0.
1503033184 1 6122.70898438 0. 4.81521041116e-22 0.
1503033244 1 6116.36328125 0. 4.81447234111e-22 0.
1503033304 1 6112.42089844 0. 4.8155372747e-22 0.
1503033364 1 6104.75097656 0. 4.81359121878e-22 0.
1503033425 1 6101.04492188 0. 4.814952467e-22 0.
1503033485 1 6093.79345703 0. 4.81351203911e-22 0.
1503033545 1 6088.75488281 0. 4.81353720481e-22 0.
1503033605 1 6082.36474609 0. 4.81249600926e-22 0.
1503033665 1 6077.97167969 0. 4.8133988075e-22 0.
1503033725 1 6071.97949219 0. 4.81306693356e-22 0.
1503033785 1 6064.81445312 0. 4.81163611375e-22 0.
1503033845 1 6059.43212891 0. 4.81149206477e-22 0.
1503033905 1 6051.65576172 0. 4.80938040134e-22 0.
1503033966 1 6045.25097656 0. 4.80861505911e-22 0.
1503034026 1 6037.54394531 0. 4.80658971466e-22 0.
1503034086 1 6033.69628906 0. 4.80774796743e-22 0.
1503034146 1 6028.13525391 0. 4.80765587369e-22 0.
1503034206 1 6022.55371094 0. 4.80721419998e-22 0.
1503034266 1 6017.53125 0. 4.80753884323e-22 0.
1503034326 1 6011.36181641 0. 4.80665479119e-22 0.
1503034386 1 6004.15283203 0. 4.80484783217e-22 0.
1503034446 1 5999.203125 0. 4.80501926996e-22 0.
1503034507 1 5994.09570312 0. 4.80487718395e-22 0.
1503034567 1 5987.91845703 0. 4.80425219563e-22 0.
1503034627 1 5981.17285156 0. 4.80330452894e-22 0.
1503034687 1 5977.15332031 0. 4.80400472966e-22 0.
1503034747 1 5971.25439453 0. 4.80322811159e-22 0.
1503034807 1 5965.59570312 0. 4.80265221279e-22 0.
1503034867 1 5959.99951172 0. 4.80252241984e-22 0.
1503034927 1 5951.89746094 0. 4.80017537176e-22 0.
1503034988 1 5944.63574219 0. 4.79855575596e-22 0.
1503035048 1 5939.89892578 0. 4.7988197461e-22 0.
1503035084 1 5935.79199219 0. 4.79793088971e-22 0.
1503035101 1 5933.97802734 0. 4.79779360265e-22 0.
1503035142 1 5930.08154297 0. 4.79758171642e-22 0.
1503035202 1 5925.28271484 0. 4.79789357321e-22 0.
1503035262 1 5919.57666016 0. 4.79751108378e-22 0.
1503035322 1 5913.74414062 0. 4.79695105685e-22 0.
1503035383 1 5917.61914062 0. 4.80417375092e-22 0.
1503035443 1 6008.09423828 0. 4.88184904004e-22 0.
1503035503 1 6004.68945312 0. 4.88387606794e-22 0.
1503035563 1 5996.57714844 0. 4.8819824773e-22 0.
1503035623 1 5767.88232422 0. 4.70062335178e-22 0.
1503035683 1 5794.96435547 0. 4.72678462286e-22 0.
1503035743 1 6019.39892578 0. 4.91478383982e-22 0.
1503035803 1 6015.64306641 0. 4.91647038621e-22 0.
1503035863 1 6010.2109375 0. 4.91683901289e-22 0.
1503035924 1 6002.05615234 0. 4.91482412783e-22 0.
1503035984 1 5994.65625 0. 4.91375872287e-22 0.
1503036044 1 5989.42822266 0. 4.91391247957e-22 0.
1503036104 1 5982.40966797 0. 4.91277719727e-22 0.
1503036164 1 5977.47265625 0. 4.91369728006e-22 0.
1503036224 1 5970.57861328 0. 4.91246210029e-22 0.
1503036284 1 5964.57421875 0. 4.91228607454e-22 0.
1503036344 1 5959.74902344 0. 4.91276692076e-22 0.
1503036404 1 5952.70849609 0. 4.91155799536e-22 0.
1503036465 1 5946.2109375 0. 4.91097562605e-22 0.
1503036525 1 5940.11376953 0. 4.91040531735e-22 0.
1503036585 1 5934.78320312 0. 4.91055871593e-22 0.
1503036645 1 5929.07666016 0. 4.91023596052e-22 0.
1503036705 1 5921.25537109 0. 4.90836978354e-22 0.
1503036765 1 5917.28515625 0. 4.90956758623e-22 0.
1503036825 1 5912.37597656 0. 4.90999035313e-22 0.
1503036885 1 5905.00292969 0. 4.90865529947e-22 0.
1503036945 1 5896.97070312 0. 4.90630285927e-22 0.
1503037006 1 5890.04931641 0. 4.90511347915e-22 0.
1503037066 1 5883.41748047 0. 4.90431616455e-22 0.
1503037126 1 5875.10205078 0. 4.90197934882e-22 0.
1503037186 1 5866.796875 0. 4.89926668206e-22 0.
1503037246 1 5866.15039062 0. 4.90326759901e-22 0.
1503037306 1 5860.65625 0. 4.90298368981e-22 0.
1503037366 1 5854.38818359 0. 4.90228182963e-22 0.
1503037426 1 5847.44970703 0. 4.9007959214e-22 0.
1503037487 1 5840.84130859 0. 4.89985981895e-22 0.
1503037528 1 5836.9375 0. 4.89968010061e-22 0.
1503037569 1 5833.54248047 0. 4.89975190444e-22 0.
1503037607 1 5830.93554688 0. 4.8999084207e-22 0.
1503037645 1 5826.57714844 0. 4.89915846171e-22 0.
1503037706 1 5821.13720703 0. 4.8992455448e-22 0.
1503037766 1 5814.35595703 0. 4.89804015183e-22 0.
1503037826 1 5809.72753906 0. 4.89836069005e-22 0.
1503037886 1 5803.98535156 0. 4.89777749276e-22 0.
1503037946 1 5797.32421875 0. 4.89653617586e-22 0.
1503038006 1 5789.54931641 0. 4.89444657871e-22 0.
1503038066 1 5784.21923828 0. 4.89426260253e-22 0.
1503038126 1 5778.95117188 0. 4.89417846271e-22 0.
1503038186 1 5772.55908203 0. 4.89307651105e-22 0.
1503038247 1 5766.18359375 0. 4.8920398075e-22 0.
1503038307 1 5760.73095703 0. 4.89153508314e-22 0.
1503038367 1 5755.97802734 0. 4.891846802e-22 0.
1503038427 1 5748.37060547 0. 4.8898343177e-22 0.
1503038487 1 5743.05810547 0. 4.88959660052e-22 0.
1503038547 1 5735.96240234 0. 4.88797881937e-22 0.
1503038607 1 5730.41699219 0. 4.88783339031e-22 0.
1503038667 1 5726.6015625 0. 4.88865538179e-22 0.
1503038727 1 5719.37255859 0. 4.88659147217e-22 0.
1503038788 1 5712.55419922 0. 4.88536512668e-22 0.
1503038848 1 5707.49121094 0. 4.88534863006e-22 0.
1503038908 1 5703.59033203 0. 4.88624512934e-22 0.
1503038968 1 5696.38378906 0. 4.8842089154e-22 0.
1503039028 1 5690.15136719 0. 4.88306044214e-22 0.
1503039088 1 5683.28955078 0. 4.88132752261e-22 0.
1503039148 1 5676.75390625 0. 4.87989083408e-22 0.
1503039208 1 5671.48388672 0. 4.87984805299e-22 0.
1503039268 1 5667.15087891 0. 4.88015794995e-22 0.
1503039329 1 5661.56640625 0. 4.87948537849e-22 0.
1503039389 1 5655.72216797 0. 4.87854077351e-22 0.
1503039449 1 5647.97167969 0. 4.8762506821e-22 0.
1503039509 1 5643.63525391 0. 4.87678796987e-22 0.
1503039569 1 5638.32910156 0. 4.87636985218e-22 0.
1503039629 1 5632.04345703 0. 4.87521381427e-22 0.
1503039689 1 5623.96240234 0. 4.87240056389e-22 0.
1503039749 1 5619.25488281 0. 4.87258403913e-22 0.
1503039809 1 5613.80908203 0. 4.8721654157e-22 0.
1503039870 1 5608.18945312 0. 4.87160976945e-22 0.
1503039930 1 5603.67919922 0. 4.87195394739e-22 0.
1503039990 1 5597.55761719 0. 4.87073859394e-22 0.
1503040050 1 5589.19775391 0. 4.86774141553e-22 0.
1503040110 1 5585.39404297 0. 4.86856448444e-22 0.
1503040170 1 5578.84667969 0. 4.86741054738e-22 0.
1503040230 1 5573.46826172 0. 4.86686238603e-22 0.
1503040290 1 5567.32275391 0. 4.86588294415e-22 0.
1503040351 1 5562.62304688 0. 4.86580906696e-22 0.
1503040411 1 5556.91357422 0. 4.86504477136e-22 0.
1503040471 1 5553.98486328 0. 4.86663856963e-22 0.
1503040531 1 5549.72607422 0. 4.86732648398e-22 0.
1503040591 1 5542.96630859 0. 4.86564870792e-22 0.
1503040651 1 5536.90039062 0. 4.86447475475e-22 0.
1503040711 1 5529.19726562 0. 4.86183161096e-22 0.
1503040771 1 5523.27001953 0. 4.8608444209e-22 0.
1503040831 1 5518.46386719 0. 4.86083726355e-22 0.
1503040892 1 5513.62207031 0. 4.86073073485e-22 0.
1503040952 1 5507.85009766 0. 4.85977726734e-22 0.
1503041012 1 5503.40185547 0. 4.86017218494e-22 0.
1503041072 1 5497.28369141 0. 4.85876335225e-22 0.
1503041132 1 5489.77148438 0. 4.85625490698e-22 0.
1503041192 1 5483.39794922 0. 4.85468330849e-22 0.
1503041252 1 5478.19335938 0. 4.85421342597e-22 0.
1503041312 1 5473.22851562 0. 4.85420198418e-22 0.
1503041372 1 5467.10302734 0. 4.85289426696e-22 0.
1503041433 1 5462.72216797 0. 4.85302774268e-22 0.
1503041493 1 5457.25439453 0. 4.85234889781e-22 0.
1503041553 1 5452.40771484 0. 4.85190388847e-22 0.
1503041613 1 5447.01074219 0. 4.85148209871e-22 0.
1503041673 1 5440.90087891 0. 4.85021479857e-22 0.
1503041733 1 5435.03125 0. 4.84905931155e-22 0.
1503041793 1 5429.1875 0. 4.84817884073e-22 0.
1503041853 1 5425.75390625 0. 4.84921272448e-22 0.
1503041913 1 5419.37988281 0. 4.84733872265e-22 0.
1503041974 1 5414.39160156 0. 4.84703605396e-22 0.
1503042026 1 5410.17041016 0. 4.84693086992e-22 0.
1503042061 1 5406.89501953 0. 4.84653313185e-22 0.
1503042103 1 5402.39550781 0. 4.84529728825e-22 0.
1503042164 1 5397.45410156 0. 4.84516543343e-22 0.
1503042224 1 5392.58300781 0. 4.84486984364e-22 0.
1503042284 1 5387.20703125 0. 4.84434704921e-22 0.
1503042344 1 5383.39453125 0. 4.84503276351e-22 0.
1503042404 1 5379.02490234 0. 4.84546761974e-22 0.
1503042464 1 5371.55224609 0. 4.8425707358e-22 0.
1503042524 1 5369.00195312 0. 4.84439521163e-22 0.
1503042584 1 5367.33935547 0. 4.84704679356e-22 0.
1503042645 1 5358.75048828 0. 4.84329604312e-22 0.
1503042705 1 5354.03662109 0. 4.84311680911e-22 0.
1503042765 1 5347.31054688 0. 4.84099294701e-22 0.
1503042825 1 5342.12988281 0. 4.8406650021e-22 0.
1503042885 1 5337.85791016 0. 4.84118041568e-22 0.
1503042945 1 5332.54150391 0. 4.84032033459e-22 0.
1503043005 1 5329.07373047 0. 4.841377394e-22 0.
1503043065 1 5324.11376953 0. 4.84085170721e-22 0.
1503043125 1 5316.70361328 0. 4.83802065104e-22 0.
1503043186 1 5312.44238281 0. 4.83834391452e-22 0.
1503043246 1 5309.47802734 0. 4.83981021972e-22 0.
1503043306 1 5306.6640625 0. 4.84134014684e-22 0.
1503043366 1 5299.23779297 0. 4.83877814412e-22 0.
1503043426 1 5294.54785156 0. 4.83825695396e-22 0.
1503043486 1 5292.11523438 0. 4.84023597414e-22 0.
1503043546 1 5286.45263672 0. 4.83922845939e-22 0.
1503043606 1 5280.41015625 0. 4.83786291795e-22 0.
1503043666 1 5274.55419922 0. 4.83628018603e-22 0.
1503043727 1 5269.11083984 0. 4.83537607992e-22 0.
1503043787 1 5267.10986328 0. 4.83786808917e-22 0.
1503043847 1 5260.01074219 0. 4.83549659921e-22 0.
1503043907 1 5253.44873047 0. 4.83352425697e-22 0.
1503043967 1 5249.61279297 0. 4.83398121275e-22 0.
1503044027 1 5246.50585938 0. 4.83536520028e-22 0.
1503044087 1 5175.85742188 0. 4.77434214577e-22 0.
1503044131 1 5078.4375 0. 4.68711628998e-22 0.
1503044175 1 5030.62695312 0. 4.6460398854e-22 0.
1503044235 1 5233.63818359 0. 4.83741059427e-22 0.
1503044295 1 5232.1015625 0. 4.84024731251e-22 0.
1503044355 1 5227.58056641 0. 4.84001701752e-22 0.
1503044416 1 5221.66113281 0. 4.8387901259e-22 0.
1503044454 1 5218.21240234 0. 4.83797847132e-22 0.
1503044493 1 5216.08837891 0. 4.83892618217e-22 0.
1503044553 1 5212.65527344 0. 4.8399046382e-22 0.
1503044613 1 5205.99902344 0. 4.8379690995e-22 0.
1503044674 1 5199.98730469 0. 4.83642904041e-22 0.
1503044734 1 5196.41943359 0. 4.83693691143e-22 0.
1503044794 1 5191.21972656 0. 4.83624362652e-22 0.
1503044854 1 5186.62792969 0. 4.83570928001e-22 0.
1503044914 1 5181.45654297 0. 4.83500181924e-22 0.
1503044974 1 5177.17724609 0. 4.8349014845e-22 0.
1503045034 1 5171.74365234 0. 4.83395301555e-22 0.
1503045094 1 5166.90185547 0. 4.83336284215e-22 0.
1503045154 1 5162.08007812 0. 4.83294046998e-22 0.
1503045215 1 5157.6484375 0. 4.83286293946e-22 0.
1503045275 1 5151.80273438 0. 4.83163369573e-22 0.
1503045335 1 5147.93847656 0. 4.83216174417e-22 0.
1503045395 1 5142.24609375 0. 4.83096015225e-22 0.
1503045455 1 5136.07666016 0. 4.82912677994e-22 0.
1503045515 1 5130.69433594 0. 4.8280193681e-22 0.
1503045575 1 5125.46923828 0. 4.82712501141e-22 0.
1503045635 1 5121.08251953 0. 4.82710899883e-22 0.
1503045695 1 5117.21289062 0. 4.82752560147e-22 0.
1503045756 1 5112.65429688 0. 4.82716906455e-22 0.
1503045816 1 5107.17626953 0. 4.82589797352e-22 0.
1503045876 1 5102.56201172 0. 4.82572408343e-22 0.
1503045936 1 5097.90478516 0. 4.82531653218e-22 0.
1503045996 1 5091.70996094 0. 4.82349905052e-22 0.
1503046056 1 5087.36914062 0. 4.82336623916e-22 0.
1503046116 1 5082.21728516 0. 4.82256949171e-22 0.
1503046176 1 5077.34423828 0. 4.82190341171e-22 0.
1503046236 1 5072.80273438 0. 4.82167318928e-22 0.
1503046297 1 5068.40527344 0. 4.82136284558e-22 0.
1503046357 1 5064.20751953 0. 4.8217021892e-22 0.
1503046417 1 5057.58349609 0. 4.81889521882e-22 0.
1503046477 1 5055.13818359 0. 4.82072582783e-22 0.
1503046537 1 5051.68554688 0. 4.82120343145e-22 0.
1503046597 1 5045.54101562 0. 4.8191862862e-22 0.
1503046657 1 5041.45166016 0. 4.81933296069e-22 0.
1503046717 1 5036.48730469 0. 4.81858278375e-22 0.
1503046778 1 5031.46142578 0. 4.81770069053e-22 0.
1503046838 1 5026.19970703 0. 4.81670819444e-22 0.
1503046898 1 5021.52490234 0. 4.81625585175e-22 0.
1503046958 1 5018.54589844 0. 4.81721073363e-22 0.
1503047018 1 5014.12402344 0. 4.81691365272e-22 0.
1503047078 1 5009.74658203 0. 4.8167326292e-22 0.
1503047138 1 5004.36572266 0. 4.81531017703e-22 0.
1503047198 1 4999.75292969 0. 4.81478352583e-22 0.
1503047258 1 4995.68359375 0. 4.81481278196e-22 0.
1503047319 1 4991.79003906 0. 4.81497898714e-22 0.
1503047379 1 4986.11230469 0. 4.81337535032e-22 0.
1503047439 1 4982.20898438 0. 4.81357781237e-22 0.
1503047499 1 4978.31298828 0. 4.81377799972e-22 0.
1503047559 1 4973.94482422 0. 4.81333362589e-22 0.
1503047619 1 4968.85693359 0. 4.81243719966e-22 0.
1503047679 1 4963.97509766 0. 4.81172427191e-22 0.
1503047739 1 4960.17529297 0. 4.81199664233e-22 0.
1503047799 1 4954.82275391 0. 4.81081548926e-22 0.
1503047860 1 4949.6796875 0. 4.80969044593e-22 0.
1503047920 1 4944.22705078 0. 4.8080883718e-22 0.
1503047961 1 4941.19921875 0. 4.80790869093e-22 0.
1503048002 1 4938.3046875 0. 4.8078024015e-22 0.
1503048062 1 4934.79345703 0. 4.80839181498e-22 0.
1503048122 1 4930.14892578 0. 4.80752284978e-22 0.
1503048182 1 4924.92724609 0. 4.80631415689e-22 0.
1503048243 1 4920.82763672 0. 4.80622422483e-22 0.
1503048303 1 4916.265625 0. 4.80576357312e-22 0.
1503048363 1 4910.5390625 0. 4.80387097397e-22 0.
1503048423 1 4905.83496094 0. 4.80316032128e-22 0.
1503048483 1 4903.29882812 0. 4.80437627041e-22 0.
1503048543 1 4898.49072266 0. 4.8036365632e-22 0.
1503048603 1 4892.18212891 0. 4.8013471896e-22 0.
1503048663 1 4888.89355469 0. 4.8022116373e-22 0.
1503048714 1 4885.44873047 0. 4.80201073505e-22 0.
1503048765 1 4882.29541016 0. 4.80230150306e-22 0.
1503048825 1 4878.25341797 0. 4.80206529848e-22 0.
1503048885 1 4872.68603516 0. 4.80037035403e-22 0.
1503048945 1 4868.72412109 0. 4.80035208571e-22 0.
1503049005 1 4864.61083984 0. 4.80011656914e-22 0.
1503049066 1 4863.92236328 0. 4.80255266798e-22 0.
