1503183616 1 9502.11425781 0. 5.0736825346e-22 0.
1503183676 1 9480.78222656 0. 5.06911288668e-22 0.
1503183736 1 9461.02832031 0. 5.06508357218e-22 0.
1503183771 1 9449.65917969 0. 5.06278008749e-22 0.
1503183786 1 9483.84863281 0. 5.08244013922e-22 0.
1503183826 1 9440.53613281 0. 5.06276190462e-22 0.
1503183872 1 9440.82226562 0. 5.06706070828e-22 0.
1503183917 1 9449.34765625 0. 5.07537337627e-22 0.
1503183978 1 9410.96191406 0. 5.06113947151e-22 0.
1503184038 1 9381.55566406 0. 5.05121234265e-22 0.
1503184098 1 9364.99511719 0. 5.04904068331e-22 0.
1503184158 1 9347.81054688 0. 5.04638456555e-22 0.
1503184218 1 9329.88769531 0. 5.042742868e-22 0.
1503184278 1 9315.65234375 0. 5.04108442017e-22 0.
1503184338 1 9299.34472656 0. 5.03809969139e-22 0.
1503184398 1 9285.95214844 0. 5.03664687089e-22 0.
1503184447 1 9265.73242188 0. 5.03028812537e-22 0.
1503184496 1 9263.41503906 0. 5.03373101212e-22 0.
1503184556 1 9246.25292969 0. 5.03013746872e-22 0.
1503184617 1 9229.23046875 0. 5.02660083233e-22 0.
1503184677 1 9216.88867188 0. 5.02541286011e-22 0.
1503184737 1 9194.56445312 0. 5.0188763506e-22 0.
1503184797 1 9186.13671875 0. 5.02012491589e-22 0.
1503184857 1 9167.39746094 0. 5.0178461173e-22 0.
1503184917 1 9146.8125 0. 5.01200536448e-22 0.
1503184977 1 9129.45410156 0. 5.00807402712e-22 0.
1503185037 1 9116.12597656 0. 5.00629557125e-22 0.
1503185076 1 9105.02050781 0. 5.00356670058e-22 0.
1503185115 1 9084.86328125 0. 4.99567116045e-22 0.
1503185176 1 9085.90820312 0. 5.00006751708e-22 0.
1503185236 1 9070.8671875 0. 4.99742734169e-22 0.
1503185296 1 9052.66015625 0. 4.9926735896e-22 0.
1503185356 1 9041.05371094 0. 4.99178369957e-22 0.
1503185416 1 9020.80273438 0. 4.98626990736e-22 0.
1503185476 1 9002.99511719 0. 4.98190095885e-22 0.
1503185536 1 8983.87695312 0. 4.97679763078e-22 0.
1503185596 1 8969.77148438 0. 4.976235463e-22 0.
1503185642 1 8953.13769531 0. 4.97110552551e-22 0.
1503185673 1 8956.61035156 0. 4.97573630973e-22 0.
1503185719 1 8937.35058594 0. 4.969171959e-22 0.
1503185779 1 8925.58105469 0. 4.96801786969e-22 0.
1503185839 1 8903.89453125 0. 4.96140243184e-22 0.
1503185899 1 8897.76464844 0. 4.96322671332e-22 0.
1503185959 1 8888.25585938 0. 4.96128760914e-22 0.
1503186019 1 8872.79492188 0. 4.95735848791e-22 0.
1503186080 1 8851.74414062 0. 4.95076010012e-22 0.
1503186140 1 8834.61523438 0. 4.94654692291e-22 0.
1503186200 1 8821.58105469 0. 4.94427565099e-22 0.
1503186260 1 8792.27832031 0. 4.9329539451e-22 0.
1503186320 1 8749.45898438 0. 4.91406777459e-22 0.
1503186380 1 8733.92578125 0. 4.91049078544e-22 0.
1503186440 1 8723.14453125 0. 4.90952829969e-22 0.
1503186500 1 8705.2421875 0. 4.90466540355e-22 0.
1503186560 1 8689.89648438 0. 4.90126932147e-22 0.
1503186621 1 8677.98339844 0. 4.89948988933e-22 0.
1503186681 1 8664.20996094 0. 4.89680045294e-22 0.
1503186741 1 8639.51171875 0. 4.88782180465e-22 0.
1503186801 1 8626.71972656 0. 4.88568770143e-22 0.
1503186861 1 8608.98925781 0. 4.88081135903e-22 0.
1503186921 1 8600.5546875 0. 4.88103985077e-22 0.
1503186981 1 8586.18066406 0. 4.87786034492e-22 0.
1503187041 1 8569.60351562 0. 4.87333718222e-22 0.
1503187101 1 8554.74316406 0. 4.86981592818e-22 0.
1503187162 1 8553.14648438 0. 4.87402806293e-22 0.
1503187222 1 8537.52148438 0. 4.87009832769e-22 0.
1503187282 1 8521.39746094 0. 4.86583853742e-22 0.
1503187342 1 8508.90234375 0. 4.86361888578e-22 0.
1503187402 1 8496.98144531 0. 4.86185487168e-22 0.
1503187462 1 8485.63867188 0. 4.86017404123e-22 0.
1503187522 1 8473.15527344 0. 4.85805316231e-22 0.
1503187582 1 8224.91699219 0. 4.72058072955e-22 0.
1503187642 1 7642.75732422 0. 4.39190149827e-22 0.
1503187703 1 8602.84570312 0. 4.94712763675e-22 0.
1503187763 1 8634.33105469 0. 4.97027974052e-22 0.
1503187823 1 8622.82226562 0. 4.9688898681e-22 0.
1503187883 1 8610.63867188 0. 4.96682513647e-22 0.
1503187934 1 8599.01953125 0. 4.96445937822e-22 0.
1503187985 1 8591.44140625 0. 4.96443847793e-22 0.
1503188045 1 8581.07910156 0. 4.96333041363e-22 0.
1503188106 1 8567.89453125 0. 4.96080797837e-22 0.
1503188166 1 8557.265625 0. 4.95966867935e-22 0.
1503188226 1 8544.49414062 0. 4.95736149701e-22 0.
1503188286 1 8533.91015625 0. 4.95610340262e-22 0.
1503188346 1 8523.16015625 0. 4.95463703137e-22 0.
1503188406 1 8509.36328125 0. 4.95165012651e-22 0.
1503188466 1 8496.73046875 0. 4.94920871075e-22 0.
1503188526 1 8483.43847656 0. 4.9465671835e-22 0.
1503188586 1 8474.74414062 0. 4.94642479125e-22 0.
1503188646 1 8463.06054688 0. 4.94453883472e-22 0.
1503188692 1 8453.86132812 0. 4.94279893494e-22 0.
1503188728 1 8447.40820312 0. 4.94194834726e-22 0.
1503188780 1 8436.41699219 0. 4.93994556907e-22 0.
1503188840 1 8426.68066406 0. 4.93905213622e-22 0.
1503188900 1 8411.85546875 0. 4.93546993202e-22 0.
1503188960 1 8402.52539062 0. 4.9347727127e-22 0.
1503189020 1 8391.5 0. 4.93309138873e-22 0.
1503189081 1 8381.890625 0. 4.93237151273e-22 0.
1503189141 1 8368.97363281 0. 4.92971480557e-22 0.
1503189201 1 8357.95019531 0. 4.92802593717e-22 0.
1503189237 1 8351.91894531 0. 4.92699810834e-22 0.
1503189273 1 8347.2109375 0. 4.92750762203e-22 0.
1503189333 1 8331.75878906 0. 4.92320904783e-22 0.
1503189394 1 8317.76171875 0. 4.92002436567e-22 0.
1503189454 1 8308.5703125 0. 4.91951933772e-22 0.
1503189514 1 8294.078125 0. 4.91590602404e-22 0.
1503189574 1 8284.08398438 0. 4.91468789987e-22 0.
1503189634 1 8277.1171875 0. 4.91537899586e-22 0.
1503189694 1 8267.47167969 0. 4.91461474905e-22 0.
1503189754 1 8255.65527344 0. 4.91250859099e-22 0.
1503189814 1 8246.6328125 0. 4.91210945363e-22 0.
1503189875 1 8229.80761719 0. 4.90705045686e-22 0.
1503189935 1 8220.453125 0. 4.90614000861e-22 0.
1503189995 1 8209.92089844 0. 4.90475435886e-22 0.
1503190055 1 8200.78710938 0. 4.90408316481e-22 0.
1503190115 1 8191.93212891 0. 4.90369971079e-22 0.
1503190175 1 8181.00097656 0. 4.90180542176e-22 0.
1503190235 1 8170.33642578 0. 4.90026875951e-22 0.
1503190295 1 8157.2265625 0. 4.89706245941e-22 0.
1503190353 1 8147.53369141 0. 4.8957910849e-22 0.
1503190410 1 8136.97998047 0. 4.89407171697e-22 0.
1503190470 1 8124.75976562 0. 4.89175757723e-22 0.
1503190530 1 8115.93261719 0. 4.89125272894e-22 0.
1503190590 1 8106.48486328 0. 4.8903821329e-22 0.
1503190650 1 8095.55615234 0. 4.88854887221e-22 0.
1503190710 1 8083.6484375 0. 4.88592921648e-22 0.
1503190770 1 8071.37060547 0. 4.8829665926e-22 0.
1503190831 1 8122.38378906 0. 4.91887485625e-22 0.
1503190891 1 8262.48144531 0. 5.0106430325e-22 0.
1503190951 1 8250.90625 0. 5.00951526132e-22 0.
1503191011 1 8186.70507812 0. 4.97575127488e-22 0.
1503191071 1 7947.61816406 0. 4.83548838479e-22 0.
1503191131 1 7937.88964844 0. 4.83456989657e-22 0.
1503191191 1 8262.97363281 0. 5.03782257566e-22 0.
1503191251 1 8252.95117188 0. 5.03654518963e-22 0.
1503191311 1 8242.96972656 0. 5.03547481097e-22 0.
1503191372 1 8236.79492188 0. 5.03652785076e-22 0.
1503191432 1 8224.54394531 0. 5.03403063913e-22 0.
1503191492 1 8213.08886719 0. 5.03187872084e-22 0.
1503191552 1 8203.97070312 0. 5.03100692224e-22 0.
1503191612 1 8195.82519531 0. 5.03095831918e-22 0.
1503191672 1 8181.32519531 0. 5.02723205477e-22 0.
1503191732 1 8174.22021484 0. 5.02791999785e-22 0.
1503191792 1 8161.21972656 0. 5.02466780017e-22 0.
1503191853 1 8151.15966797 0. 5.0233865529e-22 0.
1503191913 1 8141.26074219 0. 5.02243520226e-22 0.
1503191973 1 8126.85546875 0. 5.01846459876e-22 0.
1503192033 1 8118.33105469 0. 5.01809421928e-22 0.
1503192093 1 8109.94628906 0. 5.01775648694e-22 0.
1503192153 1 8097.10449219 0. 5.01474109828e-22 0.
1503192213 1 8085.82763672 0. 5.0127368254e-22 0.
1503192273 1 8078.08496094 0. 5.01280871094e-22 0.
1503192333 1 8067.04003906 0. 5.01092209123e-22 0.
1503192394 1 8060.88085938 0. 5.01211763824e-22 0.
1503192454 1 8051.00439453 0. 5.01073585847e-22 0.
1503192514 1 8038.30566406 0. 5.00769873277e-22 0.
1503192574 1 8027.84130859 0. 5.00595910914e-22 0.
1503192634 1 8019.18701172 0. 5.00545810239e-22 0.
1503192694 1 8009.8828125 0. 5.00439199511e-22 0.
1503192754 1 7998.109375 0. 5.00184679301e-22 0.
1503192814 1 7987.28759766 0. 5.00001389208e-22 0.
1503192874 1 7978.73779297 0. 4.99962667676e-22 0.
1503192935 1 7968.51367188 0. 4.9982036563e-22 0.
1503192995 1 7958.57568359 0. 4.99703230191e-22 0.
1503193044 1 7949.90576172 0. 4.99549086491e-22 0.
1503193082 1 7945.07568359 0. 4.99563164367e-22 0.
1503193131 1 7936.48144531 0. 4.99400812524e-22 0.
1503193191 1 7924.05957031 0. 4.99101194738e-22 0.
1503193251 1 7912.70361328 0. 4.98885861457e-22 0.
1503193312 1 7901.62304688 0. 4.98677430444e-22 0.
1503193372 1 7889.84667969 0. 4.98421477187e-22 0.
1503193432 1 7876.52929688 0. 4.98042495877e-22 0.
1503193492 1 7856.90332031 0. 4.97262334847e-22 0.
1503193552 1 7847.44384766 0. 4.97146453692e-22 0.
1503193612 1 7835.00683594 0. 4.96849546252e-22 0.
1503193672 1 7822.72412109 0. 4.96520397696e-22 0.
1503193732 1 7810.87548828 0. 4.96245959271e-22 0.
1503193792 1 7799.35498047 0. 4.95973706981e-22 0.
1503193853 1 7786.3984375 0. 4.95619043794e-22 0.
1503193913 1 7774.56445312 0. 4.95336960597e-22 0.
1503193973 1 7764.32714844 0. 4.95164426675e-22 0.
1503194033 1 7757.31298828 0. 4.95183067461e-22 0.
1503194093 1 7738.71679688 0. 4.94467025859e-22 0.
1503194153 1 7737.28955078 0. 4.94858716122e-22 0.
1503194213 1 7723.14111328 0. 4.94436931435e-22 0.
1503194273 1 7714.27880859 0. 4.94357308895e-22 0.
1503194333 1 7703.64355469 0. 4.94156530037e-22 0.
1503194394 1 7692.61962891 0. 4.93933026799e-22 0.
1503194454 1 7681.37695312 0. 4.93688433971e-22 0.
1503194514 1 7671.47167969 0. 4.93512382242e-22 0.
1503194574 1 7664.91259766 0. 4.93540610438e-22 0.
1503194634 1 7654.06787109 0. 4.93325864506e-22 0.
1503194694 1 7641.11181641 0. 4.92954085989e-22 0.
1503194754 1 7631.25732422 0. 4.92810214382e-22 0.
1503194814 1 7621.96484375 0. 4.92669857561e-22 0.
1503194874 1 7611.55029297 0. 4.92482486731e-22 0.
1503194934 1 7599.15625 0. 4.92165713911e-22 0.
1503194994 1 7586.61376953 0. 4.91807840742e-22 0.
1503195055 1 7574.99462891 0. 4.91531836281e-22 0.
1503195115 1 7565.83349609 0. 4.91403072839e-22 0.
1503195172 1 7554.91894531 0. 4.91133237805e-22 0.
1503195229 1 7544.65722656 0. 4.9089489545e-22 0.
1503195289 1 7534.56396484 0. 4.90704456833e-22 0.
1503195349 1 7523.3125 0. 4.90457323991e-22 0.
1503195409 1 7514.33398438 0. 4.90306699256e-22 0.
1503195469 1 7503.55029297 0. 4.90087945629e-22 0.
1503195529 1 7491.29150391 0. 4.89757420991e-22 0.
1503195589 1 7479.1796875 0. 4.89437972211e-22 0.
1503195649 1 7471.74853516 0. 4.89401041839e-22 0.
1503195709 1 7462.01025391 0. 4.89213963695e-22 0.
1503195765 1 7453.43945312 0. 4.89054814392e-22 0.
1503195811 1 7444.76269531 0. 4.88836640377e-22 0.
1503195862 1 7435.02294922 0. 4.88584837285e-22 0.
1503195923 1 7424.20214844 0. 4.88331001396e-22 0.
1503195983 1 7417.49951172 0. 4.88359006174e-22 0.
1503196043 1 7405.76513672 0. 4.88033666266e-22 0.
1503196103 1 7395.42675781 0. 4.87798746798e-22 0.
1503196163 1 7385.07666016 0. 4.87570735726e-22 0.
1503196223 1 7376.90722656 0. 4.8750033238e-22 0.
1503196283 1 7366.58984375 0. 4.87273445786e-22 0.
1503196343 1 7358.0234375 0. 4.87163721122e-22 0.
1503196403 1 7349.60400391 0. 4.87059413114e-22 0.
1503196464 1 7339.82275391 0. 4.86849265341e-22 0.
1503196524 1 7329.98730469 0. 4.86642742877e-22 0.
1503196562 1 6050.58203125 0. 4.02912716479e-22 0.
1503196592 1 0.129189044237 0. 1.8856924318e-23 0.
1503196629 1 0.113124519587 0. 0.0 0.
1503196674 1 0.106194660068 0. 0.0 0.
1503196734 1 0.100655421615 0. 0.0 0.
1503196794 1 0.0970836803317 0. 0.0 0.
1503196855 1 0.0942661762238 0. 0.0 0.
1503196915 1 0.0922080054879 0. 0.0 0.
1503196975 1 0.0905916467309 0. 0.0 0.
1503197035 1 0.0897201895714 0. 0.0 0.
1503197095 1 0.0889168232679 0. 0.0 0.
