1503826342 1 7230.54882812 0. 5.12971140925e-22 0.
1503826402 1 7194.75585938 0. 5.11066734694e-22 0.
1503826462 1 7206.93164062 0. 5.12554805739e-22 0.
1503826522 1 7181.25537109 0. 5.11411037992e-22 0.
1503826582 1 7155.15380859 0. 5.10215751508e-22 0.
1503826619 1 7131.52294922 0. 5.08991489773e-22 0.
1503826639 1 7125.89746094 0. 5.08856844814e-22 0.
1503826672 1 7113.37744141 0. 5.08399917379e-22 0.
1503826721 1 7100.2890625 0. 5.0809784484e-22 0.
1503826781 1 7085.12304688 0. 5.0780725439e-22 0.
1503826841 1 7063.97119141 0. 5.07040662586e-22 0.
1503826901 1 7044.95117188 0. 5.06445253651e-22 0.
1503826961 1 7024.97900391 0. 5.05781203771e-22 0.
1503827021 1 6812.59423828 0. 4.91210624258e-22 0.
1503827063 1 6885.48291016 0. 4.97097455528e-22 0.
1503827105 1 6670.90332031 0. 4.81986224869e-22 0.
1503827140 1 7070.36230469 0. 5.11352747084e-22 0.
1503827176 1 7061.42626953 0. 5.11150415995e-22 0.
1503827236 1 7049.11230469 0. 5.10994254837e-22 0.
1503827273 1 7042.29150391 0. 5.10913986316e-22 0.
1503827302 1 7040.4296875 0. 5.1110349609e-22 0.
1503827353 1 7033.44042969 0. 5.11180370572e-22 0.
1503827413 1 7019.80908203 0. 5.10865089771e-22 0.
1503827473 1 7012.15478516 0. 5.10966999409e-22 0.
1503827518 1 7001.59716797 0. 5.10685063122e-22 0.
1503827549 1 6993.22412109 0. 5.10403134286e-22 0.
1503827595 1 6983.30810547 0. 5.10183010482e-22 0.
1503827655 1 6972.01757812 0. 5.09994010355e-22 0.
1503827700 1 6961.70605469 0. 5.09712546263e-22 0.
1503827731 1 6955.22949219 0. 5.0953726086e-22 0.
1503827776 1 6945.01464844 0. 5.0926626335e-22 0.
1503827837 1 6932.88525391 0. 5.08993704996e-22 0.
1503827897 1 6921.26123047 0. 5.08777576625e-22 0.
1503827957 1 6910.38525391 0. 5.08585177546e-22 0.
1503827994 1 6900.68310547 0. 5.08198202538e-22 0.
1503828024 1 6896.79150391 0. 5.08260341888e-22 0.
1503828077 1 6885.41503906 0. 5.07969197449e-22 0.
1503828138 1 6874.41357422 0. 5.07744336735e-22 0.
1503828198 1 6862.62744141 0. 5.0746757823e-22 0.
1503828258 1 6847.66943359 0. 5.06970401111e-22 0.
1503828296 1 6835.90185547 0. 5.06480037397e-22 0.
1503828327 1 6833.36328125 0. 5.06614834914e-22 0.
1503828364 1 6825.40429688 0. 5.06383406813e-22 0.
1503828390 1 6820.86474609 0. 5.06320636787e-22 0.
1503828420 1 6813.02832031 0. 5.06037382831e-22 0.
1503828446 1 6807.88916016 0. 5.05920612689e-22 0.
1503828461 1 6802.65966797 0. 5.05684839929e-22 0.
1503828483 1 6797.53662109 0. 5.05500828261e-22 0.
1503828513 1 6790.80761719 0. 5.05300192507e-22 0.
1503828562 1 6782.27099609 0. 5.05136081865e-22 0.
1503828622 1 6771.67382812 0. 5.0493642831e-22 0.
1503828681 1 6763.02734375 0. 5.04844751522e-22 0.
1503828739 1 6752.58789062 0. 5.04656008007e-22 0.
1503828800 1 6737.48291016 0. 5.04106103333e-22 0.
1503828835 1 6731.91113281 0. 5.04021305054e-22 0.
1503828870 1 6723.1328125 0. 5.03735071056e-22 0.
1503828930 1 6708.52929688 0. 5.03224106692e-22 0.
1503828991 1 6703.58007812 0. 5.03414853545e-22 0.
1503829032 1 6690.08544922 0. 5.0278551718e-22 0.
1503829059 1 6684.26611328 0. 5.02615805749e-22 0.
1503829105 1 6673.25927734 0. 5.02228445948e-22 0.
1503829165 1 6661.68017578 0. 5.01942562395e-22 0.
1503829225 1 6650.47167969 0. 5.01650094825e-22 0.
1503829285 1 6641.20507812 0. 5.0151618167e-22 0.
1503829321 1 6636.03564453 0. 5.01446650361e-22 0.
1503829349 1 6626.83007812 0. 5.01008257321e-22 0.
1503829403 1 6616.26074219 0. 5.00757725493e-22 0.
1503829443 1 6609.47802734 0. 5.00609900514e-22 0.
1503829475 1 6603.60302734 0. 5.00485729324e-22 0.
1503829529 1 6591.19677734 0. 5.00044103338e-22 0.
1503829589 1 6585.98242188 0. 5.00211888586e-22 0.
1503829649 1 6569.27978516 0. 4.99503015309e-22 0.
1503829709 1 6554.73242188 0. 4.98957072736e-22 0.
1503829769 1 6540.33691406 0. 4.98428544282e-22 0.
1503829815 1 6540.09423828 0. 4.98855550362e-22 0.
1503829860 1 6532.92431641 0. 4.98707094635e-22 0.
1503829896 1 6536.10546875 0. 4.99263215959e-22 0.
1503829931 1 6522.59326172 0. 4.9856518286e-22 0.
1503829987 1 6512.35498047 0. 4.98306236867e-22 0.
1503830028 1 6498.50927734 0. 4.97621011619e-22 0.
1503830059 1 6499.00341797 0. 4.97963728458e-22 0.
1503830105 1 6489.57861328 0. 4.97690798111e-22 0.
1503830165 1 6475.98681641 0. 4.97199884404e-22 0.
1503830200 1 6465.80029297 0. 4.96702000851e-22 0.
1503830229 1 6456.99316406 0. 4.96326454382e-22 0.
1503830283 1 6448.78173828 0. 4.96189871668e-22 0.
1503830343 1 6363.7578125 0. 4.90189505476e-22 0.
1503830404 1 6289.45605469 0. 4.85003081662e-22 0.
1503830464 1 6158.45947266 0. 4.75375782447e-22 0.
1503830524 1 6494.24511719 0. 5.01917740209e-22 0.
1503830584 1 6485.01464844 0. 5.01773226332e-22 0.
1503830644 1 6474.13623047 0. 5.01490961985e-22 0.
1503830704 1 6466.63867188 0. 5.01471853237e-22 0.
1503830739 1 6462.63867188 0. 5.01470573056e-22 0.
1503830771 1 6455.89306641 0. 5.01261942546e-22 0.
1503830812 1 6451.20654297 0. 5.01272806894e-22 0.
1503830843 1 6446.04394531 0. 5.0114168426e-22 0.
1503830889 1 6439.03466797 0. 5.00999129579e-22 0.
1503830949 1 6429.8359375 0. 5.00833222861e-22 0.
1503830994 1 6423.171875 0. 5.00688530558e-22 0.
1503831040 1 6413.58544922 0. 5.00390140228e-22 0.
1503831075 1 6408.97705078 0. 5.00383372166e-22 0.
1503831106 1 6391.47558594 0. 4.99303717176e-22 0.
1503831163 1 6384.10839844 0. 4.9922402134e-22 0.
1503831208 1 6381.96630859 0. 4.99452736145e-22 0.
1503831254 1 6378.42822266 0. 4.99581144621e-22 0.
1503831289 1 6374.19775391 0. 4.99539700726e-22 0.
1503831324 1 6369.26855469 0. 4.99487999171e-22 0.
1503831384 1 6358.59863281 0. 4.9920453959e-22 0.
1503831445 1 6349.8046875 0. 4.9904119924e-22 0.
1503831505 1 6341.93798828 0. 4.98971146977e-22 0.
1503831560 1 6334.08203125 0. 4.98844141572e-22 0.
1503831615 1 6325.51464844 0. 4.98654747846e-22 0.
1503831650 1 6320.36816406 0. 4.98550981013e-22 0.
1503831681 1 6314.48095703 0. 4.98367451793e-22 0.
1503831716 1 6309.98486328 0. 4.98324884343e-22 0.
1503831754 1 6305.37646484 0. 4.98317372845e-22 0.
1503831806 1 6297.87207031 0. 4.98195006871e-22 0.
1503831844 1 6293.44042969 0. 4.98152126039e-22 0.
1503831875 1 6287.140625 0. 4.97916592415e-22 0.
1503831906 1 6282.65869141 0. 4.97832908154e-22 0.
1503831937 1 6277.81738281 0. 4.97709865314e-22 0.
1503831982 1 6269.63378906 0. 4.97455365746e-22 0.
1503832042 1 6262.25537109 0. 4.97401403095e-22 0.
1503832103 1 6255.10839844 0. 4.97365035003e-22 0.
1503832163 1 6246.96582031 0. 4.97249247165e-22 0.
1503832198 1 6240.48291016 0. 4.97050075028e-22 0.
1503832233 1 6235.19824219 0. 4.96940229935e-22 0.
1503832292 1 6226.57275391 0. 4.96781807059e-22 0.
1503832351 1 6219.57910156 0. 4.96718113892e-22 0.
1503832411 1 6210.54150391 0. 4.96522300305e-22 0.
1503832471 1 6199.38818359 0. 4.96176705345e-22 0.
1503832532 1 6190.33300781 0. 4.95966467839e-22 0.
1503832592 1 6180.57958984 0. 4.95724536453e-22 0.
1503832633 1 6175.94238281 0. 4.95710739342e-22 0.
1503832660 1 6171.89306641 0. 4.956321806e-22 0.
1503832706 1 6165.74023438 0. 4.9552219267e-22 0.
1503832766 1 6156.57519531 0. 4.95326077381e-22 0.
1503832826 1 6148.32177734 0. 4.95153721218e-22 0.
1503832886 1 6138.41650391 0. 4.94862527025e-22 0.
1503832947 1 6131.43359375 0. 4.94816032688e-22 0.
1503833007 1 6124.43994141 0. 4.94776766108e-22 0.
1503833067 1 6114.56738281 0. 4.94493640492e-22 0.
1503833127 1 6107.20751953 0. 4.94419221784e-22 0.
1503833187 1 6098.09033203 0. 4.94174738941e-22 0.
1503833247 1 6089.35888672 0. 4.93982179539e-22 0.
1503833307 1 6078.76269531 0. 4.93650190371e-22 0.
1503833367 1 6070.08496094 0. 4.93475063733e-22 0.
1503833427 1 6063.80029297 0. 4.93464412894e-22 0.
1503833488 1 6057.50634766 0. 4.9347200854e-22 0.
1503833548 1 6046.90039062 0. 4.93131631773e-22 0.
1503833608 1 6040.79492188 0. 4.9313431781e-22 0.
1503833643 1 6035.31201172 0. 4.92981458028e-22 0.
1503833678 1 6030.47167969 0. 4.92910598258e-22 0.
1503833738 1 6023.46289062 0. 4.92857727372e-22 0.
1503833791 1 6013.24707031 0. 4.92470331017e-22 0.
1503833845 1 6007.59667969 0. 4.92457108614e-22 0.
1503833905 1 5999.95703125 0. 4.92343855155e-22 0.
1503833965 1 5991.59375 0. 4.92150532702e-22 0.
1503834025 1 5984.59033203 0. 4.92091642252e-22 0.
1503834085 1 5975.59130859 0. 4.91865641598e-22 0.
1503834145 1 5966.71191406 0. 4.91635548188e-22 0.
1503834205 1 5958.45849609 0. 4.91465655561e-22 0.
1503834265 1 5949.99511719 0. 4.91269144063e-22 0.
1503834326 1 5943.51855469 0. 4.91246702055e-22 0.
1503834386 1 5934.32324219 0. 4.91018079802e-22 0.
1503834446 1 5936.37158203 0. 4.91693672599e-22 0.
1503834506 1 6065.33300781 0. 5.02930139888e-22 0.
1503834566 1 6054.51074219 0. 5.02604658207e-22 0.
1503834626 1 6001.17724609 0. 4.98746981673e-22 0.
1503834686 1 5874.20117188 0. 4.88750274163e-22 0.
1503834746 1 5828.79003906 0. 4.85460788852e-22 0.
1503834806 1 6074.3125 0. 5.06550639243e-22 0.
1503834867 1 6065.96582031 0. 5.06430954107e-22 0.
1503834927 1 6054.29589844 0. 5.06012286079e-22 0.
1503834987 1 6048.14160156 0. 5.06056567178e-22 0.
1503835047 1 6039.57373047 0. 5.05902538469e-22 0.
1503835107 1 6030.40283203 0. 5.05668908598e-22 0.
1503835167 1 6022.41650391 0. 5.05553378364e-22 0.
1503835227 1 6017.27148438 0. 5.05678101331e-22 0.
1503835287 1 6007.65185547 0. 5.05402796408e-22 0.
1503835348 1 6002.4765625 0. 5.05510312681e-22 0.
1503835408 1 5990.62255859 0. 5.05081376935e-22 0.
1503835468 1 5983.84716797 0. 5.05057325682e-22 0.
1503835528 1 5975.74462891 0. 5.04929004936e-22 0.
1503835588 1 5968.80371094 0. 5.04904649772e-22 0.
1503835648 1 5961.63671875 0. 5.04826117534e-22 0.
1503835708 1 5952.69775391 0. 5.04619421927e-22 0.
1503835768 1 5944.60107422 0. 5.04483114803e-22 0.
1503835828 1 5934.95361328 0. 5.04218884269e-22 0.
1503835889 1 5929.64794922 0. 5.04293383837e-22 0.
1503835949 1 5923.55322266 0. 5.04353833064e-22 0.
1503836009 1 5913.70751953 0. 5.04046005405e-22 0.
1503836069 1 5903.29541016 0. 5.03713110525e-22 0.
1503836129 1 5897.01660156 0. 5.03726295297e-22 0.
1503836190 1 5890.50683594 0. 5.0368076794e-22 0.
1503836250 1 5880.609375 0. 5.03336963294e-22 0.
1503836311 1 5873.86474609 0. 5.03301703628e-22 0.
1503836371 1 5864.35058594 0. 5.03020965617e-22 0.
1503836432 1 5856.61230469 0. 5.02927392865e-22 0.
1503836492 1 5847.91894531 0. 5.02733863864e-22 0.
1503836553 1 5831.42919922 0. 5.01831681154e-22 0.
1503836613 1 5825.61572266 0. 5.01879110519e-22 0.
1503836674 1 5817.5 0. 5.01715693683e-22 0.
1503836734 1 5807.00390625 0. 5.01340379577e-22 0.
1503836795 1 5796.6484375 0. 5.00996622234e-22 0.
1503836856 1 5793.71875 0. 5.01274509981e-22 0.
1503836916 1 5784.98974609 0. 5.01043819438e-22 0.
1503836977 1 5775.51220703 0. 5.00765672016e-22 0.
1503837037 1 5768.15087891 0. 5.00636424334e-22 0.
1503837098 1 5758.22021484 0. 5.00310782804e-22 0.
1503837158 1 5749.97753906 0. 5.00102381333e-22 0.
1503837219 1 5741.88916016 0. 4.99910685558e-22 0.
1503837279 1 5734.34912109 0. 4.99805511622e-22 0.
1503837340 1 5726.07128906 0. 4.99604607532e-22 0.
1503837400 1 5718.9609375 0. 4.99504571787e-22 0.
1503837461 1 5710.61230469 0. 4.99306952653e-22 0.
1503837521 1 5701.62744141 0. 4.99044649514e-22 0.
1503837581 1 5694.31298828 0. 4.9891880433e-22 0.
1503837641 1 5685.14648438 0. 4.98643338198e-22 0.
1503837701 1 5674.97705078 0. 4.98272654801e-22 0.
1503837761 1 5665.31982422 0. 4.97938945004e-22 0.
1503837822 1 5659.58984375 0. 4.97952341582e-22 0.
1503837882 1 5653.27197266 0. 4.97916314862e-22 0.
1503837942 1 5646.74462891 0. 4.97854167987e-22 0.
1503838002 1 5638.11035156 0. 4.97589838294e-22 0.
1503838062 1 5634.22851562 0. 4.97770352426e-22 0.
1503838122 1 5625.31933594 0. 4.97498451334e-22 0.
1503838182 1 5614.16845703 0. 4.97002619936e-22 0.
1503838242 1 5606.95849609 0. 4.96892408837e-22 0.
1503838302 1 5601.47705078 0. 4.96897221177e-22 0.
1503838363 1 5590.05273438 0. 4.96407488847e-22 0.
1503838423 1 5582.82666016 0. 4.96268635141e-22 0.
1503838483 1 5431.18847656 0. 4.83264958405e-22 0.
1503838543 1 5315.93798828 0. 4.73485446696e-22 0.
1503838603 1 5586.19189453 0. 4.98101154368e-22 0.
1503838663 1 5587.44238281 0. 4.98710281148e-22 0.
1503838723 1 5578.61328125 0. 4.98424225245e-22 0.
1503838783 1 5573.34375 0. 4.98481481955e-22 0.
1503838840 1 5152.49755859 0. 4.62254984758e-22 0.
1503838876 1 0.0824201107025 0. 6.9960633941e-24 0.
1503838891 1 0.0731860101223 0. 0.0 0.
1503838926 1 0.0685485824943 0. 0.0 0.
1503838983 1 0.0645015910268 0. 0.0 0.
1503839040 1 0.0619321130216 0. 0.0 0.
