1503858200 1 9754.40234375 0. 5.16987664728e-22 0.
1503858260 1 9731.89648438 0. 5.1653256875e-22 0.
1503858319 1 9750.85058594 0. 5.18182428709e-22 0.
1503858364 1 9698.8828125 0. 5.15870792139e-22 0.
1503858410 1 9701.24121094 0. 5.16443981603e-22 0.
1503858470 1 9680.51660156 0. 5.15945220685e-22 0.
1503858530 1 9676.26464844 0. 5.1634070355e-22 0.
1503858591 1 9355.75097656 0. 4.99868982319e-22 0.
1503858651 1 9083.21191406 0. 4.86031718494e-22 0.
1503858711 1 9655.09960938 0. 5.17372713924e-22 0.
1503858758 1 9643.49121094 0. 5.17315362533e-22 0.
1503858788 1 9637.43164062 0. 5.17352543421e-22 0.
1503858806 1 9630.15136719 0. 5.17198474655e-22 0.
1503858841 1 9622.625 0. 5.1723955168e-22 0.
1503858901 1 9608.18554688 0. 5.17186065128e-22 0.
1503858961 1 9591.45898438 0. 5.16964433691e-22 0.
1503859022 1 9573.5 0. 5.16668685144e-22 0.
1503859082 1 9555.37597656 0. 5.16376597177e-22 0.
1503859142 1 9535.796875 0. 5.15966919477e-22 0.
1503859202 1 9521.50488281 0. 5.15884592209e-22 0.
1503859241 1 9509.44140625 0. 5.15681246327e-22 0.
1503859279 1 9496.02050781 0. 5.15353540523e-22 0.
1503859335 1 9484.45214844 0. 5.15342574558e-22 0.
1503859381 1 9474.453125 0. 5.15289853332e-22 0.
1503859432 1 9457.48828125 0. 5.14935578624e-22 0.
1503859492 1 9437.55859375 0. 5.1452270721e-22 0.
1503859552 1 9422.328125 0. 5.14322883275e-22 0.
1503859612 1 9400.68261719 0. 5.13763230145e-22 0.
1503859672 1 9389.22070312 0. 5.13779736734e-22 0.
1503859733 1 9372.70605469 0. 5.13492950047e-22 0.
1503859793 1 9354.54199219 0. 5.13135826241e-22 0.
1503859853 1 9337.86425781 0. 5.12842404862e-22 0.
1503859913 1 9317.55175781 0. 5.12369847354e-22 0.
1503859973 1 9304.94824219 0. 5.12288484594e-22 0.
1503860033 1 9290.92578125 0. 5.12139763394e-22 0.
1503860093 1 9267.68261719 0. 5.11450077714e-22 0.
1503860144 1 9255.86328125 0. 5.11280866282e-22 0.
1503860195 1 9238.87792969 0. 5.10879175403e-22 0.
1503860255 1 9220.47851562 0. 5.1046337503e-22 0.
1503860315 1 9203.73339844 0. 5.10133933092e-22 0.
1503860375 1 9186.45800781 0. 5.0977232225e-22 0.
1503860435 1 9169.73925781 0. 5.09463532114e-22 0.
1503860495 1 9147.67285156 0. 5.08816295033e-22 0.
1503860555 1 9141.28808594 0. 5.09049951027e-22 0.
1503860615 1 9125.29785156 0. 5.08736809725e-22 0.
1503860676 1 9104.90039062 0. 5.08183571752e-22 0.
1503860711 1 9094.96582031 0. 5.07954975512e-22 0.
1503860746 1 9083.14257812 0. 5.07657739544e-22 0.
1503860806 1 9060.28222656 0. 5.06976099763e-22 0.
1503860866 1 9029.48046875 0. 5.05843685326e-22 0.
1503860924 1 9010.31445312 0. 5.05318834858e-22 0.
1503860972 1 9007.13964844 0. 5.05593466368e-22 0.
1503861023 1 8994.25195312 0. 5.05363805358e-22 0.
1503861083 1 8977.9140625 0. 5.05005714104e-22 0.
1503861143 1 8962.43554688 0. 5.04698131271e-22 0.
1503861203 1 8947.44628906 0. 5.04413883242e-22 0.
1503861263 1 8944.671875 0. 5.04829506723e-22 0.
1503861324 1 8923.88183594 0. 5.0423640512e-22 0.
1503861384 1 8909.09667969 0. 5.03980305167e-22 0.
1503861444 1 8892.49316406 0. 5.03597431245e-22 0.
1503861504 1 8875.56152344 0. 5.03183290393e-22 0.
1503861564 1 8858.1640625 0. 5.0275845951e-22 0.
1503861624 1 8842.24804688 0. 5.02417694367e-22 0.
1503861684 1 8828.02636719 0. 5.02190244457e-22 0.
1503861744 1 8811.484375 0. 5.01797404339e-22 0.
1503861804 1 8709.44824219 0. 4.96551315076e-22 0.
1503861865 1 8554.890625 0. 4.88335137929e-22 0.
1503861925 1 8415.10839844 0. 4.80786205942e-22 0.
1503861985 1 8867.83789062 0. 5.07297798001e-22 0.
1503862045 1 8854.38964844 0. 5.07063590129e-22 0.
1503862105 1 8839.28027344 0. 5.06768694248e-22 0.
1503862147 1 8833.11425781 0. 5.06797495325e-22 0.
1503862190 1 8821.2890625 0. 5.06521803466e-22 0.
1503862250 1 8808.09472656 0. 5.06362664425e-22 0.
1503862310 1 8794.13476562 0. 5.06127561496e-22 0.
1503862370 1 8782.29882812 0. 5.06017215489e-22 0.
1503862431 1 8767.55761719 0. 5.05717680776e-22 0.
1503862486 1 8755.3671875 0. 5.0553942474e-22 0.
1503862542 1 8745.7734375 0. 5.05495340852e-22 0.
1503862602 1 8732.59082031 0. 5.05306231899e-22 0.
1503862662 1 8718.49023438 0. 5.05045815518e-22 0.
1503862722 1 8703.74511719 0. 5.04733191986e-22 0.
1503862782 1 8692.65527344 0. 5.04628204541e-22 0.
1503862842 1 8679.16113281 0. 5.04403921633e-22 0.
1503862902 1 8667.14746094 0. 5.04256225121e-22 0.
1503862963 1 8655.27148438 0. 5.04106447636e-22 0.
1503863023 1 8641.54296875 0. 5.03841466398e-22 0.
1503863083 1 8631.28417969 0. 5.03807572522e-22 0.
1503863143 1 8619.44824219 0. 5.0365900427e-22 0.
1503863203 1 8605.625 0. 5.03396930098e-22 0.
1503863263 1 8592.53417969 0. 5.03158234694e-22 0.
1503863323 1 8579.17675781 0. 5.02928993348e-22 0.
1503863383 1 8566.84277344 0. 5.02743219191e-22 0.
1503863443 1 8555.51367188 0. 5.02628524112e-22 0.
1503863504 1 8542.88769531 0. 5.02445030094e-22 0.
1503863564 1 8528.5625 0. 5.0215914436e-22 0.
1503863624 1 8515.62988281 0. 5.01920483729e-22 0.
1503863684 1 8502.88085938 0. 5.01735442447e-22 0.
1503863744 1 8493.64257812 0. 5.01724679428e-22 0.
1503863804 1 8481.6640625 0. 5.01550911252e-22 0.
1503863864 1 8470.89355469 0. 5.01427198445e-22 0.
1503863924 1 8454.85644531 0. 5.01022428442e-22 0.
1503863984 1 8443.00195312 0. 5.00867992416e-22 0.
1503864042 1 8430.81445312 0. 5.00670087992e-22 0.
1503864092 1 8421.41210938 0. 5.00539290288e-22 0.
1503864129 1 8414.56640625 0. 5.00462198578e-22 0.
1503864175 1 8403.58789062 0. 5.00225053005e-22 0.
1503864210 1 8397.52636719 0. 5.00170057271e-22 0.
1503864245 1 8390.49707031 0. 5.00061235407e-22 0.
1503864306 1 8369.03125 0. 4.99288157125e-22 0.
1503864366 1 8350.41113281 0. 4.98690171291e-22 0.
1503864426 1 8340.69335938 0. 4.98652400961e-22 0.
1503864486 1 8331.24121094 0. 4.98612788366e-22 0.
1503864546 1 8317.51757812 0. 4.9830365248e-22 0.
1503864606 1 8300.39257812 0. 4.97805643197e-22 0.
1503864666 1 8287.63769531 0. 4.97565691668e-22 0.
1503864726 1 8273.71777344 0. 4.97262058169e-22 0.
1503864786 1 8259.49023438 0. 4.96908020275e-22 0.
1503864847 1 8246.27246094 0. 4.96642524204e-22 0.
1503864907 1 8235.76464844 0. 4.96535047908e-22 0.
1503864967 1 8221.56054688 0. 4.96191434136e-22 0.
1503865027 1 8211.109375 0. 4.96081202715e-22 0.
1503865087 1 8200.15234375 0. 4.95942106142e-22 0.
1503865147 1 8188.63867188 0. 4.95767361669e-22 0.
1503865207 1 8179.92724609 0. 4.95751753497e-22 0.
1503865267 1 8166.140625 0. 4.95413014684e-22 0.
1503865327 1 8153.59326172 0. 4.95184161994e-22 0.
1503865388 1 8143.55371094 0. 4.95081648498e-22 0.
1503865448 1 8130.50146484 0. 4.94797848873e-22 0.
1503865508 1 8117.57275391 0. 4.94516046263e-22 0.
1503865568 1 8108.09082031 0. 4.94457599087e-22 0.
1503865628 1 8092.42578125 0. 4.94026959711e-22 0.
1503865688 1 8091.22460938 0. 4.94461711939e-22 0.
1503865748 1 8079.78515625 0. 4.9427427014e-22 0.
1503865808 1 8068.96777344 0. 4.94146616143e-22 0.
1503865868 1 8056.65771484 0. 4.93898904859e-22 0.
1503865929 1 8042.54589844 0. 4.9354786325e-22 0.
1503865966 1 8033.52294922 0. 4.93291626452e-22 0.
1503866003 1 8022.31005859 0. 4.92934424461e-22 0.
1503866063 1 8119.97949219 0. 4.99427509939e-22 0.
1503866110 1 8186.82714844 0. 5.03980145328e-22 0.
1503866155 1 8177.80175781 0. 5.03837328389e-22 0.
1503866214 1 8095.50927734 0. 4.99286912622e-22 0.
1503866274 1 7369.03320312 0. 4.55162830752e-22 0.
1503866335 1 7819.73583984 0. 4.83342764908e-22 0.
1503866395 1 8224.67675781 0. 5.08959493455e-22 0.
1503866455 1 8211.05859375 0. 5.08656611544e-22 0.
1503866515 1 8200.55664062 0. 5.08567179961e-22 0.
1503866575 1 8188.29296875 0. 5.0834194975e-22 0.
1503866635 1 8178.12158203 0. 5.08269027389e-22 0.
1503866695 1 8167.30175781 0. 5.08141255873e-22 0.
1503866755 1 8158.04443359 0. 5.08125178198e-22 0.
1503866815 1 8146.72119141 0. 5.07955925809e-22 0.
1503866876 1 8134.109375 0. 5.07722263546e-22 0.
1503866936 1 8125.52734375 0. 5.07730988571e-22 0.
1503866996 1 8112.6953125 0. 5.07456558855e-22 0.
1503867056 1 8101.32080078 0. 5.07284940154e-22 0.
1503867116 1 8089.75048828 0. 5.07137550301e-22 0.
1503867176 1 8079.25878906 0. 5.07011689811e-22 0.
1503867236 1 8068.92871094 0. 5.06912492811e-22 0.
1503867271 1 8060.89941406 0. 5.066909612e-22 0.
1503867288 1 8056.47314453 0. 5.06570878313e-22 0.
1503867314 1 8051.34667969 0. 5.06497916015e-22 0.
1503867345 1 8043.65478516 0. 5.06291056217e-22 0.
1503867376 1 8039.59423828 0. 5.06308495879e-22 0.
1503867407 1 8032.50097656 0. 5.06126376361e-22 0.
1503867438 1 8023.81591797 0. 5.05870299199e-22 0.
1503867469 1 8016.07080078 0. 5.0567048388e-22 0.
1503867514 1 8009.10839844 0. 5.05639579935e-22 0.
1503867575 1 7997.20361328 0. 5.05437139559e-22 0.
1503867635 1 7984.97021484 0. 5.05174743481e-22 0.
1503867684 1 7974.59277344 0. 5.04951422289e-22 0.
1503867714 1 7967.96142578 0. 5.04806493044e-22 0.
1503867755 1 7960.11914062 0. 5.04672719386e-22 0.
1503867816 1 7947.65673828 0. 5.04416302262e-22 0.
1503867873 1 7934.03613281 0. 5.04075731539e-22 0.
1503867931 1 7924.74853516 0. 5.0399881069e-22 0.
1503867991 1 7913.79882812 0. 5.0383893517e-22 0.
1503868051 1 7901.25878906 0. 5.03580022033e-22 0.
1503868111 1 7889.65332031 0. 5.0335061532e-22 0.
1503868171 1 7881.03662109 0. 5.03318031021e-22 0.
1503868232 1 7870.68408203 0. 5.03188653408e-22 0.
1503868292 1 7858.90673828 0. 5.02951106825e-22 0.
1503868352 1 7849.86914062 0. 5.02907031955e-22 0.
1503868408 1 7837.32617188 0. 5.02579135821e-22 0.
1503868439 1 7832.77001953 0. 5.02545067203e-22 0.
1503868471 1 7825.48974609 0. 5.02409898222e-22 0.
1503868519 1 7815.17529297 0. 5.02173391189e-22 0.
1503868545 1 7809.55615234 0. 5.02027279868e-22 0.
1503868556 1 7806.85107422 0. 5.01952465701e-22 0.
1503868567 1 7803.90722656 0. 5.01865770619e-22 0.
1503868577 1 7799.72412109 0. 5.01663866217e-22 0.
1503868587 1 7797.57910156 0. 5.01620071713e-22 0.
1503868622 1 7793.54199219 0. 5.01701053572e-22 0.
1503868657 1 7787.3125 0. 5.01585329351e-22 0.
1503868668 1 7783.84716797 0. 5.01448704864e-22 0.
1503868695 1 7777.70166016 0. 5.01301328028e-22 0.
1503868747 1 7766.92675781 0. 5.01057678837e-22 0.
1503868807 1 7755.27050781 0. 5.00825882695e-22 0.
1503868843 1 7751.2734375 0. 5.00879066419e-22 0.
1503868859 1 7749.44287109 0. 5.00918475687e-22 0.
1503868900 1 7739.40380859 0. 5.00608556637e-22 0.
1503868960 1 7726.95556641 0. 5.00348600831e-22 0.
1503869021 1 7716.49658203 0. 5.00206607636e-22 0.
1503869066 1 7703.99902344 0. 4.99775373683e-22 0.
1503869112 1 7697.66699219 0. 4.99746713227e-22 0.
1503869172 1 7685.64599609 0. 4.99472691931e-22 0.
1503869232 1 7674.80419922 0. 4.99302225728e-22 0.
1503869292 1 7662.87597656 0. 4.99054193336e-22 0.
1503869352 1 7650.65576172 0. 4.98778522993e-22 0.
1503869412 1 7640.10986328 0. 4.98582553951e-22 0.
1503869473 1 7630.50341797 0. 4.98474149811e-22 0.
1503869533 1 7617.18994141 0. 4.98102369066e-22 0.
1503869593 1 7605.51708984 0. 4.97868257629e-22 0.
1503869653 1 7595.06005859 0. 4.97680282844e-22 0.
1503869698 1 7587.66162109 0. 4.97541760395e-22 0.
1503869743 1 7579.04003906 0. 4.97368021614e-22 0.
1503869803 1 7567.34472656 0. 4.97118767112e-22 0.
1503869863 1 7558.90136719 0. 4.97074543788e-22 0.
1503869916 1 7547.40478516 0. 4.96757024677e-22 0.
1503869970 1 7538.64746094 0. 4.96616149149e-22 0.
1503870030 1 7526.4765625 0. 4.96324916976e-22 0.
1503870082 1 7517.67675781 0. 4.96184907738e-22 0.
1503870134 1 7508.04199219 0. 4.95969815121e-22 0.
1503870169 1 7501.70703125 0. 4.95814904548e-22 0.
1503870200 1 7496.52197266 0. 4.95759885276e-22 0.
1503870242 1 7490.24023438 0. 4.95680263216e-22 0.
1503870288 1 7481.84716797 0. 4.95509851176e-22 0.
1503870348 1 7470.56591797 0. 4.95264261486e-22 0.
1503870409 1 7460.48291016 0. 4.95119218527e-22 0.
1503870469 1 7451.30419922 0. 4.95015545811e-22 0.
1503870529 1 7441.09130859 0. 4.94855430003e-22 0.
1503870589 1 7429.7578125 0. 4.94591691709e-22 0.
1503870649 1 7419.00634766 0. 4.94361162562e-22 0.
1503870709 1 7409.10205078 0. 4.94214664379e-22 0.
1503870769 1 7398.70703125 0. 4.94008109141e-22 0.
1503870829 1 7386.73583984 0. 4.93695553109e-22 0.
1503870889 1 7375.39453125 0. 4.93443763222e-22 0.
1503870950 1 7366.4453125 0. 4.93344544726e-22 0.
1503871010 1 7358.03466797 0. 4.93319671405e-22 0.
1503871070 1 7348.24853516 0. 4.93160962044e-22 0.
1503871130 1 7338.11962891 0. 4.9300420915e-22 0.
1503871190 1 7327.63085938 0. 4.92791531388e-22 0.
1503871250 1 7318.82763672 0. 4.92683397371e-22 0.
1503871311 1 7308.61328125 0. 4.92483717284e-22 0.
1503871371 1 7298.06396484 0. 4.92256431356e-22 0.
1503871431 1 7288.56933594 0. 4.92104149865e-22 0.
1503871491 1 7277.85107422 0. 4.9188870991e-22 0.
1503871551 1 7269.26416016 0. 4.91809804393e-22 0.
1503871611 1 7260.38769531 0. 4.91702992815e-22 0.
1503871671 1 7251.58154297 0. 4.91608391026e-22 0.
1503871731 1 7243.453125 0. 4.91534024019e-22 0.
1503871791 1 7236.92236328 0. 4.91584148165e-22 0.
1503871852 1 7226.08935547 0. 4.91321316946e-22 0.
1503871912 1 7211.79736328 0. 4.90839232255e-22 0.
1503871972 1 7205.68945312 0. 4.90928395484e-22 0.
1503872032 1 7200.08886719 0. 4.91026765842e-22 0.
1503872092 1 7189.81103516 0. 4.90823031405e-22 0.
1503872152 1 7182.50439453 0. 4.90791601951e-22 0.
1503872212 1 7174.82470703 0. 4.90741131626e-22 0.
1503872272 1 7164.50097656 0. 4.90517299222e-22 0.
1503872332 1 7156.78613281 0. 4.90481264862e-22 0.
1503872393 1 7147.62402344 0. 4.90347384094e-22 0.
1503872453 1 7137.69042969 0. 4.90149838229e-22 0.
1503872513 1 7128.63671875 0. 4.89986218593e-22 0.
1503872573 1 7118.86083984 0. 4.89800151213e-22 0.
1503872633 1 7110.61816406 0. 4.89726210401e-22 0.
1503872693 1 7097.92236328 0. 4.89326310555e-22 0.
1503872753 1 7091.06005859 0. 4.89307196155e-22 0.
1503872813 1 7082.01123047 0. 4.89145070722e-22 0.
1503872873 1 7070.18896484 0. 4.88824475602e-22 0.
1503872933 1 7061.32324219 0. 4.88675475689e-22 0.
1503872994 1 7052.51611328 0. 4.88529444113e-22 0.
1503873054 1 7045.00585938 0. 4.8849212855e-22 0.
1503873114 1 7034.80371094 0. 4.88245650572e-22 0.
1503873174 1 7024.10351562 0. 4.87994295156e-22 0.
1503873234 1 7014.87646484 0. 4.87827083444e-22 0.
1503873294 1 7003.23583984 0. 4.87464818959e-22 0.
1503873354 1 6986.83007812 0. 4.86769813193e-22 0.
1503873414 1 6981.50634766 0. 4.86849072109e-22 0.
1503873475 1 6970.87451172 0. 4.8660336887e-22 0.
1503873535 1 6963.51220703 0. 4.86582660863e-22 0.
1503873595 1 6952.32421875 0. 4.86278979747e-22 0.
1503873655 1 6945.51171875 0. 4.86288871969e-22 0.
1503873691 1 6940.67724609 0. 4.86232102793e-22 0.
1503873728 1 6936.82275391 0. 4.86266854407e-22 0.
1503873788 1 6923.78466797 0. 4.85821460906e-22 0.
1503873848 1 6913.69091797 0. 4.85585007548e-22 0.
1503873908 1 6904.53564453 0. 4.85423198146e-22 0.
1503873968 1 6898.58349609 0. 4.85505377854e-22 0.
1503874028 1 6910.21337891 0. 4.86805078379e-22 0.
1503874088 1 6980.83007812 0. 4.92283921891e-22 0.
1503874149 1 6732.59570312 0. 4.75321342505e-22 0.
1503874209 1 6832.26904297 0. 4.82804456947e-22 0.
1503874269 1 7048.33398438 0. 4.98657556238e-22 0.
1503874329 1 7036.29882812 0. 4.98332755016e-22 0.
1503874389 1 7028.38671875 0. 4.9828910744e-22 0.
1503874449 1 7018.79101562 0. 4.98125699762e-22 0.
1503874509 1 7009.53076172 0. 4.97994732682e-22 0.
1503874569 1 6999.45166016 0. 4.97817341448e-22 0.
1503874629 1 6989.92285156 0. 4.97656165754e-22 0.
1503874690 1 6980.82177734 0. 4.97501060434e-22 0.
1503874750 1 6971.91552734 0. 4.97375548387e-22 0.
1503874810 1 6962.54931641 0. 4.97222185533e-22 0.
1503874870 1 6952.44335938 0. 4.96997156829e-22 0.
1503874930 1 6943.36181641 0. 4.96854518179e-22 0.
1503874990 1 6932.46728516 0. 4.96567680357e-22 0.
1503875050 1 6924.87597656 0. 4.96526119478e-22 0.
1503875110 1 6917.60058594 0. 4.96515854423e-22 0.
1503875170 1 6905.88720703 0. 4.96180212257e-22 0.
1503875231 1 6897.27783203 0. 4.96078152199e-22 0.
1503875291 1 6887.02685547 0. 4.95836937412e-22 0.
1503875351 1 6878.01611328 0. 4.95673564668e-22 0.
1503875411 1 6869.84277344 0. 4.95591423515e-22 0.
1503875471 1 6861.23974609 0. 4.95460208789e-22 0.
1503875531 1 6852.45117188 0. 4.95318566573e-22 0.
1503875591 1 6841.11328125 0. 4.94998692023e-22 0.
1503875651 1 6832.90380859 0. 4.94896404144e-22 0.
1503875707 1 6824.42236328 0. 4.9474179562e-22 0.
1503875762 1 6816.47900391 0. 4.94630082076e-22 0.
1503875823 1 6807.2109375 0. 4.94440811421e-22 0.
1503875883 1 6798.89111328 0. 4.94331629152e-22 0.
1503875943 1 6790.36572266 0. 4.94209224682e-22 0.
1503876003 1 6780.80810547 0. 4.94022994287e-22 0.
1503876063 1 6773.02392578 0. 4.93941853732e-22 0.
1503876123 1 6766.23388672 0. 4.93932209969e-22 0.
1503876183 1 6754.86669922 0. 4.93595629368e-22 0.
1503876243 1 6745.63818359 0. 4.93412712356e-22 0.
1503876304 1 6737.50537109 0. 4.93280787637e-22 0.
1503876364 1 6729.00292969 0. 4.93143844254e-22 0.
1503876424 1 6720.05029297 0. 4.92981414251e-22 0.
1503876484 1 6710.3671875 0. 4.9274200151e-22 0.
1503876544 1 6700.87353516 0. 4.92535138631e-22 0.
1503876604 1 6692.96777344 0. 4.92456469982e-22 0.
1503876664 1 6683.72509766 0. 4.9225261336e-22 0.
1503876724 1 6673.70507812 0. 4.91985231056e-22 0.
1503876784 1 6663.09472656 0. 4.91686611886e-22 0.
1503876845 1 6657.13867188 0. 4.91742007099e-22 0.
1503876905 1 6647.95166016 0. 4.91567810795e-22 0.
1503876965 1 6639.38085938 0. 4.91391922823e-22 0.
1503877025 1 6630.73632812 0. 4.91212773542e-22 0.
1503877085 1 6623.15869141 0. 4.91121143579e-22 0.
1503877145 1 6613.40869141 0. 4.90881157903e-22 0.
1503877183 1 6608.2109375 0. 4.90792624821e-22 0.
1503877222 1 6602.29003906 0. 4.90669967565e-22 0.
1503877282 1 6595.20361328 0. 4.90614958434e-22 0.
1503877342 1 6587.58691406 0. 4.90539073238e-22 0.
1503877402 1 6579.80126953 0. 4.90434962885e-22 0.
1503877462 1 6570.21191406 0. 4.90207976896e-22 0.
1503877523 1 6560.93847656 0. 4.89996167613e-22 0.
1503877583 1 6554.34521484 0. 4.89972272015e-22 0.
1503877643 1 6545.80859375 0. 4.89829163057e-22 0.
1503877703 1 6536.78955078 0. 4.89634294033e-22 0.
1503877763 1 6528.05615234 0. 4.89458313401e-22 0.
1503877823 1 6520.7421875 0. 4.89400560442e-22 0.
1503877883 1 6512.36572266 0. 4.89232201113e-22 0.
1503877943 1 6503.50976562 0. 4.89024458212e-22 0.
1503878004 1 6492.83935547 0. 4.88692890338e-22 0.
1503878064 1 6485.09912109 0. 4.88568695059e-22 0.
1503878124 1 6478.57910156 0. 4.8856716583e-22 0.
1503878184 1 6459.83837891 0. 4.87623988726e-22 0.
1503878219 1 6444.93994141 0. 4.86773479868e-22 0.
1503878254 1 6452.42919922 0. 4.87636955132e-22 0.
1503878314 1 6450.15820312 0. 4.87920267521e-22 0.
1503878374 1 6441.33740234 0. 4.8772401722e-22 0.
1503878435 1 6431.93847656 0. 4.8745303937e-22 0.
1503878495 1 6423.35546875 0. 4.87266831547e-22 0.
1503878542 1 6417.59570312 0. 4.87178562128e-22 0.
1503878589 1 6410.16992188 0. 4.86992230661e-22 0.
1503878649 1 6403.07080078 0. 4.86933205282e-22 0.
1503878709 1 6394.88037109 0. 4.86767517846e-22 0.
1503878769 1 6386.23144531 0. 4.86561244271e-22 0.
1503878829 1 6377.76269531 0. 4.8637280351e-22 0.
1503878889 1 6369.11425781 0. 4.86165496077e-22 0.
1503878950 1 6362.68652344 0. 4.86145869525e-22 0.
1503879010 1 6355.79248047 0. 4.86070227894e-22 0.
1503879070 1 6347.32177734 0. 4.85891450704e-22 0.
1503879130 1 6336.80859375 0. 4.85533286121e-22 0.
1503879190 1 6328.36083984 0. 4.85341216401e-22 0.
1503879250 1 6320.31445312 0. 4.85186275078e-22 0.
1503879310 1 6311.43896484 0. 4.84927803357e-22 0.
1503879370 1 6305.38085938 0. 4.8492168039e-22 0.
1503879430 1 6297.43408203 0. 4.84794874675e-22 0.
1503879491 1 6291.57373047 0. 4.84809263743e-22 0.
1503879551 1 6281.5234375 0. 4.84469563146e-22 0.
1503879611 1 6274.51953125 0. 4.84391497209e-22 0.
1503879671 1 6265.81835938 0. 4.84157609575e-22 0.
1503879731 1 6259.31005859 0. 4.84117150857e-22 0.
1503879791 1 6252.53222656 0. 4.84036381112e-22 0.
1503879851 1 6244.96484375 0. 4.83872362448e-22 0.
1503879911 1 6234.32666016 0. 4.8349331087e-22 0.
1503879971 1 6225.14990234 0. 4.83240314712e-22 0.
1503880031 1 6217.04980469 0. 4.83056418795e-22 0.
1503880092 1 6212.85791016 0. 4.83205427556e-22 0.
1503880152 1 6203.02880859 0. 4.82867575625e-22 0.
1503880212 1 6194.23828125 0. 4.82639208915e-22 0.
1503880272 1 6184.13964844 0. 4.82302112555e-22 0.
1503880332 1 6179.69335938 0. 4.82376555624e-22 0.
1503880392 1 6172.45410156 0. 4.82279023842e-22 0.
1503880452 1 6158.97460938 0. 4.81673004863e-22 0.
1503880512 1 6153.17089844 0. 4.81655202815e-22 0.
1503880573 1 6147.75048828 0. 4.81704050284e-22 0.
1503880633 1 6139.34375 0. 4.81491252132e-22 0.
1503880693 1 6129.4765625 0. 4.81161149144e-22 0.
1503880753 1 6118.63671875 0. 4.80745212601e-22 0.
1503880813 1 6111.20117188 0. 4.80595595867e-22 0.
1503880873 1 6102.92480469 0. 4.80394933782e-22 0.
1503880933 1 6097.97607422 0. 4.80459050056e-22 0.
1503880993 1 6091.73730469 0. 4.80387735505e-22 0.
1503881053 1 6078.83154297 0. 4.79834789521e-22 0.
1503881114 1 6071.70654297 0. 4.79721221689e-22 0.
1503881174 1 6063.44824219 0. 4.79498025457e-22 0.
1503881234 1 6056.71484375 0. 4.794106085e-22 0.
1503881294 1 6048.12011719 0. 4.7917486377e-22 0.
1503881355 1 6034.56738281 0. 4.78517007809e-22 0.
1503881415 1 6025.90771484 0. 4.7830221704e-22 0.
1503881475 1 6020.47363281 0. 4.78316469596e-22 0.
1503881535 1 6010.51074219 0. 4.77936990382e-22 0.
1503881596 1 6006.54345703 0. 4.78064909405e-22 0.
1503881656 1 5993.84667969 0. 4.77493063908e-22 0.
1503881716 1 5985.67626953 0. 4.77251497596e-22 0.
1503881776 1 5979.99023438 0. 4.77232677593e-22 0.
1503881836 1 5970.14501953 0. 4.76863967674e-22 0.
1503881896 1 5966.55273438 0. 4.77020480465e-22 0.
1503881956 1 5959.57177734 0. 4.76904521165e-22 0.
1503882016 1 5951.85058594 0. 4.76707870783e-22 0.
1503882076 1 5942.68994141 0. 4.76402103914e-22 0.
1503882137 1 5929.27929688 0. 4.75772936087e-22 0.
1503882197 1 5922.29248047 0. 4.7563063279e-22 0.
1503882257 1 5916.55371094 0. 4.75594177455e-22 0.
1503882317 1 5911.20507812 0. 4.75586466613e-22 0.
1503882377 1 5906.65136719 0. 4.75648262163e-22 0.
1503882437 1 5895.03564453 0. 4.751214672e-22 0.
1503882497 1 5885.53222656 0. 4.74798326628e-22 0.
1503882557 1 5877.05322266 0. 4.74537181705e-22 0.
1503882617 1 5872.35693359 0. 4.7457230617e-22 0.
1503882678 1 5868.04248047 0. 4.74644897469e-22 0.
1503882738 1 5863.30029297 0. 4.74670722583e-22 0.
1503882798 1 5855.39990234 0. 4.7444368701e-22 0.
1503882858 1 5846.98291016 0. 4.74180649514e-22 0.
1503882918 1 5836.16162109 0. 4.73707319691e-22 0.
1503882978 1 5834.37304688 0. 4.74030751869e-22 0.
1503883038 1 5830.95361328 0. 4.74190571102e-22 0.
1503883098 1 5821.65234375 0. 4.73855073412e-22 0.
1503883158 1 5818.80859375 0. 4.74031160468e-22 0.
1503883219 1 5813.28759766 0. 4.74020995023e-22 0.
1503883279 1 5805.46484375 0. 4.73787047697e-22 0.
1503883339 1 5801.57568359 0. 4.73887104801e-22 0.
1503883399 1 5794.58251953 0. 4.73728627286e-22 0.
1503883459 1 5792.08789062 0. 4.73966953203e-22 0.
1503883519 1 5783.34326172 0. 4.7369000652e-22 0.
1503883579 1 5776.11572266 0. 4.73513187839e-22 0.
1503883639 1 5773.59179688 0. 4.73734583726e-22 0.
1503883699 1 5766.95703125 0. 4.73616141688e-22 0.
1503883760 1 5760.71484375 0. 4.73534132102e-22 0.
1503883820 1 5756.39257812 0. 4.73617438335e-22 0.
1503883880 1 5753.34570312 0. 4.73791759998e-22 0.
1503883940 1 5744.69042969 0. 4.73507279871e-22 0.
1503884000 1 5737.40478516 0. 4.73332327895e-22 0.
1503884060 1 5730.25878906 0. 4.73159829977e-22 0.
1503884120 1 5725.93652344 0. 4.73226094934e-22 0.
1503884180 1 5715.60253906 0. 4.72791432354e-22 0.
1503884240 1 5713.44921875 0. 4.73031619881e-22 0.
1503884301 1 5705.72167969 0. 4.72819117625e-22 0.
1503884361 1 5700.25537109 0. 4.72788397772e-22 0.
1503884396 1 5698.1171875 0. 4.72847220285e-22 0.
1503884431 1 5693.58105469 0. 4.72728518019e-22 0.
1503884491 1 5686.06347656 0. 4.7250870939e-22 0.
1503884535 1 5684.17675781 0. 4.72658553577e-22 0.
1503884579 1 5679.31884766 0. 4.72562610698e-22 0.
1503884639 1 5672.9375 0. 4.72437964263e-22 0.
1503884699 1 5664.68652344 0. 4.72178917028e-22 0.
1503884759 1 5655.06103516 0. 4.71763327639e-22 0.
1503884819 1 5649.171875 0. 4.71680520921e-22 0.
1503884879 1 5643.3125 0. 4.71602684838e-22 0.
1503884939 1 5638.63525391 0. 4.7165028946e-22 0.
1503884999 1 5637.41455078 0. 4.71962790426e-22 0.
1503885059 1 5629.54296875 0. 4.71707723535e-22 0.
1503885120 1 5623.08935547 0. 4.71584815695e-22 0.
1503885180 1 5621.17724609 0. 4.71833605749e-22 0.
1503885240 1 5619.01855469 0. 4.72074621035e-22 0.
1503885300 1 5613.49365234 0. 4.72025951074e-22 0.
1503885360 1 5606.68847656 0. 4.71849810944e-22 0.
1503885420 1 5596.48046875 0. 4.71417977849e-22 0.
1503885480 1 5588.30078125 0. 4.71124960783e-22 0.
1503885540 1 5584.16699219 0. 4.71180678001e-22 0.
1503885601 1 5578.69189453 0. 4.71127179034e-22 0.
1503885636 1 5574.48144531 0. 4.71001318965e-22 0.
1503885671 1 5573.47070312 0. 4.7117395636e-22 0.
1503885731 1 5569.78662109 0. 4.71269293799e-22 0.
1503885791 1 5565.83886719 0. 4.71350525553e-22 0.
1503885851 1 5558.73144531 0. 4.71159141709e-22 0.
1503885911 1 5521.86181641 0. 4.68432681338e-22 0.
1503885971 1 5536.84423828 0. 4.70108876755e-22 0.
1503886032 1 5531.80126953 0. 4.70100196439e-22 0.
1503886092 1 5521.84570312 0. 4.69660924578e-22 0.
1503886152 1 5518.61474609 0. 4.69793075505e-22 0.
1503886212 1 5511.74658203 0. 4.69636369694e-22 0.
1503886272 1 5510.57324219 0. 4.69938592945e-22 0.
1503886332 1 5502.97900391 0. 4.69708251879e-22 0.
1503886392 1 5498.34912109 0. 4.6972709351e-22 0.
1503886452 1 5495.81933594 0. 4.69914653279e-22 0.
1503886512 1 5484.34277344 0. 4.69341274637e-22 0.
1503886573 1 5481.83203125 0. 4.69550372009e-22 0.
1503886633 1 5476.08984375 0. 4.69454940874e-22 0.
1503886693 1 5471.40527344 0. 4.69465512465e-22 0.
1503886753 1 5469.19873047 0. 4.69684782132e-22 0.
1503886814 1 5459.296875 0. 4.69240925316e-22 0.
1503886874 1 5552.57421875 0. 4.77721950219e-22 0.
1503886934 1 5539.29248047 0. 4.77130996086e-22 0.
1503886994 1 5455.81689453 0. 4.70442607139e-22 0.
1503887054 1 5391.09619141 0. 4.65276016389e-22 0.
1503887114 1 5600.69140625 0. 4.83873430862e-22 0.
1503887174 1 5647.44140625 0. 4.88430824437e-22 0.
1503887234 1 5640.97021484 0. 4.88326242918e-22 0.
1503887294 1 5635.08105469 0. 4.88275011038e-22 0.
1503887355 1 5629.61914062 0. 4.88279604695e-22 0.
1503887415 1 5623.93310547 0. 4.88263283515e-22 0.
1503887475 1 5618.17041016 0. 4.88230424902e-22 0.
1503887535 1 5611.66357422 0. 4.88131123145e-22 0.
1503887595 1 5604.71484375 0. 4.87977706757e-22 0.
1503887655 1 5599.37451172 0. 4.87957796124e-22 0.
1503887715 1 5592.58398438 0. 4.8781978967e-22 0.
1503887775 1 5586.90234375 0. 4.87782860039e-22 0.
1503887835 1 5581.82763672 0. 4.87811400987e-22 0.
1503887896 1 5575.30029297 0. 4.8770553376e-22 0.
1503887956 1 5567.78955078 0. 4.87502723734e-22 0.
1503888016 1 5561.12207031 0. 4.87386856505e-22 0.
1503888076 1 5556.57470703 0. 4.87423953545e-22 0.
1503888136 1 5550.85791016 0. 4.87371955725e-22 0.
1503888196 1 5544.41650391 0. 4.87263856967e-22 0.
1503888256 1 5538.95703125 0. 4.87222754243e-22 0.
1503888318 1 5533.8203125 0. 4.8724052653e-22 0.
1503888380 1 5528.765625 0. 4.87253273199e-22 0.
1503888440 1 5523.09130859 0. 4.87206406735e-22 0.
1503888500 1 5517.2890625 0. 4.87164853348e-22 0.
1503888561 1 5510.86962891 0. 4.87057437491e-22 0.
1503888621 1 5505.53417969 0. 4.87014483054e-22 0.
1503888681 1 5499.29394531 0. 4.86893494521e-22 0.
1503888741 1 5494.15234375 0. 4.86905934925e-22 0.
1503888801 1 5487.96289062 0. 4.86809681165e-22 0.
1503888861 1 5482.52929688 0. 4.86775722307e-22 0.
1503888921 1 5475.89941406 0. 4.86637418533e-22 0.
1503888981 1 5470.94335938 0. 4.86632951062e-22 0.
1503889041 1 5465.60644531 0. 4.86622479222e-22 0.
1503889102 1 5458.92724609 0. 4.86462410697e-22 0.
1503889162 1 5452.91894531 0. 4.86366714494e-22 0.
1503889222 1 5446.65917969 0. 4.86238450075e-22 0.
1503889282 1 5442.48681641 0. 4.86319093308e-22 0.
1503889342 1 5437.58935547 0. 4.86328298375e-22 0.
1503889402 1 5431.22558594 0. 4.86199501829e-22 0.
1503889462 1 5425.95263672 0. 4.8617931645e-22 0.
1503889522 1 5420.27001953 0. 4.86089670366e-22 0.
1503889582 1 5414.62890625 0. 4.86012449469e-22 0.
1503889619 1 5410.77783203 0. 4.85920279461e-22 0.
1503889656 1 5407.45849609 0. 4.85898910768e-22 0.
1503889716 1 5403.87646484 0. 4.86031188802e-22 0.
1503889777 1 5397.38867188 0. 4.85880481603e-22 0.
1503889837 1 5391.64208984 0. 4.85799914068e-22 0.
1503889897 1 5385.47021484 0. 4.85661688065e-22 0.
1503889957 1 5379.83300781 0. 4.85629263788e-22 0.
1503890017 1 5374.36376953 0. 4.85550979936e-22 0.
1503890077 1 5366.89306641 0. 4.85326144072e-22 0.
1503890137 1 5362.90966797 0. 4.85393219093e-22 0.
1503890197 1 5358.41455078 0. 4.85416690735e-22 0.
1503890257 1 5353.62109375 0. 4.85423033915e-22 0.
1503890318 1 5346.05566406 0. 4.85152619743e-22 0.
1503890379 1 5342.27685547 0. 4.85273724651e-22 0.
1503890440 1 5335.38818359 0. 4.8507151054e-22 0.
1503890500 1 5329.82861328 0. 4.84969644989e-22 0.
1503890560 1 5324.63964844 0. 4.84929038213e-22 0.
1503890621 1 5319.55908203 0. 4.84889333186e-22 0.
1503890681 1 5313.89453125 0. 4.84809776479e-22 0.
1503890741 1 5308.171875 0. 4.84681677599e-22 0.
1503890801 1 5302.49853516 0. 4.84587608717e-22 0.
1503890861 1 5297.921875 0. 4.8460470449e-22 0.
1503890908 1 5292.58789062 0. 4.84445059555e-22 0.
1503890954 1 5288.28808594 0. 4.84397234341e-22 0.
1503890989 1 5285.89794922 0. 4.84403044812e-22 0.
1503891025 1 5281.87060547 0. 4.84305462313e-22 0.
1503891085 1 5277.38964844 0. 4.84336053965e-22 0.
1503891145 1 5271.58203125 0. 4.84224386629e-22 0.
1503891205 1 5265.22021484 0. 4.84074949858e-22 0.
1503891265 1 5259.2421875 0. 4.83959406003e-22 0.
1503891325 1 5254.21923828 0. 4.8390226053e-22 0.
1503891385 1 5249.015625 0. 4.83828421899e-22 0.
1503891445 1 5241.96728516 0. 4.83619085299e-22 0.
1503891505 1 5237.25439453 0. 4.83583320988e-22 0.
1503891566 1 5229.82128906 0. 4.83330185732e-22 0.
1503891626 1 5225.90039062 0. 4.83375737812e-22 0.
1503891686 1 5219.71289062 0. 4.83237790554e-22 0.
1503891746 1 5214.80126953 0. 4.83193742617e-22 0.
1503891806 1 5209.57373047 0. 4.83114895545e-22 0.
1503891866 1 5205.30029297 0. 4.83149017188e-22 0.
1503891926 1 5199.17724609 0. 4.82995302272e-22 0.
1503891986 1 5194.84765625 0. 4.83002832759e-22 0.
1503892046 1 5189.49023438 0. 4.82928681696e-22 0.
1503892107 1 5185.36816406 0. 4.82976612296e-22 0.
1503892167 1 5179.44677734 0. 4.82858832187e-22 0.
1503892227 1 5174.29003906 0. 4.82789174352e-22 0.
1503892287 1 5169.52832031 0. 4.82760860595e-22 0.
1503892347 1 5163.62744141 0. 4.82629187071e-22 0.
1503892407 1 5157.17529297 0. 4.82446838409e-22 0.
1503892467 1 5151.49414062 0. 4.82342654329e-22 0.
1503892527 1 5147.52001953 0. 4.82363161532e-22 0.
1503892587 1 5142.90283203 0. 4.82350840942e-22 0.
1503892648 1 5139.41210938 0. 4.82453054584e-22 0.
1503892708 1 5132.69335938 0. 4.82243701909e-22 0.
1503892768 1 5127.27294922 0. 4.82148807756e-22 0.
1503892828 1 5122.56201172 0. 4.82119653006e-22 0.
1503892888 1 5117.21191406 0. 4.82025823397e-22 0.
1503892948 1 5111.76171875 0. 4.81941287426e-22 0.
1503893008 1 5107.02783203 0. 4.81903245945e-22 0.
1503893068 1 5101.25146484 0. 4.81763908874e-22 0.
1503893129 1 5095.89160156 0. 4.8166968509e-22 0.
1503893189 1 5090.23828125 0. 4.81533169504e-22 0.
1503893249 1 5088.09570312 0. 4.81746482406e-22 0.
1503893309 1 5082.53515625 0. 4.81621239218e-22 0.
1503893369 1 5076.04150391 0. 4.8141614969e-22 0.
1503893429 1 5071.37890625 0. 4.81371321548e-22 0.
1503893489 1 5066.27099609 0. 4.81282885667e-22 0.
1503893549 1 5060.47070312 0. 4.81129338226e-22 0.
1503893609 1 5054.43896484 0. 4.80960492617e-22 0.
1503893670 1 5051.44775391 0. 4.81092544701e-22 0.
1503893730 1 5045.90478516 0. 4.80969264017e-22 0.
1503893790 1 5040.71923828 0. 4.80883061158e-22 0.
1503893850 1 5035.89599609 0. 4.80812393376e-22 0.
1503893910 1 5031.44873047 0. 4.80798898959e-22 0.
1503893970 1 5025.10205078 0. 4.80591515846e-22 0.
1503894030 1 5021.21386719 0. 4.80633060789e-22 0.
1503894090 1 5015.88232422 0. 4.80519170603e-22 0.
1503894150 1 5011.42529297 0. 4.80481947859e-22 0.
1503894210 1 5005.43164062 0. 4.80303848627e-22 0.
1503894271 1 5000.92138672 0. 4.80296904719e-22 0.
1503894331 1 4997.88085938 0. 4.80407311433e-22 0.
1503894391 1 4990.53808594 0. 4.80119938853e-22 0.
1503894451 1 4988.09277344 0. 4.80283142409e-22 0.
1503894511 1 4982.05126953 0. 4.80099665357e-22 0.
1503894571 1 4977.52001953 0. 4.80059430892e-22 0.
1503894631 1 4970.80859375 0. 4.79799256974e-22 0.
1503894691 1 4965.98291016 0. 4.79737226098e-22 0.
1503894751 1 4961.28662109 0. 4.79696143835e-22 0.
1503894788 1 4954.92724609 0. 4.79294246224e-22 0.
1503894824 1 4956.25830078 0. 4.7969017511e-22 0.
1503894885 1 4953.14990234 0. 4.79819271582e-22 0.
1503894945 1 4947.41796875 0. 4.79663614783e-22 0.
1503895005 1 4944.23974609 0. 4.79772084642e-22 0.
1503895065 1 4939.65380859 0. 4.79718654265e-22 0.
1503895125 1 4935.63232422 0. 4.79723072163e-22 0.
1503895185 1 4928.43652344 0. 4.79425947522e-22 0.
1503895245 1 4926.85693359 0. 4.79686251571e-22 0.
1503895306 1 4922.33544922 0. 4.79640429907e-22 0.
1503895366 1 4919.90820312 0. 4.79799984132e-22 0.
1503895426 1 4915.76074219 0. 4.79814820158e-22 0.
1503895486 1 4910.06738281 0. 4.79645293458e-22 0.
1503895546 1 4906.68408203 0. 4.79749551063e-22 0.
1503895606 1 4903.32373047 0. 4.798209328e-22 0.
1503895666 1 4897.57714844 0. 4.79666488297e-22 0.
1503895726 1 4893.57324219 0. 4.79677216858e-22 0.
1503895786 1 4888.87988281 0. 4.79624586446e-22 0.
1503895847 1 4884.61621094 0. 4.79597705493e-22 0.
1503895907 1 4878.75048828 0. 4.79420420191e-22 0.
1503895967 1 4875.10058594 0. 4.79438891551e-22 0.
1503896027 1 4870.10107422 0. 4.79345331992e-22 0.
1503896087 1 4865.4609375 0. 4.79309623297e-22 0.
1503896147 1 4862.33496094 0. 4.79388134249e-22 0.
1503896207 1 4856.53027344 0. 4.79211014172e-22 0.
1503896267 1 4851.46142578 0. 4.79113631525e-22 0.
1503896327 1 4846.97753906 0. 4.79078132063e-22 0.
1503896388 1 4843.56445312 0. 4.79139165404e-22 0.
1503896448 1 4838.60986328 0. 4.79038616739e-22 0.
1503896508 1 4833.48632812 0. 4.78935168325e-22 0.
1503896568 1 4827.9609375 0. 4.78764410993e-22 0.
1503896628 1 4823.48925781 0. 4.78691177748e-22 0.
1503896688 1 4819.33007812 0. 4.78658789453e-22 0.
1503896748 1 4814.87451172 0. 4.78614728618e-22 0.
1503896808 1 4809.39794922 0. 4.78452776039e-22 0.
1503896868 1 4804.54931641 0. 4.78362715921e-22 0.
1503896929 1 4799.95556641 0. 4.78310218807e-22 0.
1503896989 1 4796.04882812 0. 4.78323864666e-22 0.
1503897049 1 4696.14208984 0. 4.6875432068e-22 0.
1503897109 1 4588.42138672 0. 4.58353418085e-22 0.
1503897169 1 4774.70898438 0. 4.77343235877e-22 0.
1503897229 1 4778.76904297 0. 4.78161117543e-22 0.
1503897289 1 4774.44433594 0. 4.78116049715e-22 0.
1503897349 1 4767.60253906 0. 4.77814791855e-22 0.
1503897409 1 4765.17138672 0. 4.77980029463e-22 0.
1503897470 1 4761.09179688 0. 4.77959839837e-22 0.
1503897530 1 4756.78222656 0. 4.77922891686e-22 0.
1503897590 1 4751.82080078 0. 4.77965670461e-22 0.
1503897650 1 4746.59423828 0. 4.77902757632e-22 0.
1503897710 1 4742.35644531 0. 4.77874262822e-22 0.
1503897770 1 4736.66015625 0. 4.77715300592e-22 0.
1503897830 1 4733.46728516 0. 4.77777103536e-22 0.
1503897891 1 4730.30908203 0. 4.77856702075e-22 0.
1503897951 1 4717.89013672 0. 4.76962506734e-22 0.
1503898011 1 4713.09619141 0. 4.76859915882e-22 0.
1503898071 1 4707.01660156 0. 4.7662863897e-22 0.
1503898131 1 4702.94921875 0. 4.76632091427e-22 0.
1503898191 1 4696.76660156 0. 4.76376258505e-22 0.
1503898251 1 4692.24072266 0. 4.76321132075e-22 0.
1503898311 1 4687.28369141 0. 4.76204378791e-22 0.
1503898371 1 4684.37548828 0. 4.76298509338e-22 0.
1503898432 1 4679.07861328 0. 4.76141435126e-22 0.
1503898492 1 4674.19921875 0. 4.76035241458e-22 0.
1503898552 1 4669.62402344 0. 4.75947277708e-22 0.
1503898612 1 4666.33447266 0. 4.7598849823e-22 0.
1503898672 1 4661.91748047 0. 4.75910395047e-22 0.
1503898732 1 4659.70800781 0. 4.76079568801e-22 0.
1503898792 1 4655.41259766 0. 4.76018780207e-22 0.
1503898852 1 4651.48046875 0. 4.76009566723e-22 0.
1503898913 1 4647.66015625 0. 4.76003578176e-22 0.
1503898973 1 4644.02001953 0. 4.76006177231e-22 0.
1503899033 1 4638.72216797 0. 4.75855886432e-22 0.
1503899093 1 4634.23193359 0. 4.75781224479e-22 0.
1503899153 1 4630.42822266 0. 4.7577512617e-22 0.
1503899214 1 4626.19335938 0. 4.75713249028e-22 0.
1503899274 1 4623.01708984 0. 4.75780560367e-22 0.
1503899334 1 4618.69335938 0. 4.75747252738e-22 0.
1503899394 1 4614.37011719 0. 4.75680557023e-22 0.
1503899454 1 4608.98681641 0. 4.75510760477e-22 0.
1503899514 1 4604.22412109 0. 4.75418056304e-22 0.
1503899574 1 4600.32666016 0. 4.75393931032e-22 0.
1503899634 1 4598.26269531 0. 4.75581316201e-22 0.
1503899694 1 4594.12695312 0. 4.75524822176e-22 0.
1503899755 1 4588.75585938 0. 4.75367935482e-22 0.
1503899815 1 4583.63330078 0. 4.75221399878e-22 0.
1503899875 1 4579.55175781 0. 4.75161075172e-22 0.
1503899935 1 4576.48583984 0. 4.75225054112e-22 0.
1503899995 1 4573.33398438 0. 4.75269561431e-22 0.
1503900055 1 4568.36425781 0. 4.75138069574e-22 0.
1503900115 1 4563.21142578 0. 4.74987354205e-22 0.
1503900175 1 4558.26806641 0. 4.74868436155e-22 0.
1503900236 1 4556.52978516 0. 4.7507550291e-22 0.
1503900296 1 4551.4921875 0. 4.74935110477e-22 0.
1503900356 1 4548.00488281 0. 4.74947969381e-22 0.
1503900416 1 4544.25634766 0. 4.74938553577e-22 0.
1503900476 1 4539.51074219 0. 4.74833907769e-22 0.
1503900536 1 4535.21484375 0. 4.74779052172e-22 0.
1503900596 1 4531.76171875 0. 4.74768695418e-22 0.
1503900656 1 4526.80517578 0. 4.74626436319e-22 0.
1503900716 1 4522.41015625 0. 4.74562730934e-22 0.
1503900777 1 4518.47802734 0. 4.74522699715e-22 0.
1503900837 1 4516.02880859 0. 4.74659331492e-22 0.
1503900897 1 4510.92773438 0. 4.74496652247e-22 0.
1503900957 1 4505.99902344 0. 4.743640922e-22 0.
1503901017 1 4499.56933594 0. 4.74052046088e-22 0.
1503901077 1 4495.20996094 0. 4.73984615717e-22 0.
1503901137 1 4494.30908203 0. 4.74230223461e-22 0.
1503901197 1 4488.73144531 0. 4.74014947989e-22 0.
1503901257 1 4482.12646484 0. 4.73700551269e-22 0.
1503901317 1 4479.85058594 0. 4.7383123873e-22 0.
1503901378 1 4475.5078125 0. 4.73743723289e-22 0.
1503901438 1 4472.24755859 0. 4.7378170224e-22 0.
1503901498 1 4465.75537109 0. 4.73466683874e-22 0.
1503901558 1 4461.25341797 0. 4.73380216234e-22 0.
1503901618 1 4458.79541016 0. 4.73477505886e-22 0.
1503901678 1 4454.85791016 0. 4.73432007408e-22 0.
1503901738 1 4451.69335938 0. 4.73458483874e-22 0.
1503901798 1 4447.13574219 0. 4.73355300641e-22 0.
1503901858 1 4442.35742188 0. 4.73232288921e-22 0.
1503901919 1 4436.45458984 0. 4.72963228595e-22 0.
1503901979 1 4432.29541016 0. 4.7289380959e-22 0.
1503902039 1 4428.39794922 0. 4.72852162051e-22 0.
1503902099 1 4423.67871094 0. 4.72710785307e-22 0.
1503902159 1 4418.69140625 0. 4.72567400695e-22 0.
1503902219 1 4413.89257812 0. 4.72426686559e-22 0.
1503902279 1 4408.52490234 0. 4.72215332076e-22 0.
1503902339 1 4403.27294922 0. 4.7201493333e-22 0.
1503902400 1 4401.72314453 0. 4.72218754461e-22 0.
1503902460 1 4397.95751953 0. 4.72188168945e-22 0.
1503902520 1 4394.79980469 0. 4.72226803598e-22 0.
1503902580 1 4390.94482422 0. 4.72186253881e-22 0.
1503902640 1 4384.87255859 0. 4.7191024726e-22 0.
1503902700 1 4381.63916016 0. 4.71938060186e-22 0.
1503902760 1 4374.87255859 0. 4.71596427077e-22 0.
1503902820 1 4371.16845703 0. 4.71575808084e-22 0.
1503902880 1 4367.52636719 0. 4.71547455863e-22 0.
1503902941 1 4366.79101562 0. 4.71834374006e-22 0.
1503903001 1 4362.35693359 0. 4.71714733884e-22 0.
1503903061 1 4359.53173828 0. 4.71802319785e-22 0.
1503903121 1 4354.85986328 0. 4.71665836783e-22 0.
1503903181 1 4349.24414062 0. 4.71430705985e-22 0.
1503903241 1 4346.07128906 0. 4.71443111409e-22 0.
1503903301 1 4341.40673828 0. 4.71284560369e-22 0.
1503903361 1 4337.57617188 0. 4.71263179764e-22 0.
1503903421 1 4335.53173828 0. 4.71399787736e-22 0.
1503903482 1 4331.15332031 0. 4.71290386342e-22 0.
1503903542 1 4328.60107422 0. 4.71385805488e-22 0.
1503903602 1 4324.76074219 0. 4.71323750865e-22 0.
1503903662 1 4322.56396484 0. 4.71449068953e-22 0.
1503903722 1 4319.10058594 0. 4.71416774732e-22 0.
1503903782 1 4314.17724609 0. 4.71237430525e-22 0.
1503903842 1 4309.78955078 0. 4.7110833376e-22 0.
1503903902 1 4305.96337891 0. 4.71055795003e-22 0.
1503903962 1 4301.91699219 0. 4.70994306077e-22 0.
1503904023 1 4298.13525391 0. 4.70947111287e-22 0.
1503904083 1 4294.13427734 0. 4.70885186656e-22 0.
1503904143 1 4291.87792969 0. 4.71007837024e-22 0.
1503904203 1 4290.08349609 0. 4.71167868813e-22 0.
1503904263 1 4285.03125 0. 4.70975643625e-22 0.
1503904323 1 4281.61669922 0. 4.7097274229e-22 0.
1503904383 1 4278.28759766 0. 4.70958922379e-22 0.
1503904443 1 4273.17871094 0. 4.7077318477e-22 0.
1503904503 1 4270.37841797 0. 4.70827620435e-22 0.
1503904564 1 4267.68505859 0. 4.70883509846e-22 0.
1503904624 1 4262.54101562 0. 4.70683874615e-22 0.
1503904684 1 4259.69775391 0. 4.70723663016e-22 0.
1503904744 1 4254.11328125 0. 4.70458389777e-22 0.
1503904804 1 4251.16113281 0. 4.70519363233e-22 0.
1503904864 1 4248.47021484 0. 4.70578996672e-22 0.
1503904924 1 4244.36181641 0. 4.70478831841e-22 0.
1503904984 1 4241.90771484 0. 4.70577773138e-22 0.
1503905044 1 4237.90234375 0. 4.70512388476e-22 0.
1503905105 1 4234.25048828 0. 4.70466363334e-22 0.
1503905165 1 4231.953125 0. 4.70575867283e-22 0.
1503905225 1 4228.04248047 0. 4.70512856455e-22 0.
1503905285 1 4223.95751953 0. 4.70416414338e-22 0.
1503905345 1 4219.74951172 0. 4.70298251431e-22 0.
1503905405 1 4216.86816406 0. 4.70345685997e-22 0.
1503905465 1 4211.07568359 0. 4.70042709028e-22 0.
1503905525 1 4204.62597656 0. 4.69676098395e-22 0.
1503905585 1 4200.24902344 0. 4.69530528968e-22 0.
1503905646 1 4197.89453125 0. 4.69632679295e-22 0.
1503905706 1 4197.13427734 0. 4.69915010455e-22 0.
1503905766 1 4192.1484375 0. 4.69693985564e-22 0.
1503905826 1 4186.60302734 0. 4.69452522498e-22 0.
1503905886 1 4182.74853516 0. 4.6937327903e-22 0.
1503905946 1 4179.97265625 0. 4.69401096281e-22 0.
1503906006 1 4174.80029297 0. 4.69180913817e-22 0.
1503906066 1 4170.70605469 0. 4.6909526698e-22 0.
1503906126 1 4167.64257812 0. 4.69083891028e-22 0.
1503906187 1 4165.75878906 0. 4.69245678717e-22 0.
1503906247 1 4162.66064453 0. 4.69245396226e-22 0.
1503906307 1 4158.53662109 0. 4.69135853329e-22 0.
1503906367 1 4154.63964844 0. 4.69049392463e-22 0.
1503906427 1 4156.95263672 0. 4.69652007181e-22 0.
1503906487 1 4152.03125 0. 4.69354337949e-22 0.
1503906547 1 4158.11279297 0. 4.70362884171e-22 0.
1503906607 1 4151.86669922 0. 4.69953935413e-22 0.
1503906668 1 4147.88623047 0. 4.6978264554e-22 0.
1503906709 1 3832.26708984 0. 4.34416062382e-22 0.
1503906751 1 0.0932523161173 0. 6.09274588464e-23 0.
