1503915762 1 9051.85644531 0. 5.02505190206e-22 0.
1503915802 1 9000.59082031 0. 5.00062068449e-22 0.
1503915862 1 8978.09765625 0. 4.99406627133e-22 0.
1503915900 1 8979.58691406 0. 4.99787904571e-22 0.
1503915926 1 8964.25 0. 4.9927821051e-22 0.
1503915953 1 8979.73242188 0. 5.00439775917e-22 0.
1503915992 1 8945.91113281 0. 4.98936707127e-22 0.
1503916052 1 8907.6796875 0. 4.97509513234e-22 0.
1503916113 1 8880.14648438 0. 4.96656413002e-22 0.
1503916173 1 8838.30371094 0. 4.95013243443e-22 0.
1503916233 1 8832.55859375 0. 4.95387057999e-22 0.
1503916293 1 8812.19726562 0. 4.94918925144e-22 0.
1503916353 1 8787.66503906 0. 4.94220383479e-22 0.
1503916413 1 8764.22070312 0. 4.93570550607e-22 0.
1503916473 1 8732.609375 0. 4.92418451619e-22 0.
1503916533 1 8717.18261719 0. 4.92144625949e-22 0.
1503916593 1 8708.46289062 0. 4.9223927062e-22 0.
1503916654 1 8679.39746094 0. 4.91212019988e-22 0.
1503916714 1 8657.38769531 0. 4.90565700086e-22 0.
1503916774 1 8631.17675781 0. 4.89679765541e-22 0.
1503916834 1 8622.328125 0. 4.89801833955e-22 0.
1503916894 1 8604.546875 0. 4.89390954465e-22 0.
1503916954 1 8578.78417969 0. 4.88519271115e-22 0.
1503917014 1 8556.98730469 0. 4.87852903477e-22 0.
1503917062 1 8544.73144531 0. 4.8762805166e-22 0.
1503917110 1 8521.49902344 0. 4.86758149596e-22 0.
1503917170 1 8519.54785156 0. 4.87238026643e-22 0.
1503917230 1 8486.72460938 0. 4.85927319258e-22 0.
1503917265 1 8479.90722656 0. 4.85859144788e-22 0.
1503917301 1 8467.47460938 0. 4.85483574683e-22 0.
1503917361 1 8453.2109375 0. 4.85219033847e-22 0.
1503917421 1 8430.64550781 0. 4.84507074613e-22 0.
1503917481 1 8401.73828125 0. 4.83429911982e-22 0.
1503917541 1 8392.29492188 0. 4.83524572639e-22 0.
1503917601 1 8363.67773438 0. 4.82527517293e-22 0.
1503917661 1 8349.24316406 0. 4.82395918421e-22 0.
1503917722 1 8331.859375 0. 4.82020219475e-22 0.
1503917782 1 8306.11328125 0. 4.8110152523e-22 0.
1503917842 1 8288.07226562 0. 4.80619811837e-22 0.
1503917898 1 8276.45703125 0. 4.80441413677e-22 0.
1503917930 1 8269.31835938 0. 4.80334636967e-22 0.
1503917947 1 8264.4765625 0. 4.80231460026e-22 0.
1503917987 1 8244.14941406 0. 4.79423330875e-22 0.
1503918047 1 8229.94042969 0. 4.79167751106e-22 0.
1503918108 1 8211.40234375 0. 4.78642132601e-22 0.
1503918168 1 8204.08398438 0. 4.78801851846e-22 0.
1503918228 1 8176.86230469 0. 4.77738770952e-22 0.
1503918288 1 8165.83496094 0. 4.7763655401e-22 0.
1503918348 1 7921.03027344 0. 4.63827833231e-22 0.
1503918408 1 7888.54443359 0. 4.62646839401e-22 0.
1503918468 1 8246.78125 0. 4.84045572516e-22 0.
1503918528 1 8439.76464844 0. 4.95978373627e-22 0.
1503918588 1 8426.62304688 0. 4.95793243966e-22 0.
1503918649 1 8412.58203125 0. 4.95547432619e-22 0.
1503918709 1 8394.23925781 0. 4.95028017547e-22 0.
1503918769 1 8381.078125 0. 4.94801183544e-22 0.
1503918829 1 8368.44335938 0. 4.94606937288e-22 0.
1503918889 1 8355.03320312 0. 4.94358322059e-22 0.
1503918949 1 8344.4609375 0. 4.94291382081e-22 0.
1503919009 1 8332.95996094 0. 4.94166935624e-22 0.
1503919069 1 8320.91699219 0. 4.94023611307e-22 0.
1503919129 1 8302.2109375 0. 4.93488884361e-22 0.
1503919190 1 8285.42773438 0. 4.93110089603e-22 0.
1503919250 1 8273.69921875 0. 4.93074029168e-22 0.
1503919310 1 8259.46875 0. 4.92901021741e-22 0.
1503919370 1 8249.39941406 0. 4.92933827021e-22 0.
1503919430 1 8239.39257812 0. 4.92928358297e-22 0.
1503919466 1 8231.92675781 0. 4.92811111706e-22 0.
1503919502 1 8224.00976562 0. 4.92668019506e-22 0.
1503919562 1 8213.51757812 0. 4.92573595896e-22 0.
1503919622 1 8201.96777344 0. 4.92450215149e-22 0.
1503919677 1 7353.15234375 0. 4.42786286163e-22 0.
1503919723 1 0.116932787001 0. 4.74689249967e-23 0.
1503919759 1 0.101490333676 0. 0.0 0.
1503919804 1 0.094895131886 0. 0.0 0.
1503919865 1 0.0890224426985 0. 0.0 0.
1503922447 1 0.0 0. 0.0 0.
