1504064451 1 9015.51660156 0. 4.89753533671e-22 0.
1504064469 1 9014.25488281 0. 4.89930496677e-22 0.
1504064506 1 9023.21582031 0. 4.90879757484e-22 0.
1504064566 1 8973.984375 0. 4.89003258816e-22 0.
1504064616 1 8988.1953125 0. 4.9041568099e-22 0.
1504064654 1 8948.7421875 0. 4.88835131592e-22 0.
1504064702 1 8951.49804688 0. 4.89697155539e-22 0.
1504064763 1 8900.26171875 0. 4.87792163045e-22 0.
1504064823 1 8878.86132812 0. 4.87525960199e-22 0.
1504064883 1 8857.140625 0. 4.87221453315e-22 0.
1504064943 1 8835.89160156 0. 4.8694175427e-22 0.
1504065003 1 8818.03613281 0. 4.86843495625e-22 0.
1504065063 1 8795.12792969 0. 4.86431716034e-22 0.
1504065123 1 8767.1015625 0. 4.85540851297e-22 0.
1504065183 1 8738.65332031 0. 4.84816983344e-22 0.
1504065243 1 8717.82226562 0. 4.84487030294e-22 0.
1504065304 1 8694.78710938 0. 4.84036595213e-22 0.
1504065364 1 8682.57421875 0. 4.84179558303e-22 0.
1504065424 1 8657.69335938 0. 4.8358399294e-22 0.
1504065484 1 8630.80371094 0. 4.82855133676e-22 0.
1504065544 1 8613.44140625 0. 4.8264958708e-22 0.
1504065604 1 8591.51269531 0. 4.82189327531e-22 0.
1504065664 1 7731.29492188 0. 4.35792519512e-22 0.
1504065712 1 0.117759026587 0. 2.60803954701e-23 0.
1504065745 1 0.100322209299 0. 0.0 0.
1504065791 1 0.0930813848972 0. 0.0 0.
