1504226225 1 7389.37890625 0. 5.14775456509e-22 0.
1504226260 1 7376.36914062 0. 5.14318802082e-22 0.
1504226320 1 7376.95751953 0. 5.15039359381e-22 0.
1504226380 1 7344.86474609 0. 5.13462083738e-22 0.
1504226439 1 7356.27636719 0. 5.14880864116e-22 0.
1504226478 1 7325.2578125 0. 5.13136092832e-22 0.
1504226515 1 7328.02978516 0. 5.13763240998e-22 0.
1504226560 1 7297.00439453 0. 5.1207320855e-22 0.
1504226611 1 7069.37792969 0. 4.9673528419e-22 0.
1504226654 1 7134.65136719 0. 5.01953624251e-22 0.
1504226697 1 6931.84033203 0. 4.88102831894e-22 0.
1504226757 1 7318.20166016 0. 5.16248901023e-22 0.
1504226817 1 7301.63818359 0. 5.15792600296e-22 0.
1504226878 1 7292.08349609 0. 5.15819533189e-22 0.
1504226938 1 7280.52978516 0. 5.15755175422e-22 0.
1504226998 1 7267.30224609 0. 5.15531283163e-22 0.
1504227058 1 7252.73193359 0. 5.15162809341e-22 0.
1504227118 1 7241.70410156 0. 5.15116069378e-22 0.
1504227178 1 7226.93798828 0. 5.14727503496e-22 0.
1504227238 1 7206.34130859 0. 5.13905967328e-22 0.
1504227298 1 7186.90087891 0. 5.1318518567e-22 0.
1504227358 1 7171.33251953 0. 5.12737648917e-22 0.
1504227419 1 7157.21728516 0. 5.12342443246e-22 0.
1504227479 1 7139.01953125 0. 5.1166750798e-22 0.
1504227539 1 7123.69628906 0. 5.11211012967e-22 0.
1504227599 1 7108.52001953 0. 5.10808320858e-22 0.
1504227659 1 7092.66357422 0. 5.10354740567e-22 0.
1504227719 1 7076.78857422 0. 5.09876997261e-22 0.
1504227755 1 7067.60742188 0. 5.09580726457e-22 0.
1504227790 1 7056.42822266 0. 5.09198742447e-22 0.
1504227850 1 7049.45214844 0. 5.09318636923e-22 0.
1504227910 1 7029.70263672 0. 5.08492685164e-22 0.
1504227969 1 7016.95361328 0. 5.08197685826e-22 0.
1504228030 1 7001.21630859 0. 5.07682126534e-22 0.
1504228079 1 6986.64746094 0. 5.0713954198e-22 0.
1504228121 1 6973.47509766 0. 5.06618507847e-22 0.
1504228172 1 6964.80517578 0. 5.06495693463e-22 0.
1504228233 1 6953.70458984 0. 5.0632508396e-22 0.
1504228293 1 6940.74072266 0. 5.06035761583e-22 0.
1504228328 1 6936.19726562 0. 5.06053901572e-22 0.
1504228363 1 6926.34716797 0. 5.05728423376e-22 0.
1504228398 1 6917.35449219 0. 5.05401608164e-22 0.
1504228433 1 6904.58300781 0. 5.04835905259e-22 0.
1504228494 1 6890.44189453 0. 5.04395886303e-22 0.
1504228554 1 6875.96386719 0. 5.03982242453e-22 0.
1504228614 1 6871.36962891 0. 5.04235033915e-22 0.
1504228674 1 6852.47509766 0. 5.03450100211e-22 0.
1504228734 1 6840.03417969 0. 5.03117214107e-22 0.
1504228776 1 5198.64013672 0. 3.84395969565e-22 0.
1504228811 1 0.0807148888707 0. 3.1298373627e-23 0.
1504228863 1 0.0699071958661 0. 0.0 0.
1504228924 1 0.0652541145682 0. 0.0 0.
