1504236780 1 7192.98535156 0. 5.05513938263e-22 0.
1504236840 1 7184.29541016 0. 5.05711459993e-22 0.
1504236900 1 7153.76025391 0. 5.04452469723e-22 0.
1504236960 1 7152.28759766 0. 5.05236624139e-22 0.
1504236995 1 7122.36572266 0. 5.0375242133e-22 0.
1504237010 1 7129.88037109 0. 5.0457256371e-22 0.
1504237025 1 7135.82519531 0. 5.05249012134e-22 0.
1504237041 1 7131.43359375 0. 5.0517443477e-22 0.
1504237081 1 6964.08691406 0. 4.94018562909e-22 0.
1504237141 1 6675.87841797 0. 4.74637144644e-22 0.
1504237201 1 7050.09863281 0. 5.02330675073e-22 0.
1504237262 1 7115.16113281 0. 5.08071818683e-22 0.
1504237322 1 7098.57373047 0. 5.07925673506e-22 0.
1504237382 1 7082.31347656 0. 5.07783379265e-22 0.
1504237442 1 7067.32275391 0. 5.07713855897e-22 0.
1504237502 1 7052.84472656 0. 5.07659100006e-22 0.
1504237562 1 7036.16992188 0. 5.07424451157e-22 0.
1504237622 1 7023.57958984 0. 5.07487003753e-22 0.
1504237682 1 7007.53125 0. 5.07280717743e-22 0.
1504237738 1 6994.93652344 0. 5.07208772009e-22 0.
1504237783 1 6989.4375 0. 5.07407388798e-22 0.
1504237832 1 6980.00244141 0. 5.07306233872e-22 0.
1504237892 1 6968.27685547 0. 5.07143165747e-22 0.
1504237953 1 6954.33642578 0. 5.06781681569e-22 0.
1504238013 1 6942.99414062 0. 5.06641881879e-22 0.
1504238073 1 6931.15332031 0. 5.06428351561e-22 0.
1504238133 1 6919.86132812 0. 5.0623471035e-22 0.
1504238193 1 6910.60058594 0. 5.06201483562e-22 0.
1504238253 1 6901.64208984 0. 5.06215919046e-22 0.
1504238313 1 6890.54882812 0. 5.06044916532e-22 0.
1504238373 1 6879.91845703 0. 5.05891647946e-22 0.
1504238434 1 6867.62402344 0. 5.05574214759e-22 0.
1504238494 1 6854.51318359 0. 5.05234902692e-22 0.
1504238554 1 6839.88867188 0. 5.04610529935e-22 0.
1504238614 1 6826.91894531 0. 5.04246091708e-22 0.
1504238674 1 6813.02148438 0. 5.03825403854e-22 0.
1504238734 1 6802.421875 0. 5.03650676118e-22 0.
1504238794 1 6790.11279297 0. 5.03333057304e-22 0.
1504238854 1 6775.67285156 0. 5.02847343334e-22 0.
1504238914 1 6762.04248047 0. 5.02440982977e-22 0.
1504238975 1 6749.06689453 0. 5.02069671448e-22 0.
1504239035 1 6740.77539062 0. 5.02051542213e-22 0.
1504239095 1 6726.95166016 0. 5.01604063667e-22 0.
1504239155 1 6712.06787109 0. 5.01073147515e-22 0.
1504239215 1 6696.54980469 0. 5.00504296508e-22 0.
1504239275 1 6683.484375 0. 5.00088406836e-22 0.
1504239335 1 6671.91650391 0. 4.99804860188e-22 0.
1504239395 1 6665.07617188 0. 4.99883976266e-22 0.
1504239455 1 6653.74707031 0. 4.99597388411e-22 0.
1504239516 1 6642.75488281 0. 4.99351368661e-22 0.
1504239576 1 6625.56152344 0. 4.98628348591e-22 0.
1504239636 1 6615.75195312 0. 4.98488663452e-22 0.
1504239696 1 6602.35595703 0. 4.98046251443e-22 0.
1504239756 1 6588.63818359 0. 4.97584170278e-22 0.
1504239816 1 6577.65576172 0. 4.97333259391e-22 0.
1504239876 1 6567.77539062 0. 4.9714965554e-22 0.
1504239936 1 6563.10205078 0. 4.97583561753e-22 0.
1504239996 1 6552.29833984 0. 4.97365190583e-22 0.
1504240057 1 6537.21630859 0. 4.96778739063e-22 0.
1504240117 1 6525.8125 0. 4.9649139636e-22 0.
1504240177 1 6514.29785156 0. 4.96180750984e-22 0.
1504240237 1 6502.17285156 0. 4.9583963411e-22 0.
1504240297 1 6487.19189453 0. 4.95262564401e-22 0.
1504240332 1 6482.12695312 0. 4.95191788417e-22 0.
1504240368 1 6475.41601562 0. 4.95046383646e-22 0.
1504240428 1 6466.68261719 0. 4.94945523679e-22 0.
1504240488 1 6453.94628906 0. 4.94527312088e-22 0.
1504240548 1 6445.71289062 0. 4.9443037885e-22 0.
1504240608 1 6309.19921875 0. 4.84518740148e-22 0.
1504240668 1 6075.26318359 0. 4.67096829984e-22 0.
1504240728 1 6446.20361328 0. 4.9617142428e-22 0.
1504240788 1 6528.10302734 0. 5.03043133319e-22 0.
1504240849 1 6516.37646484 0. 5.026789299e-22 0.
1504240909 1 6507.578125 0. 5.02538273798e-22 0.
1504240969 1 6498.81591797 0. 5.02426814812e-22 0.
1504241029 1 6488.31201172 0. 5.02178475425e-22 0.
1504241089 1 6479.13623047 0. 5.020326238e-22 0.
1504241149 1 6469.52929688 0. 5.01828229474e-22 0.
1504241209 1 6460.71679688 0. 5.01707676688e-22 0.
1504241269 1 6449.96484375 0. 5.01440834369e-22 0.
1504241330 1 6441.93212891 0. 5.01365595485e-22 0.
1504241390 1 6430.37939453 0. 5.00997860646e-22 0.
1504241450 1 6422.09179688 0. 5.00876034436e-22 0.
1504241510 1 6412.46289062 0. 5.00691919299e-22 0.
1504241570 1 6402.02197266 0. 5.00445797484e-22 0.
1504241630 1 6391.54003906 0. 5.00141504684e-22 0.
1504241690 1 6385.58837891 0. 5.00241979042e-22 0.
1504241750 1 6374.65576172 0. 4.99949014672e-22 0.
1504241810 1 6364.17236328 0. 4.99659498049e-22 0.
1504241871 1 6353.85791016 0. 4.99406245852e-22 0.
1504241931 1 6344.70556641 0. 4.99236449072e-22 0.
1504241991 1 6334.20800781 0. 4.98933304085e-22 0.
1504242051 1 6326.35986328 0. 4.98869695276e-22 0.
1504242111 1 6320.75292969 0. 4.98967113988e-22 0.
1504242171 1 6308.17578125 0. 4.98527718478e-22 0.
1504242231 1 6299.30957031 0. 4.98369306582e-22 0.
1504242291 1 6287.64941406 0. 4.97998416476e-22 0.
1504242351 1 6276.17773438 0. 4.97630210041e-22 0.
1504242412 1 6272.51220703 0. 4.97888033646e-22 0.
1504242472 1 6265.7265625 0. 4.9789376599e-22 0.
1504242532 1 6256.62646484 0. 4.97721165702e-22 0.
1504242592 1 6247.99658203 0. 4.97549868765e-22 0.
1504242627 1 6242.0234375 0. 4.97377081858e-22 0.
1504242662 1 6235.70849609 0. 4.97186815747e-22 0.
1504242697 1 6230.52490234 0. 4.9706203133e-22 0.
1504242733 1 6225.69970703 0. 4.97015155153e-22 0.
1504242788 1 6217.61962891 0. 4.9689813428e-22 0.
1504242843 1 6208.47509766 0. 4.96640386428e-22 0.
1504242903 1 6200.19921875 0. 4.96500890566e-22 0.
1504242964 1 6196.60205078 0. 4.96751420741e-22 0.
1504243024 1 6185.32958984 0. 4.96371748433e-22 0.
1504243084 1 6178.50585938 0. 4.96365260345e-22 0.
1504243144 1 6167.55859375 0. 4.96038256159e-22 0.
1504243204 1 6157.86132812 0. 4.95778028806e-22 0.
1504243264 1 6149.56152344 0. 4.95621730227e-22 0.
1504243324 1 6140.85205078 0. 4.95430962111e-22 0.
1504243384 1 6133.703125 0. 4.95355132092e-22 0.
1504243444 1 6122.84570312 0. 4.94999520007e-22 0.
1504243504 1 6115.62255859 0. 4.94923832757e-22 0.
1504243565 1 6107.32617188 0. 4.94803315893e-22 0.
1504243625 1 6097.66455078 0. 4.94518869327e-22 0.
1504243685 1 6089.23632812 0. 4.94360945288e-22 0.
1504243745 1 6082.49853516 0. 4.94362692505e-22 0.
1504243805 1 6074.11328125 0. 4.9419622465e-22 0.
1504243865 1 6066.02294922 0. 4.94067820219e-22 0.
1504243925 1 6055.39794922 0. 4.9370513651e-22 0.
1504243985 1 6047.37109375 0. 4.93563681665e-22 0.
1504244045 1 6038.75341797 0. 4.93398497206e-22 0.
1504244106 1 6033.67431641 0. 4.93536211399e-22 0.
1504244166 1 6023.34277344 0. 4.93175129427e-22 0.
1504244226 1 6014.96923828 0. 4.92959018213e-22 0.
1504244286 1 6057.08300781 0. 4.96926742429e-22 0.
1504244346 1 6173.83251953 0. 5.07051026536e-22 0.
1504244406 1 6074.07128906 0. 4.99402440368e-22 0.
1504244466 1 5998.14404297 0. 4.93762579235e-22 0.
1504244526 1 5936.91552734 0. 4.89189395837e-22 0.
1504244586 1 6176.23291016 0. 5.09559524421e-22 0.
1504244647 1 6168.11328125 0. 5.09472332152e-22 0.
1504244707 1 6161.86328125 0. 5.09511155575e-22 0.
1504244767 1 6154.00683594 0. 5.09418499406e-22 0.
1504244827 1 6144.45166016 0. 5.09189246552e-22 0.
1504244887 1 6128.80761719 0. 5.08473411127e-22 0.
1504244947 1 6119.24609375 0. 5.08238911858e-22 0.
1504245007 1 6112.41601562 0. 5.08235958087e-22 0.
1504245067 1 6104.78955078 0. 5.0816543762e-22 0.
1504245127 1 6094.67871094 0. 5.07874871257e-22 0.
1504245188 1 6084.984375 0. 5.07634253171e-22 0.
1504245248 1 6078.43701172 0. 5.07654586531e-22 0.
1504245308 1 6067.10302734 0. 5.07288434341e-22 0.
1504245368 1 6059.56982422 0. 5.07195217002e-22 0.
1504245428 1 6050.65136719 0. 5.0700059773e-22 0.
1504245488 1 6041.26025391 0. 5.06749590957e-22 0.
1504245548 1 6032.70117188 0. 5.06579707495e-22 0.
1504245608 1 6024.89355469 0. 5.06462849775e-22 0.
1504245669 1 6016.52832031 0. 5.06312542749e-22 0.
1504245729 1 6008.49121094 0. 5.06218240057e-22 0.
1504245789 1 5998.89746094 0. 5.0594804485e-22 0.
1504245849 1 5989.67041016 0. 5.05741377117e-22 0.
1504245909 1 5981.7890625 0. 5.05607651804e-22 0.
1504245969 1 5974.31396484 0. 5.05541855891e-22 0.
1504246004 1 5969.89648438 0. 5.0548647492e-22 0.
1504246040 1 5959.42138672 0. 5.04889998594e-22 0.
1504246100 1 5949.14453125 0. 5.04555658862e-22 0.
1504246160 1 5945.77490234 0. 5.04847635855e-22 0.
1504246220 1 5937.10839844 0. 5.04634384445e-22 0.
1504246280 1 5927.06054688 0. 5.04324923087e-22 0.
1504246340 1 5919.39746094 0. 5.04196155428e-22 0.
1504246400 1 5911.86279297 0. 5.04098113542e-22 0.
1504246461 1 5904.1328125 0. 5.03990855454e-22 0.
1504246521 1 5897.3515625 0. 5.03945777587e-22 0.
1504246581 1 5888.60546875 0. 5.03714236962e-22 0.
1504246641 1 5882.61816406 0. 5.037441674e-22 0.
1504246701 1 5873.92724609 0. 5.03517546202e-22 0.
1504246761 1 5865.22558594 0. 5.03297852558e-22 0.
1504246821 1 5856.82519531 0. 5.03084982652e-22 0.
1504246881 1 5848.46044922 0. 5.02885209568e-22 0.
1504246941 1 5840.6328125 0. 5.02744711691e-22 0.
1504247001 1 5830.28662109 0. 5.02377528958e-22 0.
1504247062 1 5824.11767578 0. 5.02370133766e-22 0.
1504247122 1 5818.14892578 0. 5.02382766168e-22 0.
1504247182 1 5810.74365234 0. 5.0227344818e-22 0.
1504247242 1 5802.64208984 0. 5.02107927961e-22 0.
1504247302 1 5796.52001953 0. 5.02076822942e-22 0.
1504247362 1 5786.43017578 0. 5.0173369281e-22 0.
1504247422 1 5778.00634766 0. 5.01559425322e-22 0.
1504247482 1 5772.67382812 0. 5.01608818941e-22 0.
1504247542 1 5764.83935547 0. 5.01423557799e-22 0.
1504247603 1 5756.63037109 0. 5.01255481978e-22 0.
1504247663 1 5750.66796875 0. 5.01241923543e-22 0.
1504247723 1 5741.83007812 0. 5.0099257019e-22 0.
1504247783 1 5733.97167969 0. 5.00823780221e-22 0.
1504247843 1 5726.18261719 0. 5.00678987684e-22 0.
1504247903 1 5722.51513672 0. 5.0086366197e-22 0.
1504247963 1 5715.29248047 0. 5.00732218811e-22 0.
1504248023 1 5707.44287109 0. 5.00561831209e-22 0.
1504248084 1 5698.31591797 0. 5.0024373199e-22 0.
1504248144 1 5693.93554688 0. 5.00409949602e-22 0.
1504248204 1 5685.86279297 0. 5.0021245219e-22 0.
1504248264 1 5677.57421875 0. 5.00007384494e-22 0.
1504248324 1 5670.70947266 0. 4.99913105009e-22 0.
1504248384 1 5667.21923828 0. 5.00119104867e-22 0.
1504248444 1 5660.55517578 0. 5.00046996397e-22 0.
1504248504 1 5658.04882812 0. 5.00323396466e-22 0.
1504248564 1 5651.78320312 0. 5.00309141574e-22 0.
1504248625 1 5643.80175781 0. 5.00113700069e-22 0.
1504248685 1 5636.01074219 0. 4.99956370535e-22 0.
1504248745 1 5627.84472656 0. 4.99738326812e-22 0.
1504248805 1 5621.39013672 0. 4.99688893609e-22 0.
1504248865 1 5615.34423828 0. 4.9968517555e-22 0.
1504248925 1 5607.96875 0. 4.99520848551e-22 0.
1504248985 1 5601.35546875 0. 4.99455307439e-22 0.
1504249045 1 5595.609375 0. 4.99493117467e-22 0.
1504249105 1 5585.56542969 0. 4.99131262775e-22 0.
1504249166 1 5576.52880859 0. 4.98812635254e-22 0.
1504249226 1 5570.01220703 0. 4.98745952363e-22 0.
1504249286 1 5565.49902344 0. 4.98863492088e-22 0.
1504249346 1 5558.79003906 0. 4.98765297463e-22 0.
1504249406 1 5551.45898438 0. 4.98648874821e-22 0.
1504249466 1 5544.59814453 0. 4.98550753099e-22 0.
1504249526 1 5536.45751953 0. 4.9832529531e-22 0.
1504249586 1 5528.09033203 0. 4.98083460638e-22 0.
1504249646 1 5523.24414062 0. 4.98133060463e-22 0.
1504249707 1 5516.62792969 0. 4.98048143423e-22 0.
1504249767 1 5511.56640625 0. 4.98115132767e-22 0.
1504249827 1 5502.40576172 0. 4.97794021075e-22 0.
1504249887 1 5495.52880859 0. 4.97665284175e-22 0.
1504249947 1 5482.18408203 0. 4.96956069032e-22 0.
1504250007 1 5473.84033203 0. 4.96692167525e-22 0.
1504250067 1 5471.60205078 0. 4.96988141245e-22 0.
1504250104 1 5466.51513672 0. 4.96786364235e-22 0.
1504250141 1 5460.22558594 0. 4.96549255919e-22 0.
1504250201 1 5453.94628906 0. 4.9647294539e-22 0.
1504250261 1 5447.85400391 0. 4.96404873811e-22 0.
1504250321 1 5442.60302734 0. 4.96418224244e-22 0.
1504250381 1 5434.72412109 0. 4.96182819067e-22 0.
1504250442 1 5424.95166016 0. 4.95771246909e-22 0.
1504250502 1 5417.08154297 0. 4.95558456801e-22 0.
1504250562 1 5409.34521484 0. 4.95342020707e-22 0.
1504250622 1 5405.79931641 0. 4.95493252784e-22 0.
1504250682 1 5400.71826172 0. 4.95528337965e-22 0.
1504250742 1 5392.12353516 0. 4.95252912496e-22 0.
1504250802 1 5384.70117188 0. 4.95093839797e-22 0.
1504250863 1 5377.08886719 0. 4.94854294479e-22 0.
1504250923 1 5370.78857422 0. 4.94781251238e-22 0.
1504250983 1 5361.96972656 0. 4.94447601367e-22 0.
1504251043 1 5352.80273438 0. 4.94111486329e-22 0.
1504251103 1 5347.28857422 0. 4.94105083111e-22 0.
1504251163 1 5340.21923828 0. 4.93935157231e-22 0.
1504251223 1 5332.21435547 0. 4.93695080822e-22 0.
1504251283 1 5327.64990234 0. 4.93775473729e-22 0.
1504251343 1 5317.90087891 0. 4.93350001039e-22 0.
1504251404 1 5309.72607422 0. 4.9309128618e-22 0.
1504251464 1 5302.99121094 0. 4.9294306184e-22 0.
1504251524 1 5296.99316406 0. 4.92896372363e-22 0.
1504251584 1 5289.33642578 0. 4.92672567693e-22 0.
1504251644 1 5278.35107422 0. 4.92132228604e-22 0.
1504251704 1 5271.67431641 0. 4.92009015396e-22 0.
1504251764 1 5265.47070312 0. 4.91928993009e-22 0.
1504251824 1 5256.52587891 0. 4.91576996266e-22 0.
1504251884 1 5250.80761719 0. 4.91530174296e-22 0.
1504251945 1 5239.48779297 0. 4.90955695498e-22 0.
1504252005 1 5234.51367188 0. 4.90943392687e-22 0.
1504252065 1 5228.61230469 0. 4.90886978233e-22 0.
1504252125 1 5224.31689453 0. 4.90974268848e-22 0.
1504252185 1 5222.41943359 0. 4.91292379664e-22 0.
1504252245 1 5274.55517578 0. 4.96699504748e-22 0.
1504252305 1 5178.51220703 0. 4.88285408057e-22 0.
1504252365 1 5125.62548828 0. 4.83853622721e-22 0.
1504252425 1 5390.19140625 0. 5.09449025871e-22 0.
1504252486 1 5381.78564453 0. 5.09229223092e-22 0.
1504252546 1 5375.91503906 0. 5.09196259221e-22 0.
1504252606 1 5368.49267578 0. 5.09046469533e-22 0.
1504252666 1 5360.15917969 0. 5.08823995688e-22 0.
1504252726 1 5355.5390625 0. 5.08917784993e-22 0.
1504252786 1 5348.11474609 0. 5.08729878134e-22 0.
1504252846 1 5340.48535156 0. 5.08564264659e-22 0.
1504252906 1 5335.06835938 0. 5.08576583102e-22 0.
1504252966 1 5326.99511719 0. 5.08362855741e-22 0.
1504253027 1 5320.54541016 0. 5.08266180525e-22 0.
1504253087 1 5313.73291016 0. 5.08159227334e-22 0.
1504253147 1 5308.57177734 0. 5.08193734223e-22 0.
1504253207 1 5299.60693359 0. 5.07874847037e-22 0.
1504253267 1 5290.921875 0. 5.07594523742e-22 0.
1504253327 1 5285.42871094 0. 5.07570838952e-22 0.
1504253387 1 5279.17822266 0. 5.07460221154e-22 0.
1504253447 1 5272.27001953 0. 5.07294207523e-22 0.
1504253508 1 5265.39160156 0. 5.07164076858e-22 0.
1504253568 1 5257.59472656 0. 5.06926363456e-22 0.
1504253628 1 5251.66699219 0. 5.06876268829e-22 0.
1504253688 1 5245.32910156 0. 5.06780289636e-22 0.
1504253748 1 5239.08251953 0. 5.06721801815e-22 0.
1504253808 1 5232.375 0. 5.06606747107e-22 0.
1504253868 1 5226.36621094 0. 5.06533164181e-22 0.
1504253928 1 5219.80175781 0. 5.06421568892e-22 0.
1504253988 1 5211.56347656 0. 5.06133675087e-22 0.
1504254049 1 5207.09472656 0. 5.06222263231e-22 0.
1504254109 1 5200.66455078 0. 5.06098725861e-22 0.
1504254169 1 5199.09375 0. 5.06441855549e-22 0.
1504254229 1 5190.70654297 0. 5.06149924642e-22 0.
1504254289 1 5182.64404297 0. 5.05869023676e-22 0.
1504254349 1 5176.77246094 0. 5.05809867781e-22 0.
1504254409 1 5170.98876953 0. 5.0571930405e-22 0.
1504254469 1 5163.91113281 0. 5.05559938896e-22 0.
1504254529 1 5159.63818359 0. 5.05662048423e-22 0.
1504254589 1 5152.76367188 0. 5.05511034787e-22 0.
1504254650 1 5144.47753906 0. 5.05213477056e-22 0.
1504254710 1 5138.22265625 0. 5.05086735021e-22 0.
1504254770 1 5133.28125 0. 5.05119805424e-22 0.
1504254830 1 5127.03125 0. 5.05029961857e-22 0.
1504254890 1 5120.60888672 0. 5.04889336059e-22 0.
1504254950 1 5113.90429688 0. 5.04740080007e-22 0.
1504255010 1 5108.03710938 0. 5.04679361708e-22 0.
1504255070 1 5102.21337891 0. 5.04608327328e-22 0.
1504255130 1 5095.75244141 0. 5.04498711975e-22 0.
1504255191 1 5088.70654297 0. 5.0432835477e-22 0.
1504255251 1 5080.66259766 0. 5.04039148054e-22 0.
1504255311 1 5075.37890625 0. 5.04053785857e-22 0.
1504255371 1 5069.33349609 0. 5.03987665294e-22 0.
1504255431 1 5063.59570312 0. 5.03912653439e-22 0.
1504255491 1 5057.13330078 0. 5.03791233343e-22 0.
1504255551 1 5048.41357422 0. 5.03432795066e-22 0.
1504255611 1 5043.05078125 0. 5.03383396088e-22 0.
1504255671 1 5038.45654297 0. 5.0345508384e-22 0.
1504255732 1 5032.49121094 0. 5.03351868298e-22 0.
1504255792 1 5027.31640625 0. 5.03333950112e-22 0.
1504255852 1 5017.60205078 0. 5.02842487661e-22 0.
1504255912 1 5012.09472656 0. 5.02801884842e-22 0.
1504255972 1 5005.96582031 0. 5.02691619658e-22 0.
1504256032 1 4998.20947266 0. 5.02420735524e-22 0.
1504256092 1 4994.11474609 0. 5.02516369628e-22 0.
1504256152 1 4985.55517578 0. 5.02123228789e-22 0.
1504256212 1 4979.81054688 0. 5.02039934148e-22 0.
1504256273 1 4971.63134766 0. 5.01718230927e-22 0.
1504256333 1 4967.171875 0. 5.01787635856e-22 0.
1504256387 1 4961.55273438 0. 5.01658678654e-22 0.
1504256441 1 4956.54199219 0. 5.01587605135e-22 0.
1504256502 1 4946.68652344 0. 5.01081176512e-22 0.
1504256562 1 4941.93798828 0. 5.01092394674e-22 0.
1504256622 1 4935.93261719 0. 5.00979326908e-22 0.
1504256682 1 4931.63134766 0. 5.01049477027e-22 0.
1504256742 1 4923.49121094 0. 5.00729472764e-22 0.
1504256802 1 4917.75341797 0. 5.00634228146e-22 0.
1504256862 1 4911.67919922 0. 5.0051080224e-22 0.
1504256922 1 4905.80761719 0. 5.0040340011e-22 0.
1504256982 1 4902.01464844 0. 5.00517586686e-22 0.
1504257043 1 4894.6953125 0. 5.00287628207e-22 0.
1504257103 1 4886.25830078 0. 4.99897912994e-22 0.
1504257163 1 4879.39746094 0. 4.9969164251e-22 0.
1504257223 1 4874.74316406 0. 4.99697249904e-22 0.
1504257283 1 4868.88671875 0. 4.99617340268e-22 0.
1504257343 1 4863.71582031 0. 4.99559405163e-22 0.
1504257403 1 4854.42480469 0. 4.99087956415e-22 0.
1504257463 1 4850.90625 0. 4.9924505368e-22 0.
1504257523 1 4843.72119141 0. 4.9900268074e-22 0.
1504257584 1 4837.34472656 0. 4.98827219735e-22 0.
1504257644 1 4830.30566406 0. 4.98597252318e-22 0.
1504257704 1 4825.96679688 0. 4.98638930104e-22 0.
1504257764 1 4820.27636719 0. 4.98536892106e-22 0.
1504257824 1 4815.90380859 0. 4.98583712977e-22 0.
1504257884 1 4809.6171875 0. 4.98438805214e-22 0.
1504257944 1 4803.89648438 0. 4.98336320199e-22 0.
1504258004 1 4797.578125 0. 4.98166185768e-22 0.
1504258065 1 4790.7421875 0. 4.97952182073e-22 0.
1504258125 1 4784.96630859 0. 4.97827573885e-22 0.
1504258185 1 4780.43798828 0. 4.9785368999e-22 0.
1504258245 1 4776.03173828 0. 4.97894406833e-22 0.
1504258305 1 4768.8515625 0. 4.97616871103e-22 0.
1504258365 1 4763.22802734 0. 4.97518975035e-22 0.
1504258425 1 4758.68115234 0. 4.97505881871e-22 0.
1504258477 1 4754.45068359 0. 4.97496707552e-22 0.
1504258507 1 4751.06152344 0. 4.97367238427e-22 0.
1504258526 1 4750.33837891 0. 4.97429284462e-22 0.
1504258568 1 4745.91894531 0. 4.97316999155e-22 0.
1504258628 1 4741.12841797 0. 4.97308773118e-22 0.
1504258688 1 4733.49267578 0. 4.96934368947e-22 0.
1504258748 1 4729.93115234 0. 4.97032265717e-22 0.
1504258809 1 4724.24511719 0. 4.9692911956e-22 0.
1504258869 1 4718.02783203 0. 4.96743155948e-22 0.
1504258929 1 4710.38964844 0. 4.96415552124e-22 0.
1504258989 1 4704.93261719 0. 4.96332343023e-22 0.
1504259049 1 4700.54833984 0. 4.96337285648e-22 0.
1504259109 1 4695.57666016 0. 4.96269914724e-22 0.
1504259169 1 4689.30664062 0. 4.96074567726e-22 0.
1504259229 1 4684.07617188 0. 4.95987751038e-22 0.
1504259289 1 4676.93359375 0. 4.95732446885e-22 0.
1504259350 1 4668.99462891 0. 4.95384713315e-22 0.
1504259410 1 4665.34716797 0. 4.95476355781e-22 0.
1504259470 1 4661.07714844 0. 4.95504713954e-22 0.
1504259530 1 4656.65234375 0. 4.95519743573e-22 0.
1504259590 1 4648.39892578 0. 4.951012335e-22 0.
1504259650 1 4643.35253906 0. 4.95037570089e-22 0.
1504259710 1 4638.90966797 0. 4.95033664706e-22 0.
1504259770 1 4637.39453125 0. 4.95340164334e-22 0.
1504259830 1 4633.93652344 0. 4.95447683716e-22 0.
1504259891 1 4622.18359375 0. 4.94667172654e-22 0.
1504259951 1 4614.28076172 0. 4.9427562562e-22 0.
1504260011 1 4607.93408203 0. 4.94070120351e-22 0.
1504260071 1 4601.30175781 0. 4.93833106386e-22 0.
1504260131 1 4595.84960938 0. 4.93710891444e-22 0.
1504260191 1 4591.25830078 0. 4.93712850194e-22 0.
1504260251 1 4587.265625 0. 4.93734772535e-22 0.
1504260311 1 4581.51123047 0. 4.93585574418e-22 0.
1504260371 1 4572.87109375 0. 4.93133101686e-22 0.
1504260432 1 4571.79785156 0. 4.93447099004e-22 0.
1504260492 1 4566.15917969 0. 4.93333324029e-22 0.
1504260552 1 4560.24853516 0. 4.93179114738e-22 0.
1504260612 1 4556.94970703 0. 4.9329656714e-22 0.
1504260672 1 4551.32226562 0. 4.93154692201e-22 0.
1504260732 1 4546.75292969 0. 4.93135242921e-22 0.
1504260792 1 4544.38232422 0. 4.93322046703e-22 0.
1504260852 1 4540.90966797 0. 4.9339862486e-22 0.
1504260912 1 4534.08984375 0. 4.93149651011e-22 0.
1504260973 1 4527.47021484 0. 4.92859253485e-22 0.
1504261033 1 4523.14941406 0. 4.9287144196e-22 0.
1504261093 1 4520.51123047 0. 4.93051138619e-22 0.
1504261153 1 4516.03222656 0. 4.9301209489e-22 0.
1504261213 1 4513.68457031 0. 4.93203839034e-22 0.
1504261273 1 4509.93652344 0. 4.93274991894e-22 0.
1504261333 1 4503.44238281 0. 4.93011856081e-22 0.
1504261393 1 4500.88232422 0. 4.93192648838e-22 0.
1504261453 1 4494.08496094 0. 4.92918314566e-22 0.
1504261514 1 4491.04052734 0. 4.93044851575e-22 0.
1504261574 1 4488.57080078 0. 4.93225942965e-22 0.
1504261634 1 4483.25439453 0. 4.9311175576e-22 0.
1504261694 1 4475.45605469 0. 4.92713557494e-22 0.
1504261754 1 4468.71142578 0. 4.92417688768e-22 0.
1504261814 1 4468.00927734 0. 4.92783711721e-22 0.
1504261849 1 4463.96142578 0. 4.9257999955e-22 0.
1504261885 1 4460.05615234 0. 4.92453743476e-22 0.
1504261945 1 4454.49316406 0. 4.92265658988e-22 0.
1504262005 1 4449.84472656 0. 4.9219866306e-22 0.
1504262065 1 4447.38232422 0. 4.92395429077e-22 0.
1504262125 1 4444.38330078 0. 4.9250590384e-22 0.
1504262185 1 4438.96289062 0. 4.92372982441e-22 0.
1504262245 1 4431.50341797 0. 4.91996968419e-22 0.
1504262306 1 4424.55566406 0. 4.91697917833e-22 0.
1504262366 1 4421.41015625 0. 4.91820799828e-22 0.
1504262426 1 4401.59326172 0. 4.90070312402e-22 0.
1504262486 1 4408.30957031 0. 4.91280716278e-22 0.
1504262546 1 4404.46923828 0. 4.91302250368e-22 0.
1504262606 1 4404.02880859 0. 4.91702586849e-22 0.
1504262666 1 4399.31103516 0. 4.91651829853e-22 0.
1504262726 1 4395.49462891 0. 4.91674061729e-22 0.
1504262787 1 4390.55371094 0. 4.91580693562e-22 0.
1504262847 1 4382.66796875 0. 4.91148089007e-22 0.
1504262907 1 4381.0703125 0. 4.9144193919e-22 0.
1504262967 1 4375.8671875 0. 4.91307495588e-22 0.
1504263027 1 4370.70556641 0. 4.91171228772e-22 0.
1504263087 1 4367.02392578 0. 4.91213735341e-22 0.
1504263147 1 4364.90136719 0. 4.91483641765e-22 0.
1504263207 1 4359.55419922 0. 4.91335834274e-22 0.
1504263267 1 4352.78515625 0. 4.91001046342e-22 0.
1504263328 1 4347.40332031 0. 4.90857254737e-22 0.
1504263388 1 4342.93212891 0. 4.90792887632e-22 0.
1504263448 1 4339.68896484 0. 4.90882981599e-22 0.
1504263508 1 4335.30615234 0. 4.90844052369e-22 0.
1504263568 1 4331.42773438 0. 4.9084798186e-22 0.
1504263628 1 4325.51806641 0. 4.90617538092e-22 0.
1504263688 1 4320.39550781 0. 4.90494855147e-22 0.
1504263748 1 4314.45605469 0. 4.90245453779e-22 0.
1504263808 1 4308.72900391 0. 4.90031068076e-22 0.
1504263869 1 4304.94628906 0. 4.90054516315e-22 0.
1504263909 1 4301.97460938 0. 4.90022237978e-22 0.
1504263949 1 4298.22998047 0. 4.89903360046e-22 0.
1504264009 1 4293.50585938 0. 4.89792454134e-22 0.
1504264069 1 4288.78369141 0. 4.89694979055e-22 0.
1504264129 1 4283.23876953 0. 4.89524339518e-22 0.
1504264189 1 4276.46240234 0. 4.89152887614e-22 0.
1504264250 1 4272.24023438 0. 4.89112795231e-22 0.
1504264310 1 4268.56884766 0. 4.89137309552e-22 0.
1504264370 1 4261.76513672 0. 4.88793530286e-22 0.
1504264430 1 4257.56738281 0. 4.88774735194e-22 0.
1504264490 1 4256.00585938 0. 4.89024448643e-22 0.
1504264550 1 4251.5703125 0. 4.88953258233e-22 0.
1504264610 1 4247.95996094 0. 4.88980659732e-22 0.
1504264670 1 4241.02441406 0. 4.88624088611e-22 0.
1504264731 1 4233.77978516 0. 4.88225060402e-22 0.
1504264791 1 4229.30957031 0. 4.88172073934e-22 0.
1504264851 1 4224.91894531 0. 4.8811831972e-22 0.
1504264911 1 4220.84472656 0. 4.88077988179e-22 0.
1504264971 1 4218.00976562 0. 4.88198718135e-22 0.
1504265031 1 4210.50537109 0. 4.87761343873e-22 0.
1504265091 1 4207.13378906 0. 4.87817664406e-22 0.
1504265151 1 4203.85009766 0. 4.8785778721e-22 0.
1504265211 1 4200.41064453 0. 4.87907652134e-22 0.
1504265271 1 4196.68066406 0. 4.87910971612e-22 0.
1504265332 1 4192.32080078 0. 4.87865349326e-22 0.
1504265392 1 4184.90722656 0. 4.87433827824e-22 0.
1504265452 1 4181.20996094 0. 4.87466089069e-22 0.
1504265512 1 4175.32275391 0. 4.8721318755e-22 0.
1504265572 1 4170.59277344 0. 4.87087426087e-22 0.
1504265632 1 4166.09521484 0. 4.87012723631e-22 0.
1504265692 1 4161.07373047 0. 4.86847271856e-22 0.
1504265752 1 4157.1796875 0. 4.86814515971e-22 0.
1504265812 1 4154.64599609 0. 4.86965926246e-22 0.
1504265873 1 4151.72705078 0. 4.8707703965e-22 0.
1504265933 1 4145.65722656 0. 4.86818380514e-22 0.
1504265993 1 4141.09228516 0. 4.86704023506e-22 0.
1504266053 1 4137.93505859 0. 4.86769246061e-22 0.
1504266113 1 4133.27441406 0. 4.86653204788e-22 0.
1504266173 1 4126.93652344 0. 4.86359119067e-22 0.
1504266233 1 4121.87597656 0. 4.86180576289e-22 0.
1504266293 1 4115.24365234 0. 4.85837706251e-22 0.
1504266354 1 4126.16113281 0. 4.87565689542e-22 0.
1504266414 1 4214.78515625 0. 4.98496929823e-22 0.
1504266474 1 4144.30859375 0. 4.90617294083e-22 0.
1504266534 1 4065.58349609 0. 4.8180533518e-22 0.
1504266594 1 4150.19384766 0. 4.92315430948e-22 0.
1504266654 1 4229.63818359 0. 5.02152004944e-22 0.
1504266714 1 4229.55224609 0. 5.02597221288e-22 0.
1504266774 1 4228.71386719 0. 5.02887199216e-22 0.
1504266834 1 4223.29931641 0. 5.02638006642e-22 0.
1504266895 1 4211.23291016 0. 5.01652433295e-22 0.
1504266955 1 4206.39501953 0. 5.01569482233e-22 0.
1504267015 1 4200.60400391 0. 5.01362364479e-22 0.
1504267075 1 4196.59619141 0. 5.01392222791e-22 0.
1504267135 1 4192.00585938 0. 5.01333930662e-22 0.
1504267195 1 4187.00146484 0. 5.01213865142e-22 0.
1504267255 1 4181.68066406 0. 5.01042628522e-22 0.
1504267315 1 4176.34960938 0. 5.00842821602e-22 0.
1504267375 1 4172.52294922 0. 5.00902528205e-22 0.
1504267436 1 4168.28173828 0. 5.00875991163e-22 0.
1504267496 1 4163.30029297 0. 5.00734757158e-22 0.
1504267556 1 4158.10693359 0. 5.00604307216e-22 0.
1504267616 1 4154.46240234 0. 5.00631202579e-22 0.
1504267676 1 4150.39599609 0. 5.00589546678e-22 0.
1504267711 1 372.538421631 0. 3.02842369793e-22 0.
1504267731 1 0.0703822597861 0. 0.0 0.
