1504478714 1 7268.28710938 0. 5.39395273484e-22 0.
1504478774 1 7228.16455078 0. 5.37016670719e-22 0.
1504478834 1 7227.04394531 0. 5.37525401405e-22 0.
1504478879 1 7196.92822266 0. 5.35657368078e-22 0.
1504478909 1 7195.46337891 0. 5.35906576833e-22 0.
1504478955 1 7194.96533203 0. 5.36296421068e-22 0.
1504479016 1 7159.1171875 0. 5.34297844432e-22 0.
1504479066 1 7047.86767578 0. 5.2658044355e-22 0.
1504479117 1 6916.45263672 0. 5.17372743881e-22 0.
1504479164 1 6560.61132812 0. 4.91210118072e-22 0.
1504479210 1 7175.29931641 0. 5.37818998157e-22 0.
1504479247 1 7167.45800781 0. 5.37652216699e-22 0.
1504479286 1 7161.21777344 0. 5.37665706531e-22 0.
1504479347 1 7148.60986328 0. 5.37415405667e-22 0.
1504479407 1 7136.55175781 0. 5.37182285058e-22 0.
1504479467 1 7121.90625 0. 5.36761245109e-22 0.
1504479527 1 7109.14013672 0. 5.36466671124e-22 0.
1504479587 1 7094.51513672 0. 5.36045124928e-22 0.
1504479647 1 7083.03662109 0. 5.35833492746e-22 0.
1504479707 1 7069.04833984 0. 5.35434923349e-22 0.
1504479767 1 7056.99316406 0. 5.35173589147e-22 0.
1504479828 1 7043.78955078 0. 5.34849175035e-22 0.
1504479888 1 7028.87304688 0. 5.34372802705e-22 0.
1504479948 1 7014.02587891 0. 5.33912647987e-22 0.
1504480008 1 7001.1484375 0. 5.33586069839e-22 0.
1504480068 1 6988.21191406 0. 5.332647097e-22 0.
1504480107 1 6980.28857422 0. 5.33072560504e-22 0.
1504480136 1 6972.49414062 0. 5.32799307847e-22 0.
1504480188 1 6961.4375 0. 5.32495957453e-22 0.
1504480248 1 6946.43603516 0. 5.31989756728e-22 0.
1504480308 1 6932.54150391 0. 5.31567669696e-22 0.
1504480369 1 6919.859375 0. 5.31231083556e-22 0.
1504480429 1 6905.8203125 0. 5.30773467447e-22 0.
1504480489 1 6894.52880859 0. 5.30551562349e-22 0.
1504480549 1 6878.12060547 0. 5.29900027249e-22 0.
1504480609 1 6865.38818359 0. 5.29552394992e-22 0.
1504480669 1 6856.69824219 0. 5.2948308502e-22 0.
1504480729 1 6845.40673828 0. 5.29204366732e-22 0.
1504480789 1 6835.88134766 0. 5.29096446536e-22 0.
1504480849 1 6822.82617188 0. 5.28713768734e-22 0.
1504480909 1 6795.14550781 0. 5.27166715479e-22 0.
1504480970 1 6775.43652344 0. 5.26252217261e-22 0.
1504481030 1 6762.25683594 0. 5.25849345262e-22 0.
1504481090 1 6743.94091797 0. 5.25015137282e-22 0.
1504481150 1 6731.59228516 0. 5.24654099093e-22 0.
1504481210 1 6721.93945312 0. 5.24494224754e-22 0.
1504481270 1 6708.375 0. 5.2403823015e-22 0.
1504481330 1 6694.87207031 0. 5.23568555055e-22 0.
1504481390 1 6682.04980469 0. 5.23149652866e-22 0.
1504481450 1 6672.89746094 0. 5.2303557899e-22 0.
1504481511 1 6661.68652344 0. 5.22731994951e-22 0.
1504481571 1 6649.01904297 0. 5.22323192533e-22 0.
1504481631 1 6640.5078125 0. 5.22228299978e-22 0.
1504481691 1 6624.92919922 0. 5.21580149927e-22 0.
1504481751 1 6615.73339844 0. 5.2145132301e-22 0.
1504481811 1 6601.38183594 0. 5.20891158882e-22 0.
1504481871 1 6603.60595703 0. 5.21638862299e-22 0.
1504481931 1 6585.40234375 0. 5.20779203624e-22 0.
1504481979 1 6573.81396484 0. 5.20322082442e-22 0.
1504482026 1 6562.17626953 0. 5.19872291804e-22 0.
1504482086 1 6550.12011719 0. 5.19492541514e-22 0.
1504482146 1 6538.37939453 0. 5.19150333367e-22 0.
1504482206 1 6530.41357422 0. 5.19093838647e-22 0.
1504482267 1 6521.10644531 0. 5.19156872173e-22 0.
1504482327 1 6499.49462891 0. 5.18008504625e-22 0.
1504482385 1 6486.74365234 0. 5.17539700741e-22 0.
1504482426 1 6479.171875 0. 5.1730837302e-22 0.
1504482469 1 6470.43164062 0. 5.17023516552e-22 0.
1504482529 1 6450.78466797 0. 5.15996882831e-22 0.
1504482589 1 6456.84375 0. 5.17040450704e-22 0.
1504482650 1 6447.00146484 0. 5.16822542999e-22 0.
1504482710 1 6438.73486328 0. 5.1672444128e-22 0.
1504482770 1 6439.76220703 0. 5.17339441371e-22 0.
1504482830 1 6429.43408203 0. 5.17075118723e-22 0.
1504482890 1 6426.93457031 0. 5.17419244442e-22 0.
1504482950 1 6422.17724609 0. 5.17553612848e-22 0.
1504483010 1 6230.21728516 0. 5.0243333534e-22 0.
1504483070 1 6093.19970703 0. 4.91926807811e-22 0.
1504483130 1 6480.10302734 0. 5.23707441949e-22 0.
1504483191 1 6471.47070312 0. 5.2356657575e-22 0.
1504483251 1 6461.70458984 0. 5.23362374872e-22 0.
1504483311 1 6451.99414062 0. 5.23131856303e-22 0.
1504483371 1 6442.30859375 0. 5.22959874513e-22 0.
1504483431 1 6431.60546875 0. 5.22617049565e-22 0.
1504483491 1 6421.57421875 0. 5.2233021309e-22 0.
1504483551 1 6413.03271484 0. 5.22210620372e-22 0.
1504483611 1 6404.23095703 0. 5.22062369085e-22 0.
1504483671 1 6394.39941406 0. 5.21800152599e-22 0.
1504483732 1 6386.26171875 0. 5.21712740521e-22 0.
1504483792 1 6377.8671875 0. 5.21569059477e-22 0.
1504483852 1 6367.15380859 0. 5.21257752874e-22 0.
1504483912 1 6359.35351562 0. 5.21179251753e-22 0.
1504483972 1 6349.82226562 0. 5.2097466822e-22 0.
1504484032 1 6339.87060547 0. 5.20760938508e-22 0.
1504484092 1 6330.08691406 0. 5.20485957489e-22 0.
1504484152 1 6322.81445312 0. 5.20433106663e-22 0.
1504484212 1 6312.56787109 0. 5.20347795292e-22 0.
1504484273 1 6301.32421875 0. 5.19947566858e-22 0.
1504484333 1 6292.17041016 0. 5.19744701771e-22 0.
1504484393 1 6283.34082031 0. 5.19577283853e-22 0.
1504484453 1 6274.73535156 0. 5.19421685563e-22 0.
1504484513 1 6267.24365234 0. 5.19340623865e-22 0.
1504484573 1 6256.41552734 0. 5.1901461473e-22 0.
1504484633 1 6247.61328125 0. 5.1883481202e-22 0.
1504484693 1 6238.91796875 0. 5.18646453174e-22 0.
1504484753 1 6229.42431641 0. 5.18420480167e-22 0.
1504484814 1 6219.96386719 0. 5.18174848652e-22 0.
1504484874 1 6211.62890625 0. 5.18049968161e-22 0.
1504484922 1 6204.68798828 0. 5.179348555e-22 0.
1504484971 1 6189.02783203 0. 5.17056788467e-22 0.
1504485031 1 6183.57910156 0. 5.17141802125e-22 0.
1504485092 1 6175.60302734 0. 5.17009100476e-22 0.
1504485152 1 6165.54882812 0. 5.16712543771e-22 0.
1504485212 1 6155.59716797 0. 5.16428983985e-22 0.
1504485272 1 6146.11621094 0. 5.16171937732e-22 0.
1504485332 1 6136.1484375 0. 5.15879183271e-22 0.
1504485392 1 6126.64599609 0. 5.15610117892e-22 0.
1504485452 1 6119.65625 0. 5.15570627074e-22 0.
1504485512 1 6111.76953125 0. 5.15437630843e-22 0.
1504485572 1 6102.11816406 0. 5.15150073667e-22 0.
1504485633 1 6095.32373047 0. 5.15110275246e-22 0.
1504485693 1 6087.92871094 0. 5.14831060919e-22 0.
1504485753 1 6079.88085938 0. 5.14661687802e-22 0.
1504485813 1 6071.71777344 0. 5.14502395575e-22 0.
1504485873 1 6061.95507812 0. 5.14204012768e-22 0.
1504485933 1 6052.89208984 0. 5.13955184791e-22 0.
1504485993 1 6042.70166016 0. 5.13630852257e-22 0.
1504486053 1 6038.24462891 0. 5.13809594374e-22 0.
1504486113 1 6029.15917969 0. 5.13565622668e-22 0.
1504486174 1 6020.76806641 0. 5.13385263635e-22 0.
1504486234 1 6111.59179688 0. 5.21676187952e-22 0.
1504486294 1 6160.52539062 0. 5.26466862815e-22 0.
1504486354 1 6053.57177734 0. 5.17908972001e-22 0.
1504486414 1 5827.36083984 0. 4.99137488002e-22 0.
1504486474 1 6088.91455078 0. 5.2211465283e-22 0.
1504486534 1 6167.80664062 0. 5.29466751488e-22 0.
1504486594 1 6160.08984375 0. 5.29369841103e-22 0.
1504486655 1 6152.31982422 0. 5.2929458858e-22 0.
1504486715 1 6142.13183594 0. 5.28959375599e-22 0.
1504486775 1 6131.75 0. 5.28643253772e-22 0.
1504486835 1 6126.78515625 0. 5.28781115297e-22 0.
1504486895 1 6116.2421875 0. 5.28422031084e-22 0.
1504486955 1 6107.96240234 0. 5.28290937435e-22 0.
1504487015 1 6098.91650391 0. 5.28091954498e-22 0.
1504487075 1 6092.19677734 0. 5.28075619705e-22 0.
1504487135 1 6083.08300781 0. 5.27883463569e-22 0.
1504487196 1 6073.56054688 0. 5.2781151781e-22 0.
1504487256 1 6065.53076172 0. 5.2767962071e-22 0.
1504487316 1 6055.24121094 0. 5.27348072392e-22 0.
1504487376 1 6045.64404297 0. 5.2708518567e-22 0.
1504487436 1 6037.99121094 0. 5.26966135192e-22 0.
1504487496 1 6028.53710938 0. 5.26702533594e-22 0.
1504487556 1 6024.16064453 0. 5.26900594617e-22 0.
1504487616 1 6013.72119141 0. 5.26553064025e-22 0.
1504487676 1 6002.41992188 0. 5.26116314987e-22 0.
1504487737 1 5995.13427734 0. 5.26038078275e-22 0.
1504487797 1 5987.42236328 0. 5.25908063094e-22 0.
1504487845 1 5983.80078125 0. 5.2605419076e-22 0.
1504487882 1 5979.62841797 0. 5.26033412254e-22 0.
1504487931 1 5970.76123047 0. 5.25702353483e-22 0.
1504487991 1 5961.44384766 0. 5.25423451583e-22 0.
1504488051 1 5955.40429688 0. 5.25446195206e-22 0.
1504488111 1 5947.20410156 0. 5.25293551147e-22 0.
1504488171 1 5938.17333984 0. 5.25024271962e-22 0.
1504488231 1 5928.70947266 0. 5.24736717068e-22 0.
1504488291 1 5919.54150391 0. 5.24481113022e-22 0.
1504488351 1 5915.109375 0. 5.24635699199e-22 0.
1504488411 1 5906.83544922 0. 5.24462113782e-22 0.
1504488472 1 5895.50878906 0. 5.24013592728e-22 0.
1504488532 1 5891.81298828 0. 5.24235144477e-22 0.
1504488592 1 5881.65332031 0. 5.23896082918e-22 0.
1504488652 1 5873.22412109 0. 5.23709517038e-22 0.
1504488712 1 5865.69482422 0. 5.23559103607e-22 0.
1504488772 1 5857.27050781 0. 5.23362674083e-22 0.
1504488832 1 5848.39648438 0. 5.23117906523e-22 0.
1504488892 1 5844.5078125 0. 5.23331870677e-22 0.
1504488953 1 5835.4140625 0. 5.23049988093e-22 0.
1504489013 1 5829.51416016 0. 5.23067977542e-22 0.
1504489073 1 5819.45996094 0. 5.22674643304e-22 0.
1504489133 1 5812.50683594 0. 5.22568175052e-22 0.
1504489193 1 5804.84619141 0. 5.22515406144e-22 0.
1504489253 1 5796.66455078 0. 5.22321866718e-22 0.
1504489313 1 5789.58349609 0. 5.22250983442e-22 0.
1504489373 1 5781.63720703 0. 5.22054235596e-22 0.
1504489433 1 5774.26513672 0. 5.21947661771e-22 0.
1504489493 1 5765.61181641 0. 5.21706386295e-22 0.
1504489553 1 5760.86181641 0. 5.21820695761e-22 0.
1504489613 1 5751.54833984 0. 5.21514427542e-22 0.
1504489673 1 5743.5625 0. 5.2132607816e-22 0.
1504489734 1 5734.67382812 0. 5.21040177093e-22 0.
1504489794 1 5730.64697266 0. 5.21229535908e-22 0.
1504489854 1 5720.56787109 0. 5.20852450191e-22 0.
1504489914 1 5713.69433594 0. 5.20707176893e-22 0.
1504489974 1 5706.55810547 0. 5.20648012984e-22 0.
1504490034 1 5699.63525391 0. 5.20549021047e-22 0.
1504490094 1 5692.53564453 0. 5.20439246903e-22 0.
1504490154 1 5684.93847656 0. 5.20240334218e-22 0.
1504490214 1 5677.95166016 0. 5.20147012548e-22 0.
1504490275 1 5670.30371094 0. 5.19968617325e-22 0.
1504490335 1 5662.43505859 0. 5.19773865453e-22 0.
1504490395 1 5656.11035156 0. 5.19732093484e-22 0.
1504490455 1 5648.04052734 0. 5.19519493419e-22 0.
1504490515 1 5640.75683594 0. 5.19392391647e-22 0.
1504490575 1 5633.015625 0. 5.19195953333e-22 0.
1504490635 1 5626.07958984 0. 5.19070366569e-22 0.
1504490695 1 5619.02246094 0. 5.18966659127e-22 0.
1504490755 1 5612.61035156 0. 5.18893618727e-22 0.
1504490806 1 5605.30126953 0. 5.18667914495e-22 0.
1504490856 1 5598.51660156 0. 5.18466035902e-22 0.
1504490916 1 5590.82763672 0. 5.18290662849e-22 0.
1504490976 1 5585.78125 0. 5.18346788483e-22 0.
1504491036 1 5578.76904297 0. 5.18200893373e-22 0.
1504491096 1 5571.66064453 0. 5.18068655755e-22 0.
1504491156 1 5562.20166016 0. 5.17703756307e-22 0.
1504491217 1 5554.99414062 0. 5.17537481323e-22 0.
1504491277 1 5549.40478516 0. 5.17533058569e-22 0.
1504491337 1 5543.73730469 0. 5.1753259132e-22 0.
1504491381 1 5537.33935547 0. 5.17282810774e-22 0.
1504491425 1 5531.34960938 0. 5.17109226241e-22 0.
1504491485 1 5522.19970703 0. 5.16793273497e-22 0.
1504491545 1 5516.29101562 0. 5.16756552145e-22 0.
1504491606 1 5509.40136719 0. 5.16647802493e-22 0.
1504491666 1 5502.31054688 0. 5.16535102724e-22 0.
1504491726 1 5495.43261719 0. 5.16391570356e-22 0.
1504491786 1 5488.51757812 0. 5.16260647108e-22 0.
1504491834 1 5483.21630859 0. 5.16173485017e-22 0.
1504491871 1 5478.89404297 0. 5.16085751602e-22 0.
1504491922 1 5472.83203125 0. 5.15940958276e-22 0.
1504491982 1 5465.54199219 0. 5.15769091111e-22 0.
1504492042 1 5457.31396484 0. 5.15503691413e-22 0.
1504492102 1 5451.72363281 0. 5.15491976851e-22 0.
1504492162 1 5445.50488281 0. 5.15424278811e-22 0.
1504492222 1 5439.18164062 0. 5.15349286928e-22 0.
1504492282 1 5431.95068359 0. 5.1518909644e-22 0.
1504492343 1 5425.66601562 0. 5.151146456e-22 0.
1504492403 1 5417.33691406 0. 5.14843304891e-22 0.
1504492463 1 5409.16943359 0. 5.1456706622e-22 0.
1504492523 1 5404.91845703 0. 5.1467279236e-22 0.
1504492583 1 5397.54443359 0. 5.14482223151e-22 0.
1504492643 1 5390.81347656 0. 5.14361128755e-22 0.
1504492703 1 5383.17480469 0. 5.14124753262e-22 0.
1504492763 1 5376.40429688 0. 5.13994627938e-22 0.
1504492824 1 5371.12304688 0. 5.13986309643e-22 0.
1504492884 1 5364.48925781 0. 5.13859665745e-22 0.
1504492944 1 5356.1640625 0. 5.13562649766e-22 0.
1504493004 1 5350.81005859 0. 5.13514523834e-22 0.
1504493064 1 5343.78173828 0. 5.13349763096e-22 0.
1504493124 1 5433.984375 0. 5.22593059708e-22 0.
1504493184 1 5469.78271484 0. 5.26638898168e-22 0.
1504493244 1 5331.47167969 0. 5.13895695606e-22 0.
1504493304 1 5152.98486328 0. 4.97182109705e-22 0.
1504493365 1 5456.31201172 0. 5.27015560416e-22 0.
1504493425 1 5455.4609375 0. 5.27547333408e-22 0.
1504493485 1 5449.57275391 0. 5.27492861573e-22 0.
1504493545 1 5442.84130859 0. 5.2751541957e-22 0.
1504493605 1 5436.0703125 0. 5.27399973304e-22 0.
1504493665 1 5430.58056641 0. 5.2742427171e-22 0.
1504493725 1 5421.77685547 0. 5.27097877431e-22 0.
1504493785 1 5416.25048828 0. 5.27102951757e-22 0.
1504493845 1 5410.20458984 0. 5.27061926636e-22 0.
1504493906 1 5402.4921875 0. 5.26803465816e-22 0.
1504493966 1 5394.98974609 0. 5.26668671152e-22 0.
1504494026 1 5388.83154297 0. 5.26578538881e-22 0.
1504494086 1 5379.94042969 0. 5.26296647643e-22 0.
1504494146 1 5373.01367188 0. 5.26126922632e-22 0.
1504494206 1 5366.62255859 0. 5.26068686437e-22 0.
1504494266 1 5359.31445312 0. 5.25862044961e-22 0.
1504494326 1 5350.75439453 0. 5.25625671766e-22 0.
1504494387 1 5344.28759766 0. 5.25477418491e-22 0.
1504494447 1 5338.30126953 0. 5.25483049812e-22 0.
1504494507 1 5333.61962891 0. 5.2558110146e-22 0.
1504494567 1 5325.51855469 0. 5.25272285297e-22 0.
1504494627 1 5317.15869141 0. 5.25020007881e-22 0.
1504494687 1 5311.11425781 0. 5.24989026126e-22 0.
1504494747 1 5305.32275391 0. 5.24970781709e-22 0.
1504494807 1 5297.40478516 0. 5.2471687575e-22 0.
1504494867 1 5290.98876953 0. 5.24658255528e-22 0.
1504494928 1 5283.9296875 0. 5.24503551148e-22 0.
1504494988 1 5277.68945312 0. 5.24417038707e-22 0.
1504495048 1 5270.76171875 0. 5.24224607965e-22 0.
1504495108 1 5265.40576172 0. 5.24193620096e-22 0.
1504495168 1 5258.36523438 0. 5.24027664013e-22 0.
1504495228 1 5251.10107422 0. 5.23854964162e-22 0.
1504495288 1 5245.87451172 0. 5.23870906134e-22 0.
1504495348 1 5237.97558594 0. 5.23620315272e-22 0.
1504495408 1 5231.52978516 0. 5.23507205381e-22 0.
1504495469 1 5225.29394531 0. 5.23404491823e-22 0.
1504495529 1 5218.59619141 0. 5.23271033533e-22 0.
1504495589 1 5212.68408203 0. 5.23206298535e-22 0.
1504495649 1 5204.76025391 0. 5.22934975379e-22 0.
1504495709 1 5198.09277344 0. 5.22791605811e-22 0.
1504495769 1 5191.35253906 0. 5.22660660301e-22 0.
1504495829 1 5185.04589844 0. 5.22571677332e-22 0.
1504495889 1 5178.20117188 0. 5.22415481322e-22 0.
1504495949 1 5172.89111328 0. 5.22405086652e-22 0.
1504496010 1 5165.37597656 0. 5.22166748484e-22 0.
1504496070 1 5159.74707031 0. 5.22118930598e-22 0.
1504496130 1 5155.2109375 0. 5.22194801155e-22 0.
1504496190 1 5148.66992188 0. 5.22058366257e-22 0.
1504496250 1 5140.41748047 0. 5.21730971515e-22 0.
1504496310 1 5133.22265625 0. 5.21517236887e-22 0.
1504496370 1 5128.30810547 0. 5.21537923817e-22 0.
1504496430 1 5122.34619141 0. 5.2144513656e-22 0.
1504496490 1 5115.97412109 0. 5.21289511169e-22 0.
1504496551 1 5109.50048828 0. 5.21153199547e-22 0.
1504496611 1 5102.86914062 0. 5.21016400777e-22 0.
1504496671 1 5097.27880859 0. 5.20953589501e-22 0.
1504496731 1 5091.63232422 0. 5.20876163907e-22 0.
1504496791 1 5084.05664062 0. 5.20618427136e-22 0.
1504496851 1 5079.06445312 0. 5.20623070616e-22 0.
1504496911 1 5072.75146484 0. 5.20503916279e-22 0.
1504496971 1 5067.05371094 0. 5.20425126898e-22 0.
1504497032 1 5061.58496094 0. 5.20372791484e-22 0.
1504497092 1 5054.25 0. 5.20139447679e-22 0.
1504497152 1 5046.26904297 0. 5.19830442553e-22 0.
1504497212 1 5038.66308594 0. 5.19545390227e-22 0.
1504497272 1 5033.35009766 0. 5.19533388248e-22 0.
1504497332 1 5026.71679688 0. 5.19354970626e-22 0.
1504497392 1 5021.36669922 0. 5.19331765945e-22 0.
1504497452 1 5014.36572266 0. 5.19127900347e-22 0.
1504497512 1 5007.08740234 0. 5.18901609028e-22 0.
1504497573 1 5000.66015625 0. 5.18753658253e-22 0.
1504497633 1 4993.69238281 0. 5.18523889403e-22 0.
1504497693 1 4986.64453125 0. 5.18304824902e-22 0.
1504497753 1 4982.64794922 0. 5.18409374272e-22 0.
1504497813 1 4975.54101562 0. 5.18181974005e-22 0.
1504497873 1 4966.23876953 0. 5.17734826284e-22 0.
1504497912 1 4962.59863281 0. 5.17605199054e-22 0.
1504497937 1 4958.63574219 0. 5.17397859017e-22 0.
1504497983 1 4954.78271484 0. 5.17392829085e-22 0.
1504498043 1 4950.75537109 0. 5.17512289472e-22 0.
1504498103 1 4945.08154297 0. 5.17446194606e-22 0.
1504498164 1 4940.08251953 0. 5.17444429433e-22 0.
1504498224 1 4934.35546875 0. 5.17346579166e-22 0.
1504498284 1 4927.47119141 0. 5.17099282172e-22 0.
1504498344 1 4925.11865234 0. 5.17391335482e-22 0.
1504498404 1 4917.97900391 0. 5.1717953054e-22 0.
1504498464 1 4910.93408203 0. 5.16964244725e-22 0.
1504498524 1 4904.69873047 0. 5.16775671052e-22 0.
1504498584 1 4898.42236328 0. 5.16593422854e-22 0.
1504498645 1 4893.60595703 0. 5.16605884774e-22 0.
1504498705 1 4888.13232422 0. 5.16529483987e-22 0.
1504498765 1 4881.10595703 0. 5.16276503775e-22 0.
1504498825 1 4873.40771484 0. 5.15959726117e-22 0.
1504498885 1 4868.08496094 0. 5.15905845238e-22 0.
1504498945 1 4862.33203125 0. 5.15787255304e-22 0.
1504499005 1 4855.67871094 0. 5.15527440809e-22 0.
1504499065 1 4849.98730469 0. 5.15460892887e-22 0.
1504499125 1 4845.19042969 0. 5.15482016554e-22 0.
1504499185 1 4840.71240234 0. 5.1550240965e-22 0.
1504499246 1 4835.56201172 0. 5.15463883987e-22 0.
1504499306 1 4826.76806641 0. 5.15011418562e-22 0.
1504499366 1 4820.71728516 0. 5.14881526925e-22 0.
1504499426 1 4815.13769531 0. 5.14775097853e-22 0.
1504499486 1 4809.2109375 0. 5.14649513145e-22 0.
1504499546 1 4803.48242188 0. 5.14499861935e-22 0.
1504499606 1 4797.38769531 0. 5.14347211989e-22 0.
1504499666 1 4791.62109375 0. 5.14233085238e-22 0.
1504499727 1 4788.34082031 0. 5.14362424446e-22 0.
1504499787 1 4780.75927734 0. 5.14063190778e-22 0.
1504499847 1 4774.16357422 0. 5.13868111852e-22 0.
1504499907 1 4769.38037109 0. 5.13795593513e-22 0.
1504499967 1 4762.66210938 0. 5.1363997427e-22 0.
1504500027 1 4680.59521484 0. 5.0527134708e-22 0.
1504500087 1 4548.15478516 0. 4.91451001425e-22 0.
1504500147 1 4695.80029297 0. 5.07843932836e-22 0.
1504500207 1 4753.51611328 0. 5.1459546394e-22 0.
1504500268 1 4748.24902344 0. 5.14506929708e-22 0.
1504500328 1 4743.14550781 0. 5.14444466136e-22 0.
1504500388 1 4735.20068359 0. 5.14047292639e-22 0.
1504500448 1 4728.81298828 0. 5.13832096136e-22 0.
1504500508 1 4724.91357422 0. 5.13877845373e-22 0.
1504500568 1 4720.82519531 0. 5.13885827685e-22 0.
1504500628 1 4714.984375 0. 5.13774407675e-22 0.
1504500688 1 4710.06201172 0. 5.13751806142e-22 0.
1504500748 1 4703.68505859 0. 5.13471662334e-22 0.
1504500809 1 4698.13818359 0. 5.13391501382e-22 0.
1504500869 1 4692.13623047 0. 5.13178047957e-22 0.
1504500929 1 4687.13916016 0. 5.13185935791e-22 0.
1504500989 1 4682.82958984 0. 5.13202950942e-22 0.
1504501049 1 4676.96826172 0. 5.13066476683e-22 0.
1504501109 1 4670.14550781 0. 5.12800436451e-22 0.
1504501169 1 4666.34667969 0. 5.12882190269e-22 0.
1504501229 1 4661.23828125 0. 5.12794271563e-22 0.
1504501289 1 4654.58642578 0. 5.12554561437e-22 0.
1504501350 1 4647.95263672 0. 5.12322972206e-22 0.
1504501410 1 4642.21337891 0. 5.12181793506e-22 0.
1504501470 1 4639.01220703 0. 5.12296270041e-22 0.
1504501530 1 4634.37255859 0. 5.122703905e-22 0.
1504501590 1 4630.16748047 0. 5.12273845247e-22 0.
1504501650 1 4624.00927734 0. 5.12081790246e-22 0.
1504501710 1 4618.82324219 0. 5.11990460888e-22 0.
1504501770 1 4612.86669922 0. 5.11805954781e-22 0.
1504501831 1 4606.18994141 0. 5.11553535083e-22 0.
1504501891 1 4600.39355469 0. 5.11366793674e-22 0.
1504501951 1 4595.41259766 0. 5.11285924167e-22 0.
1504502011 1 4590.75830078 0. 5.11241236959e-22 0.
1504502071 1 4584.79589844 0. 5.11067080952e-22 0.
1504502131 1 4578.78662109 0. 5.10846559312e-22 0.
1504502191 1 4574.09619141 0. 5.10786330598e-22 0.
1504502251 1 4567.72070312 0. 5.10561091705e-22 0.
1504502311 1 4563.76220703 0. 5.10615503961e-22 0.
1504502372 1 4558.93115234 0. 5.1054149536e-22 0.
1504502432 1 4553.74121094 0. 5.10423614627e-22 0.
1504502492 1 4547.96777344 0. 5.10227925695e-22 0.
1504502552 1 4543.11962891 0. 5.10148763624e-22 0.
1504502612 1 4536.92675781 0. 5.09908989369e-22 0.
1504502672 1 4532.31103516 0. 5.09883547922e-22 0.
1504502732 1 4528.48242188 0. 5.0991734196e-22 0.
1504502792 1 4522.22949219 0. 5.09688566427e-22 0.
1504502852 1 4517.72070312 0. 5.09650604018e-22 0.
1504502913 1 4512.45947266 0. 5.09506481831e-22 0.
1504502973 1 4508.48828125 0. 5.09532504998e-22 0.
1504503033 1 4502.48535156 0. 5.09334428389e-22 0.
1504503093 1 4497.10839844 0. 5.09200277816e-22 0.
1504503153 1 4491.70458984 0. 5.09027425362e-22 0.
1504503213 1 4487.58398438 0. 5.09050300872e-22 0.
1504503273 1 4481.43945312 0. 5.08805220251e-22 0.
1504503333 1 4476.671875 0. 5.08727365047e-22 0.
1504503393 1 4472.09326172 0. 5.08669798979e-22 0.
1504503434 1 4465.41601562 0. 5.08204917673e-22 0.
1504503459 1 4466.86816406 0. 5.08587519891e-22 0.
1504503489 1 4463.70556641 0. 5.08473493563e-22 0.
1504503520 1 4461.45117188 0. 5.08480327602e-22 0.
1504503566 1 4458.07958984 0. 5.08455958284e-22 0.
1504503626 1 4452.38134766 0. 5.08264009889e-22 0.
1504503686 1 4446.66308594 0. 5.08073516997e-22 0.
1504503747 1 4441.28125 0. 5.07901700394e-22 0.
1504503807 1 4434.16552734 0. 5.07559283131e-22 0.
1504503867 1 4426.34423828 0. 5.07125480513e-22 0.
1504503927 1 4418.09033203 0. 5.06635099161e-22 0.
1504503987 1 4411.67333984 0. 5.06370363525e-22 0.
1504504047 1 4408.26318359 0. 5.06417847838e-22 0.
1504504107 1 4401.91699219 0. 5.06158008941e-22 0.
1504504167 1 4394.07910156 0. 5.05743296233e-22 0.
1504504227 1 4387.03955078 0. 5.05403957654e-22 0.
1504504288 1 4381.79443359 0. 5.05260195998e-22 0.
1504504348 1 4377.76269531 0. 5.05279045027e-22 0.
1504504408 1 4370.72460938 0. 5.04932280924e-22 0.
1504504468 1 4364.21972656 0. 5.04618923365e-22 0.
1504504528 1 4356.12353516 0. 5.04109792069e-22 0.
1504504588 1 4347.95703125 0. 5.03658058596e-22 0.
1504504648 1 4344.68066406 0. 5.03726818573e-22 0.
1504504708 1 4340.29492188 0. 5.03671846528e-22 0.
1504504768 1 4332.44238281 0. 5.0321981289e-22 0.
1504504829 1 4327.3671875 0. 5.03075278765e-22 0.
1504504884 1 4320.48144531 0. 5.02674427387e-22 0.
1504504940 1 4315.22949219 0. 5.02480213649e-22 0.
1504504975 1 4314.03369141 0. 5.02632982111e-22 0.
1504505011 1 4313.14648438 0. 5.02787698733e-22 0.
1504505071 1 4312.72412109 0. 5.0316464643e-22 0.
1504505131 1 4312.65576172 0. 5.03601390462e-22 0.
1504505191 1 4309.76464844 0. 5.03729936164e-22 0.
1504505251 1 4308.27441406 0. 5.03913018813e-22 0.
1504505311 1 4305.69580078 0. 5.0408855528e-22 0.
1504505371 1 4300.09423828 0. 5.0384140809e-22 0.
1504505431 1 4298.28613281 0. 5.0413016959e-22 0.
1504505492 1 4294.34472656 0. 5.04159782819e-22 0.
1504505552 1 4290.12695312 0. 5.04121994122e-22 0.
1504505612 1 4274.15087891 0. 5.02698579596e-22 0.
1504505672 1 4277.79150391 0. 5.0358571146e-22 0.
1504505732 1 4276.43017578 0. 5.03846158474e-22 0.
1504505792 1 4272.26855469 0. 5.03810035391e-22 0.
1504505852 1 4267.39013672 0. 5.03682281805e-22 0.
1504505912 1 4261.70068359 0. 5.03459184487e-22 0.
1504505972 1 4256.82568359 0. 5.03337737888e-22 0.
1504506033 1 4253.54541016 0. 5.03404663635e-22 0.
1504506093 1 4249.11474609 0. 5.03344486381e-22 0.
1504506153 1 4243.92431641 0. 5.03182384761e-22 0.
1504506213 1 4238.59472656 0. 5.02984268948e-22 0.
1504506273 1 4235.76269531 0. 5.03070803344e-22 0.
1504506333 1 4231.73291016 0. 5.03048193334e-22 0.
1504506393 1 4226.62744141 0. 5.0284236159e-22 0.
1504506453 1 4219.25244141 0. 5.02439201355e-22 0.
1504506513 1 4213.89697266 0. 5.02259563331e-22 0.
1504506573 1 4207.49072266 0. 5.01945469368e-22 0.
1504506634 1 4200.71435547 0. 5.0155455612e-22 0.
1504506694 1 4196.02978516 0. 5.01430494225e-22 0.
1504506754 1 4190.46777344 0. 5.01214218901e-22 0.
1504506814 1 4186.75732422 0. 5.01185773243e-22 0.
1504506874 1 4184.65625 0. 5.01384626249e-22 0.
1504506934 1 4177.47851562 0. 5.00970447289e-22 0.
1504506994 1 4171.21240234 0. 5.00649863759e-22 0.
1504507054 1 4167.29589844 0. 5.00641197291e-22 0.
1504507115 1 4164.50195312 0. 5.00725451289e-22 0.
1504507175 1 4160.17333984 0. 5.00631967145e-22 0.
1504507235 1 4155.89111328 0. 5.00636376076e-22 0.
1504507295 1 4153.24072266 0. 5.00711422195e-22 0.
1504507355 1 4148.23095703 0. 5.00524231205e-22 0.
1504507415 1 4142.25341797 0. 5.00218577154e-22 0.
1504507475 1 4137.33251953 0. 5.00057860078e-22 0.
1504507535 1 4133.62255859 0. 5.00017454818e-22 0.
1504507595 1 4133.234375 0. 5.00434349658e-22 0.
1504507656 1 4126.55615234 0. 5.00074845016e-22 0.
1504507716 1 4122.37548828 0. 5.00067176154e-22 0.
1504507776 1 4117.75195312 0. 4.99935054172e-22 0.
1504507836 1 4112.47558594 0. 4.99750176293e-22 0.
1504507896 1 4108.51464844 0. 4.99671444548e-22 0.
1504507956 1 4105.15283203 0. 4.99686164426e-22 0.
1504508016 1 4100.09667969 0. 4.99465045119e-22 0.
1504508076 1 4096.484375 0. 4.99475512516e-22 0.
1504508137 1 4092.36621094 0. 4.99403460725e-22 0.
1504508197 1 4085.5078125 0. 4.990172161e-22 0.
1504508257 1 4081.01904297 0. 4.98919676582e-22 0.
1504508317 1 4078.18188477 0. 4.98992103972e-22 0.
1504508377 1 4075.26513672 0. 4.99083147318e-22 0.
1504508437 1 4072.32519531 0. 4.99161310724e-22 0.
1504508497 1 4066.94091797 0. 4.98936551624e-22 0.
1504508557 1 4061.58959961 0. 4.98696922451e-22 0.
1504508617 1 4055.79370117 0. 4.98416395928e-22 0.
1504508678 1 4049.12792969 0. 4.9804401143e-22 0.
1504508738 1 4046.1315918 0. 4.98119265423e-22 0.
1504508798 1 4041.92797852 0. 4.98047484458e-22 0.
1504508858 1 4038.35888672 0. 4.98034831826e-22 0.
1504508918 1 4033.66186523 0. 4.97889997079e-22 0.
1504508978 1 4028.59130859 0. 4.97701982212e-22 0.
1504509038 1 4024.73291016 0. 4.97656121874e-22 0.
1504509098 1 4071.81933594 0. 5.03909324903e-22 0.
1504509158 1 4123.38769531 0. 5.10776592846e-22 0.
1504509219 1 4119.42919922 0. 5.10775807564e-22 0.
1504509279 1 4112.20166016 0. 5.10356400923e-22 0.
1504509317 1 3889.14208984 0. 4.82923653804e-22 0.
1504509355 1 3997.61621094 0. 4.96740655637e-22 0.
1504509415 1 3988.68481445 0. 4.96039031678e-22 0.
1504509475 1 4114.33837891 0. 5.12160118088e-22 0.
1504509535 1 4108.38964844 0. 5.11893225307e-22 0.
1504509595 1 4103.97460938 0. 5.11828203383e-22 0.
1504509655 1 4098.91015625 0. 5.1167077812e-22 0.
1504509715 1 4095.37524414 0. 5.116907697e-22 0.
1504510721 1 4095.37524414 0. 5.1957919029e-22 0.
1504511727 1 0.0 0. 0.0 0.
1504511787 1 0.0 0. 0.0 0.
1504511848 1 0.0 0. 0.0 0.
1504511908 1 0.0 0. 0.0 0.
1504511959 1 0.0 0. 0.0 0.
1504511985 1 0.0 0. 0.0 0.
1504512020 1 0.0 0. 0.0 0.
1504521681 1 0.0 0. 0.0 0.
