1504637213 1 9644.83007812 0. 4.59973271928e-22 0.
1504637273 1 9626.20898438 0. 4.59644995448e-22 0.
1504637333 1 9592.72558594 0. 4.58628255598e-22 0.
1504637376 1 9574.23242188 0. 4.58121479076e-22 0.
1504637403 1 9565.09960938 0. 4.57967675854e-22 0.
1504637423 1 9557.79394531 0. 4.57794380163e-22 0.
1504637458 1 9576.21777344 0. 4.59015733216e-22 0.
1504637518 1 9525.71972656 0. 4.57131548162e-22 0.
1504637578 1 9554.81152344 0. 4.58990140389e-22 0.
1504637639 1 9509.78808594 0. 4.57300475701e-22 0.
1504637678 1 9520.25390625 0. 4.58132830527e-22 0.
1504637709 1 9482.98242188 0. 4.56598230837e-22 0.
1504637757 1 9456.63183594 0. 4.5580020163e-22 0.
1504637814 1 9428.15136719 0. 4.54969058811e-22 0.
1504637874 1 9410.16894531 0. 4.54666641601e-22 0.
1504637909 1 9402.19921875 0. 4.54598455803e-22 0.
1504637944 1 9383.70410156 0. 4.54046343793e-22 0.
1504638005 1 9355.88867188 0. 4.53251241194e-22 0.
1504638065 1 9336.15527344 0. 4.52838755835e-22 0.
1504638100 1 9322.46875 0. 4.52472092736e-22 0.
1504638110 1 9321.55371094 0. 4.52526026755e-22 0.
1504638137 1 9311.08203125 0. 4.52267943088e-22 0.
1504638188 1 9285.62011719 0. 4.51500403586e-22 0.
1504638248 1 9256.4609375 0. 4.50631290519e-22 0.
1504638288 1 9242.73046875 0. 4.5029981376e-22 0.
1504638328 1 9238.90527344 0. 4.5047701446e-22 0.
1504638388 1 9226.18066406 0. 4.50392078786e-22 0.
1504638435 1 9201.15039062 0. 4.49578156545e-22 0.
1504638474 1 9195.11035156 0. 4.4962995622e-22 0.
1504638523 1 9178.91113281 0. 4.49280354005e-22 0.
1504638580 1 9158.19824219 0. 4.48767371794e-22 0.
1504638615 1 9145.35644531 0. 4.48425307382e-22 0.
1504638650 1 9132.18457031 0. 4.48098736881e-22 0.
1504638706 1 9107.79003906 0. 4.47356078892e-22 0.
1504638755 1 9081.6328125 0. 4.46465115254e-22 0.
1504638783 1 9070.77148438 0. 4.46155431462e-22 0.
1504638806 1 9062.50097656 0. 4.45974824252e-22 0.
1504638853 1 9039.79003906 0. 4.45243858779e-22 0.
1504638912 1 9033.25488281 0. 4.45382149464e-22 0.
1504638972 1 9022.62304688 0. 4.45351790218e-22 0.
1504639011 1 9007.3671875 0. 4.44899206123e-22 0.
1504639024 1 9006.08203125 0. 4.44910914451e-22 0.
1504639038 1 9001.31835938 0. 4.44814201177e-22 0.
1504639077 1 8993.91992188 0. 4.44771816796e-22 0.
1504639133 1 8970.28808594 0. 4.44060122577e-22 0.
1504639178 1 8953.78710938 0. 4.43603723922e-22 0.
1504639204 1 8947.39746094 0. 4.43483434192e-22 0.
1504639218 1 8941.05761719 0. 4.43292075592e-22 0.
1504639251 1 8929.6484375 0. 4.42997964425e-22 0.
1504639305 1 8675.29785156 0. 4.30773114494e-22 0.
1504639365 1 8617.80859375 0. 4.281820342e-22 0.
1504639425 1 9188.97265625 0. 4.57173462241e-22 0.
1504639485 1 9205.25683594 0. 4.5848327298e-22 0.
1504639532 1 9195.77929688 0. 4.58413274601e-22 0.
1504639578 1 9184.15722656 0. 4.58196960262e-22 0.
1504639639 1 9169.6484375 0. 4.5795753275e-22 0.
1504639695 1 9160.40039062 0. 4.57957532655e-22 0.
1504639752 1 9146.47753906 0. 4.57700956479e-22 0.
1504639812 1 9136.22949219 0. 4.57671533772e-22 0.
1504639872 1 9123.47949219 0. 4.57531578445e-22 0.
1504639922 1 9113.51367188 0. 4.57435221616e-22 0.
1504639972 1 9104.13769531 0. 4.57354444479e-22 0.
1504640032 1 9089.02246094 0. 4.57081612407e-22 0.
1504640092 1 9077.95898438 0. 4.57009469205e-22 0.
1504640152 1 9063.9609375 0. 4.56760057732e-22 0.
1504640213 1 9050.90429688 0. 4.56598890705e-22 0.
1504640273 1 9040.04980469 0. 4.56533613716e-22 0.
1504640333 1 9028.33203125 0. 4.56421437012e-22 0.
1504640393 1 9016.52148438 0. 4.56283909176e-22 0.
1504640453 1 9004.51953125 0. 4.56151934334e-22 0.
1504640508 1 8993.5 0. 4.56015197321e-22 0.
1504640564 1 8978.74511719 0. 4.55698817744e-22 0.
1504640624 1 8968.63378906 0. 4.55641513542e-22 0.
1504640684 1 8956.34082031 0. 4.55494881073e-22 0.
1504640744 1 8945.66796875 0. 4.55422366205e-22 0.
1504640804 1 8933.09277344 0. 4.55241223214e-22 0.
1504640864 1 8922.71484375 0. 4.55177026493e-22 0.
1504640925 1 8909.02050781 0. 4.54945051392e-22 0.
1504640985 1 8896.50683594 0. 4.54756257463e-22 0.
1504641045 1 8886.46191406 0. 4.54700529034e-22 0.
1504641080 1 8876.95800781 0. 4.54457108016e-22 0.
1504641115 1 8873.23242188 0. 4.54555892362e-22 0.
1504641157 1 8862.52246094 0. 4.54318680971e-22 0.
1504641199 1 8857.39257812 0. 4.54354982449e-22 0.
1504641259 1 8846.91308594 0. 4.54268390547e-22 0.
1504641320 1 8833.91601562 0. 4.540562959e-22 0.
1504641380 1 8820.06445312 0. 4.53788669869e-22 0.
1504641440 1 8807.02539062 0. 4.53579557925e-22 0.
1504641500 1 8795.09960938 0. 4.53399619027e-22 0.
1504641560 1 8782.57910156 0. 4.53209474716e-22 0.
1504641620 1 8771.10449219 0. 4.53075892419e-22 0.
1504641680 1 8759.19921875 0. 4.52915430283e-22 0.
1504641740 1 8747.20214844 0. 4.52749874984e-22 0.
1504641800 1 8733.578125 0. 4.52488022045e-22 0.
1504641861 1 8728.05859375 0. 4.52640765971e-22 0.
1504641911 1 8719.44726562 0. 4.52559192954e-22 0.
1504641955 1 8710.66113281 0. 4.52428675399e-22 0.
1504642007 1 8704.03320312 0. 4.52441062747e-22 0.
1504642067 1 8685.93457031 0. 4.51975167214e-22 0.
1504642128 1 8673.83984375 0. 4.51764604856e-22 0.
1504642188 1 8662.39160156 0. 4.51596275889e-22 0.
1504642248 1 8652.94628906 0. 4.51549483327e-22 0.
1504642308 1 8639.08984375 0. 4.51263804098e-22 0.
1504642368 1 8632.95019531 0. 4.51394875208e-22 0.
1504642428 1 8627.96191406 0. 4.51549954071e-22 0.
1504642488 1 8614.87597656 0. 4.51280937203e-22 0.
1504642548 1 8602.2734375 0. 4.51039817239e-22 0.
1504642608 1 8593.91796875 0. 4.5103163788e-22 0.
1504642669 1 8592.27636719 0. 4.51353345859e-22 0.
1504642729 1 8582.81640625 0. 4.51302287313e-22 0.
1504642789 1 8574.52246094 0. 4.51277854144e-22 0.
1504642849 1 8567.875 0. 4.51354948036e-22 0.
1504642909 1 8560.4140625 0. 4.5136798773e-22 0.
1504642969 1 8549.99316406 0. 4.5124818433e-22 0.
1504643029 1 8538.31835938 0. 4.51063484857e-22 0.
1504643089 1 8528.65722656 0. 4.50971467217e-22 0.
1504643149 1 8518.03515625 0. 4.50844224186e-22 0.
1504643210 1 8508.17480469 0. 4.50738723749e-22 0.
1504643270 1 8501.47558594 0. 4.5082124323e-22 0.
1504643330 1 8491.93457031 0. 4.50704222245e-22 0.
1504643390 1 8482.03222656 0. 4.50609405495e-22 0.
1504643433 1 8475.30957031 0. 4.50556429846e-22 0.
1504643458 1 8466.50195312 0. 4.50231909812e-22 0.
1504643499 1 8459.64648438 0. 4.50145381026e-22 0.
1504643559 1 8450.40234375 0. 4.50098246268e-22 0.
1504643620 1 8442.8203125 0. 4.50131346894e-22 0.
1504643680 1 8433.69238281 0. 4.50062112552e-22 0.
1504643740 1 8421.67089844 0. 4.49836128345e-22 0.
1504643800 1 8409.4609375 0. 4.49593989458e-22 0.
1504643860 1 8400.12109375 0. 4.49523660376e-22 0.
1504643920 1 8390.99511719 0. 4.4945261206e-22 0.
1504643980 1 8379.625 0. 4.49272199266e-22 0.
1504644040 1 8370.23828125 0. 4.49179790384e-22 0.
1504644101 1 8359.22851562 0. 4.4901203616e-22 0.
1504644161 1 8346.26269531 0. 4.48712333881e-22 0.
1504644221 1 8341.60742188 0. 4.48876693226e-22 0.
1504644281 1 8332.74609375 0. 4.48811091118e-22 0.
1504644341 1 8321.00683594 0. 4.48602635195e-22 0.
1504644401 1 8313.63183594 0. 4.48611232098e-22 0.
1504644461 1 8297.79296875 0. 4.48149524468e-22 0.
1504644521 1 8287.40722656 0. 4.4799680261e-22 0.
1504644581 1 8282.28515625 0. 4.48147377252e-22 0.
1504644642 1 8275.83105469 0. 4.48204714917e-22 0.
1504644702 1 8418.94335938 0. 4.56387311624e-22 0.
1504644762 1 8439.10058594 0. 4.57926486065e-22 0.
1504644822 1 8224.51171875 0. 4.46641347353e-22 0.
1504644882 1 8200.38867188 0. 4.4585022266e-22 0.
1504644942 1 8486.31054688 0. 4.61751740681e-22 0.
1504645002 1 8478.20996094 0. 4.61748385306e-22 0.
1504645062 1 8461.32128906 0. 4.61279532705e-22 0.
1504645122 1 8455.32910156 0. 4.61404349281e-22 0.
1504645183 1 8448.41308594 0. 4.61454073755e-22 0.
1504645243 1 8439.61328125 0. 4.61394476326e-22 0.
1504645303 1 8428.92480469 0. 4.61244247895e-22 0.
1504645363 1 8421.40527344 0. 4.61269767154e-22 0.
1504645423 1 8411.29589844 0. 4.61156847008e-22 0.
1504645483 1 8391.31542969 0. 4.6051495052e-22 0.
1504645543 1 8380.0625 0. 4.60343131932e-22 0.
1504645603 1 8370.56347656 0. 4.60268314805e-22 0.
1504645663 1 8362.24804688 0. 4.60209989805e-22 0.
1504645724 1 8349.98144531 0. 4.59981029378e-22 0.
1504645784 1 8339.22753906 0. 4.59825819861e-22 0.
1504645844 1 8327.94921875 0. 4.5963572719e-22 0.
1504645904 1 8319.04589844 0. 4.595663324e-22 0.
1504645964 1 8306.24511719 0. 4.59270905137e-22 0.
1504646024 1 8295.03320312 0. 4.59080043035e-22 0.
1504646084 1 8283.61425781 0. 4.58876551327e-22 0.
1504646144 1 8275.29492188 0. 4.58863604168e-22 0.
1504646204 1 8264.36425781 0. 4.58667795565e-22 0.
1504646265 1 8255.87988281 0. 4.5864443985e-22 0.
1504646325 1 8247.58789062 0. 4.58601513879e-22 0.
1504646377 1 8238.67773438 0. 4.58459177514e-22 0.
1504646429 1 8230.23632812 0. 4.58371887348e-22 0.
1504646489 1 8217.87011719 0. 4.58101330324e-22 0.
1504646550 1 8212.69824219 0. 4.58237251127e-22 0.
1504646610 1 8202.44726562 0. 4.58099508234e-22 0.
1504646670 1 8191.66845703 0. 4.57914615777e-22 0.
1504646730 1 8182.96728516 0. 4.57869852215e-22 0.
1504646790 1 8171.60742188 0. 4.57647804279e-22 0.
1504646850 1 8164.66748047 0. 4.57683096765e-22 0.
1504646910 1 8153.49414062 0. 4.57462281398e-22 0.
1504646970 1 8145.17578125 0. 4.57401924428e-22 0.
1504647030 1 8137.92089844 0. 4.5740079696e-22 0.
1504647091 1 8126.29052734 0. 4.57189075166e-22 0.
1504647151 1 8117.39160156 0. 4.57080205027e-22 0.
1504647211 1 8106.46728516 0. 4.56896420312e-22 0.
1504647271 1 8096.99365234 0. 4.56790021575e-22 0.
1504647331 1 8087.46337891 0. 4.56650032392e-22 0.
1504647391 1 8080.11279297 0. 4.56655008676e-22 0.
1504647451 1 8071.9453125 0. 4.56622892587e-22 0.
1504647511 1 8062.60888672 0. 4.56495354809e-22 0.
1504647571 1 8056.73291016 0. 4.56564650476e-22 0.
1504647632 1 8047.58447266 0. 4.56463977489e-22 0.
1504647692 1 8038.76513672 0. 4.56387835444e-22 0.
1504647752 1 8032.85107422 0. 4.56486000907e-22 0.
1504647812 1 8021.36914062 0. 4.56236244192e-22 0.
1504647872 1 8013.46923828 0. 4.56184465412e-22 0.
1504647932 1 8003.44140625 0. 4.56039758593e-22 0.
1504647992 1 7995.86914062 0. 4.56042200033e-22 0.
1504648052 1 7986.28222656 0. 4.55891754229e-22 0.
1504648112 1 7979.02001953 0. 4.55885540896e-22 0.
1504648173 1 7969.70703125 0. 4.55766225053e-22 0.
1504648224 1 7961.81640625 0. 4.55665483893e-22 0.
1504648275 1 7953.17773438 0. 4.55512283325e-22 0.
1504648335 1 7940.30566406 0. 4.55198540185e-22 0.
1504648395 1 7934.49804688 0. 4.55254091753e-22 0.
1504648455 1 7925.36279297 0. 4.55142939374e-22 0.
1504648515 1 7916.02832031 0. 4.54988370822e-22 0.
1504648576 1 7908.30078125 0. 4.54952540507e-22 0.
1504648636 1 7898.39257812 0. 4.5479511865e-22 0.
1504648696 1 7889.51025391 0. 4.54687084626e-22 0.
1504648756 1 7881.64648438 0. 4.54651275323e-22 0.
1504648816 1 7870.56201172 0. 4.54407449189e-22 0.
1504648876 1 7862.16210938 0. 4.54349432212e-22 0.
1504648936 1 7855.00488281 0. 4.54319660091e-22 0.
1504648996 1 7846.61035156 0. 4.54237081837e-22 0.
1504649056 1 7839.54101562 0. 4.54250374273e-22 0.
1504649117 1 7831.48095703 0. 4.54203365616e-22 0.
1504649159 1 7823.36181641 0. 4.54004116528e-22 0.
1504649201 1 7817.71240234 0. 4.53954107821e-22 0.
1504649241 1 7812.00732422 0. 4.53867083016e-22 0.
1504649282 1 7806.42041016 0. 4.53831115528e-22 0.
1504649342 1 7798.64160156 0. 4.53769135906e-22 0.
1504649402 1 7788.77441406 0. 4.53608643802e-22 0.
1504649462 1 7777.69726562 0. 4.53378051201e-22 0.
1504649523 1 7769.39013672 0. 4.53305611634e-22 0.
1504649583 1 7762.70214844 0. 4.53300420536e-22 0.
1504649643 1 7753.5 0. 4.5317450121e-22 0.
1504649703 1 7745.47509766 0. 4.53103097155e-22 0.
1504649763 1 7735.18896484 0. 4.52910387745e-22 0.
1504649823 1 7727.43017578 0. 4.52852297109e-22 0.
1504649883 1 7717.44677734 0. 4.52672582258e-22 0.
1504649943 1 7711.58496094 0. 4.52733067295e-22 0.
1504650003 1 7704.45898438 0. 4.52692507004e-22 0.
1504650064 1 7691.65039062 0. 4.52347198567e-22 0.
1504650101 1 7684.69433594 0. 4.52182683009e-22 0.
1504650138 1 7679.77490234 0. 4.52140628701e-22 0.
1504650198 1 7674.55419922 0. 4.52258424715e-22 0.
1504650258 1 7665.34277344 0. 4.52087808388e-22 0.
1504650319 1 7658.16113281 0. 4.52059255391e-22 0.
1504650379 1 7654.23095703 0. 4.52222384556e-22 0.
1504650439 1 7644.40283203 0. 4.52051024858e-22 0.
1504650499 1 7632.60644531 0. 4.51740913507e-22 0.
1504650559 1 7626.72851562 0. 4.51794905749e-22 0.
1504650619 1 7615.86181641 0. 4.51552839272e-22 0.
1504650679 1 7604.75097656 0. 4.51290308935e-22 0.
1504650739 1 7597.19287109 0. 4.51236775399e-22 0.
1504650799 1 7590.67626953 0. 4.5127414687e-22 0.
1504650860 1 7584.34570312 0. 4.51274835237e-22 0.
1504650920 1 7575.80615234 0. 4.51146867913e-22 0.
1504650955 1 7571.59130859 0. 4.51103552099e-22 0.
1504650989 1 7565.27636719 0. 4.50995321918e-22 0.
1504651048 1 7556.11181641 0. 4.50833202725e-22 0.
1504651108 1 7548.64941406 0. 4.50807454453e-22 0.
1504651147 1 7544.3125 0. 4.50777942339e-22 0.
1504651186 1 7538.52685547 0. 4.50726518595e-22 0.
1504651222 1 7532.38330078 0. 4.50584170224e-22 0.
1504651258 1 7527.58007812 0. 4.50537027128e-22 0.
1504651318 1 7516.69677734 0. 4.50282359902e-22 0.
1504651378 1 7508.58984375 0. 4.5017027385e-22 0.
1504651438 1 7504.3359375 0. 4.50322483828e-22 0.
1504651498 1 7493.578125 0. 4.50063145392e-22 0.
1504651559 1 7486.171875 0. 4.50005265663e-22 0.
1504651619 1 7475.80517578 0. 4.49769598227e-22 0.
1504651679 1 7469.58007812 0. 4.49776599927e-22 0.
1504651714 1 7465.37109375 0. 4.49725913658e-22 0.
1504651749 1 7460.09033203 0. 4.49648012935e-22 0.
1504651810 1 7450.38916016 0. 4.49473574266e-22 0.
1504651870 1 7439.44873047 0. 4.49232654539e-22 0.
1504651920 1 7432.72314453 0. 4.49150556021e-22 0.
1504651971 1 7427.60253906 0. 4.49156537199e-22 0.
1504652031 1 7421.20019531 0. 4.49156298824e-22 0.
1504652091 1 7413.19482422 0. 4.4905000212e-22 0.
1504652151 1 7405.47265625 0. 4.48972092236e-22 0.
1504652211 1 7396.72363281 0. 4.48815126117e-22 0.
1504652271 1 7391.48291016 0. 4.48866298117e-22 0.
1504652331 1 7383.63525391 0. 4.48756217162e-22 0.
1504652391 1 7375.796875 0. 4.48658464141e-22 0.
1504652452 1 7368.24365234 0. 4.48577722388e-22 0.
1504652512 1 7360.63183594 0. 4.48511679283e-22 0.
1504652572 1 7353.44580078 0. 4.48456296634e-22 0.
1504652632 1 7352.35546875 0. 4.48775491952e-22 0.
1504652692 1 7347.51367188 0. 4.48793381808e-22 0.
1504652752 1 7341.82275391 0. 4.48769299164e-22 0.
1504652812 1 7352.63623047 0. 4.49696145845e-22 0.
1504652872 1 7348.72119141 0. 4.49787006785e-22 0.
1504652932 1 7325.56396484 0. 4.48700255521e-22 0.
1504652993 1 7320.59521484 0. 4.48795928267e-22 0.
1504653053 1 7313.02880859 0. 4.48715565899e-22 0.
1504653113 1 7302.12988281 0. 4.48424406597e-22 0.
1504653173 1 7294.921875 0. 4.48373174115e-22 0.
1504653233 1 7292.12353516 0. 4.48589589499e-22 0.
1504653293 1 7283.80908203 0. 4.48454440175e-22 0.
1504653353 1 7270.31445312 0. 4.48004914202e-22 0.
1504653413 1 7241.80371094 0. 4.46632326019e-22 0.
1504653449 1 1891.96032715 0. 1.94379457977e-22 0.
1504653484 1 0.120572194457 0. 0.0 0.
