1504911415 1 11580.8964844 0. 4.52948365462e-22 0.
1504911475 1 11537.8574219 0. 4.51805578421e-22 0.
1504911535 1 11535.3076172 0. 4.52223822711e-22 0.
1504911595 1 11508.9892578 0. 4.5172323269e-22 0.
1504911655 1 11510.6191406 0. 4.52302626816e-22 0.
1504911715 1 11469.6113281 0. 4.51346675016e-22 0.
1504911776 1 11457.6972656 0. 4.51536448093e-22 0.
1504911836 1 11432.4433594 0. 4.51214614995e-22 0.
1504911896 1 11408.4736328 0. 4.50915472138e-22 0.
1504911956 1 11382.4042969 0. 4.50532349429e-22 0.
1504912016 1 11362.8720703 0. 4.50376739088e-22 0.
1504912076 1 11345.0214844 0. 4.50321669333e-22 0.
1504912136 1 11322.4003906 0. 4.50054150169e-22 0.
1504912196 1 11295.9873047 0. 4.49611614535e-22 0.
1504912256 1 11270.9453125 0. 4.49208978765e-22 0.
1504912317 1 11094.4648438 0. 4.42785067704e-22 0.
1504912370 1 10964.7304688 0. 4.38113586178e-22 0.
1504912423 1 10779.1875 0. 4.31234869016e-22 0.
1504912483 1 11293.3857422 0. 4.5242732672e-22 0.
1504912543 1 11276.1113281 0. 4.52363485389e-22 0.
1504912604 1 11257.8505859 0. 4.52223517497e-22 0.
1504912639 1 11245.359375 0. 4.52058894604e-22 0.
1504912675 1 11236.3515625 0. 4.52090180841e-22 0.
1504912735 1 11218.90625 0. 4.5198364309e-22 0.
1504912786 1 9517.703125 0. 3.8522628399e-22 0.
1504912836 1 0.155887722969 0. 9.26847318169e-23 0.
1504912896 1 0.129019573331 0. 0.0 0.
1504915946 1 0.0 0. 0.0 0.
