1505179311 1 10618.9570312 0. 5.05107510197e-22 0.
1505179371 1 10592.8310547 0. 5.04691872041e-22 0.
1505179431 1 10592.6845703 0. 5.0548412758e-22 0.
1505179491 1 10556.1826172 0. 5.04535091906e-22 0.
1505179534 1 10551.2041016 0. 5.0477970475e-22 0.
1505179563 1 10571.0380859 0. 5.06067838564e-22 0.
1505179610 1 10521.4697266 0. 5.04322637453e-22 0.
1505179670 1 10497.4589844 0. 5.03982170401e-22 0.
1505179712 1 10466.4677734 0. 5.03070917847e-22 0.
1505179754 1 10448.7080078 0. 5.02834617099e-22 0.
1505179814 1 10426.3037109 0. 5.02621102065e-22 0.
1505179874 1 10403.6455078 0. 5.02390043267e-22 0.
1505179935 1 10375.7724609 0. 5.01873087184e-22 0.
1505179995 1 10349.2871094 0. 5.0143594195e-22 0.
1505180055 1 10327.8359375 0. 5.01220892852e-22 0.
1505180115 1 10304.1796875 0. 5.00881080728e-22 0.
1505180175 1 10278.3837891 0. 5.00444106263e-22 0.
1505180235 1 10254.7705078 0. 5.0007760606e-22 0.
1505180295 1 10237.0185547 0. 4.99992333201e-22 0.
1505180355 1 10215.2246094 0. 4.99705217785e-22 0.
1505180415 1 10005.0673828 0. 4.9019418648e-22 0.
1505180476 1 9978.13964844 0. 4.89625047252e-22 0.
1505180536 1 9744.55859375 0. 4.78875434846e-22 0.
1505180596 1 10244.3818359 0. 5.04211472432e-22 0.
1505180656 1 10223.8271484 0. 5.0394247149e-22 0.
1505180716 1 10206.8789062 0. 5.03872222876e-22 0.
1505180776 1 10187.8945312 0. 5.03682116792e-22 0.
1505180836 1 10169.6328125 0. 5.03504516727e-22 0.
1505180896 1 10159.9560547 0. 5.03752710429e-22 0.
1505180956 1 10144.4951172 0. 5.0369901964e-22 0.
1505181017 1 10131.6230469 0. 5.03771877806e-22 0.
1505181077 1 10112.0126953 0. 5.03429041701e-22 0.
1505181137 1 10103.9707031 0. 5.03618946809e-22 0.
1505181197 1 10087.6240234 0. 5.03427689354e-22 0.
1505181257 1 10071.1523438 0. 5.03198117402e-22 0.
1505181317 1 10054.4287109 0. 5.02942755723e-22 0.
1505181377 1 10035.7939453 0. 5.02601159655e-22 0.
1505181437 1 10020.0771484 0. 5.02413015599e-22 0.
1505181498 1 10004.2900391 0. 5.02197815864e-22 0.
1505181558 1 9989.29589844 0. 5.02013260756e-22 0.
1505181618 1 9972.52441406 0. 5.01751516104e-22 0.
1505181677 1 9949.8671875 0. 5.01157060363e-22 0.
1505181736 1 9940.46386719 0. 5.01249856092e-22 0.
1505181796 1 9929.39355469 0. 5.01237818397e-22 0.
1505181856 1 9911.50390625 0. 5.00904967544e-22 0.
1505181916 1 9895.13085938 0. 5.00631284424e-22 0.
1505181976 1 9881.30273438 0. 5.00467205482e-22 0.
1505182036 1 9866.31445312 0. 5.00258430373e-22 0.
1505182096 1 9846.42480469 0. 4.99813479253e-22 0.
1505182156 1 9835.76464844 0. 4.99803277983e-22 0.
1505182217 1 9815.23730469 0. 4.9930126571e-22 0.
1505182277 1 9801.1796875 0. 4.99145397432e-22 0.
1505182337 1 9788.82910156 0. 4.99066006224e-22 0.
1505182397 1 9774.95214844 0. 4.98880620459e-22 0.
1505182457 1 9758.26953125 0. 4.9855944962e-22 0.
1505182517 1 9743.12109375 0. 4.9831514181e-22 0.
1505182577 1 9724.67480469 0. 4.9787474784e-22 0.
1505182637 1 9707.2109375 0. 4.97532050614e-22 0.
1505182697 1 9699.56835938 0. 4.9766635133e-22 0.
1505182758 1 9684.06542969 0. 4.97396236416e-22 0.
1505182818 1 9662.65039062 0. 4.96807026926e-22 0.
1505182878 1 9660.16796875 0. 4.97205785576e-22 0.
1505182938 1 9644.03417969 0. 4.96918281766e-22 0.
1505182998 1 9633.58203125 0. 4.96867438161e-22 0.
1505183058 1 9624.63574219 0. 4.96931061113e-22 0.
1505183118 1 9609.68066406 0. 4.96675800745e-22 0.
1505183178 1 9594.62988281 0. 4.96411885973e-22 0.
1505183238 1 9584.78710938 0. 4.96421118387e-22 0.
1505183299 1 9495.36621094 0. 4.92308829524e-22 0.
1505183359 1 9244.98242188 0. 4.79782307633e-22 0.
1505183419 1 9238.99316406 0. 4.7991906413e-22 0.
1505183479 1 9545.18066406 0. 4.96345279444e-22 0.
1505183539 1 9545.48730469 0. 4.9687613354e-22 0.
1505183599 1 9534.08398438 0. 4.96785824204e-22 0.
1505183659 1 9522.1015625 0. 4.96674587287e-22 0.
1505183719 1 9507.62695312 0. 4.96422143291e-22 0.
1505183779 1 9499.27734375 0. 4.96489396525e-22 0.
1505183840 1 9487.71386719 0. 4.96373075496e-22 0.
1505183900 1 9471.296875 0. 4.96018342876e-22 0.
1505183949 1 9460.671875 0. 4.95869998556e-22 0.
1505183999 1 9448.14355469 0. 4.95629212281e-22 0.
1505184060 1 9436.62011719 0. 4.95509067731e-22 0.
1505184120 1 9422.85546875 0. 4.95268253311e-22 0.
1505184180 1 9408.77246094 0. 4.95040862711e-22 0.
1505184240 1 9393.80664062 0. 4.94737815528e-22 0.
1505184300 1 9380.58691406 0. 4.9451499945e-22 0.
1505184360 1 9367.97363281 0. 4.94342803493e-22 0.
1505184420 1 9322.46875 0. 4.92431732945e-22 0.
1505184481 1 9336.0234375 0. 4.93628749286e-22 0.
1505184541 1 9327.91601562 0. 4.93686454643e-22 0.
1505184601 1 9315.9765625 0. 4.935354526e-22 0.
1505184661 1 9304.49902344 0. 4.93417776879e-22 0.
1505184721 1 9292.38867188 0. 4.93257039317e-22 0.
1505184781 1 9279.41113281 0. 4.93029247845e-22 0.
1505184841 1 9264.69238281 0. 4.92731977727e-22 0.
1505184901 1 9251.046875 0. 4.92501268705e-22 0.
1505184961 1 9239.66015625 0. 4.92361079585e-22 0.
1505185022 1 9225.75683594 0. 4.92102302389e-22 0.
1505185082 1 9211.18847656 0. 4.91811367613e-22 0.
1505185142 1 9197.86914062 0. 4.91536890652e-22 0.
1505185202 1 9173.30664062 0. 4.90721616132e-22 0.
1505185262 1 9162.72070312 0. 4.90616455574e-22 0.
1505185322 1 9152.29199219 0. 4.90542083959e-22 0.
1505185382 1 9139.0625 0. 4.90293312475e-22 0.
1505185442 1 9121.74804688 0. 4.89845564251e-22 0.
1505185502 1 9113.52734375 0. 4.89862156375e-22 0.
1505185563 1 9097.68554688 0. 4.89497717527e-22 0.
1505185623 1 9086.3515625 0. 4.89344441956e-22 0.
1505185683 1 9076.15917969 0. 4.89257691514e-22 0.
1505185743 1 9062.70996094 0. 4.88983353603e-22 0.
1505185803 1 9051.55175781 0. 4.8884244564e-22 0.
1505185863 1 9040.70898438 0. 4.88709771906e-22 0.
1505185923 1 9027.46484375 0. 4.88441064887e-22 0.
1505185983 1 9017.21972656 0. 4.88357057184e-22 0.
1505186043 1 9008.27636719 0. 4.88335559793e-22 0.
1505186104 1 8995.31738281 0. 4.88099501282e-22 0.
1505186164 1 8982.53710938 0. 4.87863755154e-22 0.
1505186224 1 9152.54589844 0. 4.97592304922e-22 0.
1505186284 1 9170.2265625 0. 4.99084081824e-22 0.
1505186344 1 8866.18164062 0. 4.82974888502e-22 0.
1505186404 1 8782.03710938 0. 4.78846842196e-22 0.
1505186464 1 9229.15429688 0. 5.0376442521e-22 0.
1505186524 1 9220.21289062 0. 5.0376254819e-22 0.
1505186584 1 9207.47167969 0. 5.03559136723e-22 0.
1505186644 1 9188.57421875 0. 5.03024250513e-22 0.
1505186705 1 9175.86328125 0. 5.0282243499e-22 0.
1505186765 1 9163.11523438 0. 5.02594432117e-22 0.
1505186825 1 9152.15332031 0. 5.02485860793e-22 0.
1505186885 1 9141.23632812 0. 5.02382966048e-22 0.
1505186945 1 9129.23242188 0. 5.02201738281e-22 0.
1505187005 1 9115.14648438 0. 5.01905585176e-22 0.
1505187065 1 9104.51171875 0. 5.01808445519e-22 0.
1505187125 1 9089.82421875 0. 5.01503199743e-22 0.
1505187185 1 9078.77929688 0. 5.01371247253e-22 0.
1505187246 1 9063.62890625 0. 5.01028644441e-22 0.
1505187306 1 9049.88378906 0. 5.0071953495e-22 0.
1505187366 1 9036.08984375 0. 5.00442782547e-22 0.
1505187426 1 9025.48339844 0. 5.00329250623e-22 0.
1505187486 1 9012.2109375 0. 5.00090561909e-22 0.
1505187546 1 8998.69628906 0. 4.99806627532e-22 0.
1505187606 1 8989.76757812 0. 4.99780708128e-22 0.
1505187666 1 8977.93652344 0. 4.99609584232e-22 0.
1505187726 1 8968.49707031 0. 4.99542702381e-22 0.
1505187787 1 8957.72460938 0. 4.99430045955e-22 0.
1505187830 1 8949.27441406 0. 4.99299363431e-22 0.
1505187873 1 8941.72851562 0. 4.99226030474e-22 0.
1505187934 1 8931.95898438 0. 4.99168790553e-22 0.
1505187994 1 8920.46875 0. 4.99002919652e-22 0.
1505188054 1 8909.93652344 0. 4.98878864523e-22 0.
1505188114 1 8899.27148438 0. 4.98743714763e-22 0.
1505188174 1 8887.87890625 0. 4.98598356857e-22 0.
1505188234 1 8878.01074219 0. 4.98488893998e-22 0.
1505188294 1 8867.89648438 0. 4.9841729037e-22 0.
1505188354 1 8861.22167969 0. 4.98512127888e-22 0.
1505188415 1 8849.58203125 0. 4.98330858688e-22 0.
1505188475 1 8839.88085938 0. 4.9825284036e-22 0.
1505188535 1 8827.52441406 0. 4.98027695976e-22 0.
1505188595 1 8814.12304688 0. 4.97748372565e-22 0.
1505188636 1 8806.34082031 0. 4.97608491861e-22 0.
1505188656 1 8803.24414062 0. 4.97585512288e-22 0.
1505188677 1 8798.96289062 0. 4.97499054257e-22 0.
1505188720 1 8793.51464844 0. 4.97537354025e-22 0.
1505188780 1 8784.23046875 0. 4.97464417606e-22 0.
1505188840 1 8772.03027344 0. 4.97259502189e-22 0.
1505188900 1 8762.23339844 0. 4.97177117051e-22 0.
1505188960 1 8749.85644531 0. 4.96942325605e-22 0.
1505189020 1 8741.11914062 0. 4.96892106961e-22 0.
1505189080 1 8730.00292969 0. 4.96712469042e-22 0.
1505189140 1 8717.20996094 0. 4.96443815718e-22 0.
1505189201 1 8705.0625 0. 4.96216041353e-22 0.
1505189261 1 8695.41894531 0. 4.96117411107e-22 0.
1505189321 1 8683.84960938 0. 4.95927145741e-22 0.
1505189381 1 8675.3671875 0. 4.95894870477e-22 0.
1505189441 1 8663.92773438 0. 4.95686010387e-22 0.
1505189501 1 8652.99902344 0. 4.95511737389e-22 0.
1505189561 1 8643.19824219 0. 4.95425302454e-22 0.
1505189621 1 8630.89453125 0. 4.95171595808e-22 0.
1505189681 1 8620.01367188 0. 4.95011954493e-22 0.
1505189742 1 8611.92773438 0. 4.95008940282e-22 0.
1505189802 1 8601.1640625 0. 4.94841319569e-22 0.
1505189862 1 8589.7734375 0. 4.94637245945e-22 0.
1505189922 1 8580.66210938 0. 4.94577101642e-22 0.
1505189982 1 8566.59082031 0. 4.94234658487e-22 0.
1505190042 1 8557.13574219 0. 4.94142235776e-22 0.
1505190102 1 8549.20800781 0. 4.94135865716e-22 0.
1505190162 1 8533.76855469 0. 4.93672415695e-22 0.
1505190222 1 8527.11523438 0. 4.93726532527e-22 0.
1505190282 1 8515.20605469 0. 4.9348184239e-22 0.
1505190343 1 8503.69921875 0. 4.93283327965e-22 0.
1505190403 1 8496.23242188 0. 4.9329723598e-22 0.
1505190463 1 8485.99316406 0. 4.93161847967e-22 0.
1505190523 1 8476.984375 0. 4.9308132861e-22 0.
1505190583 1 8464.34472656 0. 4.92809749791e-22 0.
1505190643 1 8457.53125 0. 4.9287306624e-22 0.
1505190703 1 8447.70996094 0. 4.92748176318e-22 0.
1505190745 1 8441.39257812 0. 4.92671701712e-22 0.
1505190787 1 8433.92382812 0. 4.92552001652e-22 0.
1505190848 1 8424.56152344 0. 4.92451289435e-22 0.
1505190908 1 8411.20410156 0. 4.92121310052e-22 0.
1505190968 1 8400.27441406 0. 4.91933187688e-22 0.
1505191028 1 8391.80078125 0. 4.91872225393e-22 0.
1505191088 1 8383.11425781 0. 4.91800421019e-22 0.
1505191148 1 8372.68359375 0. 4.91605605405e-22 0.
1505191208 1 8365.01074219 0. 4.91588320621e-22 0.
1505191269 1 8355.62890625 0. 4.91484026093e-22 0.
1505191329 1 8343.50488281 0. 4.91209965854e-22 0.
1505191389 1 8334.50878906 0. 4.91142959476e-22 0.
1505191449 1 8323.96777344 0. 4.90968925504e-22 0.
1505191509 1 8309.10351562 0. 4.90542270851e-22 0.
1505191569 1 8300.26464844 0. 4.90439619859e-22 0.
1505191629 1 8292.96386719 0. 4.90447211492e-22 0.
1505191689 1 8285.95800781 0. 4.90454176786e-22 0.
1505191749 1 8276.22460938 0. 4.90324992957e-22 0.
1505191810 1 8264.0703125 0. 4.90047070317e-22 0.
1505191870 1 8255.22851562 0. 4.89945173183e-22 0.
1505191930 1 8245.72558594 0. 4.89821955248e-22 0.
1505191990 1 8234.12109375 0. 4.89595669687e-22 0.
1505192050 1 8225.71484375 0. 4.89541725824e-22 0.
1505192110 1 8214.59863281 0. 4.8932118885e-22 0.
1505192170 1 8204.64160156 0. 4.89155870191e-22 0.
1505192230 1 8196.31542969 0. 4.89057625888e-22 0.
1505192290 1 8189.10791016 0. 4.89071937899e-22 0.
1505192351 1 8179.4453125 0. 4.88949349475e-22 0.
1505192411 1 8169.85302734 0. 4.8882426207e-22 0.
1505192471 1 8159.18261719 0. 4.8859807993e-22 0.
1505192531 1 8149.39990234 0. 4.88451067025e-22 0.
1505192591 1 8138.26367188 0. 4.88230559457e-22 0.
1505192651 1 8132.98779297 0. 4.88318916143e-22 0.
1505192711 1 8125.09033203 0. 4.8827994624e-22 0.
1505192771 1 8114.7109375 0. 4.8807484107e-22 0.
1505192832 1 8104.38964844 0. 4.8790815071e-22 0.
1505192892 1 8095.83642578 0. 4.87829722655e-22 0.
1505192952 1 8085.76367188 0. 4.87647511128e-22 0.
1505193012 1 8076.04980469 0. 4.87468782606e-22 0.
1505193072 1 8067.22412109 0. 4.87386083547e-22 0.
1505193132 1 8057.59716797 0. 4.87225171158e-22 0.
1505193192 1 8048.17724609 0. 4.87108509889e-22 0.
1505193252 1 8039.59375 0. 4.87028279778e-22 0.
1505193312 1 8030.70507812 0. 4.86902309135e-22 0.
1505193373 1 8021.01855469 0. 4.86733757062e-22 0.
1505193433 1 8012.61083984 0. 4.86649243672e-22 0.
1505193493 1 8005.06005859 0. 4.86627430464e-22 0.
1505193553 1 7995.79199219 0. 4.86499932682e-22 0.
1505193613 1 7989.40332031 0. 4.86520425473e-22 0.
1505193673 1 7982.29492188 0. 4.86510872837e-22 0.
1505193733 1 7974.29443359 0. 4.86448132893e-22 0.
1505193793 1 8032.90283203 0. 4.90440353139e-22 0.
1505193853 1 8171.40478516 0. 4.9939705528e-22 0.
1505193913 1 7920.71435547 0. 4.84519473445e-22 0.
1505193974 1 7824.65527344 0. 4.79073537117e-22 0.
1505194034 1 8152.83203125 0. 4.99633941607e-22 0.
1505194094 1 8143.01904297 0. 4.99509593037e-22 0.
1505194154 1 8133.22900391 0. 4.99387626346e-22 0.
1505194214 1 8124.73632812 0. 4.99325743931e-22 0.
1505194274 1 8114.04248047 0. 4.99126245998e-22 0.
1505194334 1 8106.6796875 0. 4.99137220237e-22 0.
1505194394 1 8096.95068359 0. 4.98975321287e-22 0.
1505194455 1 8087.25634766 0. 4.9883667608e-22 0.
1505194515 1 8075.83398438 0. 4.98586999002e-22 0.
1505194575 1 8067.17773438 0. 4.98495330679e-22 0.
1505194635 1 8057.24462891 0. 4.98373157625e-22 0.
1505194695 1 8048.6953125 0. 4.98306946842e-22 0.
1505194755 1 8038.21337891 0. 4.98090655953e-22 0.
1505194815 1 8029.47509766 0. 4.9799742168e-22 0.
1505194875 1 8020.97460938 0. 4.97902754177e-22 0.
1505194935 1 8012.51269531 0. 4.97860798527e-22 0.
1505194996 1 8000.10205078 0. 4.97536724674e-22 0.
1505195056 1 7992.6875 0. 4.97526076619e-22 0.
1505195116 1 7983.10546875 0. 4.97366593228e-22 0.
1505195176 1 7975.75341797 0. 4.973441637e-22 0.
1505195236 1 7968.21923828 0. 4.97339765452e-22 0.
1505195296 1 7957.55615234 0. 4.97137981236e-22 0.
1505195334 1 7949.89355469 0. 4.96930671725e-22 0.
1505195372 1 7939.81005859 0. 4.96587649579e-22 0.
1505195432 1 7931.59326172 0. 4.96533856371e-22 0.
1505195492 1 7920.95410156 0. 4.96313573176e-22 0.
1505195553 1 7913.28076172 0. 4.96280315838e-22 0.
1505195613 1 7903.0625 0. 4.96081836068e-22 0.
1505195673 1 7893.90625 0. 4.95936123439e-22 0.
1505195733 1 7882.26025391 0. 4.9564972334e-22 0.
1505195793 1 7874.36328125 0. 4.95593617454e-22 0.
1505195853 1 7864.42431641 0. 4.95402105306e-22 0.
1505195888 1 7850.33935547 0. 4.94783406912e-22 0.
1505195899 1 7861.16699219 0. 4.95550729191e-22 0.
1505195935 1 7856.74707031 0. 4.95542837644e-22 0.
1505195995 1 7844.05908203 0. 4.95174123606e-22 0.
1505196055 1 7837.32177734 0. 4.95182958721e-22 0.
1505196115 1 7829.60986328 0. 4.95112353201e-22 0.
1505196175 1 7819.93017578 0. 4.94936337494e-22 0.
1505196235 1 7809.52539062 0. 4.94738386339e-22 0.
1505196295 1 7801.58496094 0. 4.94672847516e-22 0.
1505196355 1 7793.55078125 0. 4.94589526436e-22 0.
1505196415 1 7783.62744141 0. 4.94380269027e-22 0.
1505196476 1 7775.87060547 0. 4.94355599267e-22 0.
1505196536 1 7768.34228516 0. 4.94338685963e-22 0.
1505196596 1 7756.63232422 0. 4.94016668324e-22 0.
1505196656 1 7747.49804688 0. 4.93846805385e-22 0.
1505196716 1 7739.26123047 0. 4.93758062196e-22 0.
1505196776 1 7729.32763672 0. 4.93575860021e-22 0.
1505196836 1 7719.57666016 0. 4.93394756784e-22 0.
1505196896 1 7712.02148438 0. 4.93344096201e-22 0.
1505196956 1 7702.62451172 0. 4.93188714507e-22 0.
1505197017 1 7693.27978516 0. 4.93027005556e-22 0.
1505197077 1 7683.80224609 0. 4.9285343879e-22 0.
1505197137 1 7674.84716797 0. 4.92718009816e-22 0.
1505197197 1 7666.80566406 0. 4.92613076444e-22 0.
1505197257 1 7657.28369141 0. 4.92428422351e-22 0.
1505197317 1 7649.2109375 0. 4.92352399449e-22 0.
1505197377 1 7638.58740234 0. 4.9208544031e-22 0.
1505197437 1 7627.81787109 0. 4.91813091693e-22 0.
1505197497 1 7619.19140625 0. 4.91679187643e-22 0.
1505197558 1 7614.25976562 0. 4.91792688421e-22 0.
1505197618 1 7605.78222656 0. 4.91666340158e-22 0.
1505197678 1 7594.03759766 0. 4.91350601775e-22 0.
1505197738 1 7587.3671875 0. 4.91349327296e-22 0.
1505197798 1 7575.6875 0. 4.91039717341e-22 0.
1505197858 1 7566.98974609 0. 4.90907316061e-22 0.
1505197918 1 7558.53662109 0. 4.90763304091e-22 0.
1505197978 1 7553.38134766 0. 4.90876092515e-22 0.
1505198038 1 7544.77832031 0. 4.90749597383e-22 0.
1505198099 1 7540.86035156 0. 4.90923383924e-22 0.
1505198159 1 7534.72607422 0. 4.90940662564e-22 0.
1505198219 1 7525.63525391 0. 4.90773530001e-22 0.
1505198279 1 7518.67822266 0. 4.90754478634e-22 0.
1505198339 1 7503.96826172 0. 4.9019426267e-22 0.
1505198399 1 7496.57421875 0. 4.90146142518e-22 0.
1505198459 1 7495.13867188 0. 4.90475416858e-22 0.
1505198519 1 7486.19677734 0. 4.90333625642e-22 0.
1505198579 1 7478.16552734 0. 4.90210935823e-22 0.
1505198640 1 7471.3984375 0. 4.9018010985e-22 0.
1505198700 1 7463.53027344 0. 4.90079498459e-22 0.
1505198760 1 7452.35791016 0. 4.89742742961e-22 0.
1505198810 1 7450.890625 0. 4.90010093275e-22 0.
1505198861 1 7443.57275391 0. 4.89873625178e-22 0.
1505198921 1 7434.51367188 0. 4.89704958139e-22 0.
1505198981 1 7424.95898438 0. 4.89495467854e-22 0.
1505199042 1 7418.40185547 0. 4.89509407827e-22 0.
1505199102 1 7410.53564453 0. 4.89425259255e-22 0.
1505199162 1 7404.38037109 0. 4.89445278565e-22 0.
1505199222 1 7396.10693359 0. 4.89309774481e-22 0.
1505199282 1 7387.38476562 0. 4.89145884671e-22 0.
1505199342 1 7379.34619141 0. 4.89023912584e-22 0.
1505199402 1 7371.13769531 0. 4.88914299495e-22 0.
1505199462 1 7363.95117188 0. 4.88838501827e-22 0.
1505199522 1 7354.30957031 0. 4.88614241462e-22 0.
1505199583 1 7347.49951172 0. 4.88593978956e-22 0.
1505199643 1 7339.94921875 0. 4.88503827263e-22 0.
1505199703 1 7332.19775391 0. 4.88393521979e-22 0.
1505199763 1 7325.27197266 0. 4.88345292817e-22 0.
1505199823 1 7318.30371094 0. 4.8832255627e-22 0.
1505199883 1 7311.47119141 0. 4.88273180734e-22 0.
1505199943 1 7301.75439453 0. 4.88047184844e-22 0.
1505200003 1 7292.97021484 0. 4.87843499937e-22 0.
1505200063 1 7286.72070312 0. 4.87837331999e-22 0.
1505200124 1 7276.89257812 0. 4.87591850266e-22 0.
1505200184 1 7271.21630859 0. 4.87608292316e-22 0.
1505200244 1 7263.61328125 0. 4.87525987131e-22 0.
1505200304 1 7256.63671875 0. 4.87457095639e-22 0.
1505200364 1 7249.44677734 0. 4.8738823839e-22 0.
1505200424 1 7240.51513672 0. 4.87213927914e-22 0.
1505200484 1 7233.03613281 0. 4.87099645372e-22 0.
1505200544 1 7225.94628906 0. 4.87060587397e-22 0.
1505200604 1 7221.94726562 0. 4.87187189573e-22 0.
1505200665 1 7214.42285156 0. 4.87108825612e-22 0.
1505200725 1 7204.54150391 0. 4.86833290877e-22 0.
1505200785 1 7196.30810547 0. 4.86675376716e-22 0.
1505200845 1 7189.22705078 0. 4.8660348465e-22 0.
1505200905 1 7181.75146484 0. 4.86511067678e-22 0.
1505200942 1 7177.02441406 0. 4.8642194e-22 0.
1505200979 1 7176.73925781 0. 4.86674913953e-22 0.
1505201014 1 7170.43164062 0. 4.86463318477e-22 0.
1505201050 1 7164.33984375 0. 4.86328637786e-22 0.
1505201110 1 7153.70800781 0. 4.86007518396e-22 0.
1505201170 1 7024.4921875 0. 4.77623994719e-22 0.
1505201230 1 6930.48730469 0. 4.71624286188e-22 0.
1505201290 1 6977.98144531 0. 4.75229082423e-22 0.
1505201351 1 7135.56054688 0. 4.86395271276e-22 0.
1505201411 1 7131.90234375 0. 4.86556158781e-22 0.
1505201471 1 7124.89990234 0. 4.86500898643e-22 0.
1505201531 1 7115.49169922 0. 4.86246927313e-22 0.
1505201591 1 7109.93212891 0. 4.86275943228e-22 0.
1505201651 1 7101.32666016 0. 4.86075189695e-22 0.
1505201711 1 7096.01708984 0. 4.86109267754e-22 0.
1505201771 1 7088.35107422 0. 4.85999998496e-22 0.
1505201831 1 7082.01367188 0. 4.85943440988e-22 0.
1505201892 1 7074.88183594 0. 4.85885297081e-22 0.
1505201952 1 7068.32470703 0. 4.85840526107e-22 0.
1505202012 1 7059.96777344 0. 4.85666702964e-22 0.
1505202072 1 7050.79638672 0. 4.85452431369e-22 0.
1505202132 1 7044.00146484 0. 4.85384670846e-22 0.
1505202192 1 7040.14990234 0. 4.85533807301e-22 0.
1505202252 1 7031.57519531 0. 4.85342585462e-22 0.
1505202312 1 7023.69287109 0. 4.85181996879e-22 0.
1505202372 1 7016.39257812 0. 4.85076145424e-22 0.
1505202433 1 7009.21044922 0. 4.84973571947e-22 0.
1505202493 1 7003.40380859 0. 4.84981499147e-22 0.
1505202553 1 6996.92089844 0. 4.84933329235e-22 0.
1505202613 1 6988.15527344 0. 4.84728713402e-22 0.
1505202673 1 6980.37011719 0. 4.84586931537e-22 0.
1505202733 1 6973.25976562 0. 4.8447598892e-22 0.
1505202793 1 6968.70361328 0. 4.84583145594e-22 0.
1505202853 1 6959.37402344 0. 4.84342218645e-22 0.
1505202913 1 6951.53808594 0. 4.8417139801e-22 0.
1505202974 1 6944.61425781 0. 4.84082499294e-22 0.
1505203010 1 6941.26171875 0. 4.84079522497e-22 0.
1505203046 1 6936.62646484 0. 4.8403172322e-22 0.
1505203106 1 6927.19287109 0. 4.83755865167e-22 0.
1505203166 1 6919.43164062 0. 4.83603244027e-22 0.
1505203226 1 6913.00683594 0. 4.8357090577e-22 0.
1505203286 1 6904.72607422 0. 4.83381720578e-22 0.
1505203347 1 6901.73583984 0. 4.8359252983e-22 0.
1505203407 1 6895.43212891 0. 4.83560810599e-22 0.
1505203467 1 6888.74511719 0. 4.83472572628e-22 0.
1505203527 1 6883.1953125 0. 4.83469541424e-22 0.
1505203587 1 6874.859375 0. 4.8327273256e-22 0.
1505203647 1 6867.25830078 0. 4.83139785003e-22 0.
1505203707 1 6860.66015625 0. 4.83097090639e-22 0.
1505203767 1 6853.80908203 0. 4.8300220605e-22 0.
1505203827 1 6846.13964844 0. 4.82846372802e-22 0.
1505203888 1 6840.69287109 0. 4.82871847912e-22 0.
1505203948 1 6832.62402344 0. 4.8268652563e-22 0.
1505204008 1 6826.07177734 0. 4.82626458488e-22 0.
1505204068 1 6818.76757812 0. 4.82499142338e-22 0.
1505204128 1 6811.03515625 0. 4.82351734542e-22 0.
1505204188 1 6806.66259766 0. 4.82453633332e-22 0.
1505204248 1 6799.28466797 0. 4.82312935299e-22 0.
1505204308 1 6791.23583984 0. 4.82138484008e-22 0.
1505204368 1 6785.67236328 0. 4.82144802545e-22 0.
1505204429 1 6777.64941406 0. 4.81973050365e-22 0.
1505204489 1 6771.31591797 0. 4.81889805925e-22 0.
1505204549 1 6763.78076172 0. 4.81748914664e-22 0.
1505204609 1 6757.74365234 0. 4.81696594877e-22 0.
1505204669 1 6751.11230469 0. 4.81617775646e-22 0.
1505204729 1 6744.55957031 0. 4.81540219691e-22 0.
1505204789 1 6737.09765625 0. 4.8140409281e-22 0.
1505204849 1 6731.00244141 0. 4.81357135133e-22 0.
1505204909 1 6727.72998047 0. 4.81492004485e-22 0.
1505204970 1 6721.80029297 0. 4.81438422562e-22 0.
1505205030 1 6714.56201172 0. 4.81315028918e-22 0.
1505205090 1 6705.53173828 0. 4.81058855238e-22 0.
1505205150 1 6697.58886719 0. 4.80890008215e-22 0.
1505205210 1 6691.24267578 0. 4.80819039467e-22 0.
1505205270 1 6682.80761719 0. 4.80615314329e-22 0.
1505205330 1 6678.34130859 0. 4.80690975389e-22 0.
1505205390 1 6673.38330078 0. 4.80697189129e-22 0.
1505205450 1 6665.49462891 0. 4.80505288026e-22 0.
1505205511 1 6658.78955078 0. 4.80396308689e-22 0.
1505205571 1 6654.21826172 0. 4.80473244529e-22 0.
1505205631 1 6646.51806641 0. 4.80304079546e-22 0.
1505205691 1 6639.79736328 0. 4.80225704646e-22 0.
1505205751 1 6634.58789062 0. 4.80241849897e-22 0.
1505205811 1 6630.99560547 0. 4.80357501854e-22 0.
1505205871 1 6623.57568359 0. 4.80229022323e-22 0.
1505205931 1 6614.64355469 0. 4.79957863929e-22 0.
1505205991 1 6607.53857422 0. 4.79817832819e-22 0.
1505206052 1 6603.91796875 0. 4.79918686267e-22 0.
1505206112 1 6596.75097656 0. 4.79785678036e-22 0.
1505206170 1 6592.00488281 0. 4.79813864954e-22 0.
1505206228 1 6585.25927734 0. 4.79679676499e-22 0.
1505206288 1 6578.02978516 0. 4.79553681865e-22 0.
1505206349 1 6572.94824219 0. 4.79551504635e-22 0.
1505206409 1 6566.98876953 0. 4.79492024677e-22 0.
1505206469 1 6561.18017578 0. 4.79456166474e-22 0.
1505206529 1 6553.69189453 0. 4.79280820289e-22 0.
1505206589 1 6546.97949219 0. 4.79192565206e-22 0.
1505206649 1 6541.99023438 0. 4.79209117952e-22 0.
1505206709 1 6536.51611328 0. 4.7918550264e-22 0.
1505206769 1 6529.79980469 0. 4.79055880994e-22 0.
1505206830 1 6522.00195312 0. 4.78862810265e-22 0.
1505206890 1 6515.72998047 0. 4.78795312671e-22 0.
1505206950 1 6511.2734375 0. 4.7882054259e-22 0.
1505207010 1 6505.31689453 0. 4.78777834545e-22 0.
1505207070 1 6499.30029297 0. 4.78708524469e-22 0.
1505207130 1 6490.82275391 0. 4.78454764906e-22 0.
1505207190 1 6485.71826172 0. 4.78457383703e-22 0.
1505207250 1 6480.94140625 0. 4.78443974064e-22 0.
1505207310 1 6475.06445312 0. 4.78390685222e-22 0.
1505207371 1 6469.31005859 0. 4.78369429972e-22 0.
1505207431 1 6463.31982422 0. 4.78306990468e-22 0.
1505207491 1 6457.99267578 0. 4.78300497639e-22 0.
1505207551 1 6452.55908203 0. 4.78257302514e-22 0.
1505207596 1 6445.671875 0. 4.78004769898e-22 0.
1505207642 1 6441.28222656 0. 4.77965382211e-22 0.
1505207702 1 6434.04882812 0. 4.77813467299e-22 0.
1505207762 1 6430.80273438 0. 4.77955106941e-22 0.
1505207822 1 6425.07128906 0. 4.77903387132e-22 0.
1505207882 1 6418.38818359 0. 4.77776526081e-22 0.
1505207942 1 6412.53808594 0. 4.77718979494e-22 0.
1505208003 1 6407.14111328 0. 4.77690551214e-22 0.
1505208063 1 6400.81201172 0. 4.77578225629e-22 0.
1505208123 1 6394.82324219 0. 4.77515123238e-22 0.
1505208183 1 6390.00537109 0. 4.77543140421e-22 0.
1505208243 1 6378.14892578 0. 4.77024326358e-22 0.
1505208303 1 6373.56445312 0. 4.77060808803e-22 0.
1505208363 1 6368.34423828 0. 4.77032747071e-22 0.
1505208423 1 6366.19628906 0. 4.77242630441e-22 0.
1505208483 1 6440.57958984 0. 4.83189475559e-22 0.
1505208543 1 6481.04882812 0. 4.86649832548e-22 0.
1505208604 1 6477.82568359 0. 4.86805982241e-22 0.
1505208664 1 6469.8671875 0. 4.86602511873e-22 0.
1505208724 1 6462.36181641 0. 4.86428564362e-22 0.
1505208784 1 6454.49267578 0. 4.8625536713e-22 0.
1505208844 1 6343.89941406 0. 4.78309254117e-22 0.
1505208904 1 6154.36767578 0. 4.64385313046e-22 0.
1505208964 1 6432.85595703 0. 4.85788517671e-22 0.
1505209024 1 6458.09716797 0. 4.88098257238e-22 0.
1505209084 1 6452.61083984 0. 4.88084329131e-22 0.
1505209145 1 6446.87695312 0. 4.88049495304e-22 0.
1505209205 1 6440.53759766 0. 4.87960102474e-22 0.
1505209265 1 6435.81298828 0. 4.87993062591e-22 0.
1505209325 1 6427.35595703 0. 4.87760307011e-22 0.
1505209385 1 6420.78222656 0. 4.87662117427e-22 0.
1505209445 1 6416.9296875 0. 4.87788007284e-22 0.
1505209505 1 6411.36376953 0. 4.87742393035e-22 0.
1505209565 1 6406.02929688 0. 4.87729988326e-22 0.
1505209626 1 6398.54052734 0. 4.87549370468e-22 0.
1505209686 1 6391.51464844 0. 4.87402569612e-22 0.
1505209746 1 6385.54541016 0. 4.87344619434e-22 0.
1505209806 1 6378.68505859 0. 4.87196668371e-22 0.
1505209866 1 6372.88623047 0. 4.87142791363e-22 0.
1505209926 1 6365.58007812 0. 4.86979791972e-22 0.
1505209986 1 6361.77636719 0. 4.87094875542e-22 0.
1505210046 1 6353.99511719 0. 4.86889095692e-22 0.
1505210106 1 6348.42724609 0. 4.86870091704e-22 0.
1505210166 1 6341.46484375 0. 4.86719994432e-22 0.
1505210227 1 6335.75 0. 4.86691794141e-22 0.
1505210287 1 6330.50244141 0. 4.86681541402e-22 0.
1505210347 1 6323.31347656 0. 4.8652726467e-22 0.
1505210407 1 6317.64990234 0. 4.8648015922e-22 0.
1505210467 1 6311.625 0. 4.86411233568e-22 0.
1505210527 1 6304.97070312 0. 4.86280486514e-22 0.
1505210587 1 6299.02001953 0. 4.86207610422e-22 0.
1505210647 1 6295.54248047 0. 4.86337961277e-22 0.
1505210708 1 6289.01025391 0. 4.86237695979e-22 0.
1505210768 1 6282.54101562 0. 4.86145672009e-22 0.
1505210828 1 6275.31005859 0. 4.85988053523e-22 0.
1505210888 1 6268.63037109 0. 4.85853525171e-22 0.
1505210948 1 6261.84326172 0. 4.85719011581e-22 0.
1505211008 1 6256.21484375 0. 4.85675519568e-22 0.
1505211068 1 6252.03466797 0. 4.85726047963e-22 0.
1505211128 1 6245.65380859 0. 4.85624159438e-22 0.
1505211188 1 6238.86816406 0. 4.85494220849e-22 0.
1505211249 1 6232.25927734 0. 4.85366870697e-22 0.
1505211309 1 6226.11230469 0. 4.85283338214e-22 0.
1505211369 1 6220.40625 0. 4.85228234008e-22 0.
1505211429 1 6214.82470703 0. 4.85182150958e-22 0.
1505211489 1 6209.36279297 0. 4.85120376436e-22 0.
1505211549 1 6203.67138672 0. 4.85051097806e-22 0.
1505211609 1 6198.11474609 0. 4.85012334184e-22 0.
1505211669 1 6190.44628906 0. 4.8477335476e-22 0.
1505211729 1 6186.04736328 0. 4.84812940008e-22 0.
1505211790 1 6179.65332031 0. 4.84701970134e-22 0.
1505211850 1 6167.30712891 0. 4.84141415169e-22 0.
1505211910 1 6165.49462891 0. 4.84391816569e-22 0.
1505211970 1 6158.95361328 0. 4.84263583176e-22 0.
1505212030 1 6153.88916016 0. 4.84224223734e-22 0.
1505212090 1 6147.42480469 0. 4.84083281787e-22 0.
1505212150 1 6141.07519531 0. 4.83948816925e-22 0.
1505212210 1 6137.14160156 0. 4.84044994268e-22 0.
1505212270 1 6131.87939453 0. 4.84054958123e-22 0.
1505212331 1 6127.74414062 0. 4.84102942583e-22 0.
1505212391 1 6122.17578125 0. 4.84030812882e-22 0.
1505212451 1 6116.52978516 0. 4.83983971572e-22 0.
1505212511 1 6110.875 0. 4.83873238283e-22 0.
1505212571 1 6103.91064453 0. 4.83699992397e-22 0.
1505212631 1 6098.34228516 0. 4.83669442761e-22 0.
1505212691 1 6093.6328125 0. 4.83659725034e-22 0.
1505212751 1 6087.23486328 0. 4.83532474372e-22 0.
1505212811 1 6082.38867188 0. 4.83509110215e-22 0.
1505212872 1 6077.95068359 0. 4.83564145713e-22 0.
1505212932 1 6071.64453125 0. 4.8341812931e-22 0.
1505212992 1 6064.08447266 0. 4.83165907034e-22 0.
1505213052 1 6058.75292969 0. 4.8310717021e-22 0.
1505213112 1 6053.84667969 0. 4.83088220852e-22 0.
1505213172 1 6048.734375 0. 4.83050502207e-22 0.
1505213232 1 6043.02001953 0. 4.82962426165e-22 0.
1505213292 1 6036.78710938 0. 4.8284094714e-22 0.
1505213352 1 6031.00585938 0. 4.82752687262e-22 0.
1505213413 1 6025.43603516 0. 4.82692522798e-22 0.
1505213473 1 6019.64794922 0. 4.82597941936e-22 0.
1505213533 1 6015.10595703 0. 4.82621229819e-22 0.
1505213593 1 6010.265625 0. 4.8260956472e-22 0.
1505213653 1 6003.51025391 0. 4.82456044744e-22 0.
1505213713 1 5997.12841797 0. 4.82317014994e-22 0.
1505213773 1 5992.33203125 0. 4.82306732278e-22 0.
1505213833 1 5985.19482422 0. 4.82110286222e-22 0.
1505213893 1 5979.31542969 0. 4.82024571369e-22 0.
1505213954 1 5974.18310547 0. 4.81975897147e-22 0.
1505214014 1 5972.61035156 0. 4.82208811185e-22 0.
1505214074 1 5965.72949219 0. 4.82060796303e-22 0.
1505214134 1 5960.51660156 0. 4.82017854888e-22 0.
1505214194 1 5954.22802734 0. 4.81906972924e-22 0.
1505214254 1 5948.59667969 0. 4.81818539716e-22 0.
1505214301 1 5941.52587891 0. 4.81534512592e-22 0.
1505214348 1 5941.04199219 0. 4.81796953454e-22 0.
1505214408 1 5935.64404297 0. 4.81747471046e-22 0.
1505214468 1 5927.81542969 0. 4.81499426997e-22 0.
1505214528 1 5922.16357422 0. 4.81414442764e-22 0.
1505214588 1 5920.02197266 0. 4.8162630967e-22 0.
1505214649 1 5914.22070312 0. 4.81549051943e-22 0.
1505214709 1 5909.47705078 0. 4.81534896804e-22 0.
1505214769 1 5902.94726562 0. 4.81380143779e-22 0.
1505214829 1 5897.17871094 0. 4.81296605984e-22 0.
1505214889 1 5893.07958984 0. 4.81326275469e-22 0.
1505214949 1 5887.29345703 0. 4.81228390826e-22 0.
1505215009 1 5880.62548828 0. 4.81040327744e-22 0.
1505215069 1 5878.03759766 0. 4.81181153921e-22 0.
1505215129 1 5870.95410156 0. 4.80983507314e-22 0.
1505215190 1 5866.88525391 0. 4.8103199929e-22 0.
1505215250 1 5862.35644531 0. 4.81021161657e-22 0.
1505215310 1 5855.8125 0. 4.80848357476e-22 0.
1505215370 1 5850.45410156 0. 4.80776354474e-22 0.
1505215430 1 5846.59326172 0. 4.80820583847e-22 0.
1505215490 1 5840.18408203 0. 4.80662195619e-22 0.
1505215550 1 5834.87451172 0. 4.80580421729e-22 0.
1505215610 1 5829.44677734 0. 4.8050448279e-22 0.
1505215670 1 5823.86181641 0. 4.80404667431e-22 0.
1505215731 1 5819.36621094 0. 4.80409532572e-22 0.
1505215791 1 5812.83496094 0. 4.80252992526e-22 0.
1505215851 1 5808.55175781 0. 4.80254242822e-22 0.
1505215911 1 5802.22363281 0. 4.8009867009e-22 0.
1505215971 1 5796.47705078 0. 4.79964765163e-22 0.
1505216031 1 5791.77148438 0. 4.79948793884e-22 0.
1505216091 1 5787.35791016 0. 4.79949849575e-22 0.
1505216151 1 5781.67089844 0. 4.79834939101e-22 0.
1505216211 1 5777.84082031 0. 4.7988623509e-22 0.
1505216272 1 5771.83691406 0. 4.79755683291e-22 0.
1505216332 1 5765.95849609 0. 4.79637592952e-22 0.
1505216392 1 5762.04833984 0. 4.79674985978e-22 0.
1505216452 1 5757.02832031 0. 4.79572578561e-22 0.
1505216512 1 5752.77392578 0. 4.79595415146e-22 0.
1505216572 1 5746.86035156 0. 4.79474498628e-22 0.
1505216632 1 5738.38769531 0. 4.79109920657e-22 0.
1505216692 1 5734.85742188 0. 4.7916602452e-22 0.
1505216752 1 5730.13964844 0. 4.79130200325e-22 0.
1505216813 1 5725.44433594 0. 4.79108439274e-22 0.
1505216873 1 5719.36621094 0. 4.78955083835e-22 0.
1505216933 1 5714.73486328 0. 4.78937742489e-22 0.
1505216993 1 5711.578125 0. 4.79023016022e-22 0.
1505217053 1 5705.62646484 0. 4.78876607407e-22 0.
1505217113 1 5700.72363281 0. 4.78804057821e-22 0.
1505217173 1 5695.73876953 0. 4.78750988905e-22 0.
1505217233 1 5690.95507812 0. 4.78729825109e-22 0.
1505217293 1 5686.96386719 0. 4.78722608845e-22 0.
1505217354 1 5682.95751953 0. 4.78770658554e-22 0.
1505217414 1 5678.81152344 0. 4.78774261708e-22 0.
1505217474 1 5673.78710938 0. 4.78679940368e-22 0.
1505217534 1 5669.94335938 0. 4.78710057141e-22 0.
1505217594 1 5664.06298828 0. 4.78573064575e-22 0.
1505217654 1 5659.578125 0. 4.78542703043e-22 0.
1505217714 1 5654.64453125 0. 4.78482037381e-22 0.
1505217774 1 5650.52685547 0. 4.78478653866e-22 0.
1505217835 1 5646.21875 0. 4.78503994781e-22 0.
1505217895 1 5642.29052734 0. 4.78534343429e-22 0.
1505217955 1 5636.1484375 0. 4.78358515415e-22 0.
1505218015 1 5631.71777344 0. 4.78327638508e-22 0.
1505218075 1 5627.93457031 0. 4.78363509615e-22 0.
1505218135 1 5620.91455078 0. 4.78121016512e-22 0.
1505218195 1 5616.84521484 0. 4.78135631373e-22 0.
1505218255 1 5611.47753906 0. 4.7803310764e-22 0.
1505218315 1 5606.7734375 0. 4.77986649441e-22 0.
1505218376 1 5603.13525391 0. 4.78020219646e-22 0.
1505218436 1 5596.71826172 0. 4.77856328307e-22 0.
1505218496 1 5591.64453125 0. 4.77784333366e-22 0.
1505218556 1 5586.77783203 0. 4.77716025791e-22 0.
1505218616 1 5582.58007812 0. 4.77699643929e-22 0.
1505218676 1 5578.42773438 0. 4.7770652432e-22 0.
1505218736 1 5573.54345703 0. 4.77635995582e-22 0.
1505218796 1 5568.50341797 0. 4.77532468635e-22 0.
1505218856 1 5563.42578125 0. 4.77448193786e-22 0.
1505218917 1 5558.50341797 0. 4.77383245473e-22 0.
1505218977 1 5553.71728516 0. 4.77327006614e-22 0.
1505219037 1 5549.05712891 0. 4.77264688176e-22 0.
1505219097 1 5544.60595703 0. 4.77219033308e-22 0.
1505219157 1 5540.13818359 0. 4.77166633304e-22 0.
1505219217 1 5534.51025391 0. 4.77064324852e-22 0.
1505219277 1 5529.94628906 0. 4.7702679366e-22 0.
1505219337 1 5525.390625 0. 4.7697884472e-22 0.
1505219397 1 5521.25292969 0. 4.7697281679e-22 0.
1505219458 1 5517.43066406 0. 4.76995734805e-22 0.
1505219518 1 5511.58056641 0. 4.76814366162e-22 0.
1505219578 1 5507.29931641 0. 4.76794766965e-22 0.
1505219638 1 5502.18457031 0. 4.76709063192e-22 0.
1505219698 1 5497.38183594 0. 4.76647406706e-22 0.
1505219758 1 5493.83203125 0. 4.76674312912e-22 0.
1505219818 1 5490.36962891 0. 4.76720075592e-22 0.
1505219878 1 5483.36132812 0. 4.76467995617e-22 0.
1505219938 1 5474.34228516 0. 4.76007226229e-22 0.
1505219999 1 5470.67089844 0. 4.76015678995e-22 0.
1505220059 1 5465.78417969 0. 4.75962093152e-22 0.
1505220119 1 5463.85058594 0. 4.7614129586e-22 0.
1505220179 1 5459.30322266 0. 4.76102066965e-22 0.
1505220239 1 5454.16308594 0. 4.75997033614e-22 0.
1505220274 1 5451.93115234 0. 4.76009244376e-22 0.
1505220309 1 5449.16552734 0. 4.75972320031e-22 0.
1505220370 1 5445.33691406 0. 4.75961490129e-22 0.
1505220430 1 5440.19726562 0. 4.75880564744e-22 0.
1505220490 1 5435.71386719 0. 4.7583467316e-22 0.
1505220550 1 5431.59277344 0. 4.75811756026e-22 0.
1505220610 1 5425.76123047 0. 4.75649161535e-22 0.
1505220670 1 5420.38330078 0. 4.75516934251e-22 0.
1505220730 1 5415.83056641 0. 4.75439242562e-22 0.
1505220791 1 5411.47412109 0. 4.754036574e-22 0.
1505220851 1 5408.15869141 0. 4.75451263091e-22 0.
1505220911 1 5403.69726562 0. 4.75356105235e-22 0.
1505220971 1 5398.0078125 0. 4.75201296647e-22 0.
1505221031 1 5393.12011719 0. 4.75117961848e-22 0.
1505221091 1 5388.82861328 0. 4.75090245262e-22 0.
1505221151 1 5384.91601562 0. 4.75083703057e-22 0.
1505221211 1 5380.63476562 0. 4.75057225294e-22 0.
1505221272 1 5377.05419922 0. 4.75069908167e-22 0.
1505221332 1 5372.59130859 0. 4.75011877701e-22 0.
1505221392 1 5367.14257812 0. 4.74870757997e-22 0.
1505221452 1 5362.22314453 0. 4.74774253807e-22 0.
1505221512 1 5357.76464844 0. 4.74729780303e-22 0.
1505221572 1 5353.47314453 0. 4.7468828158e-22 0.
1505221632 1 5349.00341797 0. 4.74639243728e-22 0.
1505221692 1 5344.67480469 0. 4.74604935711e-22 0.
1505221752 1 5340.68505859 0. 4.74606804087e-22 0.
1505221813 1 5335.93994141 0. 4.74518622234e-22 0.
1505221873 1 5332.08789062 0. 4.74503482627e-22 0.
1505221933 1 5326.13330078 0. 4.74337484095e-22 0.
1505221993 1 5321.79785156 0. 4.74290783404e-22 0.
1505222053 1 5317.63964844 0. 4.74240024646e-22 0.
1505222113 1 5313.54052734 0. 4.74239284676e-22 0.
1505222173 1 5308.5859375 0. 4.74150046072e-22 0.
1505222233 1 5304.67919922 0. 4.74146539606e-22 0.
1505222293 1 5299.14746094 0. 4.74011655633e-22 0.
1505222354 1 5295.19726562 0. 4.73998265257e-22 0.
1505222414 1 5291.94287109 0. 4.74064975633e-22 0.
1505222474 1 5285.48388672 0. 4.73844953083e-22 0.
1505222534 1 5280.33886719 0. 4.73718031257e-22 0.
1505222594 1 5275.33496094 0. 4.73623401838e-22 0.
1505222654 1 5271.30761719 0. 4.73606552913e-22 0.
1505222714 1 5265.62304688 0. 4.73479345376e-22 0.
1505222774 1 5262.50537109 0. 4.73520876128e-22 0.
1505222834 1 5256.85888672 0. 4.73354015259e-22 0.
1505222895 1 5252.63916016 0. 4.73303846906e-22 0.
1505222955 1 5247.27050781 0. 4.73160806524e-22 0.
1505223015 1 5247.33398438 0. 4.73518705686e-22 0.
1505223075 1 5244.859375 0. 4.73519331418e-22 0.
1505223135 1 5245.5234375 0. 4.73856978262e-22 0.
1505223195 1 5243.89794922 0. 4.73967029531e-22 0.
1505223255 1 5240.66845703 0. 4.73955602837e-22 0.
1505223315 1 5226.18603516 0. 4.72918287817e-22 0.
1505223375 1 5223.34716797 0. 4.73016737776e-22 0.
1505223436 1 5218.92724609 0. 4.72924828106e-22 0.
1505223496 1 5217.72021484 0. 4.73160195558e-22 0.
1505223556 1 5212.64013672 0. 4.73018067225e-22 0.
1505223616 1 5207.3984375 0. 4.72873636327e-22 0.
1505223676 1 5202.60546875 0. 4.72759285342e-22 0.
1505223721 1 4887.06298828 0. 4.44385097659e-22 0.
1505223767 1 0.124578148127 0. 1.11995148286e-22 0.
