1505254813 1 10441.5507812 0. 5.02893504643e-22 0.
1505254873 1 10413.7900391 0. 5.02473861837e-22 0.
1505254933 1 10404.0019531 0. 5.02847096726e-22 0.
1505254983 1 10393.1992188 0. 5.03087249186e-22 0.
1505255033 1 10366.8544922 0. 5.02525964186e-22 0.
1505255093 1 10340.4267578 0. 5.02217506716e-22 0.
1505255153 1 10314.2109375 0. 5.01938480642e-22 0.
1505255213 1 10269.265625 0. 5.00743656084e-22 0.
1505255273 1 10246.2822266 0. 5.00621595795e-22 0.
1505255309 1 10233.6416016 0. 5.00548179572e-22 0.
1505255344 1 10222.8632812 0. 5.00607649513e-22 0.
1505255404 1 10194.5585938 0. 5.00151306131e-22 0.
1505255464 1 10167.9140625 0. 4.9977312403e-22 0.
1505255524 1 10143.2001953 0. 4.9945880132e-22 0.
1505255585 1 10117.6640625 0. 4.99110171898e-22 0.
1505255645 1 10087.328125 0. 4.98393764182e-22 0.
1505255705 1 10075.0986328 0. 4.98675417453e-22 0.
1505255765 1 10050.8730469 0. 4.98318987061e-22 0.
1505255825 1 10025.5019531 0. 4.97957497441e-22 0.
1505255885 1 10046.2978516 0. 4.99829584102e-22 0.
1505255945 1 9969.89746094 0. 4.96799401463e-22 0.
1505256005 1 9990.48535156 0. 4.98468277878e-22 0.
1505256065 1 9982.20507812 0. 4.9869105071e-22 0.
1505256126 1 9950.00976562 0. 4.97732714976e-22 0.
1505256161 1 9935.69335938 0. 4.97443731279e-22 0.
1505256171 1 9928.63085938 0. 4.97226927956e-22 0.
1505256206 1 9919.70703125 0. 4.97274972275e-22 0.
1505256266 1 9900.59667969 0. 4.97089251401e-22 0.
1505256327 1 9590.09472656 0. 4.82233732694e-22 0.
1505256387 1 9309.046875 0. 4.68809658298e-22 0.
1505256447 1 9832.828125 0. 4.9593934641e-22 0.
1505256507 1 9938.56738281 0. 5.02046267507e-22 0.
1505256567 1 9918.87597656 0. 5.0186238562e-22 0.
1505256627 1 9897.82128906 0. 5.01556781852e-22 0.
1505256687 1 9886.90332031 0. 5.01753789142e-22 0.
1505256747 1 9867.94726562 0. 5.01550385296e-22 0.
1505256807 1 9851.87597656 0. 5.01387642672e-22 0.
1505256868 1 9835.68066406 0. 5.01191725063e-22 0.
1505256928 1 9816.53613281 0. 5.00886012404e-22 0.
1505256988 1 9803.41699219 0. 5.00842734654e-22 0.
1505257048 1 9790.72070312 0. 5.00827577034e-22 0.
1505257108 1 9773.88671875 0. 5.00581519972e-22 0.
1505257168 1 9760.67871094 0. 5.00539307308e-22 0.
1505257228 1 9743.00585938 0. 5.00265188854e-22 0.
1505257288 1 9727.88378906 0. 5.00103550999e-22 0.
1505257348 1 9713.40039062 0. 4.99940622107e-22 0.
1505257409 1 9698.32910156 0. 4.99719746554e-22 0.
1505257469 1 9680.5546875 0. 4.99360115091e-22 0.
1505257529 1 9668.20214844 0. 4.9929986779e-22 0.
1505257589 1 9651.36328125 0. 4.9898851656e-22 0.
1505257626 1 9643.57519531 0. 4.98905913716e-22 0.
1505257662 1 9633.72070312 0. 4.98752225831e-22 0.
1505257722 1 9620.86230469 0. 4.98658483083e-22 0.
1505257783 1 9607.49707031 0. 4.98519410397e-22 0.
1505257843 1 9595.00488281 0. 4.98432160658e-22 0.
1505257903 1 9579.97949219 0. 4.98174948469e-22 0.
1505257963 1 9552.25097656 0. 4.97261663337e-22 0.
1505258023 1 9540.53320312 0. 4.97210555984e-22 0.
1505258083 1 9530.28417969 0. 4.97209074314e-22 0.
1505258143 1 9515.30078125 0. 4.96967208547e-22 0.
1505258203 1 9505.11816406 0. 4.96964416844e-22 0.
1505258263 1 9491.39160156 0. 4.9677334662e-22 0.
1505258324 1 9473.3984375 0. 4.96355971083e-22 0.
1505258379 1 9457.49707031 0. 4.95999816513e-22 0.
1505258434 1 9441.16699219 0. 4.95630181824e-22 0.
1505258494 1 9427.72558594 0. 4.9544457623e-22 0.
1505258554 1 9416.41015625 0. 4.95375195955e-22 0.
1505258614 1 9401.234375 0. 4.95087363334e-22 0.
1505258674 1 9386.14257812 0. 4.9482599908e-22 0.
1505258735 1 9365.35839844 0. 4.94235249299e-22 0.
1505258795 1 9353.09375 0. 4.94101940956e-22 0.
1505258855 1 9343.77050781 0. 4.94113411947e-22 0.
1505258915 1 9325.46191406 0. 4.93632006403e-22 0.
1505258975 1 9307.34765625 0. 4.93190798468e-22 0.
1505259035 1 9295.34375 0. 4.93064738428e-22 0.
1505259095 1 9278.38378906 0. 4.92660128461e-22 0.
1505259155 1 9262.59082031 0. 4.92298649244e-22 0.
1505259215 1 9081.77832031 0. 4.8314191162e-22 0.
1505259276 1 8822.80175781 0. 4.69799302425e-22 0.
1505259336 1 9136.70800781 0. 4.87015535668e-22 0.
1505259396 1 9272.22851562 0. 4.94730869621e-22 0.
1505259456 1 9259.44238281 0. 4.9456266331e-22 0.
1505259516 1 9245.35839844 0. 4.94305368936e-22 0.
1505259576 1 9235.5234375 0. 4.94257062444e-22 0.
1505259636 1 9224.19042969 0. 4.9411392273e-22 0.
1505259696 1 9206.79492188 0. 4.9367191699e-22 0.
1505259756 1 9196.03222656 0. 4.93584731635e-22 0.
1505259817 1 9183.83691406 0. 4.93414488688e-22 0.
1505259877 1 9172.40917969 0. 4.93293146825e-22 0.
1505259937 1 9161.76660156 0. 4.93196237963e-22 0.
1505259997 1 9146.78320312 0. 4.92869543984e-22 0.
1505260057 1 9135.74121094 0. 4.92741113907e-22 0.
1505260117 1 9119.90332031 0. 4.92383421525e-22 0.
1505260177 1 9105.80957031 0. 4.92087483597e-22 0.
1505260237 1 9091.15917969 0. 4.91759383132e-22 0.
1505260297 1 9081.33007812 0. 4.9169195431e-22 0.
1505260358 1 9071.171875 0. 4.91644002513e-22 0.
1505260418 1 9062.3359375 0. 4.91618214114e-22 0.
1505260478 1 9048.06542969 0. 4.91327485555e-22 0.
1505260538 1 9034.08398438 0. 4.91056970961e-22 0.
1505260598 1 8992.72753906 0. 4.89255802354e-22 0.
1505260658 1 9001.38671875 0. 4.90206627823e-22 0.
1505260718 1 8991.828125 0. 4.90144157846e-22 0.
1505260778 1 8983.63964844 0. 4.90170391091e-22 0.
1505260839 1 8970.74316406 0. 4.8994580325e-22 0.
1505260899 1 8960.74511719 0. 4.898553007e-22 0.
1505260959 1 8950.33007812 0. 4.89760147954e-22 0.
1505261019 1 8938.515625 0. 4.89563062694e-22 0.
1505261056 1 8924.67285156 0. 4.89053828474e-22 0.
1505261094 1 8925.79199219 0. 4.89431982132e-22 0.
1505261154 1 8914.33105469 0. 4.89273172772e-22 0.
1505261214 1 8902.84179688 0. 4.89101960568e-22 0.
1505261275 1 8894.08789062 0. 4.89095162317e-22 0.
1505261335 1 8880.19726562 0. 4.88802619785e-22 0.
1505261395 1 8870.10058594 0. 4.88679093187e-22 0.
1505261455 1 8857.97851562 0. 4.88467464096e-22 0.
1505261515 1 8848.49609375 0. 4.88406667513e-22 0.
1505261575 1 8835.58496094 0. 4.88161904616e-22 0.
1505261635 1 8826.12402344 0. 4.88112613341e-22 0.
1505261695 1 8812.21972656 0. 4.87807051774e-22 0.
1505261756 1 8799.32324219 0. 4.87528958685e-22 0.
1505261816 1 8787.95019531 0. 4.87367507225e-22 0.
1505261876 1 8781.05761719 0. 4.87445602943e-22 0.
1505261936 1 8772.47363281 0. 4.87414080624e-22 0.
1505261996 1 8760.67089844 0. 4.87219708243e-22 0.
1505262056 1 8746.640625 0. 4.86890526216e-22 0.
1505262116 1 8735.54296875 0. 4.86726044803e-22 0.
1505262176 1 8728.40136719 0. 4.86769300728e-22 0.
1505262236 1 8829.36523438 0. 4.92867476875e-22 0.
1505262296 1 8938.47167969 0. 4.99432398582e-22 0.
1505262357 1 8845.92480469 0. 4.94729493591e-22 0.
1505262417 1 8512.5390625 0. 4.76521209492e-22 0.
1505262477 1 8747.64453125 0. 4.90159029444e-22 0.
1505262537 1 8933.6015625 0. 5.01043268335e-22 0.
1505262597 1 8921.74511719 0. 5.00863781736e-22 0.
1505262657 1 8910.09179688 0. 5.0071429311e-22 0.
1505262717 1 8898.05664062 0. 5.00528190823e-22 0.
1505262777 1 8887.14453125 0. 5.00377304843e-22 0.
1505262837 1 8876.22949219 0. 5.00228593754e-22 0.
1505262898 1 8864.54394531 0. 5.00017327656e-22 0.
1505262958 1 8850.59863281 0. 4.99719282408e-22 0.
1505263018 1 8841.35644531 0. 4.9967961069e-22 0.
1505263078 1 8828.4765625 0. 4.99415888012e-22 0.
1505263138 1 8817.54101562 0. 4.99269352269e-22 0.
1505263198 1 8806.65039062 0. 4.99136230259e-22 0.
1505263258 1 8796.29003906 0. 4.99024905403e-22 0.
1505263318 1 8784.32128906 0. 4.98819156496e-22 0.
1505263378 1 8772.08691406 0. 4.98582328179e-22 0.
1505263439 1 8760.69628906 0. 4.98417892106e-22 0.
1505263499 1 8751.79101562 0. 4.98378126659e-22 0.
1505263559 1 8740.05957031 0. 4.9818085693e-22 0.
1505263619 1 8730.41113281 0. 4.98106376156e-22 0.
1505263679 1 8719.24902344 0. 4.97945101776e-22 0.
1505263739 1 8705.49121094 0. 4.9761821524e-22 0.
1505263799 1 8692.64453125 0. 4.97361069377e-22 0.
1505263859 1 8684.86425781 0. 4.97374657693e-22 0.
1505263919 1 8674.00976562 0. 4.9720781364e-22 0.
1505263980 1 8661.44824219 0. 4.96951873475e-22 0.
1505264040 1 8650.05273438 0. 4.9675411526e-22 0.
1505264100 1 8637.58886719 0. 4.96478282958e-22 0.
1505264160 1 8628.34277344 0. 4.96434100174e-22 0.
1505264220 1 8617.94921875 0. 4.96315795362e-22 0.
1505264280 1 8605.75390625 0. 4.96084467026e-22 0.
1505264340 1 8595.66796875 0. 4.95950533667e-22 0.
1505264400 1 8583.87207031 0. 4.95743962545e-22 0.
1505264460 1 8575.66113281 0. 4.95715861381e-22 0.
1505264521 1 8564.78320312 0. 4.95525555615e-22 0.
1505264581 1 8552.95214844 0. 4.95279878859e-22 0.
1505264641 1 8542.76074219 0. 4.95145917489e-22 0.
1505264701 1 8533.95703125 0. 4.95082985046e-22 0.
1505264761 1 8524.859375 0. 4.94992495518e-22 0.
1505264821 1 8512.98144531 0. 4.94755542582e-22 0.
1505264882 1 8503.83300781 0. 4.94674533575e-22 0.
1505264942 1 8491.26855469 0. 4.94396801122e-22 0.
1505265002 1 8479.12792969 0. 4.94140877958e-22 0.
1505265062 1 8466.81640625 0. 4.93860552494e-22 0.
1505265122 1 8459.18261719 0. 4.93854869184e-22 0.
1505265182 1 8449.98925781 0. 4.93768704069e-22 0.
1505265242 1 8439.36914062 0. 4.93594447558e-22 0.
1505265302 1 8429.265625 0. 4.93470870933e-22 0.
1505265362 1 8418.875 0. 4.93318880679e-22 0.
1505265423 1 8408.97363281 0. 4.93167570131e-22 0.
1505265483 1 8397.00585938 0. 4.92895810129e-22 0.
1505265543 1 8383.39550781 0. 4.92561448988e-22 0.
1505265603 1 8373.22949219 0. 4.92393485024e-22 0.
1505265663 1 8363.20605469 0. 4.92261059367e-22 0.
1505265723 1 8353.77832031 0. 4.92155264694e-22 0.
1505265783 1 8345.62207031 0. 4.92121684101e-22 0.
1505265843 1 8336.04785156 0. 4.91976522424e-22 0.
1505265903 1 8322.48046875 0. 4.91619663167e-22 0.
1505265963 1 8310.64160156 0. 4.91375117209e-22 0.
1505266005 1 8301.12890625 0. 4.91121892726e-22 0.
1505266047 1 8295.49707031 0. 4.91096429905e-22 0.
1505266108 1 8284.79882812 0. 4.90930621801e-22 0.
1505266168 1 8277.24023438 0. 4.90934436669e-22 0.
1505266228 1 8268.7265625 0. 4.90868113674e-22 0.
1505266288 1 8258.18164062 0. 4.90667916998e-22 0.
1505266348 1 8247.51367188 0. 4.90478263716e-22 0.
1505266408 1 8236.68554688 0. 4.90272595258e-22 0.
1505266468 1 8224.62207031 0. 4.89988817686e-22 0.
1505266529 1 8214.95800781 0. 4.89859908565e-22 0.
1505266589 1 8206.234375 0. 4.89763485526e-22 0.
1505266649 1 8195.59472656 0. 4.89535000894e-22 0.
1505266709 1 8187.234375 0. 4.89478520401e-22 0.
1505266769 1 8173.24560547 0. 4.89078563367e-22 0.
1505266829 1 8164.87890625 0. 4.89029033919e-22 0.
1505266889 1 8154.93994141 0. 4.88858383346e-22 0.
1505266949 1 8142.57128906 0. 4.88576195631e-22 0.
1505267009 1 8134.22509766 0. 4.8852646354e-22 0.
1505267070 1 8126.03271484 0. 4.88487255056e-22 0.
1505267130 1 8112.67578125 0. 4.88124464663e-22 0.
1505267190 1 8103.68505859 0. 4.8802537364e-22 0.
1505267250 1 8090.16894531 0. 4.87603752489e-22 0.
1505267310 1 8082.09521484 0. 4.87541570774e-22 0.
1505267370 1 8075.46289062 0. 4.87566687084e-22 0.
1505267430 1 8064.25537109 0. 4.8731020533e-22 0.
1505267490 1 8052.25634766 0. 4.87029724298e-22 0.
1505267550 1 8046.82226562 0. 4.87132361555e-22 0.
1505267611 1 8034.31347656 0. 4.86812821537e-22 0.
1505267671 1 8023.77539062 0. 4.8662885057e-22 0.
1505267731 1 7765.27832031 0. 4.71342392784e-22 0.
1505267791 1 7666.45361328 0. 4.65747965329e-22 0.
1505267851 1 8042.24365234 0. 4.89006444172e-22 0.
1505267911 1 8031.23095703 0. 4.88787355049e-22 0.
1505267971 1 8023.9375 0. 4.88766109344e-22 0.
1505268031 1 8016.58886719 0. 4.88741064584e-22 0.
1505268091 1 8007.90380859 0. 4.88648589788e-22 0.
1505268152 1 7999.54101562 0. 4.88577214412e-22 0.
1505268212 1 7989.14306641 0. 4.88379898445e-22 0.
1505268272 1 7980.72412109 0. 4.88298412279e-22 0.
1505268332 1 7972.1953125 0. 4.8818363255e-22 0.
1505268392 1 7963.61083984 0. 4.88095119963e-22 0.
1505268452 1 7954.11865234 0. 4.87946197414e-22 0.
1505268497 1 7947.81298828 0. 4.87870237836e-22 0.
1505268542 1 7939.87646484 0. 4.87701795713e-22 0.
1505268602 1 7930.63867188 0. 4.87554866652e-22 0.
1505268662 1 7922.43066406 0. 4.87470862581e-22 0.
1505268722 1 7912.96679688 0. 4.87307985381e-22 0.
1505268782 1 7904.71533203 0. 4.87264895423e-22 0.
1505268842 1 7895.58837891 0. 4.87138934777e-22 0.
1505268903 1 7887.67529297 0. 4.87076037651e-22 0.
1505268963 1 7879.64404297 0. 4.8700111198e-22 0.
1505269023 1 7870.97607422 0. 4.8690570817e-22 0.
1505269083 1 7861.66210938 0. 4.86744988921e-22 0.
1505269143 1 7850.03125 0. 4.86440719408e-22 0.
1505269203 1 7844.95849609 0. 4.8653312791e-22 0.
1505269263 1 7834.28564453 0. 4.86290573403e-22 0.
1505269323 1 7824.19775391 0. 4.86087751607e-22 0.
1505269383 1 7814.56152344 0. 4.85902517645e-22 0.
1505269443 1 7805.18505859 0. 4.85759459748e-22 0.
1505269504 1 7798.10400391 0. 4.85760291037e-22 0.
1505269564 1 7788.90039062 0. 4.85580294577e-22 0.
1505269624 1 7780.65771484 0. 4.85476370085e-22 0.
1505269684 1 7776.25878906 0. 4.85625037137e-22 0.
1505269744 1 7764.26611328 0. 4.85302439734e-22 0.
1505269804 1 7758.34912109 0. 4.85354302072e-22 0.
1505269864 1 7750.88818359 0. 4.85295106764e-22 0.
1505269924 1 7741.54980469 0. 4.85126217562e-22 0.
1505269985 1 7734.61523438 0. 4.85108671245e-22 0.
1505270045 1 7726.33935547 0. 4.85030828072e-22 0.
1505270105 1 7719.18164062 0. 4.84981189669e-22 0.
1505270165 1 7709.41699219 0. 4.8478919346e-22 0.
1505270225 1 7724.42675781 0. 4.86183980066e-22 0.
1505270285 1 7843.89404297 0. 4.94140127772e-22 0.
1505270345 1 7543.58642578 0. 4.75625052921e-22 0.
1505270405 1 7684.64208984 0. 4.84948695024e-22 0.
1505270465 1 7890.44287109 0. 4.98383556047e-22 0.
1505270526 1 7880.83642578 0. 4.98215527373e-22 0.
1505270586 1 7867.64941406 0. 4.9783171083e-22 0.
1505270646 1 7861.31005859 0. 4.97859367962e-22 0.
1505270706 1 7852.86132812 0. 4.97783063177e-22 0.
1505270766 1 7844.76025391 0. 4.9770946149e-22 0.
1505270826 1 7834.11230469 0. 4.97467934067e-22 0.
1505270886 1 7826.18115234 0. 4.97405139784e-22 0.
1505270946 1 7815.68212891 0. 4.97191112365e-22 0.
1505271006 1 7806.92333984 0. 4.97056685653e-22 0.
1505271067 1 7799.39208984 0. 4.96995298888e-22 0.
1505271127 1 7790.34033203 0. 4.96864527806e-22 0.
1505271187 1 7780.49072266 0. 4.96663574082e-22 0.
1505271247 1 7771.90332031 0. 4.96584391596e-22 0.
1505271307 1 7762.78710938 0. 4.9644015114e-22 0.
1505271367 1 7755.85839844 0. 4.9645315374e-22 0.
1505271427 1 7747.20751953 0. 4.96338892532e-22 0.
1505271462 1 7740.35986328 0. 4.96150462574e-22 0.
1505271481 1 7736.98095703 0. 4.96099636286e-22 0.
1505271525 1 7731.18847656 0. 4.96043766321e-22 0.
1505271585 1 7724.46582031 0. 4.96045280324e-22 0.
1505271645 1 7715.52099609 0. 4.9590809351e-22 0.
1505271705 1 7707.51025391 0. 4.95808875759e-22 0.
1505271765 1 7696.47705078 0. 4.95529779564e-22 0.
1505271825 1 7686.23583984 0. 4.9530091076e-22 0.
1505271886 1 7691.47119141 0. 4.9602059294e-22 0.
1505271946 1 7688.28027344 0. 4.96177054941e-22 0.
1505272006 1 7693.47753906 0. 4.96827702671e-22 0.
1505272066 1 7675.89941406 0. 4.96083509741e-22 0.
1505272126 1 7662.94189453 0. 4.95591326509e-22 0.
1505272186 1 7652.48828125 0. 4.95346469911e-22 0.
1505272246 1 7650.46435547 0. 4.95662832201e-22 0.
1505272306 1 7641.78222656 0. 4.95536267861e-22 0.
1505272366 1 7629.71142578 0. 4.95177547793e-22 0.
1505272427 1 7619.77539062 0. 4.94954587641e-22 0.
1505272487 1 7612.75634766 0. 4.9493288897e-22 0.
1505272547 1 7605.0390625 0. 4.94879403394e-22 0.
1505272607 1 7594.98339844 0. 4.94668021284e-22 0.
1505272667 1 7585.66650391 0. 4.94486049205e-22 0.
1505272727 1 7576.88574219 0. 4.94334286872e-22 0.
1505272787 1 7567.71191406 0. 4.9418636376e-22 0.
1505272847 1 7560.25976562 0. 4.94119821653e-22 0.
1505272907 1 7552.82714844 0. 4.9406504032e-22 0.
1505272968 1 7543.80029297 0. 4.93921821686e-22 0.
1505273028 1 7535.42822266 0. 4.93795534082e-22 0.
1505273088 1 7527.09960938 0. 4.93690280144e-22 0.
1505273148 1 7517.14453125 0. 4.9348010855e-22 0.
1505273208 1 7508.30615234 0. 4.93328044091e-22 0.
1505273268 1 7501.42480469 0. 4.93309293605e-22 0.
1505273328 1 7494.05175781 0. 4.93265932822e-22 0.
1505273388 1 7486.08642578 0. 4.93166618491e-22 0.
1505273448 1 7478.17138672 0. 4.93085538201e-22 0.
1505273509 1 7468.00244141 0. 4.92854078646e-22 0.
1505273569 1 7461.70556641 0. 4.9284651034e-22 0.
1505273629 1 7454.57080078 0. 4.92790623873e-22 0.
1505273665 1 7448.83056641 0. 4.92651829498e-22 0.
1505273702 1 7444.1640625 0. 4.92610832487e-22 0.
1505273762 1 7433.12011719 0. 4.92307872652e-22 0.
1505273802 1 6526.88818359 0. 4.32919408286e-22 0.
1505273843 1 0.138773962855 0. 1.22542749356e-22 0.
