1505313703 0 0.0 0. 0.0 0.
1505313754 0 0.0 0. 0.0 0.
1505313805 0 0.0 0. 0.0 0.
1505313866 0 0.0 0. 0.0 0.
1505313926 0 0.0 0. 0.0 0.
1505313985 0 0.0 0. 0.0 0.
1505314045 0 0.0 0. 0.0 0.
1505314105 0 0.0 0. 0.0 0.
1505314165 0 0.0 0. 0.0 0.
1505314225 0 0.0 0. 0.0 0.
1505314285 0 0.0 0. 0.0 0.
1505314345 0 0.0 0. 0.0 0.
1505314405 0 0.0 0. 0.0 0.
1505314466 0 0.0 0. 0.0 0.
1505314526 0 0.0 0. 0.0 0.
1505314586 0 0.0 0. 0.0 0.
1505314646 0 0.0 0. 0.0 0.
1505314706 0 0.0 0. 0.0 0.
1505314766 0 0.0 0. 0.0 0.
1505314826 0 0.0 0. 0.0 0.
1505314886 0 0.0 0. 0.0 0.
1505314946 0 0.0 0. 0.0 0.
1505315007 0 0.0 0. 0.0 0.
1505315067 0 0.0 0. 0.0 0.
1505315127 0 0.0 0. 0.0 0.
1505315187 0 0.0 0. 0.0 0.
1505315247 0 0.0 0. 0.0 0.
1505315301 0 0.0 0. 0.0 0.
1505315356 0 0.0 0. 0.0 0.
1505315416 0 0.0 0. 0.0 0.
1505315476 0 0.0 0. 0.0 0.
1505315536 0 0.0 0. 0.0 0.
1505315596 0 0.0 0. 0.0 0.
1505315657 0 0.0 0. 0.0 0.
1505315717 0 0.0 0. 0.0 0.
1505315777 0 0.0 0. 0.0 0.
1505315837 0 0.0 0. 0.0 0.
1505315897 0 0.0 0. 0.0 0.
1505315957 0 0.0 0. 0.0 0.
1505316017 0 0.0 0. 0.0 0.
1505316077 0 0.0 0. 0.0 0.
1505316137 0 0.0 0. 0.0 0.
1505316198 0 0.0 0. 0.0 0.
1505316258 0 0.0 0. 0.0 0.
1505316318 0 0.0 0. 0.0 0.
1505316378 0 0.0 0. 0.0 0.
1505316438 0 0.0 0. 0.0 0.
1505316498 0 0.0 0. 0.0 0.
1505316558 0 0.0 0. 0.0 0.
1505316618 0 0.0 0. 0.0 0.
1505316665 0 0.0 0. 0.0 0.
1505316711 0 0.0 0. 0.0 0.
1505316771 0 0.0 0. 0.0 0.
1505316831 0 0.0 0. 0.0 0.
1505316892 0 0.0 0. 0.0 0.
1505316952 0 0.0 0. 0.0 0.
1505317012 0 0.0 0. 0.0 0.
1505317072 0 0.0 0. 0.0 0.
1505317132 0 0.0 0. 0.0 0.
1505317192 0 0.0 0. 0.0 0.
1505317252 0 0.0 0. 0.0 0.
1505317312 0 0.0 0. 0.0 0.
1505317373 0 0.0 0. 0.0 0.
1505317433 0 0.0 0. 0.0 0.
1505317477 0 0.0 0. 0.0 0.
1505317522 0 0.0 0. 0.0 0.
1505317582 0 0.0 0. 0.0 0.
1505317643 0 0.0 0. 0.0 0.
1505317703 0 0.0 0. 0.0 0.
1505317763 0 0.0 0. 0.0 0.
1505317823 0 0.0 0. 0.0 0.
1505317883 0 0.0 0. 0.0 0.
1505317943 0 0.0 0. 0.0 0.
1505318003 0 0.0 0. 0.0 0.
1505318063 0 0.0 0. 0.0 0.
1505318123 0 0.0 0. 0.0 0.
1505318184 0 0.0 0. 0.0 0.
1505318244 0 0.0 0. 0.0 0.
1505318304 0 0.0 0. 0.0 0.
1505318364 0 0.0 0. 0.0 0.
1505318424 0 0.0 0. 0.0 0.
1505318484 0 0.0 0. 0.0 0.
1505318544 0 0.0 0. 0.0 0.
1505318604 0 0.0 0. 0.0 0.
1505318665 0 0.0 0. 0.0 0.
1505318725 0 0.0 0. 0.0 0.
1505318785 0 0.0 0. 0.0 0.
1505318845 0 0.0 0. 0.0 0.
1505318905 0 0.0 0. 0.0 0.
1505318965 0 0.0 0. 0.0 0.
1505319025 0 0.0 0. 0.0 0.
1505319085 0 0.0 0. 0.0 0.
1505319145 0 0.0 0. 0.0 0.
1505319206 0 0.0 0. 0.0 0.
1505319266 0 0.0 0. 0.0 0.
1505319326 0 0.0 0. 0.0 0.
1505319386 0 0.0 0. 0.0 0.
1505319446 0 0.0 0. 0.0 0.
1505319506 0 0.0 0. 0.0 0.
1505319566 0 0.0 0. 0.0 0.
1505319626 0 0.0 0. 0.0 0.
1505319687 0 0.0 0. 0.0 0.
1505319747 0 0.0 0. 0.0 0.
1505319807 0 0.0 0. 0.0 0.
1505319867 0 0.0 0. 0.0 0.
1505319927 0 0.0 0. 0.0 0.
1505319987 0 0.0 0. 0.0 0.
1505320047 0 0.0 0. 0.0 0.
1505320107 0 0.0 0. 0.0 0.
1505320167 0 0.0 0. 0.0 0.
1505320228 0 0.0 0. 0.0 0.
1505320288 0 0.0 0. 0.0 0.
1505320348 0 0.0 0. 0.0 0.
1505320408 0 0.0 0. 0.0 0.
1505320468 0 0.0 0. 0.0 0.
1505320528 0 0.0 0. 0.0 0.
1505320588 0 0.0 0. 0.0 0.
1505320648 0 0.0 0. 0.0 0.
1505320708 0 0.0 0. 0.0 0.
1505320769 0 0.0 0. 0.0 0.
1505320829 0 0.0 0. 0.0 0.
1505320889 0 0.0 0. 0.0 0.
1505320949 0 0.0 0. 0.0 0.
1505321009 0 0.0 0. 0.0 0.
1505321069 0 0.0 0. 0.0 0.
1505321129 0 0.0 0. 0.0 0.
1505321189 0 0.0 0. 0.0 0.
1505321250 0 0.0 0. 0.0 0.
1505321310 0 0.0 0. 0.0 0.
1505321371 0 0.0 0. 0.0 0.
1505321431 0 0.0 0. 0.0 0.
1505321492 0 0.0 0. 0.0 0.
1505321552 0 0.0 0. 0.0 0.
1505321613 0 0.0 0. 0.0 0.
1505321673 0 0.0 0. 0.0 0.
1505321734 0 0.0 0. 0.0 0.
1505321794 0 0.0 0. 0.0 0.
1505321855 0 0.0 0. 0.0 0.
1505321915 0 0.0 0. 0.0 0.
1505321976 0 0.0 0. 0.0 0.
1505322036 0 0.0 0. 0.0 0.
1505322096 0 0.0 0. 0.0 0.
1505322156 0 0.0 0. 0.0 0.
1505322216 0 0.0 0. 0.0 0.
1505322276 0 0.0 0. 0.0 0.
1505322336 0 0.0 0. 0.0 0.
1505322397 0 0.0 0. 0.0 0.
1505322457 0 0.0 0. 0.0 0.
1505322517 0 0.0 0. 0.0 0.
1505322577 0 0.0 0. 0.0 0.
1505322637 0 0.0 0. 0.0 0.
1505322697 0 0.0 0. 0.0 0.
1505322757 0 0.0 0. 0.0 0.
1505322817 0 0.0 0. 0.0 0.
1505322877 0 0.0 0. 0.0 0.
1505322938 0 0.0 0. 0.0 0.
1505322998 0 0.0 0. 0.0 0.
1505323058 0 0.0 0. 0.0 0.
1505323118 0 0.0 0. 0.0 0.
1505323178 0 0.0 0. 0.0 0.
1505323238 0 0.0 0. 0.0 0.
1505323298 0 0.0 0. 0.0 0.
1505323358 0 0.0 0. 0.0 0.
1505323418 0 0.0 0. 0.0 0.
1505323479 0 0.0 0. 0.0 0.
1505323539 0 0.0 0. 0.0 0.
1505323599 0 0.0 0. 0.0 0.
1505323659 0 0.0 0. 0.0 0.
1505323719 0 0.0 0. 0.0 0.
1505323779 0 0.0 0. 0.0 0.
1505323839 0 0.0 0. 0.0 0.
1505323899 0 0.0 0. 0.0 0.
1505323959 0 0.0 0. 0.0 0.
1505324020 0 0.0 0. 0.0 0.
1505324080 0 0.0 0. 0.0 0.
1505324140 0 0.0 0. 0.0 0.
1505324200 0 0.0 0. 0.0 0.
1505324260 0 0.0 0. 0.0 0.
1505324320 0 0.0 0. 0.0 0.
1505324380 0 0.0 0. 0.0 0.
1505324440 0 0.0 0. 0.0 0.
1505324500 0 0.0 0. 0.0 0.
1505324561 0 0.0 0. 0.0 0.
1505324621 0 0.0 0. 0.0 0.
1505324681 0 0.0 0. 0.0 0.
1505324741 0 0.0 0. 0.0 0.
1505324801 0 0.0 0. 0.0 0.
1505324861 0 0.0 0. 0.0 0.
1505324921 0 0.0 0. 0.0 0.
1505324981 0 0.0 0. 0.0 0.
1505325041 0 0.0 0. 0.0 0.
1505325102 0 0.0 0. 0.0 0.
1505325162 0 0.0 0. 0.0 0.
1505325222 0 0.0 0. 0.0 0.
1505325282 0 0.0 0. 0.0 0.
1505325342 0 0.0 0. 0.0 0.
1505325402 0 0.0 0. 0.0 0.
1505325462 0 0.0 0. 0.0 0.
1505325522 0 0.0 0. 0.0 0.
1505325583 0 0.0 0. 0.0 0.
1505325643 0 0.0 0. 0.0 0.
1505325703 0 0.0 0. 0.0 0.
1505326886 0 0.0 0. 0.0 0.
