1506601749 1 14958.1103516 0. 5.65045952661e-22 0.
1506601809 1 15219.1337891 0. 5.76524966981e-22 0.
1506601869 1 15117.0878906 0. 5.74126919008e-22 0.
1506601918 1 15050.2431641 0. 5.72559049043e-22 0.
1506601967 1 15015.4521484 0. 5.72185503432e-22 0.
1506602008 1 14967.0224609 0. 5.71071451642e-22 0.
1506602048 1 14964.296875 0. 5.71775883398e-22 0.
1506602108 1 14957.7148438 0. 5.72669259151e-22 0.
1506602168 1 14623.09375 0. 5.60920651283e-22 0.
1506602207 1 14653.8037109 0. 5.6277025377e-22 0.
1506602247 1 14182.9824219 0. 5.45461715942e-22 0.
1506602307 1 15023.9365234 0. 5.78822778561e-22 0.
1506602367 1 14980.3339844 0. 5.7818565005e-22 0.
1506602406 1 14965.1494141 0. 5.78262107974e-22 0.
1506602444 1 14948.2763672 0. 5.78326014712e-22 0.
1506602505 1 14918.5791016 0. 5.78405487208e-22 0.
1506602547 1 14900.6074219 0. 5.78430361903e-22 0.
1506602590 1 14866.2001953 0. 5.77838672624e-22 0.
1506602625 1 14759.6582031 0. 5.74260974514e-22 0.
1506602661 1 14732.2890625 0. 5.73838586014e-22 0.
1506602721 1 14705.2714844 0. 5.73805380666e-22 0.
1506602778 1 14669.6835938 0. 5.73333681215e-22 0.
1506602836 1 14631.2216797 0. 5.72728207711e-22 0.
1506602871 1 14614.3427734 0. 5.72600380848e-22 0.
1506602906 1 14592.4990234 0. 5.72357160474e-22 0.
1506602967 1 14561.8125 0. 5.72064593179e-22 0.
1506603014 1 14543.5009766 0. 5.72060364411e-22 0.
1506603062 1 14511.796875 0. 5.71513756745e-22 0.
1506603122 1 14479.2138672 0. 5.71119132479e-22 0.
1506603182 1 14443.4414062 0. 5.70563863954e-22 0.
1506603242 1 14402.1513672 0. 5.69814892209e-22 0.
1506603302 1 14430.3349609 0. 5.71798484354e-22 0.
1506603362 1 14440.6621094 0. 5.72956139025e-22 0.
1506603421 1 14415.6347656 0. 5.72786324875e-22 0.
1506603459 1 14454.6611328 0. 5.74790395362e-22 0.
1506603500 1 14398.25 0. 5.73059769627e-22 0.
1506603561 1 14167.7773438 0. 5.64621800063e-22 0.
1506603621 1 14111.7744141 0. 5.63197085005e-22 0.
1506603681 1 14181.0625 0. 5.66829993342e-22 0.
1506603741 1 14170.5722656 0. 5.67301206147e-22 0.
1506603801 1 14158.3730469 0. 5.67674854525e-22 0.
1506603861 1 14130.3417969 0. 5.67454905216e-22 0.
1506603921 1 14110.7910156 0. 5.67529054645e-22 0.
1506603981 1 13899.2919922 0. 5.59896613727e-22 0.
1506604041 1 13264.8798828 0. 5.35167215344e-22 0.
1506604095 1 14195.5048828 0. 5.73461459695e-22 0.
1506604148 1 14307.6337891 0. 5.78751661427e-22 0.
1506604209 1 14276.0244141 0. 5.78337190755e-22 0.
1506604269 1 14271.1962891 0. 5.78982967091e-22 0.
1506604329 1 14258.3056641 0. 5.79332808924e-22 0.
1506604389 1 14244.1894531 0. 5.79661832518e-22 0.
1506604449 1 14229.6435547 0. 5.79938112828e-22 0.
1506604509 1 14208.9648438 0. 5.80009045007e-22 0.
1506604569 1 14182.6201172 0. 5.79800228483e-22 0.
1506604629 1 14156.5087891 0. 5.79601487743e-22 0.
1506604681 1 14134.1181641 0. 5.79433975198e-22 0.
1506604733 1 14112.4394531 0. 5.79278672288e-22 0.
1506604793 1 14085.5351562 0. 5.79028500682e-22 0.
1506604853 1 14061.2832031 0. 5.78859447734e-22 0.
1506604913 1 14046.3251953 0. 5.79095250035e-22 0.
1506604953 1 14032.6591797 0. 5.7907138256e-22 0.
1506604993 1 14014.4658203 0. 5.78917056958e-22 0.
1506605053 1 13985.3251953 0. 5.78568002409e-22 0.
1506605113 1 13964.1113281 0. 5.78529697355e-22 0.
1506605173 1 13944.8359375 0. 5.78559664253e-22 0.
1506605208 1 13934.3115234 0. 5.78562755464e-22 0.
1506605239 1 13921.1552734 0. 5.78491003682e-22 0.
1506605283 1 13903.5917969 0. 5.78367494352e-22 0.
1506605331 1 13883.0273438 0. 5.78211472116e-22 0.
1506605392 1 13859.953125 0. 5.7804179704e-22 0.
1506605452 1 13843.4169922 0. 5.78180268166e-22 0.
1506605512 1 13821.6679688 0. 5.78091151128e-22 0.
1506605547 1 13807.7773438 0. 5.77965801034e-22 0.
1506605582 1 13790.8056641 0. 5.77760298617e-22 0.
1506605642 1 13769.7109375 0. 5.77668628833e-22 0.
1506605702 1 13746.0791016 0. 5.77458300122e-22 0.
1506605763 1 13729.9697266 0. 5.77559501354e-22 0.
1506605823 1 13706.0322266 0. 5.77366527253e-22 0.
1506605883 1 13686.3076172 0. 5.77333998872e-22 0.
1506605943 1 13664.71875 0. 5.77223892244e-22 0.
1506606003 1 13638.1074219 0. 5.76863188621e-22 0.
1506606063 1 13616.3515625 0. 5.76689326796e-22 0.
1506606123 1 13591.9580078 0. 5.7644115622e-22 0.
1506606183 1 13572.2314453 0. 5.76408476615e-22 0.
1506606243 1 13548.8203125 0. 5.7617558836e-22 0.
1506606304 1 13525.2080078 0. 5.7591786363e-22 0.
1506606357 1 13507.7626953 0. 5.7584819084e-22 0.
1506606410 1 13487.0039062 0. 5.75653582387e-22 0.
1506606464 1 13466.1191406 0. 5.75439898726e-22 0.
1506606510 1 13449.0410156 0. 5.7528433065e-22 0.
1506606562 1 13425.6103516 0. 5.74960472169e-22 0.
1506606622 1 13401.2255859 0. 5.74693699533e-22 0.
1506606683 1 13377.0673828 0. 5.74439684437e-22 0.
1506606743 1 13369.6708984 0. 5.74873009097e-22 0.
1506606803 1 13335.1484375 0. 5.7414700049e-22 0.
1506606863 1 13298.640625 0. 5.7335113263e-22 0.
1506606923 1 13289.5107422 0. 5.73731848771e-22 0.
1506606983 1 13268.2158203 0. 5.73551840612e-22 0.
1506607043 1 13244.5205078 0. 5.73284883749e-22 0.
1506607103 1 13222.9355469 0. 5.73136344681e-22 0.
1506607158 1 13208.7705078 0. 5.73275164752e-22 0.
1506607213 1 13196.2929688 0. 5.73414450366e-22 0.
1506607273 1 13178.6542969 0. 5.73364070642e-22 0.
1506607333 1 13153.6699219 0. 5.73025328179e-22 0.
1506607393 1 13128.6806641 0. 5.72680682216e-22 0.
1506607454 1 13110.3779297 0. 5.72676314159e-22 0.
1506607514 1 13086.5878906 0. 5.72374824186e-22 0.
1506607574 1 13063.2568359 0. 5.72084387392e-22 0.
1506607634 1 13045.9658203 0. 5.72082846955e-22 0.
1506607694 1 13044.3046875 0. 5.72778420296e-22 0.
1506607754 1 13023.9833984 0. 5.72617176489e-22 0.
1506607814 1 12996.9082031 0. 5.72161891897e-22 0.
1506607874 1 12972.0039062 0. 5.71803653503e-22 0.
1506607934 1 12943.4648438 0. 5.71284167024e-22 0.
1506607970 1 12929.8154297 0. 5.71104196986e-22 0.
1506607989 1 12924.9335938 0. 5.7113878636e-22 0.
1506608034 1 12905.6279297 0. 5.70841560396e-22 0.
1506608094 1 12892.4785156 0. 5.7097277339e-22 0.
1506608154 1 12867.1591797 0. 5.70564587989e-22 0.
1506608214 1 12842.6640625 0. 5.70221404853e-22 0.
1506608274 1 12828.1289062 0. 5.70311848944e-22 0.
1506608334 1 12816.3896484 0. 5.70563553827e-22 0.
1506608394 1 12795.0634766 0. 5.70327989524e-22 0.
1506608454 1 12777.5390625 0. 5.70286510252e-22 0.
1506608511 1 12756.4267578 0. 5.70048128631e-22 0.
1506608568 1 12737.0634766 0. 5.69865875916e-22 0.
1506608607 1 12719.1416016 0. 5.69487329429e-22 0.
1506608645 1 12710.0087891 0. 5.69539892176e-22 0.
1506608705 1 12674.625 0. 5.6865765174e-22 0.
1506608765 1 12647.9921875 0. 5.68204475115e-22 0.
1506608825 1 12650.9492188 0. 5.6904517369e-22 0.
1506608885 1 12633.0419922 0. 5.68985749281e-22 0.
1506608945 1 12616.0527344 0. 5.6892426445e-22 0.
1506609001 1 12600.0 0. 5.68860635145e-22 0.
1506609057 1 12581.0898438 0. 5.68635386082e-22 0.
1506609117 1 12563.6855469 0. 5.68550019999e-22 0.
1506609177 1 12540.4345703 0. 5.68221763801e-22 0.
1506609237 1 12528.0478516 0. 5.68347659301e-22 0.
1506609297 1 12857.6933594 0. 5.8405873291e-22 0.
1506609357 1 12660.2900391 0. 5.7587188975e-22 0.
1506609418 1 12605.4072266 0. 5.74169484107e-22 0.
1506609478 1 12372.5498047 0. 5.64318455101e-22 0.
1506609538 1 12916.078125 0. 5.89911459672e-22 0.
1506609598 1 12898.9814453 0. 5.89930459228e-22 0.
1506609658 1 12877.0175781 0. 5.89729343979e-22 0.
1506609718 1 12857.2353516 0. 5.89630810887e-22 0.
1506609778 1 12839.4833984 0. 5.89608909095e-22 0.
1506609838 1 12818.0722656 0. 5.89420034567e-22 0.
1506609898 1 12797.4140625 0. 5.89281637657e-22 0.
1506609959 1 12779.28125 0. 5.89270971368e-22 0.
1506610019 1 12758.1035156 0. 5.89084093654e-22 0.
1506610079 1 12738.7099609 0. 5.88971479225e-22 0.
1506610139 1 12722.1972656 0. 5.88984284124e-22 0.
1506610199 1 12702.3222656 0. 5.88868447391e-22 0.
1506610259 1 12680.3476562 0. 5.88671577251e-22 0.
1506610319 1 12661.4873047 0. 5.88564778329e-22 0.
1506610379 1 12642.6572266 0. 5.88486010319e-22 0.
1506610439 1 12621.6503906 0. 5.88309564814e-22 0.
1506610500 1 12603.8720703 0. 5.88285398318e-22 0.
1506610560 1 12583.0986328 0. 5.88131973291e-22 0.
1506610620 1 12564.6630859 0. 5.8807473527e-22 0.
1506610680 1 12543.2099609 0. 5.87855378513e-22 0.
1506610740 1 12528.0761719 0. 5.87951403505e-22 0.
1506610800 1 12513.8476562 0. 5.88074890954e-22 0.
1506610860 1 12496.9619141 0. 5.88062921666e-22 0.
1506610920 1 12474.5400391 0. 5.87787460039e-22 0.
1506610981 1 12455.7558594 0. 5.87699060885e-22 0.
1506611023 1 12442.3789062 0. 5.87612747087e-22 0.
1506611065 1 12429.3701172 0. 5.87548198426e-22 0.
1506611125 1 12412.8515625 0. 5.87537828861e-22 0.
1506611185 1 12397.8740234 0. 5.87619098724e-22 0.
1506611245 1 12379.1152344 0. 5.87508538682e-22 0.
1506611305 1 12332.0029297 0. 5.86061589276e-22 0.
1506611365 1 12313.1806641 0. 5.85920189129e-22 0.
1506611425 1 12299.9433594 0. 5.86061471756e-22 0.
1506611485 1 12282.3779297 0. 5.86009239678e-22 0.
1506611546 1 12264.7402344 0. 5.85976134698e-22 0.
1506611606 1 12243.6669922 0. 5.85734962306e-22 0.
1506611661 1 12221.8613281 0. 5.85425109157e-22 0.
1506611717 1 12199.1054688 0. 5.85033417947e-22 0.
1506611777 1 12182.3056641 0. 5.84978599585e-22 0.
1506611838 1 12165.2275391 0. 5.84927574567e-22 0.
1506611898 1 12148.0322266 0. 5.84896688804e-22 0.
1506611958 1 12126.6015625 0. 5.8461157391e-22 0.
1506612018 1 12106.0722656 0. 5.84381464012e-22 0.
1506612078 1 12089.3798828 0. 5.84345167511e-22 0.
1506612138 1 12074.2275391 0. 5.8435633569e-22 0.
1506612198 1 12045.4404297 0. 5.83722194334e-22 0.
1506612258 1 12026.4970703 0. 5.83568039917e-22 0.
1506612318 1 12010.3398438 0. 5.83499038447e-22 0.
1506612379 1 11984.796875 0. 5.83018584625e-22 0.
1506612439 1 11972.3330078 0. 5.83162526863e-22 0.
1506612499 1 11956.1826172 0. 5.8314431447e-22 0.
1506612559 1 11942.8886719 0. 5.8325041335e-22 0.
1506612611 1 11930.3818359 0. 5.83263650148e-22 0.
1506612644 1 11919.2304688 0. 5.83120598247e-22 0.
1506612686 1 11906.4716797 0. 5.83035613071e-22 0.
1506612746 1 11887.0410156 0. 5.82834102967e-22 0.
1506612806 1 11864.1181641 0. 5.82477563734e-22 0.
1506612866 1 11840.8720703 0. 5.821077494e-22 0.
1506612926 1 11822.1152344 0. 5.81936675573e-22 0.
1506612986 1 11803.8505859 0. 5.817331092e-22 0.
1506613047 1 11784.5830078 0. 5.81474779702e-22 0.
1506613107 1 11774.7460938 0. 5.81778412154e-22 0.
1506613167 1 11762.3857422 0. 5.81910781929e-22 0.
1506613227 1 11743.8271484 0. 5.81719701672e-22 0.
1506613287 1 11716.2246094 0. 5.81105374539e-22 0.
1506613347 1 11712.6123047 0. 5.81698214244e-22 0.
1506613407 1 11696.0439453 0. 5.81596369893e-22 0.
1506613467 1 11685.421875 0. 5.81794315605e-22 0.
1506613527 1 11668.1533203 0. 5.81641418774e-22 0.
1506613588 1 11647.2792969 0. 5.81291053676e-22 0.
1506613648 1 11627.9697266 0. 5.81078224259e-22 0.
1506613708 1 11610.9853516 0. 5.80920208042e-22 0.
1506613768 1 11598.0498047 0. 5.81015772784e-22 0.
1506613828 1 11591.8867188 0. 5.81390619922e-22 0.
1506613888 1 11578.6142578 0. 5.81412443802e-22 0.
1506613948 1 11574.2792969 0. 5.81918860629e-22 0.
1506614008 1 11560.5585938 0. 5.81930087617e-22 0.
1506614069 1 11541.8105469 0. 5.81702414031e-22 0.
1506614129 1 11528.4306641 0. 5.81742824196e-22 0.
1506614189 1 11513.7207031 0. 5.81708432695e-22 0.
1506614249 1 11503.3525391 0. 5.81894738428e-22 0.
1506614309 1 11485.4628906 0. 5.81699389114e-22 0.
1506614369 1 11472.8740234 0. 5.81779264746e-22 0.
1506614429 1 11458.5810547 0. 5.81775462598e-22 0.
1506614489 1 11158.765625 0. 5.6721080997e-22 0.
1506614549 1 11003.3339844 0. 5.59998521329e-22 0.
1506614610 1 11452.34375 0. 5.83587199351e-22 0.
1506614670 1 11439.0039062 0. 5.83622738824e-22 0.
1506614730 1 11425.8876953 0. 5.83686987008e-22 0.
1506614769 1 11410.0859375 0. 5.83360109353e-22 0.
1506614798 1 11378.8896484 0. 5.82068471758e-22 0.
1506614847 1 11388.3203125 0. 5.83119804396e-22 0.
1506614907 1 11375.7011719 0. 5.83180056683e-22 0.
1506614967 1 11362.5302734 0. 5.8320388237e-22 0.
1506615027 1 11343.9667969 0. 5.82967960785e-22 0.
1506615088 1 11330.5380859 0. 5.83011948162e-22 0.
1506615148 1 11316.4619141 0. 5.82971568038e-22 0.
1506615208 1 11300.5458984 0. 5.82881456266e-22 0.
1506615268 1 11284.6855469 0. 5.82770974456e-22 0.
1506615328 1 11271.5839844 0. 5.82779524605e-22 0.
1506615388 1 11257.3232422 0. 5.82757113966e-22 0.
1506615448 1 11240.5576172 0. 5.8257848173e-22 0.
1506615508 1 11229.0146484 0. 5.82665162915e-22 0.
1506615568 1 11211.6669922 0. 5.8246011143e-22 0.
1506615629 1 11196.5888672 0. 5.82415980924e-22 0.
1506615689 1 11181.4130859 0. 5.82297808837e-22 0.
1506615749 1 11165.0517578 0. 5.82156323824e-22 0.
1506615809 1 11149.7871094 0. 5.82054160246e-22 0.
1506615869 1 11137.3320312 0. 5.8212095813e-22 0.
1506615929 1 11121.1191406 0. 5.81969120089e-22 0.
1506615989 1 11106.9511719 0. 5.81930136852e-22 0.
1506616049 1 11091.1572266 0. 5.81798353436e-22 0.
1506616109 1 11077.7021484 0. 5.81803194106e-22 0.
1506616145 1 11067.2597656 0. 5.81632344177e-22 0.
1506616157 1 11061.5869141 0. 5.81473431882e-22 0.
1506616195 1 11056.0449219 0. 5.81670900531e-22 0.
1506616255 1 11041.40625 0. 5.81589991013e-22 0.
1506616315 1 11028.2861328 0. 5.81596044624e-22 0.
1506616375 1 11012.7412109 0. 5.81489168744e-22 0.
1506616435 1 10997.6884766 0. 5.81388083302e-22 0.
1506616495 1 10980.1865234 0. 5.81153380498e-22 0.
1506616555 1 10965.7431641 0. 5.81031632783e-22 0.
1506616615 1 10950.1152344 0. 5.8087476769e-22 0.
1506616675 1 10935.2636719 0. 5.80796205177e-22 0.
1506616736 1 10922.3789062 0. 5.80810936278e-22 0.
1506616796 1 10904.5556641 0. 5.80569019866e-22 0.
1506616856 1 10888.4472656 0. 5.80404809414e-22 0.
1506616916 1 10873.1806641 0. 5.80270953328e-22 0.
1506616976 1 10857.1064453 0. 5.80112469867e-22 0.
1506617036 1 10842.7597656 0. 5.80044150351e-22 0.
1506617096 1 10829.0234375 0. 5.80024455078e-22 0.
1506617156 1 10815.5683594 0. 5.79982780624e-22 0.
1506617217 1 10800.8105469 0. 5.79884264094e-22 0.
1506617277 1 10786.7041016 0. 5.79783287922e-22 0.
1506617337 1 10771.2607422 0. 5.79636648309e-22 0.
1506617385 1 10752.3916016 0. 5.79143043778e-22 0.
1506617416 1 10748.359375 0. 5.79272016235e-22 0.
1506617458 1 10736.9921875 0. 5.79129961329e-22 0.
1506617518 1 10721.7880859 0. 5.78974689672e-22 0.
1506617579 1 10709.3261719 0. 5.7894915421e-22 0.
1506617639 1 10692.9316406 0. 5.78729639772e-22 0.
1506617699 1 10677.1757812 0. 5.78564738356e-22 0.
1506617759 1 10661.3974609 0. 5.78355261158e-22 0.
1506617819 1 10644.6044922 0. 5.78095526367e-22 0.
1506617879 1 10627.515625 0. 5.7781079998e-22 0.
1506617939 1 10613.8701172 0. 5.77724913068e-22 0.
1506617999 1 10601.9316406 0. 5.77742464357e-22 0.
1506618059 1 10586.1201172 0. 5.77566914849e-22 0.
1506618120 1 10569.6962891 0. 5.77338036039e-22 0.
1506618180 1 10556.3505859 0. 5.7726431684e-22 0.
1506618240 1 10541.5839844 0. 5.77102633266e-22 0.
1506618300 1 10527.0205078 0. 5.76959113223e-22 0.
1506618360 1 10513.1044922 0. 5.76871011576e-22 0.
1506618420 1 10499.0292969 0. 5.76752419573e-22 0.
1506618480 1 10485.4433594 0. 5.767079753e-22 0.
1506618517 1 10474.1259766 0. 5.76512155159e-22 0.
1506618547 1 10460.7226562 0. 5.76096943144e-22 0.
1506618599 1 10447.2978516 0. 5.75936402297e-22 0.
1506618660 1 10434.9326172 0. 5.75894767727e-22 0.
1506618720 1 10424.6894531 0. 5.7597943306e-22 0.
1506618780 1 10408.9951172 0. 5.75792122589e-22 0.
1506618840 1 10391.5146484 0. 5.75502470509e-22 0.
1506618900 1 10382.0664062 0. 5.75638190222e-22 0.
1506618960 1 10373.4794922 0. 5.75824947784e-22 0.
1506619020 1 10354.8837891 0. 5.75450135621e-22 0.
1506619080 1 10332.5068359 0. 5.74866568174e-22 0.
1506619140 1 10317.1074219 0. 5.7467446386e-22 0.
1506619201 1 10303.4863281 0. 5.745896741e-22 0.
1506619261 1 10286.9941406 0. 5.74332734768e-22 0.
1506619321 1 10271.9335938 0. 5.7413811902e-22 0.
1506619381 1 10256.7148438 0. 5.73936352806e-22 0.
1506619441 1 10248.2314453 0. 5.7412292075e-22 0.
1506619501 1 10239.7070312 0. 5.74311637911e-22 0.
1506619561 1 10224.1083984 0. 5.74074792313e-22 0.
1506619621 1 10202.3574219 0. 5.73498695815e-22 0.
1506619681 1 10188.9296875 0. 5.7340426119e-22 0.
1506619742 1 10184.1855469 0. 5.73802935288e-22 0.
1506619802 1 10177.4648438 0. 5.74064404687e-22 0.
1506619862 1 10164.1142578 0. 5.73960448454e-22 0.
1506619922 1 10149.7158203 0. 5.73793770938e-22 0.
1506619982 1 10129.6855469 0. 5.7331054241e-22 0.
1506620042 1 10119.5673828 0. 5.73382969541e-22 0.
1506620102 1 10115.1533203 0. 5.73793459268e-22 0.
1506620162 1 10104.2392578 0. 5.73813230945e-22 0.
1506620222 1 10094.3134766 0. 5.73931794071e-22 0.
1506620283 1 10082.2060547 0. 5.73879023523e-22 0.
1506620343 1 10059.3896484 0. 5.73236234878e-22 0.
1506620403 1 10061.1855469 0. 5.73994413171e-22 0.
1506620463 1 10043.1962891 0. 5.73607597752e-22 0.
1506620523 1 10024.2832031 0. 5.73175925128e-22 0.
1506620583 1 10010.8974609 0. 5.73055210505e-22 0.
1506620643 1 9999.08984375 0. 5.730373354e-22 0.
1506620703 1 9989.07910156 0. 5.73117331462e-22 0.
1506620763 1 9975.03125 0. 5.72933525175e-22 0.
1506620824 1 9969.79492188 0. 5.73253002565e-22 0.
1506620884 1 9952.25488281 0. 5.72888018656e-22 0.
1506620922 1 9942.99316406 0. 5.72728934859e-22 0.
1506620950 1 9939.66015625 0. 5.72843833429e-22 0.
1506621000 1 9923.93652344 0. 5.7247392777e-22 0.
1506621061 1 9910.13183594 0. 5.72312102722e-22 0.
1506621121 1 9899.984375 0. 5.7233930356e-22 0.
1506621181 1 9881.81347656 0. 5.71933293285e-22 0.
1506621241 1 9868.73339844 0. 5.71798841259e-22 0.
1506621301 1 9854.92578125 0. 5.71621686213e-22 0.
1506621361 1 9842.23632812 0. 5.71480966612e-22 0.
1506621421 1 9827.73925781 0. 5.71269234081e-22 0.
1506621482 1 9804.51953125 0. 5.70563722809e-22 0.
1506621542 1 9787.81054688 0. 5.70227161378e-22 0.
1506621602 1 9770.40429688 0. 5.69840331951e-22 0.
1506621662 1 9763.57714844 0. 5.70069529994e-22 0.
1506621722 1 9745.9296875 0. 5.69678143067e-22 0.
1506621782 1 9737.14257812 0. 5.69764129555e-22 0.
1506621842 1 9723.38378906 0. 5.69560106134e-22 0.
1506621902 1 9696.54492188 0. 5.68612016735e-22 0.
1506621962 1 9686.60644531 0. 5.68650301224e-22 0.
1506622023 1 9671.98632812 0. 5.68416249902e-22 0.
1506622083 1 9662.24511719 0. 5.68467197623e-22 0.
1506622143 1 9649.25585938 0. 5.683469003e-22 0.
1506622203 1 9641.76367188 0. 5.68524286041e-22 0.
1506622263 1 9635.96386719 0. 5.68816937493e-22 0.
1506622323 1 9620.17578125 0. 5.68509709095e-22 0.
1506622383 1 9597.35839844 0. 5.67783322541e-22 0.
1506622443 1 9578.53320312 0. 5.67261961001e-22 0.
1506622503 1 9565.76367188 0. 5.67117494537e-22 0.
1506622564 1 9556.75390625 0. 5.67213085018e-22 0.
1506622624 1 9560.703125 0. 5.68079786534e-22 0.
1506622684 1 9550.52441406 0. 5.68122967274e-22 0.
1506622744 1 9538.00976562 0. 5.68021397515e-22 0.
1506622804 1 9522.94335938 0. 5.67729115619e-22 0.
1506622864 1 9493.56933594 0. 5.66615718718e-22 0.
1506622924 1 9489.20996094 0. 5.66945641045e-22 0.
1506622984 1 9478.77050781 0. 5.66944671861e-22 0.
1506623044 1 9470.015625 0. 5.67051318225e-22 0.
1506623104 1 9460.02929688 0. 5.67101452476e-22 0.
1506623157 1 9447.92773438 0. 5.66920068984e-22 0.
1506623200 1 9442.8515625 0. 5.67064843773e-22 0.
1506623252 1 9432.32324219 0. 5.66968650281e-22 0.
1506623312 1 9428.63183594 0. 5.67357465565e-22 0.
1506623372 1 9428.19140625 0. 5.6795200266e-22 0.
1506623432 1 9415.6640625 0. 5.67811436846e-22 0.
1506623492 1 9398.96191406 0. 5.67406747193e-22 0.
1506623537 1 9389.26464844 0. 5.6726683531e-22 0.
1506623568 1 9374.66699219 0. 5.66692837315e-22 0.
1506623614 1 9370.40332031 0. 5.66878741425e-22 0.
1506623674 1 9419.21484375 0. 5.70459969207e-22 0.
1506623734 1 9609.515625 0. 5.82663333298e-22 0.
1506623794 1 9373.76855469 0. 5.69016884949e-22 0.
1506623854 1 9098.57421875 0. 5.52992275331e-22 0.
1506623914 1 9285.89160156 0. 5.64970772269e-22 0.
1506623974 1 9675.5546875 0. 5.89387038292e-22 0.
1506624034 1 9663.89160156 0. 5.89379943775e-22 0.
1506624088 1 9655.92382812 0. 5.89517856295e-22 0.
1506624133 1 9647.80175781 0. 5.89553647987e-22 0.
1506624185 1 9635.81347656 0. 5.89391925388e-22 0.
1506624245 1 9623.56445312 0. 5.8932874358e-22 0.
1506624305 1 9610.88769531 0. 5.89232468488e-22 0.
1506624365 1 9601.78417969 0. 5.89360253915e-22 0.
1506624425 1 9589.20996094 0. 5.89286259229e-22 0.
1506624485 1 9577.72851562 0. 5.89278825995e-22 0.
1506624545 1 9565.10351562 0. 5.89196120187e-22 0.
1506624606 1 9549.55761719 0. 5.88905358706e-22 0.
1506624666 1 9539.27148438 0. 5.88946930095e-22 0.
1506624726 1 9524.48535156 0. 5.88738066118e-22 0.
1506624786 1 9512.70996094 0. 5.8871877549e-22 0.
1506624846 1 9503.63085938 0. 5.88841956464e-22 0.
1506624906 1 9489.62890625 0. 5.88651444213e-22 0.
1506624966 1 9479.64257812 0. 5.88715515043e-22 0.
1506625026 1 9464.91015625 0. 5.88466347828e-22 0.
1506625078 1 9456.63085938 0. 5.88554103426e-22 0.
1506625123 1 9446.87695312 0. 5.8846792191e-22 0.
1506625170 1 9436.97949219 0. 5.88372007754e-22 0.
1506625224 1 9429.83398438 0. 5.88518518931e-22 0.
1506625284 1 9415.39160156 0. 5.88327460349e-22 0.
1506625344 1 9402.37304688 0. 5.88208664643e-22 0.
1506625404 1 9392.26464844 0. 5.88286282991e-22 0.
1506625464 1 9381.16601562 0. 5.88246598037e-22 0.
1506625525 1 9372.21191406 0. 5.88394088756e-22 0.
1506625585 1 9359.49414062 0. 5.88303119807e-22 0.
1506625645 1 9347.02148438 0. 5.8818980845e-22 0.
1506625705 1 9337.16503906 0. 5.88233327941e-22 0.
1506625765 1 9323.54394531 0. 5.88066830358e-22 0.
1506625825 1 9310.86035156 0. 5.87932429143e-22 0.
1506625885 1 9299.48828125 0. 5.87912539078e-22 0.
1506625945 1 9285.06835938 0. 5.87674808057e-22 0.
1506626005 1 9275.8671875 0. 5.87742152883e-22 0.
1506626066 1 9267.41699219 0. 5.87880856575e-22 0.
1506626126 1 9254.93457031 0. 5.87750714473e-22 0.
1506626186 1 9242.88769531 0. 5.87638200542e-22 0.
1506626246 1 9234.71191406 0. 5.87778507803e-22 0.
1506626306 1 9224.30761719 0. 5.87776435388e-22 0.
1506626366 1 9210.19335938 0. 5.87559450917e-22 0.
1506626426 1 9197.42871094 0. 5.87400235722e-22 0.
1506626486 1 9187.20996094 0. 5.87368668054e-22 0.
1506626546 1 9177.71191406 0. 5.87442954157e-22 0.
1506626606 1 9167.89941406 0. 5.87495643945e-22 0.
1506626667 1 9156.53515625 0. 5.87426056303e-22 0.
1506626727 1 9144.69628906 0. 5.87324583643e-22 0.
1506626787 1 9128.37402344 0. 5.86919593403e-22 0.
1506626847 1 9121.1875 0. 5.87106401006e-22 0.
1506626907 1 9109.24023438 0. 5.87005862739e-22 0.
1506626967 1 9097.70410156 0. 5.86925207645e-22 0.
1506627027 1 9085.59375 0. 5.86797692343e-22 0.
1506627087 1 9075.72363281 0. 5.86813084575e-22 0.
1506627148 1 9065.63183594 0. 5.86798204759e-22 0.
1506627208 1 9056.44824219 0. 5.86860347092e-22 0.
1506627268 1 9048.421875 0. 5.86986648642e-22 0.
1506627328 1 9031.41503906 0. 5.86510629632e-22 0.
1506627388 1 9018.17773438 0. 5.86304638946e-22 0.
1506627448 1 9007.00976562 0. 5.86200282168e-22 0.
1506627508 1 8996.67578125 0. 5.86192265802e-22 0.
1506627568 1 8982.39648438 0. 5.85934156588e-22 0.
1506627628 1 8972.96582031 0. 5.85987075838e-22 0.
1506627689 1 8959.69238281 0. 5.857694048e-22 0.
1506627742 1 8952.50683594 0. 5.85859584655e-22 0.
1506627776 1 8947.4765625 0. 5.85912775691e-22 0.
1506627817 1 8937.546875 0. 5.85721699012e-22 0.
1506627877 1 8923.02148438 0. 5.85442938564e-22 0.
1506627937 1 8912.19335938 0. 5.85366982043e-22 0.
1506627997 1 8907.49804688 0. 5.85729628384e-22 0.
1506628057 1 8892.61621094 0. 5.8540042796e-22 0.
1506628117 1 8881.9375 0. 5.85356421046e-22 0.
1506628178 1 8869.3984375 0. 5.85164501251e-22 0.
1506628238 1 8855.7265625 0. 5.84934302691e-22 0.
1506628298 1 8845.72460938 0. 5.84914628609e-22 0.
1506628358 1 8746.38476562 0. 5.79002177255e-22 0.
1506628401 1 8718.93652344 0. 5.7769337841e-22 0.
1506628444 1 8674.59472656 0. 5.75218312087e-22 0.
1506628504 1 8550.5625 0. 5.67635223135e-22 0.
1506628564 1 8538.33300781 0. 5.67479076876e-22 0.
1506628624 1 8525.75292969 0. 5.67290419509e-22 0.
1506628685 1 8520.5859375 0. 5.67568935886e-22 0.
1506628745 1 8480.54199219 0. 5.6554508943e-22 0.
1506628805 1 8448.53222656 0. 5.64079002416e-22 0.
1506628865 1 8434.61035156 0. 5.63786953463e-22 0.
1506628911 1 8426.73046875 0. 5.63742472693e-22 0.
1506628958 1 8419.83496094 0. 5.63764782679e-22 0.
1506629018 1 8408.79101562 0. 5.63635471354e-22 0.
1506629078 1 8398.70214844 0. 5.63574872414e-22 0.
1506629138 1 8177.35791016 0. 5.49340103287e-22 0.
1506629198 1 8111.51318359 0. 5.4550064984e-22 0.
1506629259 1 8384.83105469 0. 5.64488862781e-22 0.
1506629319 1 8376.15527344 0. 5.64538089002e-22 0.
1506629379 1 8367.00976562 0. 5.64563016383e-22 0.
1506629439 1 8361.28515625 0. 5.64804778895e-22 0.
1506629499 1 8349.26757812 0. 5.64621081437e-22 0.
1506629559 1 8340.31054688 0. 5.64632271318e-22 0.
1506629619 1 8330.61816406 0. 5.64604954733e-22 0.
1506629679 1 8320.43945312 0. 5.64539188435e-22 0.
1506629739 1 8309.87988281 0. 5.64458710918e-22 0.
1506629800 1 8300.36230469 0. 5.64408631097e-22 0.
1506629860 1 8292.90039062 0. 5.64514558614e-22 0.
1506629920 1 8282.73339844 0. 5.64443270186e-22 0.
1506629980 1 8273.20019531 0. 5.64423130312e-22 0.
1506630040 1 8263.36914062 0. 5.64368387427e-22 0.
1506630100 1 8252.9296875 0. 5.64274784351e-22 0.
1506630160 1 8245.4375 0. 5.64379043466e-22 0.
1506630220 1 8237.10546875 0. 5.64423979161e-22 0.
1506630280 1 8225.90429688 0. 5.64276306853e-22 0.
1506630341 1 8216.27832031 0. 5.64244082186e-22 0.
1506630401 1 8205.70800781 0. 5.64138060268e-22 0.
1506630461 1 8195.61328125 0. 5.64053003864e-22 0.
1506630521 1 8188.41210938 0. 5.64191062815e-22 0.
1506630581 1 8180.03173828 0. 5.64212475124e-22 0.
1506630641 1 8170.37597656 0. 5.64188336044e-22 0.
1506630701 1 8160.12060547 0. 5.64050085906e-22 0.
1506630761 1 8150.58105469 0. 5.63996743674e-22 0.
1506630821 1 8140.69482422 0. 5.63931956787e-22 0.
1506630875 1 8133.15380859 0. 5.63963356214e-22 0.
1506630929 1 8127.13037109 0. 5.64081219674e-22 0.
1506630989 1 8118.85107422 0. 5.64107489545e-22 0.
1506631049 1 8108.95507812 0. 5.64050098805e-22 0.
1506631109 1 8098.04150391 0. 5.63915945372e-22 0.
1506631170 1 8087.34765625 0. 5.63773852754e-22 0.
1506631230 1 8079.72705078 0. 5.63873182805e-22 0.
1506631290 1 8071.31005859 0. 5.63899070176e-22 0.
1506631350 1 8059.93798828 0. 5.63796335628e-22 0.
1506631410 1 8052.31787109 0. 5.63959769558e-22 0.
1506631470 1 8044.50830078 0. 5.64026469808e-22 0.
1506631530 1 8031.83496094 0. 5.63760553999e-22 0.
1506631590 1 8024.47314453 0. 5.63869999278e-22 0.
1506631650 1 8014.94091797 0. 5.63825064359e-22 0.
1506631711 1 8005.29589844 0. 5.63741360701e-22 0.
1506631771 1 7998.06787109 0. 5.63842819649e-22 0.
1506631831 1 7988.69287109 0. 5.63803510246e-22 0.
1506631891 1 7979.11230469 0. 5.63743102941e-22 0.
1506631951 1 7970.68017578 0. 5.63765249374e-22 0.
1506632011 1 7961.80957031 0. 5.63748635143e-22 0.
1506632070 1 7954.37304688 0. 5.63801909453e-22 0.
1506632128 1 7944.41796875 0. 5.63686710662e-22 0.
1506632188 1 7935.17285156 0. 5.63629628156e-22 0.
1506632248 1 7927.03515625 0. 5.63604960395e-22 0.
1506632299 1 7919.21191406 0. 5.63528316077e-22 0.
1506632334 1 7915.77099609 0. 5.63648408032e-22 0.
1506632380 1 7909.61328125 0. 5.63681887363e-22 0.
1506632440 1 7901.90625 0. 5.63722637587e-22 0.
1506632501 1 7892.15722656 0. 5.63594977774e-22 0.
1506632561 1 7885.04541016 0. 5.63704343116e-22 0.
1506632621 1 7875.60546875 0. 5.63653462895e-22 0.
1506632681 1 7865.51611328 0. 5.63364792622e-22 0.
1506632741 1 7854.36523438 0. 5.63180789726e-22 0.
1506632786 1 7849.16308594 0. 5.63256930712e-22 0.
1506632831 1 7842.41796875 0. 5.63223087234e-22 0.
1506632892 1 7792.30175781 0. 5.60229265122e-22 0.
1506632952 1 7773.54931641 0. 5.59479028266e-22 0.
1506633012 1 7763.65234375 0. 5.59354175582e-22 0.
1506633072 1 7756.85302734 0. 5.59484014822e-22 0.
1506633132 1 7746.36083984 0. 5.59319495631e-22 0.
1506633192 1 7737.79931641 0. 5.59291024854e-22 0.
1506633252 1 7730.35449219 0. 5.59317362311e-22 0.
1506633312 1 7722.57470703 0. 5.59291030213e-22 0.
1506633372 1 7714.29931641 0. 5.59284604655e-22 0.
1506633433 1 7705.88964844 0. 5.59252279815e-22 0.
1506633493 1 7698.25878906 0. 5.59282910205e-22 0.
1506633553 1 7691.01123047 0. 5.59332673977e-22 0.
1506633613 1 7682.64697266 0. 5.59314839781e-22 0.
1506633673 1 7672.74511719 0. 5.59162760428e-22 0.
1506633733 1 7664.04882812 0. 5.59110219138e-22 0.
1506633793 1 7654.03222656 0. 5.58977678075e-22 0.
1506633853 1 7648.50537109 0. 5.59165704637e-22 0.
1506633913 1 7639.05371094 0. 5.59037122067e-22 0.
1506633973 1 7628.86328125 0. 5.5886184261e-22 0.
1506634034 1 7624.72558594 0. 5.59126404487e-22 0.
1506634094 1 7613.90039062 0. 5.58903247157e-22 0.
1506634154 1 7606.84033203 0. 5.5897524943e-22 0.
1506634214 1 7598.19091797 0. 5.58912496076e-22 0.
1506634274 1 7590.203125 0. 5.58909177723e-22 0.
1506634334 1 7581.47949219 0. 5.58837429466e-22 0.
1506634394 1 7572.13720703 0. 5.58700808136e-22 0.
1506634454 1 7564.53417969 0. 5.58693386404e-22 0.
1506634515 1 7552.11425781 0. 5.58326556814e-22 0.
1506634575 1 7545.61181641 0. 5.58406836176e-22 0.
1506634635 1 7539.89697266 0. 5.58547107601e-22 0.
1506634695 1 7528.3671875 0. 5.58294555524e-22 0.
1506634755 1 7520.22070312 0. 5.58249281683e-22 0.
1506634815 1 7513.10058594 0. 5.58405804185e-22 0.
1506634875 1 7504.69384766 0. 5.58341006275e-22 0.
1506634935 1 7495.80859375 0. 5.58231310671e-22 0.
1506634995 1 7488.30224609 0. 5.58242981773e-22 0.
1506635056 1 7481.48486328 0. 5.58296312443e-22 0.
1506635116 1 7470.33203125 0. 5.5803334297e-22 0.
1506635176 1 7458.75878906 0. 5.57725205815e-22 0.
1506635236 1 7449.82519531 0. 5.5762130727e-22 0.
1506635279 1 7442.73730469 0. 5.57511974286e-22 0.
1506635308 1 7436.91943359 0. 5.57330098822e-22 0.
1506635339 1 7434.67871094 0. 5.57461043708e-22 0.
1506635384 1 7429.80761719 0. 5.57528953413e-22 0.
1506635445 1 7422.33007812 0. 5.57518538479e-22 0.
1506635505 1 7416.49023438 0. 5.57640847297e-22 0.
1506635565 1 7402.49023438 0. 5.57144720737e-22 0.
1506635625 1 7395.43261719 0. 5.57171810253e-22 0.
1506635685 1 7388.52294922 0. 5.57203283768e-22 0.
1506635745 1 7377.37646484 0. 5.56843876474e-22 0.
1506635805 1 7370.57421875 0. 5.56827876789e-22 0.
1506635865 1 7363.13330078 0. 5.56802570258e-22 0.
1506635925 1 7356.93701172 0. 5.56886639647e-22 0.
1506635986 1 7351.33935547 0. 5.57010709617e-22 0.
1506636046 1 7344.18066406 0. 5.57014989458e-22 0.
1506636106 1 7331.7265625 0. 5.56617857491e-22 0.
1506636166 1 7321.83349609 0. 5.56420840077e-22 0.
1506636226 1 7317.52880859 0. 5.56637620539e-22 0.
1506636286 1 7311.75244141 0. 5.56753972641e-22 0.
1506636346 1 7304.01416016 0. 5.56710464723e-22 0.
1506636406 1 7294.53955078 0. 5.56568376958e-22 0.
1506636466 1 7287.81103516 0. 5.56605728282e-22 0.
1506636527 1 7277.58544922 0. 5.56394959594e-22 0.
1506636587 1 7269.47216797 0. 5.56320572671e-22 0.
1506636627 1 7263.20751953 0. 5.56180597639e-22 0.
1506636667 1 7256.84179688 0. 5.56068349694e-22 0.
1506636728 1 7251.33642578 0. 5.56182670105e-22 0.
1506636788 1 7246.91699219 0. 5.56392664405e-22 0.
1506636848 1 7237.26757812 0. 5.56197462692e-22 0.
1506636908 1 7225.74462891 0. 5.5588374424e-22 0.
1506636968 1 7220.09326172 0. 5.55992005663e-22 0.
1506637028 1 7212.14746094 0. 5.55921427812e-22 0.
1506637088 1 7204.69238281 0. 5.55917814423e-22 0.
1506637148 1 7196.63720703 0. 5.55844016097e-22 0.
1506637209 1 7190.05224609 0. 5.55887491047e-22 0.
1506637269 1 7183.09179688 0. 5.55886112773e-22 0.
1506637329 1 7173.3046875 0. 5.5567372914e-22 0.
1506637389 1 7166.15820312 0. 5.55652138529e-22 0.
1506637449 1 7160.5546875 0. 5.55760814477e-22 0.
1506637509 1 7154.01171875 0. 5.55806828396e-22 0.
1506637569 1 7146.65429688 0. 5.55772786419e-22 0.
1506637629 1 7137.33056641 0. 5.55597219329e-22 0.
1506637689 1 7128.74707031 0. 5.55459298701e-22 0.
1506637749 1 7122.61914062 0. 5.55521511818e-22 0.
1506637810 1 7115.98388672 0. 5.55564065113e-22 0.
1506637870 1 7242.66992188 0. 5.66172809254e-22 0.
1506637915 1 7265.04492188 0. 5.68446108698e-22 0.
1506637960 1 6979.79150391 0. 5.46648192934e-22 0.
1506638020 1 7154.81591797 0. 5.60995513394e-22 0.
1506638080 1 7309.67578125 0. 5.73900482366e-22 0.
1506638140 1 7300.01611328 0. 5.73848496998e-22 0.
1506638200 1 7293.32470703 0. 5.74051399378e-22 0.
1506638260 1 7283.8359375 0. 5.74021864354e-22 0.
1506638320 1 7274.50878906 0. 5.73996893787e-22 0.
1506638380 1 7265.03271484 0. 5.73968856888e-22 0.
1506638441 1 7255.37646484 0. 5.73915291052e-22 0.
1506638501 1 7244.17675781 0. 5.73665046817e-22 0.
1506638561 1 7238.70166016 0. 5.73902446266e-22 0.
1506638621 1 7230.546875 0. 5.73978052636e-22 0.
1506638681 1 7221.03613281 0. 5.73963175951e-22 0.
1506638741 1 7212.8203125 0. 5.74023811917e-22 0.
1506638801 1 7205.80419922 0. 5.7415653747e-22 0.
1506638861 1 7198.22363281 0. 5.74261735265e-22 0.
1506638921 1 7190.16699219 0. 5.74299343099e-22 0.
1506638982 1 7181.06689453 0. 5.74251478069e-22 0.
1506639042 1 7170.77197266 0. 5.74131328427e-22 0.
1506639102 1 7162.35742188 0. 5.74145650441e-22 0.
1506639162 1 7155.19287109 0. 5.74259879176e-22 0.
1506639222 1 7147.93945312 0. 5.74386810098e-22 0.
1506639282 1 7140.30322266 0. 5.74469268521e-22 0.
1506639342 1 7128.80810547 0. 5.74226097285e-22 0.
1506639402 1 7121.63720703 0. 5.74336922877e-22 0.
1506639462 1 7111.51416016 0. 5.74202408292e-22 0.
1506639523 1 7103.99755859 0. 5.74273091275e-22 0.
1506639583 1 7095.71582031 0. 5.74287436833e-22 0.
1506639643 1 7085.77148438 0. 5.74151867049e-22 0.
1506639703 1 7079.76953125 0. 5.74340706923e-22 0.
1506639763 1 7070.28466797 0. 5.74266817417e-22 0.
1506639823 1 7059.11669922 0. 5.74057188987e-22 0.
1506639883 1 7052.33251953 0. 5.74191345944e-22 0.
1506639943 1 7042.69580078 0. 5.74087196795e-22 0.
1506640003 1 7036.04394531 0. 5.74252792754e-22 0.
1506640064 1 7026.87695312 0. 5.74179832711e-22 0.
1506640124 1 7017.54541016 0. 5.74086121305e-22 0.
1506640184 1 7010.23632812 0. 5.74161395419e-22 0.
1506640244 1 7001.77734375 0. 5.74130127705e-22 0.
1506640304 1 6994.71386719 0. 5.74231654795e-22 0.
1506640364 1 6987.48242188 0. 5.74334800531e-22 0.
1506640424 1 6978.27685547 0. 5.7427492487e-22 0.
1506640484 1 6969.34179688 0. 5.74204897964e-22 0.
1506640545 1 6960.73876953 0. 5.74164734641e-22 0.
1506640605 1 6954.37304688 0. 5.74316725735e-22 0.
1506640665 1 6943.52050781 0. 5.74092117553e-22 0.
1506640725 1 6933.67333984 0. 5.7393386294e-22 0.
1506640785 1 6926.36328125 0. 5.73987375471e-22 0.
1506640845 1 6919.98925781 0. 5.74101181056e-22 0.
1506640905 1 6913.34326172 0. 5.74223356996e-22 0.
1506640965 1 6902.90820312 0. 5.74034256735e-22 0.
1506641025 1 6894.27734375 0. 5.73956136896e-22 0.
1506641085 1 6886.62011719 0. 5.73985807854e-22 0.
1506641146 1 6876.58544922 0. 5.73806201398e-22 0.
1506641206 1 6867.25195312 0. 5.73707294592e-22 0.
1506641248 1 6862.48095703 0. 5.73745573019e-22 0.
1506641277 1 6860.22460938 0. 5.73889034323e-22 0.
1506641326 1 6853.05615234 0. 5.73823863726e-22 0.
1506641386 1 6843.34765625 0. 5.736386121e-22 0.
1506641446 1 6834.05126953 0. 5.73508236647e-22 0.
1506641506 1 6825.92431641 0. 5.73493726997e-22 0.
1506641566 1 6816.62158203 0. 5.73383447775e-22 0.
1506641626 1 6811.09423828 0. 5.73567020796e-22 0.
1506641686 1 6801.58935547 0. 5.73418933933e-22 0.
1506641746 1 6790.15576172 0. 5.73119184208e-22 0.
1506641807 1 6778.12207031 0. 5.72753922666e-22 0.
1506641867 1 6768.70361328 0. 5.72611665068e-22 0.
1506641927 1 6759.16650391 0. 5.72446974933e-22 0.
1506641987 1 6746.75488281 0. 5.72044299909e-22 0.
1506642047 1 6739.51757812 0. 5.7206036639e-22 0.
1506642107 1 6727.23144531 0. 5.71671221939e-22 0.
1506642167 1 6718.41894531 0. 5.71564420968e-22 0.
1506642227 1 6709.42529297 0. 5.71408709341e-22 0.
1506642287 1 6696.86230469 0. 5.71008810176e-22 0.
1506642348 1 6684.45263672 0. 5.70613459509e-22 0.
1506642408 1 6677.80810547 0. 5.70669958075e-22 0.
1506642468 1 6667.75830078 0. 5.70433731846e-22 0.
1506642528 1 6668.31835938 0. 5.71133354155e-22 0.
1506642588 1 6611.91357422 0. 5.66983515059e-22 0.
1506642648 1 6598.16796875 0. 5.6645820941e-22 0.
1506642708 1 6526.58056641 0. 5.60947817888e-22 0.
1506642768 1 6507.3203125 0. 5.59932612668e-22 0.
1506642818 1 6502.75537109 0. 5.60076404374e-22 0.
1506642849 1 6499.09521484 0. 5.60078217683e-22 0.
1506642891 1 6493.63818359 0. 5.60045954975e-22 0.
1506642951 1 6479.42529297 0. 5.59439149803e-22 0.
1506643011 1 6471.53173828 0. 5.59375851973e-22 0.
1506643071 1 6463.60400391 0. 5.59317539723e-22 0.
1506643131 1 6446.72705078 0. 5.58491776499e-22 0.
1506643192 1 6438.40625 0. 5.58398177842e-22 0.
1506643252 1 6434.15087891 0. 5.5864905021e-22 0.
1506643299 1 6421.48583984 0. 5.58032346343e-22 0.
1506643326 1 6418.66015625 0. 5.58046988665e-22 0.
1506643367 1 6414.15283203 0. 5.58092409477e-22 0.
1506643427 1 6406.79541016 0. 5.58047528301e-22 0.
1506643487 1 6395.97998047 0. 5.5773926121e-22 0.
1506643547 1 6381.328125 0. 5.57098428341e-22 0.
1506643607 1 6366.52978516 0. 5.56417503871e-22 0.
1506643667 1 6358.02001953 0. 5.56300209169e-22 0.
1506643727 1 6352.1953125 0. 5.56421398816e-22 0.
1506643787 1 6343.86523438 0. 5.56279915749e-22 0.
1506643848 1 6346.77197266 0. 5.57182896518e-22 0.
1506643908 1 6347.91503906 0. 5.57889708788e-22 0.
1506643968 1 6353.01464844 0. 5.58900377497e-22 0.
1506644028 1 6342.26367188 0. 5.58594615993e-22 0.
1506644088 1 6337.50146484 0. 5.58778165457e-22 0.
1506644148 1 6337.23925781 0. 5.59360845869e-22 0.
1506644208 1 6328.44921875 0. 5.59193676733e-22 0.
1506644268 1 6319.00830078 0. 5.58980812056e-22 0.
1506644328 1 6306.96826172 0. 5.58533783669e-22 0.
1506644389 1 6301.41503906 0. 5.58689116339e-22 0.
1506644449 1 6296.96191406 0. 5.5891627123e-22 0.
1506644509 1 6290.11376953 0. 5.58912602966e-22 0.
1506644569 1 6279.21044922 0. 5.5856608563e-22 0.
1506644629 1 6270.54931641 0. 5.58379465699e-22 0.
1506644689 1 6260.49902344 0. 5.58089737235e-22 0.
1506644749 1 6254.45654297 0. 5.58168515736e-22 0.
1506644809 1 6247.36083984 0. 5.58139060074e-22 0.
1506644869 1 6235.51757812 0. 5.57681841057e-22 0.
1506644927 1 6229.29833984 0. 5.57707132889e-22 0.
1506644984 1 6224.62939453 0. 5.57850899113e-22 0.
1506645044 1 6215.12011719 0. 5.57604390989e-22 0.
1506645104 1 6203.83154297 0. 5.57192145179e-22 0.
1506645164 1 6193.06542969 0. 5.56855779877e-22 0.
1506645225 1 6186.27734375 0. 5.56857688028e-22 0.
1506645285 1 6177.71386719 0. 5.56707871806e-22 0.
1506645345 1 6177.09619141 0. 5.57277683325e-22 0.
1506645405 1 6167.46679688 0. 5.57012121373e-22 0.
1506645465 1 6157.54589844 0. 5.56696900074e-22 0.
1506645525 1 6146.24072266 0. 5.56287937081e-22 0.
1506645585 1 6135.9453125 0. 5.5595094249e-22 0.
1506645645 1 6132.02880859 0. 5.56188567012e-22 0.
1506645705 1 6125.02099609 0. 5.56174310036e-22 0.
1506645766 1 6118.08349609 0. 5.56170118616e-22 0.
1506645826 1 6109.66845703 0. 5.56013032577e-22 0.
1506645886 1 6100.81396484 0. 5.55790369368e-22 0.
1506645946 1 6101.23876953 0. 5.56410635342e-22 0.
1506646006 1 6098.78613281 0. 5.56760119216e-22 0.
1506646066 1 6091.80615234 0. 5.56684322271e-22 0.
1506646126 1 6080.29833984 0. 5.56235792804e-22 0.
1506646186 1 6067.42382812 0. 5.55661442657e-22 0.
1506646246 1 6065.31787109 0. 5.560580226e-22 0.
1506646307 1 6060.09033203 0. 5.56170476176e-22 0.
1506646367 1 6053.50341797 0. 5.5614840806e-22 0.
1506646427 1 6047.49755859 0. 5.5615616204e-22 0.
1506646487 1 6037.52978516 0. 5.55841301759e-22 0.
1506646547 1 6031.38183594 0. 5.55868728856e-22 0.
1506646607 1 6026.15039062 0. 5.55976958502e-22 0.
1506646667 1 6019.40039062 0. 5.55940962409e-22 0.
1506646727 1 6011.99023438 0. 5.55824473192e-22 0.
1506646787 1 6002.26025391 0. 5.55484892757e-22 0.
1506646848 1 5992.75195312 0. 5.55175773742e-22 0.
1506646908 1 5987.34423828 0. 5.55246539403e-22 0.
1506646968 1 5979.12792969 0. 5.55063300793e-22 0.
1506647028 1 5973.53173828 0. 5.55135848173e-22 0.
1506647088 1 5968.12988281 0. 5.55216979657e-22 0.
1506647148 1 5963.22851562 0. 5.55329825597e-22 0.
1506647208 1 5957.62207031 0. 5.5539410952e-22 0.
1506647268 1 5950.47265625 0. 5.55267442291e-22 0.
1506647328 1 6049.87109375 0. 5.65178795294e-22 0.
1506647389 1 6121.63867188 0. 5.72730788854e-22 0.
1506647449 1 6118.24560547 0. 5.73300887755e-22 0.
1506647509 1 6066.20605469 0. 5.69297440409e-22 0.
1506647569 1 5798.73730469 0. 5.45058673598e-22 0.
1506647629 1 6102.60742188 0. 5.7441156707e-22 0.
1506647689 1 6146.35693359 0. 5.79388364442e-22 0.
1506647749 1 6142.67724609 0. 5.7993758201e-22 0.
1506647809 1 6135.16552734 0. 5.80130275024e-22 0.
1506647869 1 6126.05517578 0. 5.80171445925e-22 0.
1506647930 1 6118.11767578 0. 5.80268501849e-22 0.
1506647990 1 6108.77441406 0. 5.80295773558e-22 0.
1506648050 1 6100.57617188 0. 5.80422129294e-22 0.
1506648110 1 6092.17285156 0. 5.80479342585e-22 0.
1506648170 1 6082.9296875 0. 5.80467063713e-22 0.
1506648230 1 6074.37304688 0. 5.80515038038e-22 0.
1506648290 1 6066.06494141 0. 5.80587959486e-22 0.
1506648350 1 6056.92480469 0. 5.80592825059e-22 0.
1506648410 1 6053.20605469 0. 5.81087486627e-22 0.
1506648471 1 6041.38134766 0. 5.808188681e-22 0.
1506648531 1 6032.31347656 0. 5.80794826491e-22 0.
1506648591 1 6023.37353516 0. 5.80785148776e-22 0.
1506648652 1 6014.44091797 0. 5.80784266131e-22 0.
1506648712 1 6007.23632812 0. 5.80963842221e-22 0.
1506648773 1 6000.64501953 0. 5.81176850016e-22 0.
1506648833 1 5991.87255859 0. 5.81199825713e-22 0.
1506648894 1 5985.05517578 0. 5.81392668256e-22 0.
1506648954 1 5973.16845703 0. 5.81123067672e-22 0.
1506649015 1 5963.86132812 0. 5.81091772446e-22 0.
1506649075 1 5956.01855469 0. 5.81194077827e-22 0.
1506649135 1 5946.6640625 0. 5.81151982325e-22 0.
1506649170 1 5942.03662109 0. 5.81151744983e-22 0.
1506649197 1 5938.65039062 0. 5.81225629547e-22 0.
1506649248 1 5930.36376953 0. 5.81144099552e-22 0.
1506649308 1 5924.35351562 0. 5.81405634921e-22 0.
1506649369 1 5917.92431641 0. 5.81622924937e-22 0.
1506649429 1 5907.84570312 0. 5.81460658865e-22 0.
1506649489 1 5901.37353516 0. 5.81667251958e-22 0.
1506649549 1 5894.87646484 0. 5.81851232921e-22 0.
1506649609 1 5885.90087891 0. 5.81822207048e-22 0.
1506649669 1 5874.82958984 0. 5.81561399096e-22 0.
1506649729 1 5863.76171875 0. 5.81283220043e-22 0.
1506649789 1 5856.30371094 0. 5.81351155894e-22 0.
1506649849 1 5851.91992188 0. 5.81730965395e-22 0.
1506649910 1 5845.9453125 0. 5.81938246414e-22 0.
1506649970 1 5842.99511719 0. 5.82454382326e-22 0.
1506650030 1 5831.06494141 0. 5.81991773127e-22 0.
1506650090 1 5828.18359375 0. 5.82471176026e-22 0.
1506650150 1 5816.48583984 0. 5.82143399718e-22 0.
1506650210 1 5804.5625 0. 5.81779687884e-22 0.
1506650270 1 5795.40527344 0. 5.81689538623e-22 0.
1506650330 1 5788.98535156 0. 5.81884363577e-22 0.
1506650390 1 5783.72412109 0. 5.82161809001e-22 0.
1506650451 1 5774.30273438 0. 5.82039018615e-22 0.
1506650511 1 5766.34667969 0. 5.82039418137e-22 0.
1506650571 1 5759.53759766 0. 5.82174796141e-22 0.
1506650631 1 5756.46484375 0. 5.82679498767e-22 0.
1506650691 1 5744.42919922 0. 5.82293353687e-22 0.
1506650751 1 5732.05615234 0. 5.81848786711e-22 0.
1506650811 1 5724.68896484 0. 5.81931898943e-22 0.
1506650871 1 5716.51318359 0. 5.81894990243e-22 0.
1506650931 1 5710.21582031 0. 5.82076837822e-22 0.
1506650992 1 5701.53466797 0. 5.81982918512e-22 0.
1506651035 1 5236.71875 0. 5.35307116244e-22 0.
1506651078 1 0.127179563046 0. 1.53376508132e-22 0.
