1506879969 1 14998.4814453 0. 5.99197272757e-22 0.
1506880029 1 14932.7958984 0. 5.97647139913e-22 0.
1506880089 1 14852.5839844 0. 5.95533806168e-22 0.
1506880149 1 14827.7529297 0. 5.95618523334e-22 0.
1506880195 1 14856.0800781 0. 5.97458235795e-22 0.
1506880225 1 14776.5224609 0. 5.94669578722e-22 0.
1506880269 1 14677.7314453 0. 5.9146739919e-22 0.
1506880329 1 14644.6767578 0. 5.91020136819e-22 0.
1506880380 1 14618.5439453 0. 5.90579083751e-22 0.
1506880432 1 14626.8359375 0. 5.9173214796e-22 0.
1506880475 1 14598.9267578 0. 5.91180646706e-22 0.
1506880518 1 14525.0449219 0. 5.88910557725e-22 0.
1506880578 1 14471.8925781 0. 5.87756030385e-22 0.
1506880638 1 14421.6679688 0. 5.86717085061e-22 0.
1506880694 1 14365.8017578 0. 5.85370796851e-22 0.
1506880735 1 14331.2783203 0. 5.84647977271e-22 0.
1506880781 1 14294.5048828 0. 5.83873269454e-22 0.
1506880841 1 14248.6601562 0. 5.82992898495e-22 0.
1506880901 1 14209.2861328 0. 5.82348885566e-22 0.
1506880961 1 14165.5800781 0. 5.81482813992e-22 0.
1506881002 1 14127.1181641 0. 5.80491336859e-22 0.
1506881032 1 14111.046875 0. 5.80316313862e-22 0.
1506881082 1 14177.5908203 0. 5.83844273221e-22 0.
1506881142 1 13942.6767578 0. 5.75326227191e-22 0.
1506881202 1 13942.7802734 0. 5.7654234838e-22 0.
1506881263 1 14735.0429688 0. 6.10472395394e-22 0.
1506881323 1 14992.5615234 0. 6.22339535313e-22 0.
1506881358 1 14976.5478516 0. 6.22315494679e-22 0.
1506881393 1 14959.7734375 0. 6.2231203619e-22 0.
1506881428 1 14941.3496094 0. 6.22171515093e-22 0.
1506881463 1 14916.6933594 0. 6.21859487107e-22 0.
1506881499 1 14893.6474609 0. 6.21591358481e-22 0.
1506881534 1 14876.3144531 0. 6.21548428412e-22 0.
1506881594 1 14844.3242188 0. 6.21337820091e-22 0.
1506881630 1 14825.5107422 0. 6.2119821264e-22 0.
1506881660 1 14815.5175781 0. 6.21384944279e-22 0.
1506881713 1 14793.9570312 0. 6.2145436851e-22 0.
1506881773 1 14761.6259766 0. 6.21186974561e-22 0.
1506881833 1 14726.9580078 0. 6.20829817295e-22 0.
1506881893 1 14698.0527344 0. 6.20658236216e-22 0.
1506881954 1 14666.0488281 0. 6.20336209932e-22 0.
1506882014 1 14636.8144531 0. 6.201347021e-22 0.
1506882074 1 14609.9599609 0. 6.20050231537e-22 0.
1506882134 1 14583.9179688 0. 6.19956052588e-22 0.
1506882169 1 14566.9355469 0. 6.19826399045e-22 0.
1506882204 1 14550.0634766 0. 6.1971262567e-22 0.
1506882261 1 14526.9121094 0. 6.19655247054e-22 0.
1506882317 1 14505.6083984 0. 6.19707611754e-22 0.
1506882356 1 14488.0869141 0. 6.19581331072e-22 0.
1506882394 1 14465.9130859 0. 6.19289551414e-22 0.
1506882435 1 14449.1269531 0. 6.19227248275e-22 0.
1506882455 1 14440.3632812 0. 6.19174720987e-22 0.
1506882494 1 14418.0283203 0. 6.18892748871e-22 0.
1506882554 1 14034.6279297 0. 6.03383495509e-22 0.
1506882614 1 13699.1113281 0. 5.89839914662e-22 0.
1506882675 1 14356.9248047 0. 6.19201863782e-22 0.
1506882735 1 14333.3886719 0. 6.19157503148e-22 0.
1506882795 1 14309.1474609 0. 6.1905212027e-22 0.
1506882855 1 14282.9394531 0. 6.18870113305e-22 0.
1506882915 1 14256.4824219 0. 6.18722984668e-22 0.
1506882975 1 14225.5292969 0. 6.18309188915e-22 0.
1506883035 1 14199.1914062 0. 6.18119355497e-22 0.
1506883095 1 14168.8681641 0. 6.17759537532e-22 0.
1506883155 1 14151.4472656 0. 6.17954100853e-22 0.
1506883216 1 14126.2314453 0. 6.17774155051e-22 0.
1506883276 1 14099.671875 0. 6.17552033103e-22 0.
1506883336 1 14074.0117188 0. 6.17351898328e-22 0.
1506883396 1 14051.5351562 0. 6.17268760768e-22 0.
1506883456 1 14025.5078125 0. 6.17040253957e-22 0.
1506883500 1 14006.8242188 0. 6.16888520231e-22 0.
1506883545 1 13987.9814453 0. 6.16753101463e-22 0.
1506883606 1 13955.2011719 0. 6.161876068e-22 0.
1506883666 1 13937.7109375 0. 6.16312216832e-22 0.
1506883726 1 13915.7998047 0. 6.16246190631e-22 0.
1506883786 1 13891.0966797 0. 6.16088428503e-22 0.
1506883846 1 13867.3222656 0. 6.15919361015e-22 0.
1506883906 1 13843.0761719 0. 6.15734535274e-22 0.
1506883966 1 13822.1513672 0. 6.15678494014e-22 0.
1506884027 1 13797.1054688 0. 6.15486475331e-22 0.
1506884087 1 13771.1835938 0. 6.15197487362e-22 0.
1506884147 1 13747.9335938 0. 6.15040845578e-22 0.
1506884207 1 13720.5722656 0. 6.14706933382e-22 0.
1506884267 1 13697.2246094 0. 6.1452527078e-22 0.
1506884327 1 13673.6962891 0. 6.1434739192e-22 0.
1506884387 1 13651.2216797 0. 6.14213461756e-22 0.
1506884447 1 13631.6835938 0. 6.14197893281e-22 0.
1506884507 1 13605.3945312 0. 6.13868587001e-22 0.
1506884560 1 13583.6601562 0. 6.13633683188e-22 0.
1506884589 1 13563.9658203 0. 6.13135137489e-22 0.
1506884626 1 13555.9023438 0. 6.13315794743e-22 0.
1506884686 1 13544.2666016 0. 6.13621338893e-22 0.
1506884746 1 13522.6689453 0. 6.1353211117e-22 0.
1506884806 1 13497.9882812 0. 6.13249012596e-22 0.
1506884866 1 13472.2470703 0. 6.12911632971e-22 0.
1506884926 1 13445.2070312 0. 6.12481429628e-22 0.
1506884987 1 13423.7099609 0. 6.12350694865e-22 0.
1506885027 1 13409.5263672 0. 6.12247005285e-22 0.
1506885057 1 13393.0830078 0. 6.11923315654e-22 0.
1506885106 1 13382.8896484 0. 6.12157649543e-22 0.
1506885167 1 13355.7568359 0. 6.11779665677e-22 0.
1506885227 1 13341.0546875 0. 6.11938017014e-22 0.
1506885287 1 13323.6035156 0. 6.11960745175e-22 0.
1506885347 1 13298.265625 0. 6.11625040838e-22 0.
1506885407 1 13278.7255859 0. 6.11539702257e-22 0.
1506885467 1 13244.4257812 0. 6.10778545705e-22 0.
1506885509 1 13223.9228516 0. 6.10392171985e-22 0.
1506885529 1 13222.7470703 0. 6.1060132696e-22 0.
1506885550 1 13223.0537109 0. 6.10909591336e-22 0.
1506885592 1 13207.5810547 0. 6.10758608312e-22 0.
1506885652 1 13185.4638672 0. 6.10562674555e-22 0.
1506885712 1 13166.6611328 0. 6.105212042e-22 0.
1506885772 1 13145.9726562 0. 6.10352655807e-22 0.
1506885833 1 13128.9980469 0. 6.10395887134e-22 0.
1506885893 1 13101.9257812 0. 6.09918889621e-22 0.
1506885953 1 13075.34375 0. 6.09490744625e-22 0.
1506886013 1 13058.7929688 0. 6.09523153013e-22 0.
1506886073 1 13036.6777344 0. 6.09312229493e-22 0.
1506886133 1 13017.4853516 0. 6.09228839208e-22 0.
1506886193 1 12995.7148438 0. 6.08991767305e-22 0.
1506886253 1 12971.8466797 0. 6.08678585878e-22 0.
1506886313 1 12950.6142578 0. 6.08467201641e-22 0.
1506886355 1 12935.3603516 0. 6.08305769827e-22 0.
1506886382 1 12932.9306641 0. 6.08567333771e-22 0.
1506886427 1 12911.0507812 0. 6.08114386872e-22 0.
1506886487 1 12892.1582031 0. 6.08011627067e-22 0.
1506886547 1 12871.421875 0. 6.07817484147e-22 0.
1506886607 1 12859.3037109 0. 6.0802186528e-22 0.
1506886667 1 12832.8359375 0. 6.07541010018e-22 0.
1506886727 1 12820.7392578 0. 6.07774698205e-22 0.
1506886787 1 12796.5566406 0. 6.07395308338e-22 0.
1506886847 1 12771.4726562 0. 6.07001422891e-22 0.
1506886908 1 12751.9892578 0. 6.06845624342e-22 0.
1506886968 1 12739.6425781 0. 6.07030931937e-22 0.
1506887028 1 12717.703125 0. 6.06765749676e-22 0.
1506887088 1 12981.9746094 0. 6.20199915652e-22 0.
1506887148 1 12879.7382812 0. 6.16150175159e-22 0.
1506887208 1 12511.1113281 0. 5.99363079349e-22 0.
1506887268 1 12617.4833984 0. 6.05272989368e-22 0.
1506887328 1 13052.5292969 0. 6.27102277688e-22 0.
1506887388 1 13031.5566406 0. 6.26975561075e-22 0.
1506887449 1 13008.5058594 0. 6.267565112e-22 0.
1506887509 1 12988.640625 0. 6.26667287341e-22 0.
1506887569 1 12967.2138672 0. 6.26499975865e-22 0.
1506887629 1 12951.1523438 0. 6.26625494616e-22 0.
1506887670 1 12934.3125 0. 6.26397401986e-22 0.
1506887711 1 12917.6425781 0. 6.26193044162e-22 0.
1506887771 1 12898.6904297 0. 6.26121570848e-22 0.
1506887832 1 12886.1035156 0. 6.26384203516e-22 0.
1506887892 1 12854.8046875 0. 6.25695336743e-22 0.
1506887946 1 12831.2568359 0. 6.25317670179e-22 0.
1506887996 1 12817.6552734 0. 6.25374255021e-22 0.
1506888051 1 12790.7626953 0. 6.24854637424e-22 0.
1506888112 1 12778.6386719 0. 6.25141609807e-22 0.
1506888172 1 12757.9453125 0. 6.24986617959e-22 0.
1506888232 1 12735.7988281 0. 6.24754481155e-22 0.
1506888292 1 12713.9980469 0. 6.24539590254e-22 0.
1506888352 1 12693.1660156 0. 6.24354957304e-22 0.
1506888412 1 12668.3935547 0. 6.23948959514e-22 0.
1506888472 1 12652.5449219 0. 6.23981412998e-22 0.
1506888532 1 12628.1259766 0. 6.23644808476e-22 0.
1506888592 1 12601.7060547 0. 6.23165398168e-22 0.
1506888653 1 12583.1308594 0. 6.23111572152e-22 0.
1506888713 1 12562.8505859 0. 6.22970285055e-22 0.
1506888773 1 12545.6445312 0. 6.22940307184e-22 0.
1506888833 1 12522.2646484 0. 6.2261419663e-22 0.
1506888893 1 12502.1904297 0. 6.22452171293e-22 0.
1506888953 1 12482.6669922 0. 6.22315740858e-22 0.
1506889002 1 12458.3564453 0. 6.21782841587e-22 0.
1506889030 1 12449.6044922 0. 6.21673152343e-22 0.
1506889069 1 12439.4960938 0. 6.21745280077e-22 0.
1506889129 1 12415.6591797 0. 6.21400513073e-22 0.
1506889189 1 12399.1796875 0. 6.21425158373e-22 0.
1506889249 1 12378.4873047 0. 6.21200451435e-22 0.
1506889309 1 12359.2392578 0. 6.21064980326e-22 0.
1506889370 1 12338.6259766 0. 6.20859875095e-22 0.
1506889430 1 12317.1279297 0. 6.20598396716e-22 0.
1506889490 1 12296.9072266 0. 6.20388284637e-22 0.
1506889550 1 12277.4921875 0. 6.20225875931e-22 0.
1506889610 1 12253.0947266 0. 6.19822064053e-22 0.
1506889670 1 12235.4980469 0. 6.1976076076e-22 0.
1506889730 1 12225.5332031 0. 6.20068474429e-22 0.
1506889790 1 12201.2285156 0. 6.19621499956e-22 0.
1506889850 1 12178.2958984 0. 6.1925877139e-22 0.
1506889911 1 12161.1835938 0. 6.19174437467e-22 0.
1506889971 1 12136.890625 0. 6.18734918493e-22 0.
1506890031 1 12120.4355469 0. 6.18728298753e-22 0.
1506890091 1 12103.5302734 0. 6.18675410972e-22 0.
1506890151 1 12081.2333984 0. 6.18354512658e-22 0.
1506890211 1 12062.4335938 0. 6.18174669302e-22 0.
1506890271 1 12044.4599609 0. 6.1805955707e-22 0.
1506890331 1 12024.4462891 0. 6.17818220487e-22 0.
1506890391 1 11983.1083984 0. 6.16486015898e-22 0.
1506890440 1 11972.9882812 0. 6.1659640335e-22 0.
1506890469 1 11970.2128906 0. 6.16821313158e-22 0.
1506890510 1 11962.3623047 0. 6.16954796749e-22 0.
1506890570 1 11948.2314453 0. 6.17058861562e-22 0.
1506890630 1 11931.1035156 0. 6.16943194306e-22 0.
1506890690 1 11911.0722656 0. 6.1668866535e-22 0.
1506890750 1 11889.734375 0. 6.16391347339e-22 0.
1506890811 1 11866.984375 0. 6.16004121534e-22 0.
1506890871 1 11845.7373047 0. 6.1566995749e-22 0.
1506890931 1 11830.1445312 0. 6.15622972352e-22 0.
1506890991 1 11809.6269531 0. 6.15351895567e-22 0.
1506891051 1 11790.2216797 0. 6.15123672822e-22 0.
1506891111 1 11770.5019531 0. 6.14874590856e-22 0.
1506891171 1 11753.6113281 0. 6.14777071861e-22 0.
1506891231 1 11735.9609375 0. 6.14645486058e-22 0.
1506891291 1 11719.3544922 0. 6.14536220353e-22 0.
1506891326 1 11706.3642578 0. 6.14288368111e-22 0.
1506891361 1 11693.6933594 0. 6.14105319075e-22 0.
1506891422 1 11671.3095703 0. 6.13706816007e-22 0.
1506891482 1 11656.1171875 0. 6.13666140306e-22 0.
1506891542 1 11641.6328125 0. 6.1367456293e-22 0.
1506891602 1 11621.8046875 0. 6.13394417143e-22 0.
1506891643 1 8910.421875 0. 4.72109305984e-22 0.
1506891685 1 0.163568988442 0. 1.87984267544e-25 0.
1506891745 1 0.136554449797 0. 0.0 0.
