1506901274 1 14021.5068359 0. 5.61112230749e-22 0.
1506901334 1 13794.7949219 0. 5.53390940601e-22 0.
1506901384 1 14572.9638672 0. 5.85779685092e-22 0.
1506901435 1 14935.1611328 0. 6.01652471159e-22 0.
1506901495 1 14875.3339844 0. 6.00633686952e-22 0.
1506901555 1 14821.8955078 0. 5.99826256191e-22 0.
1506901601 1 15061.3037109 0. 6.10805409101e-22 0.
1506901629 1 14830.9033203 0. 6.02450222735e-22 0.
1506901647 1 14722.3730469 0. 5.98667947791e-22 0.
1506901660 1 14314.15625 0. 5.82442668484e-22 0.
1506901695 1 14073.4765625 0. 5.73799647639e-22 0.
1506901755 1 15172.0761719 0. 6.2033116062e-22 0.
1506901815 1 15311.2685547 0. 6.27630065287e-22 0.
1506901850 1 15309.8759766 0. 6.2837354016e-22 0.
1506901886 1 15263.2089844 0. 6.27156409559e-22 0.
1506901946 1 15231.265625 0. 6.2727049829e-22 0.
1506902006 1 15214.6240234 0. 6.27698298768e-22 0.
1506902066 1 15158.2421875 0. 6.2656386801e-22 0.
1506902107 1 15170.6054688 0. 6.27941408901e-22 0.
1506902134 1 15145.2470703 0. 6.27414589047e-22 0.
1506902181 1 14712.9023438 0. 6.10490662813e-22 0.
1506902241 1 14356.7021484 0. 5.97057057437e-22 0.
1506902301 1 15072.6210938 0. 6.28265609015e-22 0.
1506902361 1 15043.5302734 0. 6.28430204075e-22 0.
1506902421 1 15011.4580078 0. 6.28445683469e-22 0.
1506902481 1 14979.7421875 0. 6.28447298672e-22 0.
1506902541 1 14943.6503906 0. 6.28258610675e-22 0.
1506902601 1 14916.5234375 0. 6.2844298075e-22 0.
1506902662 1 14881.4541016 0. 6.28327039856e-22 0.
1506902722 1 14845.4208984 0. 6.28125793961e-22 0.
1506902782 1 14817.8017578 0. 6.28248949275e-22 0.
1506902817 1 14794.7548828 0. 6.27973646208e-22 0.
1506902852 1 14772.5380859 0. 6.27837468722e-22 0.
1506902912 1 14745.0429688 0. 6.27921323094e-22 0.
1506902947 1 14724.8378906 0. 6.27749368611e-22 0.
1506902960 1 14712.703125 0. 6.27566159577e-22 0.
1506902998 1 14695.1533203 0. 6.27599591798e-22 0.
1506903054 1 14666.6044922 0. 6.27488389886e-22 0.
1506903095 1 14642.9365234 0. 6.27307719025e-22 0.
1506903141 1 14618.5693359 0. 6.27227184047e-22 0.
1506903187 1 14597.5429688 0. 6.27218657362e-22 0.
1506903232 1 14572.3115234 0. 6.27024005106e-22 0.
1506903273 1 14532.8525391 0. 6.26072104967e-22 0.
1506903303 1 14522.3652344 0. 6.26220481776e-22 0.
1506903353 1 14501.2021484 0. 6.26266926945e-22 0.
1506903414 1 14478.8378906 0. 6.26424431726e-22 0.
1506903474 1 14446.0126953 0. 6.26150792842e-22 0.
1506903534 1 14416.4541016 0. 6.25989192778e-22 0.
1506903594 1 14381.6396484 0. 6.25610305344e-22 0.
1506903654 1 14356.4941406 0. 6.25605196645e-22 0.
1506903714 1 14334.2958984 0. 6.2574131069e-22 0.
1506903774 1 14302.6933594 0. 6.25470820197e-22 0.
1506903834 1 14268.4208984 0. 6.25084317296e-22 0.
1506903895 1 14241.5722656 0. 6.25014504583e-22 0.
1506903955 1 14210.1542969 0. 6.24715233499e-22 0.
1506904015 1 14182.0390625 0. 6.24522230602e-22 0.
1506904075 1 14153.8271484 0. 6.24314569863e-22 0.
1506904135 1 14125.9941406 0. 6.24147646742e-22 0.
1506904195 1 14094.2138672 0. 6.23761144828e-22 0.
1506904255 1 14057.6035156 0. 6.23202605728e-22 0.
1506904315 1 14035.9423828 0. 6.23284207011e-22 0.
1506904366 1 14023.3886719 0. 6.23607059246e-22 0.
1506904396 1 14002.4804688 0. 6.2315550549e-22 0.
1506904434 1 13985.2470703 0. 6.2307343071e-22 0.
1506904495 1 13924.7294922 0. 6.21376589873e-22 0.
1506904555 1 13862.2841797 0. 6.19564710808e-22 0.
1506904615 1 13845.2988281 0. 6.19798351822e-22 0.
1506904675 1 13812.7070312 0. 6.1935179347e-22 0.
1506904735 1 13791.3447266 0. 6.19405064754e-22 0.
1506904795 1 13761.4960938 0. 6.19054896298e-22 0.
1506904855 1 13726.1542969 0. 6.18425881753e-22 0.
1506904915 1 13695.7363281 0. 6.1801072397e-22 0.
1506904950 1 13686.8017578 0. 6.1814210076e-22 0.
1506904986 1 13641.9355469 0. 6.16710943627e-22 0.
1506905021 1 13627.8193359 0. 6.16592350655e-22 0.
1506905056 1 13624.2617188 0. 6.17042365802e-22 0.
1506905094 1 13104.2226562 0. 5.9395370911e-22 0.
1506905124 1 13306.6298828 0. 6.03671454186e-22 0.
1506905166 1 12603.9902344 0. 5.72358359441e-22 0.
1506905215 1 13674.2548828 0. 6.21822201146e-22 0.
1506905276 1 13705.9003906 0. 6.24229486738e-22 0.
1506905336 1 13682.4755859 0. 6.24092704858e-22 0.
1506905396 1 13656.4355469 0. 6.23850090747e-22 0.
1506905456 1 13635.0761719 0. 6.23792745176e-22 0.
1506905516 1 13607.3632812 0. 6.2344286481e-22 0.
1506905576 1 13580.4755859 0. 6.23174939487e-22 0.
1506905636 1 13559.0292969 0. 6.23141388223e-22 0.
1506905696 1 13535.6445312 0. 6.22956740342e-22 0.
1506905757 1 13512.1054688 0. 6.22779807817e-22 0.
1506905817 1 13483.0185547 0. 6.22366966256e-22 0.
1506905877 1 13462.5878906 0. 6.2234748491e-22 0.
1506905937 1 13437.8759766 0. 6.22121255357e-22 0.
1506905997 1 13413.7714844 0. 6.21881089627e-22 0.
1506906057 1 13392.875 0. 6.21803756373e-22 0.
1506906117 1 13369.8242188 0. 6.21615810929e-22 0.
1506906177 1 13348.5107422 0. 6.21505509315e-22 0.
1506906238 1 13324.7363281 0. 6.21306440241e-22 0.
1506906298 1 13297.5078125 0. 6.20928171866e-22 0.
1506906358 1 13275.9511719 0. 6.20796500789e-22 0.
1506906418 1 13253.8232422 0. 6.20625791565e-22 0.
1506906478 1 13231.0722656 0. 6.2047206512e-22 0.
1506906538 1 13208.4716797 0. 6.20271199781e-22 0.
1506906598 1 13182.7011719 0. 6.19922937452e-22 0.
1506906658 1 13154.0068359 0. 6.1943586375e-22 0.
1506906718 1 13133.0917969 0. 6.19329766542e-22 0.
1506906779 1 13116.0791016 0. 6.19385572099e-22 0.
1506906839 1 13089.2617188 0. 6.18954800582e-22 0.
1506906899 1 13065.8193359 0. 6.18689116368e-22 0.
1506906959 1 13044.9091797 0. 6.18584144826e-22 0.
1506907019 1 13021.34375 0. 6.18332864933e-22 0.
1506907079 1 12996.0917969 0. 6.17932046765e-22 0.
1506907139 1 12973.6757812 0. 6.17735447428e-22 0.
1506907174 1 12961.0292969 0. 6.17627969181e-22 0.
1506907203 1 12948.96875 0. 6.17461845495e-22 0.
1506907257 1 12929.6064453 0. 6.17260562865e-22 0.
1506907317 1 12908.5722656 0. 6.17079418557e-22 0.
1506907377 1 12875.3154297 0. 6.16338498262e-22 0.
1506907437 1 12860.3320312 0. 6.16437755015e-22 0.
1506907497 1 12840.5332031 0. 6.16335484825e-22 0.
1506907557 1 12820.6914062 0. 6.1622752976e-22 0.
1506907617 1 12804.1884766 0. 6.16257567027e-22 0.
1506907677 1 12772.6123047 0. 6.15550671854e-22 0.
1506907738 1 12745.9072266 0. 6.15060846572e-22 0.
1506907798 1 12723.6054688 0. 6.14839973823e-22 0.
1506907858 1 12705.640625 0. 6.14797788431e-22 0.
1506907918 1 12685.6513672 0. 6.14629805822e-22 0.
1506907978 1 12661.7470703 0. 6.14279752514e-22 0.
1506908038 1 12638.1591797 0. 6.13959566209e-22 0.
1506908098 1 12628.0175781 0. 6.1427605572e-22 0.
1506908136 1 12603.2617188 0. 6.13559208326e-22 0.
1506908151 1 12588.3193359 0. 6.13021181857e-22 0.
1506908171 1 12599.3046875 0. 6.13840863657e-22 0.
1506908213 1 12578.1269531 0. 6.13378218424e-22 0.
1506908273 1 12561.65625 0. 6.13391534727e-22 0.
1506908333 1 12541.84375 0. 6.13245818905e-22 0.
1506908394 1 12520.1416016 0. 6.12999794322e-22 0.
1506908436 1 12500.7666016 0. 6.12612107944e-22 0.
1506908468 1 12490.9707031 0. 6.12566850076e-22 0.
1506908518 1 12477.6113281 0. 6.12591623922e-22 0.
1506908578 1 12442.3320312 0. 6.11655394614e-22 0.
1506908638 1 12434.8466797 0. 6.12063445733e-22 0.
1506908698 1 12410.3457031 0. 6.11646841536e-22 0.
1506908758 1 12390.9599609 0. 6.11481386644e-22 0.
1506908818 1 12366.8476562 0. 6.11054880601e-22 0.
1506908878 1 12343.5234375 0. 6.10703826889e-22 0.
1506908939 1 12321.6679688 0. 6.10407374351e-22 0.
1506908999 1 12298.8261719 0. 6.10065074775e-22 0.
1506909059 1 12271.5703125 0. 6.09461333937e-22 0.
1506909119 1 12257.5419922 0. 6.09593966242e-22 0.
1506909179 1 12240.0195312 0. 6.09518301933e-22 0.
1506909239 1 12226.1796875 0. 6.09593564162e-22 0.
1506909299 1 12218.5253906 0. 6.09971758909e-22 0.
1506909334 1 12210.4667969 0. 6.09993791647e-22 0.
1506909370 1 12194.9443359 0. 6.0969844111e-22 0.
1506909430 1 12180.8427734 0. 6.09764422797e-22 0.
1506909490 1 12161.3652344 0. 6.0960274615e-22 0.
1506909550 1 12139.1699219 0. 6.0926038855e-22 0.
1506909610 1 12133.7021484 0. 6.09756638884e-22 0.
1506909670 1 12116.9892578 0. 6.0966149545e-22 0.
1506909730 1 12092.1884766 0. 6.09169694081e-22 0.
1506909790 1 12082.1923828 0. 6.09461799941e-22 0.
1506909851 1 12068.3896484 0. 6.09546283549e-22 0.
1506909911 1 12075.9736328 0. 6.10746015449e-22 0.
1506909971 1 12275.2490234 0. 6.21657672791e-22 0.
1506910031 1 11858.0390625 0. 6.01370583736e-22 0.
1506910091 1 12113.6357422 0. 6.15172836138e-22 0.
1506910151 1 12411.1757812 0. 6.31187272853e-22 0.
1506910211 1 12392.1943359 0. 6.31118088307e-22 0.
1506910271 1 12370.9140625 0. 6.30884646808e-22 0.
1506910331 1 12351.8671875 0. 6.30759782116e-22 0.
1506910392 1 12328.4462891 0. 6.30452145803e-22 0.
1506910452 1 12309.2939453 0. 6.30314153796e-22 0.
1506910512 1 12293.78125 0. 6.30359050866e-22 0.
1506910572 1 12274.2050781 0. 6.30222861895e-22 0.
1506910632 1 12251.171875 0. 6.29890206391e-22 0.
1506910692 1 12225.9648438 0. 6.29446288223e-22 0.
1506910752 1 12208.7490234 0. 6.29433263281e-22 0.
1506910812 1 12190.7089844 0. 6.29373364658e-22 0.
1506910872 1 12169.6015625 0. 6.29130303915e-22 0.
1506910932 1 12149.0371094 0. 6.28933452205e-22 0.
1506910993 1 12127.0556641 0. 6.28625271017e-22 0.
1506911053 1 12110.4042969 0. 6.28606975469e-22 0.
1506911113 1 12091.3886719 0. 6.28483701625e-22 0.
1506911173 1 12066.7402344 0. 6.28024300584e-22 0.
1506911233 1 12047.7275391 0. 6.2788702541e-22 0.
1506911293 1 12026.9208984 0. 6.27637359158e-22 0.
1506911353 1 12010.421875 0. 6.27588022174e-22 0.
1506911408 1 11992.09375 0. 6.27382277033e-22 0.
1506911446 1 11980.4980469 0. 6.27285922712e-22 0.
1506911489 1 11966.3447266 0. 6.27161812523e-22 0.
1506911549 1 11946.3916016 0. 6.26962168201e-22 0.
1506911609 1 11925.2070312 0. 6.26660017459e-22 0.
1506911669 1 11908.2978516 0. 6.26607314523e-22 0.
1506911729 1 11888.3554688 0. 6.26373623647e-22 0.
1506911789 1 11870.421875 0. 6.26249858861e-22 0.
1506911849 1 11851.6201172 0. 6.26090601338e-22 0.
1506911910 1 11830.8164062 0. 6.25825994373e-22 0.
1506911970 1 11812.2402344 0. 6.2566417705e-22 0.
1506912006 1 11791.0039062 0. 6.24984893609e-22 0.
1506912042 1 11773.9833984 0. 6.24621412223e-22 0.
1506912102 1 11764.4267578 0. 6.24931085336e-22 0.
1506912162 1 11745.3066406 0. 6.24687267502e-22 0.
1506912222 1 11727.2958984 0. 6.24535513059e-22 0.
1506912282 1 11711.2050781 0. 6.24479873628e-22 0.
1506912342 1 11691.7949219 0. 6.24242025504e-22 0.
1506912402 1 11676.0195312 0. 6.24216346394e-22 0.
1506912463 1 11661.0273438 0. 6.24227396475e-22 0.
1506912523 1 11640.3652344 0. 6.23936580428e-22 0.
1506912583 1 11627.3544922 0. 6.24042955634e-22 0.
1506912643 1 11610.875 0. 6.23955184834e-22 0.
1506912703 1 11589.5400391 0. 6.23595839457e-22 0.
1506912763 1 11577.5058594 0. 6.23741242926e-22 0.
1506912823 1 11563.1503906 0. 6.23760242748e-22 0.
1506912883 1 11542.0878906 0. 6.2344774415e-22 0.
1506912943 1 11490.4267578 0. 6.21451224165e-22 0.
1506913004 1 11478.2128906 0. 6.21589579892e-22 0.
1506913064 1 11460.6513672 0. 6.21436824909e-22 0.
1506913109 1 11448.4853516 0. 6.21379742675e-22 0.
1506913147 1 11435.109375 0. 6.21162340676e-22 0.
1506913200 1 11424.7763672 0. 6.21309440719e-22 0.
1506913260 1 11409.5517578 0. 6.21263090747e-22 0.
1506913320 1 11389.0488281 0. 6.20941914423e-22 0.
1506913380 1 11369.125 0. 6.2064004681e-22 0.
1506913440 1 11351.7919922 0. 6.20470661795e-22 0.
1506913500 1 11333.6337891 0. 6.20286239375e-22 0.
1506913561 1 11317.9375 0. 6.20202041171e-22 0.
1506913621 1 11304.7841797 0. 6.20261862388e-22 0.
1506913681 1 11291.8417969 0. 6.20353941242e-22 0.
1506913741 1 11273.9189453 0. 6.20151163909e-22 0.
1506913801 1 11256.4130859 0. 6.1994980474e-22 0.
1506913861 1 11241.4960938 0. 6.19907667245e-22 0.
1506913921 1 11223.3564453 0. 6.19658164602e-22 0.
1506913981 1 11209.7470703 0. 6.19701044585e-22 0.
1506914041 1 11191.7060547 0. 6.19462591068e-22 0.
1506914088 1 11182.4150391 0. 6.1952982379e-22 0.
1506914134 1 11167.9296875 0. 6.19340480345e-22 0.
1506914174 1 8460.70214844 0. 4.71354294767e-22 0.
1506914214 1 0.162858903408 0. 7.89305750474e-23 0.
1506914269 1 0.137718185782 0. 0.0 0.
