1507293009 1 16769.3535156 0. 6.91726261255e-22 0.
1507293050 1 16725.4316406 0. 6.91073277004e-22 0.
1507293091 1 16658.9277344 0. 6.89482548058e-22 0.
1507293151 1 16658.3574219 0. 6.91085480169e-22 0.
1507293196 1 16640.6542969 0. 6.91595964384e-22 0.
1507293217 1 16620.7050781 0. 6.91279938515e-22 0.
1507293229 1 16618.359375 0. 6.91471456991e-22 0.
1507293246 1 16043.6074219 0. 6.68044358935e-22 0.
1507293289 1 15474.3125 0. 6.45373906151e-22 0.
1507293349 1 15079.6738281 0. 6.30270633202e-22 0.
1507293409 1 15110.0 0. 6.32881413658e-22 0.
1507293469 1 15154.6220703 0. 6.3609063669e-22 0.
1507293529 1 15161.8828125 0. 6.37722261759e-22 0.
1507293589 1 15183.5898438 0. 6.39924932527e-22 0.
1507293646 1 15180.8222656 0. 6.40987281769e-22 0.
1507293702 1 15147.6621094 0. 6.40764298361e-22 0.
1507293762 1 15187.3349609 0. 6.4368818075e-22 0.
1507293823 1 15176.6699219 0. 6.44505778933e-22 0.
1507293883 1 15171.8681641 0. 6.45557916847e-22 0.
1507293943 1 15194.6953125 0. 6.47732539931e-22 0.
1507294003 1 15207.7255859 0. 6.49490628794e-22 0.
1507294053 1 15247.3339844 0. 6.52200432842e-22 0.
1507294087 1 15252.1669922 0. 6.53084288121e-22 0.
1507294128 1 15227.9667969 0. 6.52894763782e-22 0.
1507294174 1 15183.7177734 0. 6.51882962963e-22 0.
1507294223 1 15195.1992188 0. 6.53364906923e-22 0.
1507294283 1 15185.9443359 0. 6.54154426364e-22 0.
1507294343 1 15181.171875 0. 6.55120824397e-22 0.
1507294403 1 15167.765625 0. 6.5570862513e-22 0.
1507294463 1 15159.3798828 0. 6.56497967796e-22 0.
1507294523 1 15129.9404297 0. 6.56330819359e-22 0.
1507294568 1 15156.5224609 0. 6.58286541391e-22 0.
1507294599 1 15143.2568359 0. 6.582887216e-22 0.
1507294635 1 15131.9707031 0. 6.58479106385e-22 0.
1507294686 1 15113.5029297 0. 6.5861554689e-22 0.
1507294746 1 15106.3671875 0. 6.59419023842e-22 0.
1507294806 1 15099.9638672 0. 6.60217260748e-22 0.
1507294866 1 15041.8232422 0. 6.5876056261e-22 0.
1507294926 1 15002.7275391 0. 6.58162683294e-22 0.
1507294973 1 14993.6748047 0. 6.5861284356e-22 0.
1507295013 1 14969.2197266 0. 6.58251271924e-22 0.
1507295066 1 14977.1835938 0. 6.59542626831e-22 0.
1507295126 1 14964.0488281 0. 6.60014409221e-22 0.
1507295186 1 14931.2294922 0. 6.5963516112e-22 0.
1507295246 1 14904.9697266 0. 6.59564358044e-22 0.
1507295306 1 14895.9326172 0. 6.6023562604e-22 0.
1507295366 1 14866.0361328 0. 6.59943408543e-22 0.
1507295427 1 14842.9765625 0. 6.59984353075e-22 0.
1507295487 1 14829.4746094 0. 6.60445073443e-22 0.
1507295547 1 14819.7412109 0. 6.61005634459e-22 0.
1507295607 1 14802.2421875 0. 6.61271660962e-22 0.
1507295667 1 14790.2949219 0. 6.61758330345e-22 0.
1507295713 1 14787.1132812 0. 6.62383743867e-22 0.
1507295758 1 14752.5869141 0. 6.61639941018e-22 0.
1507295818 1 14750.2539062 0. 6.62635549501e-22 0.
1507295878 1 14705.7021484 0. 6.61651206984e-22 0.
1507295938 1 14669.4707031 0. 6.61055999152e-22 0.
1507295999 1 14666.203125 0. 6.61980849896e-22 0.
1507296059 1 14654.5371094 0. 6.62491047416e-22 0.
1507296109 1 14637.5712891 0. 6.62579614268e-22 0.
1507296160 1 14619.9990234 0. 6.62638189508e-22 0.
1507296220 1 14790.7089844 0. 6.71449357101e-22 0.
1507296280 1 14762.5625 0. 6.71210905423e-22 0.
1507296340 1 14723.6142578 0. 6.70451429081e-22 0.
1507296400 1 14691.5830078 0. 6.70009098592e-22 0.
1507296447 1 14649.3154297 0. 6.68786069754e-22 0.
1507296494 1 14663.2714844 0. 6.70043323639e-22 0.
1507296554 1 14669.6113281 0. 6.71239741883e-22 0.
1507296614 1 14638.8886719 0. 6.70537662553e-22 0.
1507296674 1 14648.8134766 0. 6.71812764823e-22 0.
1507296734 1 14676.2285156 0. 6.73837153111e-22 0.
1507296794 1 14629.0097656 0. 6.72632163048e-22 0.
1507296829 1 14611.8896484 0. 6.72416128117e-22 0.
1507296865 1 14587.4384766 0. 6.71872439508e-22 0.
1507296925 1 14561.8701172 0. 6.7168085898e-22 0.
1507296985 1 14533.6083984 0. 6.71398969925e-22 0.
1507297045 1 14504.6962891 0. 6.71038412229e-22 0.
1507297080 1 14486.7539062 0. 6.70720651861e-22 0.
1507297096 1 14474.5761719 0. 6.70458485508e-22 0.
1507297138 1 14449.2041016 0. 6.70002736521e-22 0.
1507297198 1 14426.2412109 0. 6.69919650359e-22 0.
1507297258 1 14130.2060547 0. 6.57122484016e-22 0.
1507297318 1 13502.4345703 0. 6.28811880975e-22 0.
1507297379 1 14332.2314453 0. 6.68447587813e-22 0.
1507297414 1 14329.7294922 0. 6.6888083422e-22 0.
1507297449 1 14307.7900391 0. 6.68456475634e-22 0.
1507297510 1 14305.9306641 0. 6.69309943643e-22 0.
1507297570 1 14647.1435547 0. 6.86345681673e-22 0.
1507297630 1 14190.1806641 0. 6.66025627688e-22 0.
1507297690 1 14249.0029297 0. 6.69803815512e-22 0.
1507297750 1 14734.0673828 0. 6.9370606117e-22 0.
1507297810 1 14700.8427734 0. 6.93238588022e-22 0.
1507297870 1 14669.8056641 0. 6.92822402528e-22 0.
1507297930 1 14641.9238281 0. 6.92590924966e-22 0.
1507297990 1 14605.8535156 0. 6.91930020218e-22 0.
1507298051 1 14576.6806641 0. 6.91577028718e-22 0.
1507298111 1 14550.7480469 0. 6.91397919262e-22 0.
1507298160 1 14522.1943359 0. 6.90890965086e-22 0.
1507298210 1 14499.1474609 0. 6.90615827729e-22 0.
1507298270 1 14462.7333984 0. 6.89907183471e-22 0.
1507298322 1 14439.9677734 0. 6.89704632799e-22 0.
1507298371 1 14406.7841797 0. 6.88954620507e-22 0.
1507298423 1 14385.3935547 0. 6.88800162208e-22 0.
1507298480 1 14352.8476562 0. 6.88175970977e-22 0.
1507298540 1 14310.6083984 0. 6.8715605979e-22 0.
1507298600 1 14282.6494141 0. 6.86826914836e-22 0.
1507298660 1 14252.1884766 0. 6.86379310282e-22 0.
1507298706 1 14225.3867188 0. 6.85806931612e-22 0.
1507298751 1 14197.9921875 0. 6.85259040065e-22 0.
1507298811 1 14160.7265625 0. 6.84453620501e-22 0.
1507298871 1 14100.484375 0. 6.82530309101e-22 0.
1507298930 1 14036.953125 0. 6.80390872563e-22 0.
1507298988 1 14003.4833984 0. 6.79756438303e-22 0.
1507299049 1 13979.4257812 0. 6.79562376409e-22 0.
1507299109 1 13952.5908203 0. 6.79240542722e-22 0.
1507299146 1 13931.5576172 0. 6.7881196865e-22 0.
1507299184 1 13902.9794922 0. 6.78055323931e-22 0.
1507299219 1 13887.5458984 0. 6.77839494478e-22 0.
1507299233 1 13881.6455078 0. 6.77813151785e-22 0.
1507299272 1 13857.8671875 0. 6.77279440556e-22 0.
1507299332 1 13826.2880859 0. 6.76691063868e-22 0.
1507299392 1 13796.5449219 0. 6.76187734217e-22 0.
1507299452 1 13767.3310547 0. 6.75722663659e-22 0.
1507299512 1 13744.0068359 0. 6.75577042206e-22 0.
1507299572 1 13716.9736328 0. 6.75236467448e-22 0.
1507299632 1 13685.0205078 0. 6.74621872688e-22 0.
1507299693 1 13653.4472656 0. 6.74028895874e-22 0.
1507299753 1 13626.4580078 0. 6.73637123843e-22 0.
1507299813 1 13599.6201172 0. 6.73230951001e-22 0.
1507299873 1 13576.0361328 0. 6.72986402516e-22 0.
1507299933 1 13544.3271484 0. 6.7234989337e-22 0.
1507299993 1 13516.4462891 0. 6.71911740355e-22 0.
1507300053 1 13497.1015625 0. 6.71906154214e-22 0.
1507300113 1 13463.9726562 0. 6.71197537304e-22 0.
1507300173 1 13430.9726562 0. 6.70492882281e-22 0.
1507300234 1 13527.9775391 0. 6.76281050887e-22 0.
1507300271 1 13811.4091797 0. 6.91054031014e-22 0.
1507300301 1 13484.9853516 0. 6.752819242e-22 0.
1507300353 1 12668.0322266 0. 6.35307023925e-22 0.
1507300413 1 12881.2119141 0. 6.46784301716e-22 0.
1507300473 1 13853.0742188 0. 6.96689949985e-22 0.
1507300534 1 14006.2675781 0. 7.05481496006e-22 0.
1507300594 1 13978.1132812 0. 7.05139310513e-22 0.
1507300654 1 13939.4628906 0. 7.04276036756e-22 0.
1507300714 1 13911.4257812 0. 7.03910611179e-22 0.
1507300774 1 13890.8486328 0. 7.03932371251e-22 0.
1507300830 1 13867.4248047 0. 7.03749440742e-22 0.
1507300887 1 13842.2011719 0. 7.03453751582e-22 0.
1507300947 1 13814.8613281 0. 7.03114121431e-22 0.
1507301007 1 13795.7314453 0. 7.0317798924e-22 0.
1507301067 1 13766.9941406 0. 7.02722297753e-22 0.
1507301116 1 13744.0341797 0. 7.02381415111e-22 0.
1507301164 1 13725.3027344 0. 7.02240123392e-22 0.
1507301210 1 13704.5039062 0. 7.01942396715e-22 0.
1507301257 1 13684.2460938 0. 7.01686713755e-22 0.
1507301317 1 13659.8388672 0. 7.01466728714e-22 0.
1507301377 1 13634.1689453 0. 7.01172897282e-22 0.
1507301437 1 13609.9013672 0. 7.00923879273e-22 0.
1507301497 1 13577.9199219 0. 7.00305582127e-22 0.
1507301557 1 13557.6064453 0. 7.00223783982e-22 0.
1507301617 1 13527.0644531 0. 6.99660289935e-22 0.
1507301677 1 13503.2363281 0. 6.99402592353e-22 0.
1507301734 1 13488.0292969 0. 6.99578695271e-22 0.
1507301790 1 13457.1621094 0. 6.98916390562e-22 0.
1507301850 1 13421.1923828 0. 6.9803276408e-22 0.
1507301910 1 13402.0107422 0. 6.9803872355e-22 0.
1507301970 1 13379.4287109 0. 6.9779958567e-22 0.
1507302031 1 13356.0664062 0. 6.97541025809e-22 0.
1507302091 1 13328.4853516 0. 6.97065402757e-22 0.
1507302151 1 13298.4267578 0. 6.9647248212e-22 0.
1507302211 1 13272.8544922 0. 6.96106124996e-22 0.
1507302271 1 13239.3095703 0. 6.95313992513e-22 0.
1507302331 1 13214.5097656 0. 6.94972504746e-22 0.
1507302391 1 13194.7050781 0. 6.94889394692e-22 0.
1507302440 1 13171.0439453 0. 6.94441896493e-22 0.
1507302472 1 13154.7119141 0. 6.94095311458e-22 0.
1507302515 1 13140.9697266 0. 6.94021131953e-22 0.
1507302575 1 13116.3056641 0. 6.93675301367e-22 0.
1507302635 1 13094.6669922 0. 6.93508774033e-22 0.
1507302695 1 13070.1552734 0. 6.93114886209e-22 0.
1507302755 1 12988.2519531 0. 6.89722711075e-22 0.
1507302815 1 12990.6142578 0. 6.90803847803e-22 0.
1507302875 1 12977.9150391 0. 6.91077321843e-22 0.
1507302936 1 12954.0888672 0. 6.90721377754e-22 0.
1507302996 1 12934.2070312 0. 6.90568128363e-22 0.
1507303056 1 12912.8056641 0. 6.90346045283e-22 0.
1507303116 1 12886.8535156 0. 6.89936073348e-22 0.
1507303160 1 12869.8662109 0. 6.89709844994e-22 0.
1507303190 1 12854.3691406 0. 6.89345184092e-22 0.
1507303236 1 12833.1191406 0. 6.88938647094e-22 0.
1507303296 1 12814.7119141 0. 6.88886670565e-22 0.
1507303356 1 12786.7509766 0. 6.88299186596e-22 0.
1507303416 1 12762.6298828 0. 6.87942144873e-22 0.
1507303477 1 12740.3251953 0. 6.87662429331e-22 0.
1507303537 1 12715.3535156 0. 6.87205474871e-22 0.
1507303588 1 12692.4443359 0. 6.8677265369e-22 0.
1507303640 1 12675.1679688 0. 6.86607984981e-22 0.
1507303700 1 12644.0566406 0. 6.85856656415e-22 0.
1507303760 1 12613.4902344 0. 6.85133741854e-22 0.
1507303820 1 12590.8066406 0. 6.84812236123e-22 0.
1507303881 1 12568.7890625 0. 6.84512199093e-22 0.
1507303941 1 12548.9833984 0. 6.84346343134e-22 0.
1507304001 1 12531.3818359 0. 6.84305412668e-22 0.
1507304061 1 12504.4472656 0. 6.83750296184e-22 0.
1507304099 1 12490.5625 0. 6.83508186064e-22 0.
1507304137 1 12477.3623047 0. 6.83382970432e-22 0.
1507304172 1 12458.4296875 0. 6.82853378802e-22 0.
1507304190 1 12455.3964844 0. 6.82992699848e-22 0.
1507304215 1 12443.1796875 0. 6.82672773628e-22 0.
1507304257 1 12426.7080078 0. 6.82433057862e-22 0.
1507304317 1 12419.3027344 0. 6.82906985446e-22 0.
1507304377 1 12392.7558594 0. 6.82347266589e-22 0.
1507304438 1 12359.2001953 0. 6.81410695089e-22 0.
1507304498 1 12340.2988281 0. 6.81267895198e-22 0.
1507304558 1 12322.9902344 0. 6.81188272735e-22 0.
1507304618 1 12298.5751953 0. 6.80716241076e-22 0.
1507304678 1 12278.1376953 0. 6.80470905029e-22 0.
1507304738 1 12260.1914062 0. 6.80357342082e-22 0.
1507304798 1 12249.6367188 0. 6.80693458097e-22 0.
1507304858 1 12225.0263672 0. 6.80234392918e-22 0.
1507304918 1 11818.4169922 0. 6.58458266515e-22 0.
1507304979 1 11628.2744141 0. 6.48704926319e-22 0.
1507305039 1 12234.9150391 0. 6.83442918957e-22 0.
1507305099 1 12216.0546875 0. 6.83264419678e-22 0.
1507305159 1 12194.7910156 0. 6.8296558698e-22 0.
1507305219 1 12177.1621094 0. 6.82865604691e-22 0.
1507305279 1 12151.5712891 0. 6.8230313817e-22 0.
1507305339 1 12132.9921875 0. 6.82150826047e-22 0.
1507305399 1 12113.9492188 0. 6.81966928515e-22 0.
1507305459 1 12090.5390625 0. 6.81546493584e-22 0.
1507305520 1 12069.6806641 0. 6.81255971662e-22 0.
1507305580 1 12049.2636719 0. 6.8094538827e-22 0.
1507305640 1 12028.9042969 0. 6.80677626656e-22 0.
1507305700 1 12005.9042969 0. 6.80269254122e-22 0.
1507305760 1 11989.5087891 0. 6.8023744036e-22 0.
1507305820 1 11971.5595703 0. 6.80064588516e-22 0.
1507305855 1 11953.9375 0. 6.79563058333e-22 0.
1507305869 1 11949.8720703 0. 6.79587293377e-22 0.
1507305909 1 11939.078125 0. 6.79542725363e-22 0.
1507305969 1 11918.2822266 0. 6.79236919619e-22 0.
1507306029 1 11903.2958984 0. 6.79263264471e-22 0.
1507306089 1 11885.6943359 0. 6.79095898072e-22 0.
1507306149 1 11865.0576172 0. 6.78760726509e-22 0.
1507306209 1 11845.4003906 0. 6.78512686503e-22 0.
1507306269 1 11824.0136719 0. 6.78153134809e-22 0.
1507306330 1 11804.3837891 0. 6.77877879046e-22 0.
1507306390 1 11782.4316406 0. 6.77468768087e-22 0.
1507306450 1 11763.6220703 0. 6.77247178854e-22 0.
1507306510 1 11743.5898438 0. 6.76964631935e-22 0.
1507306570 1 11720.3125 0. 6.76493883319e-22 0.
1507306630 1 11698.4541016 0. 6.76116139409e-22 0.
1507306690 1 11679.3417969 0. 6.75828370169e-22 0.
1507306750 1 11662.2695312 0. 6.75674124891e-22 0.
1507306810 1 11644.9794922 0. 6.75530367626e-22 0.
1507306870 1 11625.1523438 0. 6.75210905586e-22 0.
1507306931 1 11610.4355469 0. 6.75209422948e-22 0.
1507306991 1 11588.7470703 0. 6.74796693834e-22 0.
1507307051 1 11569.9462891 0. 6.74577839403e-22 0.
1507307111 1 11549.6269531 0. 6.74219977565e-22 0.
1507307171 1 11527.546875 0. 6.73773575715e-22 0.
1507307231 1 11505.1337891 0. 6.7329158581e-22 0.
1507307291 1 11481.5097656 0. 6.72739054263e-22 0.
1507307351 1 11477.3027344 0. 6.73303399956e-22 0.
1507307411 1 11462.4335938 0. 6.73277784532e-22 0.
1507307449 1 11448.5185547 0. 6.72961814588e-22 0.
1507307478 1 11438.0947266 0. 6.72777917065e-22 0.
1507307530 1 11416.0419922 0. 6.72177877671e-22 0.
1507307590 1 11395.9257812 0. 6.71854152112e-22 0.
1507307650 1 11379.3378906 0. 6.7169459458e-22 0.
1507307710 1 11361.1298828 0. 6.71423203799e-22 0.
1507307770 1 11341.9189453 0. 6.7111147375e-22 0.
1507307830 1 11328.328125 0. 6.71145442782e-22 0.
1507307890 1 11310.6484375 0. 6.7093741371e-22 0.
1507307950 1 11288.8007812 0. 6.7047387737e-22 0.
1507308011 1 11272.5693359 0. 6.70362187009e-22 0.
1507308071 1 11254.7216797 0. 6.70091346285e-22 0.
1507308131 1 11237.9853516 0. 6.69908054715e-22 0.
1507308191 1 11214.6679688 0. 6.69347574133e-22 0.
1507308251 1 11196.9248047 0. 6.69097608582e-22 0.
1507308311 1 11181.9404297 0. 6.69016860618e-22 0.
1507308371 1 11170.0566406 0. 6.69144072671e-22 0.
1507308431 1 11153.5878906 0. 6.68952437779e-22 0.
1507308492 1 11132.1376953 0. 6.68493287901e-22 0.
1507308552 1 11118.2978516 0. 6.68472227063e-22 0.
1507308612 1 11102.7695312 0. 6.68345594997e-22 0.
1507308672 1 11082.6162109 0. 6.67952984427e-22 0.
1507308732 1 11066.9394531 0. 6.67869302054e-22 0.
1507308792 1 11050.6777344 0. 6.67698341008e-22 0.
1507308852 1 11033.4570312 0. 6.6747271669e-22 0.
1507308912 1 11013.9716797 0. 6.67103875457e-22 0.
1507308972 1 10998.5283203 0. 6.66946390259e-22 0.
1507309033 1 10983.6796875 0. 6.66881057708e-22 0.
1507309093 1 10962.5410156 0. 6.66394904454e-22 0.
1507309152 1 10944.9121094 0. 6.66149412902e-22 0.
1507309196 1 10930.8632812 0. 6.65883404027e-22 0.
1507309241 1 10920.6972656 0. 6.65855295493e-22 0.
1507309301 1 10901.5996094 0. 6.6555520964e-22 0.
1507309361 1 10885.0732422 0. 6.65332637215e-22 0.
1507309421 1 10869.7470703 0. 6.6518791541e-22 0.
1507309481 1 10854.3798828 0. 6.65042826044e-22 0.
1507309542 1 10837.8232422 0. 6.64824585719e-22 0.
1507309602 1 10817.6035156 0. 6.64379187908e-22 0.
1507309662 1 10798.9638672 0. 6.64021378661e-22 0.
1507309722 1 10784.2578125 0. 6.63912117843e-22 0.
1507309768 1 10772.0654297 0. 6.63771587234e-22 0.
1507309791 1 10765.4648438 0. 6.63668273086e-22 0.
1507309809 1 10760.3134766 0. 6.63601818412e-22 0.
1507309850 1 10746.484375 0. 6.63301533691e-22 0.
1507309910 1 10731.5224609 0. 6.63165477123e-22 0.
1507309971 1 10715.2871094 0. 6.62961297786e-22 0.
1507310031 1 10699.1289062 0. 6.62754239749e-22 0.
1507310091 1 10683.7119141 0. 6.62590047698e-22 0.
1507310151 1 10664.9208984 0. 6.62208523316e-22 0.
1507310211 1 10649.5917969 0. 6.62028878113e-22 0.
1507310271 1 10633.5400391 0. 6.61832464272e-22 0.
1507310331 1 10615.4873047 0. 6.61491505866e-22 0.
1507310391 1 10599.6572266 0. 6.6126958176e-22 0.
1507310451 1 10584.9638672 0. 6.61147370405e-22 0.
1507310492 1 10573.4560547 0. 6.60936908304e-22 0.
1507310532 1 10563.9179688 0. 6.60848918204e-22 0.
1507310579 1 10550.265625 0. 6.60601375628e-22 0.
1507310609 1 10540.5527344 0. 6.60401569278e-22 0.
1507310638 1 10533.5009766 0. 6.60343319701e-22 0.
1507310684 1 10518.4355469 0. 6.60003213075e-22 0.
1507310744 1 10507.8310547 0. 6.60125517358e-22 0.
1507310804 1 10489.8876953 0. 6.59789187857e-22 0.
1507310864 1 10478.7294922 0. 6.59902823236e-22 0.
1507310924 1 10458.5498047 0. 6.59404902298e-22 0.
1507310984 1 10445.0205078 0. 6.5930524596e-22 0.
1507311044 1 10430.9267578 0. 6.59180747279e-22 0.
1507311105 1 10415.1542969 0. 6.58936402831e-22 0.
1507311162 1 10406.4970703 0. 6.59102598544e-22 0.
1507311220 1 10386.6425781 0. 6.585682661e-22 0.
1507311280 1 10373.7431641 0. 6.5852215961e-22 0.
1507311340 1 10359.9570312 0. 6.5845893439e-22 0.
1507311375 1 10345.0390625 0. 6.57935981923e-22 0.
1507311392 1 10344.3447266 0. 6.58156275742e-22 0.
1507311435 1 10332.5292969 0. 6.57934277966e-22 0.
1507311495 1 10315.6103516 0. 6.57649547472e-22 0.
1507311555 1 10303.0546875 0. 6.57623519426e-22 0.
1507311602 1 8787.12988281 0. 5.62183276462e-22 0.
1507311649 1 0.154117494822 0. 6.91928156638e-23 0.
1507311709 1 0.130656406283 0. 0.0 0.
1507311769 1 0.12179428339 0. 0.0 0.
