1507509763 1 14410.3369141 0. 5.67801765351e-22 0.
1507509823 1 15274.8525391 0. 6.0420938618e-22 0.
1507509883 1 15278.6328125 0. 6.06708866215e-22 0.
1507509942 1 15315.6083984 0. 6.10446826393e-22 0.
1507509987 1 15326.3027344 0. 6.12558814542e-22 0.
1507510032 1 15339.1923828 0. 6.14785485121e-22 0.
1507510074 1 15345.6337891 0. 6.16519847294e-22 0.
1507510109 1 15377.0117188 0. 6.19074393009e-22 0.
1507510153 1 15357.6347656 0. 6.19861251908e-22 0.
1507510192 1 15386.0302734 0. 6.223015294e-22 0.
1507510217 1 15385.4638672 0. 6.230954837e-22 0.
1507510255 1 15372.3710938 0. 6.23887836895e-22 0.
1507510292 1 15346.6328125 0. 6.23953072938e-22 0.
1507510304 1 15330.90625 0. 6.23640050106e-22 0.
1507510327 1 15324.5146484 0. 6.24102121313e-22 0.
1507510350 1 15338.3681641 0. 6.25255857371e-22 0.
1507510385 1 15349.7929688 0. 6.26718873119e-22 0.
1507510446 1 15344.7441406 0. 6.28057424091e-22 0.
1507510506 1 15359.7890625 0. 6.30153287201e-22 0.
1507510566 1 15392.0078125 0. 6.32900109839e-22 0.
1507510626 1 14972.796875 0. 6.16984037311e-22 0.
1507510686 1 14969.9345703 0. 6.18112638268e-22 0.
1507510746 1 14970.1660156 0. 6.19325249134e-22 0.
1507510806 1 15019.8554688 0. 6.22576192395e-22 0.
1507510841 1 15082.7167969 0. 6.25840634588e-22 0.
1507510856 1 15091.0771484 0. 6.26494168631e-22 0.
1507510896 1 15070.8671875 0. 6.26454802691e-22 0.
1507510957 1 15097.4726562 0. 6.28740304317e-22 0.
1507511017 1 15112.0488281 0. 6.30495707877e-22 0.
1507511077 1 15112.03125 0. 6.31629621221e-22 0.
1507511137 1 15112.7871094 0. 6.32798242786e-22 0.
1507511197 1 15080.8007812 0. 6.32583804662e-22 0.
1507511257 1 15057.5087891 0. 6.32747304693e-22 0.
1507511317 1 15055.3828125 0. 6.33750350052e-22 0.
1507511377 1 15066.7626953 0. 6.35319151169e-22 0.
1507511437 1 15047.1679688 0. 6.35562325042e-22 0.
1507511498 1 14997.5439453 0. 6.34566336611e-22 0.
1507511558 1 14964.1269531 0. 6.34225283956e-22 0.
1507511602 1 14982.2363281 0. 6.35810114725e-22 0.
1507511647 1 14975.3984375 0. 6.36279514393e-22 0.
1507511683 1 15008.7685547 0. 6.38296787182e-22 0.
1507511718 1 15019.4462891 0. 6.39409021879e-22 0.
1507511778 1 15012.2539062 0. 6.40130254869e-22 0.
1507511838 1 14972.1982422 0. 6.39457843091e-22 0.
1507511876 1 14961.0976562 0. 6.39589332212e-22 0.
1507511915 1 14945.4960938 0. 6.39632737002e-22 0.
1507511975 1 14927.5947266 0. 6.39866689362e-22 0.
1507512035 1 14854.828125 0. 6.37781335893e-22 0.
1507512095 1 14850.9873047 0. 6.38649588558e-22 0.
1507512155 1 14821.9453125 0. 6.38423133545e-22 0.
1507512215 1 14775.5859375 0. 6.37396542968e-22 0.
1507512275 1 14718.6914062 0. 6.3595130878e-22 0.
1507512335 1 14686.4824219 0. 6.35530132268e-22 0.
1507512395 1 14673.3994141 0. 6.35946206402e-22 0.
1507512456 1 14664.0791016 0. 6.3653013404e-22 0.
1507512516 1 14632.2861328 0. 6.36132724749e-22 0.
1507512576 1 14955.6582031 0. 6.51174526366e-22 0.
1507512636 1 15008.7802734 0. 6.54479341426e-22 0.
1507512696 1 14990.875 0. 6.54728925128e-22 0.
1507512756 1 14967.8613281 0. 6.54731393481e-22 0.
1507512816 1 14947.8349609 0. 6.54859002504e-22 0.
1507512876 1 14912.8066406 0. 6.54340651725e-22 0.
1507512937 1 14878.5839844 0. 6.53807007205e-22 0.
1507512997 1 14862.9970703 0. 6.54140452213e-22 0.
1507513057 1 14831.8007812 0. 6.53774915557e-22 0.
1507513117 1 14802.6738281 0. 6.53464388243e-22 0.
1507513177 1 14777.3193359 0. 6.53319118946e-22 0.
1507513237 1 14736.328125 0. 6.52470129935e-22 0.
1507513297 1 14768.2333984 0. 6.54876496953e-22 0.
1507513354 1 14732.2763672 0. 6.54203499125e-22 0.
1507513410 1 14693.6035156 0. 6.5335674409e-22 0.
1507513470 1 14674.140625 0. 6.53505827329e-22 0.
1507513530 1 14651.2353516 0. 6.53475018673e-22 0.
1507513590 1 14622.4521484 0. 6.53152485195e-22 0.
1507513650 1 14812.5283203 0. 6.62640176985e-22 0.
1507513710 1 14933.1640625 0. 6.69032249477e-22 0.
1507513771 1 14899.9833984 0. 6.68572885522e-22 0.
1507513831 1 14862.0185547 0. 6.6784399932e-22 0.
1507513891 1 14840.7021484 0. 6.67866976606e-22 0.
1507513951 1 14805.9648438 0. 6.67246652394e-22 0.
1507514011 1 14777.71875 0. 6.66967106071e-22 0.
1507514071 1 14765.546875 0. 6.67385145026e-22 0.
1507514131 1 14730.7314453 0. 6.66812733338e-22 0.
1507514191 1 14704.7451172 0. 6.66614342959e-22 0.
1507514251 1 14679.7714844 0. 6.66459577346e-22 0.
1507514312 1 14657.1191406 0. 6.66442037508e-22 0.
1507514372 1 14650.9667969 0. 6.67122026508e-22 0.
1507514432 1 14636.78125 0. 6.67408996125e-22 0.
1507514492 1 14767.8115234 0. 6.74345469787e-22 0.
1507514552 1 14733.3740234 0. 6.73729677326e-22 0.
1507514612 1 14699.6015625 0. 6.73132788337e-22 0.
1507514672 1 14663.6533203 0. 6.72467783192e-22 0.
1507514732 1 14638.3632812 0. 6.72304320709e-22 0.
1507514793 1 14617.2070312 0. 6.72295054296e-22 0.
1507514853 1 14640.1591797 0. 6.74314388329e-22 0.
1507514913 1 14564.4667969 0. 6.71829432641e-22 0.
1507514973 1 14586.4511719 0. 6.73807368022e-22 0.
1507515033 1 14925.1914062 0. 6.90525664959e-22 0.
1507515093 1 14910.6533203 0. 6.90933051891e-22 0.
1507515153 1 13973.7158203 0. 6.48470092541e-22 0.
1507515213 1 14714.5439453 0. 6.83886064133e-22 0.
1507515273 1 15109.4365234 0. 7.03163082771e-22 0.
1507515333 1 15099.6572266 0. 7.03620599423e-22 0.
1507515394 1 15098.1455078 0. 7.04312987887e-22 0.
1507515454 1 15065.0029297 0. 7.03671670492e-22 0.
1507515514 1 15003.0800781 0. 7.01666151416e-22 0.
1507515574 1 14975.3505859 0. 7.01438109783e-22 0.
1507515634 1 14946.1337891 0. 7.01106393259e-22 0.
1507515686 1 14918.6982422 0. 7.00661709583e-22 0.
1507515737 1 14892.5830078 0. 7.00353172155e-22 0.
1507515798 1 14858.7480469 0. 6.99800730535e-22 0.
1507515858 1 14830.2802734 0. 6.99493304508e-22 0.
1507515918 1 14801.5 0. 6.99187069673e-22 0.
1507515978 1 14771.1582031 0. 6.98774064826e-22 0.
1507516038 1 14735.7373047 0. 6.9813048333e-22 0.
1507516098 1 14705.6669922 0. 6.97691785479e-22 0.
1507516158 1 14680.6142578 0. 6.97539143352e-22 0.
1507516218 1 14646.3974609 0. 6.96902301664e-22 0.
1507516278 1 14619.5644531 0. 6.9662301733e-22 0.
1507516339 1 14594.5498047 0. 6.96450578754e-22 0.
1507516399 1 14564.4804688 0. 6.96021785293e-22 0.
1507516459 1 14540.5859375 0. 6.95868477447e-22 0.
1507516519 1 14516.2773438 0. 6.95707731079e-22 0.
1507516579 1 14482.5107422 0. 6.95085397846e-22 0.
1507516639 1 14456.6015625 0. 6.9481150229e-22 0.
1507516699 1 14423.3466797 0. 6.94182730375e-22 0.
1507516759 1 14397.2753906 0. 6.93922678353e-22 0.
1507516819 1 14375.2822266 0. 6.93855137965e-22 0.
1507516880 1 14345.3144531 0. 6.93388811433e-22 0.
1507516940 1 14316.4638672 0. 6.93010980708e-22 0.
1507517000 1 14691.6171875 0. 7.12222073328e-22 0.
1507517060 1 14333.3017578 0. 6.9590214701e-22 0.
1507517120 1 13956.3085938 0. 6.78617167432e-22 0.
1507517180 1 14771.1201172 0. 7.19317745841e-22 0.
1507517240 1 14743.578125 0. 7.19065636757e-22 0.
1507517300 1 14715.1210938 0. 7.1878391471e-22 0.
1507517360 1 14682.8935547 0. 7.18322783303e-22 0.
1507517421 1 14656.4990234 0. 7.1810725339e-22 0.
1507517467 1 14634.4199219 0. 7.17868187294e-22 0.
1507517513 1 14607.4599609 0. 7.17373296306e-22 0.
1507517573 1 14581.5029297 0. 7.17152004138e-22 0.
1507517633 1 14550.2910156 0. 7.16689942688e-22 0.
1507517694 1 14524.0341797 0. 7.16474292804e-22 0.
1507517754 1 14494.6601562 0. 7.16058713688e-22 0.
1507517814 1 14469.9238281 0. 7.15898764232e-22 0.
1507517870 1 14442.4121094 0. 7.15533366536e-22 0.
1507517909 1 14421.4912109 0. 7.15175292561e-22 0.
1507517952 1 14401.1914062 0. 7.14939345202e-22 0.
1507518013 1 14371.6269531 0. 7.14501502607e-22 0.
1507518073 1 14344.3291016 0. 7.14217388199e-22 0.
1507518133 1 14319.7539062 0. 7.14042542525e-22 0.
1507518193 1 14291.2978516 0. 7.13701447722e-22 0.
1507518253 1 14255.8427734 0. 7.12961133644e-22 0.
1507518313 1 14225.8300781 0. 7.12502451287e-22 0.
1507518373 1 14199.7695312 0. 7.12235562597e-22 0.
1507518434 1 14172.2880859 0. 7.11882031862e-22 0.
1507518494 1 14148.9355469 0. 7.11737748359e-22 0.
1507518554 1 14122.8398438 0. 7.11491020121e-22 0.
1507518614 1 14097.9384766 0. 7.11215260032e-22 0.
1507518674 1 14069.3066406 0. 7.10818932051e-22 0.
1507518734 1 14035.1474609 0. 7.10089497727e-22 0.
1507518794 1 14011.6015625 0. 7.09919703356e-22 0.
1507518854 1 13984.2890625 0. 7.09571324058e-22 0.
1507518914 1 13957.8720703 0. 7.09267563173e-22 0.
1507518975 1 13921.3056641 0. 7.08406035442e-22 0.
1507519035 1 13890.890625 0. 7.07849960292e-22 0.
1507519095 1 13876.7861328 0. 7.08145884979e-22 0.
1507519155 1 13849.8955078 0. 7.07783636847e-22 0.
1507519199 1 13827.0712891 0. 7.07358031687e-22 0.
1507519244 1 13800.7246094 0. 7.06784350362e-22 0.
1507519304 1 13776.6816406 0. 7.06521056275e-22 0.
1507519364 1 13748.8730469 0. 7.06074541118e-22 0.
1507519424 1 13708.3710938 0. 7.05026080119e-22 0.
1507519485 1 13681.9882812 0. 7.04655896762e-22 0.
1507519545 1 13674.2617188 0. 7.05245748208e-22 0.
1507519605 1 13645.9921875 0. 7.04794243348e-22 0.
1507519665 1 13619.3515625 0. 7.04384640582e-22 0.
1507519725 1 13596.4199219 0. 7.0418957422e-22 0.
1507519785 1 13570.9951172 0. 7.03872654982e-22 0.
1507519845 1 13542.3066406 0. 7.03408734997e-22 0.
1507519905 1 13512.8212891 0. 7.0285549827e-22 0.
1507519965 1 13485.2949219 0. 7.02382774233e-22 0.
1507520006 1 13467.3808594 0. 7.02101463e-22 0.
1507520035 1 13453.4863281 0. 7.01864397582e-22 0.
1507520085 1 13433.0341797 0. 7.01591333652e-22 0.
1507520145 1 13410.0439453 0. 7.01375171475e-22 0.
1507520205 1 13380.9990234 0. 7.00835761553e-22 0.
1507520266 1 13355.9130859 0. 7.00476207218e-22 0.
1507520326 1 13335.1816406 0. 7.00353718172e-22 0.
1507520386 1 13312.6640625 0. 7.00115847243e-22 0.
1507520446 1 13290.2412109 0. 6.99898329683e-22 0.
1507520506 1 13263.4394531 0. 6.99425236124e-22 0.
1507520566 1 13229.3417969 0. 6.98597702395e-22 0.
1507520626 1 13207.2451172 0. 6.98358721428e-22 0.
1507520686 1 13186.3007812 0. 6.98220058571e-22 0.
1507520746 1 13153.9355469 0. 6.9745339418e-22 0.
1507520807 1 13126.4892578 0. 6.96946369816e-22 0.
1507520867 1 13105.2841797 0. 6.96741307914e-22 0.
1507520927 1 13091.4492188 0. 6.96958312167e-22 0.
1507520987 1 13080.8603516 0. 6.97341644682e-22 0.
1507521047 1 13051.5273438 0. 6.96690856412e-22 0.
1507521107 1 13029.0078125 0. 6.9645121014e-22 0.
1507521167 1 13001.5800781 0. 6.95948988633e-22 0.
1507521227 1 12986.2666016 0. 6.9608216378e-22 0.
1507521287 1 12957.6357422 0. 6.95475375008e-22 0.
1507521327 1 12940.6865234 0. 6.9510614608e-22 0.
1507521356 1 12928.3896484 0. 6.94949041237e-22 0.
1507521406 1 12916.1542969 0. 6.95092918842e-22 0.
1507521466 1 12884.3769531 0. 6.94308750178e-22 0.
1507521527 1 12868.7578125 0. 6.94395219336e-22 0.
1507521587 1 12836.1777344 0. 6.93552161747e-22 0.
1507521647 1 12821.5800781 0. 6.93672401115e-22 0.
1507521707 1 12765.1376953 0. 6.91530923899e-22 0.
1507521767 1 12713.8193359 0. 6.89687028499e-22 0.
1507521827 1 12744.5634766 0. 6.92257431039e-22 0.
1507521887 1 12723.3496094 0. 6.92053094031e-22 0.
1507521947 1 12699.4472656 0. 6.91662800132e-22 0.
1507522007 1 12400.4570312 0. 6.76265177882e-22 0.
1507522068 1 11966.28125 0. 6.53454497889e-22 0.
1507522128 1 12655.7246094 0. 6.91979448133e-22 0.
1507522188 1 12645.3457031 0. 6.92356408066e-22 0.
1507522236 1 12627.5693359 0. 6.92117725121e-22 0.
1507522284 1 12611.2666016 0. 6.91988294734e-22 0.
1507522345 1 12592.5585938 0. 6.91901885127e-22 0.
1507522405 1 12572.4013672 0. 6.91713419611e-22 0.
1507522465 1 12548.328125 0. 6.91295949158e-22 0.
1507522525 1 12526.9677734 0. 6.91078951147e-22 0.
1507522585 1 12502.3173828 0. 6.9064317722e-22 0.
1507522645 1 12485.8710938 0. 6.90638044586e-22 0.
1507522705 1 12461.8300781 0. 6.90200052745e-22 0.
1507522765 1 12441.7128906 0. 6.8998566146e-22 0.
1507522819 1 12424.1806641 0. 6.89839807359e-22 0.
1507522860 1 12400.4257812 0. 6.89119985526e-22 0.
1507522908 1 12388.6289062 0. 6.89203224867e-22 0.
1507522968 1 12365.8076172 0. 6.88842828494e-22 0.
1507523028 1 12343.0996094 0. 6.8849125779e-22 0.
1507523088 1 12324.2167969 0. 6.88341147812e-22 0.
1507523148 1 12304.7412109 0. 6.8814291982e-22 0.
1507523208 1 12281.8984375 0. 6.87766597761e-22 0.
1507523268 1 12258.546875 0. 6.87350292282e-22 0.
1507523329 1 12233.6982422 0. 6.86864687229e-22 0.
1507523389 1 12217.3945312 0. 6.86876055876e-22 0.
1507523449 1 12198.3544922 0. 6.86707361278e-22 0.
1507523494 1 12186.4492188 0. 6.86702286028e-22 0.
1507523539 1 12166.2353516 0. 6.86253064666e-22 0.
1507523574 1 12147.7197266 0. 6.85689846575e-22 0.
1507523609 1 12139.2949219 0. 6.85792208755e-22 0.
1507523669 1 12120.2548828 0. 6.85598564996e-22 0.
1507523730 1 12100.6357422 0. 6.85379020878e-22 0.
1507523790 1 12079.5263672 0. 6.85089151456e-22 0.
1507523850 1 12057.5703125 0. 6.84726005179e-22 0.
1507523910 1 12038.2978516 0. 6.84487494047e-22 0.
1507523970 1 12014.7089844 0. 6.84046161066e-22 0.
1507524030 1 11999.3671875 0. 6.84064559612e-22 0.
1507524090 1 11978.2734375 0. 6.83768540514e-22 0.
1507524150 1 11958.2402344 0. 6.83526743141e-22 0.
1507524210 1 11941.5585938 0. 6.83421914263e-22 0.
1507524265 1 11920.9443359 0. 6.83029832028e-22 0.
1507524316 1 11903.0341797 0. 6.8271002397e-22 0.
1507524361 1 11890.4072266 0. 6.82655465351e-22 0.
1507524411 1 11873.4814453 0. 6.82415532422e-22 0.
1507524471 1 11855.8027344 0. 6.82260482678e-22 0.
1507524532 1 11837.4560547 0. 6.82078127851e-22 0.
1507524592 1 11817.9794922 0. 6.81803636593e-22 0.
1507524652 1 11799.6425781 0. 6.81618502464e-22 0.
1507524712 1 11777.0742188 0. 6.81148245137e-22 0.
1507524772 1 11758.5166016 0. 6.80947844952e-22 0.
1507524832 1 11739.3320312 0. 6.80680439456e-22 0.
1507524892 1 11719.5478516 0. 6.8038295232e-22 0.
1507524952 1 11699.0283203 0. 6.80048171596e-22 0.
1507525012 1 11680.6025391 0. 6.79842525645e-22 0.
1507525072 1 11661.8847656 0. 6.79594594575e-22 0.
1507525132 1 11643.0761719 0. 6.79339745997e-22 0.
1507525193 1 11623.2412109 0. 6.79007605321e-22 0.
1507525253 1 11602.53125 0. 6.78628049556e-22 0.
1507525298 1 11590.2275391 0. 6.78531632286e-22 0.
1507525343 1 11575.9970703 0. 6.78343431287e-22 0.
1507525403 1 11561.0429688 0. 6.78316657013e-22 0.
1507525464 1 11537.8554688 0. 6.77797638777e-22 0.
1507525524 1 11521.8115234 0. 6.77691859518e-22 0.
1507525584 1 11503.3085938 0. 6.7745346792e-22 0.
1507525644 1 11485.3515625 0. 6.77237841427e-22 0.
1507525679 1 11470.3164062 0. 6.76790428649e-22 0.
1507525694 1 11467.5878906 0. 6.76860339336e-22 0.
1507525734 1 11455.6611328 0. 6.76736965592e-22 0.
1507525794 1 11437.2119141 0. 6.76495536647e-22 0.
1507525854 1 11418.8828125 0. 6.76240191394e-22 0.
1507525915 1 11400.0380859 0. 6.75990585569e-22 0.
1507525975 1 11382.0527344 0. 6.75775408205e-22 0.
1507526035 1 11363.5429688 0. 6.75509762545e-22 0.
1507526095 1 11346.765625 0. 6.75351910782e-22 0.
1507526155 1 11327.6679688 0. 6.75054889988e-22 0.
1507526215 1 11310.7587891 0. 6.74895399264e-22 0.
1507526275 1 11290.9208984 0. 6.74533018737e-22 0.
1507526335 1 11275.5869141 0. 6.74457220577e-22 0.
1507526396 1 11258.2802734 0. 6.74261952694e-22 0.
1507526456 1 11238.6875 0. 6.73893716161e-22 0.
1507526516 1 11221.5537109 0. 6.73685492868e-22 0.
1507526576 1 11200.4970703 0. 6.73244342368e-22 0.
1507526636 1 11179.4423828 0. 6.72813991793e-22 0.
1507526696 1 11167.6738281 0. 6.72930170983e-22 0.
1507526756 1 11147.0205078 0. 6.72530244773e-22 0.
1507526816 1 11132.0927734 0. 6.72414683996e-22 0.
1507526876 1 11115.9521484 0. 6.72240807273e-22 0.
1507526936 1 11100.0039062 0. 6.72107738109e-22 0.
1507526997 1 11078.3203125 0. 6.71622497627e-22 0.
1507527057 1 11062.6699219 0. 6.71500207764e-22 0.
1507527117 1 11045.2880859 0. 6.71282586977e-22 0.
1507527177 1 11023.1953125 0. 6.70753646985e-22 0.
1507527237 1 11004.9824219 0. 6.70486136776e-22 0.
1507527297 1 10986.8242188 0. 6.70214363483e-22 0.
1507527357 1 10976.9921875 0. 6.70421470485e-22 0.
1507527417 1 10956.3154297 0. 6.69984983079e-22 0.
1507527477 1 10935.9736328 0. 6.69568837711e-22 0.
1507527538 1 10917.4355469 0. 6.69248535538e-22 0.
1507527598 1 10907.1220703 0. 6.69447566236e-22 0.
1507527658 1 10887.9267578 0. 6.69038908897e-22 0.
1507527711 1 10867.4589844 0. 6.68493842855e-22 0.
1507527755 1 10865.9550781 0. 6.69011315571e-22 0.
1507527805 1 10847.2265625 0. 6.68541763201e-22 0.
1507527865 1 10830.9462891 0. 6.68345208471e-22 0.
1507527926 1 10815.546875 0. 6.68191908513e-22 0.
1507527986 1 10797.0771484 0. 6.67882737326e-22 0.
1507528021 1 10795.3583984 0. 6.68257143338e-22 0.
1507528056 1 10782.4414062 0. 6.67928380578e-22 0.
1507528091 1 10773.234375 0. 6.6780766551e-22 0.
1507528126 1 10762.0849609 0. 6.67656121169e-22 0.
1507528187 1 10746.5976562 0. 6.67501704336e-22 0.
1507528247 1 10728.3701172 0. 6.67172418899e-22 0.
1507528307 1 10713.2324219 0. 6.67002443459e-22 0.
1507528367 1 10692.2480469 0. 6.66503190659e-22 0.
1507528427 1 10681.3076172 0. 6.66603149642e-22 0.
1507528487 1 10665.8125 0. 6.6644033508e-22 0.
1507528547 1 10650.8144531 0. 6.66277690746e-22 0.
1507528607 1 10637.8105469 0. 6.66237882786e-22 0.
1507528667 1 10620.9755859 0. 6.65982730282e-22 0.
1507528728 1 10607.671875 0. 6.65923337666e-22 0.
1507528788 1 10588.0283203 0. 6.65482886082e-22 0.
1507528848 1 10557.8193359 0. 6.64369997032e-22 0.
1507528908 1 10549.8388672 0. 6.6467431926e-22 0.
1507528968 1 10530.9375 0. 6.64266441958e-22 0.
1507529028 1 10513.0986328 0. 6.639381794e-22 0.
1507529088 1 10496.9541016 0. 6.63663040496e-22 0.
1507529148 1 10480.34375 0. 6.63402939646e-22 0.
1507529209 1 10461.15625 0. 6.62964769242e-22 0.
1507529269 1 10444.4824219 0. 6.62680295924e-22 0.
1507529305 1 10434.6923828 0. 6.62517571624e-22 0.
1507529325 1 10427.9599609 0. 6.62388270494e-22 0.
1507529352 1 10421.6259766 0. 6.62341504015e-22 0.
1507529397 1 10408.2207031 0. 6.62085280836e-22 0.
1507529454 1 10391.9931641 0. 6.61766939387e-22 0.
1507529511 1 10376.4912109 0. 6.61514625371e-22 0.
1507529571 1 10367.2294922 0. 6.61680324058e-22 0.
1507529631 1 10345.1738281 0. 6.61075021316e-22 0.
1507529692 1 10332.4296875 0. 6.61039652675e-22 0.
1507529752 1 10320.6513672 0. 6.61038466077e-22 0.
1507529812 1 10306.6464844 0. 6.60903559367e-22 0.
1507529872 1 10292.5839844 0. 6.60762904783e-22 0.
1507529932 1 10275.1816406 0. 6.60417958378e-22 0.
1507529992 1 10256.2089844 0. 6.59947029278e-22 0.
1507530052 1 10249.1669922 0. 6.60276047188e-22 0.
1507530112 1 10229.3603516 0. 6.59768523507e-22 0.
1507530172 1 10224.9335938 0. 6.60268954588e-22 0.
1507530233 1 10207.53125 0. 6.5993578788e-22 0.
1507530293 1 10191.7587891 0. 6.59666355986e-22 0.
1507530353 1 10179.3710938 0. 6.59666179557e-22 0.
1507530403 1 10164.8085938 0. 6.59327012831e-22 0.
1507530452 1 10148.8037109 0. 6.58934801721e-22 0.
1507530513 1 10139.4355469 0. 6.59097930475e-22 0.
1507530573 1 10121.7666016 0. 6.58737090295e-22 0.
1507530633 1 10103.6455078 0. 6.58301115892e-22 0.
1507530693 1 10090.7441406 0. 6.58244523469e-22 0.
1507530753 1 10074.3330078 0. 6.57938071855e-22 0.
1507530813 1 10060.8125 0. 6.5780580624e-22 0.
1507530873 1 10047.7431641 0. 6.57738180037e-22 0.
1507530933 1 10033.9472656 0. 6.57588717594e-22 0.
1507530993 1 10009.8183594 0. 6.56773308547e-22 0.
1507531054 1 9993.89941406 0. 6.56445347976e-22 0.
1507531114 1 9979.4765625 0. 6.56268087993e-22 0.
1507531160 1 9970.60644531 0. 6.56291135284e-22 0.
1507531187 1 9965.99414062 0. 6.56314972801e-22 0.
1507531228 1 9953.08496094 0. 6.56003970803e-22 0.
1507531288 1 9940.37109375 0. 6.55939649416e-22 0.
1507531348 1 9925.0078125 0. 6.55671018699e-22 0.
1507531407 1 9909.30664062 0. 6.55382401255e-22 0.
1507531467 1 9896.59375 0. 6.55322346726e-22 0.
1507531502 1 9889.26269531 0. 6.55282025348e-22 0.
1507531537 1 9879.9375 0. 6.55125835685e-22 0.
1507531597 1 9863.90136719 0. 6.5482254883e-22 0.
1507531657 1 9849.62890625 0. 6.54618627164e-22 0.
1507531718 1 9881.52929688 0. 6.57530673173e-22 0.
1507531778 1 10041.3193359 0. 6.68960653215e-22 0.
1507531838 1 9682.60449219 0. 6.45912582638e-22 0.
1507531898 1 9826.68359375 0. 6.56339941365e-22 0.
1507531958 1 10158.1416016 0. 6.79312580292e-22 0.
1507532018 1 10146.4257812 0. 6.79401851368e-22 0.
1507532078 1 10130.7138672 0. 6.79186609492e-22 0.
1507532138 1 10115.0751953 0. 6.78982976207e-22 0.
1507532199 1 10095.1787109 0. 6.78534639819e-22 0.
1507532259 1 10080.3242188 0. 6.78400409104e-22 0.
1507532319 1 10065.4277344 0. 6.78233988721e-22 0.
1507532379 1 10050.2167969 0. 6.78035231949e-22 0.
1507532439 1 10037.6494141 0. 6.7803368134e-22 0.
1507532499 1 10020.2871094 0. 6.77680642724e-22 0.
1507532559 1 10004.5029297 0. 6.77461495601e-22 0.
1507532619 1 9985.73339844 0. 6.77000914396e-22 0.
1507532679 1 9976.70898438 0. 6.77217842188e-22 0.
1507532740 1 9958.95996094 0. 6.76821370036e-22 0.
1507532800 1 9943.125 0. 6.76566032501e-22 0.
1507532860 1 9927.22265625 0. 6.76306900339e-22 0.
1507532920 1 9912.25683594 0. 6.7614710998e-22 0.
1507532980 1 9896.37304688 0. 6.75895631259e-22 0.
1507533040 1 9882.99707031 0. 6.75808401098e-22 0.
1507533100 1 9868.83984375 0. 6.75647223368e-22 0.
1507533160 1 9853.33203125 0. 6.75436040534e-22 0.
1507533201 1 9844.65527344 0. 6.75352200526e-22 0.
1507533241 1 9834.0078125 0. 6.75163199572e-22 0.
1507533302 1 9816.54785156 0. 6.74740623856e-22 0.
1507533362 1 9801.16308594 0. 6.74514636479e-22 0.
1507533422 1 9785.41992188 0. 6.74239112366e-22 0.
1507533482 1 9768.52441406 0. 6.73865491589e-22 0.
1507533542 1 9755.02050781 0. 6.7374731515e-22 0.
1507533602 1 9740.38183594 0. 6.73551544952e-22 0.
1507533662 1 9725.96777344 0. 6.73346054359e-22 0.
1507533722 1 9710.71582031 0. 6.73113046148e-22 0.
1507533782 1 9696.09765625 0. 6.72891705187e-22 0.
1507533843 1 9679.50488281 0. 6.72522356571e-22 0.
1507533903 1 9665.11035156 0. 6.72337027938e-22 0.
1507533963 1 9647.83496094 0. 6.71942124763e-22 0.
1507534023 1 9629.71972656 0. 6.71483849264e-22 0.
1507534083 1 9611.49707031 0. 6.70978830296e-22 0.
1507534143 1 9586.21289062 0. 6.70018632265e-22 0.
1507534203 1 9560.92675781 0. 6.69079909187e-22 0.
1507534263 1 9535.69140625 0. 6.6811966204e-22 0.
1507534323 1 9514.19921875 0. 6.67391578812e-22 0.
1507534384 1 9499.72070312 0. 6.67152452033e-22 0.
1507534444 1 9475.19042969 0. 6.66223527891e-22 0.
1507534504 1 9447.87792969 0. 6.65085873437e-22 0.
1507534564 1 9423.76757812 0. 6.64179659432e-22 0.
1507534607 1 9411.7109375 0. 6.63873775209e-22 0.
1507534635 1 9400.57324219 0. 6.63457272517e-22 0.
1507534679 1 9381.75097656 0. 6.62716836014e-22 0.
1507534740 1 9363.83496094 0. 6.62218407389e-22 0.
1507534796 1 9326.88476562 0. 6.60339799754e-22 0.
1507534853 1 9322.90625 0. 6.60817072742e-22 0.
1507534913 1 9317.36035156 0. 6.61190813191e-22 0.
1507534973 1 9301.79980469 0. 6.60896650983e-22 0.
1507535033 1 9281.86132812 0. 6.60223487107e-22 0.
1507535093 1 9263.45507812 0. 6.59672678194e-22 0.
1507535153 1 9250.8125 0. 6.5954935686e-22 0.
1507535214 1 9233.46484375 0. 6.59099542482e-22 0.
1507535274 1 9227.05078125 0. 6.59429390849e-22 0.
1507535334 1 9223.34277344 0. 6.59962040161e-22 0.
1507535369 1 9222.16015625 0. 6.60316508425e-22 0.
1507535404 1 9224.85058594 0. 6.61000778393e-22 0.
1507535464 1 9220.67675781 0. 6.61473395041e-22 0.
1507535524 1 9222.07226562 0. 6.62352060663e-22 0.
1507535584 1 9219.3046875 0. 6.62921709279e-22 0.
1507535645 1 9217.77246094 0. 6.6357096622e-22 0.
1507535705 1 9208.4453125 0. 6.63680468441e-22 0.
1507535765 1 9208.57617188 0. 6.64431767062e-22 0.
1507535825 1 9203.00878906 0. 6.64802981566e-22 0.
1507535885 1 9199.51660156 0. 6.65323115413e-22 0.
1507535945 1 9190.06738281 0. 6.65436244122e-22 0.
1507536005 1 9178.21386719 0. 6.65374110147e-22 0.
1507536065 1 9174.08691406 0. 6.65844610212e-22 0.
1507536125 1 9159.44824219 0. 6.65568504755e-22 0.
1507536186 1 9145.6953125 0. 6.65348604256e-22 0.
1507536246 1 9138.57714844 0. 6.65611325319e-22 0.
1507536306 1 9127.125 0. 6.65567374559e-22 0.
1507536366 1 9118.578125 0. 6.65691903829e-22 0.
1507536426 1 9106.33789062 0. 6.65522193026e-22 0.
1507536486 1 9096.59179688 0. 6.65575172531e-22 0.
1507536546 1 9090.28320312 0. 6.65870385093e-22 0.
1507536606 1 9087.17382812 0. 6.66448328917e-22 0.
1507536667 1 9069.15332031 0. 6.65885722699e-22 0.
1507536727 1 9052.79785156 0. 6.65441427584e-22 0.
1507536787 1 9047.33398438 0. 6.65797173291e-22 0.
1507536847 1 9037.72167969 0. 6.65855313726e-22 0.
1507536907 1 9023.33300781 0. 6.65527766631e-22 0.
1507536967 1 9012.41992188 0. 6.6548294997e-22 0.
1507537027 1 9000.3046875 0. 6.65362290111e-22 0.
1507537087 1 8992.63574219 0. 6.65547017806e-22 0.
1507537147 1 8983.36914062 0. 6.6561608335e-22 0.
1507537205 1 8961.95117188 0. 6.64767972194e-22 0.
1507537247 1 8952.46289062 0. 6.64539910602e-22 0.
1507537291 1 8947.61425781 0. 6.64735971878e-22 0.
1507537351 1 8936.58398438 0. 6.64668690975e-22 0.
1507537411 1 8921.97460938 0. 6.64326329049e-22 0.
1507537471 1 8907.30078125 0. 6.63985974073e-22 0.
1507537531 1 8894.78808594 0. 6.63791760713e-22 0.
1507537591 1 8883.13378906 0. 6.63669243297e-22 0.
1507537639 1 8874.11425781 0. 6.63570940907e-22 0.
1507537686 1 8862.29003906 0. 6.63280290683e-22 0.
1507537746 1 8851.43457031 0. 6.63223926618e-22 0.
1507537806 1 8840.06445312 0. 6.63134900487e-22 0.
1507537866 1 8820.34179688 0. 6.62404458503e-22 0.
1507537926 1 8812.13378906 0. 6.62509925264e-22 0.
1507537986 1 8805.11914062 0. 6.62721630839e-22 0.
1507538046 1 8783.109375 0. 6.61819944476e-22 0.
1507538086 1 7315.33203125 0. 5.52178911626e-22 0.
1507538126 1 0.147794246674 0. 6.9863993528e-23 0.
