1508108809 1 15208.0263672 0. 5.51201065113e-22 0.
1508108869 1 15217.9375 0. 5.5264291024e-22 0.
1508108929 1 15242.640625 0. 5.54630164274e-22 0.
1508108964 1 15307.2900391 0. 5.57582904126e-22 0.
1508108993 1 15321.515625 0. 5.58638876863e-22 0.
1508109046 1 15351.2880859 0. 5.60647750462e-22 0.
1508109107 1 15448.8623047 0. 5.65260686971e-22 0.
1508109167 1 15068.4228516 0. 5.52379635922e-22 0.
1508109227 1 15147.7792969 0. 5.56236569711e-22 0.
1508109287 1 15235.2792969 0. 5.6044075156e-22 0.
1508109347 1 14541.1660156 0. 5.35815621555e-22 0.
1508109407 1 15111.3818359 0. 5.57796187687e-22 0.
1508109467 1 15303.4404297 0. 5.65875810972e-22 0.
1508109527 1 14897.9824219 0. 5.51786827538e-22 0.
1508109588 1 14370.6142578 0. 5.33156173506e-22 0.
1508109648 1 14619.8017578 0. 5.43298820484e-22 0.
1508109708 1 14271.3583984 0. 5.31203554853e-22 0.
1508109768 1 14268.1005859 0. 5.31948656793e-22 0.
1508109814 1 14563.0595703 0. 5.43596637046e-22 0.
1508109837 1 15044.9882812 0. 5.61951880344e-22 0.
1508109875 1 13961.8193359 0. 5.21989643978e-22 0.
1508109935 1 14525.8349609 0. 5.43967818284e-22 0.
1508109995 1 14101.4589844 0. 5.28893008026e-22 0.
1508110055 1 14442.8232422 0. 5.42564443071e-22 0.
1508110108 1 14226.2939453 0. 5.35159340382e-22 0.
1508110147 1 14062.5986328 0. 5.29518649656e-22 0.
1508110175 1 14062.3164062 0. 5.29888061489e-22 0.
1508110218 1 13993.9804688 0. 5.27886178957e-22 0.
1508110278 1 14595.4638672 0. 5.51454025817e-22 0.
1508110318 1 14042.8554688 0. 5.31081611765e-22 0.
1508110358 1 14305.0566406 0. 5.4157910152e-22 0.
1508110418 1 14027.6767578 0. 5.31882038859e-22 0.
1508110478 1 14502.4208984 0. 5.50727758898e-22 0.
1508110539 1 15072.3046875 0. 5.73285412537e-22 0.
1508110599 1 14625.0957031 0. 5.5711405611e-22 0.
1508110659 1 14602.8183594 0. 5.57111018829e-22 0.
1508110711 1 14723.1816406 0. 5.62451420255e-22 0.
1508110764 1 14709.2832031 0. 5.6264215869e-22 0.
1508110824 1 14667.4628906 0. 5.61901700767e-22 0.
1508110884 1 14732.3554688 0. 5.65249387784e-22 0.
1508110922 1 14735.4042969 0. 5.6584071203e-22 0.
1508110959 1 14718.1005859 0. 5.65737087164e-22 0.
1508111012 1 14734.4394531 0. 5.67122819739e-22 0.
1508111043 1 14758.8671875 0. 5.68458767097e-22 0.
1508111080 1 14786.2910156 0. 5.70062704508e-22 0.
1508111132 1 14783.1357422 0. 5.70644455097e-22 0.
1508111176 1 14825.375 0. 5.72905492414e-22 0.
1508111228 1 14806.6923828 0. 5.72924740746e-22 0.
1508111288 1 14793.140625 0. 5.73270075522e-22 0.
1508111349 1 14801.7041016 0. 5.74425377175e-22 0.
1508111396 1 14845.4619141 0. 5.76764966268e-22 0.
1508111443 1 14894.9541016 0. 5.79333671051e-22 0.
1508111503 1 14876.1201172 0. 5.79457317898e-22 0.
1508111563 1 14887.6972656 0. 5.8076508238e-22 0.
1508111598 1 14897.0703125 0. 5.81631159702e-22 0.
1508111616 1 14912.1269531 0. 5.82472093349e-22 0.
1508111634 1 14910.4472656 0. 5.82657108388e-22 0.
1508111669 1 14925.0253906 0. 5.83759682125e-22 0.
1508111724 1 14902.4394531 0. 5.83657969941e-22 0.
1508111780 1 14937.0097656 0. 5.85795278302e-22 0.
1508111840 1 14958.1757812 0. 5.87469982326e-22 0.
1508111895 1 14912.0253906 0. 5.86428959135e-22 0.
1508111950 1 14934.2099609 0. 5.88106063576e-22 0.
1508112010 1 14951.8896484 0. 5.89649728994e-22 0.
1508112047 1 14948.3466797 0. 5.90007253831e-22 0.
1508112066 1 14967.3496094 0. 5.9105665042e-22 0.
1508112110 1 14992.1435547 0. 5.92648441661e-22 0.
1508112170 1 14926.9013672 0. 5.90917285461e-22 0.
1508112223 1 14955.296875 0. 5.92809209041e-22 0.
1508112276 1 14960.2451172 0. 5.93778943569e-22 0.
1508112337 1 14976.4130859 0. 5.95275102459e-22 0.
1508112372 1 14838.3837891 0. 5.90244155717e-22 0.
1508112407 1 14879.4355469 0. 5.92406604963e-22 0.
1508112467 1 14980.1035156 0. 5.97273437183e-22 0.
1508112504 1 15003.0585938 0. 5.98717582895e-22 0.
1508112541 1 14954.1796875 0. 5.97282767482e-22 0.
1508112602 1 14955.5878906 0. 5.98207022495e-22 0.
1508112662 1 14939.6953125 0. 5.98444588909e-22 0.
1508112722 1 14898.4179688 0. 5.97623888966e-22 0.
1508112782 1 14903.1708984 0. 5.98642383961e-22 0.
1508112842 1 14911.2851562 0. 5.99837973051e-22 0.
1508112902 1 14956.4238281 0. 6.02514774185e-22 0.
1508112962 1 14899.5546875 0. 6.01078684762e-22 0.
1508113019 1 14827.6748047 0. 5.98956678949e-22 0.
1508113075 1 14829.6201172 0. 5.99828926701e-22 0.
1508113135 1 14798.2988281 0. 5.99399553265e-22 0.
1508113195 1 14784.9960938 0. 5.99712170697e-22 0.
1508113256 1 14801.5488281 0. 6.01220702018e-22 0.
1508113316 1 14824.90625 0. 6.03043419503e-22 0.
1508113376 1 14791.9931641 0. 6.0257892703e-22 0.
1508113416 1 14702.0087891 0. 5.99465240608e-22 0.
1508113457 1 14672.34375 0. 5.98846591909e-22 0.
1508113511 1 14645.3115234 0. 5.9850891094e-22 0.
1508113566 1 14753.6279297 0. 6.03728656391e-22 0.
1508113610 1 15027.8642578 0. 6.15543898375e-22 0.
1508113639 1 15014.1816406 0. 6.15434177643e-22 0.
1508113685 1 15020.4306641 0. 6.16349042201e-22 0.
1508113745 1 14939.6074219 0. 6.13901225362e-22 0.
1508113805 1 14890.4111328 0. 6.12747664932e-22 0.
1508113865 1 14891.1259766 0. 6.1363874538e-22 0.
1508113925 1 14901.3623047 0. 6.14948158349e-22 0.
1508113985 1 14842.4892578 0. 6.1338600762e-22 0.
1508114045 1 14807.4619141 0. 6.12816704679e-22 0.
1508114106 1 14805.0947266 0. 6.13569486424e-22 0.
1508114166 1 14738.0234375 0. 6.1165832686e-22 0.
1508114226 1 14746.8427734 0. 6.12884797668e-22 0.
1508114286 1 14661.8212891 0. 6.10206781212e-22 0.
1508114346 1 14684.7050781 0. 6.11999612223e-22 0.
1508114406 1 14697.0810547 0. 6.13364386115e-22 0.
1508114441 1 14609.8857422 0. 6.10173719906e-22 0.
1508114477 1 14639.8408203 0. 6.11992761021e-22 0.
1508114537 1 14923.1445312 0. 6.24728201405e-22 0.
1508114597 1 15002.625 0. 6.28949323323e-22 0.
1508114657 1 14967.0185547 0. 6.28336036496e-22 0.
1508114717 1 14966.8339844 0. 6.29224678496e-22 0.
1508114777 1 14964.5322266 0. 6.30029959174e-22 0.
1508114837 1 14949.3730469 0. 6.30285071038e-22 0.
1508114897 1 14912.8154297 0. 6.29649879448e-22 0.
1508114957 1 14852.9052734 0. 6.27998644964e-22 0.
1508115018 1 14833.3583984 0. 6.28033177859e-22 0.
1508115078 1 14750.9628906 0. 6.25409395899e-22 0.
1508115138 1 14730.6416016 0. 6.25386723092e-22 0.
1508115198 1 14722.8828125 0. 6.2593044417e-22 0.
1508115258 1 14729.0859375 0. 6.2707092014e-22 0.
1508115318 1 14713.4882812 0. 6.27312274681e-22 0.
1508115378 1 14739.7646484 0. 6.29307542774e-22 0.
1508115438 1 14693.8154297 0. 6.28212047575e-22 0.
1508115498 1 14670.4130859 0. 6.28099613587e-22 0.
1508115559 1 14701.1494141 0. 6.30301916211e-22 0.
1508115619 1 14930.6152344 0. 6.41023507356e-22 0.
1508115679 1 14872.8095703 0. 6.39454509041e-22 0.
1508115739 1 14858.1064453 0. 6.397154502e-22 0.
1508115799 1 15019.7138672 0. 6.47571350554e-22 0.
1508115859 1 15045.4716797 0. 6.49633411678e-22 0.
1508115919 1 15046.2519531 0. 6.50566361069e-22 0.
1508115979 1 15026.0146484 0. 6.50594673153e-22 0.
1508116039 1 15017.6835938 0. 6.51135993867e-22 0.
1508116100 1 15026.3710938 0. 6.52448422033e-22 0.
1508116148 1 15011.8623047 0. 6.52559755197e-22 0.
1508116197 1 15015.1269531 0. 6.53451791276e-22 0.
1508116257 1 14992.8085938 0. 6.53378014275e-22 0.
1508116297 1 14976.6679688 0. 6.53274918931e-22 0.
1508116337 1 14963.3837891 0. 6.53282978364e-22 0.
1508116374 1 14941.5234375 0. 6.52844859694e-22 0.
1508116411 1 14917.4873047 0. 6.52394907581e-22 0.
1508116471 1 14879.4160156 0. 6.51635638792e-22 0.
1508116531 1 14865.1230469 0. 6.51907861042e-22 0.
1508116591 1 14827.0595703 0. 6.51156244162e-22 0.
1508116634 1 14815.5205078 0. 6.51272674988e-22 0.
1508116678 1 14812.8417969 0. 6.5181836862e-22 0.
1508116713 1 14798.2753906 0. 6.51653782898e-22 0.
1508116748 1 14785.8203125 0. 6.5167619624e-22 0.
1508116808 1 14771.8515625 0. 6.51976982075e-22 0.
1508116868 1 14764.6103516 0. 6.52565982001e-22 0.
1508116928 1 14723.1210938 0. 6.51608601583e-22 0.
1508116988 1 14719.1445312 0. 6.52351847849e-22 0.
1508117048 1 14676.5947266 0. 6.51337624565e-22 0.
1508117109 1 14665.4892578 0. 6.51768470839e-22 0.
1508117144 1 14654.0683594 0. 6.51765811344e-22 0.
1508117179 1 14645.6435547 0. 6.51933695486e-22 0.
1508117239 1 14642.4462891 0. 6.52633131682e-22 0.
1508117299 1 14795.1542969 0. 6.60374547016e-22 0.
1508117359 1 14755.6298828 0. 6.59511417276e-22 0.
1508117419 1 14743.9160156 0. 6.59885314183e-22 0.
1508117473 1 14726.9335938 0. 6.59936162136e-22 0.
1508117526 1 14721.6738281 0. 6.60507822019e-22 0.
1508117586 1 14679.40625 0. 6.59536403887e-22 0.
1508117634 1 14668.2929688 0. 6.59784289843e-22 0.
1508117681 1 14670.2744141 0. 6.60612460833e-22 0.
1508117741 1 14646.9228516 0. 6.60492404528e-22 0.
1508117802 1 14626.0878906 0. 6.60466263225e-22 0.
1508117862 1 14622.5185547 0. 6.61194498349e-22 0.
1508117905 1 14753.7011719 0. 6.67780768179e-22 0.
1508117949 1 14738.4892578 0. 6.67781507084e-22 0.
1508118009 1 14710.7207031 0. 6.67422605537e-22 0.
1508118069 1 14713.5634766 0. 6.68473700696e-22 0.
1508118129 1 14699.4091797 0. 6.68780109517e-22 0.
1508118189 1 14669.9121094 0. 6.68358283778e-22 0.
1508118249 1 14639.0048828 0. 6.67912674012e-22 0.
1508118310 1 14727.7539062 0. 6.72900854301e-22 0.
1508118370 1 14708.6738281 0. 6.72956275369e-22 0.
1508118430 1 14682.1083984 0. 6.72677555932e-22 0.
1508118490 1 14643.5625 0. 6.71828042007e-22 0.
1508118550 1 14633.7099609 0. 6.72300161722e-22 0.
1508118604 1 14640.8544922 0. 6.73489390582e-22 0.
1508118659 1 14672.6826172 0. 6.75796323845e-22 0.
1508118719 1 14649.6259766 0. 6.75653283245e-22 0.
1508118779 1 14628.3925781 0. 6.7561367829e-22 0.
1508118839 1 14647.828125 0. 6.7742942892e-22 0.
1508118899 1 14637.7910156 0. 6.77892590694e-22 0.
1508118959 1 14621.03125 0. 6.78060591379e-22 0.
1508119019 1 14618.6953125 0. 6.78801574506e-22 0.
1508119079 1 14597.6728516 0. 6.78606132432e-22 0.
1508119140 1 14597.4414062 0. 6.79339178496e-22 0.
1508119200 1 14583.4814453 0. 6.79336259575e-22 0.
1508119260 1 14552.2939453 0. 6.78665355443e-22 0.
1508119320 1 14508.0664062 0. 6.77355700974e-22 0.
1508119380 1 14479.3935547 0. 6.76935694087e-22 0.
1508119415 1 14761.5205078 0. 6.90667064201e-22 0.
1508119441 1 15058.7773438 0. 7.05072561439e-22 0.
1508119491 1 15026.5253906 0. 7.04395813902e-22 0.
1508119551 1 15000.8603516 0. 7.04198888426e-22 0.
1508119612 1 15341.3007812 0. 7.21258661553e-22 0.
1508119672 1 15450.6113281 0. 7.27543857826e-22 0.
1508119707 1 15431.3857422 0. 7.27297655231e-22 0.
1508119720 1 15437.9960938 0. 7.27879968886e-22 0.
1508119745 1 15424.3652344 0. 7.27719700586e-22 0.
1508119789 1 15397.9648438 0. 7.27330838993e-22 0.
1508119834 1 15376.5332031 0. 7.27173821232e-22 0.
1508119882 1 15349.6103516 0. 7.26803032285e-22 0.
1508119942 1 15309.8535156 0. 7.26035705375e-22 0.
1508119977 1 15297.71875 0. 7.26106791439e-22 0.
1508120012 1 15288.9443359 0. 7.26353035475e-22 0.
1508120072 1 15250.0283203 0. 7.25597159758e-22 0.
1508120132 1 15232.4609375 0. 7.25862646957e-22 0.
1508120193 1 15189.1367188 0. 7.24901340731e-22 0.
1508120253 1 15169.3183594 0. 7.25065608485e-22 0.
1508120309 1 15139.4863281 0. 7.24658020472e-22 0.
1508120365 1 15118.2705078 0. 7.24696613836e-22 0.
1508120425 1 15079.4335938 0. 7.23914569198e-22 0.
1508120460 1 14909.0917969 0. 7.16330646202e-22 0.
1508120495 1 14484.0966797 0. 6.96540286978e-22 0.
1508120555 1 14295.1103516 0. 6.88422975731e-22 0.
1508120616 1 15115.8417969 0. 7.29095803346e-22 0.
1508120651 1 15099.3183594 0. 7.28886689106e-22 0.
1508120671 1 15087.4189453 0. 7.28728924725e-22 0.
1508120691 1 15066.5322266 0. 7.28060147594e-22 0.
1508120727 1 15062.7324219 0. 7.28566216102e-22 0.
1508120787 1 15030.7275391 0. 7.28102751582e-22 0.
1508120847 1 15003.9316406 0. 7.27884462497e-22 0.
1508120891 1 14984.1865234 0. 7.27691702359e-22 0.
1508120934 1 14957.9794922 0. 7.27236124401e-22 0.
1508120995 1 14925.5205078 0. 7.26736572631e-22 0.
1508121055 1 14894.8984375 0. 7.26317862277e-22 0.
1508121115 1 14865.359375 0. 7.25954943807e-22 0.
1508121175 1 14832.2451172 0. 7.25386738168e-22 0.
1508121235 1 14800.1171875 0. 7.24891746015e-22 0.
1508121283 1 14788.5048828 0. 7.25207572815e-22 0.
1508121332 1 14754.8808594 0. 7.24416140737e-22 0.
1508121392 1 14723.6005859 0. 7.23964595728e-22 0.
1508121452 1 14696.25 0. 7.23663047089e-22 0.
1508121512 1 14661.203125 0. 7.22992003181e-22 0.
1508121573 1 14628.7216797 0. 7.2243618993e-22 0.
1508121633 1 14602.1113281 0. 7.22201036203e-22 0.
1508121693 1 14575.0419922 0. 7.21886574785e-22 0.
1508121753 1 14543.8623047 0. 7.2141757292e-22 0.
1508121813 1 14518.2021484 0. 7.2119661797e-22 0.
1508121872 1 14486.2675781 0. 7.20633952085e-22 0.
1508121931 1 14471.9892578 0. 7.20935256706e-22 0.
1508121991 1 14430.4902344 0. 7.19937688449e-22 0.
1508122027 1 14416.0664062 0. 7.19816430578e-22 0.
1508122038 1 14392.2207031 0. 7.18789896661e-22 0.
1508122059 1 14400.1962891 0. 7.19599157718e-22 0.
1508122081 1 14388.9316406 0. 7.19349858533e-22 0.
1508122117 1 14373.1191406 0. 7.19216101968e-22 0.
1508122162 1 14354.0048828 0. 7.19011930496e-22 0.
1508122196 1 14340.1650391 0. 7.1889716336e-22 0.
1508122245 1 14310.8242188 0. 7.18268658288e-22 0.
1508122290 1 14288.3378906 0. 7.17925771683e-22 0.
1508122334 1 14269.4365234 0. 7.17744872253e-22 0.
1508122394 1 14244.6484375 0. 7.17526015558e-22 0.
1508122454 1 14220.953125 0. 7.17342952934e-22 0.
1508122515 1 14190.4580078 0. 7.16807046117e-22 0.
1508122575 1 14163.0097656 0. 7.16430393277e-22 0.
1508122623 1 14138.9775391 0. 7.16057814232e-22 0.
1508122661 1 14120.2607422 0. 7.15745630461e-22 0.
1508122710 1 14100.6416016 0. 7.15571460636e-22 0.
1508122770 1 14071.2158203 0. 7.15097341367e-22 0.
1508122830 1 14042.8115234 0. 7.14640823725e-22 0.
1508122890 1 14014.2001953 0. 7.14176567857e-22 0.
1508122950 1 13989.4638672 0. 7.13947284202e-22 0.
1508123010 1 13964.5537109 0. 7.13703342523e-22 0.
1508123071 1 13939.6289062 0. 7.13433050069e-22 0.
1508123125 1 13911.7119141 0. 7.12897378328e-22 0.
1508123168 1 13892.9042969 0. 7.12629297559e-22 0.
1508123202 1 13873.1328125 0. 7.12185734174e-22 0.
1508123233 1 13852.3085938 0. 7.11620030925e-22 0.
1508123253 1 13840.6425781 0. 7.11347482921e-22 0.
1508123288 1 13823.0771484 0. 7.11089560297e-22 0.
1508123349 1 13798.5761719 0. 7.1079759117e-22 0.
1508123409 1 13773.7675781 0. 7.10511190214e-22 0.
1508123450 1 13751.7412109 0. 7.10050216378e-22 0.
1508123492 1 13736.1582031 0. 7.09942928707e-22 0.
1508123546 1 13707.7265625 0. 7.09405958842e-22 0.
1508123600 1 13682.9902344 0. 7.09023166098e-22 0.
1508123660 1 13645.6601562 0. 7.0809104742e-22 0.
1508123720 1 13630.8574219 0. 7.0831367467e-22 0.
1508123780 1 13601.484375 0. 7.0774612627e-22 0.
1508123840 1 13578.1650391 0. 7.07524877023e-22 0.
1508123900 1 13549.5224609 0. 7.07022389121e-22 0.
1508123960 1 13521.4257812 0. 7.06550087323e-22 0.
1508124020 1 13496.5810547 0. 7.06238518394e-22 0.
1508124069 1 13469.5107422 0. 7.05609145841e-22 0.
1508124120 1 13449.171875 0. 7.0533310088e-22 0.
1508124180 1 13429.9199219 0. 7.05303427655e-22 0.
1508124240 1 13395.6337891 0. 7.04493898563e-22 0.
1508124281 1 13373.3730469 0. 7.04000640077e-22 0.
1508124323 1 13363.8105469 0. 7.04175317967e-22 0.
1508124383 1 13372.3457031 0. 7.05603595812e-22 0.
1508124443 1 13362.7783203 0. 7.06071995338e-22 0.
1508124503 1 13344.5478516 0. 7.06063434828e-22 0.
1508124563 1 13322.6796875 0. 7.05887687001e-22 0.
1508124623 1 13292.9589844 0. 7.05296442672e-22 0.
1508124664 1 13277.7070312 0. 7.05132678398e-22 0.
1508124705 1 13259.6289062 0. 7.0485104978e-22 0.
1508124765 1 13237.9394531 0. 7.04684640888e-22 0.
1508124825 1 13217.4609375 0. 7.0454230422e-22 0.
1508124885 1 13189.2158203 0. 7.03994743054e-22 0.
1508124945 1 13158.9228516 0. 7.03350949876e-22 0.
1508125005 1 13139.6865234 0. 7.03267304137e-22 0.
1508125062 1 13119.5537109 0. 7.03075706537e-22 0.
1508125119 1 13095.4814453 0. 7.02699425122e-22 0.
1508125179 1 13064.9101562 0. 7.02030347871e-22 0.
1508125231 1 13043.8964844 0. 7.01720811884e-22 0.
1508125283 1 13024.6015625 0. 7.01509369379e-22 0.
1508125343 1 13007.4716797 0. 7.01563835906e-22 0.
1508125403 1 12984.6884766 0. 7.01277468019e-22 0.
1508125463 1 12959.3242188 0. 7.0085069186e-22 0.
1508125523 1 12935.7255859 0. 7.00542820546e-22 0.
1508125572 1 12910.9140625 0. 6.99963190955e-22 0.
1508125606 1 12900.3027344 0. 6.99911347436e-22 0.
1508125651 1 12882.1533203 0. 6.99634875577e-22 0.
1508125711 1 12858.7568359 0. 6.99332518954e-22 0.
1508125771 1 12842.7412109 0. 6.99421072376e-22 0.
1508125831 1 12813.2675781 0. 6.98726824254e-22 0.
1508125892 1 12791.6171875 0. 6.98503412891e-22 0.
1508125952 1 12765.6542969 0. 6.98045192731e-22 0.
1508125990 1 12750.9677734 0. 6.97775295169e-22 0.
1508126005 1 12745.0097656 0. 6.97674455965e-22 0.
1508126027 1 12737.5429688 0. 6.97642078007e-22 0.
1508126073 1 12717.1464844 0. 6.97254197964e-22 0.
1508126133 1 12698.7792969 0. 6.97204453673e-22 0.
1508126193 1 12677.4589844 0. 6.96947297795e-22 0.
1508126253 1 12626.7470703 0. 6.95095753375e-22 0.
1508126313 1 12626.7246094 0. 6.96025745879e-22 0.
1508126374 1 12605.8857422 0. 6.95810634083e-22 0.
1508126434 1 12576.3476562 0. 6.95117980572e-22 0.
1508126492 1 12546.4365234 0. 6.94330320059e-22 0.
1508126550 1 12529.7314453 0. 6.94305337171e-22 0.
1508126610 1 12502.7607422 0. 6.93700399695e-22 0.
1508126671 1 12483.7412109 0. 6.9355935268e-22 0.
1508126731 1 12457.7158203 0. 6.93015696804e-22 0.
1508126777 1 12437.1699219 0. 6.92574641615e-22 0.
1508126809 1 12425.4892578 0. 6.92404794005e-22 0.
1508126855 1 12406.3369141 0. 6.92049082668e-22 0.
1508126915 1 12385.8398438 0. 6.91827655936e-22 0.
1508126975 1 12367.1572266 0. 6.91708720845e-22 0.
1508127035 1 12342.3164062 0. 6.91226321375e-22 0.
1508127095 1 12312.3525391 0. 6.90448927011e-22 0.
1508127155 1 12284.2480469 0. 6.89781260172e-22 0.
1508127215 1 12266.0292969 0. 6.89662252156e-22 0.
1508127275 1 12242.9384766 0. 6.89233753953e-22 0.
1508127336 1 12224.3662109 0. 6.89091023999e-22 0.
1508127396 1 12202.8740234 0. 6.88748833787e-22 0.
1508127435 1 12188.1054688 0. 6.88471279584e-22 0.
1508127474 1 12172.4404297 0. 6.88195196449e-22 0.
1508127534 1 12149.6474609 0. 6.87809341787e-22 0.
1508127595 1 12123.6347656 0. 6.87207183434e-22 0.
1508127654 1 12101.3242188 0. 6.86835903011e-22 0.
1508127714 1 12062.9335938 0. 6.85549075957e-22 0.
1508127775 1 12020.3837891 0. 6.83995547615e-22 0.
1508127835 1 11986.8056641 0. 6.82944906584e-22 0.
1508127870 1 11955.4042969 0. 6.81687608121e-22 0.
1508127890 1 11944.546875 0. 6.81353031149e-22 0.
1508127921 1 11921.3632812 0. 6.80461833624e-22 0.
1508127952 1 11902.4667969 0. 6.79831109019e-22 0.
1508127997 1 11851.6591797 0. 6.77574695336e-22 0.
1508128056 1 11815.2373047 0. 6.76350127758e-22 0.
1508128114 1 11793.2392578 0. 6.75877069367e-22 0.
1508128149 1 11765.3857422 0. 6.74739818451e-22 0.
1508128185 1 11754.7919922 0. 6.74679926889e-22 0.
1508128245 1 11335.8710938 0. 6.51421894575e-22 0.
1508128305 1 11256.6005859 0. 6.47673714423e-22 0.
1508128343 1 10412.6621094 0. 5.99465762749e-22 0.
1508128381 1 11905.5400391 0. 6.86130848866e-22 0.
1508128441 1 11917.0439453 0. 6.87676226152e-22 0.
1508128502 1 11893.8144531 0. 6.87244569143e-22 0.
1508128562 1 11873.8125 0. 6.8696066338e-22 0.
1508128622 1 11852.890625 0. 6.86629800289e-22 0.
1508128682 1 11830.9492188 0. 6.86236920616e-22 0.
1508128742 1 11812.9589844 0. 6.86064388776e-22 0.
1508128802 1 11789.6132812 0. 6.85588411319e-22 0.
1508128862 1 11765.2880859 0. 6.85031839648e-22 0.
1508128922 1 11741.9970703 0. 6.84543917372e-22 0.
1508128983 1 11724.7392578 0. 6.84407178669e-22 0.
1508129043 1 11702.4355469 0. 6.8392819592e-22 0.
1508129103 1 11680.6542969 0. 6.83550436948e-22 0.
1508129163 1 11659.3652344 0. 6.83162905682e-22 0.
1508129223 1 11639.8183594 0. 6.82884121935e-22 0.
1508129283 1 11613.1396484 0. 6.82181425379e-22 0.
1508129343 1 11590.7539062 0. 6.81742460908e-22 0.
1508129403 1 11570.2861328 0. 6.81389588045e-22 0.
1508129463 1 11544.5605469 0. 6.80728636114e-22 0.
1508129511 1 11527.7861328 0. 6.80423759566e-22 0.
1508129558 1 11517.2441406 0. 6.8046936866e-22 0.
1508129594 1 11513.7255859 0. 6.80742144253e-22 0.
1508129629 1 11483.1669922 0. 6.79471980216e-22 0.
1508129689 1 11471.9277344 0. 6.79660023987e-22 0.
1508129749 1 11460.8867188 0. 6.79878727598e-22 0.
1508129810 1 11446.0644531 0. 6.7983909956e-22 0.
1508129870 1 11428.4003906 0. 6.79643187107e-22 0.
1508129919 1 11419.3310547 0. 6.79791084516e-22 0.
1508129960 1 11410.2207031 0. 6.79836033126e-22 0.
1508130011 1 11402.734375 0. 6.80132179389e-22 0.
1508130072 1 11388.3642578 0. 6.80115907597e-22 0.
1508130132 1 11373.7578125 0. 6.80106316192e-22 0.
1508130192 1 11357.3115234 0. 6.79966562317e-22 0.
1508130252 1 11342.7490234 0. 6.79952048623e-22 0.
1508130312 1 11329.5429688 0. 6.80007281057e-22 0.
1508130372 1 11305.8271484 0. 6.79447514153e-22 0.
1508130432 1 11291.3349609 0. 6.79409439e-22 0.
1508130492 1 11280.8359375 0. 6.79626249674e-22 0.
1508130552 1 11258.4433594 0. 6.79110925464e-22 0.
1508130613 1 11246.0332031 0. 6.79188665656e-22 0.
1508130673 1 11228.7099609 0. 6.78984997338e-22 0.
1508130733 1 11218.8242188 0. 6.79260985934e-22 0.
1508130793 1 11200.5126953 0. 6.78990605138e-22 0.
1508130848 1 11187.0361328 0. 6.78931451611e-22 0.
1508130902 1 11161.4628906 0. 6.78173843291e-22 0.
1508130963 1 11149.4228516 0. 6.78287140251e-22 0.
1508131023 1 11135.8574219 0. 6.7827334379e-22 0.
1508131083 1 11118.3476562 0. 6.78040880999e-22 0.
1508131143 1 11101.7832031 0. 6.778779027e-22 0.
1508131203 1 11082.9794922 0. 6.77558195666e-22 0.
1508131263 1 11061.7275391 0. 6.77103810572e-22 0.
1508131323 1 11047.3017578 0. 6.77057162628e-22 0.
1508131383 1 11030.3662109 0. 6.76809925114e-22 0.
1508131444 1 11015.1445312 0. 6.76706142755e-22 0.
1508131504 1 10998.8496094 0. 6.76530600286e-22 0.
1508131564 1 10980.0244141 0. 6.761833099e-22 0.
1508131608 1 10971.0283203 0. 6.76258376657e-22 0.
1508131642 1 10966.7099609 0. 6.76485906764e-22 0.
1508131667 1 10954.5800781 0. 6.76054874934e-22 0.
1508131702 1 10942.6923828 0. 6.75837580319e-22 0.
1508131763 1 10925.5693359 0. 6.75560653867e-22 0.
1508131823 1 10912.8964844 0. 6.75580080744e-22 0.
1508131883 1 10893.3388672 0. 6.75162673705e-22 0.
1508131943 1 10877.4345703 0. 6.74964339701e-22 0.
1508132003 1 10863.2695312 0. 6.74913045414e-22 0.
1508132063 1 10842.5966797 0. 6.7444066842e-22 0.
1508132123 1 10826.5048828 0. 6.74276364653e-22 0.
1508132183 1 10808.5449219 0. 6.73965898864e-22 0.
1508132232 1 10801.2841797 0. 6.74166331959e-22 0.
1508132280 1 10789.3164062 0. 6.74073593624e-22 0.
1508132340 1 10767.7880859 0. 6.73536101235e-22 0.
1508132400 1 10753.5566406 0. 6.73449968076e-22 0.
1508132460 1 10735.8300781 0. 6.73129288077e-22 0.
1508132520 1 10722.5644531 0. 6.73116221049e-22 0.
1508132580 1 10892.2539062 0. 6.84627368448e-22 0.
1508132640 1 11001.8339844 0. 6.92418841462e-22 0.
1508132700 1 10536.5087891 0. 6.63984802873e-22 0.
1508132760 1 10769.7021484 0. 6.79528550647e-22 0.
1508132821 1 11045.9306641 0. 6.97898152838e-22 0.
1508132881 1 11029.1982422 0. 6.97778661894e-22 0.
1508132917 1 11014.7275391 0. 6.97377995967e-22 0.
1508132939 1 11008.6503906 0. 6.97364994093e-22 0.
1508132985 1 10997.7128906 0. 6.97358251437e-22 0.
1508133045 1 10980.4248047 0. 6.97129757264e-22 0.
1508133105 1 10960.296875 0. 6.96790916655e-22 0.
1508133165 1 10946.3164062 0. 6.96833175006e-22 0.
1508133225 1 10923.1435547 0. 6.96255886848e-22 0.
1508133285 1 10905.7568359 0. 6.9603785017e-22 0.
1508133345 1 10892.4179688 0. 6.96106393658e-22 0.
1508133405 1 10875.6181641 0. 6.95972283091e-22 0.
1508133466 1 10827.234375 0. 6.93772736115e-22 0.
1508133526 1 10816.1542969 0. 6.93959761262e-22 0.
1508133586 1 10793.7441406 0. 6.93416007021e-22 0.
1508133646 1 10783.3701172 0. 6.93633354705e-22 0.
1508133706 1 10764.4238281 0. 6.93309221489e-22 0.
1508133766 1 10747.8886719 0. 6.93131143241e-22 0.
1508133826 1 10723.7363281 0. 6.9249719437e-22 0.
1508133886 1 10704.9570312 0. 6.92170724027e-22 0.
1508133947 1 10697.4433594 0. 6.92597025795e-22 0.
1508134007 1 10623.2607422 0. 6.88650656893e-22 0.
1508134067 1 10639.2675781 0. 6.90565282821e-22 0.
1508134127 1 10635.4277344 0. 6.91202831821e-22 0.
1508134187 1 10615.9443359 0. 6.90834861894e-22 0.
1508134247 1 10604.2128906 0. 6.9096809704e-22 0.
1508134307 1 10586.6064453 0. 6.90706196375e-22 0.
1508134367 1 10569.0341797 0. 6.9041329363e-22 0.
1508134427 1 10547.9101562 0. 6.89917053659e-22 0.
1508134488 1 10527.8291016 0. 6.8951261777e-22 0.
1508134548 1 10514.7539062 0. 6.89562516794e-22 0.
1508134608 1 10502.8427734 0. 6.89681651296e-22 0.
1508134668 1 10484.9980469 0. 6.89394045688e-22 0.
1508134728 1 10465.4335938 0. 6.88967239773e-22 0.
1508134788 1 10448.3837891 0. 6.88722211378e-22 0.
1508134848 1 10433.2646484 0. 6.88607031093e-22 0.
1508134908 1 10417.9443359 0. 6.88523026768e-22 0.
1508134947 1 10407.2246094 0. 6.88305555396e-22 0.
1508134975 1 10402.2539062 0. 6.88368159943e-22 0.
1508135026 1 10384.9423828 0. 6.87965765114e-22 0.
1508135086 1 10365.9091797 0. 6.87579575865e-22 0.
1508135146 1 10347.7285156 0. 6.87264817505e-22 0.
1508135206 1 10330.5478516 0. 6.86988723881e-22 0.
1508135266 1 10316.1630859 0. 6.8689878779e-22 0.
1508135326 1 10302.2539062 0. 6.86815531001e-22 0.
1508135386 1 10287.1230469 0. 6.86685783737e-22 0.
1508135447 1 10271.03125 0. 6.86461290466e-22 0.
1508135507 1 10254.5117188 0. 6.86201603206e-22 0.
1508135567 1 10237.6513672 0. 6.85897706777e-22 0.
1508135627 1 10223.0957031 0. 6.85748767154e-22 0.
1508135687 1 10207.6923828 0. 6.85576589853e-22 0.
1508135747 1 10190.4316406 0. 6.85268847997e-22 0.
1508135807 1 10175.3134766 0. 6.85091734085e-22 0.
1508135867 1 10155.1660156 0. 6.84577183083e-22 0.
1508135927 1 10142.6337891 0. 6.84557745697e-22 0.
1508135988 1 10133.5839844 0. 6.8479923775e-22 0.
1508136048 1 10115.7539062 0. 6.84391235326e-22 0.
1508136108 1 10101.7607422 0. 6.84288359582e-22 0.
1508136168 1 10081.6357422 0. 6.83755818605e-22 0.
1508136228 1 10068.6220703 0. 6.83690463967e-22 0.
1508136288 1 10053.4208984 0. 6.83480510586e-22 0.
1508136348 1 10032.8105469 0. 6.82921496006e-22 0.
1508136408 1 10013.5507812 0. 6.82435650409e-22 0.
1508136468 1 10004.7216797 0. 6.82693838653e-22 0.
1508136528 1 9987.41015625 0. 6.82334398334e-22 0.
1508136582 1 9972.87304688 0. 6.8205164222e-22 0.
1508136626 1 9958.41894531 0. 6.8165658796e-22 0.
1508136677 1 9947.49804688 0. 6.81608713781e-22 0.
1508136737 1 9937.99414062 0. 6.81820440822e-22 0.
1508136797 1 9920.29980469 0. 6.81412419201e-22 0.
1508136857 1 9896.18066406 0. 6.80581592734e-22 0.
1508136917 1 9894.60742188 0. 6.81293776557e-22 0.
1508136978 1 9875.14355469 0. 6.80759968104e-22 0.
1508137038 1 9858.26074219 0. 6.80445919603e-22 0.
1508137098 1 9843.59472656 0. 6.80261888316e-22 0.
1508137158 1 9829.72460938 0. 6.80109790617e-22 0.
1508137218 1 9813.17675781 0. 6.7975750638e-22 0.
1508137278 1 9802.58007812 0. 6.79870324906e-22 0.
1508137313 1 9797.58886719 0. 6.79968692411e-22 0.
1508137325 1 9789.58105469 0. 6.79589333988e-22 0.
1508137362 1 9778.23828125 0. 6.79312128026e-22 0.
1508137422 1 9764.38574219 0. 6.79181398101e-22 0.
1508137483 1 9744.765625 0. 6.78616043305e-22 0.
1508137543 1 9729.83886719 0. 6.78380504655e-22 0.
1508137603 1 9730.61816406 0. 6.79294240189e-22 0.
1508137663 1 9716.45214844 0. 6.79123513933e-22 0.
1508137723 1 9697.86132812 0. 6.78631230317e-22 0.
1508137783 1 9683.08886719 0. 6.78430011157e-22 0.
1508137843 1 9665.04296875 0. 6.7797717805e-22 0.
1508137903 1 9645.85546875 0. 6.77417938216e-22 0.
1508137963 1 9631.06152344 0. 6.77241902528e-22 0.
1508138024 1 9625.07519531 0. 6.77593274301e-22 0.
1508138084 1 9617.86425781 0. 6.77884794369e-22 0.
1508138144 1 9605.03320312 0. 6.77806557044e-22 0.
1508138204 1 9592.07128906 0. 6.77727235648e-22 0.
1508138264 1 9580.65527344 0. 6.77732780658e-22 0.
1508138324 1 9561.82324219 0. 6.77212276191e-22 0.
1508138384 1 9546.48535156 0. 6.76943675224e-22 0.
1508138444 1 9539.22949219 0. 6.77246306562e-22 0.
1508138505 1 9523.78320312 0. 6.76945667818e-22 0.
1508138565 1 9502.51171875 0. 6.76230058489e-22 0.
1508138625 1 9491.18066406 0. 6.76264055146e-22 0.
1508138685 1 9478.76269531 0. 6.76153753865e-22 0.
1508138745 1 9468.39257812 0. 6.76222997234e-22 0.
1508138805 1 9455.48144531 0. 6.7611656319e-22 0.
1508138843 1 9446.04003906 0. 6.75944080319e-22 0.
1508138875 1 9438.47070312 0. 6.75833681932e-22 0.
1508138928 1 9423.47265625 0. 6.75466287334e-22 0.
1508138988 1 9407.35058594 0. 6.75101699161e-22 0.
1508139049 1 9389.1640625 0. 6.74596933864e-22 0.
1508139109 1 9370.43164062 0. 6.74036584661e-22 0.
1508139169 1 9358.69726562 0. 6.73983112883e-22 0.
1508139229 1 9347.35058594 0. 6.73959114936e-22 0.
1508139289 1 9326.83691406 0. 6.73255648476e-22 0.
1508139349 1 9308.390625 0. 6.7271837808e-22 0.
1508139409 1 9285.16113281 0. 6.71852011329e-22 0.
1508139469 1 9277.41796875 0. 6.72066998182e-22 0.
1508139529 1 9263.32617188 0. 6.71828512279e-22 0.
1508139590 1 9248.86328125 0. 6.71536387757e-22 0.
1508139650 1 9232.34277344 0. 6.71111395827e-22 0.
1508139710 1 9221.83886719 0. 6.71090483162e-22 0.
1508139770 1 9213.515625 0. 6.71266227196e-22 0.
1508139830 1 9202.3828125 0. 6.71262429229e-22 0.
1508139890 1 9195.30859375 0. 6.71514488758e-22 0.
1508139950 1 9180.92382812 0. 6.71222459078e-22 0.
1508140010 1 9171.56542969 0. 6.71323095684e-22 0.
1508140070 1 9155.44140625 0. 6.70943828466e-22 0.
1508140131 1 9146.93554688 0. 6.71071839186e-22 0.
1508140191 1 9140.49902344 0. 6.71389828645e-22 0.
1508140251 1 9128.81542969 0. 6.71302601348e-22 0.
1508140311 1 9118.55859375 0. 6.71303794351e-22 0.
1508140371 1 9106.68554688 0. 6.71194548271e-22 0.
1508140431 1 9094.8046875 0. 6.71065074173e-22 0.
1508140491 1 9084.54492188 0. 6.71103863077e-22 0.
1508140551 1 9071.49121094 0. 6.70880639663e-22 0.
1508140611 1 9057.82714844 0. 6.70641259235e-22 0.
1508140672 1 9049.4765625 0. 6.70803646842e-22 0.
1508140732 1 9037.71289062 0. 6.70702684168e-22 0.
1508140792 1 9022.00585938 0. 6.7030196574e-22 0.
1508140852 1 9011.640625 0. 6.70285358272e-22 0.
1508140912 1 8997.87304688 0. 6.70050331936e-22 0.
1508140972 1 8891.23242188 0. 6.62837554993e-22 0.
1508141032 1 8648.32128906 0. 6.45435001717e-22 0.
1508141092 1 8761.51757812 0. 6.54606172398e-22 0.
1508141150 1 8960.36523438 0. 6.70193834016e-22 0.
1508141193 1 8953.54101562 0. 6.70221173342e-22 0.
1508141240 1 8945.15527344 0. 6.70191350455e-22 0.
1508141300 1 8930.50976562 0. 6.69856299673e-22 0.
1508141360 1 8916.85351562 0. 6.69665933616e-22 0.
1508141420 1 8903.875 0. 6.69414706512e-22 0.
1508141480 1 8896.49023438 0. 6.69637878124e-22 0.
1508141540 1 8883.60742188 0. 6.69437305647e-22 0.
1508141600 1 8873.19335938 0. 6.69412646889e-22 0.
1508141660 1 8859.03808594 0. 6.69130845537e-22 0.
1508141720 1 8843.95410156 0. 6.68843945728e-22 0.
1508141780 1 8833.24511719 0. 6.68709723716e-22 0.
1508141841 1 8819.37988281 0. 6.68422915092e-22 0.
1508141901 1 8808.31445312 0. 6.68361043214e-22 0.
1508141961 1 8796.23242188 0. 6.68195811763e-22 0.
1508142021 1 8782.08886719 0. 6.67862186524e-22 0.
1508142081 1 8773.04394531 0. 6.67945226275e-22 0.
1508142141 1 8758.85742188 0. 6.6764312116e-22 0.
1508142201 1 8743.91015625 0. 6.67359166131e-22 0.
1508142261 1 8733.75976562 0. 6.67322115111e-22 0.
1508142322 1 8721.04589844 0. 6.67119045942e-22 0.
1508142382 1 8709.54101562 0. 6.66948204996e-22 0.
1508142442 1 8698.84765625 0. 6.66852183425e-22 0.
1508142502 1 8687.93652344 0. 6.66730246486e-22 0.
1508142562 1 8675.85058594 0. 6.66565713777e-22 0.
1508142622 1 8664.69921875 0. 6.66461525898e-22 0.
1508142682 1 8650.21679688 0. 6.6608763898e-22 0.
1508142742 1 8626.86914062 0. 6.65065654555e-22 0.
1508142802 1 8615.62988281 0. 6.64922744478e-22 0.
1508142863 1 8603.58105469 0. 6.6476382793e-22 0.
1508142923 1 8592.23144531 0. 6.64649821735e-22 0.
1508142983 1 8577.31152344 0. 6.64232789701e-22 0.
1508143043 1 8567.9609375 0. 6.64227761038e-22 0.
1508143103 1 8557.4140625 0. 6.64157168644e-22 0.
1508143163 1 8539.36621094 0. 6.63502534459e-22 0.
1508143223 1 8529.65625 0. 6.63462643958e-22 0.
1508143283 1 8519.13378906 0. 6.63396367357e-22 0.
1508143343 1 8506.27441406 0. 6.63115346176e-22 0.
1508143404 1 8487.16113281 0. 6.62378628571e-22 0.
1508143464 1 8481.23632812 0. 6.62623579071e-22 0.
1508143524 1 8467.77441406 0. 6.62279809427e-22 0.
1508143567 1 8460.31640625 0. 6.62269607671e-22 0.
1508143611 1 8453.45507812 0. 6.62282582528e-22 0.
1508143671 1 8442.28417969 0. 6.62157997566e-22 0.
1508143731 1 8430.63476562 0. 6.61943978289e-22 0.
1508143791 1 8415.71972656 0. 6.61523409479e-22 0.
1508143851 1 8410.90625 0. 6.61850401751e-22 0.
1508143889 1 8403.07128906 0. 6.61684119205e-22 0.
1508143927 1 8396.15332031 0. 6.6160592777e-22 0.
1508143987 1 8383.62597656 0. 6.61368681364e-22 0.
1508144033 1 8371.29003906 0. 6.6094554582e-22 0.
1508144079 1 8364.5390625 0. 6.60992376187e-22 0.
1508144140 1 8350.4921875 0. 6.60623869964e-22 0.
1508144200 1 8342.04492188 0. 6.60698191406e-22 0.
1508144260 1 8335.2578125 0. 6.60868500248e-22 0.
1508144320 1 8322.00683594 0. 6.60552739385e-22 0.
1508144380 1 8309.67871094 0. 6.6027790331e-22 0.
1508144440 1 8298.15917969 0. 6.60064929822e-22 0.
1508144500 1 8284.03125 0. 6.59678979834e-22 0.
1508144560 1 8272.69335938 0. 6.5949594603e-22 0.
1508144621 1 8265.33300781 0. 6.59640503204e-22 0.
1508144681 1 8246.47851562 0. 6.5885313627e-22 0.
1508144716 1 8239.50390625 0. 6.58704366223e-22 0.
1508144737 1 8237.80566406 0. 6.58845768769e-22 0.
1508144783 1 8230.04492188 0. 6.58742285114e-22 0.
1508144843 1 8218.84375 0. 6.58558507442e-22 0.
1508144903 1 8207.74902344 0. 6.58393883578e-22 0.
1508144963 1 8188.90429688 0. 6.57596475014e-22 0.
1508145024 1 8183.00439453 0. 6.57844951296e-22 0.
1508145084 1 8169.41796875 0. 6.57438279905e-22 0.
1508145144 1 8164.29638672 0. 6.57723225237e-22 0.
1508145204 1 8153.31933594 0. 6.57554782131e-22 0.
1508145264 1 8147.54931641 0. 6.57809700695e-22 0.
1508145324 1 8130.85693359 0. 6.57170211596e-22 0.
1508145384 1 8120.78515625 0. 6.57054389163e-22 0.
1508145444 1 8109.203125 0. 6.56839459172e-22 0.
1508145504 1 8101.12255859 0. 6.56867102191e-22 0.
1508145565 1 8090.02539062 0. 6.56685160456e-22 0.
1508145625 1 8078.41503906 0. 6.56489460415e-22 0.
1508145685 1 8065.03613281 0. 6.5612312593e-22 0.
1508145745 1 8056.04589844 0. 6.56115217815e-22 0.
1508145805 1 8043.46875 0. 6.55754805722e-22 0.
1508145865 1 8036.56933594 0. 6.55865806515e-22 0.
1508145925 1 8025.45849609 0. 6.55727836947e-22 0.
1508145985 1 8015.04931641 0. 6.55587598103e-22 0.
1508146045 1 8003.53027344 0. 6.55327660143e-22 0.
1508146106 1 7993.34716797 0. 6.55165382069e-22 0.
1508146166 1 7988.32910156 0. 6.55458112778e-22 0.
1508146226 1 7976.19726562 0. 6.55147587155e-22 0.
1508146275 1 7965.51367188 0. 6.54824556794e-22 0.
1508146304 1 7959.13867188 0. 6.54651123893e-22 0.
1508146344 1 7953.25488281 0. 6.54660505906e-22 0.
1508146404 1 7942.94921875 0. 6.54479639417e-22 0.
1508146465 1 7932.92578125 0. 6.54342943136e-22 0.
1508146525 1 7927.546875 0. 6.54575027204e-22 0.
1508146585 1 7917.90087891 0. 6.54509046426e-22 0.
1508146645 1 7905.328125 0. 6.54134848236e-22 0.
1508146705 1 7893.41015625 0. 6.53839920243e-22 0.
1508146765 1 7883.30175781 0. 6.53681597995e-22 0.
1508146825 1 7872.73339844 0. 6.53476194157e-22 0.
1508146885 1 7865.6015625 0. 6.53559292721e-22 0.
1508146945 1 7855.99707031 0. 6.53450084052e-22 0.
1508147006 1 7846.38720703 0. 6.53327283559e-22 0.
1508147066 1 7834.25439453 0. 6.53020497638e-22 0.
1508147126 1 7818.41650391 0. 6.52395718123e-22 0.
1508147186 1 7813.11621094 0. 6.52625423435e-22 0.
1508147246 1 7805.75634766 0. 6.52721832668e-22 0.
1508147306 1 7797.28271484 0. 6.52679810679e-22 0.
1508147366 1 7787.68847656 0. 6.52566940364e-22 0.
1508147426 1 7775.43212891 0. 6.52240313183e-22 0.
1508147486 1 7765.46484375 0. 6.52085099227e-22 0.
1508147547 1 7758.77929688 0. 6.5220350103e-22 0.
1508147607 1 7746.859375 0. 6.51897979102e-22 0.
1508147667 1 7735.13232422 0. 6.51555644961e-22 0.
1508147727 1 7725.62548828 0. 6.51434101326e-22 0.
1508147787 1 7717.37060547 0. 6.5138648321e-22 0.
1508147847 1 7706.60791016 0. 6.51172634494e-22 0.
1508147907 1 7697.66992188 0. 6.51105631198e-22 0.
1508147967 1 7686.55615234 0. 6.50835856891e-22 0.
1508148027 1 7674.5 0. 6.50504774595e-22 0.
1508148088 1 7667.51318359 0. 6.50567942884e-22 0.
1508148148 1 7657.65576172 0. 6.50386873695e-22 0.
1508148208 1 7648.21972656 0. 6.50264572924e-22 0.
1508148268 1 7638.35009766 0. 6.50098164476e-22 0.
1508148328 1 7629.11865234 0. 6.49987055663e-22 0.
1508148388 1 7618.56347656 0. 6.49755289022e-22 0.
1508148448 1 7608.25341797 0. 6.49545608021e-22 0.
1508148508 1 7601.31689453 0. 6.49640147529e-22 0.
1508148568 1 7588.71972656 0. 6.49235762691e-22 0.
1508148629 1 7576.39111328 0. 6.48855637733e-22 0.
1508148689 1 7570.13330078 0. 6.48993949138e-22 0.
1508148749 1 7561.75146484 0. 6.48964732277e-22 0.
1508148809 1 7552.48046875 0. 6.48877818373e-22 0.
1508148869 1 7540.01660156 0. 6.48474372772e-22 0.
1508148929 1 7527.35498047 0. 6.48078066977e-22 0.
1508148989 1 7521.16992188 0. 6.48231088292e-22 0.
1508149049 1 7511.65625 0. 6.48061078955e-22 0.
1508149110 1 7503.11621094 0. 6.48029096836e-22 0.
1508149170 1 7493.61425781 0. 6.47913906304e-22 0.
1508149230 1 7482.52490234 0. 6.47648791582e-22 0.
1508149290 1 7471.72705078 0. 6.47385964699e-22 0.
1508149350 1 7462.72119141 0. 6.47289164391e-22 0.
1508149410 1 7458.25976562 0. 6.47544038586e-22 0.
1508149470 1 7451.17724609 0. 6.47617847206e-22 0.
1508149530 1 7438.46533203 0. 6.47203441225e-22 0.
1508149565 1 7432.28173828 0. 6.47005181427e-22 0.
1508149593 1 7429.09375 0. 6.4709120081e-22 0.
1508149646 1 7421.71728516 0. 6.47037294891e-22 0.
1508149696 1 7413.61621094 0. 6.46865196093e-22 0.
1508149746 1 7405.26953125 0. 6.46709253183e-22 0.
1508149806 1 7392.84179688 0. 6.46309334985e-22 0.
1508149866 1 7381.90527344 0. 6.45997380862e-22 0.
1508149926 1 7376.13720703 0. 6.46153220343e-22 0.
1508149987 1 7366.30126953 0. 6.45973286419e-22 0.
1508150047 1 7358.32470703 0. 6.45941842456e-22 0.
1508150107 1 7351.40722656 0. 6.45997164186e-22 0.
1508150167 1 7340.96191406 0. 6.4570941928e-22 0.
1508150227 1 7330.55712891 0. 6.45451733786e-22 0.
1508150287 1 7323.10546875 0. 6.45473247318e-22 0.
1508150347 1 7312.60839844 0. 6.45194888306e-22 0.
1508150407 1 7303.42285156 0. 6.45033527625e-22 0.
1508150467 1 7291.00439453 0. 6.44570679201e-22 0.
1508150528 1 7282.64990234 0. 6.44496475584e-22 0.
1508150588 1 7276.74804688 0. 6.44607058871e-22 0.
1508150648 1 7268.91650391 0. 6.44566448543e-22 0.
1508150708 1 7261.74707031 0. 6.44587725918e-22 0.
1508150768 1 7252.26318359 0. 6.44389681447e-22 0.
1508150828 1 7243.52685547 0. 6.4423022891e-22 0.
1508150888 1 7234.30712891 0. 6.44069413978e-22 0.
1508150948 1 7224.52099609 0. 6.43869352391e-22 0.
1508151008 1 7217.76171875 0. 6.43884723484e-22 0.
1508151069 1 7210.10009766 0. 6.43867731141e-22 0.
1508151129 1 7191.453125 0. 6.42893438477e-22 0.
1508151189 1 7175.37744141 0. 6.42077871809e-22 0.
1508151249 1 7166.21484375 0. 6.41848030068e-22 0.
1508151284 1 7158.41845703 0. 6.41475983803e-22 0.
1508151319 1 7151.99755859 0. 6.41285610846e-22 0.
1508151379 1 7142.76904297 0. 6.41071552976e-22 0.
1508151440 1 7136.56298828 0. 6.41143421344e-22 0.
1508151500 1 7125.02001953 0. 6.40748711451e-22 0.
1508151560 1 7116.56103516 0. 6.40647129333e-22 0.
1508151620 1 7107.69287109 0. 6.40480903479e-22 0.
1508151680 1 7094.1796875 0. 6.39908065338e-22 0.
1508151740 1 7088.21240234 0. 6.39990682255e-22 0.
1508151778 1 7084.58447266 0. 6.40021760343e-22 0.
1508151815 1 7076.60986328 0. 6.39692918074e-22 0.
1508151875 1 7068.9609375 0. 6.39608063813e-22 0.
1508151935 1 7060.90820312 0. 6.39517358657e-22 0.
1508151995 1 7055.01074219 0. 6.39636636599e-22 0.
1508152055 1 7043.58007812 0. 6.39228623518e-22 0.
1508152116 1 7038.66210938 0. 6.39405193484e-22 0.
1508152176 1 7027.27099609 0. 6.39005700963e-22 0.
1508152236 1 7020.12890625 0. 6.3896266656e-22 0.
1508152296 1 7012.22265625 0. 6.38887489505e-22 0.
1508152356 1 7002.5 0. 6.38625288504e-22 0.
1508152416 1 6996.92480469 0. 6.38741618122e-22 0.
1508152476 1 6989.5703125 0. 6.386896094e-22 0.
1508152536 1 6979.58496094 0. 6.38437534118e-22 0.
1508152596 1 6967.73291016 0. 6.37976476568e-22 0.
1508152657 1 6958.61035156 0. 6.37742232912e-22 0.
1508152717 1 6956.20947266 0. 6.38157158195e-22 0.
1508152764 1 6951.54589844 0. 6.38229301123e-22 0.
1508152804 1 6946.92382812 0. 6.38215666264e-22 0.
1508152857 1 6936.06982422 0. 6.37782772962e-22 0.
1508152917 1 6927.515625 0. 6.37645957105e-22 0.
1508152977 1 6918.40869141 0. 6.37417051684e-22 0.
1508153037 1 6911.05810547 0. 6.37359111561e-22 0.
1508153097 1 6903.25244141 0. 6.37245676802e-22 0.
1508153157 1 6897.38330078 0. 6.3735864421e-22 0.
1508153218 1 6886.42236328 0. 6.37005535464e-22 0.
1508153278 1 6878.44628906 0. 6.36895489198e-22 0.
1508153338 1 6869.75634766 0. 6.36725257945e-22 0.
1508153398 1 6863.64941406 0. 6.36777072283e-22 0.
1508153458 1 6854.23974609 0. 6.36513742333e-22 0.
1508153518 1 6844.78515625 0. 6.36262941462e-22 0.
1508153578 1 6838.22607422 0. 6.36330854578e-22 0.
1508153638 1 6829.83203125 0. 6.36163643877e-22 0.
1508153698 1 6820.56396484 0. 6.35907162113e-22 0.
1508153759 1 6812.24853516 0. 6.35763274856e-22 0.
1508153819 1 6807.12255859 0. 6.35908523447e-22 0.
1508153879 1 6793.30957031 0. 6.35212992197e-22 0.
1508153939 1 6790.07226562 0. 6.35550448827e-22 0.
1508153999 1 6781.47802734 0. 6.35354055803e-22 0.
1508154059 1 6772.25976562 0. 6.35124829208e-22 0.
1508154119 1 6762.63671875 0. 6.34828294963e-22 0.
1508154179 1 6755.79785156 0. 6.34809794036e-22 0.
1508154240 1 6746.62841797 0. 6.34516162574e-22 0.
1508154300 1 6738.63085938 0. 6.34371488603e-22 0.
1508154360 1 6733.14404297 0. 6.34444717099e-22 0.
1508154420 1 6724.65136719 0. 6.34253213395e-22 0.
1508154480 1 6716.58984375 0. 6.34117357161e-22 0.
1508154540 1 6709.74804688 0. 6.34084236689e-22 0.
1508154592 1 6701.66357422 0. 6.33832026648e-22 0.
1508154644 1 6697.88232422 0. 6.33983697008e-22 0.
1508154704 1 6688.66503906 0. 6.33728212803e-22 0.
1508154764 1 6681.34277344 0. 6.33651283934e-22 0.
1508154824 1 6671.23193359 0. 6.33305371991e-22 0.
1508154884 1 6662.18798828 0. 6.33062436128e-22 0.
1508154944 1 6653.83056641 0. 6.3285853276e-22 0.
1508155004 1 6646.58105469 0. 6.32754980555e-22 0.
1508155065 1 6467.52978516 0. 6.16282592913e-22 0.
1508155125 1 6381.02246094 0. 6.08575349484e-22 0.
1508155185 1 6626.22607422 0. 6.32574463888e-22 0.
1508155245 1 6632.73339844 0. 6.33774194299e-22 0.
1508155305 1 6628.80224609 0. 6.33856761519e-22 0.
1508155365 1 6630.67626953 0. 6.34530149412e-22 0.
1508155425 1 6622.87744141 0. 6.342595874e-22 0.
1508155485 1 6617.47412109 0. 6.34243820937e-22 0.
1508155545 1 6602.77294922 0. 6.33393207607e-22 0.
1508155606 1 6596.93310547 0. 6.33454467693e-22 0.
1508155666 1 6588.54345703 0. 6.33241123587e-22 0.
1508155726 1 6579.28417969 0. 6.32963788516e-22 0.
1508155786 1 6571.45263672 0. 6.32820206767e-22 0.
1508155846 1 6563.05908203 0. 6.32603618154e-22 0.
1508155906 1 6556.29736328 0. 6.32561549555e-22 0.
1508155966 1 6547.99560547 0. 6.32374633345e-22 0.
1508156026 1 6541.46289062 0. 6.32336814815e-22 0.
1508156086 1 6533.85839844 0. 6.32198855105e-22 0.
1508156147 1 6525.42871094 0. 6.32023818894e-22 0.
1508156207 1 6517.94970703 0. 6.31930422247e-22 0.
1508156267 1 6508.90722656 0. 6.31639683008e-22 0.
1508156327 1 6503.35400391 0. 6.31702719936e-22 0.
1508156387 1 6496.22900391 0. 6.31610179307e-22 0.
1508156447 1 6489.95898438 0. 6.31604689176e-22 0.
1508156507 1 6479.625 0. 6.31232449654e-22 0.
1508156567 1 6469.78955078 0. 6.30851438699e-22 0.
1508156627 1 6464.17138672 0. 6.30884766234e-22 0.
1508156688 1 6458.51904297 0. 6.30931481033e-22 0.
1508156726 1 6452.80664062 0. 6.30752779018e-22 0.
1508156747 1 6449.58935547 0. 6.30631328771e-22 0.
1508156788 1 6444.50878906 0. 6.30567243213e-22 0.
1508156849 1 6436.7734375 0. 6.30419209817e-22 0.
1508156909 1 6430.81494141 0. 6.30427092295e-22 0.
1508156969 1 6427.05078125 0. 6.3063950406e-22 0.
1508157029 1 6414.36328125 0. 6.29993244576e-22 0.
1508157089 1 6406.37890625 0. 6.29816016071e-22 0.
1508157149 1 6397.97900391 0. 6.29580428956e-22 0.
1508157209 1 5829.4453125 0. 5.87729508764e-22 0.
1508157269 1 0.129258796573 0. 0.0 0.
