1508228278 1 20776.703125 0. 7.4433148679e-22 0.
1508228303 1 20769.9023438 0. 7.44896801185e-22 0.
1508228317 1 20762.3007812 0. 7.44939746573e-22 0.
1508228331 1 20542.9199219 0. 7.37467216312e-22 0.
1508228357 1 20678.7851562 0. 7.4315251382e-22 0.
1508228404 1 20716.8300781 0. 7.45799290565e-22 0.
1508228448 1 20687.8203125 0. 7.45952236798e-22 0.
1508228472 1 20659.9179688 0. 7.45624269246e-22 0.
1508228496 1 20645.59375 0. 7.45764061872e-22 0.
1508228527 1 20635.7988281 0. 7.4626148911e-22 0.
1508228552 1 20625.8925781 0. 7.46496268685e-22 0.
1508228564 1 20604.3027344 0. 7.4606339038e-22 0.
1508228591 1 20537.3144531 0. 7.44372384044e-22 0.
1508228626 1 20588.0566406 0. 7.47167421498e-22 0.
1508228667 1 20579.2988281 0. 7.47993280045e-22 0.
1508228725 1 20728.8769531 0. 7.54964577105e-22 0.
1508228785 1 20685.4296875 0. 7.54954310136e-22 0.
1508228845 1 20506.1816406 0. 7.49899051344e-22 0.
1508228905 1 20550.4023438 0. 7.53042725652e-22 0.
1508228966 1 20432.4628906 0. 7.50265042858e-22 0.
1508229026 1 14330.6660156 0. 5.2681346952e-22 0.
1508229076 1 14000.3027344 0. 5.15336867188e-22 0.
1508229127 1 14027.1787109 0. 5.17089845766e-22 0.
1508229188 1 14021.7695312 0. 5.1777841313e-22 0.
1508229238 1 12957.4453125 0. 4.79072314063e-22 0.
1508229288 1 12986.3564453 0. 4.80802942241e-22 0.
1508229348 1 13092.9755859 0. 4.85526265139e-22 0.
1508229408 1 15935.6435547 0. 5.92135764489e-22 0.
1508229443 1 18336.90625 0. 6.82159733853e-22 0.
1508229453 1 19767.25 0. 7.35731299429e-22 0.
1508229464 1 19892.8769531 0. 7.40635542766e-22 0.
1508229474 1 19884.5683594 0. 7.40529425678e-22 0.
1508229485 1 19864.9882812 0. 7.4005143554e-22 0.
1508229499 1 20079.9882812 0. 7.48368493343e-22 0.
1508229516 1 19719.6289062 0. 7.35219208478e-22 0.
1508229529 1 19113.9785156 0. 7.12816927413e-22 0.
1508229540 1 19108.75 0. 7.12876459177e-22 0.
1508229561 1 18544.1191406 0. 6.92178561544e-22 0.
1508229588 1 18315.0292969 0. 6.84126033436e-22 0.
1508229606 1 18303.6972656 0. 6.84067591042e-22 0.
1508229624 1 18283.1660156 0. 6.83665362649e-22 0.
1508229650 1 18218.5 0. 6.81752510323e-22 0.
1508229670 1 18231.1054688 0. 6.8258605234e-22 0.
1508229683 1 18226.6445312 0. 6.82657990389e-22 0.
1508229699 1 17340.9902344 0. 6.49717064787e-22 0.
1508229722 1 17317.2851562 0. 6.49261963645e-22 0.
1508229743 1 17317.53125 0. 6.49631629415e-22 0.
1508229757 1 17318.5039062 0. 6.498784538e-22 0.
1508229767 1 17301.9960938 0. 6.4945633029e-22 0.
1508229777 1 17302.2109375 0. 6.49641297366e-22 0.
1508229799 1 17262.8652344 0. 6.48608178567e-22 0.
1508229821 1 17244.3417969 0. 6.48241537851e-22 0.
1508229833 1 17233.1425781 0. 6.48052594216e-22 0.
1508229851 1 17194.0605469 0. 6.4687923066e-22 0.
1508229872 1 17158.0957031 0. 6.45926590433e-22 0.
1508229905 1 14988.2304688 0. 5.6470597834e-22 0.
1508229936 1 18760.21875 0. 7.07668955539e-22 0.
1508229955 1 19783.8789062 0. 7.4680928203e-22 0.
1508229971 1 18886.6894531 0. 7.13158433884e-22 0.
1508229985 1 18717.3515625 0. 7.07053322087e-22 0.
1508229999 1 18740.2285156 0. 7.08195141472e-22 0.
1508230009 1 18739.1953125 0. 7.08377877981e-22 0.
1508230023 1 18601.9707031 0. 7.03451128231e-22 0.
1508230038 1 18513.1523438 0. 7.00312913037e-22 0.
1508230053 1 17818.1210938 0. 6.74337633612e-22 0.
1508230075 1 15643.5517578 0. 5.92420047968e-22 0.
1508230094 1 15679.3554688 0. 5.94027479893e-22 0.
1508230110 1 18843.7792969 0. 7.14332780033e-22 0.
1508230132 1 16494.5488281 0. 6.25480717473e-22 0.
1508230149 1 19275.1445312 0. 7.31455745177e-22 0.
1508230159 1 19720.4824219 0. 7.48589138889e-22 0.
1508230170 1 19722.1992188 0. 7.48899673802e-22 0.
1508230180 1 19707.8945312 0. 7.48564377478e-22 0.
1508230190 1 19705.2050781 0. 7.486624194e-22 0.
1508230204 1 17808.5117188 0. 6.7684485536e-22 0.
1508230220 1 14736.3378906 0. 5.59978440396e-22 0.
1508230236 1 14790.1230469 0. 5.62230160455e-22 0.
1508230259 1 14782.5771484 0. 5.62308984992e-22 0.
1508230283 1 14817.7333984 0. 5.63947281554e-22 0.
1508230322 1 14867.9726562 0. 5.66428333711e-22 0.
1508230370 1 14907.5419922 0. 5.68617062509e-22 0.
1508230396 1 14938.1279297 0. 5.70121711603e-22 0.
1508230423 1 14959.9980469 0. 5.71367550381e-22 0.
1508230450 1 14957.6367188 0. 5.71647247283e-22 0.
1508230466 1 14967.8525391 0. 5.72247554919e-22 0.
1508230491 1 14960.40625 0. 5.72334311402e-22 0.
1508230538 1 15022.2949219 0. 5.75376890551e-22 0.
1508230598 1 15043.0078125 0. 5.77047064802e-22 0.
1508230653 1 15020.5078125 0. 5.76944520921e-22 0.
1508230689 1 15682.8115234 0. 6.02967005026e-22 0.
1508230717 1 15994.5400391 0. 6.15407539442e-22 0.
1508230744 1 16008.7314453 0. 6.16351589727e-22 0.
1508230768 1 15999.6806641 0. 6.16371991852e-22 0.
1508230793 1 15960.1601562 0. 6.15233033345e-22 0.
1508230818 1 15950.9316406 0. 6.15261275656e-22 0.
1508230857 1 15944.0908203 0. 6.15608359098e-22 0.
1508230896 1 15957.8574219 0. 6.16737222857e-22 0.
1508230920 1 15960.2373047 0. 6.17186864979e-22 0.
1508230945 1 15924.7333984 0. 6.16207867555e-22 0.
1508230973 1 15895.2558594 0. 6.15490088222e-22 0.
1508230997 1 15880.7675781 0. 6.15291739249e-22 0.
1508231020 1 15884.9335938 0. 6.15815914864e-22 0.
1508231046 1 15916.5068359 0. 6.17419537104e-22 0.
1508231066 1 15956.5273438 0. 6.19277850769e-22 0.
1508231085 1 15974.5498047 0. 6.20268233485e-22 0.
1508231103 1 15972.8818359 0. 6.2043164486e-22 0.
1508231123 1 15925.5810547 0. 6.18906213292e-22 0.
1508231143 1 15906.4433594 0. 6.18475829811e-22 0.
1508231160 1 15789.8779297 0. 6.14196440697e-22 0.
1508231197 1 15247.1904297 0. 5.93603363976e-22 0.
1508231249 1 15088.4384766 0. 5.88122808241e-22 0.
1508231282 1 15813.8027344 0. 6.16926492243e-22 0.
1508231322 1 15152.9472656 0. 5.91683439672e-22 0.
1508231382 1 14766.1035156 0. 5.77372529229e-22 0.
1508231439 1 15338.7822266 0. 6.0064402449e-22 0.
1508231495 1 15299.2148438 0. 5.99905857681e-22 0.
1508231556 1 15278.6328125 0. 5.99940450233e-22 0.
1508231616 1 15220.7519531 0. 5.98541036288e-22 0.
1508231674 1 15171.7490234 0. 5.97430044557e-22 0.
1508231732 1 15215.2490234 0. 5.99984453173e-22 0.
1508231792 1 15262.4072266 0. 6.02725941459e-22 0.
1508231838 1 15196.4873047 0. 6.0076425137e-22 0.
1508231858 1 15129.2724609 0. 5.98364626104e-22 0.
1508231887 1 15468.9052734 0. 6.12307812569e-22 0.
1508231925 1 15704.1777344 0. 6.22157820694e-22 0.
1508231957 1 15742.71875 0. 6.24171798788e-22 0.
1508231989 1 15485.2226562 0. 6.14426762923e-22 0.
1508232023 1 15227.3701172 0. 6.04683528891e-22 0.
1508232074 1 15262.0068359 0. 6.06808131083e-22 0.
1508232134 1 15278.3564453 0. 6.08339683233e-22 0.
1508232194 1 15221.1113281 0. 6.06919874953e-22 0.
1508232255 1 15070.5039062 0. 6.0175117138e-22 0.
1508232315 1 14824.6621094 0. 5.92754406177e-22 0.
1508232375 1 14828.8095703 0. 5.93744138676e-22 0.
1508232420 1 14815.484375 0. 5.93804065129e-22 0.
1508232465 1 14843.2705078 0. 5.95553784173e-22 0.
1508232525 1 15162.7158203 0. 6.0926849327e-22 0.
1508232585 1 15214.1259766 0. 6.12189277029e-22 0.
1508232645 1 14763.1201172 0. 5.94868783819e-22 0.
1508232705 1 14749.2363281 0. 5.95129267271e-22 0.
1508232765 1 14798.4853516 0. 5.97939251197e-22 0.
1508232825 1 14745.2451172 0. 5.96605835838e-22 0.
1508232885 1 14709.5966797 0. 5.95975440879e-22 0.
1508232946 1 14792.0517578 0. 6.00133232361e-22 0.
1508233006 1 15091.9150391 0. 6.13194460948e-22 0.
1508233066 1 15103.8789062 0. 6.14554773306e-22 0.
1508233121 1 15118.0996094 0. 6.15949392812e-22 0.
1508233176 1 15069.7470703 0. 6.14791293167e-22 0.
1508233236 1 15003.2998047 0. 6.12950386344e-22 0.
1508233296 1 15034.40625 0. 6.15088806656e-22 0.
1508233357 1 15060.3300781 0. 6.17030336238e-22 0.
1508233417 1 15033.9619141 0. 6.16834219871e-22 0.
1508233452 1 14987.0869141 0. 6.15393971579e-22 0.
1508233487 1 15005.1396484 0. 6.16661598488e-22 0.
1508233547 1 15005.0478516 0. 6.17530263612e-22 0.
1508233607 1 14974.3720703 0. 6.17153858062e-22 0.
1508233667 1 14911.0957031 0. 6.15376609899e-22 0.
1508233728 1 14932.5488281 0. 6.17123750578e-22 0.
1508233763 1 14874.7236328 0. 6.15221288705e-22 0.
1508233798 1 14873.7353516 0. 6.15678406292e-22 0.
1508233858 1 14873.4902344 0. 6.16507519313e-22 0.
1508233918 1 15146.5 0. 6.28737386995e-22 0.
1508233978 1 14963.6865234 0. 6.21965046296e-22 0.
1508234038 1 14834.8505859 0. 6.17460116826e-22 0.
1508234098 1 14795.1054688 0. 6.16620568892e-22 0.
1508234159 1 14737.1484375 0. 6.15079611494e-22 0.
1508234219 1 14740.3964844 0. 6.16076194704e-22 0.
1508234263 1 14768.2480469 0. 6.17864600163e-22 0.
1508234308 1 14746.5986328 0. 6.1759890955e-22 0.
1508234368 1 14710.6777344 0. 6.16937771692e-22 0.
1508234428 1 14704.5517578 0. 6.17485794779e-22 0.
1508234488 1 14640.1240234 0. 6.15617302348e-22 0.
1508234538 1 14649.1230469 0. 6.16709078872e-22 0.
1508234588 1 14759.1376953 0. 6.22067228018e-22 0.
1508234631 1 15000.2060547 0. 6.32845579986e-22 0.
1508234673 1 14969.1826172 0. 6.32158712143e-22 0.
1508234718 1 14976.9667969 0. 6.33128206277e-22 0.
1508234763 1 14983.1074219 0. 6.34064855611e-22 0.
1508234824 1 14958.4755859 0. 6.33914217803e-22 0.
1508234884 1 14919.5253906 0. 6.33139905957e-22 0.
1508234944 1 14906.6767578 0. 6.33462640185e-22 0.
1508235004 1 14917.8359375 0. 6.34820170846e-22 0.
1508235042 1 14890.2451172 0. 6.34147330745e-22 0.
1508235068 1 14861.2822266 0. 6.33291497975e-22 0.
1508235096 1 14833.5595703 0. 6.3251994597e-22 0.
1508235135 1 14787.9755859 0. 6.31164334345e-22 0.
1508235195 1 14796.5039062 0. 6.32395442139e-22 0.
1508235230 1 14781.1386719 0. 6.32230854952e-22 0.
1508235242 1 14747.1806641 0. 6.3095818619e-22 0.
1508235280 1 14765.7939453 0. 6.3232362689e-22 0.
1508235340 1 14815.40625 0. 6.35296154476e-22 0.
1508235400 1 14784.5986328 0. 6.34875783665e-22 0.
1508235460 1 14770.2109375 0. 6.35124663889e-22 0.
1508235520 1 14724.1025391 0. 6.34008512341e-22 0.
1508235580 1 14698.1884766 0. 6.33739023079e-22 0.
1508235640 1 14669.7958984 0. 6.33382483769e-22 0.
1508235700 1 14727.9365234 0. 6.36762046846e-22 0.
1508235760 1 14907.3359375 0. 6.4542350098e-22 0.
1508235820 1 14875.640625 0. 6.44940527172e-22 0.
1508235880 1 14864.5126953 0. 6.45312831552e-22 0.
1508235940 1 14855.0400391 0. 6.45817577135e-22 0.
1508235999 1 14819.7900391 0. 6.45134640591e-22 0.
1508236057 1 14735.9980469 0. 6.42348042348e-22 0.
1508236092 1 14700.6074219 0. 6.41274540297e-22 0.
1508236127 1 14723.7636719 0. 6.42846343459e-22 0.
1508236187 1 14701.328125 0. 6.42748535644e-22 0.
1508236241 1 14690.8535156 0. 6.43037292515e-22 0.
1508236281 1 14665.9472656 0. 6.42552491517e-22 0.
1508236328 1 14880.2119141 0. 6.52657089268e-22 0.
1508236388 1 14929.3173828 0. 6.55742217623e-22 0.
1508236448 1 14909.6748047 0. 6.55763753615e-22 0.
1508236508 1 14874.9794922 0. 6.55114106856e-22 0.
1508236568 1 14844.6484375 0. 6.54695285931e-22 0.
1508236628 1 14832.3339844 0. 6.55071582548e-22 0.
1508236666 1 14823.4101562 0. 6.55209364781e-22 0.
1508236704 1 14800.9541016 0. 6.5483157814e-22 0.
1508236765 1 14773.0986328 0. 6.5450922614e-22 0.
1508236825 1 14773.2314453 0. 6.55405774426e-22 0.
1508236885 1 14761.2041016 0. 6.55802954516e-22 0.
1508236943 1 14718.5029297 0. 6.54795506054e-22 0.
1508237000 1 14662.75 0. 6.53170559497e-22 0.
1508237061 1 14810.6533203 0. 6.60704583373e-22 0.
1508237121 1 14878.0283203 0. 6.6460293344e-22 0.
1508237181 1 14860.3105469 0. 6.64733231213e-22 0.
1508237241 1 14860.1884766 0. 6.6564888388e-22 0.
1508237282 1 14764.9169922 0. 6.61954614496e-22 0.
1508237323 1 14758.0439453 0. 6.62272786656e-22 0.
1508237383 1 14709.0556641 0. 6.6099679875e-22 0.
1508237440 1 14692.8564453 0. 6.61149755079e-22 0.
1508237493 1 14670.5566406 0. 6.60928315906e-22 0.
1508237549 1 14660.8876953 0. 6.61356668208e-22 0.
1508237610 1 14749.1894531 0. 6.66260121477e-22 0.
1508237664 1 14815.1435547 0. 6.70088347802e-22 0.
1508237719 1 14806.0615234 0. 6.70527673678e-22 0.
1508237759 1 14780.5068359 0. 6.69965927478e-22 0.
1508237785 1 14750.5 0. 6.69035699443e-22 0.
1508237814 1 14736.0517578 0. 6.68827129335e-22 0.
1508237856 1 14730.8730469 0. 6.69234986049e-22 0.
1508237916 1 14709.25 0. 6.69202430248e-22 0.
1508237976 1 14705.359375 0. 6.69940792283e-22 0.
1508238013 1 14696.7001953 0. 6.70093004816e-22 0.
1508238050 1 14693.6298828 0. 6.7056264841e-22 0.
1508238110 1 14816.0986328 0. 6.77109550439e-22 0.
1508238170 1 14779.515625 0. 6.76369760069e-22 0.
1508238231 1 14761.9316406 0. 6.76534630537e-22 0.
1508238291 1 14709.3447266 0. 6.75056808758e-22 0.
1508238351 1 14691.1982422 0. 6.75133916574e-22 0.
1508238386 1 14698.3662109 0. 6.76007199092e-22 0.
1508238404 1 14691.4716797 0. 6.75979274293e-22 0.
1508238447 1 14668.2451172 0. 6.75568153049e-22 0.
1508238507 1 14740.2548828 0. 6.79835015166e-22 0.
1508238567 1 14772.3007812 0. 6.82266763109e-22 0.
1508238627 1 14727.7255859 0. 6.81137203496e-22 0.
1508238676 1 14696.1152344 0. 6.8046290882e-22 0.
1508238726 1 14669.1865234 0. 6.80025181005e-22 0.
1508238786 1 14641.15625 0. 6.79662278118e-22 0.
1508238846 1 14691.2646484 0. 6.82913085685e-22 0.
1508238884 1 14672.6601562 0. 6.82629061107e-22 0.
1508238922 1 14729.0849609 0. 6.85888448334e-22 0.
1508238958 1 14734.9667969 0. 6.86736817986e-22 0.
1508238993 1 14719.203125 0. 6.86587187017e-22 0.
1508239048 1 14695.1689453 0. 6.86310505042e-22 0.
1508239095 1 14672.1689453 0. 6.86009035098e-22 0.
1508239124 1 14671.1933594 0. 6.86379825311e-22 0.
1508239154 1 14667.2558594 0. 6.86696667745e-22 0.
1508239209 1 14633.8769531 0. 6.86008981356e-22 0.
1508239255 1 14618.1464844 0. 6.85978294418e-22 0.
1508239300 1 14624.7783203 0. 6.86992383504e-22 0.
1508239335 1 14516.5742188 0. 6.82416812858e-22 0.
1508239370 1 14529.2763672 0. 6.83551310296e-22 0.
1508239431 1 14023.6689453 0. 6.60624273795e-22 0.
1508239491 1 13964.1591797 0. 6.58700443265e-22 0.
1508239551 1 14539.5625 0. 6.86806889546e-22 0.
1508239611 1 14534.0478516 0. 6.87368594792e-22 0.
1508239660 1 14508.4697266 0. 6.86787256346e-22 0.
1508239684 1 14519.890625 0. 6.87666421034e-22 0.
1508239719 1 14502.4091797 0. 6.87296542893e-22 0.
1508239758 1 14529.1992188 0. 6.89005894252e-22 0.
1508239798 1 14484.2070312 0. 6.87292396722e-22 0.
1508239858 1 14456.1621094 0. 6.86735048158e-22 0.
1508239898 1 14419.4873047 0. 6.85398064727e-22 0.
1508239919 1 14405.4570312 0. 6.85083835291e-22 0.
1508239961 1 14384.7226562 0. 6.84751216291e-22 0.
1508240021 1 14738.5146484 0. 7.02595522344e-22 0.
1508240080 1 14927.1474609 0. 7.12596504978e-22 0.
1508240138 1 15202.9755859 0. 7.26859562055e-22 0.
1508240192 1 14596.5136719 0. 6.98852530601e-22 0.
1508240247 1 14651.2275391 0. 7.02446898801e-22 0.
1508240307 1 15412.078125 0. 7.40120282148e-22 0.
1508240342 1 15389.5576172 0. 7.39712656629e-22 0.
1508240365 1 15381.1474609 0. 7.39796412011e-22 0.
1508240389 1 15371.8525391 0. 7.3975977897e-22 0.
1508240426 1 15346.0136719 0. 7.39220148855e-22 0.
1508240461 1 15306.7626953 0. 7.37989770283e-22 0.
1508240497 1 15295.0185547 0. 7.38149080722e-22 0.
1508240557 1 15270.4882812 0. 7.38084587996e-22 0.
1508240593 1 15255.1445312 0. 7.37984072598e-22 0.
1508240603 1 15220.2402344 0. 7.364803024e-22 0.
1508240625 1 15243.0732422 0. 7.38022124602e-22 0.
1508240672 1 15221.1601562 0. 7.3782038923e-22 0.
1508240708 1 15208.2753906 0. 7.37842478397e-22 0.
1508240743 1 15184.8535156 0. 7.37397764881e-22 0.
1508240803 1 15145.5048828 0. 7.36568518691e-22 0.
1508240863 1 15119.2880859 0. 7.36403994041e-22 0.
1508240923 1 15082.2119141 0. 7.35726131813e-22 0.
1508240983 1 15043.7119141 0. 7.34951719328e-22 0.
1508241026 1 15043.5273438 0. 7.35745974193e-22 0.
1508241068 1 15016.3681641 0. 7.35140177327e-22 0.
1508241109 1 14999.4462891 0. 7.35049682305e-22 0.
1508241142 1 14991.0058594 0. 7.35250190508e-22 0.
1508241182 1 14969.3046875 0. 7.34912421027e-22 0.
1508241230 1 14939.9208984 0. 7.34343611378e-22 0.
1508241291 1 14898.5498047 0. 7.33421205489e-22 0.
1508241350 1 14869.2412109 0. 7.33054012381e-22 0.
1508241409 1 14847.3916016 0. 7.33042517863e-22 0.
1508241449 1 14814.40625 0. 7.32079220152e-22 0.
1508241488 1 14808.3417969 0. 7.32488744324e-22 0.
1508241544 1 14783.890625 0. 7.32294970452e-22 0.
1508241599 1 14755.8232422 0. 7.31896736214e-22 0.
1508241660 1 14732.8427734 0. 7.31849030505e-22 0.
1508241720 1 14716.3066406 0. 7.32076644698e-22 0.
1508241755 1 14698.3574219 0. 7.31760938351e-22 0.
1508241772 1 14686.9667969 0. 7.31558309391e-22 0.
1508241811 1 14655.3632812 0. 7.30684749019e-22 0.
1508241847 1 14631.2607422 0. 7.30091699404e-22 0.
1508241886 1 14613.9765625 0. 7.29941154835e-22 0.
1508241946 1 14581.4042969 0. 7.29382640611e-22 0.
1508242006 1 14561.8798828 0. 7.29501321139e-22 0.
1508242066 1 14537.3857422 0. 7.29351391765e-22 0.
1508242101 1 14524.8408203 0. 7.29304686996e-22 0.
1508242136 1 14506.8154297 0. 7.29072801652e-22 0.
1508242197 1 14480.1943359 0. 7.28795618769e-22 0.
1508242257 1 14445.5478516 0. 7.28102583915e-22 0.
1508242317 1 14417.1025391 0. 7.27728847983e-22 0.
1508242372 1 14393.4755859 0. 7.27478955009e-22 0.
1508242427 1 14369.4472656 0. 7.27253988418e-22 0.
1508242487 1 14341.1816406 0. 7.2688816182e-22 0.
1508242547 1 14320.0449219 0. 7.26878547609e-22 0.
1508242607 1 14284.5400391 0. 7.26141228144e-22 0.
1508242667 1 14259.2714844 0. 7.25941542934e-22 0.
1508242708 1 14249.7929688 0. 7.26180652465e-22 0.
1508242742 1 14234.1416016 0. 7.25977491105e-22 0.
1508242796 1 14202.2441406 0. 7.25282993343e-22 0.
1508242856 1 14163.0947266 0. 7.24334773912e-22 0.
1508242902 1 14144.2509766 0. 7.24112338988e-22 0.
1508242939 1 14140.6132812 0. 7.2457740813e-22 0.
1508242991 1 14115.2949219 0. 7.24185169143e-22 0.
1508243051 1 14090.9472656 0. 7.2394768093e-22 0.
1508243111 1 14062.78125 0. 7.23524275887e-22 0.
1508243171 1 14038.0166016 0. 7.23287570254e-22 0.
1508243231 1 14009.7568359 0. 7.22820323271e-22 0.
1508243292 1 13985.234375 0. 7.22585253286e-22 0.
1508243352 1 13940.9335938 0. 7.21261787517e-22 0.
1508243412 1 13932.7070312 0. 7.21871510346e-22 0.
1508243462 1 13908.8310547 0. 7.2150401118e-22 0.
1508243494 1 13896.5791016 0. 7.21391940412e-22 0.
1508243535 1 13872.8671875 0. 7.20860122139e-22 0.
1508243595 1 13851.4179688 0. 7.20780865106e-22 0.
1508243655 1 13831.0693359 0. 7.20753226781e-22 0.
1508243715 1 13798.2919922 0. 7.20023999712e-22 0.
1508243775 1 13756.4228516 0. 7.18854429411e-22 0.
1508243832 1 13741.9189453 0. 7.19025323788e-22 0.
1508243889 1 13714.7089844 0. 7.18553680837e-22 0.
1508243924 1 13708.8173828 0. 7.18804327244e-22 0.
1508243943 1 13700.5742188 0. 7.18757042388e-22 0.
1508243986 1 13681.7861328 0. 7.18488046102e-22 0.
1508244046 1 13653.0273438 0. 7.17971324016e-22 0.
1508244106 1 13629.8916016 0. 7.17739614995e-22 0.
1508244166 1 13603.0820312 0. 7.17335479349e-22 0.
1508244202 1 13596.6640625 0. 7.17575825732e-22 0.
1508244237 1 13582.3886719 0. 7.17450929767e-22 0.
1508244297 1 13551.6728516 0. 7.16838440571e-22 0.
1508244337 1 13538.7392578 0. 7.16783666274e-22 0.
1508244360 1 13532.109375 0. 7.16861105674e-22 0.
1508244404 1 13510.8740234 0. 7.16467495756e-22 0.
1508244464 1 13490.9501953 0. 7.16429847768e-22 0.
1508244524 1 13468.1796875 0. 7.16242651144e-22 0.
1508244584 1 13444.5556641 0. 7.15967317339e-22 0.
1508244624 1 13425.9912109 0. 7.15575493648e-22 0.
1508244664 1 13408.7001953 0. 7.15313408949e-22 0.
1508244724 1 13385.8896484 0. 7.15133362146e-22 0.
1508244784 1 13358.1044922 0. 7.14640833413e-22 0.
1508244844 1 13335.8466797 0. 7.14474381208e-22 0.
1508244904 1 13323.8115234 0. 7.14801242362e-22 0.
1508244964 1 13290.0478516 0. 7.13992505386e-22 0.
1508245025 1 13242.5644531 0. 7.12367963946e-22 0.
1508245066 1 13230.0664062 0. 7.1240394507e-22 0.
1508245107 1 13218.6396484 0. 7.12502079477e-22 0.
1508245168 1 13198.5703125 0. 7.12394054543e-22 0.
1508245228 1 13178.7626953 0. 7.12298681838e-22 0.
1508245288 1 13155.4179688 0. 7.12022681377e-22 0.
1508245348 1 13136.8642578 0. 7.11979439108e-22 0.
1508245408 1 13111.7597656 0. 7.11588891726e-22 0.
1508245463 1 13085.2587891 0. 7.11015562688e-22 0.
1508245519 1 13036.2880859 0. 7.09282171163e-22 0.
1508245554 1 13016.8154297 0. 7.08795676653e-22 0.
1508245589 1 8869.61035156 0. 0.0 0.
1508245649 1 12970.8017578 0. 7.07975547007e-22 0.
1508245709 1 11588.7822266 0. 6.33228799093e-22 0.
1508245769 1 9393.15527344 0. 5.13794974199e-22 0.
1508245830 1 7200.62988281 0. 3.94231973154e-22 0.
1508245890 1 7052.546875 0. 3.86526014356e-22 0.
1508245950 1 7124.68066406 0. 3.90904634596e-22 0.
1508246010 1 7033.234375 0. 3.86333413508e-22 0.
1508246070 1 6997.44970703 0. 3.8478256227e-22 0.
1508246130 1 4148.60693359 0. 2.28441472651e-22 0.
1508246168 1 2751.91186523 0. 1.51523247356e-22 0.
1508246207 1 2626.50170898 0. 1.4469932751e-22 0.
1508246267 1 2635.49194336 0. 1.45320338344e-22 0.
1508246327 1 2629.27294922 0. 1.45092239167e-22 0.
1508246387 1 2616.21166992 0. 1.44498178084e-22 0.
1508246447 1 2646.9375 0. 1.46325244754e-22 0.
1508246508 1 2672.3190918 0. 1.47862825487e-22 0.
1508246568 1 2601.91625977 0. 1.44090538232e-22 0.
1508246628 1 2588.23681641 0. 1.43458506858e-22 0.
1508246688 1 2589.06347656 0. 1.43631539545e-22 0.
1508246748 1 2610.59423828 0. 1.44948574319e-22 0.
1508246808 1 2601.31323242 0. 1.44560124138e-22 0.
1508246868 1 2593.06030273 0. 1.44228889248e-22 0.
1508246928 1 2575.52368164 0. 1.43381678758e-22 0.
1508246988 1 2587.71289062 0. 1.44184759071e-22 0.
1508247049 1 2569.66357422 0. 1.43298489975e-22 0.
1508247109 1 2546.49829102 0. 1.42132066922e-22 0.
1508247169 1 2545.7512207 0. 1.42211766405e-22 0.
1508247229 1 2544.23876953 0. 1.42253206744e-22 0.
1508247289 1 2540.00732422 0. 1.42133528734e-22 0.
1508247349 1 2551.31274414 0. 1.42893161696e-22 0.
1508247409 1 2793.59521484 0. 1.56602378702e-22 0.
1508247469 1 2608.64355469 0. 1.46353838052e-22 0.
1508247529 1 2560.01611328 0. 1.43747269685e-22 0.
1508247589 1 4189.10791016 0. 2.35590073864e-22 0.
1508247648 1 9399.01464844 0. 5.29161770386e-22 0.
1508247709 1 11704.8505859 0. 6.59882268513e-22 0.
1508247769 1 12158.0859375 0. 6.86321730907e-22 0.
1508247829 1 12187.5458984 0. 6.88932035537e-22 0.
1508247889 1 11502.9941406 0. 6.5109969646e-22 0.
1508247943 1 12166.2587891 0. 6.89395551786e-22 0.
1508247988 1 12405.4619141 0. 7.03702830146e-22 0.
1508248039 1 12390.8710938 0. 7.03678670438e-22 0.
1508248099 1 12367.8359375 0. 7.03292485989e-22 0.
1508248160 1 12349.8857422 0. 7.031764078e-22 0.
1508248220 1 12324.6396484 0. 7.02654842407e-22 0.
1508248280 1 12301.6884766 0. 7.02280039335e-22 0.
1508248319 1 12284.5585938 0. 7.01919607862e-22 0.
1508248358 1 12270.6816406 0. 7.01712365419e-22 0.
1508248419 1 12240.8095703 0. 7.00952123721e-22 0.
1508248479 1 12236.7851562 0. 7.01663930806e-22 0.
1508248539 1 12208.3896484 0. 7.00956672051e-22 0.
1508248599 1 12186.7363281 0. 7.00640536519e-22 0.
1508248659 1 12166.6025391 0. 7.00402092773e-22 0.
1508248719 1 12144.2128906 0. 7.00038385323e-22 0.
1508248779 1 12078.9736328 0. 0.0 0.
1508248839 1 12101.7529297 0. 6.99484444831e-22 0.
1508248899 1 12084.0664062 0. 6.99270806563e-22 0.
1508248960 1 12060.9560547 0. 6.98865896671e-22 0.
1508249020 1 12037.3183594 0. 6.98405662012e-22 0.
1508249057 1 12027.2636719 0. 6.9833264741e-22 0.
1508249094 1 12014.765625 0. 6.98198314913e-22 0.
1508249154 1 11997.7929688 0. 6.98128711343e-22 0.
1508249214 1 11982.0292969 0. 6.98127799719e-22 0.
1508249274 1 11961.2314453 0. 6.97820730718e-22 0.
1508249334 1 11938.2099609 0. 6.97395113183e-22 0.
1508249394 1 11918.8652344 0. 6.97168075185e-22 0.
1508249454 1 11891.96875 0. 6.96489891523e-22 0.
1508249514 1 11879.3242188 0. 6.96678273348e-22 0.
1508249574 1 11860.0488281 0. 6.96428975687e-22 0.
1508249635 1 11837.5488281 0. 6.96005776044e-22 0.
1508249695 1 11814.6660156 0. 6.95595905586e-22 0.
1508249755 1 11798.6171875 0. 6.95566682465e-22 0.
1508249815 1 11778.3759766 0. 6.95289893582e-22 0.
1508249875 1 11761.1757812 0. 6.95159567201e-22 0.
1508249935 1 11738.6328125 0. 6.94717675768e-22 0.
1508249995 1 11886.6660156 0. 7.04427779569e-22 0.
1508250055 1 12008.4140625 0. 7.12643807168e-22 0.
1508250115 1 11486.125 0. 6.82600199425e-22 0.
1508250173 1 11698.6357422 0. 6.96116621819e-22 0.
1508250216 1 12092.8066406 0. 7.20321945461e-22 0.
1508250261 1 12075.2998047 0. 7.20073371416e-22 0.
1508250307 1 12061.6923828 0. 7.20035853959e-22 0.
1508250352 1 12038.8125 0. 7.19441814332e-22 0.
1508250413 1 12023.0732422 0. 7.19494738924e-22 0.
1508250473 1 11996.8183594 0. 7.189649654e-22 0.
1508250533 1 11973.734375 0. 7.1855270858e-22 0.
1508250593 1 11946.0761719 0. 7.17913913037e-22 0.
1508250653 1 11930.1464844 0. 7.17947241967e-22 0.
1508250713 1 11908.7841797 0. 7.17641943494e-22 0.
1508250773 1 11891.1123047 0. 7.17558674408e-22 0.
1508250833 1 11869.3779297 0. 7.1723742044e-22 0.
1508250894 1 11850.5478516 0. 7.1708881444e-22 0.
1508250954 1 11828.5048828 0. 7.1675622523e-22 0.
1508251014 1 11804.4228516 0. 7.1628813431e-22 0.
1508251049 1 11802.6640625 0. 7.16734200208e-22 0.
1508251064 1 11795.2041016 0. 7.16518405789e-22 0.
1508251104 1 11781.4599609 0. 7.16300191762e-22 0.
1508251164 1 11768.1318359 0. 7.16459219126e-22 0.
1508251224 1 11742.8730469 0. 7.15887291791e-22 0.
1508251284 1 11711.5634766 0. 7.14931802006e-22 0.
1508251344 1 11691.6435547 0. 7.14714638771e-22 0.
1508251404 1 11672.6220703 0. 7.14517243489e-22 0.
1508251464 1 11653.0429688 0. 7.14215989088e-22 0.
1508251524 1 11638.5449219 0. 7.14322068171e-22 0.
1508251585 1 11611.1962891 0. 7.13628644468e-22 0.
1508251645 1 11589.1171875 0. 7.13200741702e-22 0.
1508251705 1 11579.0791016 0. 7.1356632791e-22 0.
1508251765 1 11547.1416016 0. 7.12560494109e-22 0.
1508251825 1 11526.7753906 0. 7.12248375407e-22 0.
1508251885 1 11512.7558594 0. 7.12350129758e-22 0.
1508251945 1 11487.5185547 0. 7.11732941244e-22 0.
1508252005 1 11467.8349609 0. 7.11460234527e-22 0.
1508252066 1 11446.2099609 0. 7.11063648037e-22 0.
1508252126 1 11425.6279297 0. 7.10749754059e-22 0.
1508252170 1 11413.0683594 0. 7.10668878095e-22 0.
1508252200 1 11398.2470703 0. 7.10239709175e-22 0.
1508252233 1 11384.8652344 0. 7.09912673968e-22 0.
1508252258 1 11382.2402344 0. 7.10116906809e-22 0.
1508252272 1 11378.6523438 0. 7.10151726222e-22 0.
1508252307 1 11361.5664062 0. 7.09655945317e-22 0.
1508252368 1 11335.7695312 0. 7.08999953496e-22 0.
1508252428 1 11325.9736328 0. 7.0936452288e-22 0.
1508252488 1 11303.2998047 0. 7.08844271785e-22 0.
1508252548 1 11283.2636719 0. 7.08527578828e-22 0.
1508252608 1 11265.0664062 0. 7.08326786356e-22 0.
1508252668 1 11244.6035156 0. 7.08004537965e-22 0.
1508252728 1 11222.9306641 0. 7.07563977539e-22 0.
1508252788 1 11204.2695312 0. 7.07318587893e-22 0.
1508252848 1 11182.2402344 0. 7.0684158604e-22 0.
1508252909 1 11166.6669922 0. 7.0681499882e-22 0.
1508252969 1 11147.5537109 0. 7.06532944357e-22 0.
1508253029 1 11128.5537109 0. 7.06241789707e-22 0.
1508253089 1 11109.4189453 0. 7.05980815673e-22 0.
1508253149 1 11088.7041016 0. 7.0556407008e-22 0.
1508253209 1 11066.8847656 0. 7.0510333827e-22 0.
1508253269 1 11014.2695312 0. 7.02657116778e-22 0.
1508253329 1 11005.625 0. 7.03003027743e-22 0.
1508253390 1 11010.3759766 0. 7.0422070735e-22 0.
1508253450 1 10995.4628906 0. 7.04160346627e-22 0.
1508253510 1 10973.5332031 0. 7.03651411941e-22 0.
1508253570 1 10955.5654297 0. 7.03409300755e-22 0.
1508253630 1 10939.359375 0. 7.03239561522e-22 0.
1508253690 1 10918.3769531 0. 7.02826042208e-22 0.
1508253750 1 10902.4111328 0. 7.02665772907e-22 0.
1508253785 1 10895.1728516 0. 7.02711426558e-22 0.
1508253799 1 10890.2392578 0. 7.02605361997e-22 0.
1508253838 1 10879.8222656 0. 7.02512496119e-22 0.
1508253899 1 10864.6064453 0. 7.02434459632e-22 0.
1508253959 1 10846.1972656 0. 7.02139636794e-22 0.
1508254019 1 10827.1816406 0. 7.01808834838e-22 0.
1508254079 1 10808.3867188 0. 7.01501821361e-22 0.
1508254139 1 10792.7949219 0. 7.01321669035e-22 0.
1508254199 1 10776.859375 0. 7.01199692183e-22 0.
1508254259 1 10762.0371094 0. 7.01150108955e-22 0.
1508254319 1 10748.4228516 0. 7.01167328841e-22 0.
1508254380 1 10730.8603516 0. 7.00912107273e-22 0.
1508254440 1 10710.1220703 0. 7.0040113954e-22 0.
1508254500 1 10693.8515625 0. 7.00251518775e-22 0.
1508254560 1 10675.3457031 0. 6.99921617597e-22 0.
1508254620 1 10657.3574219 0. 6.99675796883e-22 0.
1508254680 1 10642.1269531 0. 6.9955579035e-22 0.
1508254740 1 10624.1123047 0. 6.99258924348e-22 0.
1508254800 1 10605.2441406 0. 6.98908909166e-22 0.
1508254860 1 10589.2636719 0. 6.98786586612e-22 0.
1508254921 1 10564.3330078 0. 6.98038809803e-22 0.
1508254981 1 10553.6337891 0. 6.982316129e-22 0.
1508255041 1 10538.6064453 0. 6.9811977922e-22 0.
1508255101 1 10520.4072266 0. 6.9780009434e-22 0.
1508255161 1 10507.0546875 0. 6.97827537976e-22 0.
1508255196 1 10494.6220703 0. 6.97457626425e-22 0.
1508255211 1 10493.0898438 0. 6.97579437911e-22 0.
1508255250 1 10479.9296875 0. 6.97326029e-22 0.
1508255311 1 10458.65625 0. 6.96759902478e-22 0.
1508255371 1 10443.1894531 0. 6.96601139295e-22 0.
1508255431 1 10425.6357422 0. 6.96346592025e-22 0.
1508255491 1 10410.0068359 0. 6.96204125063e-22 0.
1508255551 1 10392.5498047 0. 6.95915632263e-22 0.
1508255611 1 10375.5546875 0. 6.956201955e-22 0.
1508255671 1 10358.6259766 0. 6.95353492513e-22 0.
1508255731 1 10339.5527344 0. 6.94945570696e-22 0.
1508255791 1 10323.1376953 0. 6.94727644045e-22 0.
1508255852 1 10307.2763672 0. 6.94515533503e-22 0.
1508255912 1 10284.1533203 0. 6.93819974677e-22 0.
1508255972 1 10266.4648438 0. 6.9350120443e-22 0.
1508256032 1 10250.6230469 0. 6.93242861819e-22 0.
1508256092 1 10236.5546875 0. 6.93150859639e-22 0.
1508256152 1 10224.4648438 0. 6.93196928526e-22 0.
1508256212 1 10206.5292969 0. 6.92838030051e-22 0.
1508256272 1 10187.8574219 0. 6.92427687688e-22 0.
1508256333 1 10168.0966797 0. 6.91957160086e-22 0.
1508256393 1 10148.4453125 0. 6.91465164626e-22 0.
1508256453 1 10131.6464844 0. 6.91177830104e-22 0.
1508256513 1 10112.4326172 0. 6.90718138135e-22 0.
1508256573 1 10098.2490234 0. 6.90604728386e-22 0.
1508256633 1 10081.1005859 0. 6.90283599208e-22 0.
1508256693 1 10065.1787109 0. 6.90040853916e-22 0.
1508256753 1 10046.1396484 0. 6.89620218579e-22 0.
1508256813 1 10034.0722656 0. 6.8959129531e-22 0.
1508256874 1 10017.2558594 0. 6.89288149778e-22 0.
1508256934 1 10000.5625 0. 6.89012048696e-22 0.
1508256994 1 9983.32714844 0. 6.8867865098e-22 0.
1508257033 1 9972.375 0. 6.88451252766e-22 0.
1508257062 1 9966.01171875 0. 6.8849181588e-22 0.
1508257112 1 9956.81054688 0. 6.8853446451e-22 0.
1508257172 1 9954.56640625 0. 6.89222818849e-22 0.
1508257232 1 9776.70117188 0. 6.77723156718e-22 0.
1508257292 1 9606.66308594 0. 6.66777249552e-22 0.
1508257352 1 9677.17773438 0. 6.72423540725e-22 0.
1508257412 1 9894.65625 0. 6.88405542002e-22 0.
1508257473 1 9883.12011719 0. 6.8847283557e-22 0.
1508257533 1 9870.13769531 0. 6.88398035898e-22 0.
1508257593 1 9853.3359375 0. 6.88058716465e-22 0.
1508257653 1 9839.63769531 0. 6.87965067659e-22 0.
1508257713 1 9820.625 0. 6.8747218404e-22 0.
1508257773 1 9806.39550781 0. 6.87309827351e-22 0.
1508257833 1 9795.4921875 0. 6.87387183425e-22 0.
1508257893 1 9777.796875 0. 6.86996313772e-22 0.
1508257953 1 9761.5625 0. 6.86679647937e-22 0.
1508258014 1 9747.2421875 0. 6.86463582729e-22 0.
1508258074 1 9730.44042969 0. 6.86108753396e-22 0.
1508258134 1 9716.4765625 0. 6.85984525347e-22 0.
1508258194 1 9703.46582031 0. 6.85909968536e-22 0.
1508258254 1 9687.24316406 0. 6.85582095264e-22 0.
1508258314 1 9674.18359375 0. 6.85491311681e-22 0.
1508258374 1 9658.0859375 0. 6.85148010412e-22 0.
1508258434 1 9642.71875 0. 6.84885802764e-22 0.
1508258494 1 9626.27050781 0. 6.84509648518e-22 0.
1508258555 1 9611.10058594 0. 6.84291832936e-22 0.
1508258615 1 9597.26074219 0. 6.84137945779e-22 0.
1508258675 1 9579.97460938 0. 6.83703910458e-22 0.
1508258735 1 9564.30761719 0. 6.83401309222e-22 0.
1508258795 1 9547.92773438 0. 6.83063623209e-22 0.
1508258855 1 9536.41601562 0. 6.83037544078e-22 0.
1508258915 1 9521.79785156 0. 6.82776141137e-22 0.
1508258975 1 9507.35449219 0. 6.82517177737e-22 0.
1508259035 1 9491.59179688 0. 6.82180029163e-22 0.
1508259071 1 9482.72460938 0. 6.81973968858e-22 0.
1508259099 1 9475.88574219 0. 6.81920605442e-22 0.
1508259153 1 9466.37890625 0. 6.8195012897e-22 0.
1508259213 1 9448.27929688 0. 6.8142953613e-22 0.
1508259273 1 9427.86425781 0. 6.80746293059e-22 0.
1508259333 1 9418.84667969 0. 6.8090306646e-22 0.
1508259393 1 9407.99511719 0. 6.8093296977e-22 0.
1508259454 1 9392.05957031 0. 6.80570610066e-22 0.
1508259514 1 9381.95507812 0. 6.80653373992e-22 0.
1508259574 1 9368.58984375 0. 6.80460844535e-22 0.
1508259634 1 9352.33398438 0. 6.80097208514e-22 0.
1508259694 1 9339.37304688 0. 6.79966690436e-22 0.
1508259754 1 9326.47167969 0. 6.79838173527e-22 0.
1508259814 1 9311.37304688 0. 6.79549956867e-22 0.
1508259874 1 9295.65917969 0. 6.79239312497e-22 0.
1508259934 1 9280.45410156 0. 6.78922483715e-22 0.
1508259995 1 9267.86523438 0. 6.78783640369e-22 0.
1508260055 1 9249.91503906 0. 6.78250643965e-22 0.
1508260115 1 9234.55078125 0. 6.77904817974e-22 0.
1508260175 1 9216.34570312 0. 6.7737054887e-22 0.
1508260235 1 9206.12011719 0. 6.77428096284e-22 0.
1508260295 1 9196.80957031 0. 6.77523437229e-22 0.
1508260355 1 9180.12109375 0. 6.77058897061e-22 0.
1508260415 1 9167.87109375 0. 6.76940990126e-22 0.
1508260475 1 9154.21875 0. 6.76723541311e-22 0.
1508260536 1 9140.05566406 0. 6.76471184744e-22 0.
1508260596 1 9123.99121094 0. 6.76077201269e-22 0.
1508260656 1 9109.66113281 0. 6.75776440197e-22 0.
1508260716 1 9088.28027344 0. 6.7496244893e-22 0.
1508260776 1 9079.36816406 0. 6.75073944139e-22 0.
1508260836 1 9067.80664062 0. 6.74992802674e-22 0.
1508260896 1 9054.0859375 0. 6.74728034149e-22 0.
1508260956 1 9034.03613281 0. 6.7398849432e-22 0.
1508261016 1 9019.82128906 0. 6.73696787682e-22 0.
1508261077 1 9006.05859375 0. 6.73419164041e-22 0.
1508261137 1 8988.73535156 0. 6.72895806486e-22 0.
1508261197 1 8976.23632812 0. 6.72693882955e-22 0.
1508261250 1 8972.25 0. 6.73097773469e-22 0.
1508261295 1 8955.24707031 0. 6.72381806572e-22 0.
1508261345 1 8945.75097656 0. 6.72296044767e-22 0.
1508261405 1 8932.95117188 0. 6.72096842691e-22 0.
1508261466 1 8919.45410156 0. 6.71864505275e-22 0.
1508261526 1 8904.89453125 0. 6.714866415e-22 0.
1508261586 1 8886.43652344 0. 6.70866048974e-22 0.
1508261646 1 8874.17089844 0. 6.70693833012e-22 0.
1508261706 1 8860.91210938 0. 6.70421862105e-22 0.
1508261766 1 8845.80175781 0. 6.70037545779e-22 0.
1508261826 1 8839.56542969 0. 6.70316230686e-22 0.
1508261886 1 8824.29003906 0. 6.69917668399e-22 0.
1508261946 1 8810.26464844 0. 6.69638314511e-22 0.
1508262007 1 8796.66894531 0. 6.69358777225e-22 0.
1508262067 1 8790.81835938 0. 6.69676070655e-22 0.
1508262127 1 8778.15234375 0. 6.69463049915e-22 0.
1508262187 1 8760.79980469 0. 6.68876696811e-22 0.
1508262247 1 8749.76367188 0. 6.68786323563e-22 0.
1508262307 1 8736.07714844 0. 6.68481884434e-22 0.
1508262367 1 8728.74023438 0. 6.68641206859e-22 0.
1508262427 1 8713.54980469 0. 6.68241694758e-22 0.
1508262487 1 8709.36523438 0. 6.68697822557e-22 0.
1508262548 1 8695.01171875 0. 6.68363353773e-22 0.
1508262608 1 8688.44628906 0. 6.68603281781e-22 0.
1508262668 1 8672.47363281 0. 6.68135629922e-22 0.
1508262728 1 8658.27539062 0. 6.67793572022e-22 0.
1508262788 1 8652.40917969 0. 6.68072198464e-22 0.
1508262848 1 8642.06738281 0. 6.68026376401e-22 0.
1508262908 1 8633.73632812 0. 6.68111627872e-22 0.
1508262955 1 8620.48144531 0. 6.67649220202e-22 0.
1508263001 1 8616.65820312 0. 6.67925237883e-22 0.
1508263061 1 8603.29492188 0. 6.6767935421e-22 0.
1508263121 1 8582.6796875 0. 6.66851528332e-22 0.
1508263181 1 8576.65429688 0. 6.67115860628e-22 0.
1508263241 1 8568.8984375 0. 6.6725298733e-22 0.
1508263302 1 8555.98144531 0. 6.66983396223e-22 0.
1508263362 1 8544.69335938 0. 6.66826312269e-22 0.
1508263422 1 8536.63183594 0. 6.66944149555e-22 0.
1508263482 1 8524.22167969 0. 6.66750633905e-22 0.
1508263542 1 8516.00488281 0. 6.66804194129e-22 0.
1508263602 1 8504.92773438 0. 6.66670679561e-22 0.
1508263662 1 8489.22851562 0. 6.66217808615e-22 0.
1508263723 1 8476.49316406 0. 6.66001991647e-22 0.
1508263781 1 8467.0 0. 6.65934897896e-22 0.
1508263823 1 8457.85449219 0. 6.65731561556e-22 0.
1508263867 1 8451.27050781 0. 6.65745207373e-22 0.
1508263903 1 8445.52832031 0. 6.65674580174e-22 0.
1508263919 1 8443.17578125 0. 6.65709135805e-22 0.
1508263960 1 8433.58007812 0. 6.65440180428e-22 0.
1508264020 1 8419.73535156 0. 6.65063272901e-22 0.
1508264080 1 8412.35546875 0. 6.65214946319e-22 0.
1508264140 1 8399.53808594 0. 6.64906877267e-22 0.
1508264187 1 8392.16796875 0. 6.64853649559e-22 0.
1508264234 1 8383.59277344 0. 6.64730439258e-22 0.
1508264275 1 8371.29882812 0. 6.6424227142e-22 0.
1508264316 1 8364.47949219 0. 6.64208850959e-22 0.
1508264376 1 8352.55761719 0. 6.63989730768e-22 0.
1508264437 1 8338.86230469 0. 6.63629308937e-22 0.
1508264497 1 8326.76855469 0. 6.63396811344e-22 0.
1508264557 1 8315.67089844 0. 6.63217610564e-22 0.
1508264617 1 8301.42578125 0. 6.62821430958e-22 0.
1508264677 1 8288.40039062 0. 6.62498756198e-22 0.
1508264737 1 8277.07128906 0. 6.62297411734e-22 0.
1508264797 1 8264.03125 0. 6.61964716397e-22 0.
1508264857 1 8252.56054688 0. 6.61753676096e-22 0.
1508264917 1 8239.05761719 0. 6.61409257948e-22 0.
1508264978 1 8228.59570312 0. 6.6127896723e-22 0.
1508265038 1 8217.99121094 0. 6.61137239158e-22 0.
1508265098 1 8205.82324219 0. 6.60851615825e-22 0.
1508265158 1 8196.125 0. 6.60802617442e-22 0.
1508265218 1 8184.07324219 0. 6.60528085637e-22 0.
1508265278 1 8173.67773438 0. 6.60399677063e-22 0.
1508265338 1 8165.40722656 0. 6.60425519186e-22 0.
1508265398 1 8155.35253906 0. 6.60325714308e-22 0.
1508265458 1 8143.17138672 0. 6.60077428795e-22 0.
1508265519 1 8114.30517578 0. 6.5844155643e-22 0.
1508265579 1 8112.55175781 0. 6.58972890053e-22 0.
1508265618 1 8112.42724609 0. 6.59401029276e-22 0.
1508265639 1 8108.09765625 0. 6.59326986523e-22 0.
1508265681 1 8097.98583984 0. 6.58980651351e-22 0.
1508265741 1 8087.48828125 0. 6.58848357597e-22 0.
1508265801 1 8073.66650391 0. 6.58419588417e-22 0.
1508265861 1 8060.1796875 0. 6.58044636447e-22 0.
1508265921 1 8044.15625 0. 6.57436528374e-22 0.
1508265981 1 8030.22753906 0. 6.56978022013e-22 0.
1508266041 1 8024.43359375 0. 6.5722670644e-22 0.
1508266101 1 8011.89355469 0. 6.56909922037e-22 0.
1508266161 1 7999.11328125 0. 6.56582493054e-22 0.
1508266222 1 7987.87890625 0. 6.5635588432e-22 0.
1508266282 1 7974.46923828 0. 6.5598017585e-22 0.
1508266342 1 7968.18945312 0. 6.56157295275e-22 0.
1508266379 1 7959.38671875 0. 6.5581494601e-22 0.
1508266403 1 7955.3359375 0. 6.55781981559e-22 0.
1508266450 1 7722.04345703 0. 6.37075597627e-22 0.
1508266510 1 7627.64013672 0. 6.29914345898e-22 0.
1508266570 1 7965.89501953 0. 6.58576442666e-22 0.
1508266630 1 7954.43701172 0. 6.583401911e-22 0.
1508266690 1 7942.17529297 0. 6.58029899123e-22 0.
1508266725 1 7938.07617188 0. 6.58071211236e-22 0.
1508266757 1 7930.81298828 0. 6.57880577074e-22 0.
1508266813 1 7919.12011719 0. 6.57565105989e-22 0.
1508266873 1 7908.00927734 0. 6.57315251681e-22 0.
1508266933 1 7899.36083984 0. 6.57298602178e-22 0.
1508266994 1 7890.67773438 0. 6.57271037536e-22 0.
1508267054 1 7880.23779297 0. 6.57093055911e-22 0.
1508267114 1 7869.34619141 0. 6.56868114824e-22 0.
1508267174 1 7861.37402344 0. 6.56888106838e-22 0.
1508267234 1 7852.23095703 0. 6.56781181967e-22 0.
1508267294 1 7841.49267578 0. 6.5660416405e-22 0.
1508267354 1 7827.54736328 0. 6.56116289129e-22 0.
1508267414 1 7818.20898438 0. 6.56021675242e-22 0.
1508267474 1 7807.765625 0. 6.55819633654e-22 0.
1508267535 1 7798.59277344 0. 6.55740645948e-22 0.
1508267595 1 7788.11181641 0. 6.55559496219e-22 0.
1508267655 1 7776.01416016 0. 6.55210622495e-22 0.
1508267715 1 7762.26855469 0. 6.54706646345e-22 0.
1508267759 1 7756.21484375 0. 6.54703306449e-22 0.
1508267803 1 7748.32470703 0. 6.54578280897e-22 0.
1508267863 1 7740.53515625 0. 6.54621658416e-22 0.
1508267923 1 7729.88037109 0. 6.54407774544e-22 0.
1508267984 1 7720.17333984 0. 6.54251629637e-22 0.
1508268044 1 7709.05175781 0. 6.54001250484e-22 0.
1508268104 1 7698.61132812 0. 6.53800091164e-22 0.
1508268164 1 7687.9765625 0. 6.53551597009e-22 0.
1508268224 1 7676.14648438 0. 6.53273147349e-22 0.
1508268284 1 7664.72509766 0. 6.5296149552e-22 0.
1508268344 1 7655.92333984 0. 6.52889303131e-22 0.
1508268405 1 7644.77148438 0. 6.5261438412e-22 0.
1508268465 1 7633.67333984 0. 6.52332017841e-22 0.
1508268525 1 7626.27734375 0. 6.52354440932e-22 0.
1508268585 1 7615.23095703 0. 6.52072619189e-22 0.
1508268645 1 7603.48681641 0. 6.51734135568e-22 0.
1508268705 1 7595.16113281 0. 6.51707253269e-22 0.
1508268765 1 7586.92724609 0. 6.51682976518e-22 0.
1508268825 1 7575.93359375 0. 6.51410011141e-22 0.
1508268885 1 7569.91357422 0. 6.51589608469e-22 0.
1508268946 1 7560.01220703 0. 6.51402838029e-22 0.
1508269006 1 7552.07421875 0. 6.51388188835e-22 0.
1508269066 1 7542.14208984 0. 6.51196534759e-22 0.
1508269126 1 7531.82666016 0. 6.5097914108e-22 0.
1508269186 1 7521.07275391 0. 6.50700662793e-22 0.
1508269246 1 7512.24023438 0. 6.50593368031e-22 0.
1508269306 1 7503.45166016 0. 6.50527494961e-22 0.
1508269366 1 7493.3828125 0. 6.50332015919e-22 0.
1508269427 1 7481.56054688 0. 6.4996167079e-22 0.
1508269480 1 7472.09619141 0. 6.49733617571e-22 0.
1508269523 1 7467.84472656 0. 6.49858047127e-22 0.
1508269574 1 7458.91455078 0. 6.49634605021e-22 0.
1508269634 1 7446.70898438 0. 6.4922155226e-22 0.
1508269694 1 7437.78222656 0. 6.49106723068e-22 0.
1508269755 1 7427.61328125 0. 6.48896040768e-22 0.
1508269815 1 7417.05126953 0. 6.48621753637e-22 0.
1508269875 1 7408.00634766 0. 6.4849440905e-22 0.
1508269913 1 7402.98779297 0. 6.48458284854e-22 0.
1508269951 1 7396.84033203 0. 6.48334894628e-22 0.
1508270011 1 7390.06982422 0. 6.48410404674e-22 0.
1508270071 1 7378.78125 0. 6.48059387998e-22 0.
1508270131 1 7368.56054688 0. 6.47800943597e-22 0.
1508270171 1 7362.04003906 0. 6.47651518726e-22 0.
1508270212 1 7358.3828125 0. 6.47789355321e-22 0.
1508270272 1 7348.41259766 0. 6.47552963238e-22 0.
1508270332 1 7338.39648438 0. 6.47329520235e-22 0.
1508270392 1 7328.95751953 0. 6.47128577168e-22 0.
1508270452 1 7320.55175781 0. 6.47038923167e-22 0.
1508270513 1 7311.81689453 0. 6.46916724747e-22 0.
1508270573 1 7300.55957031 0. 6.46598661749e-22 0.
1508270633 1 7291.19482422 0. 6.46427742528e-22 0.
1508270693 1 7278.13916016 0. 6.45955058777e-22 0.
1508270753 1 7273.68896484 0. 6.46200185874e-22 0.
1508270813 1 7262.97509766 0. 6.45904538313e-22 0.
1508270873 1 7251.625 0. 6.45534720729e-22 0.
1508270933 1 7244.19970703 0. 6.45522843514e-22 0.
1508270993 1 7236.36767578 0. 6.45463348031e-22 0.
1508271054 1 7225.66992188 0. 6.45163812168e-22 0.
1508271114 1 7219.55908203 0. 6.45289676244e-22 0.
1508271174 1 7208.99755859 0. 6.44984947148e-22 0.
1508271234 1 7200.67773438 0. 6.4485333354e-22 0.
1508271294 1 7190.27978516 0. 6.44565805061e-22 0.
1508271354 1 7180.80224609 0. 6.44370441102e-22 0.
1508271414 1 7169.97558594 0. 6.44062644717e-22 0.
1508271474 1 7162.61621094 0. 6.44049022543e-22 0.
1508271534 1 7153.84326172 0. 6.43925596303e-22 0.
1508271595 1 7145.79394531 0. 6.43828219944e-22 0.
1508271655 1 7135.26904297 0. 6.43507141564e-22 0.
1508271715 1 7126.67236328 0. 6.43397544649e-22 0.
1508271775 1 7118.63574219 0. 6.43294432368e-22 0.
1508271835 1 7109.02880859 0. 6.4306457276e-22 0.
1508271895 1 7100.31152344 0. 6.42903620927e-22 0.
1508271955 1 7091.69384766 0. 6.42765914639e-22 0.
1508272015 1 7084.08984375 0. 6.4272757377e-22 0.
1508272075 1 7072.02539062 0. 6.42242765184e-22 0.
1508272136 1 7067.43994141 0. 6.42494181058e-22 0.
1508272196 1 7059.17675781 0. 6.42366089172e-22 0.
1508272256 1 7049.02441406 0. 6.42042354819e-22 0.
1508272316 1 7040.64746094 0. 6.41922538816e-22 0.
1508272376 1 7032.31152344 0. 6.41804272018e-22 0.
1508272436 1 7025.56640625 0. 6.41814446073e-22 0.
1508272496 1 7015.50732422 0. 6.41511417348e-22 0.
1508272556 1 7007.52929688 0. 6.41421974753e-22 0.
1508272616 1 6999.29833984 0. 6.41293769393e-22 0.
1508272677 1 6990.30126953 0. 6.4108116999e-22 0.
1508272737 1 6982.49755859 0. 6.40987543844e-22 0.
1508272797 1 6973.36132812 0. 6.4074515351e-22 0.
1508272857 1 6966.96826172 0. 6.40766395362e-22 0.
1508272898 1 6961.22949219 0. 6.40658804289e-22 0.
1508272922 1 6958.03369141 0. 6.40626899334e-22 0.
1508272965 1 6951.65234375 0. 6.40499440803e-22 0.
1508273025 1 6944.54150391 0. 6.40451009603e-22 0.
1508273086 1 6936.89794922 0. 6.40363480258e-22 0.
1508273146 1 6928.78808594 0. 6.40223286106e-22 0.
1508273206 1 6919.20556641 0. 6.39966767924e-22 0.
1508273266 1 6911.69970703 0. 6.39886378233e-22 0.
1508273326 1 6903.08935547 0. 6.39715268447e-22 0.
1508273386 1 6893.32763672 0. 6.39452852236e-22 0.
1508273446 1 6885.15039062 0. 6.39322147914e-22 0.
1508273506 1 6879.71777344 0. 6.3944917663e-22 0.
1508273566 1 6870.86914062 0. 6.39261914089e-22 0.
1508273627 1 6862.39208984 0. 6.39069080335e-22 0.
1508273687 1 6853.30810547 0. 6.38861697384e-22 0.
1508273747 1 6844.36621094 0. 6.38638461834e-22 0.
1508273807 1 6835.39111328 0. 6.38451435446e-22 0.
1508273867 1 6826.49365234 0. 6.38244449632e-22 0.
1508273927 1 6816.91992188 0. 6.37999256078e-22 0.
1508273987 1 6719.62890625 0. 6.29486862809e-22 0.
1508274022 1 6609.0859375 0. 6.19423870343e-22 0.
1508274034 1 6651.37304688 0. 6.2352959969e-22 0.
1508274045 1 6599.59521484 0. 6.18795269512e-22 0.
1508274068 1 6562.45703125 0. 6.15535624889e-22 0.
1508274115 1 6679.12353516 0. 6.26973567664e-22 0.
1508274175 1 6787.37060547 0. 6.37789913591e-22 0.
1508274235 1 6784.62353516 0. 6.38122037956e-22 0.
1508274296 1 6771.94433594 0. 6.37389623688e-22 0.
1508274332 1 6763.61230469 0. 6.36914634355e-22 0.
1508274369 1 6766.97753906 0. 6.37618876123e-22 0.
1508274429 1 6769.04980469 0. 6.3827603364e-22 0.
1508274489 1 6755.24169922 0. 6.37493545249e-22 0.
1508274544 1 6755.01171875 0. 6.37955956552e-22 0.
1508274600 1 6735.72314453 0. 6.36643807665e-22 0.
1508274660 1 6728.53759766 0. 6.36548905564e-22 0.
1508274720 1 6721.84033203 0. 6.36536603928e-22 0.
1508274780 1 6712.81445312 0. 6.36296590898e-22 0.
1508274840 1 6704.75439453 0. 6.36152728254e-22 0.
1508274900 1 6695.67285156 0. 6.35897680814e-22 0.
1508274960 1 6687.68994141 0. 6.3573190775e-22 0.
1508275020 1 6680.11572266 0. 6.35644363815e-22 0.
1508275081 1 6672.02392578 0. 6.35484339916e-22 0.
1508275141 1 6662.17822266 0. 6.35191066525e-22 0.
1508275186 1 6027.86425781 0. 5.75399198027e-22 0.
1508275231 1 0.126163378358 0. 1.94558815325e-22 0.
