1508426867 1 15113.0146484 0. 5.35099463632e-22 0.
1508426927 1 15257.4121094 0. 5.41223590302e-22 0.
1508426986 1 15313.0810547 0. 5.44155647561e-22 0.
1508427044 1 15287.1083984 0. 5.44214654488e-22 0.
1508427080 1 15321.7041016 0. 5.45988081078e-22 0.
1508427096 1 15332.2724609 0. 5.46616902621e-22 0.
1508427127 1 15370.2050781 0. 5.48451155009e-22 0.
1508427178 1 14990.8701172 0. 5.35669789535e-22 0.
1508427228 1 14783.2871094 0. 5.28969390957e-22 0.
1508427279 1 14851.8066406 0. 5.32106847123e-22 0.
1508427339 1 14789.4267578 0. 5.30673000822e-22 0.
1508427399 1 15253.6699219 0. 5.48181706952e-22 0.
1508427459 1 15016.8007812 0. 5.40471467181e-22 0.
1508427519 1 15055.5917969 0. 5.42684663838e-22 0.
1508427580 1 15109.8798828 0. 5.45475498022e-22 0.
1508427621 1 15103.9746094 0. 5.45850770323e-22 0.
1508427646 1 15218.2470703 0. 5.50330512063e-22 0.
1508427690 1 15241.9150391 0. 5.51804804573e-22 0.
1508427750 1 15272.9414062 0. 5.53722021396e-22 0.
1508427810 1 15328.6650391 0. 5.5656846223e-22 0.
1508427870 1 15371.4824219 0. 5.58927911561e-22 0.
1508427931 1 14931.8603516 0. 5.43741213896e-22 0.
1508427991 1 14903.9580078 0. 5.43494911982e-22 0.
1508428051 1 15392.7070312 0. 5.62086484191e-22 0.
1508428111 1 15358.859375 0. 5.61674214614e-22 0.
1508428171 1 15330.2978516 0. 5.61446350346e-22 0.
1508428231 1 15305.0947266 0. 5.61316492127e-22 0.
1508428291 1 15292.9423828 0. 5.61667520208e-22 0.
1508428351 1 15310.2480469 0. 5.63085207512e-22 0.
1508428411 1 15221.0732422 0. 5.60567466396e-22 0.
1508428472 1 15152.7988281 0. 5.58845205523e-22 0.
1508428532 1 15245.2451172 0. 5.63087175448e-22 0.
1508428576 1 15156.7851562 0. 5.6039199449e-22 0.
1508428621 1 15375.0146484 0. 5.6905214972e-22 0.
1508428681 1 15282.7304688 0. 5.66414639581e-22 0.
1508428741 1 15259.4199219 0. 5.66334189515e-22 0.
1508428801 1 15271.5195312 0. 5.67569294986e-22 0.
1508428862 1 15339.7509766 0. 5.70897005251e-22 0.
1508428922 1 15385.1933594 0. 5.73400230517e-22 0.
1508428982 1 15267.9667969 0. 5.6982476763e-22 0.
1508429042 1 14849.6591797 0. 5.54963892492e-22 0.
1508429102 1 14847.2929688 0. 5.55650443279e-22 0.
1508429163 1 14917.0390625 0. 5.59051834671e-22 0.
1508429223 1 14907.3535156 0. 5.59436411397e-22 0.
1508429283 1 14895.6572266 0. 5.5976308637e-22 0.
1508429343 1 14962.8789062 0. 5.6305607994e-22 0.
1508429388 1 14997.0146484 0. 5.64928837762e-22 0.
1508429433 1 14885.6347656 0. 5.61333406153e-22 0.
1508429478 1 14864.3886719 0. 5.61069678069e-22 0.
1508429523 1 14950.7773438 0. 5.64943443048e-22 0.
1508429584 1 14930.5380859 0. 5.64918209334e-22 0.
1508429644 1 14896.7568359 0. 5.64380800708e-22 0.
1508429704 1 14936.9785156 0. 5.66678457297e-22 0.
1508429764 1 14955.8642578 0. 5.6816396986e-22 0.
1508429809 1 14995.8984375 0. 5.70262862992e-22 0.
1508429854 1 14972.6689453 0. 5.69948160456e-22 0.
1508429889 1 14997.4794922 0. 5.71294510411e-22 0.
1508429924 1 14977.1074219 0. 5.7102354957e-22 0.
1508429983 1 14995.3583984 0. 5.72478808994e-22 0.
1508430041 1 15033.3632812 0. 5.74685437254e-22 0.
1508430094 1 10426.3261719 0. 3.99669862712e-22 0.
1508430137 1 0.189127862453 0. 7.17283817774e-23 0.
