1508551263 1 15265.453125 0. 5.48449368594e-22 0.
1508551323 1 15358.4199219 0. 5.52827994036e-22 0.
1508551383 1 14901.0087891 0. 5.3727725264e-22 0.
1508551443 1 14985.4355469 0. 5.41275399341e-22 0.
1508551491 1 15067.5673828 0. 5.4498419461e-22 0.
1508551531 1 15121.8964844 0. 5.47538133252e-22 0.
1508551558 1 15145.6865234 0. 5.48805877683e-22 0.
1508551594 1 15179.8339844 0. 5.50661074659e-22 0.
1508551629 1 15211.9003906 0. 5.52374858054e-22 0.
1508551665 1 15264.1455078 0. 5.54807674623e-22 0.
1508551725 1 15322.6630859 0. 5.57876773475e-22 0.
1508551785 1 15370.8515625 0. 5.60524377497e-22 0.
1508551843 1 15019.4042969 0. 5.48532345052e-22 0.
1508551901 1 14915.2421875 0. 5.45495933899e-22 0.
1508551938 1 14913.7216797 0. 5.45900811571e-22 0.
1508551974 1 14942.109375 0. 5.47450873427e-22 0.
1508552010 1 14978.5849609 0. 5.4919874807e-22 0.
1508552032 1 15046.7285156 0. 5.52015010712e-22 0.
1508552054 1 15080.90625 0. 5.53542611076e-22 0.
1508552090 1 15106.9785156 0. 5.54988398423e-22 0.
1508552134 1 15102.2451172 0. 5.55373676618e-22 0.
1508552156 1 15112.4423828 0. 5.56028121226e-22 0.
1508552194 1 15119.1269531 0. 5.56797430367e-22 0.
1508552254 1 15114.7783203 0. 5.57443973484e-22 0.
1508552293 1 15111.6611328 0. 5.57816492659e-22 0.
1508552333 1 15136.8808594 0. 5.59281268877e-22 0.
1508552368 1 15178.1464844 0. 5.61254287951e-22 0.
1508552383 1 15124.7080078 0. 5.59518127874e-22 0.
1508552407 1 15160.0400391 0. 5.61112320051e-22 0.
1508552450 1 15196.9892578 0. 5.6306549518e-22 0.
1508552510 1 15188.7109375 0. 5.63548737678e-22 0.
1508552555 1 15171.3183594 0. 5.63478251596e-22 0.
1508552601 1 15197.9042969 0. 5.65067127623e-22 0.
1508552640 1 15242.8164062 0. 5.67250767818e-22 0.
1508552680 1 15255.3916016 0. 5.68265218522e-22 0.
1508552740 1 15208.5351562 0. 5.67295759815e-22 0.
1508552800 1 15260.3398438 0. 5.70039996468e-22 0.
1508552860 1 15220.0322266 0. 5.69325294922e-22 0.
1508552920 1 15381.3203125 0. 5.76158546251e-22 0.
1508552961 1 15296.7519531 0. 5.7351197934e-22 0.
1508552976 1 15311.4453125 0. 5.74264188146e-22 0.
1508553011 1 15343.796875 0. 5.75973887821e-22 0.
1508553071 1 15218.1054688 0. 5.72060001526e-22 0.
1508553131 1 14919.8105469 0. 5.61624266114e-22 0.
1508553191 1 14923.4726562 0. 5.62531296831e-22 0.
1508553251 1 14920.6748047 0. 5.63163398761e-22 0.
1508553312 1 14985.2001953 0. 5.66376546727e-22 0.
1508553372 1 15003.0058594 0. 5.67822553507e-22 0.
1508553407 1 15030.6669922 0. 5.69296810443e-22 0.
1508553418 1 15026.9365234 0. 5.69312128333e-22 0.
1508553428 1 15015.4462891 0. 5.68980330125e-22 0.
1508553439 1 15031.4716797 0. 5.69736155203e-22 0.
1508553474 1 15004.8085938 0. 5.69214642358e-22 0.
1508553535 1 14982.2529297 0. 5.69128663272e-22 0.
1508553588 1 14970.8857422 0. 5.69369082962e-22 0.
1508553641 1 14986.1621094 0. 5.70637058255e-22 0.
1508553677 1 14950.6416016 0. 5.69702081926e-22 0.
1508553712 1 14998.2480469 0. 5.71994767177e-22 0.
1508553772 1 14927.3681641 0. 5.70077885424e-22 0.
1508553832 1 15010.40625 0. 5.74021108746e-22 0.
1508553880 1 15030.9160156 0. 5.7541066784e-22 0.
1508553928 1 14957.78125 0. 5.73247478672e-22 0.
1508553988 1 14912.1894531 0. 5.72286441543e-22 0.
1508554048 1 14899.0039062 0. 5.72563004814e-22 0.
1508554105 1 14939.0654297 0. 5.74815191998e-22 0.
1508554162 1 14954.5654297 0. 5.76165796118e-22 0.
1508554222 1 14942.5507812 0. 5.76484109608e-22 0.
1508554280 1 14941.015625 0. 5.7715767719e-22 0.
1508554338 1 14943.7802734 0. 5.78020997519e-22 0.
1508554398 1 14951.2646484 0. 5.79069407204e-22 0.
1508554458 1 14957.0185547 0. 5.80092697505e-22 0.
1508554518 1 14952.3583984 0. 5.8071369863e-22 0.
1508554578 1 14933.5283203 0. 5.80760510211e-22 0.
1508554638 1 14872.203125 0. 5.79147992948e-22 0.
1508554698 1 14817.1855469 0. 5.77767008521e-22 0.
1508554734 1 14809.3681641 0. 5.77907574785e-22 0.
1508554766 1 14802.8662109 0. 5.78089440761e-22 0.
1508554823 1 14834.6113281 0. 5.80065440374e-22 0.
1508554883 1 14828.859375 0. 5.80606333234e-22 0.
1508554943 1 14807.4990234 0. 5.80535348112e-22 0.
1508555003 1 14799.1015625 0. 5.80961452033e-22 0.
1508555063 1 14830.4052734 0. 5.82977192531e-22 0.
1508555123 1 14868.6621094 0. 5.85258711927e-22 0.
1508555183 1 14898.625 0. 5.8722392072e-22 0.
1508555243 1 14918.2490234 0. 5.88762422025e-22 0.
1508555304 1 14872.4267578 0. 5.87756790297e-22 0.
1508555364 1 14849.7539062 0. 5.87641529451e-22 0.
1508555424 1 14877.5507812 0. 5.89538501872e-22 0.
1508555484 1 14860.6191406 0. 5.89636856337e-22 0.
1508555544 1 14923.7519531 0. 5.92916464741e-22 0.
1508555589 1 14989.9853516 0. 5.96138409442e-22 0.
1508555619 1 14794.0283203 0. 5.88711005139e-22 0.
1508555657 1 14836.1904297 0. 5.90894556945e-22 0.
1508555689 1 14836.2802734 0. 5.91301660328e-22 0.
1508555727 1 14831.6318359 0. 5.9165831436e-22 0.
1508555787 1 14829.4179688 0. 5.92367186249e-22 0.
1508555847 1 14855.40625 0. 5.94222960475e-22 0.
1508555895 1 10247.1035156 0. 4.11630551884e-22 0.
1508555924 1 0.209224849939 0. 7.54209255177e-24 0.
1508555965 1 0.161483705044 0. 0.0 0.
1508556000 1 0.148621916771 0. 0.0 0.
1508556035 1 0.140444517136 0. 0.0 0.
1508556096 1 0.129806116223 0. 0.0 0.
