1508631044 1 15172.8505859 0. 5.49002699996e-22 0.
1508631104 1 14998.9433594 0. 5.43909998587e-22 0.
1508631164 1 15126.6367188 0. 5.49664788287e-22 0.
1508631225 1 15168.7597656 0. 5.52234600859e-22 0.
1508631264 1 15245.0380859 0. 5.55674490398e-22 0.
1508631292 1 15314.2060547 0. 5.58697871303e-22 0.
1508631341 1 15373.7958984 0. 5.61720931823e-22 0.
1508631401 1 15418.0273438 0. 5.64301050962e-22 0.
1508631449 1 14845.7402344 0. 5.44050694322e-22 0.
1508631498 1 14890.1582031 0. 5.46369558032e-22 0.
1508631558 1 14931.6044922 0. 5.48784565684e-22 0.
1508631610 1 15018.3554688 0. 5.5268343173e-22 0.
1508631662 1 15080.2636719 0. 5.55639985086e-22 0.
1508631708 1 15051.3339844 0. 5.55195146125e-22 0.
1508631749 1 15087.4462891 0. 5.570776592e-22 0.
1508631803 1 15080.765625 0. 5.57552698781e-22 0.
1508631864 1 15039.5380859 0. 5.56823504474e-22 0.
1508631924 1 15061.9785156 0. 5.58453630169e-22 0.
1508631984 1 15076.4521484 0. 5.59790825126e-22 0.
1508632044 1 15113.2509766 0. 5.61982213426e-22 0.
1508632104 1 15105.0546875 0. 5.62473483115e-22 0.
1508632139 1 15086.2890625 0. 5.6224413145e-22 0.
1508632172 1 15090.0166016 0. 5.62821270457e-22 0.
1508632230 1 15136.0371094 0. 5.6533349052e-22 0.
1508632265 1 15178.5546875 0. 5.6736850471e-22 0.
1508632300 1 15113.8232422 0. 5.65452515483e-22 0.
1508632361 1 14909.3369141 0. 5.58578374518e-22 0.
1508632421 1 14995.5976562 0. 5.62573120322e-22 0.
1508632481 1 15136.8417969 0. 5.68666333115e-22 0.
1508632516 1 15017.7998047 0. 5.64639855643e-22 0.
1508632544 1 14977.2529297 0. 5.63502335794e-22 0.
1508632596 1 15125.1914062 0. 5.69754100903e-22 0.
1508632656 1 15107.1914062 0. 5.69888262423e-22 0.
1508632716 1 15127.0517578 0. 5.71446440853e-22 0.
1508632777 1 15084.8652344 0. 5.70634806725e-22 0.
1508632819 1 15113.28125 0. 5.72275372571e-22 0.
1508632861 1 15094.0351562 0. 5.72113490254e-22 0.
1508632921 1 15094.2226562 0. 5.7290366629e-22 0.
1508632981 1 15091.9726562 0. 5.73626885038e-22 0.
1508633042 1 15138.71875 0. 5.76210397369e-22 0.
1508633102 1 15114.8886719 0. 5.76092603544e-22 0.
1508633162 1 15139.2919922 0. 5.77822937892e-22 0.
1508633198 1 15142.9257812 0. 5.78403381685e-22 0.
1508633220 1 15165.5722656 0. 5.79597140278e-22 0.
1508633266 1 15094.9082031 0. 5.77512651263e-22 0.
1508633326 1 15033.8857422 0. 5.75973496443e-22 0.
1508633378 1 15055.6806641 0. 5.77466817695e-22 0.
1508633405 1 15084.6679688 0. 5.78903262594e-22 0.
1508633440 1 15009.2705078 0. 5.76518162409e-22 0.
1508633475 1 15030.9169922 0. 5.7776890023e-22 0.
1508633510 1 15134.1962891 0. 5.82277877959e-22 0.
1508633555 1 14958.4277344 0. 5.76072421201e-22 0.
1508633600 1 15078.6113281 0. 5.81307507245e-22 0.
1508633660 1 15028.1015625 0. 5.80154624982e-22 0.
1508633715 1 14992.8613281 0. 5.79540062995e-22 0.
1508633769 1 14968.2578125 0. 5.79296787289e-22 0.
1508633825 1 14989.8154297 0. 5.80848956336e-22 0.
1508633881 1 14961.3535156 0. 5.80507309025e-22 0.
1508633924 1 15017.8525391 0. 5.83241278671e-22 0.
1508633967 1 15021.0800781 0. 5.83955201032e-22 0.
1508634027 1 14982.0244141 0. 5.83237440934e-22 0.
1508634087 1 14990.0957031 0. 5.84335054875e-22 0.
1508634147 1 14817.3818359 0. 5.78384412773e-22 0.
1508634207 1 15010.8662109 0. 5.86734325524e-22 0.
1508634243 1 15120.1689453 0. 5.9143271726e-22 0.
1508634265 1 15069.9716797 0. 5.89830872928e-22 0.
1508634312 1 15043.7753906 0. 5.89443036135e-22 0.
1508634358 1 15007.3632812 0. 5.88616544944e-22 0.
1508634388 1 14990.0068359 0. 5.88345668859e-22 0.
1508634434 1 15016.8857422 0. 5.90003161094e-22 0.
1508634470 1 15035.5820312 0. 5.91189430439e-22 0.
1508634505 1 15045.1445312 0. 5.92059280106e-22 0.
1508634545 1 15045.65625 0. 5.92586960069e-22 0.
1508634585 1 14993.7685547 0. 5.91079395972e-22 0.
1508634621 1 14995.9716797 0. 5.91601732639e-22 0.
1508634656 1 14997.0 0. 5.92167850579e-22 0.
1508634711 1 14987.8232422 0. 5.92546507149e-22 0.
1508634766 1 15010.0869141 0. 5.9416135401e-22 0.
1508634826 1 14983.1494141 0. 5.93922738219e-22 0.
1508634886 1 15020.9794922 0. 5.96212635005e-22 0.
1508634942 1 15011.8378906 0. 5.96613432794e-22 0.
1508634998 1 14945.6962891 0. 5.94716130917e-22 0.
1508635058 1 14891.0683594 0. 5.93370783596e-22 0.
1508635105 1 14865.3808594 0. 5.92988797515e-22 0.
1508635153 1 14853.0703125 0. 5.93115154054e-22 0.
1508635210 1 14885.1445312 0. 5.95139176655e-22 0.
1508635259 1 14883.7998047 0. 5.95741019253e-22 0.
1508635312 1 14883.6435547 0. 5.96448852304e-22 0.
1508635347 1 15224.5634766 0. 6.10575885593e-22 0.
1508635382 1 15206.8066406 0. 6.10381460507e-22 0.
1508635442 1 15206.2119141 0. 6.11192702373e-22 0.
1508635486 1 15232.3271484 0. 6.12849489774e-22 0.
1508635504 1 15253.2919922 0. 6.13920527154e-22 0.
1508635539 1 15274.7207031 0. 6.1529182262e-22 0.
1508635583 1 15257.8818359 0. 6.15225814956e-22 0.
1508635606 1 15245.5761719 0. 6.15011272795e-22 0.
1508635631 1 15242.3085938 0. 6.15243263519e-22 0.
1508635677 1 15219.1484375 0. 6.14935279752e-22 0.
1508635737 1 15194.0302734 0. 6.14759925626e-22 0.
1508635797 1 15227.859375 0. 6.17001820866e-22 0.
1508635856 1 15234.4726562 0. 6.18068981287e-22 0.
1508635914 1 15204.0400391 0. 6.17640323044e-22 0.
1508635974 1 15215.2949219 0. 6.18951431831e-22 0.
1508636034 1 15185.8554688 0. 6.18582855089e-22 0.
1508636094 1 15222.6464844 0. 6.20932413631e-22 0.
1508636154 1 15236.7519531 0. 6.22348759359e-22 0.
1508636197 1 15167.3583984 0. 6.20096298761e-22 0.
1508636224 1 15124.3369141 0. 6.1871241008e-22 0.
1508636268 1 15139.2167969 0. 6.19947526056e-22 0.
1508636328 1 15133.0742188 0. 6.2053540482e-22 0.
1508636389 1 15135.7080078 0. 6.21482567062e-22 0.
1508636449 1 15154.1308594 0. 6.23069558541e-22 0.
1508636509 1 15112.6699219 0. 6.22220071887e-22 0.
1508636569 1 15090.5771484 0. 6.22131203925e-22 0.
1508636629 1 15084.125 0. 6.22736043528e-22 0.
1508636689 1 15045.625 0. 6.21984035539e-22 0.
1508636749 1 15021.6992188 0. 6.21802953433e-22 0.
1508636809 1 15056.0009766 0. 6.2405586876e-22 0.
1508636865 1 14977.4462891 0. 6.21599139098e-22 0.
1508636921 1 14984.9238281 0. 6.22692145101e-22 0.
1508636981 1 14959.3378906 0. 6.22484327751e-22 0.
1508637041 1 14997.4628906 0. 6.24928604369e-22 0.
1508637077 1 15012.3544922 0. 6.26015780192e-22 0.
1508637103 1 14981.2714844 0. 6.25133915387e-22 0.
1508637154 1 14956.9785156 0. 6.24851470297e-22 0.
1508637214 1 14878.2724609 0. 6.22403211105e-22 0.
1508637275 1 14884.8789062 0. 6.23489149189e-22 0.
1508637335 1 14860.3935547 0. 6.23317180945e-22 0.
1508637395 1 14890.8320312 0. 6.25453112751e-22 0.
1508637455 1 14854.859375 0. 6.24767492442e-22 0.
1508637515 1 14860.8994141 0. 6.25841765266e-22 0.
1508637575 1 14815.3105469 0. 6.24778480963e-22 0.
1508637635 1 15117.140625 0. 6.38357231467e-22 0.
1508637695 1 15117.5664062 0. 6.3923402646e-22 0.
1508637755 1 15100.2910156 0. 6.39369727554e-22 0.
1508637816 1 15101.3857422 0. 6.40306524371e-22 0.
1508637876 1 15083.8037109 0. 6.40428348413e-22 0.
1508637916 1 15102.6044922 0. 6.41780509125e-22 0.
1508637942 1 15159.7900391 0. 6.44618228627e-22 0.
1508637987 1 15117.328125 0. 6.43477018023e-22 0.
1508638023 1 15091.7070312 0. 6.42878823835e-22 0.
1508638046 1 15107.640625 0. 6.43958816759e-22 0.
1508638094 1 15084.9765625 0. 6.43685267999e-22 0.
1508638155 1 15057.6669922 0. 6.43400946626e-22 0.
1508638190 1 15043.7421875 0. 6.43308906164e-22 0.
1508638208 1 15142.0751953 0. 6.47807252102e-22 0.
1508638229 1 14952.8769531 0. 6.39968463417e-22 0.
1508638243 1 15020.2353516 0. 6.43035760148e-22 0.
1508638278 1 14983.8125 0. 6.42031619203e-22 0.
1508638338 1 14987.2919922 0. 6.43068880191e-22 0.
1508638398 1 14945.1474609 0. 6.42155016754e-22 0.
1508638440 1 14916.1894531 0. 6.41496996841e-22 0.
1508638481 1 14878.7050781 0. 6.40526673709e-22 0.
1508638516 1 14845.9716797 0. 6.39645513031e-22 0.
1508638535 1 14833.4111328 0. 6.39369477724e-22 0.
1508638578 1 14795.1201172 0. 6.38304534748e-22 0.
1508638636 1 14805.4072266 0. 6.39607385581e-22 0.
1508638681 1 14789.1552734 0. 6.39563302842e-22 0.
1508638726 1 14936.9052734 0. 6.46599442633e-22 0.
1508638787 1 15040.2822266 0. 6.51972161171e-22 0.
1508638834 1 15036.2089844 0. 6.52486136823e-22 0.
1508638864 1 14963.5751953 0. 6.49773038609e-22 0.
1508638893 1 14968.0957031 0. 6.50385330041e-22 0.
1508638938 1 14958.3134766 0. 6.50641739442e-22 0.
1508638999 1 14954.0976562 0. 6.51359553134e-22 0.
1508639034 1 14940.5546875 0. 6.51242366107e-22 0.
1508639065 1 14916.0322266 0. 6.50661905992e-22 0.
1508639121 1 14885.5693359 0. 6.50196468683e-22 0.
1508639175 1 14884.9267578 0. 6.50898808462e-22 0.
1508639215 1 14911.5126953 0. 6.52654582273e-22 0.
1508639262 1 14923.5136719 0. 6.53895868949e-22 0.
1508639303 1 14862.9394531 0. 6.51871851842e-22 0.
1508639345 1 14829.4404297 0. 6.51005845049e-22 0.
1508639405 1 14795.0341797 0. 6.50388827175e-22 0.
1508639454 1 14862.7929688 0. 6.54067269304e-22 0.
1508639503 1 15035.3535156 0. 6.62424462848e-22 0.
1508639563 1 15028.5322266 0. 6.63023103189e-22 0.
1508639610 1 15014.6523438 0. 6.63126165904e-22 0.
1508639644 1 14990.0039062 0. 6.62558748058e-22 0.
1508639678 1 14988.2519531 0. 6.62992465699e-22 0.
1508639723 1 14984.7207031 0. 6.63532776841e-22 0.
1508639758 1 14980.0507812 0. 6.63817900677e-22 0.
1508639775 1 14976.1337891 0. 6.63922862974e-22 0.
1508639794 1 14965.5751953 0. 6.63722920394e-22 0.
1508639832 1 14953.9873047 0. 6.63778760376e-22 0.
1508639892 1 14936.3505859 0. 6.63890253871e-22 0.
1508639952 1 14938.8339844 0. 6.64913119398e-22 0.
1508640012 1 14925.453125 0. 6.65250592412e-22 0.
1508640072 1 14870.8916016 0. 6.63753233897e-22 0.
1508640133 1 14843.0458984 0. 6.63397501425e-22 0.
1508640173 1 14822.9150391 0. 6.63069825901e-22 0.
1508640213 1 14802.0957031 0. 6.62776380802e-22 0.
1508640248 1 14813.9970703 0. 6.63814109672e-22 0.
1508640283 1 14802.9248047 0. 6.63892766639e-22 0.
1508640343 1 14794.3564453 0. 6.64388335055e-22 0.
1508640404 1 14802.2832031 0. 6.65675336945e-22 0.
1508640457 1 14991.6757812 0. 6.75026425998e-22 0.
1508640511 1 14964.0107422 0. 6.74608204306e-22 0.
1508640571 1 14935.1005859 0. 6.74221610597e-22 0.
1508640614 1 14928.7089844 0. 6.74574501521e-22 0.
1508640637 1 14904.9013672 0. 6.73852154526e-22 0.
1508640678 1 14887.7226562 0. 6.73715866842e-22 0.
1508640738 1 14847.1914062 0. 6.7283643246e-22 0.
1508640798 1 14811.8359375 0. 6.7216051648e-22 0.
1508640858 1 14809.1474609 0. 6.72971135672e-22 0.
1508640895 1 14962.7470703 0. 6.80477416103e-22 0.
1508640911 1 14962.28125 0. 6.80705744297e-22 0.
1508640949 1 14953.2578125 0. 6.80904549419e-22 0.
1508640999 1 14952.8466797 0. 6.81674465142e-22 0.
1508641048 1 14930.4970703 0. 6.81454376324e-22 0.
1508641108 1 14889.984375 0. 6.80532603819e-22 0.
1508641168 1 14872.5673828 0. 6.8067444397e-22 0.
1508641228 1 14846.4238281 0. 6.80403741116e-22 0.
1508641288 1 14821.0205078 0. 6.80160852914e-22 0.
1508641349 1 14893.4667969 0. 6.84401567879e-22 0.
1508641409 1 14907.09375 0. 6.85999420253e-22 0.
1508641469 1 14900.21875 0. 6.86607956135e-22 0.
1508641529 1 14864.3632812 0. 6.85917972431e-22 0.
1508641588 1 14851.9980469 0. 6.86281779478e-22 0.
1508641632 1 14812.0273438 0. 6.85120002971e-22 0.
1508641668 1 14801.7509766 0. 6.85220175962e-22 0.
1508641718 1 14815.9501953 0. 6.86668468411e-22 0.
1508641757 1 14883.5908203 0. 6.90391187444e-22 0.
1508641786 1 14831.3085938 0. 6.88454068517e-22 0.
1508641829 1 14835.1992188 0. 6.8931823899e-22 0.
1508641872 1 14815.7119141 0. 6.89079065841e-22 0.
1508641899 1 14795.6396484 0. 6.8850743754e-22 0.
1508641911 1 14837.0400391 0. 6.90638564933e-22 0.
1508641946 1 14772.4082031 0. 6.88242002892e-22 0.
1508641981 1 14743.0683594 0. 6.87383350874e-22 0.
1508641991 1 14781.4873047 0. 6.89357003845e-22 0.
1508642003 1 14837.5605469 0. 6.92144677916e-22 0.
1508642023 1 14818.0869141 0. 6.91596164867e-22 0.
1508642066 1 14819.3808594 0. 6.92346360383e-22 0.
1508642126 1 14807.5556641 0. 6.92733449744e-22 0.
1508642186 1 14790.3984375 0. 6.92895965149e-22 0.
1508642246 1 14776.2480469 0. 6.93198569336e-22 0.
1508642306 1 14762.5556641 0. 6.93491697751e-22 0.
1508642366 1 14738.515625 0. 6.9333864782e-22 0.
1508642427 1 14709.5048828 0. 6.92930882446e-22 0.
1508642466 1 14688.2431641 0. 6.92546369262e-22 0.
1508642505 1 14666.8554688 0. 6.92180590092e-22 0.
1508642540 1 14652.7021484 0. 6.92063739114e-22 0.
1508642576 1 14634.4755859 0. 6.91822371203e-22 0.
1508642636 1 14610.8447266 0. 6.91647271714e-22 0.
1508642696 1 14169.6923828 0. 6.71677400775e-22 0.
1508642756 1 13767.5693359 0. 6.53497797542e-22 0.
1508642816 1 14594.1738281 0. 6.93669379192e-22 0.
1508642876 1 14578.0078125 0. 6.93709521023e-22 0.
1508642936 1 14566.9140625 0. 6.93965475613e-22 0.
1508642996 1 14556.6796875 0. 6.94162333486e-22 0.
1508643057 1 14528.7275391 0. 6.93594105782e-22 0.
1508643117 1 14506.0019531 0. 6.93257359756e-22 0.
1508643177 1 14467.9580078 0. 6.92383376689e-22 0.
1508643237 1 14855.0107422 0. 7.11930522904e-22 0.
1508643292 1 15101.3476562 0. 7.24722010995e-22 0.
1508643347 1 14821.2900391 0. 7.12401491945e-22 0.
1508643407 1 14440.3886719 0. 6.95249555637e-22 0.
1508643467 1 15476.8662109 0. 7.46514124261e-22 0.
1508643503 1 15459.3076172 0. 7.46377227647e-22 0.
1508643523 1 15448.8017578 0. 7.46318229604e-22 0.
1508643556 1 15426.3837891 0. 7.4590296912e-22 0.
1508643605 1 15397.0302734 0. 7.45414817785e-22 0.
1508643665 1 15368.5830078 0. 7.45172994908e-22 0.
1508643726 1 15332.6962891 0. 7.44528658492e-22 0.
1508643786 1 15292.7421875 0. 7.4370349096e-22 0.
1508643846 1 15263.4423828 0. 7.43415253865e-22 0.
1508643881 1 15241.2919922 0. 7.42963376825e-22 0.
1508643894 1 15237.0527344 0. 7.42983262455e-22 0.
1508643931 1 15219.3398438 0. 7.42868358882e-22 0.
1508643976 1 15181.7900391 0. 7.41837955762e-22 0.
1508643996 1 15149.2939453 0. 7.40561972546e-22 0.
1508644006 1 15145.8945312 0. 7.40612458525e-22 0.
1508644016 1 15144.5507812 0. 7.40736000711e-22 0.
1508644037 1 15134.3984375 0. 7.40662409401e-22 0.
1508644058 1 15120.6953125 0. 7.40336261918e-22 0.
1508644069 1 15125.1875 0. 7.40755249911e-22 0.
1508644105 1 15109.0673828 0. 7.40640161221e-22 0.
1508644166 1 15078.7753906 0. 7.40256349415e-22 0.
1508644226 1 15048.7900391 0. 7.39888285928e-22 0.
1508644275 1 15022.9853516 0. 7.3948906395e-22 0.
1508644324 1 14993.1279297 0. 7.38954854536e-22 0.
1508644384 1 14955.8193359 0. 7.3822846807e-22 0.
1508644419 1 14947.1005859 0. 7.38371519846e-22 0.
1508644454 1 14926.0654297 0. 7.38025257177e-22 0.
1508644514 1 14892.0947266 0. 7.37436997491e-22 0.
1508644549 1 14877.4775391 0. 7.37337856138e-22 0.
1508644572 1 14866.7304688 0. 7.37241592964e-22 0.
1508644619 1 14843.9511719 0. 7.36944257539e-22 0.
1508644680 1 14810.1669922 0. 7.3636202877e-22 0.
1508644740 1 14779.8037109 0. 7.35950510199e-22 0.
1508644800 1 14742.8417969 0. 7.35177122319e-22 0.
1508644860 1 14715.6152344 0. 7.34903763968e-22 0.
1508644920 1 14688.3046875 0. 7.34613926916e-22 0.
1508644980 1 14657.0566406 0. 7.34145643148e-22 0.
1508645040 1 14635.1982422 0. 7.34108199355e-22 0.
1508645089 1 14605.7109375 0. 7.3348614327e-22 0.
1508645138 1 14581.7080078 0. 7.33141865854e-22 0.
1508645198 1 14555.2832031 0. 7.32900866958e-22 0.
1508645258 1 14525.5673828 0. 7.32454161523e-22 0.
1508645307 1 14501.3476562 0. 7.32089065728e-22 0.
1508645348 1 14478.7265625 0. 7.31688472931e-22 0.
1508645387 1 14459.4482422 0. 7.31436482628e-22 0.
1508645427 1 14433.2333984 0. 7.30772706787e-22 0.
1508645480 1 14413.8232422 0. 7.30720272597e-22 0.
1508645540 1 14385.2734375 0. 7.30328408188e-22 0.
1508645600 1 14356.3564453 0. 7.29906477019e-22 0.
1508645660 1 14325.1855469 0. 7.29371338926e-22 0.
1508645720 1 14301.9091797 0. 7.29245681962e-22 0.
1508645780 1 14271.5498047 0. 7.28769585097e-22 0.
1508645840 1 14238.9130859 0. 7.28134096204e-22 0.
1508645901 1 14215.3652344 0. 7.2795772568e-22 0.
1508645961 1 14185.1787109 0. 7.27474331244e-22 0.
1508646021 1 14167.8769531 0. 7.27653577795e-22 0.
1508646081 1 14141.6103516 0. 7.27354383968e-22 0.
1508646141 1 14117.5917969 0. 7.2714903711e-22 0.
1508646201 1 14084.8505859 0. 7.26500983951e-22 0.
1508646261 1 14054.6904297 0. 7.25970510102e-22 0.
1508646321 1 14031.0683594 0. 7.25799945668e-22 0.
1508646381 1 14003.6318359 0. 7.25416948032e-22 0.
1508646442 1 13976.2373047 0. 7.25035155014e-22 0.
1508646502 1 13945.8769531 0. 7.24512195956e-22 0.
1508646562 1 13920.5546875 0. 7.24202608423e-22 0.
1508646622 1 13895.3798828 0. 7.23930100457e-22 0.
1508646682 1 13866.2958984 0. 7.2344317861e-22 0.
1508646730 1 13840.4169922 0. 7.22907645379e-22 0.
1508646779 1 13819.6494141 0. 7.2263770347e-22 0.
1508646839 1 13793.7998047 0. 7.22312830394e-22 0.
1508646886 1 13771.1728516 0. 7.21908707359e-22 0.
1508646916 1 13760.0361328 0. 7.21824761904e-22 0.
1508646956 1 13738.3583984 0. 7.21420518022e-22 0.
1508646995 1 13722.3525391 0. 7.2123294546e-22 0.
1508647029 1 13708.0830078 0. 7.21075001625e-22 0.
1508647085 1 13684.5908203 0. 7.20806900936e-22 0.
1508647145 1 13661.0097656 0. 7.20596440153e-22 0.
1508647205 1 13630.6054688 0. 7.20009252057e-22 0.
1508647265 1 13596.5429688 0. 7.19183445534e-22 0.
1508647325 1 13590.4980469 0. 7.19874623397e-22 0.
1508647363 1 13577.0371094 0. 7.19789216778e-22 0.
1508647402 1 13557.3984375 0. 7.1943361742e-22 0.
1508647462 1 13539.203125 0. 7.19471050909e-22 0.
1508647522 1 13517.6318359 0. 7.19366884908e-22 0.
1508647582 1 13495.5947266 0. 7.19227013991e-22 0.
1508647642 1 13468.3378906 0. 7.18747342344e-22 0.
1508647702 1 12998.4648438 0. 6.94624089558e-22 0.
1508647762 1 12762.1865234 0. 6.82869044455e-22 0.
1508647823 1 13416.6933594 0. 7.1893673326e-22 0.
1508647883 1 13418.2880859 0. 7.20079481856e-22 0.
1508647943 1 13394.0449219 0. 7.19777706186e-22 0.
1508648002 1 13363.4892578 0. 7.19111782559e-22 0.
1508648042 1 13346.7197266 0. 7.18870684629e-22 0.
1508648065 1 13340.9941406 0. 7.18925398396e-22 0.
1508648106 1 13323.6669922 0. 7.18695218814e-22 0.
1508648148 1 13301.2304688 0. 7.18143412605e-22 0.
1508648189 1 13287.7822266 0. 7.18146957351e-22 0.
1508648249 1 13259.7734375 0. 7.17627131404e-22 0.
1508648309 1 13235.1787109 0. 7.17303205417e-22 0.
1508648370 1 13207.8574219 0. 7.16798960439e-22 0.
1508648430 1 13187.125 0. 7.16674913933e-22 0.
1508648490 1 13160.3701172 0. 7.16245382681e-22 0.
1508648550 1 13137.1435547 0. 7.15966280019e-22 0.
1508648610 1 13117.7861328 0. 7.15873840083e-22 0.
1508648670 1 13093.6376953 0. 7.15550740183e-22 0.
1508648730 1 13065.8994141 0. 7.15061472986e-22 0.
1508648766 1 13051.1230469 0. 7.14821374081e-22 0.
1508648802 1 13044.2177734 0. 7.15054169082e-22 0.
1508648847 1 13028.6142578 0. 7.14920202371e-22 0.
1508648890 1 13015.5 0. 7.14869371628e-22 0.
1508648932 1 12999.5576172 0. 7.14691649987e-22 0.
1508648977 1 12984.4130859 0. 7.14585468842e-22 0.
1508649037 1 12956.7451172 0. 7.14039858335e-22 0.
1508649097 1 12928.7714844 0. 7.13463249712e-22 0.
1508649133 1 12915.4814453 0. 7.13296670853e-22 0.
1508649168 1 12907.9824219 0. 7.13433708367e-22 0.
1508649228 1 12884.4775391 0. 7.13071739952e-22 0.
1508649280 1 12860.8876953 0. 7.12606647136e-22 0.
1508649332 1 12839.9501953 0. 7.12256267004e-22 0.
1508649392 1 12817.3486328 0. 7.11942587257e-22 0.
1508649452 1 12797.5605469 0. 7.11805787996e-22 0.
1508649512 1 12777.859375 0. 7.11682565746e-22 0.
1508649572 1 12751.0117188 0. 7.1118657063e-22 0.
1508649632 1 12735.2060547 0. 7.11285037872e-22 0.
1508649692 1 12711.5478516 0. 7.10925850721e-22 0.
1508649752 1 12691.2666016 0. 7.10709675483e-22 0.
1508649812 1 12667.984375 0. 7.10362820279e-22 0.
1508649873 1 12646.4365234 0. 7.10162657346e-22 0.
1508649933 1 12625.0566406 0. 7.09934222326e-22 0.
1508649993 1 12598.1181641 0. 7.09340912259e-22 0.
1508650053 1 12575.0009766 0. 7.08945870928e-22 0.
1508650113 1 12558.2441406 0. 7.0894363917e-22 0.
1508650173 1 12534.0996094 0. 7.08534770997e-22 0.
1508650233 1 12506.90625 0. 7.07951831636e-22 0.
1508650293 1 12483.5390625 0. 7.07592859861e-22 0.
1508650353 1 12458.3398438 0. 7.0712312216e-22 0.
1508650414 1 12425.5507812 0. 7.06222962292e-22 0.
1508650474 1 12397.2275391 0. 7.05553493394e-22 0.
1508650534 1 12364.2011719 0. 7.04605554019e-22 0.
1508650594 1 12328.0224609 0. 7.03483227575e-22 0.
1508650641 1 12308.4404297 0. 7.03109189277e-22 0.
1508650673 1 12290.390625 0. 7.02537992044e-22 0.
1508650718 1 12272.9970703 0. 7.02252864028e-22 0.
1508650778 1 12244.9628906 0. 7.01608418505e-22 0.
1508650838 1 12215.0810547 0. 7.00820153084e-22 0.
1508650898 1 12188.4355469 0. 7.0020142167e-22 0.
1508650959 1 12161.8203125 0. 6.99627179931e-22 0.
1508651019 1 12132.328125 0. 6.9884275199e-22 0.
1508651079 1 12107.1464844 0. 6.98370162804e-22 0.
1508651139 1 12069.0458984 0. 6.97122878014e-22 0.
1508651199 1 12044.0830078 0. 6.96610002715e-22 0.
1508651259 1 12021.7773438 0. 6.96245305435e-22 0.
1508651319 1 11994.5097656 0. 6.95581112583e-22 0.
1508651364 1 11978.4267578 0. 6.95329389864e-22 0.
1508651394 1 11966.0458984 0. 6.95050641999e-22 0.
1508651439 1 11936.3164062 0. 6.94000569265e-22 0.
1508651499 1 11915.5400391 0. 6.93707149639e-22 0.
1508651559 1 11892.7773438 0. 6.93302799599e-22 0.
1508651620 1 11864.75 0. 6.9256197758e-22 0.
1508651680 1 11839.7744141 0. 6.92036450333e-22 0.
1508651740 1 11816.1953125 0. 6.91565014631e-22 0.
1508651800 1 11781.7021484 0. 6.90471529749e-22 0.
1508651860 1 11753.4482422 0. 6.89689754231e-22 0.
1508651895 1 11732.1738281 0. 6.88953067693e-22 0.
1508651907 1 11723.1503906 0. 6.88606079052e-22 0.
1508651919 1 11722.4345703 0. 6.88740073817e-22 0.
1508651942 1 11715.6591797 0. 6.88723027791e-22 0.
1508651990 1 11701.4638672 0. 6.8857631501e-22 0.
1508652050 1 11675.2861328 0. 6.87959932138e-22 0.
1508652110 1 11660.171875 0. 6.87992999262e-22 0.
1508652170 1 11614.9121094 0. 6.86230074427e-22 0.
1508652230 1 11578.9160156 0. 6.84997585001e-22 0.
1508652291 1 11567.2783203 0. 6.85175371899e-22 0.
1508652351 1 11552.859375 0. 6.85198697906e-22 0.
1508652411 1 11535.3222656 0. 6.85017021771e-22 0.
1508652471 1 11533.4541016 0. 6.85748356953e-22 0.
1508652531 1 11550.0439453 0. 6.87632565396e-22 0.
1508652591 1 11531.6582031 0. 6.87395604293e-22 0.
1508652650 1 11512.6777344 0. 6.87117530719e-22 0.
1508652709 1 11500.0439453 0. 6.87199384213e-22 0.
1508652769 1 11735.3847656 0. 7.02121697112e-22 0.
1508652829 1 11948.7998047 0. 7.15884832944e-22 0.
1508652889 1 11479.0576172 0. 6.88680391595e-22 0.
1508652950 1 11444.7412109 0. 6.87517818917e-22 0.
1508653010 1 11949.4179688 0. 7.18924783463e-22 0.
1508653070 1 11935.15625 0. 7.1907864345e-22 0.
1508653130 1 11914.2314453 0. 7.1879921176e-22 0.
1508653190 1 11885.6630859 0. 7.18060358342e-22 0.
1508653250 1 11879.0605469 0. 7.18644311419e-22 0.
1508653310 1 11853.8574219 0. 7.18135073158e-22 0.
1508653370 1 11830.1142578 0. 7.17713567155e-22 0.
1508653430 1 11804.6972656 0. 7.17152136901e-22 0.
1508653490 1 11779.7167969 0. 7.166332209e-22 0.
1508653551 1 11756.3916016 0. 7.16153971298e-22 0.
1508653611 1 11731.4892578 0. 7.15641118734e-22 0.
1508653671 1 11712.6845703 0. 7.1547995376e-22 0.
1508653709 1 11685.5429688 0. 7.14391663143e-22 0.
1508653748 1 11683.1035156 0. 7.14920687923e-22 0.
1508653808 1 11657.0654297 0. 7.14316591588e-22 0.
1508653868 1 11630.4414062 0. 7.13669560846e-22 0.
1508653928 1 11604.5683594 0. 7.1302469722e-22 0.
1508653988 1 11580.2685547 0. 7.12508039768e-22 0.
1508654034 1 11566.2470703 0. 7.12400726782e-22 0.
1508654080 1 11546.6904297 0. 7.11940317445e-22 0.
1508654140 1 11527.4648438 0. 7.11713671265e-22 0.
1508654201 1 11505.6171875 0. 7.11320507469e-22 0.
1508654261 1 11484.9189453 0. 7.11016298003e-22 0.
1508654296 1 11475.4326172 0. 7.10937126818e-22 0.
1508654331 1 11455.9394531 0. 7.10334665168e-22 0.
1508654391 1 11430.4121094 0. 7.09711753476e-22 0.
1508654451 1 11415.1542969 0. 7.09719924106e-22 0.
1508654511 1 11398.9404297 0. 7.09663984821e-22 0.
1508654572 1 11381.0830078 0. 7.09511241593e-22 0.
1508654632 1 11354.9199219 0. 7.08823433426e-22 0.
1508654692 1 11332.6865234 0. 7.08371442071e-22 0.
1508654752 1 11315.5478516 0. 7.0824862487e-22 0.
1508654812 1 11291.4003906 0. 7.07698911995e-22 0.
1508654872 1 11275.3652344 0. 7.07642983635e-22 0.
1508654932 1 11262.1757812 0. 7.0773687878e-22 0.
1508654992 1 11243.2265625 0. 7.0749223365e-22 0.
1508655052 1 11219.6503906 0. 7.06968358561e-22 0.
1508655113 1 11197.2871094 0. 7.06513599971e-22 0.
1508655173 1 11179.7792969 0. 7.06341828109e-22 0.
1508655233 1 11163.3808594 0. 7.06266763404e-22 0.
1508655293 1 11157.9169922 0. 7.06856593957e-22 0.
1508655353 1 11134.7265625 0. 7.06335621749e-22 0.
1508655413 1 11110.5419922 0. 7.05737348063e-22 0.
1508655450 1 11098.578125 0. 7.05525183528e-22 0.
1508655474 1 11088.6005859 0. 7.05285967713e-22 0.
1508655520 1 11075.1982422 0. 7.05167114203e-22 0.
1508655580 1 11057.8642578 0. 7.04977403504e-22 0.
1508655641 1 11041.8183594 0. 7.04863484476e-22 0.
1508655701 1 11026.8378906 0. 7.04826106435e-22 0.
1508655761 1 11017.4667969 0. 7.05146607282e-22 0.
1508655821 1 10995.59375 0. 7.04704466168e-22 0.
1508655881 1 10983.3427734 0. 7.04795368204e-22 0.
1508655933 1 10961.4462891 0. 7.04146509207e-22 0.
1508655978 1 10943.8496094 0. 7.03699581427e-22 0.
1508656031 1 10931.3115234 0. 7.03706234727e-22 0.
1508656092 1 10917.5566406 0. 7.03744926451e-22 0.
1508656152 1 10895.6894531 0. 7.0325743769e-22 0.
1508656212 1 10865.4960938 0. 7.02207695003e-22 0.
1508656272 1 10866.5195312 0. 7.03173885585e-22 0.
1508656332 1 10847.7822266 0. 7.02902719038e-22 0.
1508656392 1 10830.1679688 0. 7.02656323303e-22 0.
1508656452 1 10813.2910156 0. 7.02435438934e-22 0.
1508656512 1 10798.5996094 0. 7.02376566922e-22 0.
1508656573 1 10781.609375 0. 7.02170578622e-22 0.
1508656633 1 10766.8378906 0. 7.02124180023e-22 0.
1508656693 1 10750.5898438 0. 7.01924874084e-22 0.
1508656753 1 10729.2626953 0. 7.01411492197e-22 0.
1508656813 1 10709.4199219 0. 7.00997501826e-22 0.
1508656873 1 10697.9042969 0. 7.01154368583e-22 0.
1508656933 1 10685.1289062 0. 7.01222659841e-22 0.
1508656993 1 10667.2705078 0. 7.00934802514e-22 0.
1508657053 1 10651.9482422 0. 7.00833338497e-22 0.
1508657114 1 10630.4101562 0. 7.0029126785e-22 0.
1508657174 1 10618.1943359 0. 7.00383698282e-22 0.
1508657234 1 10601.3916016 0. 7.00141950953e-22 0.
1508657294 1 10583.5302734 0. 6.99829331514e-22 0.
1508657354 1 10575.3115234 0. 7.00155745544e-22 0.
1508657414 1 10552.453125 0. 6.99498863068e-22 0.
1508657474 1 10541.484375 0. 6.99655963143e-22 0.
1508657534 1 10526.59375 0. 6.99520352655e-22 0.
1508657594 1 10504.6357422 0. 6.98961733372e-22 0.
1508657655 1 10490.7490234 0. 6.98921832566e-22 0.
1508657705 1 10474.9394531 0. 6.98584920025e-22 0.
1508657749 1 10462.0673828 0. 6.98343218563e-22 0.
1508657802 1 10449.5654297 0. 6.98268003599e-22 0.
1508657863 1 10432.4228516 0. 6.98006705725e-22 0.
1508657923 1 10420.0527344 0. 6.98038681388e-22 0.
1508657983 1 10407.1279297 0. 6.98079345137e-22 0.
1508658043 1 10387.0419922 0. 6.97603056017e-22 0.
1508658103 1 10374.8681641 0. 6.97647936347e-22 0.
1508658163 1 10356.0488281 0. 6.97205903971e-22 0.
1508658223 1 10339.3007812 0. 6.96940447645e-22 0.
1508658283 1 10326.2451172 0. 6.9698216529e-22 0.
1508658344 1 10301.8574219 0. 6.96206375548e-22 0.
1508658404 1 10299.7998047 0. 6.96939944262e-22 0.
1508658464 1 10281.7900391 0. 6.96601300033e-22 0.
1508658524 1 10269.0117188 0. 6.96596745745e-22 0.
1508658584 1 10249.9599609 0. 6.96170200117e-22 0.
1508658644 1 10235.1386719 0. 6.9602826388e-22 0.
1508658693 1 10218.5703125 0. 6.95606876483e-22 0.
1508658722 1 10212.3476562 0. 6.95600219628e-22 0.
1508658763 1 10200.8603516 0. 6.95412375596e-22 0.
1508658824 1 10191.1103516 0. 6.9559386162e-22 0.
1508658884 1 10177.4511719 0. 6.95494819769e-22 0.
1508658944 1 10160.1308594 0. 6.95183656737e-22 0.
1508659004 1 10142.1191406 0. 6.94788078142e-22 0.
1508659064 1 10127.2412109 0. 6.94632681641e-22 0.
1508659124 1 10112.5283203 0. 6.94495409886e-22 0.
1508659184 1 10096.9072266 0. 6.94255693634e-22 0.
1508659245 1 9970.29492188 0. 6.86411238198e-22 0.
1508659305 1 9564.01074219 0. 6.5923893526e-22 0.
1508659365 1 9942.109375 0. 6.86117698233e-22 0.
1508659425 1 10057.0908203 0. 6.94943724022e-22 0.
1508659485 1 10040.9980469 0. 6.94793204575e-22 0.
1508659545 1 10024.5712891 0. 6.94517910013e-22 0.
1508659605 1 10007.3671875 0. 6.9416487754e-22 0.
1508659665 1 9991.91503906 0. 6.93990960028e-22 0.
1508659725 1 9980.74511719 0. 6.94089576143e-22 0.
1508659786 1 9964.81542969 0. 6.93828272302e-22 0.
1508659826 1 9956.2578125 0. 6.93839893371e-22 0.
1508659854 1 9948.30761719 0. 6.9365622458e-22 0.
1508659902 1 9936.83105469 0. 6.93569816204e-22 0.
1508659962 1 9919.44042969 0. 6.93247435515e-22 0.
1508660022 1 9905.5 0. 6.93135503547e-22 0.
1508660083 1 9893.58300781 0. 6.93146689436e-22 0.
1508660143 1 9875.55078125 0. 6.92745229925e-22 0.
1508660203 1 9861.66015625 0. 6.92652061855e-22 0.
1508660263 1 9843.69335938 0. 6.92234005573e-22 0.
1508660323 1 9828.01953125 0. 6.91980978756e-22 0.
1508660383 1 9803.53515625 0. 6.91094869545e-22 0.
1508660443 1 9796.78027344 0. 6.91453229057e-22 0.
1508660503 1 9784.49902344 0. 6.91454216629e-22 0.
1508660563 1 9772.06152344 0. 6.91388850331e-22 0.
1508660623 1 9752.92089844 0. 6.90874228473e-22 0.
1508660684 1 9741.58886719 0. 6.90910981489e-22 0.
1508660744 1 9725.12402344 0. 6.90565929141e-22 0.
1508660804 1 9711.21875 0. 6.90411014452e-22 0.
1508660864 1 9695.62402344 0. 6.90143706692e-22 0.
1508660924 1 9683.34179688 0. 6.90095770589e-22 0.
1508660984 1 9666.24609375 0. 6.89708015586e-22 0.
1508661044 1 9652.15625 0. 6.89564100197e-22 0.
1508661104 1 9634.38085938 0. 6.89139249466e-22 0.
1508661164 1 9619.65820312 0. 6.88918069018e-22 0.
1508661225 1 9604.38574219 0. 6.8868828701e-22 0.
1508661285 1 9585.30957031 0. 6.88157795869e-22 0.
1508661345 1 9562.88574219 0. 6.87348236897e-22 0.
1508661405 1 9546.48535156 0. 6.86992142556e-22 0.
1508661465 1 9528.51757812 0. 6.86526215886e-22 0.
1508661525 1 9504.35253906 0. 6.85586163896e-22 0.
1508661585 1 9487.546875 0. 6.85207796195e-22 0.
1508661643 1 9471.11523438 0. 6.84803357926e-22 0.
1508661701 1 9451.03320312 0. 6.84138135122e-22 0.
1508661761 1 9432.23046875 0. 6.83567304622e-22 0.
1508661821 1 9414.50488281 0. 6.83107265396e-22 0.
1508661882 1 9395.52636719 0. 6.82489315396e-22 0.
1508661942 1 9380.51269531 0. 6.82226280744e-22 0.
1508662002 1 9362.57226562 0. 6.81729934013e-22 0.
1508662062 1 9342.97558594 0. 6.81117930393e-22 0.
1508662122 1 9321.98242188 0. 6.80369096999e-22 0.
1508662182 1 9301.48632812 0. 6.79652119599e-22 0.
1508662242 1 9284.02246094 0. 6.79184789274e-22 0.
1508662302 1 9267.12597656 0. 6.78750983349e-22 0.
1508662362 1 9248.08789062 0. 6.7814904088e-22 0.
1508662423 1 9228.30957031 0. 6.77465708861e-22 0.
1508662483 1 9216.67382812 0. 6.77407166188e-22 0.
1508662543 1 9204.26855469 0. 6.77283377186e-22 0.
1508662603 1 9187.5703125 0. 6.76843339347e-22 0.
1508662663 1 9171.53027344 0. 6.76430956724e-22 0.
1508662723 1 9153.52050781 0. 6.75856822482e-22 0.
1508662783 1 9144.64453125 0. 6.76015037845e-22 0.
1508662843 1 9120.68457031 0. 6.75025049645e-22 0.
1508662904 1 9111.57519531 0. 6.75140494634e-22 0.
1508662964 1 9088.8046875 0. 6.74256075937e-22 0.
1508663024 1 9081.15332031 0. 6.74489033608e-22 0.
1508663084 1 9056.87597656 0. 6.73463983655e-22 0.
1508663144 1 9045.24121094 0. 6.73379346582e-22 0.
1508663204 1 9029.16210938 0. 6.72994479501e-22 0.
1508663264 1 9006.90039062 0. 6.72103248355e-22 0.
1508663324 1 8999.97949219 0. 6.72395103814e-22 0.
1508663384 1 8976.89746094 0. 6.71461985534e-22 0.
1508663445 1 8972.06640625 0. 6.71811419274e-22 0.
1508663505 1 8950.26953125 0. 6.70929780771e-22 0.
1508663565 1 8943.00683594 0. 6.71183925757e-22 0.
1508663625 1 8922.54101562 0. 6.70439053907e-22 0.
1508663685 1 8909.9375 0. 6.70287572649e-22 0.
1508663745 1 8895.20605469 0. 6.69949368867e-22 0.
1508663793 1 8884.57128906 0. 6.69741566278e-22 0.
1508663841 1 8881.52929688 0. 6.70143257657e-22 0.
1508663901 1 8860.6640625 0. 6.6937635658e-22 0.
1508663961 1 8852.31738281 0. 6.69502172714e-22 0.
1508664022 1 8832.59375 0. 6.68785246957e-22 0.
1508664082 1 8817.73925781 0. 6.68442729168e-22 0.
1508664142 1 8805.96582031 0. 6.68335129345e-22 0.
1508664202 1 8791.45117188 0. 6.68009720086e-22 0.
1508664262 1 8775.79785156 0. 6.67576979841e-22 0.
1508664322 1 8754.55957031 0. 6.66712420528e-22 0.
1508664382 1 8741.00683594 0. 6.66423209134e-22 0.
1508664442 1 8729.80175781 0. 6.66357817475e-22 0.
1508664502 1 8720.60546875 0. 6.66444241307e-22 0.
1508664563 1 8695.40429688 0. 6.65286569596e-22 0.
1508664623 1 8675.91601562 0. 6.64548323985e-22 0.
1508664683 1 8656.90429688 0. 6.63832097535e-22 0.
1508664743 1 8643.734375 0. 6.63601416672e-22 0.
1508664803 1 8648.52734375 0. 6.64671561432e-22 0.
1508664863 1 8662.34472656 0. 6.66476938649e-22 0.
1508664923 1 8648.546875 0. 6.66176138513e-22 0.
1508664983 1 8633.64257812 0. 6.65775720012e-22 0.
1508665043 1 8619.22949219 0. 6.65412966185e-22 0.
1508665104 1 8611.92871094 0. 6.65638241964e-22 0.
1508665164 1 8595.21386719 0. 6.65088128073e-22 0.
1508665224 1 8584.43945312 0. 6.65001887144e-22 0.
1508665284 1 8574.72558594 0. 6.64962635643e-22 0.
1508665340 1 8561.37695312 0. 6.64638797788e-22 0.
1508665381 1 8544.99707031 0. 6.63904383374e-22 0.
1508665426 1 8536.74023438 0. 6.63831956474e-22 0.
1508665487 1 8521.8359375 0. 6.63413062664e-22 0.
1508665547 1 8501.23144531 0. 6.62543286535e-22 0.
1508665607 1 8510.59960938 0. 6.64025546985e-22 0.
1508665667 1 8488.375 0. 6.63021426229e-22 0.
1508665727 1 8484.58007812 0. 6.63499598598e-22 0.
1508665787 1 8470.8671875 0. 6.63145447493e-22 0.
1508665836 1 8458.88867188 0. 6.62813371884e-22 0.
1508665885 1 8451.91699219 0. 6.62874323547e-22 0.
1508665945 1 8448.02539062 0. 6.63296153706e-22 0.
1508666005 1 8445.44238281 0. 6.6377219149e-22 0.
1508666065 1 8451.17578125 0. 6.64970661274e-22 0.
1508666126 1 8453.06152344 0. 6.65865380639e-22 0.
1508666186 1 8455.53613281 0. 6.6676304706e-22 0.
1508666246 1 8447.62597656 0. 6.66882546447e-22 0.
1508666306 1 8440.67089844 0. 6.67100652239e-22 0.
1508666366 1 8439.31738281 0. 6.67738867811e-22 0.
1508666426 1 8268.04980469 0. 6.54907521834e-22 0.
1508666486 1 8109.08544922 0. 6.43016339463e-22 0.
1508666546 1 8318.19335938 0. 6.60297972267e-22 0.
1508666589 1 8427.3828125 0. 6.69516444279e-22 0.
1508666631 1 8419.48730469 0. 6.69414584838e-22 0.
1508666691 1 8412.33203125 0. 6.69592846333e-22 0.
1508666751 1 8398.73144531 0. 6.69249479698e-22 0.
1508666812 1 8387.41113281 0. 6.69171360749e-22 0.
1508666872 1 8373.90234375 0. 6.68798957736e-22 0.
1508666932 1 8361.359375 0. 6.68585634215e-22 0.
1508666992 1 8347.35839844 0. 6.6820103327e-22 0.
1508667052 1 8334.9375 0. 6.6795372759e-22 0.
1508667112 1 8325.03710938 0. 6.67923075535e-22 0.
1508667172 1 8320.55957031 0. 6.68308972921e-22 0.
1508667232 1 8306.65039062 0. 6.6793371542e-22 0.
1508667292 1 8294.43554688 0. 6.67698170036e-22 0.
1508667353 1 8280.49414062 0. 6.67321453284e-22 0.
1508667413 1 8269.078125 0. 6.67129368104e-22 0.
1508667473 1 8255.95703125 0. 6.66808240938e-22 0.
1508667533 1 8247.27832031 0. 6.66858181929e-22 0.
1508667593 1 8237.06347656 0. 6.66771633969e-22 0.
1508667653 1 8225.94042969 0. 6.66646157685e-22 0.
1508667713 1 8216.85546875 0. 6.66659831998e-22 0.
1508667773 1 8204.89160156 0. 6.664255441e-22 0.
1508667833 1 8192.64355469 0. 6.66175848819e-22 0.
1508667894 1 8178.27441406 0. 6.65716198464e-22 0.
1508667954 1 8171.71289062 0. 6.65927543542e-22 0.
1508668014 1 8159.44970703 0. 6.65656980329e-22 0.
1508668074 1 8150.29589844 0. 6.65650352581e-22 0.
1508668134 1 8137.40478516 0. 6.65323742579e-22 0.
1508668194 1 8124.68066406 0. 6.65035371361e-22 0.
1508668254 1 8115.58447266 0. 6.65024367625e-22 0.
1508668314 1 8105.76416016 0. 6.64933686698e-22 0.
1508668374 1 8098.23291016 0. 6.65041999163e-22 0.
1508668435 1 8086.81640625 0. 6.64855353079e-22 0.
1508668495 1 8077.7109375 0. 6.64851694158e-22 0.
1508668555 1 8061.84912109 0. 6.64274445911e-22 0.
1508668615 1 8057.67480469 0. 6.64674878256e-22 0.
1508668675 1 8044.55957031 0. 6.64344048015e-22 0.
1508668735 1 8033.5546875 0. 6.64155948976e-22 0.
1508668795 1 8022.34423828 0. 6.63906735779e-22 0.
1508668855 1 8012.09228516 0. 6.63796387379e-22 0.
1508668915 1 8002.52783203 0. 6.63733589868e-22 0.
1508668976 1 7986.33935547 0. 6.63107326197e-22 0.
1508669036 1 7981.81201172 0. 6.6346122319e-22 0.
1508669096 1 7973.06542969 0. 6.63461587469e-22 0.
1508669156 1 7959.40722656 0. 6.63050530951e-22 0.
1508669191 1 7953.94775391 0. 6.62974622084e-22 0.
1508669201 1 7953.8359375 0. 6.63142740645e-22 0.
1508669237 1 7946.05322266 0. 6.62898483695e-22 0.
1508669297 1 7936.95507812 0. 6.6285592871e-22 0.
1508669334 1 7927.68359375 0. 6.62511741771e-22 0.
1508669371 1 7922.59521484 0. 6.62546644495e-22 0.
1508669431 1 7914.60644531 0. 6.62627481421e-22 0.
1508669492 1 7904.98974609 0. 6.62530798664e-22 0.
1508669552 1 7892.65673828 0. 6.6218719762e-22 0.
1508669612 1 7883.25292969 0. 6.62110448952e-22 0.
1508669672 1 7871.34716797 0. 6.61848964943e-22 0.
1508669732 1 7859.47998047 0. 6.61544610956e-22 0.
1508669792 1 7847.56005859 0. 6.61250242488e-22 0.
1508669852 1 7838.86279297 0. 6.61217940035e-22 0.
1508669912 1 7830.48632812 0. 6.61194392624e-22 0.
1508669964 1 7265.24658203 0. 6.14303158433e-22 0.
1508670016 1 0.140713274479 0. 2.47647632254e-22 0.
1508670076 1 0.123916178942 0. 0.0 0.
1508670124 1 0.11756696552 0. 0.0 0.
1508670152 1 0.21531111002 0. 0.0 0.
1508670181 1 0.21105889976 0. 0.0 0.
1508670229 1 0.206048220396 0. 0.0 0.
