1508696166 1 15346.5927734 0. 5.65170609908e-22 0.
1508696226 1 14931.8535156 0. 5.50861702659e-22 0.
1508696286 1 15198.1582031 0. 5.61640452731e-22 0.
1508696328 1 15303.9912109 0. 5.66137759967e-22 0.
1508696363 1 15288.1025391 0. 5.6610114137e-22 0.
1508696417 1 15352.203125 0. 5.69257419654e-22 0.
1508696464 1 15379.359375 0. 5.7095792887e-22 0.
1508696489 1 15363.7324219 0. 5.70729331179e-22 0.
1508696502 1 15383.09375 0. 5.71643022151e-22 0.
1508696538 1 15210.9179688 0. 5.6574565222e-22 0.
1508696598 1 14846.3496094 0. 5.53031321745e-22 0.
1508696658 1 14908.5097656 0. 5.56163594154e-22 0.
1508696718 1 14966.1992188 0. 5.59104532652e-22 0.
1508696778 1 14957.7841797 0. 5.59592021228e-22 0.
1508696813 1 14950.1708984 0. 5.59763540325e-22 0.
1508696834 1 14962.96875 0. 5.60543942797e-22 0.
1508696859 1 14982.4082031 0. 5.61604235172e-22 0.
1508696899 1 15002.3056641 0. 5.62925060159e-22 0.
1508696945 1 15004.796875 0. 5.6363508035e-22 0.
1508696991 1 15045.1279297 0. 5.65768276434e-22 0.
1508697052 1 15015.3154297 0. 5.65490069325e-22 0.
1508697112 1 15062.46875 0. 5.68072450455e-22 0.
1508697147 1 15083.9365234 0. 5.69348799773e-22 0.
1508697182 1 15039.6826172 0. 5.6818554955e-22 0.
1508697242 1 15063.6347656 0. 5.69904160929e-22 0.
1508697302 1 15035.3476562 0. 5.69634533433e-22 0.
1508697362 1 15022.2001953 0. 5.69945041603e-22 0.
1508697398 1 14975.3701172 0. 5.68586757822e-22 0.
1508697416 1 15007.9101562 0. 5.70118123426e-22 0.
1508697460 1 15043.1689453 0. 5.72031753439e-22 0.
1508697520 1 15089.3457031 0. 5.74583520273e-22 0.
1508697580 1 15058.7998047 0. 5.7423858331e-22 0.
1508697640 1 15025.3076172 0. 5.73778349875e-22 0.
1508697700 1 15018.7568359 0. 5.74324922755e-22 0.
1508697760 1 15056.1298828 0. 5.76546934234e-22 0.
1508697821 1 15036.5732422 0. 5.76578195469e-22 0.
1508697881 1 15043.1191406 0. 5.77652952519e-22 0.
1508697941 1 15053.5224609 0. 5.78864568124e-22 0.
1508697990 1 15035.5771484 0. 5.78839232089e-22 0.
1508698040 1 15040.7958984 0. 5.79721497531e-22 0.
1508698100 1 15033.4287109 0. 5.80253530815e-22 0.
1508698160 1 14942.8925781 0. 5.77568054133e-22 0.
1508698208 1 15191.7890625 0. 5.87853523736e-22 0.
1508698255 1 15066.0507812 0. 5.83626343934e-22 0.
1508698315 1 15008.5175781 0. 5.82204242114e-22 0.
1508698375 1 15160.4697266 0. 5.88916214686e-22 0.
1508698435 1 15069.9912109 0. 5.86202784909e-22 0.
1508698496 1 15125.5800781 0. 5.89205813946e-22 0.
1508698552 1 15162.5820312 0. 5.91443769961e-22 0.
1508698595 1 15188.1435547 0. 5.9301283344e-22 0.
1508698641 1 15196.6240234 0. 5.93976382893e-22 0.
1508698701 1 15257.1708984 0. 5.97171501504e-22 0.
1508698761 1 15301.4160156 0. 5.99759561932e-22 0.
1508698821 1 15265.6220703 0. 5.99192248446e-22 0.
1508698869 1 15269.40625 0. 6.00002848099e-22 0.
1508698894 1 15327.9716797 0. 6.02642347136e-22 0.
1508698909 1 15338.9970703 0. 6.03258398049e-22 0.
1508698924 1 15355.7431641 0. 6.04126445609e-22 0.
1508698938 1 15375.2236328 0. 6.05098277918e-22 0.
1508698974 1 15380.3652344 0. 6.05854047647e-22 0.
1508699021 1 15383.1640625 0. 6.06619075156e-22 0.
1508699044 1 15408.7822266 0. 6.07938791508e-22 0.
1508699056 1 15390.8037109 0. 6.07403410111e-22 0.
1508699092 1 15234.46875 0. 6.01763233022e-22 0.
1508699128 1 14917.1181641 0. 5.89670034263e-22 0.
1508699138 1 14954.1298828 0. 5.9129942608e-22 0.
1508699173 1 14940.5263672 0. 5.91272726029e-22 0.
1508699228 1 14943.0146484 0. 5.92095589793e-22 0.
1508699283 1 14995.7050781 0. 5.94936136473e-22 0.
1508699343 1 15007.5986328 0. 5.96214155529e-22 0.
1508699403 1 15007.6191406 0. 5.97034887941e-22 0.
1508699438 1 14914.2236328 0. 5.93805898482e-22 0.
1508699463 1 14967.9589844 0. 5.96274211555e-22 0.
1508699514 1 14964.9042969 0. 5.96834072868e-22 0.
1508699574 1 14961.1318359 0. 5.97497596645e-22 0.
1508699634 1 14977.0791016 0. 5.98963644292e-22 0.
1508699694 1 14993.6103516 0. 6.00432786212e-22 0.
1508699754 1 15013.2080078 0. 6.02037990229e-22 0.
1508699814 1 14999.0761719 0. 6.02288612629e-22 0.
1508699874 1 14980.1171875 0. 6.02356844869e-22 0.
1508699935 1 14947.6025391 0. 6.01856361809e-22 0.
1508699979 1 14945.8398438 0. 6.02386844118e-22 0.
1508700024 1 14966.8330078 0. 6.03857273902e-22 0.
1508700085 1 14964.6445312 0. 6.04607818059e-22 0.
1508700145 1 14971.765625 0. 6.05728550469e-22 0.
1508700182 1 14969.1328125 0. 6.06092856413e-22 0.
1508700220 1 14972.7041016 0. 6.06793448002e-22 0.
1508700280 1 14936.8945312 0. 6.06167587223e-22 0.
1508700340 1 14922.8769531 0. 6.06434706888e-22 0.
1508700400 1 14958.2578125 0. 6.08692027847e-22 0.
1508700460 1 15009.9433594 0. 6.11648426288e-22 0.
1508700520 1 14966.8955078 0. 6.10719225428e-22 0.
1508700580 1 14980.3173828 0. 6.12116529685e-22 0.
1508700641 1 14973.9462891 0. 6.12682987063e-22 0.
1508700701 1 14892.6582031 0. 6.10180092772e-22 0.
1508700761 1 14903.4169922 0. 6.11446845369e-22 0.
1508700821 1 14864.3105469 0. 6.10656185574e-22 0.
1508700856 1 14860.6025391 0. 6.10962383836e-22 0.
1508700891 1 14875.8603516 0. 6.12129734069e-22 0.
1508700951 1 14889.0390625 0. 6.13493772648e-22 0.
1508701011 1 14888.0712891 0. 6.14287205627e-22 0.
1508701072 1 14912.0205078 0. 6.16128681306e-22 0.
1508701132 1 14877.9960938 0. 6.15562730863e-22 0.
1508701192 1 14941.8017578 0. 6.19034359153e-22 0.
1508701252 1 14919.7792969 0. 6.18962092564e-22 0.
1508701291 1 14889.8232422 0. 6.18212149863e-22 0.
1508701329 1 14898.8154297 0. 6.19161213514e-22 0.
1508701389 1 14872.3701172 0. 6.18937254158e-22 0.
1508701449 1 14902.0410156 0. 6.21023877846e-22 0.
1508701509 1 14904.0859375 0. 6.21958191479e-22 0.
1508701570 1 14870.5517578 0. 6.21401002696e-22 0.
1508701627 1 14895.6015625 0. 6.23232917881e-22 0.
1508701685 1 14800.0166016 0. 6.20039795264e-22 0.
1508701745 1 14943.390625 0. 6.26876954996e-22 0.
1508701805 1 15162.7666016 0. 6.36943761737e-22 0.
1508701865 1 15132.2636719 0. 6.36534473818e-22 0.
1508701925 1 15091.296875 0. 6.35677190016e-22 0.
1508701985 1 15053.5703125 0. 6.34937942194e-22 0.
1508702022 1 15021.8476562 0. 6.34115226297e-22 0.
1508702058 1 14992.9638672 0. 6.33418197048e-22 0.
1508702093 1 14963.9580078 0. 6.32668004534e-22 0.
1508702128 1 15007.2070312 0. 6.35045805216e-22 0.
1508702188 1 14956.6582031 0. 6.3378048889e-22 0.
1508702249 1 14976.3232422 0. 6.35484134294e-22 0.
1508702309 1 14983.4199219 0. 6.366724675e-22 0.
1508702369 1 15012.4482422 0. 6.38777607009e-22 0.
1508702429 1 14936.1855469 0. 6.3640282887e-22 0.
1508702489 1 14878.8945312 0. 6.34830547915e-22 0.
1508702549 1 14836.8730469 0. 6.3388229898e-22 0.
1508702609 1 14820.1123047 0. 6.34058566415e-22 0.
1508702669 1 14807.2666016 0. 6.34355256869e-22 0.
1508702715 1 14845.5585938 0. 6.36629899399e-22 0.
1508702739 1 15108.6816406 0. 6.48223396845e-22 0.
1508702768 1 15066.1152344 0. 6.46855309816e-22 0.
1508702819 1 15022.8046875 0. 6.45739016809e-22 0.
1508702879 1 14987.0048828 0. 6.45077148921e-22 0.
1508702939 1 14978.3271484 0. 6.45574130638e-22 0.
1508702999 1 14952.8398438 0. 6.45356202285e-22 0.
1508703059 1 14908.5390625 0. 6.44349594391e-22 0.
1508703119 1 14888.4824219 0. 6.44372654844e-22 0.
1508703180 1 14852.2373047 0. 6.43695589161e-22 0.
1508703240 1 14818.3095703 0. 6.43087310245e-22 0.
1508703300 1 14793.5869141 0. 6.4290705605e-22 0.
1508703360 1 15030.7431641 0. 6.54071251567e-22 0.
1508703420 1 14976.5332031 0. 6.52636056541e-22 0.
1508703480 1 14920.9863281 0. 6.5114028834e-22 0.
1508703540 1 14891.3339844 0. 6.50717882068e-22 0.
1508703600 1 14866.2373047 0. 6.50495787953e-22 0.
1508703660 1 14787.0302734 0. 6.4790976528e-22 0.
1508703721 1 14812.3203125 0. 6.49888759971e-22 0.
1508703774 1 14797.3710938 0. 6.50031544435e-22 0.
1508703808 1 14777.1240234 0. 6.49632645494e-22 0.
1508703849 1 14962.8037109 0. 6.58422689883e-22 0.
1508703909 1 14958.3955078 0. 6.59110449819e-22 0.
1508703969 1 14978.3076172 0. 6.60891852714e-22 0.
1508704029 1 14969.6425781 0. 6.61408855811e-22 0.
1508704067 1 14960.4658203 0. 6.61569929613e-22 0.
1508704105 1 14909.8574219 0. 6.59915941555e-22 0.
1508704166 1 14918.3154297 0. 6.61207202468e-22 0.
1508704226 1 14882.7841797 0. 6.60551040195e-22 0.
1508704286 1 14867.0839844 0. 6.607689939e-22 0.
1508704346 1 14851.2763672 0. 6.60970705885e-22 0.
1508704406 1 14866.1142578 0. 6.62517148523e-22 0.
1508704466 1 14821.5859375 0. 6.61443318477e-22 0.
1508704526 1 14803.890625 0. 6.61569528016e-22 0.
1508704567 1 14798.8515625 0. 6.61938771388e-22 0.
1508704608 1 14780.9472656 0. 6.61770998151e-22 0.
1508704668 1 14949.0625 0. 6.70199123026e-22 0.
1508704722 1 14987.5117188 0. 6.72774526322e-22 0.
1508704755 1 14947.1806641 0. 6.71485877811e-22 0.
1508704776 1 14956.9785156 0. 6.72250076707e-22 0.
1508704792 1 14947.4658203 0. 6.7201436489e-22 0.
1508704827 1 14933.5908203 0. 6.71979198786e-22 0.
1508704887 1 14930.3974609 0. 6.72759292768e-22 0.
1508704947 1 14890.6552734 0. 6.71904185577e-22 0.
1508705007 1 14848.9023438 0. 6.7094873336e-22 0.
1508705067 1 14867.2333984 0. 6.7269638767e-22 0.
1508705127 1 14836.3505859 0. 6.72241031869e-22 0.
1508705187 1 14803.6757812 0. 6.71647071098e-22 0.
1508705247 1 14803.0371094 0. 6.72551779088e-22 0.
1508705308 1 14779.1464844 0. 6.72409945987e-22 0.
1508705368 1 14880.5927734 0. 6.77909982984e-22 0.
1508705428 1 14913.2978516 0. 6.80334452722e-22 0.
1508705488 1 14864.3554688 0. 6.79046436612e-22 0.
1508705548 1 14843.1660156 0. 6.79017287603e-22 0.
1508705608 1 14830.0791016 0. 6.793188086e-22 0.
1508705668 1 14807.1064453 0. 6.79218336561e-22 0.
1508705728 1 14775.5810547 0. 6.78696550236e-22 0.
1508705788 1 14885.2861328 0. 6.84686790146e-22 0.
1508705849 1 14879.5986328 0. 6.85361880474e-22 0.
1508705896 1 14879.1552734 0. 6.8609141199e-22 0.
1508705943 1 14845.4990234 0. 6.85293725891e-22 0.
1508706003 1 14817.7695312 0. 6.84975805307e-22 0.
1508706063 1 14781.2089844 0. 6.84213969483e-22 0.
1508706123 1 14847.6875 0. 6.8822644279e-22 0.
1508706183 1 14826.8476562 0. 6.88199620698e-22 0.
1508706243 1 14801.7822266 0. 6.87976241106e-22 0.
1508706303 1 14779.8525391 0. 6.87923967759e-22 0.
1508706364 1 14830.0380859 0. 6.91158397154e-22 0.
1508706424 1 14796.171875 0. 6.90521016772e-22 0.
1508706484 1 14794.8076172 0. 6.91425290367e-22 0.
1508706544 1 14791.2607422 0. 6.92159463479e-22 0.
1508706600 1 14768.6689453 0. 6.92021686303e-22 0.
1508706635 1 14755.1386719 0. 6.91912810179e-22 0.
1508706664 1 14742.5273438 0. 6.91830929121e-22 0.
1508706696 1 14731.5878906 0. 6.91794311271e-22 0.
1508706719 1 14718.3125 0. 6.9152804883e-22 0.
1508706753 1 14702.3798828 0. 6.91309715359e-22 0.
1508706796 1 14681.5419922 0. 6.91020406287e-22 0.
1508706840 1 14658.3730469 0. 6.90608040377e-22 0.
1508706879 1 14637.1083984 0. 6.90201495912e-22 0.
1508706909 1 14627.5205078 0. 6.90190589626e-22 0.
1508706947 1 14607.0380859 0. 6.89853615509e-22 0.
1508706991 1 14583.6123047 0. 6.89425918655e-22 0.
1508707029 1 14563.7001953 0. 6.89053761493e-22 0.
1508707067 1 14532.8339844 0. 6.881947917e-22 0.
1508707106 1 14193.2324219 0. 6.72713893071e-22 0.
1508707158 1 13837.7539062 0. 6.56650948858e-22 0.
1508707197 1 13541.9326172 0. 6.43036941532e-22 0.
1508707231 1 14465.9013672 0. 6.87493926412e-22 0.
1508707286 1 14437.4580078 0. 6.86845330554e-22 0.
1508707322 1 14416.0087891 0. 6.86240442254e-22 0.
1508707357 1 14430.0253906 0. 6.87452492309e-22 0.
1508707392 1 14429.4990234 0. 6.87773833363e-22 0.
1508707418 1 14432.5585938 0. 6.88263301875e-22 0.
1508707469 1 14390.3291016 0. 6.86821585573e-22 0.
1508707529 1 14360.5742188 0. 6.86162908594e-22 0.
1508707567 1 14313.2128906 0. 6.8428046542e-22 0.
1508707583 1 14304.6533203 0. 6.84102211761e-22 0.
1508707621 1 14289.0322266 0. 6.83972343933e-22 0.
1508707681 1 14260.2919922 0. 6.83510682071e-22 0.
1508707741 1 14600.046875 0. 7.00772849657e-22 0.
1508707790 1 14665.4003906 0. 7.04724435273e-22 0.
1508707839 1 14837.6855469 0. 7.13878169019e-22 0.
1508707900 1 13782.1738281 0. 6.64277811548e-22 0.
1508707958 1 13433.0966797 0. 6.48366856242e-22 0.
1508708016 1 15268.6308594 0. 7.38136348231e-22 0.
1508708076 1 15237.3339844 0. 7.37832849192e-22 0.
1508708136 1 15210.2363281 0. 7.37736386769e-22 0.
1508708196 1 15175.1835938 0. 7.37159469634e-22 0.
1508708256 1 15139.7705078 0. 7.36541906208e-22 0.
1508708296 1 15122.4492188 0. 7.36401915158e-22 0.
1508708336 1 15099.2744141 0. 7.36000460536e-22 0.
1508708372 1 15080.9902344 0. 7.35742307402e-22 0.
1508708409 1 15064.8710938 0. 7.35662728565e-22 0.
1508708457 1 15042.7910156 0. 7.3547279016e-22 0.
1508708505 1 15024.5039062 0. 7.3546681077e-22 0.
1508708565 1 14989.8105469 0. 7.34897088914e-22 0.
1508708625 1 14959.1123047 0. 7.34474166309e-22 0.
1508708685 1 14930.6171875 0. 7.34159971862e-22 0.
1508708745 1 14905.3378906 0. 7.34025342845e-22 0.
1508708780 1 14886.8066406 0. 7.33735333732e-22 0.
1508708815 1 14870.6904297 0. 7.33630454216e-22 0.
1508708851 1 14856.03125 0. 7.33486141654e-22 0.
1508708861 1 14849.0595703 0. 7.33358422783e-22 0.
1508708880 1 14833.0517578 0. 7.32930800689e-22 0.
1508708907 1 14827.0957031 0. 7.33093187423e-22 0.
1508708949 1 14810.0478516 0. 7.32999311806e-22 0.
1508708984 1 14796.9462891 0. 7.32941174503e-22 0.
1508709019 1 14775.4814453 0. 7.3255911056e-22 0.
1508709060 1 14752.9023438 0. 7.32150933758e-22 0.
1508709101 1 14733.3154297 0. 7.31931964197e-22 0.
1508709161 1 14704.3144531 0. 7.31551952843e-22 0.
1508709221 1 14678.5986328 0. 7.31353290957e-22 0.
1508709281 1 14647.4746094 0. 7.3083847663e-22 0.
1508709340 1 14615.7724609 0. 7.3029998082e-22 0.
1508709393 1 14596.7119141 0. 7.30289897253e-22 0.
1508709428 1 14582.5742188 0. 7.3020510228e-22 0.
1508709471 1 14560.3544922 0. 7.2987103984e-22 0.
1508709531 1 14525.6894531 0. 7.29143088339e-22 0.
1508709591 1 14502.8671875 0. 7.29060924775e-22 0.
1508709651 1 14480.7255859 0. 7.29035577847e-22 0.
1508709711 1 14449.0947266 0. 7.28507103209e-22 0.
1508709771 1 14423.9931641 0. 7.28267550819e-22 0.
1508709832 1 14401.5996094 0. 7.28199935531e-22 0.
1508709892 1 14373.1582031 0. 7.27796428407e-22 0.
1508709940 1 14353.1572266 0. 7.2759215021e-22 0.
1508709988 1 14328.3515625 0. 7.27180344962e-22 0.
1508710048 1 14305.3671875 0. 7.27078098219e-22 0.
1508710108 1 14277.6484375 0. 7.2669947513e-22 0.
1508710144 1 14261.8125 0. 7.26468556438e-22 0.
1508710179 1 14249.6484375 0. 7.26491433191e-22 0.
1508710221 1 14233.0888672 0. 7.26349144837e-22 0.
1508710262 1 14212.6757812 0. 7.26016611906e-22 0.
1508710298 1 14197.6152344 0. 7.25835284261e-22 0.
1508710333 1 14178.0009766 0. 7.25478578023e-22 0.
1508710393 1 14150.7460938 0. 7.2513901288e-22 0.
1508710453 1 14125.7861328 0. 7.24845390344e-22 0.
1508710513 1 14098.53125 0. 7.24492209812e-22 0.
1508710573 1 14075.4013672 0. 7.24329395242e-22 0.
1508710633 1 14050.8125 0. 7.24128473507e-22 0.
1508710693 1 14030.0957031 0. 7.24023561466e-22 0.
1508710754 1 14005.7744141 0. 7.23823157919e-22 0.
1508710814 1 13978.0820312 0. 7.23448919433e-22 0.
1508710869 1 13956.0400391 0. 7.23226676108e-22 0.
1508710925 1 13936.9082031 0. 7.23194130764e-22 0.
1508710979 1 13911.3857422 0. 7.22730954555e-22 0.
1508711033 1 13880.4033203 0. 7.22040215359e-22 0.
1508711069 1 13863.7792969 0. 7.21742583589e-22 0.
1508711089 1 13853.4863281 0. 7.21566750551e-22 0.
1508711134 1 13832.4785156 0. 7.21230641156e-22 0.
1508711194 1 13803.2548828 0. 7.2074285292e-22 0.
1508711236 1 13788.6943359 0. 7.20677562108e-22 0.
1508711277 1 13767.2060547 0. 7.20286919338e-22 0.
1508711337 1 13738.7714844 0. 7.19799600542e-22 0.
1508711397 1 13711.5693359 0. 7.19404871076e-22 0.
1508711457 1 13682.6533203 0. 7.18896702655e-22 0.
1508711516 1 13647.0273438 0. 7.18013121112e-22 0.
1508711576 1 13616.1943359 0. 7.17398472111e-22 0.
1508711636 1 13577.5664062 0. 7.16395022829e-22 0.
1508711696 1 13561.3115234 0. 7.16564051994e-22 0.
1508711756 1 13539.2089844 0. 7.16394398676e-22 0.
1508711816 1 13512.1396484 0. 7.15961402777e-22 0.
1508711877 1 13481.8183594 0. 7.1534894805e-22 0.
1508711912 1 13466.9248047 0. 7.15129836973e-22 0.
1508711931 1 13455.9208984 0. 7.1489960917e-22 0.
1508711975 1 13440.796875 0. 7.14855549423e-22 0.
1508712036 1 13420.1064453 0. 7.14729123824e-22 0.
1508712096 1 13398.0117188 0. 7.14580562427e-22 0.
1508712156 1 13373.5498047 0. 7.14283870946e-22 0.
1508712216 1 13351.0019531 0. 7.14072909844e-22 0.
1508712272 1 12971.7392578 0. 6.94643025099e-22 0.
1508712329 1 12587.8876953 0. 6.74946234732e-22 0.
1508712389 1 13277.1542969 0. 7.12863660163e-22 0.
1508712449 1 13275.3662109 0. 7.13755445252e-22 0.
1508712509 1 13255.7724609 0. 7.13659511767e-22 0.
1508712569 1 13231.8457031 0. 7.13378658057e-22 0.
1508712629 1 13209.0820312 0. 7.13135538873e-22 0.
1508712689 1 13187.2382812 0. 7.12937515896e-22 0.
1508712749 1 13166.6152344 0. 7.12802196647e-22 0.
1508712810 1 13145.2167969 0. 7.12602561695e-22 0.
1508712870 1 13116.203125 0. 7.11974278695e-22 0.
1508712930 1 13101.8291016 0. 7.12147989415e-22 0.
1508712984 1 13071.0488281 0. 7.11325433557e-22 0.
1508713038 1 13055.3632812 0. 7.11325536057e-22 0.
1508713099 1 13036.1220703 0. 7.1124875461e-22 0.
1508713159 1 13016.2519531 0. 7.11096297431e-22 0.
1508713219 1 12985.4736328 0. 7.10385211502e-22 0.
1508713279 1 12965.8916016 0. 7.10265320476e-22 0.
1508713339 1 12940.0351562 0. 7.09811806328e-22 0.
1508713399 1 12919.1708984 0. 7.09611610168e-22 0.
1508713459 1 12893.6152344 0. 7.09143338725e-22 0.
1508713519 1 12873.1669922 0. 7.08977821672e-22 0.
1508713580 1 12851.3769531 0. 7.0878162402e-22 0.
1508713640 1 12831.3740234 0. 7.08642682635e-22 0.
1508713700 1 12804.4101562 0. 7.08068306922e-22 0.
1508713740 1 12792.6337891 0. 7.08013482098e-22 0.
1508713780 1 12775.3037109 0. 7.07724189729e-22 0.
1508713840 1 12753.2714844 0. 7.07451054053e-22 0.
1508713900 1 12726.8251953 0. 7.06908910292e-22 0.
1508713960 1 12704.4091797 0. 7.06623516221e-22 0.
1508714020 1 12682.3652344 0. 7.06323495582e-22 0.
1508714080 1 12654.5732422 0. 7.05696085878e-22 0.
1508714140 1 12631.0742188 0. 7.05311422933e-22 0.
1508714198 1 12607.5654297 0. 7.04885211825e-22 0.
1508714241 1 12595.5400391 0. 7.0485161457e-22 0.
1508714287 1 12571.0117188 0. 7.04232861664e-22 0.
1508714347 1 12559.5996094 0. 7.04538591932e-22 0.
1508714407 1 12538.5820312 0. 7.04284290479e-22 0.
1508714467 1 12510.8925781 0. 7.03667364798e-22 0.
1508714519 1 12494.7265625 0. 7.03577871553e-22 0.
1508714546 1 12487.6679688 0. 7.03592530531e-22 0.
1508714569 1 12468.2197266 0. 7.02874816914e-22 0.
1508714618 1 12469.1904297 0. 7.03661421132e-22 0.
1508714678 1 12449.2714844 0. 7.03459991092e-22 0.
1508714738 1 12431.2236328 0. 7.03346831488e-22 0.
1508714798 1 12403.8867188 0. 7.02714024143e-22 0.
1508714858 1 12389.9238281 0. 7.02877222911e-22 0.
1508714918 1 12372.171875 0. 7.02814072396e-22 0.
1508714979 1 12351.2626953 0. 7.02553641916e-22 0.
1508715039 1 12333.3779297 0. 7.02444242222e-22 0.
1508715099 1 12311.5361328 0. 7.02148869794e-22 0.
1508715140 1 12278.6923828 0. 7.00869875449e-22 0.
1508715181 1 12281.0654297 0. 7.01655523214e-22 0.
1508715241 1 12255.1845703 0. 7.01072053522e-22 0.
1508715301 1 12238.5742188 0. 7.0106860526e-22 0.
1508715362 1 12209.2724609 0. 7.00304987319e-22 0.
1508715422 1 12195.8974609 0. 7.00462778178e-22 0.
1508715482 1 12169.8818359 0. 6.99923010932e-22 0.
1508715542 1 12146.6035156 0. 6.99501319741e-22 0.
1508715597 1 12125.2666016 0. 6.99147958664e-22 0.
1508715652 1 12104.3886719 0. 6.98752614786e-22 0.
1508715712 1 12085.8886719 0. 6.98628939644e-22 0.
1508715772 1 12067.0888672 0. 6.98481217059e-22 0.
1508715832 1 12044.7851562 0. 6.98079634558e-22 0.
1508715892 1 12028.2714844 0. 6.98051415682e-22 0.
1508715952 1 12010.828125 0. 6.97951395019e-22 0.
1508716013 1 11989.8681641 0. 6.97643523786e-22 0.
1508716073 1 11968.0986328 0. 6.97276025318e-22 0.
1508716133 1 11944.6816406 0. 6.96803106165e-22 0.
1508716193 1 11927.4628906 0. 6.96711481136e-22 0.
1508716238 1 11917.421875 0. 6.96814893122e-22 0.
1508716276 1 11902.4394531 0. 6.96509143733e-22 0.
1508716329 1 11886.2138672 0. 6.96372185922e-22 0.
1508716389 1 11869.0927734 0. 6.96259151459e-22 0.
1508716449 1 11848.609375 0. 6.95980512604e-22 0.
1508716509 1 11829.5585938 0. 6.95767552381e-22 0.
1508716569 1 11809.2470703 0. 6.95441465398e-22 0.
1508716629 1 11789.2226562 0. 6.95139243097e-22 0.
1508716690 1 11775.8427734 0. 6.9525615435e-22 0.
1508716750 1 11755.4423828 0. 6.94936277237e-22 0.
1508716806 1 11737.640625 0. 6.94714356146e-22 0.
1508716839 1 11728.9990234 0. 6.94693125411e-22 0.
1508716856 1 11726.0888672 0. 6.94755046067e-22 0.
1508716896 1 11703.859375 0. 6.94027491029e-22 0.
1508716957 1 11681.8310547 0. 6.93591327472e-22 0.
1508717017 1 11652.2294922 0. 6.9271229574e-22 0.
1508717077 1 11635.8085938 0. 6.92595596004e-22 0.
1508717137 1 11617.6171875 0. 6.92394893608e-22 0.
1508717197 1 11602.2138672 0. 6.92354341108e-22 0.
1508717257 1 11579.4765625 0. 6.91868397345e-22 0.
1508717294 1 11562.7412109 0. 6.91336848665e-22 0.
1508717331 1 11556.2011719 0. 6.91524345352e-22 0.
1508717391 1 11534.1650391 0. 6.91079260505e-22 0.
1508717451 1 11513.4902344 0. 6.90690420753e-22 0.
1508717512 1 11490.5791016 0. 6.90166215153e-22 0.
1508717572 1 11474.0029297 0. 6.90050229281e-22 0.
1508717632 1 11454.4355469 0. 6.8973209789e-22 0.
1508717692 1 11437.7802734 0. 6.89582648862e-22 0.
1508717752 1 11420.6425781 0. 6.89410785886e-22 0.
1508717792 1 11403.71875 0. 6.88966132489e-22 0.
1508717832 1 11394.1591797 0. 6.8895308288e-22 0.
1508717892 1 11371.7871094 0. 6.88475557952e-22 0.
1508717953 1 11350.1835938 0. 6.88028247704e-22 0.
1508718010 1 11330.140625 0. 6.87645266946e-22 0.
1508718054 1 11314.9960938 0. 6.87323586756e-22 0.
1508718100 1 11301.6591797 0. 6.87193630869e-22 0.
1508718160 1 11283.2236328 0. 6.86932095695e-22 0.
1508718205 1 11261.796875 0. 6.86246285804e-22 0.
1508718250 1 11252.9501953 0. 6.86356930685e-22 0.
1508718310 1 11230.9033203 0. 6.85857333089e-22 0.
1508718370 1 11209.6943359 0. 6.8541661748e-22 0.
1508718430 1 11194.0136719 0. 6.85276928709e-22 0.
1508718490 1 11178.1826172 0. 6.85139090486e-22 0.
1508718550 1 11162.1005859 0. 6.84994079512e-22 0.
1508718610 1 11081.3681641 0. 6.80889479093e-22 0.
1508718671 1 10707.8789062 0. 6.58766967884e-22 0.
1508718731 1 10782.0263672 0. 6.64028868617e-22 0.
1508718791 1 11153.8320312 0. 6.87804802154e-22 0.
1508718851 1 11134.2880859 0. 6.8751222756e-22 0.
1508718911 1 11110.1572266 0. 6.86897099667e-22 0.
1508718971 1 11091.4941406 0. 6.86556833831e-22 0.
1508719031 1 11072.1933594 0. 6.86184576189e-22 0.
1508719091 1 11050.4257812 0. 6.85698492652e-22 0.
1508719151 1 11027.1425781 0. 6.85133912142e-22 0.
1508719212 1 11006.5546875 0. 6.8471674292e-22 0.
1508719272 1 10985.4951172 0. 6.84228497483e-22 0.
1508719332 1 10963.0302734 0. 6.83678157486e-22 0.
1508719392 1 10941.546875 0. 6.83172034996e-22 0.
1508719452 1 10923.6396484 0. 6.82905106974e-22 0.
1508719509 1 10905.7382812 0. 6.82562051854e-22 0.
1508719554 1 10891.1074219 0. 6.82283007514e-22 0.
1508719601 1 10878.1025391 0. 6.82122639474e-22 0.
1508719662 1 10855.9628906 0. 6.81602114991e-22 0.
1508719722 1 10832.7529297 0. 6.80976093024e-22 0.
1508719782 1 10817.6572266 0. 6.80874063358e-22 0.
1508719842 1 10796.1298828 0. 6.80368792338e-22 0.
1508719902 1 10783.8808594 0. 6.8038612029e-22 0.
1508719962 1 10770.7734375 0. 6.80354295962e-22 0.
1508720022 1 10751.2958984 0. 6.79972290647e-22 0.
1508720083 1 10739.9541016 0. 6.8007264234e-22 0.
1508720143 1 10724.0 0. 6.79865763343e-22 0.
1508720203 1 10711.0410156 0. 6.79865987044e-22 0.
1508720263 1 10694.5341797 0. 6.79645717858e-22 0.
1508720323 1 10674.4960938 0. 6.79177308492e-22 0.
1508720383 1 10655.7851562 0. 6.78801184825e-22 0.
1508720443 1 10640.6298828 0. 6.78663571996e-22 0.
1508720503 1 10637.8261719 0. 6.79286060294e-22 0.
1508720563 1 10625.1318359 0. 6.79272496914e-22 0.
1508720606 1 10612.7792969 0. 6.79054851253e-22 0.
1508720649 1 10603.3291016 0. 6.79022170026e-22 0.
1508720709 1 10587.1796875 0. 6.78780176687e-22 0.
1508720769 1 10574.2832031 0. 6.78762095027e-22 0.
1508720829 1 10558.9472656 0. 6.78578624642e-22 0.
1508720890 1 10544.3320312 0. 6.7843294454e-22 0.
1508720925 1 10528.9033203 0. 6.77921334393e-22 0.
1508720960 1 10524.9248047 0. 6.78184154777e-22 0.
1508721020 1 10517.6132812 0. 6.78511602357e-22 0.
1508721080 1 10503.0478516 0. 6.783703776e-22 0.
1508721140 1 10484.9667969 0. 6.78016980858e-22 0.
1508721200 1 10471.7001953 0. 6.77970142684e-22 0.
1508721253 1 10464.2939453 0. 6.78148072736e-22 0.
1508721294 1 10455.3818359 0. 6.78120232324e-22 0.
1508721342 1 10445.7636719 0. 6.78153555814e-22 0.
1508721402 1 10429.4501953 0. 6.7790466157e-22 0.
1508721463 1 10415.1074219 0. 6.77766827092e-22 0.
1508721523 1 10400.5273438 0. 6.77646852829e-22 0.
1508721583 1 10385.0263672 0. 6.77428795184e-22 0.
1508721643 1 10371.578125 0. 6.77357978033e-22 0.
1508721703 1 10354.5673828 0. 6.77050198997e-22 0.
1508721763 1 10337.2548828 0. 6.76718765238e-22 0.
1508721823 1 10323.7587891 0. 6.76606089045e-22 0.
1508721884 1 10308.2060547 0. 6.76389857868e-22 0.
1508721944 1 10295.890625 0. 6.76372041772e-22 0.
1508722004 1 10278.875 0. 6.76052435737e-22 0.
1508722064 1 10263.5048828 0. 6.75839322291e-22 0.
1508722124 1 10250.2148438 0. 6.75745130177e-22 0.
1508722184 1 10237.3994141 0. 6.75706253193e-22 0.
1508722244 1 10212.7041016 0. 6.74846395787e-22 0.
1508722304 1 10198.2792969 0. 6.74684243567e-22 0.
1508722365 1 10191.1591797 0. 6.74985428805e-22 0.
1508722425 1 10173.6308594 0. 6.74628393511e-22 0.
1508722485 1 10162.8037109 0. 6.74715962201e-22 0.
1508722545 1 10149.6201172 0. 6.74649874393e-22 0.
1508722605 1 10345.7919922 0. 6.88528552769e-22 0.
1508722665 1 9986.18457031 0. 6.6543156138e-22 0.
1508722725 1 10123.8105469 0. 6.75406157811e-22 0.
1508722785 1 10418.1474609 0. 6.95988469727e-22 0.
1508722845 1 10420.9365234 0. 6.97078723142e-22 0.
1508722906 1 10403.1777344 0. 6.96767060061e-22 0.
1508722966 1 10382.7744141 0. 6.96292673515e-22 0.
1508723026 1 10366.1650391 0. 6.96078570858e-22 0.
1508723086 1 10343.8339844 0. 6.95495346097e-22 0.
1508723146 1 10320.7138672 0. 6.94863787269e-22 0.
1508723206 1 10299.203125 0. 6.94300954043e-22 0.
1508723266 1 10283.1044922 0. 6.94087857955e-22 0.
1508723326 1 10266.6855469 0. 6.93880360152e-22 0.
1508723386 1 10241.1748047 0. 6.93075020127e-22 0.
1508723447 1 10220.9941406 0. 6.92555597006e-22 0.
1508723507 1 10204.1230469 0. 6.92268176326e-22 0.
1508723544 1 10192.1621094 0. 6.92003600014e-22 0.
1508723582 1 10178.3398438 0. 6.91630599728e-22 0.
1508723642 1 10158.3271484 0. 6.91120741884e-22 0.
1508723703 1 10141.4667969 0. 6.90853041313e-22 0.
1508723763 1 10122.28125 0. 6.90407446046e-22 0.
1508723823 1 10108.4658203 0. 6.90290878327e-22 0.
1508723883 1 10094.0166016 0. 6.90167624306e-22 0.
1508723943 1 10079.9501953 0. 6.9006474393e-22 0.
1508724003 1 10070.3369141 0. 6.90286142372e-22 0.
1508724063 1 10052.5400391 0. 6.89925717146e-22 0.
1508724123 1 10032.1914062 0. 6.89379524347e-22 0.
1508724183 1 10011.4169922 0. 6.88839961639e-22 0.
1508724244 1 9990.99023438 0. 6.88295780945e-22 0.
1508724304 1 9978.44335938 0. 6.88219128892e-22 0.
1508724362 1 9963.96582031 0. 6.88064930581e-22 0.
1508724399 1 9960.04492188 0. 6.88261242873e-22 0.
1508724420 1 9951.78613281 0. 6.88027030751e-22 0.
1508724442 1 9946.92285156 0. 6.87991779542e-22 0.
1508724485 1 9933.33984375 0. 6.8763933931e-22 0.
1508724545 1 9917.81054688 0. 6.87384716671e-22 0.
1508724596 1 9907.63964844 0. 6.87372938831e-22 0.
1508724630 1 9898.22265625 0. 6.87237518623e-22 0.
1508724674 1 9891.45410156 0. 6.87353774537e-22 0.
1508724734 1 9879.63085938 0. 6.87376287148e-22 0.
1508724794 1 9863.82617188 0. 6.8711759349e-22 0.
1508724854 1 9854.31738281 0. 6.87267934864e-22 0.
1508724914 1 9837.27148438 0. 6.86898200414e-22 0.
1508724975 1 9822.98535156 0. 6.8672601381e-22 0.
1508725035 1 9806.21386719 0. 6.86387934274e-22 0.
1508725095 1 9791.43457031 0. 6.86198686585e-22 0.
1508725155 1 9778.52539062 0. 6.86090538483e-22 0.
1508725215 1 9767.41015625 0. 6.86157888302e-22 0.
1508725275 1 9754.17089844 0. 6.86035953995e-22 0.
1508725335 1 9742.54492188 0. 6.86061732869e-22 0.
1508725387 1 9729.86816406 0. 6.85897889629e-22 0.
1508725439 1 9719.38964844 0. 6.85857022292e-22 0.
1508725499 1 9704.70703125 0. 6.85640489645e-22 0.
1508725559 1 9691.96289062 0. 6.85549493451e-22 0.
1508725619 1 9674.65234375 0. 6.85145226407e-22 0.
1508725679 1 9666.73730469 0. 6.85377556008e-22 0.
1508725739 1 9651.29101562 0. 6.85117302405e-22 0.
1508725800 1 9639.34472656 0. 6.85087001494e-22 0.
1508725847 1 9628.94335938 0. 6.85011714904e-22 0.
1508725894 1 9617.29199219 0. 6.84928479939e-22 0.
1508725954 1 9603.40527344 0. 6.84795703711e-22 0.
1508726014 1 9586.55859375 0. 6.84404819955e-22 0.
1508726075 1 9570.50488281 0. 6.84053998266e-22 0.
1508726135 1 9559.00292969 0. 6.84034594827e-22 0.
1508726195 1 9546.68652344 0. 6.83963207731e-22 0.
1508726255 1 9529.75585938 0. 6.83542347819e-22 0.
1508726315 1 9514.40429688 0. 6.83255928767e-22 0.
1508726375 1 9502.84863281 0. 6.83227330905e-22 0.
1508726435 1 9492.78320312 0. 6.83314327981e-22 0.
1508726495 1 9478.80957031 0. 6.83089344817e-22 0.
1508726555 1 9462.72558594 0. 6.82743480656e-22 0.
1508726616 1 9459.87988281 0. 6.83352721425e-22 0.
1508726676 1 9459.11816406 0. 6.84123753844e-22 0.
1508726736 1 9445.57714844 0. 6.83964599131e-22 0.
1508726796 1 9427.37695312 0. 6.83421325634e-22 0.
1508726856 1 9416.36816406 0. 6.83440643888e-22 0.
1508726916 1 9404.53125 0. 6.83364686198e-22 0.
1508726976 1 9393.47949219 0. 6.83342840909e-22 0.
1508727036 1 9375.49121094 0. 6.82856001464e-22 0.
1508727096 1 9358.57714844 0. 6.82425891799e-22 0.
1508727145 1 9346.84570312 0. 6.82204054706e-22 0.
1508727171 1 9343.99121094 0. 6.82341423462e-22 0.
1508727183 1 9338.74707031 0. 6.82142387155e-22 0.
1508727218 1 9327.8125 0. 6.8184783844e-22 0.
1508727279 1 9312.08105469 0. 6.8149985932e-22 0.
1508727339 1 9294.43945312 0. 6.81028528358e-22 0.
1508727399 1 9280.6015625 0. 6.80810090443e-22 0.
1508727459 1 9264.48046875 0. 6.80415504441e-22 0.
1508727519 1 9249.01953125 0. 6.80076254864e-22 0.
1508727579 1 9233.58300781 0. 6.79750643412e-22 0.
1508727639 1 9217.79492188 0. 6.7939149963e-22 0.
1508727699 1 9201.98339844 0. 6.78980674837e-22 0.
1508727759 1 9187.171875 0. 6.7864653773e-22 0.
1508727811 1 9172.51953125 0. 6.78246330139e-22 0.
1508727844 1 9163.21582031 0. 6.7798451402e-22 0.
1508727885 1 9153.57128906 0. 6.77827598289e-22 0.
1508727946 1 9134.13476562 0. 6.77194187008e-22 0.
1508728006 1 9121.65429688 0. 6.77049582041e-22 0.
1508728066 1 9113.75097656 0. 6.77212362854e-22 0.
1508728126 1 9102.50976562 0. 6.77181905917e-22 0.
1508728186 1 9090.44824219 0. 6.77054643708e-22 0.
1508728246 1 9076.7109375 0. 6.76806106069e-22 0.
1508728306 1 9064.90527344 0. 6.76680297167e-22 0.
1508728366 1 9049.71875 0. 6.76314002028e-22 0.
1508728426 1 9042.0 0. 6.76502181624e-22 0.
1508728487 1 9027.85742188 0. 6.76207449912e-22 0.
1508728547 1 9017.46289062 0. 6.7623769365e-22 0.
1508728607 1 9004.72558594 0. 6.76050484075e-22 0.
1508728667 1 8995.90917969 0. 6.76169857336e-22 0.
1508728727 1 8981.30273438 0. 6.75834296542e-22 0.
1508728787 1 8967.66699219 0. 6.75565453912e-22 0.
1508728847 1 8954.94335938 0. 6.75349144641e-22 0.
1508728907 1 8944.41992188 0. 6.75339971304e-22 0.
1508728967 1 8931.91992188 0. 6.75168816837e-22 0.
1508729028 1 8920.21972656 0. 6.75033158318e-22 0.
1508729088 1 8910.42773438 0. 6.7500902303e-22 0.
1508729148 1 8902.06152344 0. 6.7514714841e-22 0.
1508729208 1 8892.04296875 0. 6.75172532809e-22 0.
1508729268 1 8878.14257812 0. 6.74902786861e-22 0.
1508729328 1 8866.28320312 0. 6.74751541997e-22 0.
1508729388 1 8855.13769531 0. 6.74673815037e-22 0.
1508729448 1 8848.625 0. 6.74903939708e-22 0.
1508729508 1 8838.1015625 0. 6.74830533751e-22 0.
1508729569 1 8827.47949219 0. 6.74748653256e-22 0.
1508729629 1 8815.78417969 0. 6.74607811768e-22 0.
1508729677 1 8806.81738281 0. 6.74537166926e-22 0.
1508729705 1 8800.828125 0. 6.74441998296e-22 0.
1508729746 1 8795.39941406 0. 6.74555291737e-22 0.
1508729806 1 8783.93359375 0. 6.74448443992e-22 0.
1508729867 1 8771.62011719 0. 6.74257700304e-22 0.
1508729927 1 8761.33398438 0. 6.74230642711e-22 0.
1508729987 1 8715.94433594 0. 6.71504472429e-22 0.
1508730047 1 8620.59472656 0. 6.64936252793e-22 0.
1508730107 1 8576.34667969 0. 6.62268709946e-22 0.
1508730167 1 8475.24414062 0. 6.55205142844e-22 0.
1508730227 1 8460.63769531 0. 6.54814433534e-22 0.
1508730287 1 8449.38574219 0. 6.54662651453e-22 0.
1508730323 1 8443.26074219 0. 6.54576235544e-22 0.
1508730337 1 8441.72070312 0. 6.54641255328e-22 0.
1508730377 1 8432.52246094 0. 6.54384791211e-22 0.
1508730438 1 8415.09960938 0. 6.53689523554e-22 0.
1508730498 1 8406.70507812 0. 6.53784878439e-22 0.
1508730558 1 8396.28613281 0. 6.53717178438e-22 0.
1508730618 1 8388.72460938 0. 6.53831343825e-22 0.
1508730678 1 8374.5234375 0. 6.53470391879e-22 0.
1508730738 1 8363.23535156 0. 6.53295794448e-22 0.
1508730798 1 8113.1171875 0. 6.34456818432e-22 0.
1508730858 1 8017.27734375 0. 6.27654554451e-22 0.
1508730919 1 8330.75 0. 6.52867320664e-22 0.
1508730979 1 8319.20800781 0. 6.5267223831e-22 0.
1508731039 1 8306.88964844 0. 6.52411325504e-22 0.
1508731099 1 8296.48925781 0. 6.52334234965e-22 0.
1508731159 1 8286.83691406 0. 6.52312728349e-22 0.
1508731219 1 8272.86132812 0. 6.51946764179e-22 0.
1508731279 1 8258.58886719 0. 6.51524219896e-22 0.
1508731339 1 8244.46191406 0. 6.51103164905e-22 0.
1508731400 1 8233.51953125 0. 6.50963272843e-22 0.
1508731460 1 8223.27929688 0. 6.50856005979e-22 0.
1508731520 1 8208.15527344 0. 6.50336397667e-22 0.
1508731580 1 8193.97167969 0. 6.49911764451e-22 0.
1508731640 1 8177.66259766 0. 6.49345388802e-22 0.
1508731700 1 8166.21191406 0. 6.49130518398e-22 0.
1508731760 1 8153.91796875 0. 6.48811846701e-22 0.
1508731820 1 8140.9765625 0. 6.48475938001e-22 0.
1508731880 1 8128.98535156 0. 6.48219899526e-22 0.
1508731941 1 8114.51855469 0. 6.47780256989e-22 0.
1508732001 1 8101.75732422 0. 6.47436896077e-22 0.
1508732061 1 8088.34765625 0. 6.4704935259e-22 0.
1508732121 1 8076.65966797 0. 6.46807449908e-22 0.
1508732181 1 8062.11328125 0. 6.46324253112e-22 0.
1508732241 1 8053.61328125 0. 6.46303676693e-22 0.
1508732301 1 8042.90576172 0. 6.4613503555e-22 0.
1508732361 1 8034.4453125 0. 6.46145320403e-22 0.
1508732421 1 8023.69775391 0. 6.45970858293e-22 0.
1508732481 1 8015.13183594 0. 6.45972117826e-22 0.
1508732542 1 8003.38232422 0. 6.45707289629e-22 0.
1508732602 1 7994.04492188 0. 6.45626989396e-22 0.
1508732662 1 7983.01416016 0. 6.45429954709e-22 0.
1508732722 1 7975.8359375 0. 6.45520623933e-22 0.
1508732782 1 7967.0 0. 6.45484443028e-22 0.
1508732842 1 7958.16308594 0. 6.45487665055e-22 0.
1508732902 1 7945.19775391 0. 6.4510868401e-22 0.
1508732962 1 7934.40380859 0. 6.44919617139e-22 0.
1508733023 1 7927.57958984 0. 6.45052157718e-22 0.
1508733083 1 7898.86425781 0. 6.43408901852e-22 0.
1508733143 1 7854.43164062 0. 6.40481422992e-22 0.
1508733203 1 7850.40869141 0. 6.40818214271e-22 0.
1508733250 1 7843.16113281 0. 6.40760745528e-22 0.
1508733278 1 7840.47412109 0. 6.40810804664e-22 0.
1508733318 1 7833.64404297 0. 6.40749395007e-22 0.
1508733379 1 7824.26464844 0. 6.40642058657e-22 0.
1508733439 1 7820.30957031 0. 6.41002198682e-22 0.
1508733499 1 7813.21337891 0. 6.41077644364e-22 0.
1508733559 1 7803.10107422 0. 6.40914808161e-22 0.
1508733619 1 7793.09375 0. 6.40797374038e-22 0.
1508733679 1 7781.04980469 0. 6.40506945441e-22 0.
1508733739 1 7771.90820312 0. 6.40431392394e-22 0.
1508733799 1 7764.03076172 0. 6.40442218569e-22 0.
1508733860 1 7580.76464844 0. 6.25982279832e-22 0.
1508733920 1 7408.11767578 0. 6.12327946876e-22 0.
1508733980 1 7744.63867188 0. 6.40819192835e-22 0.
1508734040 1 7736.84423828 0. 6.4073621564e-22 0.
1508734100 1 7733.30224609 0. 6.41074627497e-22 0.
1508734160 1 7733.74365234 0. 6.41619575716e-22 0.
1508734220 1 7716.36328125 0. 6.40708469115e-22 0.
1508734280 1 7711.16796875 0. 6.40853843175e-22 0.
1508734340 1 7689.3125 0. 6.39641865667e-22 0.
1508734401 1 7675.46386719 0. 6.39159942195e-22 0.
1508734461 1 7662.28466797 0. 6.38748419739e-22 0.
1508734521 1 7650.328125 0. 6.38407081822e-22 0.
1508734581 1 7642.49755859 0. 6.3844091824e-22 0.
1508734641 1 7655.79443359 0. 6.40193654148e-22 0.
1508734701 1 7650.08251953 0. 6.40346269393e-22 0.
1508734761 1 7638.80615234 0. 6.40010229065e-22 0.
1508734821 1 7618.14355469 0. 6.38886310613e-22 0.
1508734857 1 7614.90380859 0. 6.39028824378e-22 0.
1508734869 1 7612.43505859 0. 6.38968601435e-22 0.
1508734881 1 7610.02587891 0. 6.38895188533e-22 0.
1508734898 1 7607.08984375 0. 6.38880564114e-22 0.
1508734941 1 7597.72753906 0. 6.38501432476e-22 0.
1508735001 1 7589.04931641 0. 6.38461741276e-22 0.
1508735061 1 7573.74951172 0. 6.37809510253e-22 0.
1508735121 1 7565.03125 0. 6.37723740977e-22 0.
1508735181 1 7558.78076172 0. 6.37825379788e-22 0.
1508735241 1 7547.06738281 0. 6.37485944529e-22 0.
1508735301 1 7539.18994141 0. 6.37507966585e-22 0.
1508735361 1 7530.62841797 0. 6.37404551803e-22 0.
1508735422 1 7520.96826172 0. 6.37237864172e-22 0.
1508735482 1 7509.18261719 0. 6.36912858399e-22 0.
1508735542 1 7497.31347656 0. 6.36518600383e-22 0.
1508735602 1 7488.51416016 0. 6.36406253774e-22 0.
1508735662 1 7478.83691406 0. 6.36260671274e-22 0.
1508735722 1 7469.58496094 0. 6.36102153726e-22 0.
1508735782 1 7456.47314453 0. 6.3562387023e-22 0.
1508735842 1 7442.06591797 0. 6.35023165727e-22 0.
1508735902 1 7425.56787109 0. 6.3421685734e-22 0.
1508735949 1 7409.46435547 0. 6.33324078105e-22 0.
1508735979 1 7418.7109375 0. 6.34513553287e-22 0.
1508736022 1 7413.12060547 0. 6.34470823969e-22 0.
1508736082 1 7397.86083984 0. 6.3384485294e-22 0.
1508736142 1 7387.57910156 0. 6.33630447605e-22 0.
1508736202 1 7378.75146484 0. 6.33491264914e-22 0.
1508736262 1 7368.74072266 0. 6.3325961035e-22 0.
1508736322 1 7363.38183594 0. 6.33432301625e-22 0.
1508736382 1 7349.31787109 0. 6.32856565866e-22 0.
1508736442 1 7344.43408203 0. 6.33068150094e-22 0.
1508736503 1 7332.88378906 0. 6.32693445363e-22 0.
1508736563 1 7323.33837891 0. 6.3248501751e-22 0.
1508736623 1 7315.41552734 0. 6.32415880996e-22 0.
1508736683 1 7305.28369141 0. 6.32155138329e-22 0.
1508736743 1 7295.18652344 0. 6.31869424869e-22 0.
1508736803 1 7287.15429688 0. 6.31796808371e-22 0.
1508736863 1 7278.09667969 0. 6.31609793503e-22 0.
1508736923 1 7271.56982422 0. 6.31692439248e-22 0.
1508736983 1 7256.00146484 0. 6.3099308393e-22 0.
1508737044 1 7245.73242188 0. 6.30716926452e-22 0.
1508737104 1 7239.36816406 0. 6.30805361498e-22 0.
1508737164 1 7230.02197266 0. 6.30614442326e-22 0.
1508737224 1 7223.92382812 0. 6.30695637183e-22 0.
1508737284 1 7214.09570312 0. 6.30473098479e-22 0.
1508737344 1 7205.20263672 0. 6.3031661133e-22 0.
1508737404 1 7196.70605469 0. 6.30197410413e-22 0.
1508737464 1 7190.93115234 0. 6.30309989177e-22 0.
1508737524 1 7180.06201172 0. 6.29957072639e-22 0.
1508737585 1 7170.75683594 0. 6.29763444119e-22 0.
1508737645 1 7157.02148438 0. 6.2919879486e-22 0.
1508737705 1 7159.25585938 0. 6.30031497705e-22 0.
1508737765 1 7148.08886719 0. 6.29655364497e-22 0.
1508737825 1 7141.08203125 0. 6.2968586866e-22 0.
1508737885 1 7139.10058594 0. 6.30155738776e-22 0.
1508737945 1 7132.68701172 0. 6.30205372448e-22 0.
1508738005 1 7123.99902344 0. 6.30081872545e-22 0.
1508738066 1 7111.41552734 0. 6.29593406141e-22 0.
1508738126 1 7102.94238281 0. 6.29467765033e-22 0.
1508738186 1 7102.45410156 0. 6.30049229191e-22 0.
1508738246 1 7096.38574219 0. 6.30159693594e-22 0.
1508738306 1 7087.94921875 0. 6.30047733065e-22 0.
1508738366 1 7080.70507812 0. 6.30037052853e-22 0.
1508738426 1 7071.97460938 0. 6.29868126075e-22 0.
1508738486 1 7066.64111328 0. 6.30034197126e-22 0.
1508738546 1 7058.92578125 0. 6.29963459392e-22 0.
1508738607 1 7048.58398438 0. 6.29659686743e-22 0.
1508738667 1 7044.27636719 0. 6.29894357508e-22 0.
1508738727 1 7040.50976562 0. 6.30175995749e-22 0.
1508738763 1 7035.8125 0. 6.30105743946e-22 0.
1508738776 1 7030.89257812 0. 6.29794007933e-22 0.
1508738798 1 7027.97021484 0. 6.29768802403e-22 0.
1508738844 1 7018.86230469 0. 6.294147759e-22 0.
1508738904 1 7014.32568359 0. 6.2966139268e-22 0.
1508738964 1 7005.03564453 0. 6.2943547677e-22 0.
1508739024 1 6995.55761719 0. 6.29179075393e-22 0.
1508739084 1 6986.65722656 0. 6.28996133539e-22 0.
1508739144 1 6978.59082031 0. 6.28866759931e-22 0.
1508739204 1 6969.76513672 0. 6.28689226445e-22 0.
1508739264 1 6963.04248047 0. 6.28692459341e-22 0.
1508739325 1 6956.57421875 0. 6.28705056875e-22 0.
1508739385 1 6946.75634766 0. 6.28442588586e-22 0.
1508739435 1 6940.41308594 0. 6.28337757179e-22 0.
1508739465 1 6937.14648438 0. 6.28333724413e-22 0.
1508739505 1 6929.5625 0. 6.28075874977e-22 0.
1508739565 1 6920.80908203 0. 6.27891676468e-22 0.
1508739625 1 6908.06591797 0. 6.27319163535e-22 0.
1508739685 1 6896.58935547 0. 6.26855172399e-22 0.
1508739745 1 6888.00244141 0. 6.26698243135e-22 0.
1508739805 1 6878.22998047 0. 6.26394412651e-22 0.
1508739865 1 6867.71826172 0. 6.26019506238e-22 0.
1508739925 1 6855.37744141 0. 6.25497082924e-22 0.
1508739986 1 6846.95019531 0. 6.25337382334e-22 0.
1508740046 1 6841.22509766 0. 6.25398255931e-22 0.
1508740106 1 6830.27734375 0. 6.24999331548e-22 0.
1508740166 1 6817.27636719 0. 6.24403814626e-22 0.
1508740211 1 6810.98291016 0. 6.24259091045e-22 0.
1508740256 1 6803.31347656 0. 6.2399307303e-22 0.
1508740317 1 6791.55810547 0. 6.23534198485e-22 0.
1508740377 1 6782.21728516 0. 6.23281022632e-22 0.
1508740437 1 6764.12402344 0. 6.22206724034e-22 0.
1508740497 1 6764.58007812 0. 6.22836402203e-22 0.
1508740557 1 6756.03369141 0. 6.22652487349e-22 0.
1508740617 1 6747.22558594 0. 6.22409135425e-22 0.
1508740677 1 6738.77685547 0. 6.2222354491e-22 0.
1508740737 1 6730.97607422 0. 6.2210087839e-22 0.
1508740798 1 6725.14697266 0. 6.22161713146e-22 0.
1508740858 1 6721.40332031 0. 6.22426950491e-22 0.
1508740918 1 6715.19140625 0. 6.2245144971e-22 0.
1508740978 1 6708.2734375 0. 6.22392418496e-22 0.
1508741038 1 6697.67285156 0. 6.22011390068e-22 0.
1508741098 1 6691.13476562 0. 6.21993489218e-22 0.
1508741158 1 6687.2109375 0. 6.22203032106e-22 0.
1508741218 1 6679.90283203 0. 6.221251746e-22 0.
1508741278 1 6670.48730469 0. 6.21873273962e-22 0.
1508741339 1 6658.89599609 0. 6.21396527635e-22 0.
1508741399 1 6647.37255859 0. 6.20946695486e-22 0.
1508741459 1 6641.59814453 0. 6.20982683513e-22 0.
1508741519 1 6635.32470703 0. 6.21006757382e-22 0.
1508741579 1 6627.47070312 0. 6.20857387119e-22 0.
1508741639 1 6616.59423828 0. 6.20438961179e-22 0.
1508741699 1 6616.00195312 0. 6.20979980361e-22 0.
1508741759 1 6607.48095703 0. 6.20770084924e-22 0.
1508741819 1 6601.88525391 0. 6.20860621382e-22 0.
1508741880 1 6595.40869141 0. 6.20845788212e-22 0.
1508741940 1 6588.80859375 0. 6.20808552073e-22 0.
1508742000 1 6579.85302734 0. 6.20567674057e-22 0.
1508742060 1 6576.90380859 0. 6.2086303202e-22 0.
1508742120 1 6570.5703125 0. 6.20872798374e-22 0.
1508742180 1 6563.734375 0. 6.20787670395e-22 0.
1508742240 1 6553.65917969 0. 6.20460573463e-22 0.
1508742300 1 6548.1875 0. 6.20537668241e-22 0.
1508742360 1 6546.37353516 0. 6.20926393462e-22 0.
1508742421 1 6539.45410156 0. 6.20854590586e-22 0.
1508742481 1 6534.37353516 0. 6.20936005299e-22 0.
1508742541 1 6523.59228516 0. 6.20461132685e-22 0.
1508742601 1 6520.22021484 0. 6.20753960945e-22 0.
1508742661 1 6512.23632812 0. 6.2058567081e-22 0.
1508742721 1 6508.11425781 0. 6.20716962247e-22 0.
1508742781 1 6504.50683594 0. 6.2092473337e-22 0.
1508742841 1 6495.44189453 0. 6.20620513029e-22 0.
1508742901 1 6490.42773438 0. 6.20696144997e-22 0.
1508742962 1 6468.91503906 0. 6.19209344753e-22 0.
1508743022 1 6475.22021484 0. 6.20367631951e-22 0.
1508743082 1 6471.14794922 0. 6.2057041873e-22 0.
1508743142 1 6466.10498047 0. 6.20667601224e-22 0.
1508743196 1 6119.81640625 0. 5.88009218595e-22 0.
1508743251 1 0.133713290095 0. 1.47004841526e-22 0.
