1508938086 1 15106.6210938 0. 5.58674247848e-22 0.
1508938146 1 15130.2060547 0. 5.60641302079e-22 0.
1508938206 1 15147.7832031 0. 5.62451708715e-22 0.
1508938252 1 15183.8339844 0. 5.64676714138e-22 0.
1508938284 1 15182.9023438 0. 5.65238529061e-22 0.
1508938303 1 15172.4140625 0. 5.65216580961e-22 0.
1508938319 1 15188.2421875 0. 5.66113746087e-22 0.
1508938334 1 15175.6005859 0. 5.65923054793e-22 0.
1508938361 1 15194.2392578 0. 5.67110761746e-22 0.
1508938401 1 15191.1582031 0. 5.6774947289e-22 0.
1508938433 1 15192.2871094 0. 5.68374317046e-22 0.
1508938476 1 15235.015625 0. 5.70719326326e-22 0.
1508938511 1 15269.1708984 0. 5.72594402944e-22 0.
1508938547 1 15273.4462891 0. 5.73474196266e-22 0.
1508938607 1 15302.5703125 0. 5.75618457591e-22 0.
1508938667 1 15224.3964844 0. 5.73712393542e-22 0.
1508938727 1 15368.8017578 0. 5.80212666329e-22 0.
1508938784 1 15341.3476562 0. 5.80148116022e-22 0.
1508938826 1 15373.1416016 0. 5.82089746525e-22 0.
1508938857 1 15393.6259766 0. 5.83383105468e-22 0.
1508938903 1 15392.7705078 0. 5.84148987981e-22 0.
1508938963 1 15354.2519531 0. 5.83714361611e-22 0.
1508938998 1 15016.6083984 0. 5.71403495586e-22 0.
1508939033 1 14953.4980469 0. 5.69640949461e-22 0.
1508939093 1 15158.8173828 0. 5.78414980248e-22 0.
1508939149 1 14962.5214844 0. 5.71781269873e-22 0.
1508939184 1 14992.9990234 0. 5.73486165965e-22 0.
1508939214 1 15028.8349609 0. 5.75347620486e-22 0.
1508939258 1 15076.0957031 0. 5.77894323955e-22 0.
1508939287 1 15089.7226562 0. 5.78853220204e-22 0.
1508939324 1 15158.1083984 0. 5.82057602944e-22 0.
1508939384 1 15222.9541016 0. 5.85488485889e-22 0.
1508939444 1 15231.1708984 0. 5.867950971e-22 0.
1508939504 1 15107.7226562 0. 5.82995346213e-22 0.
1508939557 1 15088.5712891 0. 5.83049506667e-22 0.
1508939610 1 15084.2099609 0. 5.83684479698e-22 0.
1508939670 1 15052.9355469 0. 5.83410616263e-22 0.
1508939730 1 15053.2060547 0. 5.84326462782e-22 0.
1508939790 1 15116.8349609 0. 5.8770465024e-22 0.
1508939851 1 15017.9873047 0. 5.84805912699e-22 0.
1508939886 1 14980.7148438 0. 5.83894253332e-22 0.
1508939921 1 14996.5556641 0. 5.85049629212e-22 0.
1508939981 1 14985.203125 0. 5.85495332007e-22 0.
1508940018 1 14995.1875 0. 5.8644356055e-22 0.
1508940055 1 14939.8779297 0. 5.84835955447e-22 0.
1508940115 1 14971.6152344 0. 5.86949916086e-22 0.
1508940175 1 14945.0664062 0. 5.86802775799e-22 0.
1508940235 1 15026.7705078 0. 5.90953343952e-22 0.
1508940295 1 14952.6806641 0. 5.88939453487e-22 0.
1508940355 1 15061.9355469 0. 5.94131779766e-22 0.
1508940391 1 15069.4697266 0. 5.94940343e-22 0.
1508940416 1 15076.8730469 0. 5.95611278986e-22 0.
1508940462 1 15039.2539062 0. 5.94858250196e-22 0.
1508940519 1 15023.2490234 0. 5.95072443166e-22 0.
1508940579 1 15024.5048828 0. 5.96047614786e-22 0.
1508940640 1 14919.7050781 0. 5.92783208432e-22 0.
1508940700 1 14928.0576172 0. 5.94033756396e-22 0.
1508940760 1 14994.7089844 0. 5.97579134363e-22 0.
1508940820 1 14980.5400391 0. 5.97894672254e-22 0.
1508940880 1 14964.6494141 0. 5.98144383782e-22 0.
1508940940 1 14978.7851562 0. 5.99593282755e-22 0.
1508941000 1 15006.5976562 0. 6.01609417677e-22 0.
1508941060 1 14865.5878906 0. 5.96836160755e-22 0.
1508941120 1 14870.4150391 0. 5.97917356398e-22 0.
1508941181 1 14901.0039062 0. 6.00007040804e-22 0.
1508941241 1 14886.03125 0. 6.0030673806e-22 0.
1508941301 1 14867.7568359 0. 6.0044473162e-22 0.
1508941361 1 14895.0400391 0. 6.0245030681e-22 0.
1508941396 1 14937.6904297 0. 6.04644010169e-22 0.
1508941431 1 14893.1923828 0. 6.03403367467e-22 0.
1508941491 1 14846.8300781 0. 6.02397109075e-22 0.
1508941551 1 14804.4931641 0. 6.01571322164e-22 0.
1508941592 1 14787.6269531 0. 6.0143753049e-22 0.
1508941632 1 14833.1835938 0. 6.0389196832e-22 0.
1508941687 1 14826.9794922 0. 6.04412607259e-22 0.
1508941741 1 15177.5839844 0. 6.19495867864e-22 0.
1508941801 1 15224.8496094 0. 6.22324885586e-22 0.
1508941861 1 15207.9414062 0. 6.22544014825e-22 0.
1508941921 1 15232.5283203 0. 6.24461922968e-22 0.
1508941981 1 15208.7910156 0. 6.24379677027e-22 0.
1508942042 1 15207.7880859 0. 6.25268921486e-22 0.
1508942093 1 15172.2441406 0. 6.24574513819e-22 0.
1508942130 1 15156.1347656 0. 6.2446443631e-22 0.
1508942176 1 15161.3994141 0. 6.25379885839e-22 0.
1508942236 1 15108.2392578 0. 6.24092802299e-22 0.
1508942296 1 15102.0859375 0. 6.24731629745e-22 0.
1508942355 1 15083.8066406 0. 6.24871604077e-22 0.
1508942414 1 15066.9755859 0. 6.2506334715e-22 0.
1508942474 1 15050.9130859 0. 6.25287975205e-22 0.
1508942534 1 15024.8691406 0. 6.25105175193e-22 0.
1508942594 1 15028.3935547 0. 6.26144876455e-22 0.
1508942642 1 15006.1240234 0. 6.25937885758e-22 0.
1508942690 1 15027.4267578 0. 6.27541067871e-22 0.
1508942750 1 15044.3417969 0. 6.29113473628e-22 0.
1508942808 1 15080.0380859 0. 6.31448577875e-22 0.
1508942840 1 15085.6699219 0. 6.32136748371e-22 0.
1508942855 1 15090.3125 0. 6.32587299605e-22 0.
1508942882 1 15033.8730469 0. 6.30636125355e-22 0.
1508942928 1 15033.0351562 0. 6.31300769632e-22 0.
1508942988 1 14995.7138672 0. 6.30626651008e-22 0.
1508943048 1 14934.2597656 0. 6.28936165561e-22 0.
1508943108 1 14928.0849609 0. 6.29554260178e-22 0.
1508943168 1 14903.3955078 0. 6.29427457586e-22 0.
1508943229 1 14942.2685547 0. 6.31940792672e-22 0.
1508943265 1 14916.4980469 0. 6.31383225355e-22 0.
1508943301 1 14872.9814453 0. 6.30113240316e-22 0.
1508943362 1 14836.0839844 0. 6.29417344982e-22 0.
1508943422 1 14817.8388672 0. 6.29496314889e-22 0.
1508943482 1 14813.7753906 0. 6.30212253016e-22 0.
1508943534 1 14808.0244141 0. 6.30723831142e-22 0.
1508943586 1 14798.3447266 0. 6.31079953925e-22 0.
1508943646 1 15042.8847656 0. 6.42454317549e-22 0.
1508943681 1 15098.9375 0. 6.45356331016e-22 0.
1508943716 1 15082.0488281 0. 6.4519028638e-22 0.
1508943777 1 15042.5732422 0. 6.44450584339e-22 0.
1508943815 1 15030.4511719 0. 6.44511630022e-22 0.
1508943854 1 15045.1757812 0. 6.45728448558e-22 0.
1508943914 1 15040.5341797 0. 6.46458185173e-22 0.
1508943949 1 15029.1894531 0. 6.4644463058e-22 0.
1508943984 1 15024.4960938 0. 6.46816491351e-22 0.
1508944025 1 15029.5703125 0. 6.47625319635e-22 0.
1508944044 1 15007.5664062 0. 6.46958834592e-22 0.
1508944064 1 15018.6953125 0. 6.47746251243e-22 0.
1508944107 1 15004.4599609 0. 6.47800432938e-22 0.
1508944142 1 14992.5976562 0. 6.47828651865e-22 0.
1508944164 1 14980.7578125 0. 6.4768585707e-22 0.
1508944212 1 14953.9101562 0. 6.4722628419e-22 0.
1508944257 1 14949.7001953 0. 6.47725200919e-22 0.
1508944302 1 14945.6748047 0. 6.48249353582e-22 0.
1508944362 1 14941.2792969 0. 6.48976145166e-22 0.
1508944422 1 14966.2412109 0. 6.50965532366e-22 0.
1508944466 1 14924.6083984 0. 6.49830666112e-22 0.
1508944505 1 14878.1298828 0. 6.48418813419e-22 0.
1508944551 1 14870.9257812 0. 6.48794092083e-22 0.
1508944601 1 14838.9501953 0. 6.48166005974e-22 0.
1508944661 1 14818.4375 0. 6.48181217361e-22 0.
1508944698 1 14802.8222656 0. 6.48035739273e-22 0.
1508944716 1 14791.4345703 0. 6.47820476354e-22 0.
1508944757 1 14847.5097656 0. 6.50892240443e-22 0.
1508944800 1 14966.4785156 0. 6.56747755555e-22 0.
1508944830 1 14974.1054688 0. 6.57582764541e-22 0.
1508944877 1 14936.2539062 0. 6.56659532368e-22 0.
1508944920 1 14940.5722656 0. 6.57520379183e-22 0.
1508944963 1 14941.0947266 0. 6.58192076219e-22 0.
1508945023 1 14857.0800781 0. 6.5541593515e-22 0.
1508945083 1 14851.5380859 0. 6.56107972905e-22 0.
1508945119 1 14815.2773438 0. 6.5505519625e-22 0.
1508945155 1 14817.6699219 0. 6.55736902981e-22 0.
1508945204 1 14781.7265625 0. 6.5490884815e-22 0.
1508945254 1 14803.53125 0. 6.56636360916e-22 0.
1508945314 1 14790.8710938 0. 6.56986595147e-22 0.
1508945372 1 14930.8388672 0. 6.64098665304e-22 0.
1508945429 1 14910.0302734 0. 6.64062583349e-22 0.
1508945489 1 14859.7324219 0. 6.62787054919e-22 0.
1508945550 1 14861.1298828 0. 6.63775386832e-22 0.
1508945610 1 14831.2783203 0. 6.63356609274e-22 0.
1508945670 1 14785.6123047 0. 6.62242168015e-22 0.
1508945706 1 14774.1503906 0. 6.62292224361e-22 0.
1508945742 1 14849.0576172 0. 6.6621182028e-22 0.
1508945803 1 14933.4501953 0. 6.70921215488e-22 0.
1508945863 1 14909.1884766 0. 6.70782582807e-22 0.
1508945921 1 14822.5419922 0. 6.67798531916e-22 0.
1508945979 1 14839.5087891 0. 6.69458390524e-22 0.
1508946037 1 14817.2431641 0. 6.69359166101e-22 0.
1508946095 1 14797.2822266 0. 6.69345025004e-22 0.
1508946132 1 14792.8632812 0. 6.69679746022e-22 0.
1508946169 1 14777.6894531 0. 6.69649338968e-22 0.
1508946229 1 14863.6894531 0. 6.74453848943e-22 0.
1508946267 1 14893.8144531 0. 6.76378972477e-22 0.
1508946305 1 14877.1552734 0. 6.7628459372e-22 0.
1508946365 1 14855.7441406 0. 6.7628271776e-22 0.
1508946425 1 14818.8320312 0. 6.75547957856e-22 0.
1508946485 1 14785.9296875 0. 6.74984834325e-22 0.
1508946545 1 14816.4316406 0. 6.77331040182e-22 0.
1508946606 1 14867.7207031 0. 6.80614618596e-22 0.
1508946653 1 14838.4453125 0. 6.80021878128e-22 0.
1508946701 1 14812.0888672 0. 6.7956116051e-22 0.
1508946736 1 14809.2519531 0. 6.79974821547e-22 0.
1508946771 1 14780.6572266 0. 6.79231486111e-22 0.
1508946831 1 14818.5419922 0. 6.8192299007e-22 0.
1508946891 1 14828.6621094 0. 6.83345709451e-22 0.
1508946951 1 14811.5761719 0. 6.83507781464e-22 0.
1508946996 1 14791.3779297 0. 6.83281515538e-22 0.
1508947040 1 14793.8095703 0. 6.84105280308e-22 0.
1508947075 1 14812.5351562 0. 6.85508578774e-22 0.
1508947111 1 14794.6074219 0. 6.8527955306e-22 0.
1508947171 1 14779.4667969 0. 6.85494410825e-22 0.
1508947231 1 14785.2978516 0. 6.86697827399e-22 0.
1508947291 1 14739.3203125 0. 6.85504108369e-22 0.
1508947327 1 14734.5556641 0. 6.85828745104e-22 0.
1508947363 1 14712.0185547 0. 6.85385843085e-22 0.
1508947423 1 14674.6416016 0. 6.84597212806e-22 0.
1508947483 1 14564.0966797 0. 6.80372094353e-22 0.
1508947543 1 14623.5439453 0. 6.84099315403e-22 0.
1508947589 1 14869.5605469 0. 6.96344823852e-22 0.
1508947635 1 15193.140625 0. 7.1229241711e-22 0.
1508947681 1 14728.8144531 0. 6.91264781684e-22 0.
1508947726 1 14691.1914062 0. 6.90265119555e-22 0.
1508947786 1 14465.8242188 0. 6.80574646167e-22 0.
1508947821 1 15146.4882812 0. 7.13210716264e-22 0.
1508947856 1 15128.0126953 0. 7.1291536397e-22 0.
1508947916 1 15095.4589844 0. 7.12168044539e-22 0.
1508947959 1 15110.1591797 0. 7.13558238643e-22 0.
1508947998 1 15095.9638672 0. 7.13337081467e-22 0.
1508948054 1 15059.6806641 0. 7.12315995859e-22 0.
1508948115 1 15039.9199219 0. 7.12262563055e-22 0.
1508948175 1 14990.6845703 0. 7.10702406328e-22 0.
1508948235 1 14978.7568359 0. 7.11147779456e-22 0.
1508948295 1 14928.4179688 0. 7.09775459153e-22 0.
1508948355 1 14891.3876953 0. 7.09023059044e-22 0.
1508948390 1 14886.28125 0. 7.09325353994e-22 0.
1508948425 1 14865.4404297 0. 7.08983005575e-22 0.
1508948486 1 14830.8320312 0. 7.08338510689e-22 0.
1508948546 1 14802.6123047 0. 7.08012898819e-22 0.
1508948606 1 14773.7255859 0. 7.07616017651e-22 0.
1508948666 1 14727.3115234 0. 7.06402985419e-22 0.
1508948726 1 14699.1152344 0. 7.06040502448e-22 0.
1508948786 1 14647.0390625 0. 7.04569830332e-22 0.
1508948846 1 14579.4970703 0. 7.02301747196e-22 0.
1508948906 1 14598.0 0. 7.04218736574e-22 0.
1508948966 1 14577.3232422 0. 7.04227266099e-22 0.
1508949027 1 14549.2294922 0. 7.03873809263e-22 0.
1508949067 1 14529.171875 0. 7.03597962234e-22 0.
1508949093 1 14520.6074219 0. 7.03601921012e-22 0.
1508949113 1 14509.6757812 0. 7.03361195003e-22 0.
1508949123 1 14509.0800781 0. 7.03545629332e-22 0.
1508949149 1 14499.6884766 0. 7.03546190616e-22 0.
1508949201 1 14466.7529297 0. 7.02823286522e-22 0.
1508949261 1 14460.5859375 0. 7.03525406174e-22 0.
1508949321 1 14428.2011719 0. 7.02921076199e-22 0.
1508949374 1 14393.9570312 0. 7.02172639735e-22 0.
1508949426 1 14388.3085938 0. 7.02803488267e-22 0.
1508949486 1 14355.0703125 0. 7.02183328806e-22 0.
1508949547 1 14325.6054688 0. 7.01753127275e-22 0.
1508949599 1 14311.2861328 0. 7.0191598956e-22 0.
1508949651 1 14283.0263672 0. 7.01390745006e-22 0.
1508949711 1 14260.1630859 0. 7.01242511397e-22 0.
1508949771 1 14228.3408203 0. 7.00678259356e-22 0.
1508949831 1 14203.8496094 0. 7.00472082454e-22 0.
1508949891 1 14180.3183594 0. 7.00289061285e-22 0.
1508949952 1 14144.5996094 0. 6.99512555769e-22 0.
1508949994 1 14148.7724609 0. 7.00376908817e-22 0.
1508950037 1 14117.2822266 0. 6.99548817933e-22 0.
1508950097 1 14086.6611328 0. 6.99010557286e-22 0.
1508950143 1 14072.296875 0. 6.99031619569e-22 0.
1508950189 1 14254.8447266 0. 7.08870437217e-22 0.
1508950249 1 14442.4785156 0. 7.19276562157e-22 0.
1508950309 1 14424.3642578 0. 7.19449220733e-22 0.
1508950370 1 14375.03125 0. 7.18089821124e-22 0.
1508950430 1 14388.0771484 0. 7.19809395666e-22 0.
1508950465 1 14357.8300781 0. 7.18885062359e-22 0.
1508950500 1 14339.7792969 0. 7.18651364481e-22 0.
1508950560 1 14309.3388672 0. 7.18174516653e-22 0.
1508950619 1 14287.8945312 0. 7.18111006895e-22 0.
1508950678 1 14261.3310547 0. 7.17845402681e-22 0.
1508950714 1 14239.7587891 0. 7.17342872904e-22 0.
1508950749 1 14223.5136719 0. 7.17211181387e-22 0.
1508950809 1 14185.9228516 0. 7.16353143304e-22 0.
1508950844 1 14114.0400391 0. 7.13261541754e-22 0.
1508950855 1 14166.0537109 0. 7.16130122998e-22 0.
1508950890 1 14166.6386719 0. 7.1679453096e-22 0.
1508950950 1 14128.6621094 0. 7.1591542052e-22 0.
1508951010 1 14100.4023438 0. 7.15538188219e-22 0.
1508951058 1 14071.2451172 0. 7.14865752222e-22 0.
1508951106 1 14051.0263672 0. 7.14671050079e-22 0.
1508951166 1 14028.8740234 0. 7.1456770855e-22 0.
1508951216 1 14011.6289062 0. 7.14540055772e-22 0.
1508951254 1 13990.7451172 0. 7.14113403676e-22 0.
1508951277 1 13940.1933594 0. 7.11889428672e-22 0.
1508951313 1 13975.0800781 0. 7.14337816788e-22 0.
1508951373 1 13956.0166016 0. 7.1435396344e-22 0.
1508951433 1 13916.28125 0. 7.13370148056e-22 0.
1508951493 1 13883.3515625 0. 7.12719685073e-22 0.
1508951553 1 13859.4394531 0. 7.1248165531e-22 0.
1508951613 1 13832.3710938 0. 7.12114699282e-22 0.
1508951650 1 13804.3818359 0. 7.11279587025e-22 0.
1508951686 1 13804.2792969 0. 7.11919700884e-22 0.
1508951746 1 13782.1552734 0. 7.11787394418e-22 0.
1508951806 1 13756.2978516 0. 7.11466411888e-22 0.
1508951867 1 13731.0576172 0. 7.11211561117e-22 0.
1508951927 1 13705.2412109 0. 7.10875664708e-22 0.
1508951987 1 13684.0751953 0. 7.10787803984e-22 0.
1508952022 1 13669.0976562 0. 7.10573362535e-22 0.
1508952057 1 13659.1435547 0. 7.10690897696e-22 0.
1508952117 1 13625.3955078 0. 7.09931336825e-22 0.
1508952153 1 13604.9570312 0. 7.09405005325e-22 0.
1508952188 1 13590.8017578 0. 7.09310813081e-22 0.
1508952248 1 13566.6816406 0. 7.09025696958e-22 0.
1508952308 1 13535.2099609 0. 7.08370262718e-22 0.
1508952346 1 13517.8798828 0. 7.08073275674e-22 0.
1508952369 1 13508.8779297 0. 7.0800444402e-22 0.
1508952413 1 13477.3486328 0. 7.07102772034e-22 0.
1508952474 1 13480.3769531 0. 7.08241748652e-22 0.
1508952534 1 13447.7910156 0. 7.0751271111e-22 0.
1508952594 1 13425.7236328 0. 7.07385859103e-22 0.
1508952654 1 13408.8916016 0. 7.07501683881e-22 0.
1508952715 1 13381.5195312 0. 7.07069168484e-22 0.
1508952750 1 13364.7695312 0. 7.06734666628e-22 0.
1508952785 1 13351.4580078 0. 7.06662008667e-22 0.
1508952845 1 13313.1738281 0. 7.05602049361e-22 0.
1508952905 1 13295.9882812 0. 7.0563693912e-22 0.
1508952965 1 13274.9072266 0. 7.05521695483e-22 0.
1508953025 1 13272.0 0. 7.0634822807e-22 0.
1508953086 1 13240.4423828 0. 7.05654787339e-22 0.
1508953146 1 13213.7431641 0. 7.05197811484e-22 0.
1508953206 1 13186.796875 0. 7.04737267896e-22 0.
1508953266 1 13163.171875 0. 7.04430992699e-22 0.
1508953326 1 13141.5810547 0. 7.04236903106e-22 0.
1508953386 1 13117.0908203 0. 7.03902257415e-22 0.
1508953446 1 13084.3691406 0. 7.03088821979e-22 0.
1508953506 1 13088.4384766 0. 7.04274191543e-22 0.
1508953566 1 13056.5605469 0. 7.03543927934e-22 0.
1508953627 1 13032.3886719 0. 7.03215802029e-22 0.
1508953665 1 13011.7998047 0. 7.0272028488e-22 0.
1508953694 1 13002.7001953 0. 7.02673748394e-22 0.
1508953724 1 12989.7392578 0. 7.0245911987e-22 0.
1508953764 1 12605.7197266 0. 6.82332266662e-22 0.
1508953825 1 12273.2060547 0. 6.65232689178e-22 0.
1508953885 1 12997.9863281 0. 7.05447065419e-22 0.
1508953945 1 13033.0986328 0. 7.08342708637e-22 0.
1508954005 1 13005.3876953 0. 7.07823367323e-22 0.
1508954065 1 12976.4033203 0. 7.07203992413e-22 0.
1508954125 1 12959.2509766 0. 7.07243261219e-22 0.
1508954185 1 12928.0097656 0. 7.06524151748e-22 0.
1508954245 1 12913.4960938 0. 7.06697511377e-22 0.
1508954306 1 12891.0107422 0. 7.0643193422e-22 0.
1508954366 1 12868.8310547 0. 7.06225190235e-22 0.
1508954426 1 12843.1865234 0. 7.0575326784e-22 0.
1508954461 1 12825.7988281 0. 7.0531507958e-22 0.
1508954476 1 12818.9033203 0. 7.05178520541e-22 0.
1508954490 1 12813.9541016 0. 7.05117178692e-22 0.
1508954526 1 12800.3740234 0. 7.04971220727e-22 0.
1508954586 1 12785.9951172 0. 7.05125543113e-22 0.
1508954646 1 12764.0107422 0. 7.04881989927e-22 0.
1508954706 1 12745.3203125 0. 7.04803409682e-22 0.
1508954766 1 12720.1474609 0. 7.04387111059e-22 0.
1508954826 1 12696.3183594 0. 7.04021792164e-22 0.
1508954886 1 12672.8642578 0. 7.03649610019e-22 0.
1508954922 1 12661.0878906 0. 7.03500229388e-22 0.
1508954957 1 12647.6464844 0. 7.03355617715e-22 0.
1508955015 1 12616.4902344 0. 7.02531818146e-22 0.
1508955050 1 12599.2783203 0. 7.02107999507e-22 0.
1508955069 1 12596.1376953 0. 7.02224529605e-22 0.
1508955103 1 12591.9414062 0. 7.02526631131e-22 0.
1508955156 1 12575.1074219 0. 7.0244245069e-22 0.
1508955216 1 12549.7773438 0. 7.01985617992e-22 0.
1508955276 1 12525.4658203 0. 7.01554491401e-22 0.
1508955317 1 12507.6650391 0. 7.01211736089e-22 0.
1508955344 1 12484.8857422 0. 7.00337646466e-22 0.
1508955388 1 12436.1806641 0. 6.9826027657e-22 0.
1508955448 1 12446.5048828 0. 6.99802257683e-22 0.
1508955509 1 12438.0351562 0. 7.00259216365e-22 0.
1508955569 1 12415.4833984 0. 6.99927276931e-22 0.
1508955629 1 12392.9736328 0. 6.99578166449e-22 0.
1508955689 1 12374.6455078 0. 6.99481542492e-22 0.
1508955749 1 12354.1044922 0. 6.99225819515e-22 0.
1508955809 1 12328.0380859 0. 6.98657405504e-22 0.
1508955869 1 12306.3486328 0. 6.9835588052e-22 0.
1508955929 1 12287.2949219 0. 6.98226322663e-22 0.
1508955989 1 12266.8056641 0. 6.98003970108e-22 0.
1508956049 1 12245.2421875 0. 6.97649241387e-22 0.
1508956110 1 12225.8876953 0. 6.97441781128e-22 0.
1508956170 1 12201.6738281 0. 6.96946990614e-22 0.
1508956230 1 12181.5927734 0. 6.96742143284e-22 0.
1508956290 1 12161.8876953 0. 6.96500076077e-22 0.
1508956350 1 12140.9277344 0. 6.96248358065e-22 0.
1508956410 1 12121.5166016 0. 6.96084695243e-22 0.
1508956470 1 12100.5039062 0. 6.95780897554e-22 0.
1508956530 1 12080.9267578 0. 6.95553996471e-22 0.
1508956591 1 12055.6064453 0. 6.95008399933e-22 0.
1508956651 1 12040.9892578 0. 6.95068833432e-22 0.
1508956711 1 12016.2753906 0. 6.94580366532e-22 0.
1508956771 1 11999.0986328 0. 6.94506090111e-22 0.
1508956831 1 11980.9970703 0. 6.94364857397e-22 0.
1508956869 1 11968.3720703 0. 6.94186086619e-22 0.
1508956898 1 11957.6826172 0. 6.93995167351e-22 0.
1508956949 1 11937.5380859 0. 6.93599895353e-22 0.
1508957010 1 11915.9130859 0. 6.93250080097e-22 0.
1508957070 1 11898.0751953 0. 6.93110165196e-22 0.
1508957130 1 11878.7919922 0. 6.92893421482e-22 0.
1508957190 1 11828.1425781 0. 6.90810161246e-22 0.
1508957250 1 11816.0605469 0. 6.90980201166e-22 0.
1508957310 1 11798.9775391 0. 6.90894011962e-22 0.
1508957370 1 11777.0498047 0. 6.90507872335e-22 0.
1508957430 1 11761.5068359 0. 6.90448951382e-22 0.
1508957490 1 11737.1259766 0. 6.89926326902e-22 0.
1508957551 1 11712.5244141 0. 6.89359076307e-22 0.
1508957611 1 11693.2724609 0. 6.89104530107e-22 0.
1508957671 1 11673.1884766 0. 6.88812530243e-22 0.
1508957731 1 11655.5585938 0. 6.88667546874e-22 0.
1508957791 1 11631.6904297 0. 6.88128155368e-22 0.
1508957851 1 11608.8291016 0. 6.87647240055e-22 0.
1508957911 1 11594.0693359 0. 6.8764950668e-22 0.
1508957971 1 11573.4033203 0. 6.87293832752e-22 0.
1508958032 1 11556.0185547 0. 6.87095406689e-22 0.
1508958092 1 11534.2998047 0. 6.8667329463e-22 0.
1508958152 1 11516.2324219 0. 6.86455857133e-22 0.
1508958212 1 11494.7412109 0. 6.86033583854e-22 0.
1508958272 1 11475.2373047 0. 6.85742569214e-22 0.
1508958316 1 11461.2021484 0. 6.85543657436e-22 0.
1508958361 1 11447.6386719 0. 6.85372109504e-22 0.
1508958421 1 11430.8417969 0. 6.85222414065e-22 0.
1508958481 1 11401.8564453 0. 6.84352738613e-22 0.
1508958541 1 11397.734375 0. 6.84948302555e-22 0.
1508958602 1 11377.1464844 0. 6.84555420547e-22 0.
1508958662 1 11356.2333984 0. 6.8415583947e-22 0.
1508958722 1 11341.8876953 0. 6.84162729986e-22 0.
1508958782 1 11321.5537109 0. 6.83809157974e-22 0.
1508958842 1 11297.015625 0. 6.8319854242e-22 0.
1508958902 1 11279.4697266 0. 6.82988403917e-22 0.
1508958962 1 11272.2226562 0. 6.83382379557e-22 0.
1508959022 1 11243.3701172 0. 6.82472220544e-22 0.
1508959082 1 11230.2021484 0. 6.82527735133e-22 0.
1508959143 1 11209.0449219 0. 6.82105160469e-22 0.
1508959203 1 11196.5791016 0. 6.82222143901e-22 0.
1508959263 1 11170.4453125 0. 6.81460556816e-22 0.
1508959323 1 11139.7177734 0. 6.80421059498e-22 0.
1508959383 1 11118.1113281 0. 6.79963659455e-22 0.
1508959443 1 11118.7626953 0. 6.80868797635e-22 0.
1508959503 1 11098.9404297 0. 6.80491501537e-22 0.
1508959563 1 11075.2314453 0. 6.79856219767e-22 0.
1508959623 1 11053.6396484 0. 6.79371153123e-22 0.
1508959684 1 11047.4648438 0. 6.79852602745e-22 0.
1508959744 1 11025.9501953 0. 6.79406023199e-22 0.
1508959804 1 11008.4023438 0. 6.79163819734e-22 0.
1508959864 1 10987.1025391 0. 6.78652047369e-22 0.
1508959924 1 10970.1425781 0. 6.78441158871e-22 0.
1508959970 1 10986.9765625 0. 6.8014495823e-22 0.
1508959999 1 10975.8134766 0. 6.79843339771e-22 0.
1508960042 1 11148.0019531 0. 6.91146868562e-22 0.
1508960102 1 11277.7275391 0. 7.00167409963e-22 0.
1508960162 1 11248.0888672 0. 6.99335399105e-22 0.
1508960223 1 11252.8173828 0. 7.00621222268e-22 0.
1508960283 1 11232.6337891 0. 7.00344621688e-22 0.
1508960343 1 11210.1445312 0. 6.99934101133e-22 0.
1508960403 1 11191.9443359 0. 6.99771013549e-22 0.
1508960463 1 11177.3886719 0. 6.99869743355e-22 0.
1508960523 1 11159.921875 0. 6.99727832122e-22 0.
1508960583 1 11136.5664062 0. 6.99226194217e-22 0.
1508960643 1 11139.6386719 0. 7.00357592049e-22 0.
1508960703 1 11106.0644531 0. 6.99232616648e-22 0.
1508960764 1 11086.3154297 0. 6.98927529459e-22 0.
1508960824 1 11062.8740234 0. 6.98403516185e-22 0.
1508960884 1 11042.0849609 0. 6.97993819645e-22 0.
1508960944 1 11025.7255859 0. 6.97885683394e-22 0.
1508961004 1 11004.3945312 0. 6.974777807e-22 0.
1508961064 1 10980.3808594 0. 6.96931395127e-22 0.
1508961124 1 10959.2675781 0. 6.96518574176e-22 0.
1508961184 1 10933.5507812 0. 6.95792849867e-22 0.
1508961244 1 10915.5742188 0. 6.95577593549e-22 0.
1508961305 1 10894.1660156 0. 6.9509724222e-22 0.
1508961365 1 10876.8720703 0. 6.94915400409e-22 0.
1508961425 1 10857.2333984 0. 6.94557119649e-22 0.
1508961485 1 10776.3779297 0. 6.90243211623e-22 0.
1508961545 1 10802.3330078 0. 6.92822110081e-22 0.
1508961605 1 10795.3623047 0. 6.93289978031e-22 0.
1508961665 1 10793.7392578 0. 6.94106880124e-22 0.
1508961725 1 10779.1103516 0. 6.94066837306e-22 0.
1508961785 1 10761.2988281 0. 6.93829695866e-22 0.
1508961846 1 10738.5683594 0. 6.93281715948e-22 0.
1508961906 1 10727.5898438 0. 6.93448310966e-22 0.
1508961966 1 10713.46875 0. 6.93408219487e-22 0.
1508962026 1 10701.4277344 0. 6.93512438695e-22 0.
1508962086 1 10684.0195312 0. 6.93285785607e-22 0.
1508962146 1 10672.0439453 0. 6.93415158355e-22 0.
1508962206 1 10656.9384766 0. 6.9332654865e-22 0.
1508962266 1 10640.1679688 0. 6.93131804774e-22 0.
1508962326 1 10627.1171875 0. 6.93192315815e-22 0.
1508962387 1 10613.9316406 0. 6.93223088136e-22 0.
1508962447 1 10596.3085938 0. 6.92978169783e-22 0.
1508962507 1 10582.7246094 0. 6.92962174977e-22 0.
1508962567 1 10561.5585938 0. 6.92471930117e-22 0.
1508962627 1 10542.7167969 0. 6.92120373516e-22 0.
1508962687 1 10528.3486328 0. 6.92054287148e-22 0.
1508962747 1 10509.8173828 0. 6.91708351421e-22 0.
1508962807 1 10491.9482422 0. 6.91406508818e-22 0.
1508962867 1 10473.5810547 0. 6.9106599509e-22 0.
1508962928 1 10455.9863281 0. 6.90782448012e-22 0.
1508962988 1 10439.0566406 0. 6.90537682782e-22 0.
1508963023 1 10430.3476562 0. 6.90440690313e-22 0.
1508963050 1 10420.1660156 0. 6.90223665163e-22 0.
1508963103 1 10367.7089844 0. 6.8748665342e-22 0.
1508963163 1 10061.8193359 0. 6.68050434363e-22 0.
1508963223 1 9955.48828125 0. 6.61780900662e-22 0.
1508963283 1 10417.7568359 0. 6.93420917241e-22 0.
1508963344 1 10438.9257812 0. 6.95698037558e-22 0.
1508963404 1 10419.1904297 0. 6.95252523707e-22 0.
1508963464 1 10400.5253906 0. 6.94873615112e-22 0.
1508963524 1 10384.0654297 0. 6.94661109911e-22 0.
1508963584 1 10370.6171875 0. 6.94612742475e-22 0.
1508963644 1 10351.7421875 0. 6.94229413801e-22 0.
1508963704 1 10335.5625 0. 6.94002974818e-22 0.
1508963764 1 10320.9267578 0. 6.93904086698e-22 0.
1508963825 1 10305.1269531 0. 6.93699328523e-22 0.
1508963885 1 10286.7109375 0. 6.93283478386e-22 0.
1508963945 1 10270.7880859 0. 6.93077354175e-22 0.
1508964005 1 10253.828125 0. 6.92788340935e-22 0.
1508964065 1 10237.2080078 0. 6.92532193224e-22 0.
1508964125 1 10220.0302734 0. 6.92221949344e-22 0.
1508964185 1 10204.2460938 0. 6.9202524299e-22 0.
1508964245 1 10188.7978516 0. 6.91851194192e-22 0.
1508964305 1 10174.9433594 0. 6.91786773229e-22 0.
1508964366 1 10160.0009766 0. 6.91589647023e-22 0.
1508964426 1 10144.3232422 0. 6.91350321408e-22 0.
1508964486 1 10125.0087891 0. 6.90885721563e-22 0.
1508964546 1 10109.4755859 0. 6.90665326742e-22 0.
1508964606 1 10095.1708984 0. 6.90550575018e-22 0.
1508964666 1 10083.1875 0. 6.90558624365e-22 0.
1508964726 1 10066.1054688 0. 6.90234261371e-22 0.
1508964786 1 10050.7460938 0. 6.90032957942e-22 0.
1508964846 1 10036.4511719 0. 6.89882804784e-22 0.
1508964907 1 10020.4814453 0. 6.89620849556e-22 0.
1508964967 1 10002.7158203 0. 6.89258358408e-22 0.
1508965027 1 9986.34863281 0. 6.88991331888e-22 0.
1508965087 1 9969.75097656 0. 6.88696978238e-22 0.
1508965147 1 9954.95117188 0. 6.88483580521e-22 0.
1508965187 1 9943.05761719 0. 6.88201412515e-22 0.
1508965216 1 9933.73828125 0. 6.87986882849e-22 0.
1508965265 1 9919.84765625 0. 6.87722296267e-22 0.
1508965325 1 9900.61132812 0. 6.8726534458e-22 0.
1508965385 1 9878.24121094 0. 6.86517830719e-22 0.
1508965445 1 9857.16992188 0. 6.85870452899e-22 0.
1508965505 1 9833.97753906 0. 6.85110132824e-22 0.
1508965565 1 9809.52441406 0. 6.8422321886e-22 0.
1508965625 1 9783.74316406 0. 6.83272007758e-22 0.
1508965686 1 9754.21386719 0. 6.82050270094e-22 0.
1508965746 1 9732.66699219 0. 6.81341228583e-22 0.
1508965806 1 9711.11621094 0. 6.80648733995e-22 0.
1508965866 1 9690.4453125 0. 6.80031681228e-22 0.
1508965926 1 9668.875 0. 6.79324668828e-22 0.
1508965986 1 9640.76171875 0. 6.78177075503e-22 0.
1508966046 1 9623.09960938 0. 6.77744290935e-22 0.
1508966106 1 9605.10546875 0. 6.77292406887e-22 0.
1508966166 1 9594.68164062 0. 6.77393831069e-22 0.
1508966227 1 9600.57714844 0. 6.78607985038e-22 0.
1508966287 1 9587.41308594 0. 6.78510996716e-22 0.
1508966347 1 9565.22363281 0. 6.77726760103e-22 0.
1508966401 1 9550.4765625 0. 6.77374678555e-22 0.
1508966455 1 9534.39550781 0. 6.76956481497e-22 0.
1508966515 1 9517.50195312 0. 6.76609749632e-22 0.
1508966575 1 9503.16210938 0. 6.76423324207e-22 0.
1508966635 1 9490.96191406 0. 6.76352428221e-22 0.
1508966695 1 9479.31542969 0. 6.76316827532e-22 0.
1508966755 1 9455.04003906 0. 6.75402053271e-22 0.
1508966816 1 9434.52441406 0. 6.74750318389e-22 0.
1508966876 1 9418.3671875 0. 6.74389116472e-22 0.
1508966936 1 9398.6875 0. 6.73768910081e-22 0.
1508966985 1 9385.98242188 0. 6.7350901324e-22 0.
1508967010 1 9381.75683594 0. 6.73527596182e-22 0.
1508967025 1 9377.828125 0. 6.73456375795e-22 0.
1508967066 1 9365.53125 0. 6.73109896418e-22 0.
1508967126 1 9343.69335938 0. 6.72345173379e-22 0.
1508967186 1 9324.39160156 0. 6.71768507573e-22 0.
1508967246 1 9311.50097656 0. 6.71609786111e-22 0.
1508967306 1 9296.90527344 0. 6.71329287825e-22 0.
1508967366 1 9286.45214844 0. 6.71356374538e-22 0.
1508967426 1 9272.11621094 0. 6.71087673446e-22 0.
1508967487 1 9260.69140625 0. 6.71071872816e-22 0.
1508967547 1 9256.48046875 0. 6.7153902915e-22 0.
1508967607 1 9255.86132812 0. 6.72332494641e-22 0.
1508967667 1 9245.109375 0. 6.72350567867e-22 0.
1508967727 1 9233.77929688 0. 6.72338350353e-22 0.
1508967787 1 9230.734375 0. 6.72905173749e-22 0.
1508967847 1 9224.88476562 0. 6.73263170625e-22 0.
1508967907 1 9212.3046875 0. 6.73125434705e-22 0.
1508967968 1 9204.53222656 0. 6.73351297048e-22 0.
1508968028 1 9196.87890625 0. 6.73585780282e-22 0.
1508968088 1 9190.91992188 0. 6.73920586238e-22 0.
1508968148 1 9180.64160156 0. 6.73943380662e-22 0.
1508968208 1 9167.88085938 0. 6.73805489954e-22 0.
1508968268 1 9156.52539062 0. 6.73796893085e-22 0.
1508968328 1 9148.35742188 0. 6.73918144757e-22 0.
1508968388 1 9139.76464844 0. 6.74077111089e-22 0.
1508968448 1 9126.98730469 0. 6.73905049687e-22 0.
1508968509 1 9111.8671875 0. 6.73567854459e-22 0.
1508968569 1 9100.12304688 0. 6.73472345799e-22 0.
1508968629 1 9089.49316406 0. 6.73479575784e-22 0.
1508968689 1 9085.00878906 0. 6.73915144958e-22 0.
1508968749 1 9067.45019531 0. 6.73402054031e-22 0.
1508968809 1 9049.51660156 0. 6.72852843517e-22 0.
1508968869 1 9039.14355469 0. 6.72842057258e-22 0.
1508968929 1 9030.08984375 0. 6.72930917064e-22 0.
1508968989 1 9018.93652344 0. 6.72874430493e-22 0.
1508969050 1 9005.44238281 0. 6.72628815307e-22 0.
1508969110 1 8991.31445312 0. 6.72349851612e-22 0.
1508969170 1 8962.02636719 0. 6.70900204354e-22 0.
1508969230 1 8941.0859375 0. 6.70095693321e-22 0.
1508969290 1 8949.9765625 0. 6.71518084381e-22 0.
1508969334 1 8941.13183594 0. 6.71434530569e-22 0.
1508969363 1 8936.13574219 0. 6.71400505255e-22 0.
1508969408 1 8923.87988281 0. 6.71065858868e-22 0.
1508969468 1 8916.63378906 0. 6.71284199718e-22 0.
1508969528 1 8906.16113281 0. 6.71244607792e-22 0.
1508969588 1 8891.02734375 0. 6.70867278368e-22 0.
1508969648 1 8878.70800781 0. 6.70707134355e-22 0.
1508969708 1 8864.60546875 0. 6.70379249244e-22 0.
1508969768 1 8852.08105469 0. 6.70223056745e-22 0.
1508969828 1 8842.12792969 0. 6.70197440961e-22 0.
1508969889 1 8827.88378906 0. 6.69874511014e-22 0.
1508969949 1 8813.44042969 0. 6.69534814984e-22 0.
1508970009 1 8804.08203125 0. 6.69603867745e-22 0.
1508970069 1 8787.21972656 0. 6.69071486812e-22 0.
1508970129 1 8774.55175781 0. 6.68853546861e-22 0.
1508970189 1 8758.22558594 0. 6.68381373768e-22 0.
1508970249 1 8751.25976562 0. 6.68664461226e-22 0.
1508970309 1 8740.14160156 0. 6.68583909865e-22 0.
1508970369 1 8725.40136719 0. 6.68191363843e-22 0.
1508970429 1 8712.78027344 0. 6.68018552939e-22 0.
1508970490 1 8703.29785156 0. 6.68036722415e-22 0.
1508970550 1 8687.95507812 0. 6.6760234349e-22 0.
1508970610 1 8674.44824219 0. 6.67338103988e-22 0.
1508970670 1 8666.46289062 0. 6.67498158512e-22 0.
1508970705 1 8661.38085938 0. 6.67529942068e-22 0.
1508970740 1 8651.71386719 0. 6.67250140226e-22 0.
1508970800 1 8636.34277344 0. 6.66822734447e-22 0.
1508970861 1 8627.35351562 0. 6.66872496999e-22 0.
1508970921 1 8614.23242188 0. 6.66635135624e-22 0.
1508970981 1 8605.00488281 0. 6.66657880649e-22 0.
1508971041 1 8593.90820312 0. 6.6658452902e-22 0.
1508971101 1 8581.890625 0. 6.66398414347e-22 0.
1508971161 1 8566.16601562 0. 6.65916172718e-22 0.
1508971221 1 8555.04882812 0. 6.65809222763e-22 0.
1508971281 1 8542.63085938 0. 6.65589996916e-22 0.
1508971341 1 8532.81835938 0. 6.65578100023e-22 0.
1508971402 1 8522.40917969 0. 6.65478607149e-22 0.
1508971462 1 8507.78515625 0. 6.65102562418e-22 0.
1508971522 1 8496.44726562 0. 6.64965634804e-22 0.
1508971582 1 8487.9296875 0. 6.65037360736e-22 0.
1508971642 1 8474.24609375 0. 6.64720148925e-22 0.
1508971702 1 8463.3125 0. 6.64607266699e-22 0.
1508971762 1 8445.53320312 0. 6.63977363002e-22 0.
1508971822 1 8436.63964844 0. 6.64022301321e-22 0.
1508971865 1 8429.15039062 0. 6.63943765739e-22 0.
1508971907 1 8420.37695312 0. 6.63803746358e-22 0.
1508971967 1 8408.68652344 0. 6.6360886373e-22 0.
1508972028 1 8396.74804688 0. 6.63405778107e-22 0.
1508972088 1 8383.12597656 0. 6.63098486078e-22 0.
1508972148 1 8372.11816406 0. 6.62970442621e-22 0.
1508972208 1 8358.07226562 0. 6.62586377254e-22 0.
1508972268 1 8347.1328125 0. 6.6246711057e-22 0.
1508972323 1 8334.96191406 0. 6.62149712207e-22 0.
1508972379 1 8319.25683594 0. 6.61591030458e-22 0.
1508972439 1 8307.35839844 0. 6.61378294089e-22 0.
1508972499 1 8295.5390625 0. 6.61139027063e-22 0.
1508972559 1 8293.1171875 0. 6.61723811817e-22 0.
1508972619 1 8279.79980469 0. 6.61385586679e-22 0.
1508972679 1 8269.38769531 0. 6.61270598296e-22 0.
1508972739 1 8257.60449219 0. 6.61074098856e-22 0.
1508972800 1 8246.2578125 0. 6.60893666583e-22 0.
1508972860 1 8234.82421875 0. 6.60717129377e-22 0.
1508972920 1 8221.27441406 0. 6.60324419486e-22 0.
1508972980 1 8213.703125 0. 6.60414315435e-22 0.
1508973040 1 8205.125 0. 6.60463710088e-22 0.
1508973100 1 8189.51318359 0. 6.59880458181e-22 0.
1508973160 1 8179.10058594 0. 6.59749396413e-22 0.
1508973220 1 8167.25537109 0. 6.59520507513e-22 0.
1508973280 1 8161.15576172 0. 6.59723804059e-22 0.
1508973341 1 8147.51464844 0. 6.59324755221e-22 0.
1508973401 1 8137.13720703 0. 6.59205940767e-22 0.
1508973461 1 8125.57714844 0. 6.58974527087e-22 0.
1508973521 1 8114.47753906 0. 6.58793299093e-22 0.
1508973581 1 8103.93603516 0. 6.58655217731e-22 0.
1508973641 1 8091.37988281 0. 6.58351831498e-22 0.
1508973701 1 8080.49853516 0. 6.5818126565e-22 0.
1508973736 1 8069.96435547 0. 6.57669698406e-22 0.
1508973747 1 8064.71582031 0. 6.57341462665e-22 0.
1508973782 1 8062.02734375 0. 6.57600309356e-22 0.
1508973842 1 8050.85449219 0. 6.57424092385e-22 0.
1508973902 1 8042.33349609 0. 6.5739956145e-22 0.
1508973962 1 8038.13964844 0. 6.57766278652e-22 0.
1508974022 1 8027.21923828 0. 6.57589310234e-22 0.
1508974082 1 8014.76416016 0. 6.57284962703e-22 0.
1508974143 1 8005.89013672 0. 6.57262064751e-22 0.
1508974203 1 7995.77783203 0. 6.57121604558e-22 0.
1508974263 1 7986.62304688 0. 6.57076169905e-22 0.
1508974323 1 7978.06689453 0. 6.57075807115e-22 0.
1508974383 1 7968.02734375 0. 6.56950517145e-22 0.
1508974443 1 7959.74609375 0. 6.56976643179e-22 0.
1508974503 1 7951.87451172 0. 6.57026853153e-22 0.
1508974557 1 7941.19287109 0. 6.56772272536e-22 0.
1508974590 1 7934.03369141 0. 6.56530064303e-22 0.
1508974630 1 7925.55859375 0. 6.56314906644e-22 0.
1508974690 1 7915.02539062 0. 6.56131319332e-22 0.
1508974750 1 7904.71044922 0. 6.55966133953e-22 0.
1508974810 1 7895.28222656 0. 6.55903610242e-22 0.
1508974870 1 7886.30419922 0. 6.55848520182e-22 0.
1508974931 1 7873.10009766 0. 6.55427872391e-22 0.
1508974991 1 7863.26220703 0. 6.55319445563e-22 0.
1508975051 1 7854.48730469 0. 6.55277637211e-22 0.
1508975111 1 7841.03564453 0. 6.54824640426e-22 0.
1508975171 1 7833.40771484 0. 6.54898620497e-22 0.
1508975231 1 7820.09179688 0. 6.54532357687e-22 0.
1508975291 1 7807.66162109 0. 6.54175058112e-22 0.
1508975351 1 7807.02832031 0. 6.54810143098e-22 0.
1508975411 1 7793.79345703 0. 6.54394465461e-22 0.
1508975472 1 7777.21435547 0. 6.53702069076e-22 0.
1508975532 1 7767.34472656 0. 6.53562445826e-22 0.
1508975592 1 7760.34814453 0. 6.5366298803e-22 0.
1508975652 1 7751.66650391 0. 6.53619970121e-22 0.
1508975712 1 7735.48388672 0. 6.52925550526e-22 0.
1508975772 1 7722.74169922 0. 6.52556276863e-22 0.
1508975832 1 7716.39111328 0. 6.52710096867e-22 0.
1508975892 1 7703.02001953 0. 6.522887331e-22 0.
1508975952 1 7694.43359375 0. 6.52237322925e-22 0.
1508976013 1 7685.12744141 0. 6.52142315024e-22 0.
1508976073 1 7673.55126953 0. 6.51850438597e-22 0.
1508976133 1 7665.15332031 0. 6.51853411079e-22 0.
1508976193 1 7654.44433594 0. 6.51625577651e-22 0.
1508976253 1 7650.13867188 0. 6.51930288012e-22 0.
1508976313 1 7641.06054688 0. 6.51851446536e-22 0.
1508976348 1 7631.45019531 0. 6.51401954205e-22 0.
1508976384 1 7624.24511719 0. 6.51221527002e-22 0.
1508976444 1 7614.74902344 0. 6.51069240014e-22 0.
1508976504 1 7604.50146484 0. 6.50876534904e-22 0.
1508976564 1 7594.51904297 0. 6.50705052388e-22 0.
1508976624 1 7586.95605469 0. 6.50724433484e-22 0.
1508976684 1 7574.49707031 0. 6.5037525477e-22 0.
1508976744 1 7563.34423828 0. 6.5012042295e-22 0.
1508976804 1 7551.14990234 0. 6.49766960243e-22 0.
1508976864 1 7546.12011719 0. 6.50024975979e-22 0.
1508976900 1 7535.17333984 0. 6.49429440056e-22 0.
1508976910 1 7538.27929688 0. 6.49828302015e-22 0.
1508976945 1 7533.50292969 0. 6.49834438038e-22 0.
1508977006 1 7523.12744141 0. 6.49602516454e-22 0.
1508977066 1 7511.76269531 0. 6.49295763741e-22 0.
1508977126 1 7502.44433594 0. 6.49187184049e-22 0.
1508977186 1 7492.39111328 0. 6.48986513092e-22 0.
1508977246 1 7479.87744141 0. 6.48577799613e-22 0.
1508977306 1 7475.12109375 0. 6.48829806277e-22 0.
1508977363 1 7464.27636719 0. 6.48538575511e-22 0.
1508977421 1 7453.24267578 0. 6.48224874677e-22 0.
1508977481 1 7443.56787109 0. 6.4805349565e-22 0.
1508977541 1 7435.17089844 0. 6.47974282474e-22 0.
1508977601 1 7426.83251953 0. 6.47903071579e-22 0.
1508977662 1 7416.96240234 0. 6.47700656234e-22 0.
1508977716 1 7405.6015625 0. 6.47286708169e-22 0.
1508977771 1 7403.21386719 0. 6.47698552005e-22 0.
1508977831 1 7389.98681641 0. 6.471789579e-22 0.
1508977867 1 7386.01611328 0. 6.47200583341e-22 0.
1508977887 1 7383.32324219 0. 6.4723345259e-22 0.
1508977933 1 7375.04394531 0. 6.46962578955e-22 0.
1508977978 1 7367.0234375 0. 6.46737268588e-22 0.
1508978024 1 7358.81005859 0. 6.46501297413e-22 0.
1508978084 1 7352.97460938 0. 6.46659120139e-22 0.
1508978145 1 7342.00146484 0. 6.46355636401e-22 0.
1508978205 1 7328.04052734 0. 6.45781383368e-22 0.
1508978266 1 7319.28955078 0. 6.45670779981e-22 0.
1508978326 1 7311.55175781 0. 6.45662467828e-22 0.
1508978387 1 7299.50488281 0. 6.4525902938e-22 0.
1508978447 1 7291.83349609 0. 6.45273453584e-22 0.
1508978507 1 7284.9375 0. 6.45293142919e-22 0.
1508978568 1 7274.21582031 0. 6.44978554365e-22 0.
1508978628 1 7264.21386719 0. 6.44758574513e-22 0.
1508978688 1 7250.22314453 0. 6.44155586042e-22 0.
1508978748 1 7246.60400391 0. 6.44466634945e-22 0.
1508978808 1 7237.57177734 0. 6.44310543592e-22 0.
1508978868 1 7227.12939453 0. 6.44009849594e-22 0.
1508978928 1 7207.62402344 0. 6.42924890971e-22 0.
1508978988 1 7183.10742188 0. 6.41396069365e-22 0.
1508979049 1 7195.34179688 0. 6.43116021038e-22 0.
1508979109 1 7193.34716797 0. 6.4361082699e-22 0.
1508979169 1 7182.94189453 0. 6.43322091319e-22 0.
1508979229 1 7178.32568359 0. 6.43546383673e-22 0.
1508979289 1 7174.77783203 0. 6.43864359146e-22 0.
1508979349 1 7164.61376953 0. 6.43589638092e-22 0.
1508979409 1 7155.80957031 0. 6.43474892536e-22 0.
1508979469 1 7145.10986328 0. 6.43183512659e-22 0.
1508979529 1 7138.00683594 0. 6.43196102294e-22 0.
1508979590 1 7132.02587891 0. 6.43321518911e-22 0.
1508979650 1 7126.33837891 0. 6.43461805909e-22 0.
1508979710 1 7116.05957031 0. 6.43166874371e-22 0.
1508979770 1 7110.91943359 0. 6.43348147702e-22 0.
1508979830 1 7103.70263672 0. 6.43349662928e-22 0.
1508979890 1 7095.515625 0. 6.43250808972e-22 0.
1508979950 1 7083.11230469 0. 6.42778005212e-22 0.
1508980010 1 7079.65576172 0. 6.43108252924e-22 0.
1508980070 1 7073.75537109 0. 6.43211886681e-22 0.
1508980131 1 7064.05957031 0. 6.43004522966e-22 0.
1508980191 1 7055.40917969 0. 6.42895828576e-22 0.
1508980251 1 7046.34765625 0. 6.42744730369e-22 0.
1508980311 1 7034.50292969 0. 6.42323153162e-22 0.
1508980371 1 7027.28662109 0. 6.42304308202e-22 0.
1508980431 1 7021.17480469 0. 6.42400357842e-22 0.
1508980491 1 7014.12744141 0. 6.42385574661e-22 0.
1508980551 1 7005.49365234 0. 6.42214784152e-22 0.
1508980612 1 6994.12939453 0. 6.41826142653e-22 0.
1508980672 1 6981.54199219 0. 6.41319979284e-22 0.
1508980732 1 6974.99072266 0. 6.41387973254e-22 0.
1508980792 1 6968.02734375 0. 6.41366240216e-22 0.
1508980833 1 6960.99121094 0. 6.41144625957e-22 0.
1508980875 1 6958.28027344 0. 6.41362718422e-22 0.
1508980935 1 6946.46728516 0. 6.4092072577e-22 0.
1508980995 1 6938.07958984 0. 6.40778461991e-22 0.
1508981056 1 6929.89208984 0. 6.4064812353e-22 0.
1508981092 1 6925.63427734 0. 6.40592411088e-22 0.
1508981129 1 6920.75195312 0. 6.40563435944e-22 0.
1508981189 1 6913.34179688 0. 6.40514595405e-22 0.
1508981249 1 6902.72900391 0. 6.40169283133e-22 0.
1508981309 1 6895.01708984 0. 6.40083753512e-22 0.
1508981369 1 6885.63769531 0. 6.39848795524e-22 0.
1508981429 1 6874.45800781 0. 6.3941437308e-22 0.
1508981489 1 6866.81005859 0. 6.39350392168e-22 0.
1508981549 1 6859.25341797 0. 6.39265534707e-22 0.
1508981610 1 6850.75830078 0. 6.39117255634e-22 0.
1508981670 1 6840.59082031 0. 6.38788324043e-22 0.
1508981730 1 6830.92578125 0. 6.38499599013e-22 0.
1508981790 1 6822.52539062 0. 6.38360314168e-22 0.
1508981850 1 6815.59179688 0. 6.38311232581e-22 0.
1508981910 1 6808.50292969 0. 6.38281459345e-22 0.
1508981970 1 6799.03173828 0. 6.3801859085e-22 0.
1508982030 1 6789.55029297 0. 6.3777240831e-22 0.
1508982090 1 6781.21630859 0. 6.37629246014e-22 0.
1508982126 1 6778.48535156 0. 6.37693369951e-22 0.
1508982161 1 6773.06542969 0. 6.37566493333e-22 0.
1508982221 1 6765.95703125 0. 6.37529860844e-22 0.
1508982281 1 6757.67822266 0. 6.37345733268e-22 0.
1508982341 1 6748.64208984 0. 6.37095600051e-22 0.
1508982401 1 6739.07519531 0. 6.36844535239e-22 0.
1508982439 1 6741.69433594 0. 6.3746309504e-22 0.
1508982477 1 6740.24853516 0. 6.37713693469e-22 0.
1508982538 1 6734.64306641 0. 6.37788252223e-22 0.
1508982598 1 6728.28759766 0. 6.37795192473e-22 0.
1508982658 1 6719.68505859 0. 6.37566380085e-22 0.
1508982718 1 6710.99902344 0. 6.37368281062e-22 0.
1508982778 1 6703.91992188 0. 6.37309396796e-22 0.
1508982838 1 6694.90136719 0. 6.37066964187e-22 0.
1508982898 1 6687.56933594 0. 6.36983806903e-22 0.
1508982958 1 6678.07128906 0. 6.3669925284e-22 0.
1508983018 1 6670.71923828 0. 6.36622719751e-22 0.
1508983079 1 6663.22851562 0. 6.36526933094e-22 0.
1508983139 1 6656.42480469 0. 6.36489719816e-22 0.
1508983199 1 6648.27392578 0. 6.3633761854e-22 0.
1508983259 1 6640.41601562 0. 6.36219023757e-22 0.
1508983319 1 6632.66748047 0. 6.36094172294e-22 0.
1508983379 1 6623.97314453 0. 6.35877724234e-22 0.
1508983439 1 6616.46582031 0. 6.35769718471e-22 0.
1508983499 1 6608.93017578 0. 6.35659713162e-22 0.
1508983559 1 6600.62890625 0. 6.3548588362e-22 0.
1508983620 1 6593.47949219 0. 6.35427500169e-22 0.
1508983680 1 6585.27050781 0. 6.35240119671e-22 0.
1508983740 1 6577.14160156 0. 6.35065951003e-22 0.
1508983800 1 6568.48974609 0. 6.34817891823e-22 0.
1508983860 1 6560.20800781 0. 6.34654713255e-22 0.
1508983920 1 6554.78564453 0. 6.34743944829e-22 0.
1508983980 1 6546.04541016 0. 6.34525986288e-22 0.
1508984040 1 6533.90625 0. 6.33933764189e-22 0.
1508984101 1 6533.45800781 0. 6.34546840745e-22 0.
1508984161 1 6524.20898438 0. 6.34321464744e-22 0.
1508984221 1 6517.02539062 0. 6.34217914183e-22 0.
1508984281 1 6505.16992188 0. 6.33676352202e-22 0.
1508984341 1 6497.65087891 0. 6.33535082178e-22 0.
1508984401 1 6489.42675781 0. 6.33344043403e-22 0.
1508984461 1 6481.95458984 0. 6.33237146591e-22 0.
1508984521 1 6473.21142578 0. 6.32954990031e-22 0.
1508984581 1 6465.98486328 0. 6.32860404941e-22 0.
1508984641 1 6457.07226562 0. 6.32559381357e-22 0.
1508984702 1 6449.12988281 0. 6.32402397749e-22 0.
1508984754 1 6442.97851562 0. 6.32316164804e-22 0.
1508984806 1 6436.46044922 0. 6.32209819576e-22 0.
1508984866 1 6427.53173828 0. 6.31937343312e-22 0.
1508984926 1 6419.37158203 0. 6.31755970906e-22 0.
1508984987 1 6415.67333984 0. 6.31962436299e-22 0.
1508985047 1 6407.92138672 0. 6.31769922017e-22 0.
1508985107 1 6399.80615234 0. 6.31541685673e-22 0.
1508985167 1 6393.44677734 0. 6.3148532041e-22 0.
1508985227 1 6384.01904297 0. 6.3118357178e-22 0.
1508985287 1 6378.44140625 0. 6.31233131473e-22 0.
1508985347 1 6371.16601562 0. 6.31107911136e-22 0.
1508985407 1 6361.93603516 0. 6.30779628711e-22 0.
1508985467 1 6356.96533203 0. 6.308670992e-22 0.
1508985528 1 6346.43261719 0. 6.30414597006e-22 0.
1508985588 1 6332.56884766 0. 6.29615942153e-22 0.
1508985648 1 6329.63476562 0. 6.29890215457e-22 0.
1508985708 1 6324.63574219 0. 6.29967232065e-22 0.
1508985768 1 6317.70898438 0. 6.29863556301e-22 0.
1508985828 1 6310.70654297 0. 6.29741270982e-22 0.
1508985888 1 6304.37011719 0. 6.29699952131e-22 0.
1508985948 1 6295.50830078 0. 6.29362805803e-22 0.
1508986008 1 6289.82617188 0. 6.29343531188e-22 0.
1508986069 1 6282.69677734 0. 6.29223547735e-22 0.
1508986129 1 6275.37109375 0. 6.29113795369e-22 0.
1508986189 1 6269.14941406 0. 6.29064889916e-22 0.
1508986249 1 6262.26464844 0. 6.28949216724e-22 0.
1508986309 1 6251.51025391 0. 6.28529839438e-22 0.
1508986369 1 6243.81933594 0. 6.28303852779e-22 0.
1508986429 1 6235.57617188 0. 6.28046459301e-22 0.
1508986489 1 6228.93847656 0. 6.27942900615e-22 0.
1508986550 1 6218.72998047 0. 6.27509554369e-22 0.
1508986610 1 6212.29882812 0. 6.27427702573e-22 0.
1508986670 1 6206.35302734 0. 6.27415621445e-22 0.
1508986730 1 6199.18115234 0. 6.27273335563e-22 0.
1508986790 1 6189.65869141 0. 6.26908835746e-22 0.
1508986850 1 6183.61279297 0. 6.26908656992e-22 0.
1508986910 1 6177.91992188 0. 6.26879348024e-22 0.
1508986970 1 6170.328125 0. 6.26696693829e-22 0.
1508987030 1 6164.59423828 0. 6.26705780243e-22 0.
1508987091 1 6156.16259766 0. 6.26422425442e-22 0.
1508987151 1 6148.35498047 0. 6.26193245129e-22 0.
1508987211 1 6143.92089844 0. 6.2632204087e-22 0.
1508987271 1 6135.09912109 0. 6.26082434418e-22 0.
1508987331 1 6127.70800781 0. 6.25891234119e-22 0.
1508987391 1 6117.91748047 0. 6.25450644061e-22 0.
1508987451 1 6111.16455078 0. 6.2537804792e-22 0.
1508987511 1 6101.43554688 0. 6.24973173049e-22 0.
1508987571 1 6093.01757812 0. 6.24648169348e-22 0.
1508987632 1 6086.67431641 0. 6.24572225159e-22 0.
1508987692 1 6078.703125 0. 6.24370759401e-22 0.
1508987752 1 6075.35400391 0. 6.24622528416e-22 0.
1508987812 1 6068.94824219 0. 6.24558965332e-22 0.
1508987872 1 6059.12988281 0. 6.24137411074e-22 0.
1508987932 1 6056.03173828 0. 6.2442818027e-22 0.
1508987992 1 6043.95849609 0. 6.23755024741e-22 0.
1508988052 1 6037.48388672 0. 6.23707739858e-22 0.
1508988112 1 6032.75488281 0. 6.23787953608e-22 0.
1508988172 1 6022.14794922 0. 6.23251740795e-22 0.
1508988233 1 6014.12890625 0. 6.22993141875e-22 0.
1508988293 1 6008.21240234 0. 6.22927993264e-22 0.
1508988353 1 6000.70996094 0. 6.22728648169e-22 0.
1508988397 1 5994.80419922 0. 6.22519799341e-22 0.
1508988440 1 5988.45751953 0. 6.22282842619e-22 0.
1508988476 1 5985.61523438 0. 6.22301265302e-22 0.
1508988511 1 5982.02490234 0. 6.22299970071e-22 0.
1508988571 1 5974.76367188 0. 6.22085072715e-22 0.
1508988631 1 5963.70458984 0. 6.21476887904e-22 0.
1508988691 1 5960.43408203 0. 6.21663237225e-22 0.
1508988751 1 5954.14160156 0. 6.21571061223e-22 0.
1508988811 1 5943.05615234 0. 6.20975283525e-22 0.
1508988851 1 5934.79052734 0. 6.20434750694e-22 0.
1508988892 1 5929.05859375 0. 6.20218650522e-22 0.
1508988952 1 5922.24169922 0. 6.20060778403e-22 0.
1508989012 1 5914.42578125 0. 6.19798219134e-22 0.
1508989072 1 5907.48681641 0. 6.19642641928e-22 0.
1508989132 1 5911.86865234 0. 6.206794592e-22 0.
1508989192 1 5903.74072266 0. 6.20381351052e-22 0.
1508989252 1 5895.63818359 0. 6.2007543938e-22 0.
1508989313 1 5888.78125 0. 6.19893047299e-22 0.
1508989373 1 5883.00097656 0. 6.19840516568e-22 0.
1508989433 1 5877.06933594 0. 6.19760975891e-22 0.
1508989493 1 5874.640625 0. 6.20081244863e-22 0.
1508989553 1 5870.57128906 0. 6.20191978304e-22 0.
1508989613 1 5866.86914062 0. 6.20362237955e-22 0.
1508989673 1 5861.82275391 0. 6.20347797494e-22 0.
1508989733 1 5854.92822266 0. 6.2015441196e-22 0.
1508989793 1 5848.75830078 0. 6.20059866724e-22 0.
1508989854 1 5838.02246094 0. 6.19482446391e-22 0.
1508989914 1 5838.56298828 0. 6.20085269998e-22 0.
1508989974 1 5834.48388672 0. 6.20224548519e-22 0.
1508990034 1 5827.84423828 0. 6.20076361302e-22 0.
1508990094 1 5823.33203125 0. 6.2014882283e-22 0.
1508990154 1 5816.29589844 0. 6.19937282032e-22 0.
1508990214 1 5810.12451172 0. 6.19805755973e-22 0.
1508990274 1 5800.41552734 0. 6.1932308637e-22 0.
1508990335 1 5794.40136719 0. 6.19259164218e-22 0.
1508990395 1 5790.34863281 0. 6.19390413187e-22 0.
1508990455 1 5784.63427734 0. 6.19327213894e-22 0.
1508990515 1 5776.28515625 0. 6.19009179027e-22 0.
1508990575 1 5772.61523438 0. 6.1915254751e-22 0.
1508990635 1 5764.05566406 0. 6.18774681753e-22 0.
1508990695 1 5758.95703125 0. 6.18775160133e-22 0.
1508990755 1 5752.19433594 0. 6.18587426294e-22 0.
1508990815 1 5744.78417969 0. 6.18374138468e-22 0.
1508990876 1 5737.87109375 0. 6.18209927013e-22 0.
1508990936 1 5733.12207031 0. 6.18247243037e-22 0.
1508990996 1 5725.52490234 0. 6.17985424541e-22 0.
1508991056 1 5719.17919922 0. 6.17842133115e-22 0.
1508991116 1 5565.96826172 0. 6.01859065907e-22 0.
1508991176 1 5499.77246094 0. 5.95212676749e-22 0.
1508991236 1 5714.2421875 0. 6.18981897837e-22 0.
1508991296 1 5710.63525391 0. 6.19147763463e-22 0.
1508991356 1 5704.79394531 0. 6.19070010302e-22 0.
1508991417 1 5697.61523438 0. 6.18868119373e-22 0.
1508991477 1 5690.52197266 0. 6.18646603617e-22 0.
1508991537 1 5685.54052734 0. 6.1865593316e-22 0.
1508991597 1 5681.6484375 0. 6.18707941824e-22 0.
1508991657 1 5678.23046875 0. 6.18809763993e-22 0.
1508991717 1 5677.64404297 0. 6.19196706467e-22 0.
1508991777 1 5671.38623047 0. 6.1893896332e-22 0.
1508991837 1 5666.15332031 0. 6.18848559899e-22 0.
1508991897 1 5655.04052734 0. 6.18077353451e-22 0.
1508991958 1 5649.85791016 0. 6.18002161833e-22 0.
1508992018 1 5644.33007812 0. 6.17953263827e-22 0.
1508992078 1 5636.59423828 0. 6.17648544728e-22 0.
1508992138 1 5631.01660156 0. 6.17588585417e-22 0.
1508992198 1 5624.39990234 0. 6.17432310158e-22 0.
1508992258 1 5618.05078125 0. 6.1725692618e-22 0.
1508992318 1 5611.76464844 0. 6.17093305216e-22 0.
1508992378 1 5609.11376953 0. 6.17344712239e-22 0.
1508992438 1 5604.22119141 0. 6.1733613298e-22 0.
1508992499 1 5597.70654297 0. 6.17139589881e-22 0.
1508992554 1 5372.375 0. 5.92842621777e-22 0.
1508992610 1 0.128544822335 0. 9.52291252179e-23 0.
