1509079083 1 10978.3417969 0. 4.06825051432e-22 0.
1509079143 1 11026.9511719 0. 4.09428260667e-22 0.
1509079198 1 10944.1230469 0. 4.07067194634e-22 0.
1509079244 1 10779.3574219 0. 4.01514254449e-22 0.
1509079294 1 10861.75 0. 4.05225837246e-22 0.
1509079339 1 10869.7246094 0. 4.0607132282e-22 0.
1509079370 1 10953.2236328 0. 4.0959333729e-22 0.
1509079416 1 10988.9775391 0. 4.1148294757e-22 0.
1509079476 1 11042.7119141 0. 4.14233533967e-22 0.
1509079536 1 11284.5273438 0. 4.24075592176e-22 0.
1509079596 1 10778.2783203 0. 4.05743822757e-22 0.
1509079656 1 10839.0761719 0. 4.08726865454e-22 0.
1509079717 1 11022.1552734 0. 4.16322656075e-22 0.
1509079777 1 10839.5419922 0. 4.10098847341e-22 0.
1509079837 1 10831.7988281 0. 4.10486290848e-22 0.
1509079897 1 10906.1474609 0. 4.13949167408e-22 0.
1509079957 1 10909.5097656 0. 4.14729533729e-22 0.
1509080017 1 10981.2802734 0. 4.1814394691e-22 0.
1509080077 1 10918.7304688 0. 4.16420618112e-22 0.
1509080137 1 10892.3251953 0. 4.16038341973e-22 0.
1509080197 1 11078.9121094 0. 4.23837859415e-22 0.
1509080258 1 11144.640625 0. 4.27027628243e-22 0.
1509080318 1 11197.7119141 0. 4.29716085946e-22 0.
1509080378 1 10879.1162109 0. 4.18125629779e-22 0.
1509080438 1 11154.6816406 0. 4.29357634094e-22 0.
1509080498 1 11149.171875 0. 4.29795625529e-22 0.
1509080558 1 11072.9873047 0. 4.27486400689e-22 0.
1509080618 1 11007.5117188 0. 4.25605218234e-22 0.
1509080678 1 10864.9169922 0. 4.20693453529e-22 0.
1509080738 1 11147.7275391 0. 4.32275875015e-22 0.
1509080799 1 10966.8066406 0. 4.25888746695e-22 0.
1509080859 1 11002.7412109 0. 4.27893138193e-22 0.
1509080919 1 10984.7695312 0. 4.27808197407e-22 0.
1509080979 1 10880.5283203 0. 4.24344128114e-22 0.
1509081014 1 10973.9863281 0. 4.28324175644e-22 0.
1509081049 1 10979.8476562 0. 4.28933561178e-22 0.
1509081109 1 11016.7939453 0. 4.30989482445e-22 0.
1509081169 1 10836.0849609 0. 4.24522775417e-22 0.
1509081230 1 10995.7695312 0. 4.3141333167e-22 0.
1509081290 1 11200.9335938 0. 4.40086114323e-22 0.
1509081350 1 11152.3427734 0. 4.38754154743e-22 0.
1509081410 1 11199.7001953 0. 4.41243976973e-22 0.
1509081470 1 11256.9091797 0. 4.44136058114e-22 0.
1509081530 1 11071.0351562 0. 4.37407545431e-22 0.
1509081588 1 10940.8095703 0. 4.32825549111e-22 0.
1509081646 1 11081.7871094 0. 4.38988067344e-22 0.
1509081706 1 10952.6689453 0. 4.34480726992e-22 0.
1509081766 1 11076.7978516 0. 4.39985246767e-22 0.
1509081826 1 10835.9121094 0. 4.30987650027e-22 0.
1509081887 1 10925.9433594 0. 4.35157834814e-22 0.
1509081947 1 10959.5380859 0. 4.37114872267e-22 0.
1509082007 1 10841.5009766 0. 4.33000846772e-22 0.
1509082067 1 10988.5146484 0. 4.39486075138e-22 0.
1509082127 1 10888.6962891 0. 4.36066068514e-22 0.
1509082187 1 10857.8632812 0. 4.35428409161e-22 0.
1509082247 1 10832.7421875 0. 4.35013025719e-22 0.
1509082307 1 10808.0029297 0. 4.34579211035e-22 0.
1509082367 1 10916.9482422 0. 4.39540296807e-22 0.
1509082428 1 10771.5537109 0. 4.34263594787e-22 0.
1509082488 1 10810.2363281 0. 4.3640486651e-22 0.
1509082548 1 10853.2089844 0. 4.38708079225e-22 0.
1509082595 1 10910.3603516 0. 4.41467222607e-22 0.
1509082641 1 10909.4921875 0. 4.41913907928e-22 0.
1509082702 1 10931.3271484 0. 4.43400555264e-22 0.
1509082762 1 11009.8144531 0. 4.47150708465e-22 0.
1509082822 1 11048.6376953 0. 4.49323255462e-22 0.
1509082882 1 11068.6181641 0. 4.50730852461e-22 0.
1509082942 1 11052.7910156 0. 4.50669616699e-22 0.
1509083002 1 11055.2744141 0. 4.51378994999e-22 0.
1509083060 1 11118.4492188 0. 4.54547770974e-22 0.
1509083098 1 11117.9111328 0. 4.54858987156e-22 0.
1509083137 1 11127.8447266 0. 4.5566984685e-22 0.
1509083197 1 11169.34375 0. 4.5796001779e-22 0.
1509083257 1 11350.5322266 0. 4.66026303278e-22 0.
1509083317 1 12926.3310547 0. 5.31503262102e-22 0.
1509083378 1 14576.3945312 0. 6.00207550837e-22 0.
1509083438 1 15154.0654297 0. 6.24944816395e-22 0.
1509083498 1 15162.9423828 0. 6.26227640991e-22 0.
1509083558 1 15201.7626953 0. 6.28727314509e-22 0.
1509083618 1 15157.7119141 0. 6.27803485847e-22 0.
1509083668 1 15164.2753906 0. 6.2886462681e-22 0.
1509083706 1 15190.3564453 0. 6.30498353014e-22 0.
1509083746 1 15217.0341797 0. 6.32263675202e-22 0.
1509083773 1 15249.6103516 0. 6.34034907514e-22 0.
1509083808 1 15240.5771484 0. 6.34189047557e-22 0.
1509083868 1 15253.9179688 0. 6.35672147244e-22 0.
1509083909 1 15220.6777344 0. 6.34903201816e-22 0.
1509083950 1 15174.5390625 0. 6.33618943367e-22 0.
1509084010 1 15190.9257812 0. 6.35215004562e-22 0.
1509084070 1 15223.3632812 0. 6.3748610544e-22 0.
1509084130 1 15224.7646484 0. 6.3848562941e-22 0.
1509084177 1 15253.890625 0. 6.40425737937e-22 0.
1509084225 1 15200.0810547 0. 6.38904250429e-22 0.
1509084267 1 15186.9716797 0. 6.39017304078e-22 0.
1509084284 1 15136.0107422 0. 6.37120678474e-22 0.
1509084319 1 15139.7539062 0. 6.37873322219e-22 0.
1509084366 1 15099.4472656 0. 6.36887577626e-22 0.
1509084414 1 15065.6923828 0. 6.36220827349e-22 0.
1509084462 1 15000.3066406 0. 6.34180407393e-22 0.
1509084510 1 15077.8984375 0. 6.38217434347e-22 0.
1509084570 1 15059.5742188 0. 6.38357340865e-22 0.
1509084631 1 15005.1044922 0. 6.36938194354e-22 0.
1509084691 1 14977.2724609 0. 6.36714205917e-22 0.
1509084751 1 14945.5908203 0. 6.36287601876e-22 0.
1509084811 1 14934.7910156 0. 6.36733430915e-22 0.
1509084871 1 14893.1376953 0. 6.35876707267e-22 0.
1509084931 1 14884.6689453 0. 6.36428763696e-22 0.
1509084991 1 14874.84375 0. 6.36932386785e-22 0.
1509085051 1 14880.3652344 0. 6.38074864179e-22 0.
1509085111 1 14863.2060547 0. 6.38244157926e-22 0.
1509085172 1 14804.8828125 0. 6.36635407873e-22 0.
1509085232 1 14791.0 0. 6.36940424612e-22 0.
1509085274 1 14806.2167969 0. 6.38231207133e-22 0.
1509085316 1 14892.6962891 0. 6.42587401435e-22 0.
1509085376 1 14821.7255859 0. 6.4045549979e-22 0.
1509085436 1 14774.1982422 0. 6.39304832231e-22 0.
1509085496 1 14887.2734375 0. 6.45102169345e-22 0.
1509085556 1 15048.6582031 0. 6.53046760658e-22 0.
1509085617 1 14969.8876953 0. 6.50552425185e-22 0.
1509085677 1 14993.8183594 0. 6.52516160974e-22 0.
1509085737 1 14986.1875 0. 6.53142241879e-22 0.
1509085779 1 15011.2587891 0. 6.54856147736e-22 0.
1509085801 1 14990.8652344 0. 6.54312359446e-22 0.
1509085840 1 14972.3876953 0. 6.54143357228e-22 0.
1509085900 1 14932.2666016 0. 6.5331534239e-22 0.
1509085960 1 14891.2431641 0. 6.52459232547e-22 0.
1509086020 1 14867.6503906 0. 6.5237493048e-22 0.
1509086080 1 14836.0478516 0. 6.51869500292e-22 0.
1509086141 1 14826.8320312 0. 6.52425641796e-22 0.
1509086201 1 14862.6904297 0. 6.54943403301e-22 0.
1509086261 1 14815.890625 0. 6.53797023996e-22 0.
1509086297 1 14825.5966797 0. 6.54740611413e-22 0.
1509086313 1 14854.5068359 0. 6.5629368381e-22 0.
1509086354 1 14830.7626953 0. 6.55904903528e-22 0.
1509086397 1 14839.6884766 0. 6.56962289118e-22 0.
1509086440 1 14774.3291016 0. 6.54736644765e-22 0.
1509086500 1 14958.953125 0. 6.63861449117e-22 0.
1509086560 1 15053.4960938 0. 6.68978374145e-22 0.
1509086620 1 15026.3886719 0. 6.6881881716e-22 0.
1509086680 1 14992.3769531 0. 6.68270089127e-22 0.
1509086740 1 14990.9101562 0. 6.69113738426e-22 0.
1509086801 1 15008.7529297 0. 6.70889424623e-22 0.
1509086861 1 14987.6298828 0. 6.70890245935e-22 0.
1509086905 1 14972.7558594 0. 6.70887546046e-22 0.
1509086949 1 14987.3320312 0. 6.72279672937e-22 0.
1509087009 1 14943.9033203 0. 6.71301772476e-22 0.
1509087069 1 14899.4384766 0. 6.70226789729e-22 0.
1509087129 1 14861.9521484 0. 6.6950614024e-22 0.
1509087189 1 14869.34375 0. 6.70823775289e-22 0.
1509087249 1 14858.6904297 0. 6.71306689052e-22 0.
1509087309 1 14841.3203125 0. 6.71454823702e-22 0.
1509087370 1 14836.1474609 0. 6.72181453042e-22 0.
1509087430 1 14810.1113281 0. 6.71943081678e-22 0.
1509087490 1 14816.4921875 0. 6.73175356219e-22 0.
1509087550 1 14795.8222656 0. 6.73182635795e-22 0.
1509087610 1 14787.6865234 0. 6.73776921528e-22 0.
1509087670 1 14918.6855469 0. 6.80743445963e-22 0.
1509087730 1 14955.6806641 0. 6.83376807519e-22 0.
1509087790 1 14930.0126953 0. 6.83167220618e-22 0.
1509087851 1 14922.3037109 0. 6.83781784406e-22 0.
1509087911 1 14879.1025391 0. 6.82773077784e-22 0.
1509087971 1 14884.8056641 0. 6.84008183247e-22 0.
1509088031 1 14825.7724609 0. 6.82261247933e-22 0.
1509088092 1 14810.1445312 0. 6.82516144847e-22 0.
1509088152 1 14901.5507812 0. 6.8772344108e-22 0.
1509088212 1 14938.3203125 0. 6.90438816304e-22 0.
1509088272 1 14903.7373047 0. 6.89803495614e-22 0.
1509088332 1 14896.3076172 0. 6.90443252655e-22 0.
1509088392 1 14884.3544922 0. 6.9089779612e-22 0.
1509088452 1 14867.4501953 0. 6.91092752484e-22 0.
1509088512 1 14845.7832031 0. 6.91041993216e-22 0.
1509088572 1 14823.8535156 0. 6.91003382915e-22 0.
1509088633 1 14803.8349609 0. 6.91026315913e-22 0.
1509088693 1 14816.8798828 0. 6.92604770282e-22 0.
1509088753 1 14868.5908203 0. 6.96018950978e-22 0.
1509088803 1 14860.2275391 0. 6.96478323428e-22 0.
1509088854 1 14812.2607422 0. 6.95068479427e-22 0.
1509088914 1 14788.3798828 0. 6.94932727e-22 0.
1509088965 1 14807.5341797 0. 6.96634646732e-22 0.
1509089016 1 14881.5449219 0. 7.00955184827e-22 0.
1509089076 1 14838.4013672 0. 6.99922779893e-22 0.
1509089136 1 14811.7832031 0. 6.99691500443e-22 0.
1509089196 1 14786.8476562 0. 6.99510728348e-22 0.
1509089256 1 14790.7724609 0. 7.00715213465e-22 0.
1509089316 1 14805.7568359 0. 7.0245589849e-22 0.
1509089351 1 14775.9746094 0. 7.01616651655e-22 0.
1509089387 1 14779.1748047 0. 7.02371945081e-22 0.
1509089447 1 14760.4970703 0. 7.02467010713e-22 0.
1509089507 1 14747.5751953 0. 7.02848470235e-22 0.
1509089567 1 14432.8330078 0. 6.88788563553e-22 0.
1509089627 1 13795.3701172 0. 6.59270403259e-22 0.
1509089687 1 14673.9667969 0. 7.02204053147e-22 0.
1509089747 1 14663.3056641 0. 7.02628531871e-22 0.
1509089807 1 14631.9580078 0. 7.01911765422e-22 0.
1509089867 1 14628.5556641 0. 7.02619787996e-22 0.
1509089928 1 14630.9082031 0. 7.03431706758e-22 0.
1509089973 1 14580.0947266 0. 7.01548321197e-22 0.
1509090019 1 14578.9394531 0. 7.0218008555e-22 0.
1509090079 1 14522.4443359 0. 7.00229056434e-22 0.
1509090114 1 14505.4726562 0. 6.99938829044e-22 0.
1509090141 1 14494.5419922 0. 6.99947502355e-22 0.
1509090193 1 14477.3017578 0. 6.99917019757e-22 0.
1509090253 1 14948.6611328 0. 7.23740635377e-22 0.
1509090313 1 14940.6503906 0. 7.24425422624e-22 0.
1509090373 1 14907.9814453 0. 7.23887700873e-22 0.
1509090433 1 14876.9248047 0. 7.23440687753e-22 0.
1509090479 1 14936.6162109 0. 7.27162783781e-22 0.
1509090525 1 15218.4335938 0. 7.4177950281e-22 0.
1509090572 1 15211.1962891 0. 7.42319414148e-22 0.
1509090619 1 14630.6289062 0. 7.14834131403e-22 0.
1509090679 1 14391.0244141 0. 7.04200969825e-22 0.
1509090739 1 15180.3876953 0. 7.43989064455e-22 0.
1509090792 1 15248.0820312 0. 7.48316570019e-22 0.
1509090845 1 15311.5253906 0. 7.52456977805e-22 0.
1509090905 1 15278.8330078 0. 7.52001302779e-22 0.
1509090965 1 15249.9365234 0. 7.51721668379e-22 0.
1509091025 1 15214.7363281 0. 7.51185283165e-22 0.
1509091070 1 15146.2802734 0. 7.48670789145e-22 0.
1509091102 1 15114.5576172 0. 7.4769063509e-22 0.
1509091149 1 15126.7373047 0. 7.49198093955e-22 0.
1509091209 1 15096.2324219 0. 7.48861982987e-22 0.
1509091269 1 15061.8095703 0. 7.48308541882e-22 0.
1509091330 1 15041.5380859 0. 7.48444596115e-22 0.
1509091375 1 15025.3261719 0. 7.48515426414e-22 0.
1509091421 1 14988.2246094 0. 7.47527950917e-22 0.
1509091481 1 14969.9638672 0. 7.47754191034e-22 0.
1509091541 1 14946.9443359 0. 7.47722553411e-22 0.
1509091601 1 14909.4941406 0. 7.46953362929e-22 0.
1509091662 1 14876.3056641 0. 7.46436053385e-22 0.
1509091722 1 14849.4326172 0. 7.46228016572e-22 0.
1509091782 1 14814.7519531 0. 7.45639116308e-22 0.
1509091842 1 14793.0361328 0. 7.45665469848e-22 0.
1509091882 1 14779.8095703 0. 7.45717238203e-22 0.
1509091922 1 14759.2138672 0. 7.45453848576e-22 0.
1509091982 1 14726.1142578 0. 7.44902027366e-22 0.
1509092023 1 14704.8759766 0. 7.44592334515e-22 0.
1509092065 1 14682.0595703 0. 7.44213855587e-22 0.
1509092125 1 14653.5761719 0. 7.43894824678e-22 0.
1509092185 1 14630.6220703 0. 7.43839579489e-22 0.
1509092245 1 14601.4648438 0. 7.43448370969e-22 0.
1509092305 1 14567.2978516 0. 7.42857221472e-22 0.
1509092361 1 14531.0800781 0. 7.4200518471e-22 0.
1509092416 1 14508.4833984 0. 7.41848669905e-22 0.
1509092476 1 14488.7353516 0. 7.41957687072e-22 0.
1509092536 1 14453.8925781 0. 7.41251206893e-22 0.
1509092596 1 14434.8769531 0. 7.41354531774e-22 0.
1509092657 1 14404.9287109 0. 7.40906562541e-22 0.
1509092717 1 14374.8808594 0. 7.40466207421e-22 0.
1509092754 1 14352.2177734 0. 7.39931466228e-22 0.
1509092791 1 14339.9599609 0. 7.39999674895e-22 0.
1509092827 1 14328.5732422 0. 7.40029182662e-22 0.
1509092862 1 14312.0849609 0. 7.39868946005e-22 0.
1509092922 1 14288.0273438 0. 7.39723824799e-22 0.
1509092982 1 14257.1796875 0. 7.3924387584e-22 0.
1509093043 1 14231.40625 0. 7.38976003181e-22 0.
1509093078 1 14212.3222656 0. 7.38625568192e-22 0.
1509093113 1 14195.6630859 0. 7.38417928302e-22 0.
1509093151 1 14182.2363281 0. 7.383445822e-22 0.
1509093188 1 14174.4091797 0. 7.38643262689e-22 0.
1509093248 1 14146.0107422 0. 7.38238238306e-22 0.
1509093301 1 14122.3554688 0. 7.3797395426e-22 0.
1509093354 1 14097.2685547 0. 7.37608745723e-22 0.
1509093415 1 14072.2666016 0. 7.37374699021e-22 0.
1509093475 1 14043.2470703 0. 7.36929326396e-22 0.
1509093535 1 14018.1044922 0. 7.36682233492e-22 0.
1509093595 1 13993.1523438 0. 7.36447893479e-22 0.
1509093655 1 13967.0947266 0. 7.36140793421e-22 0.
1509093690 1 13946.7421875 0. 7.35675335578e-22 0.
1509093700 1 13946.3574219 0. 7.35859165049e-22 0.
1509093736 1 13921.4951172 0. 7.35174073364e-22 0.
1509093795 1 13900.8056641 0. 7.35130169305e-22 0.
1509093855 1 13875.5732422 0. 7.34853325224e-22 0.
1509093915 1 13846.7177734 0. 7.34405287918e-22 0.
1509093975 1 13824.0917969 0. 7.34258623039e-22 0.
1509094035 1 13793.5917969 0. 7.3372941302e-22 0.
1509094096 1 13761.7626953 0. 7.33108973784e-22 0.
1509094156 1 13737.6748047 0. 7.32855007111e-22 0.
1509094216 1 13713.9902344 0. 7.32635100216e-22 0.
1509094276 1 13687.9619141 0. 7.32312313568e-22 0.
1509094336 1 13661.6835938 0. 7.3195467426e-22 0.
1509094396 1 13640.6474609 0. 7.31877877187e-22 0.
1509094456 1 13615.6992188 0. 7.31585546948e-22 0.
1509094516 1 13589.4667969 0. 7.31220656016e-22 0.
1509094576 1 13567.2167969 0. 7.3107704854e-22 0.
1509094637 1 13536.3964844 0. 7.30452434894e-22 0.
1509094697 1 13510.3251953 0. 7.30093340265e-22 0.
1509094752 1 13483.3896484 0. 7.29570078011e-22 0.
1509094807 1 13465.7753906 0. 7.29547853065e-22 0.
1509094861 1 13446.1015625 0. 7.29406448285e-22 0.
1509094914 1 13420.9775391 0. 7.2896049983e-22 0.
1509094974 1 13395.3291016 0. 7.28621566e-22 0.
1509095035 1 13372.3837891 0. 7.28405511992e-22 0.
1509095095 1 13348.0019531 0. 7.28147933384e-22 0.
1509095130 1 13327.7929688 0. 7.27593026017e-22 0.
1509095153 1 13318.6445312 0. 7.27539469355e-22 0.
1509095202 1 13301.5341797 0. 7.27452896649e-22 0.
1509095262 1 13278.0087891 0. 7.27199662071e-22 0.
1509095322 1 13253.3310547 0. 7.26870609409e-22 0.
1509095382 1 13231.2861328 0. 7.2662721211e-22 0.
1509095443 1 13203.5429688 0. 7.26079486575e-22 0.
1509095503 1 13176.3183594 0. 7.2557074671e-22 0.
1509095563 1 13156.1054688 0. 7.25504508709e-22 0.
1509095623 1 13141.4208984 0. 7.25664845024e-22 0.
1509095683 1 13109.1572266 0. 7.24920102031e-22 0.
1509095743 1 13081.4316406 0. 7.24365728421e-22 0.
1509095803 1 13063.9121094 0. 7.24395916449e-22 0.
1509095863 1 13041.8203125 0. 7.24175868691e-22 0.
1509095923 1 13014.7060547 0. 7.23661224081e-22 0.
1509095984 1 12994.2998047 0. 7.23564805062e-22 0.
1509096020 1 12974.4980469 0. 7.23040892049e-22 0.
1509096034 1 12970.4609375 0. 7.23087664657e-22 0.
1509096073 1 12959.2167969 0. 7.23112707581e-22 0.
1509096133 1 12932.3017578 0. 7.22603237691e-22 0.
1509096193 1 12907.5576172 0. 7.2216819814e-22 0.
1509096245 1 12838.9404297 0. 7.19171790616e-22 0.
1509096297 1 12859.015625 0. 7.21140269735e-22 0.
1509096357 1 12842.25 0. 7.21203386499e-22 0.
1509096397 1 12826.7783203 0. 7.20986800946e-22 0.
1509096438 1 12812.4804688 0. 7.20880062421e-22 0.
1509096498 1 12791.3671875 0. 7.20707619694e-22 0.
1509096558 1 12768.2636719 0. 7.20383569543e-22 0.
1509096618 1 12748.2929688 0. 7.2026781971e-22 0.
1509096678 1 12721.4833984 0. 7.19728956227e-22 0.
1509096739 1 12698.4033203 0. 7.19417480701e-22 0.
1509096796 1 12680.2675781 0. 7.19354883348e-22 0.
1509096840 1 12663.3183594 0. 7.19096288387e-22 0.
1509096885 1 12646.7001953 0. 7.18920150618e-22 0.
1509096921 1 12622.7792969 0. 7.18124441587e-22 0.
1509096942 1 12620.7324219 0. 7.18422273856e-22 0.
1509096974 1 12610.0546875 0. 7.18307088626e-22 0.
1509097019 1 12591.4609375 0. 7.18022652268e-22 0.
1509097059 1 12581.3251953 0. 7.18086898021e-22 0.
1509097098 1 12560.2802734 0. 7.17501411839e-22 0.
1509097158 1 12548.0986328 0. 7.17809581751e-22 0.
1509097217 1 12529.5927734 0. 7.17705303702e-22 0.
1509097276 1 12505.328125 0. 7.1729692189e-22 0.
1509097336 1 12480.6259766 0. 7.16884421805e-22 0.
1509097397 1 12452.9941406 0. 7.1631278875e-22 0.
1509097440 1 12440.6494141 0. 7.16287033863e-22 0.
1509097470 1 12429.3730469 0. 7.16138510513e-22 0.
1509097517 1 12409.8613281 0. 7.15771973336e-22 0.
1509097578 1 12385.9863281 0. 7.15372094941e-22 0.
1509097638 1 12364.8759766 0. 7.1511497352e-22 0.
1509097698 1 12338.5732422 0. 7.14532459486e-22 0.
1509097758 1 12317.4013672 0. 7.14248437948e-22 0.
1509097818 1 12301.5917969 0. 7.14295434219e-22 0.
1509097878 1 12273.8320312 0. 7.13625364347e-22 0.
1509097914 1 12267.1933594 0. 7.13775657002e-22 0.
1509097949 1 12247.0751953 0. 7.13212020701e-22 0.
1509098009 1 12230.4052734 0. 7.13239673914e-22 0.
1509098069 1 12208.0380859 0. 7.12858600164e-22 0.
1509098129 1 12194.5869141 0. 7.12957217562e-22 0.
1509098190 1 12201.1396484 0. 7.14240181354e-22 0.
1509098250 1 3594.94897461 0. 2.11234295349e-22 0.
1509098310 1 12140.7724609 0. 7.1223178896e-22 0.
1509098370 1 12158.9960938 0. 7.13953413343e-22 0.
1509098430 1 12139.4326172 0. 7.1357736255e-22 0.
1509098490 1 12119.3828125 0. 7.1322105718e-22 0.
1509098550 1 12072.7001953 0. 7.1134848057e-22 0.
1509098610 1 12046.6074219 0. 7.10743388585e-22 0.
1509098670 1 12022.8203125 0. 7.10263537375e-22 0.
1509098731 1 11996.3164062 0. 7.09641104463e-22 0.
1509098791 1 11985.7207031 0. 7.09950472877e-22 0.
1509098851 1 11954.8583984 0. 7.09052130345e-22 0.
1509098911 1 11934.7529297 0. 7.08771387161e-22 0.
1509098971 1 11920.3154297 0. 7.08884283551e-22 0.
1509099020 1 9574.68164062 0. 5.70820378897e-22 0.
1509099069 1 0.166316464543 0. 2.69219221835e-22 0.
