1509146407 1 15064.4111328 0. 5.48264545185e-22 0.
1509146467 1 15177.5410156 0. 5.5337475768e-22 0.
1509146527 1 15226.4628906 0. 5.56202914036e-22 0.
1509146587 1 15320.8115234 0. 5.6070204422e-22 0.
1509146634 1 15352.7714844 0. 5.62714878123e-22 0.
1509146660 1 15362.1962891 0. 5.63501454091e-22 0.
1509146683 1 15397.5664062 0. 5.65194253436e-22 0.
1509146705 1 15430.8164062 0. 5.66767797875e-22 0.
1509146720 1 15484.6630859 0. 5.68991697298e-22 0.
1509146748 1 15499.2792969 0. 5.70057976519e-22 0.
1509146789 1 15485.1582031 0. 5.70244693697e-22 0.
1509146813 1 15463.5761719 0. 5.69840148893e-22 0.
1509146848 1 15487.3046875 0. 5.71356449288e-22 0.
1509146908 1 15511.7070312 0. 5.73279402462e-22 0.
1509146943 1 15497.3291016 0. 5.73332501946e-22 0.
1509146953 1 15498.6865234 0. 5.73551113718e-22 0.
1509146971 1 15491.8769531 0. 5.73591100633e-22 0.
1509146989 1 15460.4697266 0. 5.7271194455e-22 0.
1509147000 1 15448.8271484 0. 5.72460166189e-22 0.
1509147011 1 15487.2666016 0. 5.74042792497e-22 0.
1509147043 1 15532.2910156 0. 5.76255863113e-22 0.
1509147100 1 15314.0849609 0. 5.69020364764e-22 0.
1509147142 1 15139.6542969 0. 5.63120738706e-22 0.
1509147181 1 15153.6210938 0. 5.64238082618e-22 0.
1509147218 1 15156.5859375 0. 5.64869574324e-22 0.
1509147257 1 15207.09375 0. 5.67354170491e-22 0.
1509147318 1 15170.6425781 0. 5.66832795219e-22 0.
1509147378 1 15323.4667969 0. 5.73416782211e-22 0.
1509147428 1 15502.4414062 0. 5.80849123928e-22 0.
1509147478 1 15537.4697266 0. 5.82904444675e-22 0.
1509147518 1 15490.7441406 0. 5.81718105567e-22 0.
1509147559 1 15431.1494141 0. 5.80055144234e-22 0.
1509147594 1 15525.8525391 0. 5.84138489814e-22 0.
1509147629 1 15533.0263672 0. 5.84920326895e-22 0.
1509147689 1 15117.46875 0. 5.70125583253e-22 0.
1509147749 1 15048.6044922 0. 5.68368221516e-22 0.
1509147809 1 15098.9707031 0. 5.71110014876e-22 0.
1509147870 1 15167.453125 0. 5.74549153683e-22 0.
1509147911 1 15219.9433594 0. 5.77116775758e-22 0.
1509147953 1 15241.3164062 0. 5.78525255668e-22 0.
1509148013 1 15454.1542969 0. 5.87496402724e-22 0.
1509148073 1 14912.9179688 0. 5.67740690237e-22 0.
1509148134 1 14846.484375 0. 5.66020235261e-22 0.
1509148194 1 14879.7802734 0. 5.68089736777e-22 0.
1509148254 1 14883.0791016 0. 5.69034955034e-22 0.
1509148292 1 14874.859375 0. 5.69226116093e-22 0.
1509148323 1 14924.5917969 0. 5.71566911633e-22 0.
1509148375 1 14905.1621094 0. 5.71531531483e-22 0.
1509148431 1 14910.3994141 0. 5.72486956932e-22 0.
1509148477 1 14898.0664062 0. 5.72641448177e-22 0.
1509148528 1 14941.7783203 0. 5.74993169736e-22 0.
1509148571 1 14985.1914062 0. 5.77253209122e-22 0.
1509148589 1 14996.6083984 0. 5.77908206365e-22 0.
1509148624 1 15045.7158203 0. 5.80318210667e-22 0.
1509148684 1 15039.5908203 0. 5.80898523172e-22 0.
1509148744 1 15047.46875 0. 5.82007465912e-22 0.
1509148805 1 15089.5585938 0. 5.8444755306e-22 0.
1509148851 1 15116.5488281 0. 5.86133865644e-22 0.
1509148898 1 15088.2685547 0. 5.85709541758e-22 0.
1509148959 1 15088.2246094 0. 5.86535350931e-22 0.
1509149019 1 15111.4208984 0. 5.88260484513e-22 0.
1509149079 1 15067.2714844 0. 5.87384873484e-22 0.
1509149139 1 15100.3330078 0. 5.89489563186e-22 0.
1509149199 1 15065.3818359 0. 5.88941957887e-22 0.
1509149259 1 15039.9785156 0. 5.8878299002e-22 0.
1509149299 1 14996.0224609 0. 5.87583481569e-22 0.
1509149313 1 15102.3544922 0. 5.9192868154e-22 0.
1509149349 1 15152.0966797 0. 5.94418793104e-22 0.
1509149384 1 15243.4140625 0. 5.98460846941e-22 0.
1509149408 1 15148.2626953 0. 5.95077554143e-22 0.
1509149457 1 15183.7832031 0. 5.97196817308e-22 0.
1509149508 1 15118.3173828 0. 5.95337781306e-22 0.
1509149560 1 15138.2412109 0. 5.96809489185e-22 0.
1509149606 1 15026.6435547 0. 5.93038463067e-22 0.
1509149652 1 15089.6796875 0. 5.96160222959e-22 0.
1509149687 1 15132.5595703 0. 5.98318544671e-22 0.
1509149722 1 15084.671875 0. 5.9695841585e-22 0.
1509149757 1 4829.92919922 0. 2.06530752046e-22 0.
1509149778 1 0.192322432995 0. 0.0 0.
1509149809 1 0.158831328154 0. 0.0 0.
1509149855 1 0.143127351999 0. 0.0 0.
1509149915 1 0.130357697606 0. 0.0 0.
1509149975 1 0.121910914779 0. 0.0 0.
1509150035 1 0.115449503064 0. 0.0 0.
1509150095 1 0.11079338938 0. 0.0 0.
1509150155 1 0.10768084228 0. 0.0 0.
1509150215 1 0.104737833142 0. 0.0 0.
