1509362896 1 15180.1933594 0. 5.41151785467e-22 0.
1509362956 1 14971.3212891 0. 5.34574925428e-22 0.
1509363016 1 15039.6767578 0. 5.37905560334e-22 0.
1509363076 1 15117.3554688 0. 5.41610287366e-22 0.
1509363111 1 15175.9414062 0. 5.44187969769e-22 0.
1509363131 1 15213.9677734 0. 5.45897905924e-22 0.
1509363168 1 15220.8759766 0. 5.46698136041e-22 0.
1509363195 1 15267.7138672 0. 5.48789041924e-22 0.
1509363217 1 15243.2636719 0. 5.48266064219e-22 0.
1509363265 1 15318.5585938 0. 5.51657684822e-22 0.
1509363325 1 15182.8408203 0. 5.47668319094e-22 0.
1509363385 1 14978.7177734 0. 5.411825286e-22 0.
1509363445 1 15050.9316406 0. 5.44651114479e-22 0.
1509363505 1 15123.8515625 0. 5.48175770085e-22 0.
1509363565 1 15132.7041016 0. 5.49345959725e-22 0.
1509363625 1 15125.0888672 0. 5.49927822522e-22 0.
1509363685 1 15204.5771484 0. 5.53703252408e-22 0.
1509363738 1 15235.6621094 0. 5.55563875509e-22 0.
1509363765 1 15207.3789062 0. 5.54907030901e-22 0.
1509363775 1 15266.6787109 0. 5.5722654846e-22 0.
1509363811 1 15326.0087891 0. 5.59920870554e-22 0.
1509363846 1 15324.2089844 0. 5.60338801849e-22 0.
1509363858 1 15313.1298828 0. 5.60111567325e-22 0.
1509363885 1 15248.4433594 0. 5.58139230564e-22 0.
1509363912 1 15247.4248047 0. 5.58482846388e-22 0.
1509363927 1 15280.7324219 0. 5.59917990526e-22 0.
1509363941 1 15318.3896484 0. 5.61522772432e-22 0.
1509363978 1 15310.3476562 0. 5.61781440112e-22 0.
1509364013 1 15329.6884766 0. 5.62938462159e-22 0.
1509364049 1 15337.6425781 0. 5.63793241835e-22 0.
1509364109 1 15387.5878906 0. 5.66469796302e-22 0.
1509364168 1 15155.8642578 0. 5.58789682715e-22 0.
1509364204 1 14897.2109375 0. 5.49733339167e-22 0.
1509364215 1 14881.8896484 0. 5.49330234317e-22 0.
1509364225 1 14899.2382812 0. 5.50118535559e-22 0.
1509364260 1 14835.6572266 0. 5.48303260196e-22 0.
1509364296 1 14825.4511719 0. 5.48385730779e-22 0.
1509364306 1 14808.9638672 0. 5.47909040433e-22 0.
1509364317 1 14832.7822266 0. 5.48927847533e-22 0.
1509364330 1 14826.8525391 0. 5.4889937101e-22 0.
1509364345 1 14811.1757812 0. 5.48531006914e-22 0.
1509364358 1 14796.3154297 0. 5.48154810756e-22 0.
1509364394 1 14794.0859375 0. 5.48584256772e-22 0.
1509364434 1 15213.4111328 0. 5.64702941663e-22 0.
1509364475 1 15261.1220703 0. 5.67091563052e-22 0.
1509364535 1 15156.3017578 0. 5.64042536731e-22 0.
1509364595 1 15129.6904297 0. 5.63898179032e-22 0.
1509364655 1 15187.2724609 0. 5.66884534468e-22 0.
1509364691 1 15205.8964844 0. 5.68034893912e-22 0.
1509364710 1 15241.8779297 0. 5.69652022741e-22 0.
1509364746 1 15259.5458984 0. 5.70810085543e-22 0.
1509364774 1 15279.4716797 0. 5.71949703836e-22 0.
1509364809 1 15281.25 0. 5.72511112992e-22 0.
1509364869 1 15285.6601562 0. 5.73500350186e-22 0.
1509364904 1 15255.328125 0. 5.72820396589e-22 0.
1509364916 1 15251.3623047 0. 5.7282122002e-22 0.
1509364953 1 15265.6132812 0. 5.73883911649e-22 0.
1509365013 1 15212.4658203 0. 5.72659460661e-22 0.
1509365073 1 15180.7197266 0. 5.72291368255e-22 0.
1509365133 1 15203.4804688 0. 5.73984105224e-22 0.
1509365193 1 15227.4462891 0. 5.75653513446e-22 0.
1509365253 1 15208.5625 0. 5.75761464772e-22 0.
1509365313 1 15182.9501953 0. 5.75628794799e-22 0.
1509365373 1 15180.2216797 0. 5.76333716996e-22 0.
1509365434 1 15170.9619141 0. 5.76789976144e-22 0.
1509365494 1 15134.8486328 0. 5.76225534521e-22 0.
1509365554 1 15103.9042969 0. 5.75843882744e-22 0.
1509365614 1 15140.1669922 0. 5.78035552018e-22 0.
1509365674 1 15191.4785156 0. 5.8080853167e-22 0.
1509365734 1 15186.4755859 0. 5.81451186219e-22 0.
1509365794 1 15129.2597656 0. 5.80035234067e-22 0.
1509365854 1 15126.5527344 0. 5.80736495929e-22 0.
1509365914 1 15107.1298828 0. 5.80807059673e-22 0.
1509365975 1 15133.8466797 0. 5.82674237884e-22 0.
1509366035 1 15014.0693359 0. 5.78859859221e-22 0.
1509366095 1 15168.1875 0. 5.85625435751e-22 0.
1509366155 1 15194.8271484 0. 5.87473966798e-22 0.
1509366215 1 15261.8837891 0. 5.90894797217e-22 0.
1509366275 1 15183.6376953 0. 5.88687479171e-22 0.
1509366335 1 15201.9003906 0. 5.90200695461e-22 0.
1509366395 1 15190.8300781 0. 5.90583518677e-22 0.
1509366455 1 15368.2949219 0. 5.98321461147e-22 0.
1509366516 1 15340.3662109 0. 5.98072137218e-22 0.
1509366576 1 15389.3330078 0. 6.00819521692e-22 0.
1509366636 1 15187.1943359 0. 5.93720799762e-22 0.
1509366696 1 14999.0009766 0. 5.87146022868e-22 0.
1509366756 1 14979.8037109 0. 5.87191180962e-22 0.
1509366792 1 15019.4511719 0. 5.89213155804e-22 0.
1509366829 1 15017.0 0. 5.89639335204e-22 0.
1509366889 1 14897.1669922 0. 5.85720762152e-22 0.
1509366949 1 14977.9658203 0. 5.89696816675e-22 0.
1509367009 1 14938.9199219 0. 5.88962613666e-22 0.
1509367069 1 14908.3134766 0. 5.88546771364e-22 0.
1509367129 1 14861.4970703 0. 5.87525521058e-22 0.
1509367190 1 14829.2304688 0. 5.87036117081e-22 0.
1509367250 1 14860.9902344 0. 5.89088484535e-22 0.
1509367310 1 14866.7001953 0. 5.90111293942e-22 0.
1509367370 1 14893.328125 0. 5.91971546987e-22 0.
1509367430 1 14869.6113281 0. 5.9183253728e-22 0.
1509367490 1 14920.9248047 0. 5.94689571786e-22 0.
1509367525 1 14746.9414062 0. 5.88193978329e-22 0.
1509367560 1 14985.1269531 0. 5.98218503462e-22 0.
1509367596 1 15181.1611328 0. 6.06497492158e-22 0.
1509367631 1 15175.2529297 0. 6.06778806046e-22 0.
1509367691 1 15158.4345703 0. 6.06948484131e-22 0.
1509367751 1 15122.7822266 0. 6.06361761596e-22 0.
1509367811 1 15096.9072266 0. 6.06149052724e-22 0.
1509367871 1 15097.3242188 0. 6.06998695088e-22 0.
1509367911 1 15106.578125 0. 6.07888866136e-22 0.
1509367950 1 15067.4902344 0. 6.06873206185e-22 0.
1509367986 1 15024.7529297 0. 6.05618010216e-22 0.
1509368021 1 15037.9140625 0. 6.06697344305e-22 0.
1509368081 1 15053.0605469 0. 6.08127266061e-22 0.
1509368141 1 15028.8427734 0. 6.07994624623e-22 0.
1509368201 1 14972.8105469 0. 6.06553441857e-22 0.
1509368262 1 15074.9013672 0. 6.11537523345e-22 0.
1509368322 1 15126.2480469 0. 6.14472439221e-22 0.
1509368382 1 15069.3105469 0. 6.13019639206e-22 0.
1509368442 1 15008.0800781 0. 6.11373231531e-22 0.
1509368502 1 14966.2490234 0. 6.10508264515e-22 0.
1509368562 1 14975.6162109 0. 6.1174309532e-22 0.
1509368622 1 14962.0546875 0. 6.12047389621e-22 0.
1509368682 1 14953.7998047 0. 6.12540204267e-22 0.
1509368742 1 14914.8974609 0. 6.11759112609e-22 0.
1509368803 1 14917.4853516 0. 6.12697428759e-22 0.
1509368863 1 14944.9960938 0. 6.14676100865e-22 0.
1509368923 1 14954.9599609 0. 6.15932237878e-22 0.
1509368983 1 14984.46875 0. 6.18002266392e-22 0.
1509369043 1 14970.7255859 0. 6.182751815e-22 0.
1509369103 1 14928.9462891 0. 6.17392354626e-22 0.
1509369163 1 14921.8935547 0. 6.17949389091e-22 0.
1509369223 1 14913.2695312 0. 6.1841385825e-22 0.
1509369283 1 14803.6425781 0. 6.14704628043e-22 0.
1509369344 1 14815.578125 0. 6.16029465192e-22 0.
1509369404 1 14809.3701172 0. 6.16610298471e-22 0.
1509369464 1 14817.1660156 0. 6.17777135429e-22 0.
1509369524 1 14791.6875 0. 6.176050719e-22 0.
1509369584 1 14927.1240234 0. 6.24129561684e-22 0.
1509369644 1 15050.859375 0. 6.30166376565e-22 0.
1509369705 1 15034.1845703 0. 6.30314175785e-22 0.
1509369765 1 15011.6777344 0. 6.30243058867e-22 0.
1509369825 1 15016.8710938 0. 6.31331440383e-22 0.
1509369885 1 15016.4277344 0. 6.32191655854e-22 0.
1509369945 1 15001.0410156 0. 6.32446515494e-22 0.
1509370005 1 14960.9101562 0. 6.31594033584e-22 0.
1509370065 1 14945.3984375 0. 6.31813587442e-22 0.
1509370125 1 14906.1865234 0. 6.30987560384e-22 0.
1509370186 1 14908.03125 0. 6.31946568473e-22 0.
1509370246 1 14891.9160156 0. 6.32144778138e-22 0.
1509370306 1 14868.3017578 0. 6.32006313139e-22 0.
1509370362 1 14833.0107422 0. 6.31312724669e-22 0.
1509370418 1 14803.3779297 0. 6.3087095174e-22 0.
1509370479 1 14797.96875 0. 6.3148919099e-22 0.
1509370539 1 14806.6806641 0. 6.32745266107e-22 0.
1509370599 1 14793.40625 0. 6.33024478507e-22 0.
1509370659 1 14816.9296875 0. 6.3493359719e-22 0.
1509370701 1 15000.7128906 0. 6.43405226144e-22 0.
1509370743 1 14997.6601562 0. 6.43936701367e-22 0.
1509370804 1 14973.3427734 0. 6.43802585791e-22 0.
1509370864 1 14932.6367188 0. 6.42917756106e-22 0.
1509370899 1 14926.7695312 0. 6.43144164338e-22 0.
1509370910 1 14918.8457031 0. 6.42953662814e-22 0.
1509370920 1 14921.4833984 0. 6.43225480126e-22 0.
1509370932 1 14926.8310547 0. 6.4360673827e-22 0.
1509370960 1 14912.6435547 0. 6.43408418093e-22 0.
1509370987 1 14898.3154297 0. 6.43190401324e-22 0.
1509371002 1 14887.0917969 0. 6.42942325973e-22 0.
1509371016 1 14869.0693359 0. 6.42358287358e-22 0.
1509371029 1 14909.8769531 0. 6.44334867861e-22 0.
1509371065 1 14816.0576172 0. 6.40818991943e-22 0.
1509371106 1 14806.2011719 0. 6.40962871944e-22 0.
1509371146 1 14798.1982422 0. 6.41248461256e-22 0.
1509371206 1 14792.9931641 0. 6.41909220954e-22 0.
1509371266 1 14874.0595703 0. 6.46321957615e-22 0.
1509371326 1 14970.3427734 0. 6.51365820271e-22 0.
1509371386 1 14939.5253906 0. 6.50918719565e-22 0.
1509371447 1 14895.5214844 0. 6.49867867377e-22 0.
1509371507 1 14870.2861328 0. 6.49669321021e-22 0.
1509371567 1 14866.1552734 0. 6.50397827756e-22 0.
1509371627 1 14837.7822266 0. 6.5005691216e-22 0.
1509371687 1 14817.8496094 0. 6.50095946936e-22 0.
1509371747 1 14769.6259766 0. 6.48875566204e-22 0.
1509371807 1 14927.9697266 0. 6.56726117443e-22 0.
1509371867 1 14908.7705078 0. 6.56777317173e-22 0.
1509371928 1 14896.9277344 0. 6.57156140588e-22 0.
1509371988 1 14890.3076172 0. 6.5779227924e-22 0.
1509372048 1 14849.8642578 0. 6.56894000507e-22 0.
1509372108 1 14827.6132812 0. 6.56843286864e-22 0.
1509372168 1 14804.9912109 0. 6.56749916152e-22 0.
1509372228 1 14777.3535156 0. 6.56391891379e-22 0.
1509372288 1 14885.4609375 0. 6.62086683381e-22 0.
1509372348 1 14867.7705078 0. 6.62206753173e-22 0.
1509372408 1 14831.9013672 0. 6.61512766904e-22 0.
1509372469 1 14824.265625 0. 6.62084726774e-22 0.
1509372529 1 14796.2285156 0. 6.61751862069e-22 0.
1509372589 1 14836.0166016 0. 6.64437802694e-22 0.
1509372649 1 14851.7353516 0. 6.66038366359e-22 0.
1509372709 1 14819.2509766 0. 6.65520615491e-22 0.
1509372769 1 14801.1298828 0. 6.65631899359e-22 0.
1509372829 1 14801.9501953 0. 6.66573806576e-22 0.
1509372889 1 14817.0 0. 6.68191070935e-22 0.
1509372949 1 14779.4179688 0. 6.6743769538e-22 0.
1509373010 1 14782.3535156 0. 6.68459325925e-22 0.
1509373070 1 14787.8359375 0. 6.69598297226e-22 0.
1509373130 1 14769.984375 0. 6.69751856272e-22 0.
1509373190 1 14753.0380859 0. 6.69899791518e-22 0.
1509373250 1 14728.5107422 0. 6.69719350615e-22 0.
1509373310 1 14495.2871094 0. 6.60004568954e-22 0.
1509373370 1 14102.1328125 0. 6.42968017234e-22 0.
1509373430 1 14233.125 0. 6.49773742875e-22 0.
1509373474 1 14625.8828125 0. 6.68362359965e-22 0.
1509373497 1 14613.1914062 0. 6.68147955891e-22 0.
1509373536 1 14589.0654297 0. 6.67641108087e-22 0.
1509373597 1 14732.0019531 0. 6.75138115836e-22 0.
1509373657 1 15097.9931641 0. 6.92949003915e-22 0.
1509373717 1 15053.5273438 0. 6.91911903654e-22 0.
1509373777 1 15008.9179688 0. 6.90896494899e-22 0.
1509373837 1 14928.5654297 0. 6.88170433168e-22 0.
1509373897 1 14896.3408203 0. 6.87667032336e-22 0.
1509373957 1 15155.9482422 0. 7.00760145535e-22 0.
1509374017 1 15174.4179688 0. 7.02743903467e-22 0.
1509374078 1 14913.8173828 0. 6.91803604634e-22 0.
1509374138 1 14140.4804688 0. 6.56947269546e-22 0.
1509374198 1 15228.7822266 0. 7.08614931024e-22 0.
1509374258 1 15418.3056641 0. 7.1859713313e-22 0.
1509374318 1 15391.4277344 0. 7.18543140316e-22 0.
1509374378 1 15356.1552734 0. 7.18015919716e-22 0.
1509374438 1 15317.7666016 0. 7.17313850708e-22 0.
1509374498 1 15298.1455078 0. 7.17514310305e-22 0.
1509374558 1 15265.2851562 0. 7.17053565625e-22 0.
1509374618 1 15234.1132812 0. 7.16716119784e-22 0.
1509374679 1 15208.4628906 0. 7.16585932615e-22 0.
1509374739 1 15197.5244141 0. 7.17120449906e-22 0.
1509374799 1 15163.6210938 0. 7.16404077824e-22 0.
1509374859 1 15167.6162109 0. 7.17563963405e-22 0.
1509374919 1 15167.8955078 0. 7.18341987637e-22 0.
1509374979 1 15118.7607422 0. 7.16938564361e-22 0.
1509375039 1 15100.3105469 0. 7.16927106532e-22 0.
1509375099 1 15039.3808594 0. 7.15062563732e-22 0.
1509375160 1 15011.1171875 0. 7.14821937525e-22 0.
1509375220 1 14984.0078125 0. 7.14600448609e-22 0.
1509375280 1 14941.6796875 0. 7.13651530146e-22 0.
1509375340 1 14915.1992188 0. 7.13437561304e-22 0.
1509375400 1 14883.5234375 0. 7.12985721092e-22 0.
1509375460 1 14863.0117188 0. 7.13090420982e-22 0.
1509375520 1 14835.1386719 0. 7.12846258524e-22 0.
1509375580 1 14811.8271484 0. 7.12780655742e-22 0.
1509375640 1 14780.1103516 0. 7.12302626259e-22 0.
1509375701 1 14749.6025391 0. 7.11903635243e-22 0.
1509375761 1 14716.4882812 0. 7.11366909634e-22 0.
1509375821 1 14685.2509766 0. 7.1089610044e-22 0.
1509375881 1 14663.6845703 0. 7.10908843062e-22 0.
1509375941 1 14637.296875 0. 7.10682265209e-22 0.
1509376001 1 14600.2158203 0. 7.09921689767e-22 0.
1509376061 1 14572.0722656 0. 7.09609839586e-22 0.
1509376121 1 14549.28125 0. 7.09580573987e-22 0.
1509376181 1 14513.1386719 0. 7.08831848462e-22 0.
1509376242 1 14476.7451172 0. 7.08095284701e-22 0.
1509376302 1 14450.7724609 0. 7.07885802324e-22 0.
1509376362 1 14424.8076172 0. 7.07624511995e-22 0.
1509376422 1 14392.6630859 0. 7.07063137074e-22 0.
1509376482 1 14358.2080078 0. 7.06389419452e-22 0.
1509376542 1 14348.6513672 0. 7.06932758259e-22 0.
1509376602 1 14318.8544922 0. 7.06460490728e-22 0.
1509376662 1 14285.9189453 0. 7.05866132125e-22 0.
1509376722 1 14260.0791016 0. 7.05607650818e-22 0.
1509376783 1 14236.3671875 0. 7.05446854641e-22 0.
1509376843 1 14203.6855469 0. 7.04854038716e-22 0.
1509376903 1 14172.3232422 0. 7.042887679e-22 0.
1509376963 1 14149.7324219 0. 7.04196749587e-22 0.
1509377023 1 14138.8847656 0. 7.04669168328e-22 0.
1509377083 1 14097.7519531 0. 7.03622361333e-22 0.
1509377143 1 14065.5517578 0. 7.03032274606e-22 0.
1509377203 1 14034.3466797 0. 7.02470467032e-22 0.
1509377264 1 14007.3886719 0. 7.02142283238e-22 0.
1509377306 1 13988.765625 0. 7.01896228961e-22 0.
1509377347 1 13985.3115234 0. 7.02435121458e-22 0.
1509377408 1 13949.7460938 0. 7.01629462958e-22 0.
1509377463 1 11046.0273438 0. 5.5795044958e-22 0.
1509377508 1 0.187150239944 0. 3.45766592242e-23 0.
1509377544 1 0.156030610204 0. 0.0 0.
1509377589 1 0.143237635493 0. 0.0 0.
1509377650 1 0.132223442197 0. 0.0 0.
