1509424002 1 14883.2792969 0. 5.29267919341e-22 0.
1509424062 1 14960.4570312 0. 5.33064206809e-22 0.
1509424122 1 15058.9472656 0. 5.37619027558e-22 0.
1509424165 1 15091.0283203 0. 5.39482184817e-22 0.
1509424186 1 15153.390625 0. 5.42039738448e-22 0.
1509424224 1 15152.2773438 0. 5.42696179143e-22 0.
1509424285 1 15204.5908203 0. 5.45578610423e-22 0.
1509424345 1 15331.4345703 0. 5.51144493527e-22 0.
1509424405 1 15471.6425781 0. 5.57182878949e-22 0.
1509424465 1 15438.5097656 0. 5.56985052793e-22 0.
1509424525 1 15036.6777344 0. 5.43382319545e-22 0.
1509424583 1 15089.7880859 0. 5.46207825361e-22 0.
1509424641 1 15216.2480469 0. 5.51699280494e-22 0.
1509424701 1 15232.2236328 0. 5.53243257098e-22 0.
1509424761 1 15225.2871094 0. 5.53905660267e-22 0.
1509424796 1 15169.3369141 0. 5.52399885678e-22 0.
1509424832 1 15388.3388672 0. 5.60938296887e-22 0.
1509424882 1 15378.7753906 0. 5.61355988569e-22 0.
1509424933 1 15246.6083984 0. 5.57281635855e-22 0.
1509424993 1 15265.71875 0. 5.58864801156e-22 0.
1509425053 1 15303.3017578 0. 5.61145475097e-22 0.
1509425113 1 15280.4804688 0. 5.61204436078e-22 0.
1509425173 1 15307.7978516 0. 5.63093371567e-22 0.
1509425233 1 15358.6513672 0. 5.65869596795e-22 0.
1509425293 1 15385.7070312 0. 5.67759091781e-22 0.
1509425353 1 15400.4550781 0. 5.69207970563e-22 0.
1509425413 1 15434.0126953 0. 5.71324641493e-22 0.
1509425474 1 15523.7441406 0. 5.75526574932e-22 0.
1509425534 1 15318.5244141 0. 5.68812721701e-22 0.
1509425588 1 15103.4306641 0. 5.61598714333e-22 0.
1509425643 1 15219.3398438 0. 5.66694164107e-22 0.
1509425703 1 15204.9052734 0. 5.67027862038e-22 0.
1509425763 1 15215.8505859 0. 5.68301683728e-22 0.
1509425824 1 15090.5771484 0. 5.64462785852e-22 0.
1509425884 1 15116.0546875 0. 5.66251915891e-22 0.
1509425944 1 15145.6738281 0. 5.68190057165e-22 0.
1509426004 1 15200.2353516 0. 5.71078159507e-22 0.
1509426064 1 15070.7363281 0. 5.67050010655e-22 0.
1509426099 1 15123.4716797 0. 5.6950008507e-22 0.
1509426134 1 15121.2929688 0. 5.69927878125e-22 0.
1509426194 1 15136.0234375 0. 5.71324267695e-22 0.
1509426255 1 15209.3115234 0. 5.74933059541e-22 0.
1509426306 1 15183.4833984 0. 5.7467869598e-22 0.
1509426357 1 15184.7666016 0. 5.75431350727e-22 0.
1509426417 1 15169.1699219 0. 5.7567069865e-22 0.
1509426477 1 15058.4160156 0. 5.72322690244e-22 0.
1509426537 1 15111.0400391 0. 5.75180111569e-22 0.
1509426589 1 15016.6953125 0. 5.72298191673e-22 0.
1509426641 1 15057.0966797 0. 5.74567135143e-22 0.
1509426701 1 15008.4873047 0. 5.73517918259e-22 0.
1509426761 1 15017.8984375 0. 5.74670663961e-22 0.
1509426821 1 15039.0351562 0. 5.7631848834e-22 0.
1509426881 1 15041.1220703 0. 5.77240779838e-22 0.
1509426942 1 15041.4130859 0. 5.7811727754e-22 0.
1509427002 1 15051.3193359 0. 5.793215083e-22 0.
1509427062 1 15055.578125 0. 5.80331917744e-22 0.
1509427122 1 15068.8007812 0. 5.81687286655e-22 0.
1509427182 1 15089.6035156 0. 5.83316295059e-22 0.
1509427242 1 15057.7646484 0. 5.82904258366e-22 0.
1509427302 1 15078.6572266 0. 5.84537532688e-22 0.
1509427362 1 15118.125 0. 5.86873769779e-22 0.
1509427422 1 15121.8554688 0. 5.87843449052e-22 0.
1509427482 1 15136.1884766 0. 5.89229640742e-22 0.
1509427543 1 15104.2158203 0. 5.88822799818e-22 0.
1509427578 1 15086.6474609 0. 5.88591919448e-22 0.
1509427613 1 15073.265625 0. 5.88601989752e-22 0.
1509427673 1 15076.3876953 0. 5.89525821002e-22 0.
1509427733 1 15069.8476562 0. 5.90102428345e-22 0.
1509427793 1 15162.2041016 0. 5.94573716798e-22 0.
1509427853 1 15133.5605469 0. 5.94277120437e-22 0.
1509427889 1 15119.1464844 0. 5.94160426765e-22 0.
1509427925 1 15146.7470703 0. 5.95777518847e-22 0.
1509427985 1 15058.5117188 0. 5.93120598087e-22 0.
1509428045 1 15127.5996094 0. 5.9666703087e-22 0.
1509428105 1 15113.1298828 0. 5.96980684187e-22 0.
1509428165 1 15140.5957031 0. 5.98920930005e-22 0.
1509428225 1 15147.5791016 0. 6.00047454643e-22 0.
1509428285 1 15112.3115234 0. 5.994874216e-22 0.
1509428345 1 15165.7597656 0. 6.02458237325e-22 0.
1509428406 1 15175.4550781 0. 6.03680735291e-22 0.
1509428441 1 15171.2646484 0. 6.03973210002e-22 0.
1509428476 1 15160.8378906 0. 6.04089552737e-22 0.
1509428536 1 15162.7509766 0. 6.04992796194e-22 0.
1509428596 1 15186.6435547 0. 6.06794084521e-22 0.
1509428656 1 15179.3378906 0. 6.07354316772e-22 0.
1509428716 1 15197.0996094 0. 6.08910735986e-22 0.
1509428752 1 15212.9931641 0. 6.10025189442e-22 0.
1509428787 1 15219.8613281 0. 6.10840997881e-22 0.
1509428824 1 15202.8847656 0. 6.10643742943e-22 0.
1509428861 1 15356.4667969 0. 6.17390193062e-22 0.
1509428921 1 15292.1621094 0. 6.1565016436e-22 0.
1509428976 1 15234.7304688 0. 6.14138553223e-22 0.
1509429009 1 15197.8466797 0. 6.13099230026e-22 0.
1509429021 1 15212.3261719 0. 6.13853387465e-22 0.
1509429044 1 15180.3105469 0. 6.12901194477e-22 0.
1509429091 1 15210.4384766 0. 6.14760651297e-22 0.
1509429151 1 15181.3671875 0. 6.14422171747e-22 0.
1509429211 1 15228.9833984 0. 6.17232692581e-22 0.
1509429271 1 15190.3720703 0. 6.1655368251e-22 0.
1509429331 1 15198.1738281 0. 6.17712909729e-22 0.
1509429392 1 15214.7460938 0. 6.19231447694e-22 0.
1509429452 1 15207.875 0. 6.19800917302e-22 0.
1509429512 1 15185.6523438 0. 6.19756587001e-22 0.
1509429572 1 15167.1572266 0. 6.19830414704e-22 0.
1509429632 1 15142.8525391 0. 6.19691977599e-22 0.
1509429692 1 15131.7373047 0. 6.20100624134e-22 0.
1509429752 1 15131.9013672 0. 6.2097708592e-22 0.
1509429812 1 15134.4804688 0. 6.21948825829e-22 0.
1509429872 1 15087.2236328 0. 6.20849961633e-22 0.
1509429933 1 15058.5976562 0. 6.2050025526e-22 0.
1509429993 1 15037.5585938 0. 6.20498357269e-22 0.
1509430053 1 14996.5683594 0. 6.19666308282e-22 0.
1509430113 1 14957.9355469 0. 6.18925857276e-22 0.
1509430173 1 14921.8857422 0. 6.18269108685e-22 0.
1509430233 1 14874.1914062 0. 6.171446399e-22 0.
1509430293 1 14836.625 0. 6.16428538685e-22 0.
1509430353 1 14809.9462891 0. 6.16165467383e-22 0.
1509430414 1 14796.796875 0. 6.16415453391e-22 0.
1509430474 1 14759.6474609 0. 6.15693877027e-22 0.
1509430534 1 14723.2519531 0. 6.15024762759e-22 0.
1509430573 1 14664.0585938 0. 6.13044317409e-22 0.
1509430612 1 14635.1757812 0. 6.12419201376e-22 0.
1509430672 1 14640.296875 0. 6.13443825516e-22 0.
1509430732 1 14662.9355469 0. 6.15266865182e-22 0.
1509430792 1 14622.2216797 0. 6.1439289268e-22 0.
1509430852 1 14857.2353516 0. 6.2514554263e-22 0.
1509430912 1 14945.4316406 0. 6.29684679603e-22 0.
1509430947 1 14945.0283203 0. 6.30149268152e-22 0.
1509430983 1 14960.0341797 0. 6.31345326108e-22 0.
1509431043 1 14949.078125 0. 6.31741513707e-22 0.
1509431103 1 14900.390625 0. 6.30560365892e-22 0.
1509431163 1 14864.7109375 0. 6.29855270425e-22 0.
1509431223 1 14833.0537109 0. 6.29381035236e-22 0.
1509431284 1 14797.1650391 0. 6.2873757514e-22 0.
1509431346 1 14768.9267578 0. 6.28420169548e-22 0.
1509431406 1 14764.0068359 0. 6.29069619903e-22 0.
1509431449 1 14747.6298828 0. 6.28947928487e-22 0.
1509431493 1 14755.4833984 0. 6.29923454042e-22 0.
1509431553 1 14723.1386719 0. 6.2941862687e-22 0.
1509431614 1 14663.6689453 0. 6.27739026462e-22 0.
1509431652 1 14659.078125 0. 6.2806825306e-22 0.
1509431690 1 14685.0869141 0. 6.29739586687e-22 0.
1509431751 1 14935.8535156 0. 6.4137053531e-22 0.
1509431811 1 14938.4716797 0. 6.42352040377e-22 0.
1509431871 1 14899.5224609 0. 6.41519841478e-22 0.
1509431931 1 14871.7958984 0. 6.4119913319e-22 0.
1509431991 1 14842.2832031 0. 6.40829284308e-22 0.
1509432051 1 14844.8242188 0. 6.41813593432e-22 0.
1509432111 1 14824.9365234 0. 6.41843970139e-22 0.
1509432171 1 14776.2392578 0. 6.4062291852e-22 0.
1509432231 1 14750.7011719 0. 6.40367832932e-22 0.
1509432292 1 14726.8251953 0. 6.40224491558e-22 0.
1509432352 1 14727.0507812 0. 6.4114552959e-22 0.
1509432412 1 14706.2460938 0. 6.41135194231e-22 0.
1509432472 1 14683.6425781 0. 6.41039241428e-22 0.
1509432521 1 14652.6123047 0. 6.40384435739e-22 0.
1509432570 1 14632.4355469 0. 6.40198710098e-22 0.
1509432630 1 14750.6035156 0. 6.46258557615e-22 0.
1509432665 1 14848.6103516 0. 6.51064808165e-22 0.
1509432680 1 14835.8466797 0. 6.50747017089e-22 0.
1509432702 1 14831.3505859 0. 6.50870460464e-22 0.
1509432735 1 14835.7773438 0. 6.51571027994e-22 0.
1509432784 1 14822.2060547 0. 6.5170380056e-22 0.
1509432845 1 14816.0859375 0. 6.52327625051e-22 0.
1509432905 1 14804.5263672 0. 6.52721576135e-22 0.
1509432965 1 14983.8720703 0. 6.61546032399e-22 0.
1509433025 1 15251.6748047 0. 6.74303171805e-22 0.
1509433085 1 14906.0078125 0. 6.59920797149e-22 0.
1509433145 1 13870.1757812 0. 6.15060976469e-22 0.
1509433205 1 14347.7548828 0. 6.36910752198e-22 0.
1509433241 1 15627.671875 0. 6.94264273651e-22 0.
1509433276 1 15600.3417969 0. 6.9371033536e-22 0.
1509433336 1 15579.7460938 0. 6.93729607419e-22 0.
1509433396 1 15547.2226562 0. 6.93232677808e-22 0.
1509433456 1 15523.5498047 0. 6.93127950601e-22 0.
1509433492 1 15504.0166016 0. 6.92779639205e-22 0.
1509433502 1 15503.2138672 0. 6.92944380453e-22 0.
1509433515 1 15491.75 0. 6.92657890662e-22 0.
1509433553 1 15462.1054688 0. 6.91943547054e-22 0.
1509433613 1 15416.1933594 0. 6.90849942121e-22 0.
1509433673 1 15393.0800781 0. 6.90767433721e-22 0.
1509433733 1 15350.8779297 0. 6.89863964357e-22 0.
1509433794 1 15331.7519531 0. 6.89932999139e-22 0.
1509433854 1 15300.890625 0. 6.89475653129e-22 0.
1509433889 1 15280.6113281 0. 6.89123066129e-22 0.
1509433925 1 15260.0361328 0. 6.88791241067e-22 0.
1509433985 1 15230.9121094 0. 6.88436366658e-22 0.
1509434045 1 15201.7558594 0. 6.88072086466e-22 0.
1509434105 1 15167.7617188 0. 6.87488451199e-22 0.
1509434165 1 15143.2539062 0. 6.87324642266e-22 0.
1509434226 1 15118.0791016 0. 6.87163946277e-22 0.
1509434286 1 15084.9785156 0. 6.86614248187e-22 0.
1509434346 1 15056.5458984 0. 6.86250341677e-22 0.
1509434406 1 15028.8583984 0. 6.85949559204e-22 0.
1509434466 1 14998.4736328 0. 6.85504719934e-22 0.
1509434526 1 14968.9941406 0. 6.85106193999e-22 0.
1509434586 1 14933.8105469 0. 6.8446228555e-22 0.
1509434646 1 14910.90625 0. 6.84339027435e-22 0.
1509434706 1 14881.0917969 0. 6.838862081e-22 0.
1509434767 1 14859.0097656 0. 6.83815404699e-22 0.
1509434827 1 14828.5400391 0. 6.83335909096e-22 0.
1509434887 1 15127.6757812 0. 6.98156093513e-22 0.
1509434943 1 11472.7783203 0. 5.32928152835e-22 0.
1509434989 1 0.188268631697 0. 8.51639912797e-23 0.
1509435023 1 0.15457585454 0. 0.0 0.
1509435069 1 0.140825808048 0. 0.0 0.
1509435128 1 0.127745851874 0. 0.0 0.
