1509639429 1 20970.1054688 0. 7.35852104954e-22 0.
1509639489 1 20879.5644531 0. 7.34471881403e-22 0.
1509639549 1 20799.9121094 0. 7.33521723924e-22 0.
1509639609 1 20705.5488281 0. 7.32051790642e-22 0.
1509639653 1 20623.9277344 0. 7.30387156624e-22 0.
1509639684 1 20579.703125 0. 7.29908855541e-22 0.
1509639728 1 20496.8828125 0. 7.28263439919e-22 0.
1509639785 1 20476.0195312 0. 7.29131336885e-22 0.
1509639845 1 20331.3652344 0. 7.25508426968e-22 0.
1509639905 1 20226.6230469 0. 7.23304780581e-22 0.
1509639959 1 20122.2363281 0. 7.20929403015e-22 0.
1509640013 1 20063.3867188 0. 7.20139897346e-22 0.
1509640073 1 19980.3945312 0. 7.18586079602e-22 0.
1509640133 1 19911.046875 0. 7.17530487434e-22 0.
1509640193 1 19859.953125 0. 7.17110164214e-22 0.
1509640253 1 19745.9101562 0. 7.14402551206e-22 0.
1509640313 1 19670.1269531 0. 7.1303488985e-22 0.
1509640374 1 19587.1445312 0. 7.11374766867e-22 0.
1509640434 1 19485.03125 0. 7.08980278147e-22 0.
1509640494 1 19362.9179688 0. 7.05836219393e-22 0.
1509640554 1 19379.34375 0. 7.07712937058e-22 0.
1509640614 1 19281.5800781 0. 7.05455920193e-22 0.
1509640649 1 19238.96875 0. 7.04608819239e-22 0.
1509640666 1 19208.1328125 0. 7.03870688294e-22 0.
1509640708 1 19158.6132812 0. 7.02955425773e-22 0.
1509640769 1 19048.6015625 0. 7.00178942426e-22 0.
1509640829 1 18988.0761719 0. 6.99213417249e-22 0.
1509640889 1 19001.2089844 0. 7.0095427177e-22 0.
1509640949 1 18943.6679688 0. 7.00045068411e-22 0.
1509641009 1 18805.0546875 0. 6.96102614739e-22 0.
1509641069 1 18787.6289062 0. 6.96665923947e-22 0.
1509641129 1 18738.2226562 0. 6.96021526602e-22 0.
1509641189 1 18675.0605469 0. 6.94850224371e-22 0.
1509641249 1 18675.7792969 0. 6.96061242552e-22 0.
1509641310 1 18277.9121094 0. 6.82315511944e-22 0.
1509641370 1 17198.6152344 0. 6.43068854618e-22 0.
1509641430 1 18953.5820312 0. 7.10006847554e-22 0.
1509641490 1 19291.9765625 0. 7.23988435719e-22 0.
1509641525 1 19267.7050781 0. 7.23722444456e-22 0.
1509641544 1 19254.2890625 0. 7.23652151828e-22 0.
1509641589 1 19213.1777344 0. 7.23008069393e-22 0.
1509641649 1 19154.3378906 0. 7.22068166012e-22 0.
1509641709 1 19112.9589844 0. 7.21743395777e-22 0.
1509641769 1 19065.4902344 0. 7.21211526568e-22 0.
1509641830 1 19010.1210938 0. 7.20327717999e-22 0.
1509641890 1 18948.6835938 0. 7.19196855863e-22 0.
1509641950 1 18919.1894531 0. 7.19263843612e-22 0.
1509642010 1 18876.8222656 0. 7.18889807617e-22 0.
1509642070 1 18795.0332031 0. 7.1701145695e-22 0.
1509642130 1 18722.7402344 0. 7.15454614868e-22 0.
1509642190 1 18705.1210938 0. 7.15962464619e-22 0.
1509642250 1 18656.2675781 0. 7.15296496517e-22 0.
1509642310 1 18614.3027344 0. 7.14877916541e-22 0.
1509642371 1 18561.1210938 0. 7.14005772686e-22 0.
1509642431 1 18527.8261719 0. 7.13880899784e-22 0.
1509642491 1 18477.5917969 0. 7.13160810697e-22 0.
1509642549 1 18425.4726562 0. 7.12283386997e-22 0.
1509642607 1 18377.0625 0. 7.11489204534e-22 0.
1509642644 1 18358.484375 0. 7.11493091627e-22 0.
1509642682 1 18337.8378906 0. 7.11398724448e-22 0.
1509642719 1 18290.8300781 0. 7.10280761685e-22 0.
1509642755 1 18278.4375 0. 7.1053597359e-22 0.
1509642815 1 17970.8242188 0. 6.99694985713e-22 0.
1509642875 1 17629.7246094 0. 6.87484088789e-22 0.
1509642936 1 17146.5488281 0. 6.69693742947e-22 0.
1509642976 1 18225.09375 0. 7.12649433462e-22 0.
1509643007 1 18224.7910156 0. 7.13058852701e-22 0.
1509643047 1 18174.2539062 0. 7.11691659198e-22 0.
1509643097 1 18190.2890625 0. 7.13126515794e-22 0.
1509643157 1 18189.6074219 0. 7.13894018777e-22 0.
1509643217 1 18121.5332031 0. 7.12140537314e-22 0.
1509643277 1 13763.9726562 0. 5.43839111606e-22 0.
1509643337 1 18021.25 0. 7.10170699326e-22 0.
1509643379 1 17996.296875 0. 7.09940776986e-22 0.
1509643420 1 17970.8632812 0. 7.09705386334e-22 0.
1509643481 1 17929.4082031 0. 7.09193876218e-22 0.
1509643541 1 17883.9492188 0. 7.08492270298e-22 0.
1509643601 1 17846.4921875 0. 7.08155323611e-22 0.
1509643661 1 17795.1816406 0. 7.07235482215e-22 0.
1509643721 1 17727.7148438 0. 7.05667805971e-22 0.
1509643781 1 17684.7050781 0. 7.0506555325e-22 0.
1509643836 1 17643.5097656 0. 7.04437138269e-22 0.
1509643890 1 17603.1425781 0. 7.03795905578e-22 0.
1509643935 1 17569.1328125 0. 7.03246737054e-22 0.
1509643980 1 17543.7480469 0. 7.03030076463e-22 0.
1509644040 1 17532.4667969 0. 7.03687898695e-22 0.
1509644075 1 18037.6992188 0. 7.24682658723e-22 0.
1509644110 1 17927.0722656 0. 7.20998698243e-22 0.
1509644170 1 17358.7460938 0. 6.99240695422e-22 0.
1509644231 1 16815.796875 0. 6.78469778054e-22 0.
1509644291 1 18125.5078125 0. 7.32635452693e-22 0.
1509644349 1 18091.2246094 0. 7.32465505025e-22 0.
1509644407 1 18049.0039062 0. 7.31976457197e-22 0.
1509644466 1 18012.4882812 0. 7.31691519577e-22 0.
1509644526 1 17973.7324219 0. 7.31329284767e-22 0.
1509644586 1 17929.2714844 0. 7.30709732488e-22 0.
1509644646 1 17886.3261719 0. 7.30182188822e-22 0.
1509644706 1 17853.671875 0. 7.30078394461e-22 0.
1509644767 1 17810.5859375 0. 7.29547468729e-22 0.
1509644827 1 17768.1152344 0. 7.28999726713e-22 0.
1509644887 1 17729.3007812 0. 7.28563838951e-22 0.
1509644947 1 17690.7695312 0. 7.28139776678e-22 0.
1509645007 1 17653.8378906 0. 7.27808142734e-22 0.
1509645067 1 17611.609375 0. 7.27240434959e-22 0.
1509645127 1 17564.5957031 0. 7.26444103506e-22 0.
1509645187 1 17533.9023438 0. 7.26382057498e-22 0.
1509645247 1 17493.1523438 0. 7.25873853855e-22 0.
1509645308 1 17452.0429688 0. 7.25309529655e-22 0.
1509645368 1 17421.0585938 0. 7.25246840418e-22 0.
1509645428 1 17375.1484375 0. 7.24497757795e-22 0.
1509645488 1 17331.7988281 0. 7.23866291518e-22 0.
1509645548 1 17296.9648438 0. 7.23584504081e-22 0.
1509645608 1 17257.5410156 0. 7.23092495722e-22 0.
1509645668 1 17219.328125 0. 7.22621402226e-22 0.
1509645728 1 17187.546875 0. 7.2245037715e-22 0.
1509645789 1 17132.3847656 0. 7.21296569459e-22 0.
1509645849 1 17089.4375 0. 7.2063608167e-22 0.
1509645909 1 17042.65625 0. 7.19836844319e-22 0.
1509645969 1 17017.6640625 0. 7.1993415757e-22 0.
1509646029 1 16971.2578125 0. 7.19127281928e-22 0.
1509646089 1 16934.5683594 0. 7.18744466494e-22 0.
1509646149 1 16896.4511719 0. 7.18300942869e-22 0.
1509646209 1 16866.2109375 0. 7.18170444718e-22 0.
1509646269 1 16823.3222656 0. 7.17513728455e-22 0.
1509646330 1 16785.34375 0. 7.17041406965e-22 0.
1509646390 1 16761.9257812 0. 7.17140788452e-22 0.
1509646450 1 16706.6054688 0. 7.15926194926e-22 0.
1509646510 1 16665.7949219 0. 7.15323100148e-22 0.
1509646570 1 16625.6972656 0. 7.14770767185e-22 0.
1509646630 1 16590.9960938 0. 7.1439765319e-22 0.
1509646690 1 16565.2597656 0. 7.14411077121e-22 0.
1509646750 1 16523.3671875 0. 7.13730036895e-22 0.
1509646810 1 16491.2246094 0. 7.13462447065e-22 0.
1509646871 1 16446.5605469 0. 7.12651279332e-22 0.
1509646910 1 16422.3359375 0. 7.12293504994e-22 0.
1509646949 1 16394.8203125 0. 7.11871150642e-22 0.
1509646995 1 16374.4609375 0. 7.11830703991e-22 0.
1509647033 1 16351.6962891 0. 7.11557502365e-22 0.
1509647085 1 16325.2158203 0. 7.11366215894e-22 0.
1509647144 1 16281.3876953 0. 7.10518802292e-22 0.
1509647204 1 16278.4697266 0. 7.11472528677e-22 0.
1509647264 1 16230.0712891 0. 7.10474701937e-22 0.
1509647324 1 16193.5947266 0. 7.099640461e-22 0.
1509647384 1 16146.2373047 0. 7.08957689593e-22 0.
1509647444 1 16104.9931641 0. 7.08237588198e-22 0.
1509647504 1 16097.2304688 0. 7.0900429504e-22 0.
1509647565 1 16073.6445312 0. 7.09069921726e-22 0.
1509647625 1 16045.3925781 0. 7.0892915174e-22 0.
1509647685 1 16010.8789062 0. 7.08470134039e-22 0.
1509647745 1 15968.5224609 0. 7.07678002987e-22 0.
1509647805 1 15948.5644531 0. 7.07851604508e-22 0.
1509647865 1 15921.6220703 0. 7.07781923106e-22 0.
1509647925 1 15878.5888672 0. 7.06931939352e-22 0.
1509647985 1 15846.4345703 0. 7.06547712132e-22 0.
1509648045 1 15833.5136719 0. 7.07087264104e-22 0.
1509648085 1 15818.21875 0. 7.07064150259e-22 0.
1509648124 1 15794.8828125 0. 7.06737865357e-22 0.
1509648184 1 15768.4804688 0. 7.0663967418e-22 0.
1509648244 1 15727.1962891 0. 7.05816533148e-22 0.
1509648304 1 15684.2119141 0. 7.04956995319e-22 0.
1509648365 1 15653.9726562 0. 7.04630556358e-22 0.
1509648403 1 15605.6533203 0. 7.03082857183e-22 0.
1509648418 1 15606.5244141 0. 7.03396800788e-22 0.
1509648432 1 15619.0654297 0. 7.04211618751e-22 0.
1509648446 1 15608.2802734 0. 7.03982695456e-22 0.
1509648470 1 15586.8505859 0. 7.03477437738e-22 0.
1509648500 1 15577.3496094 0. 7.03550611745e-22 0.
1509648535 1 15563.2460938 0. 7.03555245245e-22 0.
1509648587 1 15531.4833984 0. 7.03017464202e-22 0.
1509648627 1 15529.734375 0. 7.03600439022e-22 0.
1509648666 1 15497.9648438 0. 7.02893947545e-22 0.
1509648726 1 15459.8457031 0. 7.02223407424e-22 0.
1509648786 1 15430.7578125 0. 7.01928973793e-22 0.
1509648846 1 15400.8769531 0. 7.01624842537e-22 0.
1509648907 1 15379.6191406 0. 7.01706443485e-22 0.
1509648967 1 15344.0214844 0. 7.01115160579e-22 0.
1509649027 1 14912.9960938 0. 6.82386468423e-22 0.
1509649087 1 14391.0673828 0. 6.59404915113e-22 0.
1509649147 1 15331.9472656 0. 7.03624468732e-22 0.
1509649207 1 15308.4833984 0. 7.03348633075e-22 0.
1509649267 1 15300.0224609 0. 7.03906655178e-22 0.
1509649327 1 15301.0126953 0. 7.0467497178e-22 0.
1509649382 1 15252.4882812 0. 7.03164609059e-22 0.
1509649411 1 15245.7294922 0. 7.03294097258e-22 0.
1509649421 1 15260.8164062 0. 7.04180795297e-22 0.
1509649431 1 15261.0654297 0. 7.04332109511e-22 0.
1509649442 1 15266.7519531 0. 7.04724315836e-22 0.
1509649453 1 15262.4160156 0. 7.04628066485e-22 0.
1509649466 1 15216.2714844 0. 7.02647515447e-22 0.
1509649502 1 15190.2089844 0. 7.02069370288e-22 0.
1509649562 1 15158.3291016 0. 7.01612932853e-22 0.
1509649617 1 15134.3984375 0. 7.01398092955e-22 0.
1509649672 1 15103.4833984 0. 7.0091224325e-22 0.
1509649732 1 15073.9462891 0. 7.00578004401e-22 0.
1509649792 1 15157.6044922 0. 7.05536314776e-22 0.
1509649852 1 15424.8056641 0. 7.19161152786e-22 0.
1509649912 1 14881.9169922 0. 6.94913877297e-22 0.
1509649962 1 14613.5673828 0. 6.83217413637e-22 0.
1509650012 1 15531.3847656 0. 7.2712890484e-22 0.
1509650072 1 15506.0078125 0. 7.27123088488e-22 0.
1509650132 1 15469.9384766 0. 7.26589918128e-22 0.
1509650192 1 15442.7285156 0. 7.26482636377e-22 0.
1509650252 1 15412.2490234 0. 7.26193102505e-22 0.
1509650312 1 15379.7158203 0. 7.25773013964e-22 0.
1509650372 1 15351.2519531 0. 7.25565773569e-22 0.
1509650432 1 15320.4716797 0. 7.25271068946e-22 0.
1509650492 1 15285.9033203 0. 7.24733962596e-22 0.
1509650553 1 15257.3046875 0. 7.24531809441e-22 0.
1509650613 1 15224.9248047 0. 7.24160172149e-22 0.
1509650673 1 15195.1835938 0. 7.23913163621e-22 0.
1509650733 1 15171.7519531 0. 7.23936072574e-22 0.
1509650793 1 15136.6904297 0. 7.23395703438e-22 0.
1509650853 1 15109.7578125 0. 7.23274963955e-22 0.
1509650913 1 15079.5908203 0. 7.22963802197e-22 0.
1509650973 1 15051.1855469 0. 7.22754640771e-22 0.
1509651033 1 15017.8818359 0. 7.22338451255e-22 0.
1509651094 1 14977.4609375 0. 7.21521601088e-22 0.
1509651154 1 14950.2011719 0. 7.21287699011e-22 0.
1509651214 1 14920.3125 0. 7.21009726369e-22 0.
1509651258 1 14901.2207031 0. 7.20929267964e-22 0.
1509651303 1 14875.1298828 0. 7.20521346447e-22 0.
1509651364 1 14853.9453125 0. 7.20630060486e-22 0.
1509651424 1 14823.8457031 0. 7.20347519182e-22 0.
1509651484 1 14809.3378906 0. 7.20737183967e-22 0.
1509651544 1 14777.2636719 0. 7.20302090545e-22 0.
1509651604 1 14741.5546875 0. 7.19683838592e-22 0.
1509651664 1 14703.2763672 0. 7.18939295732e-22 0.
1509651724 1 14685.7177734 0. 7.19200242298e-22 0.
1509651784 1 14656.9833984 0. 7.18910376433e-22 0.
1509651844 1 14622.0341797 0. 7.1831509421e-22 0.
1509651905 1 14580.2070312 0. 7.17394787351e-22 0.
1509651965 1 14569.2265625 0. 7.17967437883e-22 0.
1509652021 1 14535.71875 0. 7.17353121104e-22 0.
1509652059 1 14525.0576172 0. 7.17536921525e-22 0.
1509652101 1 14510.3447266 0. 7.17578214799e-22 0.
1509652162 1 14478.7822266 0. 7.17119286565e-22 0.
1509652222 1 14448.6816406 0. 7.16749365186e-22 0.
1509652282 1 14421.546875 0. 7.16493627084e-22 0.
1509652342 1 14389.1806641 0. 7.15974776376e-22 0.
1509652402 1 14366.7324219 0. 7.15946210421e-22 0.
1509652462 1 14336.0830078 0. 7.15522770335e-22 0.
1509652522 1 14318.46875 0. 7.1573573905e-22 0.
1509652582 1 14283.0820312 0. 7.15049899386e-22 0.
1509652642 1 14256.3779297 0. 7.14795461632e-22 0.
1509652703 1 14233.7753906 0. 7.1471480112e-22 0.
1509652763 1 14211.0478516 0. 7.14666896827e-22 0.
1509652823 1 14187.5664062 0. 7.1459161538e-22 0.
1509652883 1 14155.8837891 0. 7.14091864275e-22 0.
1509652943 1 14125.4921875 0. 7.13647919415e-22 0.
1509653003 1 14095.3066406 0. 7.1319948129e-22 0.
1509653063 1 14072.4541016 0. 7.13129932651e-22 0.
1509653123 1 14052.5751953 0. 7.13167070769e-22 0.
1509653159 1 14036.0957031 0. 7.12937303273e-22 0.
1509653194 1 14016.8339844 0. 7.12629523227e-22 0.
1509653254 1 13987.6816406 0. 7.12185297591e-22 0.
1509653314 1 13962.3740234 0. 7.11971392083e-22 0.
1509653374 1 13937.984375 0. 7.11824026177e-22 0.
1509653434 1 13912.09375 0. 7.11560724647e-22 0.
1509653495 1 13885.1298828 0. 7.11246111764e-22 0.
1509653555 1 13851.9589844 0. 7.10607630457e-22 0.
1509653615 1 13840.6943359 0. 7.11111072995e-22 0.
1509653675 1 13810.9648438 0. 7.1064617566e-22 0.
1509653735 1 13781.3583984 0. 7.10181192662e-22 0.
1509653795 1 13754.5615234 0. 7.09884539029e-22 0.
1509653855 1 13730.4550781 0. 7.09652972519e-22 0.
1509653915 1 13713.1044922 0. 7.0979800079e-22 0.
1509653975 1 13683.8291016 0. 7.09324647814e-22 0.
1509654036 1 13658.3457031 0. 7.09048657829e-22 0.
1509654096 1 13635.6523438 0. 7.08921646107e-22 0.
1509654156 1 13608.2519531 0. 7.08554213216e-22 0.
1509654216 1 13586.1582031 0. 7.08469619123e-22 0.
1509654276 1 13557.9804688 0. 7.08017733431e-22 0.
1509654336 1 13538.4472656 0. 7.08014578198e-22 0.
1509654384 1 13520.9199219 0. 7.07889462913e-22 0.
1509654417 1 13508.1767578 0. 7.07773195852e-22 0.
1509654438 1 13498.8076172 0. 7.07616381357e-22 0.
1509654473 1 13486.8095703 0. 7.07635993982e-22 0.
1509654528 1 13462.0400391 0. 7.07246019977e-22 0.
1509654584 1 13437.3515625 0. 7.06846671754e-22 0.
1509654644 1 13412.0703125 0. 7.06549056949e-22 0.
1509654704 1 13392.1923828 0. 7.06531977053e-22 0.
1509654764 1 13371.6416016 0. 7.06477940966e-22 0.
1509654824 1 13345.7978516 0. 7.06132721804e-22 0.
1509654884 1 13326.0273438 0. 7.06115357226e-22 0.
1509654944 1 13293.9335938 0. 7.05381032141e-22 0.
1509655004 1 13274.015625 0. 7.05320356761e-22 0.
1509655049 1 13254.6855469 0. 7.05040458889e-22 0.
1509655079 1 13246.2998047 0. 7.05111139905e-22 0.
1509655125 1 13225.6591797 0. 7.04796400086e-22 0.
1509655185 1 13206.2167969 0. 7.04743231589e-22 0.
1509655245 1 13183.5166016 0. 7.04531196795e-22 0.
1509655305 1 13159.6474609 0. 7.04273878723e-22 0.
1509655365 1 13130.921875 0. 7.03734661364e-22 0.
1509655425 1 13111.0996094 0. 7.03658122252e-22 0.
1509655486 1 13090.2910156 0. 7.03571029935e-22 0.
1509655546 1 13058.2675781 0. 7.02848318965e-22 0.
1509655606 1 13040.5605469 0. 7.02894007819e-22 0.
1509655666 1 13020.8720703 0. 7.02846243442e-22 0.
1509655726 1 12998.6923828 0. 7.02658121657e-22 0.
1509655761 1 12985.2236328 0. 7.0250831783e-22 0.
1509655797 1 12971.3486328 0. 7.02372148267e-22 0.
1509655857 1 12944.0888672 0. 7.01903272384e-22 0.
1509655917 1 12924.9023438 0. 7.01852159929e-22 0.
1509655960 1 12909.8740234 0. 7.01716453238e-22 0.
1509656002 1 12896.6240234 0. 7.01706423861e-22 0.
1509656062 1 12871.6328125 0. 7.01359986746e-22 0.
1509656122 1 12849.6132812 0. 7.01153567141e-22 0.
1509656183 1 12821.4970703 0. 7.00603742382e-22 0.
1509656243 1 12789.5117188 0. 6.99885421841e-22 0.
1509656303 1 12774.2792969 0. 7.00007016389e-22 0.
1509656363 1 12757.1953125 0. 7.00045853593e-22 0.
1509656423 1 12732.5693359 0. 6.99706356851e-22 0.
1509656483 1 12713.5888672 0. 6.99643323664e-22 0.
1509656543 1 12691.1171875 0. 6.99396771888e-22 0.
1509656603 1 12671.5644531 0. 6.99304260725e-22 0.
1509656663 1 12653.7470703 0. 6.99285643663e-22 0.
1509656724 1 12630.0615234 0. 6.98908229469e-22 0.
1509656784 1 12603.9199219 0. 6.98406139703e-22 0.
1509656844 1 12586.8730469 0. 6.98458389185e-22 0.
1509656904 1 12566.8886719 0. 6.98384043526e-22 0.
1509656964 1 12541.7861328 0. 6.97941753283e-22 0.
1509657024 1 12520.1103516 0. 6.97692468237e-22 0.
1509657071 1 12508.9326172 0. 6.97819659735e-22 0.
1509657118 1 12493.4306641 0. 6.9777513311e-22 0.
1509657179 1 12466.5517578 0. 6.9726176868e-22 0.
1509657239 1 12442.9736328 0. 6.96896468927e-22 0.
1509657299 1 12076.5986328 0. 6.7728830308e-22 0.
1509657359 1 11795.6953125 0. 6.62393221442e-22 0.
1509657419 1 12382.8271484 0. 6.96363630696e-22 0.
1509657479 1 12360.0634766 0. 6.96090248112e-22 0.
1509657539 1 12341.1914062 0. 6.96020293447e-22 0.
1509657599 1 12318.1787109 0. 6.95709635699e-22 0.
1509657660 1 12299.1152344 0. 6.95573666713e-22 0.
1509657720 1 12280.15625 0. 6.95506564519e-22 0.
1509657780 1 12262.2060547 0. 6.95482643004e-22 0.
1509657840 1 12239.6972656 0. 6.95167280877e-22 0.
1509657900 1 12214.7822266 0. 6.94709087161e-22 0.
1509657960 1 12198.5791016 0. 6.94752867022e-22 0.
1509658020 1 12176.4980469 0. 6.94451409003e-22 0.
1509658080 1 12157.1826172 0. 6.94310840443e-22 0.
1509658140 1 12136.0224609 0. 6.94064698394e-22 0.
1509658201 1 12113.0351562 0. 6.93685319376e-22 0.
1509658261 1 12094.6738281 0. 6.935587621e-22 0.
1509658321 1 12077.0966797 0. 6.93520241421e-22 0.
1509658381 1 12054.9326172 0. 6.93190243802e-22 0.
1509658441 1 12036.3095703 0. 6.93065782966e-22 0.
1509658501 1 12016.2548828 0. 6.92822362907e-22 0.
1509658549 1 12000.2587891 0. 6.92693752141e-22 0.
1509658596 1 11981.3974609 0. 6.92382829659e-22 0.
1509658656 1 11956.6982422 0. 6.9189158614e-22 0.
1509658716 1 11940.6992188 0. 6.91909224199e-22 0.
1509658777 1 11918.328125 0. 6.91551065637e-22 0.
1509658837 1 11901.8095703 0. 6.91526445021e-22 0.
1509658897 1 11884.1240234 0. 6.91439436943e-22 0.
1509658957 1 11863.390625 0. 6.91160993534e-22 0.
1509659017 1 11843.2783203 0. 6.9093199962e-22 0.
1509659077 1 11823.5683594 0. 6.90692899818e-22 0.
1509659137 1 11801.6376953 0. 6.90353307839e-22 0.
1509659197 1 11778.9345703 0. 6.8994525649e-22 0.
1509659257 1 11760.5966797 0. 6.89835557145e-22 0.
1509659318 1 11742.2988281 0. 6.89689964471e-22 0.
1509659378 1 11721.0947266 0. 6.89376995592e-22 0.
1509659438 1 11700.5048828 0. 6.89080475009e-22 0.
1509659498 1 11681.53125 0. 6.88854138356e-22 0.
1509659558 1 11658.1806641 0. 6.88368178809e-22 0.
1509659618 1 11637.8701172 0. 6.88076812838e-22 0.
1509659678 1 11621.9902344 0. 6.8804516724e-22 0.
1509659738 1 11602.96875 0. 6.87797807491e-22 0.
1509659798 1 11582.6708984 0. 6.87491174706e-22 0.
1509659859 1 11562.7958984 0. 6.87229418201e-22 0.
1509659919 1 11542.7363281 0. 6.86959368699e-22 0.
1509659979 1 11524.7451172 0. 6.8681046544e-22 0.
1509660039 1 11504.8789062 0. 6.86542798762e-22 0.
1509660099 1 11491.3330078 0. 6.86657522157e-22 0.
1509660159 1 11471.8134766 0. 6.86371085426e-22 0.
1509660219 1 11452.5419922 0. 6.86119329103e-22 0.
1509660260 1 11441.3388672 0. 6.86073686591e-22 0.
1509660301 1 11430.0546875 0. 6.85984022763e-22 0.
1509660361 1 11412.0830078 0. 6.85788773449e-22 0.
1509660421 1 11396.2070312 0. 6.85743201824e-22 0.
1509660482 1 11377.4814453 0. 6.85492868909e-22 0.
1509660542 1 11359.4169922 0. 6.8527904391e-22 0.
1509660602 1 11342.5058594 0. 6.85148855583e-22 0.
1509660662 1 11323.4775391 0. 6.84895016451e-22 0.
1509660722 1 11304.3798828 0. 6.84648288543e-22 0.
1509660782 1 11286.0078125 0. 6.84456594299e-22 0.
1509660842 1 11269.453125 0. 6.84362340599e-22 0.
1509660902 1 11251.8955078 0. 6.84155269398e-22 0.
1509660962 1 11231.5253906 0. 6.83810873997e-22 0.
1509661023 1 11215.3867188 0. 6.83705553374e-22 0.
1509661083 1 11198.9941406 0. 6.83632128181e-22 0.
1509661143 1 11130.9521484 0. 6.80372413896e-22 0.
1509661203 1 11130.3300781 0. 6.81179402904e-22 0.
1509661263 1 11128.5029297 0. 6.81981494182e-22 0.
1509661323 1 11113.703125 0. 6.81975500502e-22 0.
1509661383 1 11097.6162109 0. 6.81859446793e-22 0.
1509661443 1 11085.3876953 0. 6.82013536409e-22 0.
1509661503 1 11065.7509766 0. 6.81708481281e-22 0.
1509661563 1 11042.8330078 0. 6.81168238889e-22 0.
1509661624 1 11027.921875 0. 6.81103223528e-22 0.
1509661684 1 11010.5351562 0. 6.80909698267e-22 0.
1509661744 1 10986.7998047 0. 6.80342996714e-22 0.
1509661801 1 10983.3505859 0. 6.80960809015e-22 0.
1509661835 1 10970.1826172 0. 6.80609852274e-22 0.
1509661864 1 10960.6865234 0. 6.80462553474e-22 0.
1509661893 1 10951.7119141 0. 6.80344668319e-22 0.
1509661925 1 10938.2451172 0. 6.79956351681e-22 0.
1509661977 1 10927.5869141 0. 6.80054030212e-22 0.
1509662038 1 10907.1962891 0. 6.79665932216e-22 0.
1509662098 1 10895.7001953 0. 6.79844199102e-22 0.
1509662158 1 10887.8339844 0. 6.80222319549e-22 0.
1509662218 1 10871.9306641 0. 6.80102610853e-22 0.
1509662264 1 10857.1318359 0. 6.79842099389e-22 0.
1509662310 1 10846.9013672 0. 6.79854186553e-22 0.
1509662370 1 10827.8662109 0. 6.79528789169e-22 0.
1509662430 1 10811.5966797 0. 6.79412245636e-22 0.
1509662490 1 10790.65625 0. 6.78951714957e-22 0.
1509662551 1 10779.6416016 0. 6.79115322621e-22 0.
1509662611 1 10762.2207031 0. 6.78862488075e-22 0.
1509662671 1 10747.5751953 0. 6.78811034205e-22 0.
1509662731 1 10731.0380859 0. 6.78602452168e-22 0.
1509662791 1 10719.8769531 0. 6.78745341961e-22 0.
1509662851 1 10698.4970703 0. 6.78249429567e-22 0.
1509662911 1 10688.8769531 0. 6.78509097555e-22 0.
1509662971 1 10671.7578125 0. 6.78242932419e-22 0.
1509663031 1 10647.8066406 0. 6.77549831368e-22 0.
1509663092 1 10634.8730469 0. 6.77571158255e-22 0.
1509663152 1 10616.828125 0. 6.77282804479e-22 0.
1509663212 1 10599.1923828 0. 6.77017479564e-22 0.
1509663272 1 10588.8251953 0. 6.77211916029e-22 0.
1509663332 1 10574.4472656 0. 6.77167814637e-22 0.
1509663392 1 10554.5126953 0. 6.76701332333e-22 0.
1509663452 1 10536.6494141 0. 6.76351331046e-22 0.
1509663512 1 10521.0507812 0. 6.76186727022e-22 0.
1509663572 1 10501.4316406 0. 6.75747894502e-22 0.
1509663633 1 10491.0185547 0. 6.75924902504e-22 0.
1509663693 1 10476.5341797 0. 6.75809392292e-22 0.
1509663734 1 10464.7470703 0. 6.75619624394e-22 0.
1509663750 1 10459.0820312 0. 6.75468702967e-22 0.
1509663786 1 10447.203125 0. 6.75222122885e-22 0.
1509663846 1 10434.1748047 0. 6.75183980663e-22 0.
1509663906 1 10420.0439453 0. 6.75091809107e-22 0.
1509663966 1 10400.6542969 0. 6.74683068598e-22 0.
1509664026 1 10386.4228516 0. 6.74601050417e-22 0.
1509664086 1 10366.8427734 0. 6.74137718358e-22 0.
1509664146 1 10354.9677734 0. 6.74167815828e-22 0.
1509664206 1 10339.8876953 0. 6.73996036646e-22 0.
1509664267 1 10324.3232422 0. 6.73803815269e-22 0.
1509664327 1 10309.2246094 0. 6.7363575554e-22 0.
1509664387 1 10293.1621094 0. 6.73381274792e-22 0.
1509664447 1 10278.5498047 0. 6.73277387225e-22 0.
1509664507 1 10257.8291016 0. 6.72731473854e-22 0.
1509664567 1 10246.8486328 0. 6.72810940979e-22 0.
1509664627 1 10225.7607422 0. 6.72240118228e-22 0.
1509664687 1 10210.1123047 0. 6.72054241075e-22 0.
1509664747 1 10194.1542969 0. 6.71757884408e-22 0.
1509664808 1 10181.3583984 0. 6.71739260328e-22 0.
1509664868 1 10168.1113281 0. 6.71662516104e-22 0.
1509664928 1 10153.1015625 0. 6.7148048555e-22 0.
1509664988 1 10140.1552734 0. 6.7140073742e-22 0.
1509665048 1 10122.0722656 0. 6.71005809832e-22 0.
1509665108 1 10107.5234375 0. 6.70820647202e-22 0.
1509665168 1 10093.1884766 0. 6.70681084319e-22 0.
1509665228 1 10077.2734375 0. 6.7043755599e-22 0.
1509665288 1 10065.7480469 0. 6.70462989386e-22 0.
1509665348 1 10050.8183594 0. 6.70291870203e-22 0.
1509665409 1 10038.2617188 0. 6.70261273361e-22 0.
1509665469 1 10017.7695312 0. 6.69717763257e-22 0.
1509665529 1 10005.203125 0. 6.69682760565e-22 0.
1509665589 1 9992.46679688 0. 6.69612515416e-22 0.
1509665649 1 9979.8203125 0. 6.6956062894e-22 0.
1509665709 1 9968.02734375 0. 6.6955775755e-22 0.
1509665769 1 9951.08203125 0. 6.6919357088e-22 0.
1509665829 1 9935.58007812 0. 6.6899800674e-22 0.
1509665889 1 9920.22949219 0. 6.68785666908e-22 0.
1509665950 1 9908.03125 0. 6.68704656535e-22 0.
1509666010 1 9893.1953125 0. 6.68471176855e-22 0.
1509666070 1 9880.5703125 0. 6.68429133428e-22 0.
1509666130 1 9866.8671875 0. 6.68298574259e-22 0.
1509666190 1 9852.95996094 0. 6.68157808158e-22 0.
1509666250 1 9837.03027344 0. 6.67879067164e-22 0.
1509666306 1 9822.39648438 0. 6.6762918416e-22 0.
1509666361 1 9808.73046875 0. 6.67609996602e-22 0.
1509666421 1 9798.16210938 0. 6.67685203249e-22 0.
1509666482 1 9786.00195312 0. 6.67619348504e-22 0.
1509666542 1 9769.88183594 0. 6.67312968922e-22 0.
1509666602 1 9758.19433594 0. 6.67285146689e-22 0.
1509666662 1 9740.96484375 0. 6.66779033229e-22 0.
1509666722 1 9726.00683594 0. 6.66541651362e-22 0.
1509666782 1 9716.29003906 0. 6.66667323038e-22 0.
1509666842 1 9932.12402344 0. 6.82363947235e-22 0.
1509666902 1 9897.72753906 0. 6.80896572347e-22 0.
1509666963 1 9595.81542969 0. 6.61012871325e-22 0.
1509667023 1 9681.35839844 0. 6.67761885191e-22 0.
1509667083 1 9990.59277344 0. 6.90011826256e-22 0.
1509667143 1 9974.37402344 0. 6.89794123637e-22 0.
1509667203 1 9958.77246094 0. 6.89596900187e-22 0.
1509667263 1 9944.6796875 0. 6.8952564858e-22 0.
1509667323 1 9930.23925781 0. 6.89406570796e-22 0.
1509667383 1 9913.80957031 0. 6.89135138326e-22 0.
1509667443 1 9899.84863281 0. 6.89043761359e-22 0.
1509667504 1 9885.78417969 0. 6.88933998034e-22 0.
1509667564 1 9871.40917969 0. 6.88781326196e-22 0.
1509667624 1 9853.6796875 0. 6.88411578007e-22 0.
1509667684 1 9837.82226562 0. 6.881533101e-22 0.
1509667744 1 9821.953125 0. 6.87900399394e-22 0.
1509667804 1 9809.72558594 0. 6.87908071551e-22 0.
1509667864 1 9792.80566406 0. 6.87603150479e-22 0.
1509667924 1 9779.82519531 0. 6.87545882112e-22 0.
1509667984 1 9766.28417969 0. 6.87452868773e-22 0.
1509668045 1 9748.90527344 0. 6.8706001676e-22 0.
1509668105 1 9734.34375 0. 6.86869184933e-22 0.
1509668165 1 9717.63378906 0. 6.86555876725e-22 0.
1509668225 1 9706.28222656 0. 6.86631034945e-22 0.
1509668285 1 9692.87988281 0. 6.86516466197e-22 0.
1509668345 1 9677.17871094 0. 6.86257080347e-22 0.
1509668405 1 9664.9609375 0. 6.86230263795e-22 0.
1509668465 1 9649.73535156 0. 6.85989080754e-22 0.
1509668525 1 9633.9296875 0. 6.85703823824e-22 0.
1509668586 1 9621.98730469 0. 6.85687916386e-22 0.
1509668646 1 9605.91601562 0. 6.85380087147e-22 0.
1509668706 1 9593.17089844 0. 6.85297836204e-22 0.
1509668766 1 9579.84863281 0. 6.85164468528e-22 0.
1509668826 1 9566.82617188 0. 6.85068347758e-22 0.
1509668886 1 9552.29785156 0. 6.8487318639e-22 0.
1509668946 1 9538.04199219 0. 6.8467906542e-22 0.
1509669006 1 9522.70019531 0. 6.84397762827e-22 0.
1509669066 1 9506.25292969 0. 6.84049746856e-22 0.
1509669127 1 9494.64550781 0. 6.84044215736e-22 0.
1509669187 1 9479.12304688 0. 6.83712201339e-22 0.
1509669247 1 9467.35449219 0. 6.83705774383e-22 0.
1509669286 1 9455.06542969 0. 6.83330287559e-22 0.
1509669326 1 9446.22949219 0. 6.83252464189e-22 0.
1509669386 1 9433.22460938 0. 6.83094781244e-22 0.
1509669446 1 9418.04394531 0. 6.82799684727e-22 0.
1509669506 1 9404.71191406 0. 6.82630732925e-22 0.
1509669566 1 9389.44335938 0. 6.82322538725e-22 0.
1509669626 1 9369.56054688 0. 6.81689365466e-22 0.
1509669687 1 9361.63867188 0. 6.81931918367e-22 0.
1509669747 1 9350.22949219 0. 6.81929261073e-22 0.
1509669807 1 9332.40136719 0. 6.81437493297e-22 0.
1509669867 1 9314.875 0. 6.80955052397e-22 0.
1509669927 1 9303.33300781 0. 6.80900507688e-22 0.
1509669987 1 9288.43066406 0. 6.80616138949e-22 0.
1509670047 1 9273.20507812 0. 6.80291339829e-22 0.
1509670107 1 9258.93066406 0. 6.80060194823e-22 0.
1509670167 1 9250.9453125 0. 6.80300942591e-22 0.
1509670228 1 9235.48632812 0. 6.79969405555e-22 0.
1509670288 1 9224.72558594 0. 6.79957564356e-22 0.
1509670348 1 9211.765625 0. 6.79816616634e-22 0.
1509670408 1 9194.83691406 0. 6.79374095107e-22 0.
1509670468 1 9177.30957031 0. 6.78885853587e-22 0.
1509670528 1 9164.72167969 0. 6.78750097866e-22 0.
1509670588 1 9154.38476562 0. 6.78780790133e-22 0.
1509670648 1 9137.00683594 0. 6.78306750364e-22 0.
1509670709 1 9123.68261719 0. 6.78100655495e-22 0.
1509670769 1 9107.83203125 0. 6.77720882595e-22 0.
1509670829 1 9097.15332031 0. 6.77705416912e-22 0.
1509670889 1 9086.5234375 0. 6.77709478069e-22 0.
1509670949 1 9075.80078125 0. 6.77708268486e-22 0.
1509671009 1 9059.42285156 0. 6.77292635157e-22 0.
1509671069 1 9048.30273438 0. 6.77257997299e-22 0.
1509671123 1 9038.93847656 0. 6.77299846808e-22 0.
1509671176 1 9026.63574219 0. 6.77077439926e-22 0.
1509671237 1 9015.43261719 0. 6.77017116622e-22 0.
1509671297 1 9001.40429688 0. 6.76748372739e-22 0.
1509671357 1 8990.54785156 0. 6.76736908224e-22 0.
1509671417 1 8980.77734375 0. 6.76766111852e-22 0.
1509671477 1 8968.62890625 0. 6.76644160146e-22 0.
1509671537 1 8953.84277344 0. 6.76299817545e-22 0.
1509671597 1 8939.86132812 0. 6.76032452788e-22 0.
1509671635 1 8936.9140625 0. 6.76297236925e-22 0.
1509671673 1 8926.703125 0. 6.76036283477e-22 0.
1509671734 1 8911.44824219 0. 6.75649802246e-22 0.
1509671794 1 8900.76464844 0. 6.75619864287e-22 0.
1509671854 1 8889.07226562 0. 6.75532136483e-22 0.
1509671914 1 8874.72070312 0. 6.75195404516e-22 0.
1509671974 1 8863.37988281 0. 6.75121659845e-22 0.
1509672034 1 8851.515625 0. 6.75001722109e-22 0.
1509672094 1 8838.44628906 0. 6.74774161999e-22 0.
1509672154 1 8826.70214844 0. 6.74662671065e-22 0.
1509672215 1 8812.42285156 0. 6.74362075104e-22 0.
1509672275 1 8799.01855469 0. 6.74124568721e-22 0.
1509672335 1 8785.44140625 0. 6.73861485759e-22 0.
1509672395 1 8776.31738281 0. 6.73935123136e-22 0.
1509672455 1 8764.97460938 0. 6.73902081303e-22 0.
1509672515 1 8752.921875 0. 6.73757434673e-22 0.
1509672575 1 8736.65625 0. 6.73264974263e-22 0.
1509672635 1 8720.26464844 0. 6.72713155517e-22 0.
1509672696 1 8709.15527344 0. 6.72597449689e-22 0.
1509672756 1 8694.98242188 0. 6.72246558074e-22 0.
1509672816 1 8685.29296875 0. 6.72299226167e-22 0.
1509672876 1 8674.52636719 0. 6.72191329871e-22 0.
1509672936 1 8666.41503906 0. 6.72347986046e-22 0.
1509672996 1 8652.43164062 0. 6.72039388275e-22 0.
1509673056 1 8633.38964844 0. 6.71337673251e-22 0.
1509673116 1 8623.62597656 0. 6.71343678416e-22 0.
1509673176 1 8611.81738281 0. 6.71165459435e-22 0.
1509673237 1 8598.08496094 0. 6.7084355598e-22 0.
1509673297 1 8591.80175781 0. 6.71116535175e-22 0.
1509673357 1 8576.75390625 0. 6.70682828968e-22 0.
1509673417 1 8569.75976562 0. 6.70883382953e-22 0.
1509673477 1 8554.98242188 0. 6.70476957362e-22 0.
1509673537 1 8536.19335938 0. 6.69793229259e-22 0.
1509673597 1 8526.59472656 0. 6.69819088985e-22 0.
1509673657 1 8518.25195312 0. 6.69925742769e-22 0.
1509673711 1 8509.16992188 0. 6.69873615163e-22 0.
1509673764 1 8496.75097656 0. 6.69578736322e-22 0.
1509673825 1 8483.94042969 0. 6.6929432247e-22 0.
1509673885 1 8474.64746094 0. 6.692933058e-22 0.
1509673945 1 8460.82714844 0. 6.68936490443e-22 0.
1509673991 1 8450.55078125 0. 6.68671644851e-22 0.
1509674037 1 8444.09082031 0. 6.68759556083e-22 0.
1509674098 1 8431.35253906 0. 6.68489322222e-22 0.
1509674158 1 8417.7109375 0. 6.68170377744e-22 0.
1509674218 1 8409.95410156 0. 6.68317575533e-22 0.
1509674278 1 8395.45996094 0. 6.67900179648e-22 0.
1509674338 1 8385.27539062 0. 6.67852512116e-22 0.
1509674398 1 8373.40429688 0. 6.67650706301e-22 0.
1509674458 1 8358.33007812 0. 6.67201571406e-22 0.
1509674518 1 8349.36230469 0. 6.67253912865e-22 0.
1509674579 1 8335.296875 0. 6.66862081213e-22 0.
1509674639 1 8318.04394531 0. 6.66201276439e-22 0.
1509674699 1 8310.1171875 0. 6.66273438752e-22 0.
1509674759 1 8302.59472656 0. 6.66415019549e-22 0.
1509674819 1 8287.58496094 0. 6.65974738947e-22 0.
1509674879 1 8274.34863281 0. 6.65656613732e-22 0.
1509674939 1 8258.65136719 0. 6.65109338884e-22 0.
1509674999 1 8250.92773438 0. 6.65188944597e-22 0.
1509675059 1 8239.48730469 0. 6.64963951388e-22 0.
1509675120 1 8223.04980469 0. 6.6437832691e-22 0.
1509675180 1 8212.37792969 0. 6.64212661002e-22 0.
1509675240 1 8202.3984375 0. 6.64130325846e-22 0.
1509675300 1 8187.93798828 0. 6.63700880016e-22 0.
1509675360 1 8175.87353516 0. 6.6345299207e-22 0.
1509675420 1 8161.953125 0. 6.63037658999e-22 0.
1509675480 1 8150.18066406 0. 6.62818682554e-22 0.
1509675540 1 8140.25341797 0. 6.62710183762e-22 0.
1509675600 1 8127.58154297 0. 6.62376936139e-22 0.
1509675661 1 8118.57519531 0. 6.62345848555e-22 0.
1509675721 1 8107.38427734 0. 6.62138515307e-22 0.
1509675781 1 8091.12353516 0. 6.61544824191e-22 0.
1509675841 1 8073.49072266 0. 6.60839622495e-22 0.
1509675901 1 8063.31347656 0. 6.60719533402e-22 0.
1509675961 1 8059.98974609 0. 6.61148428742e-22 0.
1509676021 1 8048.95605469 0. 6.60961891278e-22 0.
1509676080 1 8034.73681641 0. 6.60505714286e-22 0.
1509676115 1 8019.9296875 0. 6.59680352478e-22 0.
1509676150 1 8020.58984375 0. 6.60199434927e-22 0.
1509676211 1 8007.24169922 0. 6.59788490295e-22 0.
1509676271 1 8002.32080078 0. 6.60085852992e-22 0.
1509676331 1 7991.28271484 0. 6.59886813084e-22 0.
1509676391 1 7988.03320312 0. 6.60300479442e-22 0.
1509676451 1 7966.70166016 0. 6.59285668248e-22 0.
1509676511 1 7956.14697266 0. 6.59136753775e-22 0.
1509676571 1 7946.35351562 0. 6.59024226705e-22 0.
1509676631 1 7934.74560547 0. 6.58774136457e-22 0.
1509676691 1 7923.23876953 0. 6.58534927801e-22 0.
1509676752 1 7917.84521484 0. 6.58758983118e-22 0.
1509676799 1 7914.14111328 0. 6.59031237759e-22 0.
1509676846 1 7900.42333984 0. 6.58431103557e-22 0.
1509676906 1 7887.26074219 0. 6.58057967822e-22 0.
1509676963 1 7874.62304688 0. 6.57639601788e-22 0.
1509677019 1 7864.97021484 0. 6.57475837601e-22 0.
1509677079 1 7855.68554688 0. 6.57383666042e-22 0.
1509677139 1 7842.30859375 0. 6.56967610026e-22 0.
1509677199 1 7831.27685547 0. 6.56773183182e-22 0.
1509677259 1 7823.91943359 0. 6.56878261014e-22 0.
1509677320 1 7816.06396484 0. 6.56937404466e-22 0.
1509677380 1 7803.79101562 0. 6.5659928814e-22 0.
1509677440 1 7785.90136719 0. 6.55805265719e-22 0.
1509677500 1 7769.38818359 0. 6.55128738644e-22 0.
1509677560 1 7761.74121094 0. 6.55175017489e-22 0.
1509677620 1 7754.83984375 0. 6.55303838359e-22 0.
1509677680 1 7750.26464844 0. 6.55611833203e-22 0.
1509677740 1 7732.77539062 0. 6.54817055805e-22 0.
1509677800 1 7733.62646484 0. 6.5555471115e-22 0.
1509677861 1 7717.64306641 0. 6.54907814125e-22 0.
1509677921 1 7707.13769531 0. 6.54695388433e-22 0.
1509677981 1 7699.7109375 0. 6.54744789568e-22 0.
1509678041 1 7687.58544922 0. 6.54435236299e-22 0.
1509678101 1 7683.75439453 0. 6.54794818254e-22 0.
1509678145 1 7674.02246094 0. 6.54467541007e-22 0.
1509678174 1 7672.93798828 0. 6.54730349262e-22 0.
1509678199 1 7671.03662109 0. 6.54850192976e-22 0.
1509678218 1 7659.80126953 0. 6.54121409829e-22 0.
1509678237 1 7659.76904297 0. 6.54371121988e-22 0.
1509678276 1 7652.69287109 0. 6.54225169076e-22 0.
1509678336 1 7639.85888672 0. 6.53818618541e-22 0.
1509678396 1 7629.89013672 0. 6.53635616716e-22 0.
1509678456 1 7622.16748047 0. 6.53638431258e-22 0.
1509678517 1 7610.53515625 0. 6.53361317966e-22 0.
1509678577 1 7584.90527344 0. 6.51840863783e-22 0.
1509678637 1 7581.55566406 0. 6.52223152536e-22 0.
1509678697 1 7568.34960938 0. 6.51784488796e-22 0.
1509678757 1 7555.45800781 0. 6.51330185031e-22 0.
1509678817 1 7549.18701172 0. 6.51444993179e-22 0.
1509678877 1 7539.52734375 0. 6.51272177459e-22 0.
1509678937 1 7523.33300781 0. 6.50578595231e-22 0.
1509678997 1 7517.72363281 0. 6.50779103441e-22 0.
1509679058 1 7501.88232422 0. 6.50085218574e-22 0.
1509679097 1 7500.20458984 0. 6.50376899627e-22 0.
1509679117 1 7493.15185547 0. 6.49975298773e-22 0.
1509679135 1 7472.44921875 0. 6.4838485143e-22 0.
1509679172 1 7475.61914062 0. 6.49102387549e-22 0.
1509679232 1 7462.63818359 0. 6.48651861939e-22 0.
1509679292 1 7459.22363281 0. 6.49048730209e-22 0.
1509679352 1 7457.55810547 0. 6.49596001801e-22 0.
1509679412 1 7437.80908203 0. 6.48565151351e-22 0.
1509679448 1 7437.0078125 0. 6.48908462197e-22 0.
1509679483 1 7430.88574219 0. 6.48849777285e-22 0.
1509679543 1 7409.66015625 0. 6.47631329597e-22 0.
1509679603 1 7398.83154297 0. 6.47266502241e-22 0.
1509679663 1 7397.0625 0. 6.47798674564e-22 0.
1509679724 1 7391.06494141 0. 6.4793538613e-22 0.
1509679784 1 7378.14746094 0. 6.47449562391e-22 0.
1509679844 1 7364.26855469 0. 6.46885729462e-22 0.
1509679904 1 7350.31201172 0. 6.46299133097e-22 0.
1509679964 1 7346.68359375 0. 6.46657255976e-22 0.
1509680024 1 7336.34960938 0. 6.46418915004e-22 0.
1509680084 1 7337.703125 0. 6.47202483528e-22 0.
1509680144 1 7328.97314453 0. 6.47071117811e-22 0.
1509680204 1 7315.7890625 0. 6.46583221054e-22 0.
1509680265 1 7304.70214844 0. 6.46243460876e-22 0.
1509680325 1 7301.5078125 0. 6.46621329591e-22 0.
1509680385 1 7287.39599609 0. 6.45999422236e-22 0.
1509680445 1 7275.9453125 0. 6.45644689524e-22 0.
1509680505 1 7278.33154297 0. 6.4645120549e-22 0.
1509680565 1 7265.74609375 0. 6.45990067165e-22 0.
1509680625 1 7258.66845703 0. 6.46042394701e-22 0.
1509680685 1 7248.03466797 0. 6.45710520669e-22 0.
1509680745 1 7234.06787109 0. 6.45159135644e-22 0.
1509680806 1 7231.52392578 0. 6.45596507641e-22 0.
1509680866 1 7221.49560547 0. 6.45336104989e-22 0.
1509680926 1 7217.38574219 0. 6.45586273073e-22 0.
1509680986 1 7210.72119141 0. 6.45641226769e-22 0.
1509681046 1 7199.9609375 0. 6.45340643695e-22 0.
1509681106 1 7189.921875 0. 6.45065444872e-22 0.
1509681166 1 7172.81591797 0. 6.44195715375e-22 0.
1509681226 1 7171.42285156 0. 6.44715038584e-22 0.
1509681287 1 7166.43066406 0. 6.44949243986e-22 0.
1509681347 1 7160.12939453 0. 6.45034967041e-22 0.
1509681407 1 7150.59033203 0. 6.44833435286e-22 0.
1509681467 1 7143.32763672 0. 6.44800576801e-22 0.
1509681527 1 7128.89355469 0. 6.44101827687e-22 0.
1509681587 1 7125.41308594 0. 6.44426675566e-22 0.
1509681647 1 7118.06835938 0. 6.44414604583e-22 0.
1509681707 1 7105.49609375 0. 6.43926751211e-22 0.
1509681767 1 7094.46630859 0. 6.43583458707e-22 0.
1509681828 1 7090.01367188 0. 6.4384159109e-22 0.
1509681888 1 7085.18603516 0. 6.44038799459e-22 0.
1509681948 1 7072.40917969 0. 6.43475741345e-22 0.
1509681983 1 7067.46777344 0. 6.43351771504e-22 0.
1509682018 1 7056.36474609 0. 6.42761632794e-22 0.
1509682078 1 7052.79541016 0. 6.43114932083e-22 0.
1509682138 1 7056.21142578 0. 6.44074421424e-22 0.
1509682198 1 7036.56103516 0. 6.42949649224e-22 0.
1509682259 1 7027.90966797 0. 6.42772207155e-22 0.
1509682319 1 7018.86376953 0. 6.42605444959e-22 0.
1509682379 1 7007.52001953 0. 6.42217095575e-22 0.
1509682439 1 6994.27636719 0. 6.41659189451e-22 0.
1509682499 1 6993.15869141 0. 6.42218896445e-22 0.
1509682559 1 6989.51074219 0. 6.42534507487e-22 0.
1509682619 1 6980.83837891 0. 6.42387857445e-22 0.
1509682679 1 6965.31298828 0. 6.41607239135e-22 0.
1509682739 1 6959.57666016 0. 6.417260808e-22 0.
1509682800 1 6953.13476562 0. 6.41767653674e-22 0.
1509682860 1 6944.05908203 0. 6.41565614334e-22 0.
1509682898 1 6934.83544922 0. 6.41156891538e-22 0.
1509682937 1 6929.43115234 0. 6.41068422808e-22 0.
1509682997 1 6922.15722656 0. 6.41047109714e-22 0.
1509683057 1 6910.93603516 0. 6.40622534977e-22 0.
1509683118 1 6898.54052734 0. 6.40098729884e-22 0.
1509683178 1 6887.33105469 0. 6.39687532942e-22 0.
1509683238 1 6876.5390625 0. 6.39324210296e-22 0.
1509683298 1 6868.55566406 0. 6.39219096996e-22 0.
1509683358 1 6856.82617188 0. 6.38753947938e-22 0.
1509683418 1 6847.70068359 0. 6.38543828505e-22 0.
1509683478 1 6834.97460938 0. 6.38010995516e-22 0.
1509683538 1 6817.11279297 0. 6.36968658783e-22 0.
1509683598 1 6801.13623047 0. 6.36078993748e-22 0.
1509683659 1 6785.97021484 0. 6.35298017334e-22 0.
1509683719 1 6772.30224609 0. 6.34662799915e-22 0.
1509683779 1 6757.36132812 0. 6.33906596309e-22 0.
1509683839 1 6745.54736328 0. 6.3343205246e-22 0.
1509683899 1 6343.61279297 0. 5.96230390007e-22 0.
1509683959 1 6699.90087891 0. 6.30348359301e-22 0.
1509684019 1 6866.57373047 0. 6.46654973026e-22 0.
1509684079 1 6856.32421875 0. 6.46337690391e-22 0.
1509684139 1 6846.65771484 0. 6.46046694962e-22 0.
1509684200 1 6838.27636719 0. 6.4588948066e-22 0.
1509684260 1 6832.06445312 0. 6.45913416346e-22 0.
1509684320 1 6821.46630859 0. 6.45581768933e-22 0.
1509684380 1 6813.66162109 0. 6.4543153983e-22 0.
1509684424 1 6809.24560547 0. 6.45470426904e-22 0.
1509684467 1 6802.6875 0. 6.45321549525e-22 0.
1509684528 1 6792.49804688 0. 6.45025296125e-22 0.
1509684588 1 6784.55957031 0. 6.44882204178e-22 0.
1509684648 1 6776.84619141 0. 6.4477043454e-22 0.
1509684708 1 6768.55175781 0. 6.44583060034e-22 0.
1509684768 1 6761.78710938 0. 6.4457591043e-22 0.
1509684828 1 6752.21044922 0. 6.4428637423e-22 0.
1509684888 1 6744.10644531 0. 6.4413215811e-22 0.
1509684948 1 6739.13232422 0. 6.44261791298e-22 0.
1509685009 1 6729.64648438 0. 6.43989204862e-22 0.
1509685069 1 6719.21582031 0. 6.43628278801e-22 0.
1509685129 1 6709.87451172 0. 6.43329085066e-22 0.
1509685189 1 6700.63818359 0. 6.43046297807e-22 0.
1509685249 1 6695.17138672 0. 6.43159351079e-22 0.
1509685308 1 6687.59570312 0. 6.43058649548e-22 0.
1509685369 1 6680.54882812 0. 6.43012076557e-22 0.
1509685429 1 6674.07470703 0. 6.42993171944e-22 0.
1509685489 1 6664.32666016 0. 6.4266119363e-22 0.
1509685549 1 6654.75732422 0. 6.4234874515e-22 0.
1509685609 1 6647.32714844 0. 6.42252743596e-22 0.
1509685669 1 6637.37890625 0. 6.41896073964e-22 0.
1509685729 1 6629.79541016 0. 6.41784819984e-22 0.
1509685789 1 6623.07958984 0. 6.41749564814e-22 0.
1509685849 1 6614.64599609 0. 6.41546907823e-22 0.
1509685910 1 6605.33886719 0. 6.4125919662e-22 0.
1509685970 1 6596.54443359 0. 6.41038369221e-22 0.
1509686030 1 6590.22900391 0. 6.41028151333e-22 0.
1509686090 1 6583.16943359 0. 6.4098841875e-22 0.
1509686150 1 6576.75292969 0. 6.40964758768e-22 0.
1509686210 1 6569.07275391 0. 6.40820839189e-22 0.
1509686270 1 6557.4375 0. 6.40290200277e-22 0.
1509686330 1 6550.61376953 0. 6.4026024544e-22 0.
1509686390 1 6541.33837891 0. 6.39967559276e-22 0.
1509686450 1 6531.19775391 0. 6.39597022532e-22 0.
1509686511 1 6523.25634766 0. 6.39449541124e-22 0.
1509686571 1 6516.27832031 0. 6.39360927359e-22 0.
1509686631 1 6506.23388672 0. 6.39008695168e-22 0.
1509686691 1 6500.41210938 0. 6.3905404158e-22 0.
1509686751 1 6490.49755859 0. 6.3870777026e-22 0.
1509686811 1 6484.37548828 0. 6.38679146037e-22 0.
1509686871 1 6475.49609375 0. 6.38398331924e-22 0.
1509686931 1 6468.45410156 0. 6.38369856363e-22 0.
1509686991 1 6460.88867188 0. 6.382526921e-22 0.
1509687052 1 6450.07666016 0. 6.37788201463e-22 0.
1509687110 1 6443.86962891 0. 6.37775517203e-22 0.
1509687169 1 6434.55273438 0. 6.37474615863e-22 0.
1509687229 1 6427.87646484 0. 6.3742130612e-22 0.
1509687289 1 6422.73339844 0. 6.37554189212e-22 0.
1509687349 1 6417.32324219 0. 6.37633811519e-22 0.
1509687410 1 6410.19824219 0. 6.37550283882e-22 0.
1509687470 1 6405.91650391 0. 6.37713962546e-22 0.
1509687530 1 6396.92773438 0. 6.37461464482e-22 0.
1509687590 1 6387.99853516 0. 6.37206252971e-22 0.
1509687650 1 6379.71386719 0. 6.36969319887e-22 0.
1509687710 1 6374.28613281 0. 6.37044747956e-22 0.
1509687770 1 6366.84375 0. 6.36930527444e-22 0.
1509687830 1 6366.73339844 0. 6.3751902993e-22 0.
1509687890 1 6364.40869141 0. 6.37900817396e-22 0.
1509687951 1 6356.53027344 0. 6.37766428571e-22 0.
1509688011 1 6347.93554688 0. 6.37535210829e-22 0.
1509688071 1 6341.66552734 0. 6.37522305834e-22 0.
1509688131 1 6335.50732422 0. 6.37524399592e-22 0.
1509688191 1 6329.37255859 0. 6.3762596032e-22 0.
1509688251 1 6320.55664062 0. 6.37348918216e-22 0.
1509688311 1 6313.27978516 0. 6.37212539374e-22 0.
1509688371 1 6308.24951172 0. 6.37287936791e-22 0.
1509688431 1 6300.14111328 0. 6.37095052333e-22 0.
1509688492 1 6292.77050781 0. 6.36954824832e-22 0.
1509688552 1 6283.2578125 0. 6.36565859097e-22 0.
1509688601 1 6277.22070312 0. 6.36449292473e-22 0.
1509688651 1 6272.87304688 0. 6.36474021422e-22 0.
1509688711 1 6263.87744141 0. 6.36167031163e-22 0.
1509688771 1 6257.06787109 0. 6.36046257748e-22 0.
1509688831 1 6250.46728516 0. 6.35963883241e-22 0.
1509688891 1 6244.15625 0. 6.35929605032e-22 0.
1509688952 1 6236.77294922 0. 6.35776841152e-22 0.
1509689012 1 6228.70263672 0. 6.3553546929e-22 0.
1509689072 1 6224.51025391 0. 6.35697678034e-22 0.
1509689132 1 6216.06005859 0. 6.35401719075e-22 0.
1509689192 1 6210.29980469 0. 6.35392406323e-22 0.
1509689252 1 6201.98681641 0. 6.35144730508e-22 0.
1509689312 1 6195.23046875 0. 6.35032523502e-22 0.
1509689372 1 6188.46826172 0. 6.34942694072e-22 0.
1509689432 1 6180.64257812 0. 6.34698792254e-22 0.
1509689493 1 6174.65527344 0. 6.34663642719e-22 0.
1509689553 1 6169.15087891 0. 6.34683509429e-22 0.
1509689613 1 6162.03222656 0. 6.34538166188e-22 0.
1509689673 1 6152.37646484 0. 6.34102540727e-22 0.
1509689733 1 6147.41796875 0. 6.34170479796e-22 0.
1509689793 1 6139.37207031 0. 6.33929232739e-22 0.
1509689853 1 6133.48242188 0. 6.33897448928e-22 0.
1509689913 1 6125.14794922 0. 6.33636871861e-22 0.
1509689973 1 6117.04101562 0. 6.33402641665e-22 0.
1509690034 1 6109.1015625 0. 6.33189024149e-22 0.
1509690094 1 6101.78613281 0. 6.32997708973e-22 0.
1509690154 1 6094.92773438 0. 6.32855062543e-22 0.
1509690213 1 5835.69726562 0. 6.06625382341e-22 0.
1509690272 1 0.132452845573 0. 0.0 0.
1509690333 1 0.118428587914 0. 0.0 0.
1509690380 1 0.113726168871 0. 0.0 0.
