1509935761 1 14250.6835938 0. 4.99534811744e-22 0.
1509935821 1 15238.3232422 0. 5.35261701517e-22 0.
1509935881 1 15296.4238281 0. 5.38435634208e-22 0.
1509935942 1 15354.8212891 0. 5.4166835009e-22 0.
1509935981 1 15311.5273438 0. 5.40855463911e-22 0.
1509936011 1 14939.2304688 0. 5.28265504376e-22 0.
1509936061 1 15048.2197266 0. 5.33092422777e-22 0.
1509936097 1 15085.9794922 0. 5.35028058044e-22 0.
1509936109 1 15135.7939453 0. 5.37037220903e-22 0.
1509936130 1 15158.6503906 0. 5.3820970619e-22 0.
1509936173 1 15176.8134766 0. 5.39642814654e-22 0.
1509936208 1 15223.9619141 0. 5.41955232393e-22 0.
1509936228 1 15305.8603516 0. 5.45253170286e-22 0.
1509936273 1 15332.9404297 0. 5.4703752611e-22 0.
1509936333 1 15223.6064453 0. 5.44217979644e-22 0.
1509936393 1 14889.7988281 0. 5.33279989868e-22 0.
1509936453 1 14958.7910156 0. 5.36736463833e-22 0.
1509936513 1 15019.1367188 0. 5.39914889357e-22 0.
1509936573 1 15067.6113281 0. 5.4264271724e-22 0.
1509936634 1 15152.9648438 0. 5.46727986668e-22 0.
1509936694 1 15224.1396484 0. 5.50279904521e-22 0.
1509936754 1 15244.8505859 0. 5.52018613135e-22 0.
1509936814 1 15367.609375 0. 5.57450257034e-22 0.
1509936874 1 15127.9169922 0. 5.49744973991e-22 0.
1509936934 1 14850.0126953 0. 5.40562514171e-22 0.
1509936994 1 14846.1035156 0. 5.41354470443e-22 0.
1509937054 1 14844.8115234 0. 5.42220440303e-22 0.
1509937114 1 14921.5449219 0. 5.45955690589e-22 0.
1509937175 1 14998.5722656 0. 5.49692523316e-22 0.
1509937235 1 15024.1113281 0. 5.51546773472e-22 0.
1509937295 1 15018.4238281 0. 5.52238503349e-22 0.
1509937355 1 15065.5185547 0. 5.54896459199e-22 0.
1509937415 1 15035.8583984 0. 5.54726949629e-22 0.
1509937475 1 14997.8720703 0. 5.54250048746e-22 0.
1509937535 1 14974.9003906 0. 5.54293725766e-22 0.
1509937595 1 15047.3583984 0. 5.57884821528e-22 0.
1509937656 1 15153.59375 0. 5.62720864983e-22 0.
1509937716 1 15133.0185547 0. 5.62862369957e-22 0.
1509937776 1 15118.0820312 0. 5.63213037421e-22 0.
1509937836 1 15180.8271484 0. 5.66455182393e-22 0.
1509937896 1 15220.0058594 0. 5.68831905113e-22 0.
1509937956 1 15249.4296875 0. 5.70860646166e-22 0.
1509938016 1 15277.9501953 0. 5.72831423977e-22 0.
1509938076 1 15318.9658203 0. 5.75269764347e-22 0.
1509938136 1 15317.6230469 0. 5.7612925679e-22 0.
1509938197 1 15259.1835938 0. 5.74824124988e-22 0.
1509938257 1 15250.6962891 0. 5.75413233308e-22 0.
1509938317 1 15288.1650391 0. 5.77768407583e-22 0.
1509938377 1 15247.8388672 0. 5.7714300945e-22 0.
1509938437 1 15304.2080078 0. 5.80188735018e-22 0.
1509938497 1 15247.2597656 0. 5.7895017123e-22 0.
1509938557 1 15285.8632812 0. 5.81301899771e-22 0.
1509938617 1 15311.3759766 0. 5.83163323688e-22 0.
1509938677 1 15296.5634766 0. 5.83505323244e-22 0.
1509938738 1 15303.4892578 0. 5.84685184667e-22 0.
1509938798 1 15367.1074219 0. 5.87973667251e-22 0.
1509938858 1 14877.9335938 0. 5.70118156856e-22 0.
1509938918 1 14868.9414062 0. 5.7062983026e-22 0.
1509938978 1 14819.109375 0. 5.69565372102e-22 0.
1509939038 1 14870.5039062 0. 5.7238012784e-22 0.
1509939098 1 14865.9873047 0. 5.73067895021e-22 0.
1509939158 1 14908.2285156 0. 5.75569647497e-22 0.
1509939218 1 14907.6328125 0. 5.76398469783e-22 0.
1509939279 1 14854.3378906 0. 5.75204124214e-22 0.
1509939339 1 14887.5830078 0. 5.77368987918e-22 0.
1509939399 1 14858.9433594 0. 5.77121262682e-22 0.
1509939459 1 14777.3525391 0. 5.74794319369e-22 0.
1509939519 1 14842.6611328 0. 5.78169396365e-22 0.
1509939579 1 14852.7089844 0. 5.79410579788e-22 0.
1509939639 1 14873.3310547 0. 5.81085398228e-22 0.
1509939699 1 14947.6259766 0. 5.84845047917e-22 0.
1509939759 1 14874.5488281 0. 5.82822716932e-22 0.
1509939820 1 14910.4980469 0. 5.85100947435e-22 0.
1509939880 1 14907.7724609 0. 5.85845034185e-22 0.
1509939940 1 14888.6367188 0. 5.85936892995e-22 0.
1509940000 1 14874.6757812 0. 5.86238049309e-22 0.
1509940060 1 14879.2880859 0. 5.87320866632e-22 0.
1509940120 1 14860.3671875 0. 5.87431317226e-22 0.
1509940179 1 14955.9326172 0. 5.92060260108e-22 0.
1509940238 1 15010.8154297 0. 5.95087862395e-22 0.
1509940298 1 14944.4970703 0. 5.933105512e-22 0.
1509940343 1 14906.7294922 0. 5.92460961311e-22 0.
1509940388 1 14865.1005859 0. 5.91453108099e-22 0.
1509940448 1 14834.1572266 0. 5.91080859457e-22 0.
1509940508 1 14833.0722656 0. 5.91894220368e-22 0.
1509940569 1 14961.8232422 0. 5.97896874617e-22 0.
1509940629 1 15139.6113281 0. 6.05906147699e-22 0.
1509940689 1 15109.8056641 0. 6.05594362492e-22 0.
1509940749 1 15121.6503906 0. 6.06951586735e-22 0.
1509940809 1 15133.2919922 0. 6.08298565041e-22 0.
1509940869 1 15109.5117188 0. 6.08244915796e-22 0.
1509940929 1 15127.7226562 0. 6.0984574478e-22 0.
1509940981 1 15111.9375 0. 6.09992569688e-22 0.
1509941033 1 15087.140625 0. 6.09770535796e-22 0.
1509941093 1 14972.9648438 0. 6.06008449509e-22 0.
1509941150 1 15011.5 0. 6.08392896205e-22 0.
1509941207 1 14993.2568359 0. 6.08480791738e-22 0.
1509941267 1 15039.0166016 0. 6.11245349744e-22 0.
1509941327 1 14983.359375 0. 6.09864177616e-22 0.
1509941366 1 15005.0087891 0. 6.11283486594e-22 0.
1509941404 1 15037.6806641 0. 6.13221007943e-22 0.
1509941439 1 15175.484375 0. 6.1932889461e-22 0.
1509941471 1 15182.5273438 0. 6.20107847651e-22 0.
1509941527 1 15209.7734375 0. 6.22032011493e-22 0.
1509941587 1 15238.3222656 0. 6.24106262388e-22 0.
1509941647 1 15185.0058594 0. 6.22814443117e-22 0.
1509941707 1 15127.6259766 0. 6.21351591272e-22 0.
1509941768 1 15126.953125 0. 6.22236357442e-22 0.
1509941828 1 15123.5380859 0. 6.2296613073e-22 0.
1509941888 1 15153.2783203 0. 6.25087960534e-22 0.
1509941936 1 15114.2050781 0. 6.24158463087e-22 0.
1509941983 1 15072.3427734 0. 6.23162530736e-22 0.
1509942044 1 15069.5595703 0. 6.23966894539e-22 0.
1509942104 1 14987.7138672 0. 6.21435122297e-22 0.
1509942164 1 14955.8183594 0. 6.20981461041e-22 0.
1509942224 1 14964.9335938 0. 6.22256539731e-22 0.
1509942284 1 14940.0283203 0. 6.2210139409e-22 0.
1509942344 1 14896.4453125 0. 6.21157849448e-22 0.
1509942404 1 14836.0517578 0. 6.19515409448e-22 0.
1509942465 1 14801.2783203 0. 6.18971213066e-22 0.
1509942525 1 14763.2128906 0. 6.18230109949e-22 0.
1509942585 1 14845.2666016 0. 6.22539251847e-22 0.
1509942645 1 15006.2734375 0. 6.30163554118e-22 0.
1509942705 1 14991.5332031 0. 6.30407194459e-22 0.
1509942765 1 14965.0742188 0. 6.30231070918e-22 0.
1509942825 1 14847.4511719 0. 6.26163611758e-22 0.
1509942885 1 14861.8828125 0. 6.27650009096e-22 0.
1509942945 1 14818.3505859 0. 6.26705747685e-22 0.
1509943006 1 14794.1611328 0. 6.26539337196e-22 0.
1509943066 1 14870.2792969 0. 6.30654366524e-22 0.
1509943126 1 15066.3515625 0. 6.3989371391e-22 0.
1509943186 1 15056.7021484 0. 6.40390970854e-22 0.
1509943246 1 15017.1201172 0. 6.39586351728e-22 0.
1509943306 1 14991.9414062 0. 6.39447030318e-22 0.
1509943366 1 14926.0996094 0. 6.37501074265e-22 0.
1509943426 1 14855.8232422 0. 6.35382480734e-22 0.
1509943486 1 14820.5175781 0. 6.34734397597e-22 0.
1509943547 1 14835.0332031 0. 6.36262538379e-22 0.
1509943607 1 14849.3876953 0. 6.37789267333e-22 0.
1509943667 1 14827.3701172 0. 6.37704830579e-22 0.
1509943727 1 14846.7050781 0. 6.39426702594e-22 0.
1509943787 1 14817.2939453 0. 6.39064341553e-22 0.
1509943847 1 14778.8769531 0. 6.38292182816e-22 0.
1509943907 1 14842.4326172 0. 6.41966165957e-22 0.
1509943967 1 14947.2177734 0. 6.47456076151e-22 0.
1509944027 1 14980.5400391 0. 6.49807142138e-22 0.
1509944088 1 14958.515625 0. 6.49743733999e-22 0.
1509944148 1 14946.8574219 0. 6.50146479163e-22 0.
1509944208 1 14933.3642578 0. 6.50472872526e-22 0.
1509944268 1 14899.9658203 0. 6.49971667101e-22 0.
1509944328 1 14876.4052734 0. 6.49835487366e-22 0.
1509944388 1 14851.6591797 0. 6.49681368786e-22 0.
1509944448 1 14840.8701172 0. 6.50148531844e-22 0.
1509944492 1 14818.4052734 0. 6.4986824323e-22 0.
1509944537 1 14824.7451172 0. 6.5080847072e-22 0.
1509944597 1 14799.8886719 0. 6.50655775728e-22 0.
1509944657 1 14781.7802734 0. 6.50784217301e-22 0.
1509944717 1 14749.0097656 0. 6.50234042591e-22 0.
1509944777 1 14900.0205078 0. 6.57839962048e-22 0.
1509944837 1 14945.8144531 0. 6.6080794284e-22 0.
1509944897 1 14922.3759766 0. 6.60684965165e-22 0.
1509944957 1 14893.8212891 0. 6.60345327374e-22 0.
1509945018 1 14871.1337891 0. 6.60273990288e-22 0.
1509945078 1 14829.9990234 0. 6.59358649889e-22 0.
1509945138 1 14828.3779297 0. 6.60216456282e-22 0.
1509945198 1 14811.9042969 0. 6.60405943487e-22 0.
1509945258 1 14797.7353516 0. 6.60678961876e-22 0.
1509945318 1 14770.9423828 0. 6.60407429506e-22 0.
1509945378 1 14794.765625 0. 6.62413186983e-22 0.
1509945438 1 14897.9013672 0. 6.67970982755e-22 0.
1509945498 1 14889.8476562 0. 6.68543807051e-22 0.
1509945559 1 14875.5869141 0. 6.68842754734e-22 0.
1509945613 1 14849.2333984 0. 6.68527140208e-22 0.
1509945653 1 14834.9189453 0. 6.68515130889e-22 0.
1509945699 1 14811.265625 0. 6.68160555689e-22 0.
1509945759 1 14776.7734375 0. 6.67489964326e-22 0.
1509945820 1 14843.2431641 0. 6.71446128967e-22 0.
1509945880 1 14863.9726562 0. 6.73318073145e-22 0.
1509945940 1 14834.5439453 0. 6.72920068955e-22 0.
1509946000 1 14815.3730469 0. 6.72986282141e-22 0.
1509946060 1 14768.9794922 0. 6.7186783349e-22 0.
1509946120 1 14758.1494141 0. 6.72294636912e-22 0.
1509946180 1 14836.5927734 0. 6.76821614687e-22 0.
1509946240 1 14821.5957031 0. 6.77106378598e-22 0.
1509946300 1 14800.8291016 0. 6.77114136745e-22 0.
1509946361 1 14778.2783203 0. 6.77024517536e-22 0.
1509946421 1 14769.5507812 0. 6.77553180189e-22 0.
1509946481 1 14771.1845703 0. 6.78564868005e-22 0.
1509946541 1 14762.9814453 0. 6.79128112081e-22 0.
1509946601 1 14763.7626953 0. 6.80093916214e-22 0.
1509946661 1 14730.3408203 0. 6.79502621377e-22 0.
1509946721 1 14084.5097656 0. 6.50609879034e-22 0.
1509946781 1 14090.4970703 0. 6.51733858011e-22 0.
1509946841 1 14812.7919922 0. 6.85971828255e-22 0.
1509946902 1 14790.8105469 0. 6.85762044812e-22 0.
1509946962 1 14796.2158203 0. 6.86763720478e-22 0.
1509947012 1 14784.4033203 0. 6.86787670354e-22 0.
1509947063 1 14747.6181641 0. 6.85785633611e-22 0.
1509947123 1 14716.3808594 0. 6.85040303237e-22 0.
1509947183 1 14677.5449219 0. 6.84145339579e-22 0.
1509947243 1 14651.0058594 0. 6.83875185165e-22 0.
1509947304 1 14622.4296875 0. 6.8348020715e-22 0.
1509947364 1 14589.5361328 0. 6.82905113904e-22 0.
1509947424 1 14549.8964844 0. 6.81946880545e-22 0.
1509947484 1 14519.3769531 0. 6.81468457657e-22 0.
1509947544 1 14514.7841797 0. 6.82181519712e-22 0.
1509947604 1 14484.5146484 0. 6.81684977284e-22 0.
1509947664 1 14458.5869141 0. 6.81432984565e-22 0.
1509947724 1 14432.8349609 0. 6.81159546647e-22 0.
1509947785 1 14402.0976562 0. 6.80629987738e-22 0.
1509947845 1 14380.9882812 0. 6.80598941045e-22 0.
1509947905 1 14352.0820312 0. 6.80126128109e-22 0.
1509947964 1 14492.7441406 0. 6.87767970982e-22 0.
1509948025 1 14797.8173828 0. 7.03267594506e-22 0.
1509948085 1 14768.5527344 0. 7.02943213137e-22 0.
1509948145 1 14742.5947266 0. 7.02723494081e-22 0.
1509948205 1 14709.8115234 0. 7.02175140494e-22 0.
1509948265 1 14680.09375 0. 7.01750899108e-22 0.
1509948325 1 14646.8701172 0. 7.01158899206e-22 0.
1509948385 1 14942.0390625 0. 7.16366811112e-22 0.
1509948445 1 14908.4121094 0. 7.15868592686e-22 0.
1509948506 1 14381.6210938 0. 6.91635268307e-22 0.
1509948566 1 14153.4248047 0. 6.81604734154e-22 0.
1509948626 1 15076.4287109 0. 7.27259330425e-22 0.
1509948686 1 15110.6611328 0. 7.30029113764e-22 0.
1509948746 1 15078.3535156 0. 7.2958346946e-22 0.
1509948796 1 15052.4941406 0. 7.29295816905e-22 0.
1509948847 1 15026.3330078 0. 7.2895658079e-22 0.
1509948907 1 14997.0058594 0. 7.28645204176e-22 0.
1509948967 1 14966.6005859 0. 7.28269988836e-22 0.
1509949028 1 14944.6728516 0. 7.28312347743e-22 0.
1509949088 1 14909.4833984 0. 7.27695872702e-22 0.
1509949148 1 14878.8144531 0. 7.27320208277e-22 0.
1509949208 1 14847.1367188 0. 7.26856140567e-22 0.
1509949268 1 14821.2265625 0. 7.26672441542e-22 0.
1509949328 1 14794.0849609 0. 7.26413049947e-22 0.
1509949388 1 14761.6025391 0. 7.25852017593e-22 0.
1509949448 1 14739.8603516 0. 7.25922928423e-22 0.
1509949508 1 14710.9892578 0. 7.25571878542e-22 0.
1509949568 1 14680.9287109 0. 7.25164774618e-22 0.
1509949629 1 14649.9589844 0. 7.24695185523e-22 0.
1509949689 1 14619.6152344 0. 7.24302975428e-22 0.
1509949749 1 14590.7705078 0. 7.23946842103e-22 0.
1509949809 1 14566.9677734 0. 7.23847684006e-22 0.
1509949869 1 14547.2714844 0. 7.23932542896e-22 0.
1509949929 1 14509.3535156 0. 7.2309093787e-22 0.
1509949967 1 14491.0126953 0. 7.22807955283e-22 0.
1509950004 1 14476.9238281 0. 7.22797530658e-22 0.
1509950065 1 14444.8955078 0. 7.22275592238e-22 0.
1509950100 1 14431.7587891 0. 7.22235194919e-22 0.
1509950135 1 14414.6621094 0. 7.22025628036e-22 0.
1509950170 1 14400.4052734 0. 7.21914927093e-22 0.
1509950205 1 14387.5917969 0. 7.21933351224e-22 0.
1509950266 1 14361.5605469 0. 7.21673503354e-22 0.
1509950326 1 14328.4375 0. 7.21080926814e-22 0.
1509950386 1 14299.2041016 0. 7.20658812105e-22 0.
1509950446 1 14270.2626953 0. 7.20231749962e-22 0.
1509950506 1 14253.3222656 0. 7.20399576478e-22 0.
1509950566 1 14223.0097656 0. 7.19882869487e-22 0.
1509950618 1 14202.9892578 0. 7.19761296086e-22 0.
1509950671 1 14181.1357422 0. 7.1957350292e-22 0.
1509950731 1 14149.8349609 0. 7.1906120925e-22 0.
1509950791 1 14122.8486328 0. 7.18712703866e-22 0.
1509950851 1 14099.9550781 0. 7.185809838e-22 0.
1509950911 1 14068.7519531 0. 7.18064751636e-22 0.
1509950971 1 14042.4980469 0. 7.1773517019e-22 0.
1509951031 1 14018.9492188 0. 7.17572134495e-22 0.
1509951068 1 14002.2099609 0. 7.17304464772e-22 0.
1509951104 1 13983.484375 0. 7.17002197245e-22 0.
1509951164 1 13950.0947266 0. 7.16338214084e-22 0.
1509951224 1 13934.9755859 0. 7.16603094355e-22 0.
1509951284 1 13914.3056641 0. 7.16592069822e-22 0.
1509951345 1 13882.6757812 0. 7.16016910698e-22 0.
1509951404 1 13859.7685547 0. 7.1584197255e-22 0.
1509951463 1 13838.1533203 0. 7.15744221993e-22 0.
1509951523 1 13814.9492188 0. 7.15563319158e-22 0.
1509951583 1 13787.3300781 0. 7.1514816193e-22 0.
1509951643 1 13762.5136719 0. 7.14897018449e-22 0.
1509951703 1 13738.3125 0. 7.14658279587e-22 0.
1509951763 1 13711.5771484 0. 7.14301305404e-22 0.
1509951823 1 13683.4160156 0. 7.13854655689e-22 0.
1509951883 1 13658.9599609 0. 7.13626524538e-22 0.
1509951943 1 13636.8876953 0. 7.13496346207e-22 0.
1509952004 1 13615.4560547 0. 7.13392504767e-22 0.
1509952064 1 13589.8974609 0. 7.1310134728e-22 0.
1509952124 1 13564.5761719 0. 7.12801760378e-22 0.
1509952184 1 13541.6523438 0. 7.12594196638e-22 0.
1509952243 1 13521.3144531 0. 7.12503111596e-22 0.
1509952279 1 13499.1328125 0. 7.11917552582e-22 0.
1509952297 1 13492.3408203 0. 7.11840264583e-22 0.
1509952318 1 13480.3886719 0. 7.11590597607e-22 0.
1509952359 1 13466.0712891 0. 7.11519707217e-22 0.
1509952419 1 13445.1630859 0. 7.11384758967e-22 0.
1509952479 1 13421.8388672 0. 7.11144183131e-22 0.
1509952539 1 13396.4384766 0. 7.1081060303e-22 0.
1509952576 1 13380.7148438 0. 7.10559426904e-22 0.
1509952590 1 13379.8857422 0. 7.10750933857e-22 0.
1509952609 1 13375.2041016 0. 7.10806755369e-22 0.
1509952649 1 13353.5234375 0. 7.10313331254e-22 0.
1509952710 1 13316.9677734 0. 7.09347811477e-22 0.
1509952770 1 13299.8164062 0. 7.09407793471e-22 0.
1509952830 1 13279.6123047 0. 7.09310103823e-22 0.
1509952890 1 13257.5996094 0. 7.09115478723e-22 0.
1509952950 1 13234.2539062 0. 7.0883238395e-22 0.
1509953010 1 13215.6640625 0. 7.08844600408e-22 0.
1509953070 1 13186.9541016 0. 7.08276020041e-22 0.
1509953130 1 13169.2675781 0. 7.08301855923e-22 0.
1509953190 1 13141.0673828 0. 7.07754040795e-22 0.
1509953251 1 13121.9238281 0. 7.07698159725e-22 0.
1509953311 1 13095.3105469 0. 7.07231880165e-22 0.
1509953371 1 13076.3271484 0. 7.07156900205e-22 0.
1509953431 1 13051.6923828 0. 7.06759322672e-22 0.
1509953491 1 13028.3798828 0. 7.0648998927e-22 0.
1509953551 1 13006.6162109 0. 7.06261710392e-22 0.
1509953601 1 12993.5332031 0. 7.06331285003e-22 0.
1509953650 1 12974.8574219 0. 7.06109993823e-22 0.
1509953710 1 12926.2109375 0. 7.04426679127e-22 0.
1509953770 1 12918.1191406 0. 7.04939729668e-22 0.
1509953831 1 12900.6162109 0. 7.04971244664e-22 0.
1509953891 1 12880.4892578 0. 7.04842550491e-22 0.
1509953951 1 12858.2802734 0. 7.04538470101e-22 0.
1509954011 1 12836.6445312 0. 7.04303529905e-22 0.
1509954071 1 12813.5830078 0. 7.03996425649e-22 0.
1509954131 1 12795.0146484 0. 7.03903582608e-22 0.
1509954191 1 12771.0888672 0. 7.0354707417e-22 0.
1509954251 1 12748.3232422 0. 7.03237631637e-22 0.
1509954311 1 12727.9980469 0. 7.03082950523e-22 0.
1509954372 1 12704.6103516 0. 7.02742448558e-22 0.
1509954432 1 12685.8164062 0. 7.02650801255e-22 0.
1509954492 1 12660.9267578 0. 7.0220994901e-22 0.
1509954552 1 12639.53125 0. 7.01964936447e-22 0.
1509954612 1 12622.484375 0. 7.01993373616e-22 0.
1509954672 1 12598.8623047 0. 7.016617822e-22 0.
1509954732 1 12575.3496094 0. 7.01259284695e-22 0.
1509954792 1 12552.9755859 0. 7.00977363254e-22 0.
1509954852 1 12533.5419922 0. 7.00867521068e-22 0.
1509954913 1 12510.1621094 0. 7.00517570269e-22 0.
1509954973 1 12485.7900391 0. 7.00075756307e-22 0.
1509955033 1 12463.7802734 0. 6.99799732839e-22 0.
1509955093 1 12447.5830078 0. 6.99828512283e-22 0.
1509955153 1 12426.3583984 0. 6.995490973e-22 0.
1509955213 1 12405.4521484 0. 6.99325874176e-22 0.
1509955273 1 12378.703125 0. 6.98772569309e-22 0.
1509955333 1 12356.5703125 0. 6.98460920095e-22 0.
1509955393 1 12340.3251953 0. 6.98450934042e-22 0.
1509955454 1 12003.9521484 0. 6.80335185807e-22 0.
1509955514 1 11726.890625 0. 6.65479415172e-22 0.
1509955574 1 12282.8515625 0. 6.98004050988e-22 0.
1509955615 1 12273.8632812 0. 6.98110949319e-22 0.
1509955656 1 12262.171875 0. 6.98104094092e-22 0.
1509955716 1 12240.8662109 0. 6.97831051243e-22 0.
1509955776 1 12220.7490234 0. 6.97606963813e-22 0.
1509955836 1 12200.2089844 0. 6.97364140378e-22 0.
1509955896 1 12178.7363281 0. 6.97034479973e-22 0.
1509955957 1 12156.7597656 0. 6.96676587255e-22 0.
1509956017 1 12134.5722656 0. 6.96308272491e-22 0.
1509956077 1 12117.9990234 0. 6.96312680885e-22 0.
1509956137 1 12095.9111328 0. 6.95954351662e-22 0.
1509956197 1 12077.7304688 0. 6.95828552679e-22 0.
1509956257 1 12055.3837891 0. 6.95433286101e-22 0.
1509956317 1 12039.1894531 0. 6.9538008722e-22 0.
1509956377 1 12021.0742188 0. 6.95257741651e-22 0.
1509956437 1 12002.5429688 0. 6.95114163786e-22 0.
1509956498 1 11980.3349609 0. 6.94732420637e-22 0.
1509956552 1 11962.4912109 0. 6.94515282014e-22 0.
1509956606 1 11943.7646484 0. 6.94243539606e-22 0.
1509956667 1 11923.3212891 0. 6.93964798432e-22 0.
1509956727 1 11900.6835938 0. 6.93549891372e-22 0.
1509956787 1 11887.9316406 0. 6.93701693991e-22 0.
1509956847 1 11864.1279297 0. 6.93188566157e-22 0.
1509956907 1 11846.7597656 0. 6.93065081608e-22 0.
1509956950 1 11834.1894531 0. 6.92935897559e-22 0.
1509956993 1 11818.4257812 0. 6.92671785499e-22 0.
1509957029 1 11809.0888672 0. 6.92602242964e-22 0.
1509957064 1 11798.4814453 0. 6.92538340619e-22 0.
1509957124 1 11782.1357422 0. 6.92445793948e-22 0.
1509957184 1 11755.9931641 0. 6.91799225071e-22 0.
1509957232 1 11749.2685547 0. 6.92135776013e-22 0.
1509957266 1 11739.3261719 0. 6.92059352971e-22 0.
1509957295 1 11729.2753906 0. 6.91863738887e-22 0.
1509957319 1 11721.40625 0. 6.91743165022e-22 0.
1509957360 1 11705.8857422 0. 6.91447004553e-22 0.
1509957420 1 11688.8515625 0. 6.91292371844e-22 0.
1509957480 1 11661.9296875 0. 6.90593692649e-22 0.
1509957540 1 11644.7763672 0. 6.90452221937e-22 0.
1509957600 1 11630.078125 0. 6.90497649747e-22 0.
1509957660 1 11611.2177734 0. 6.90242796306e-22 0.
1509957720 1 11594.9628906 0. 6.90127457884e-22 0.
1509957774 1 11575.5400391 0. 6.89748835031e-22 0.
1509957828 1 11559.1191406 0. 6.89529653867e-22 0.
1509957889 1 11540.3134766 0. 6.89281670012e-22 0.
1509957949 1 11524.3466797 0. 6.89216193826e-22 0.
1509958009 1 11501.6328125 0. 6.88727409526e-22 0.
1509958069 1 11484.9423828 0. 6.88601627794e-22 0.
1509958106 1 11475.0947266 0. 6.88511506334e-22 0.
1509958137 1 11463.2431641 0. 6.8830307014e-22 0.
1509958193 1 11447.0078125 0. 6.88125014185e-22 0.
1509958253 1 11430.1865234 0. 6.87998002144e-22 0.
1509958298 1 11417.4257812 0. 6.878802506e-22 0.
1509958342 1 11403.015625 0. 6.87659936373e-22 0.
1509958402 1 11384.5810547 0. 6.874227061e-22 0.
1509958462 1 11362.8066406 0. 6.87012408467e-22 0.
1509958522 1 11348.1025391 0. 6.86988456294e-22 0.
1509958582 1 11329.0546875 0. 6.86713891531e-22 0.
1509958642 1 11311.9082031 0. 6.86520182668e-22 0.
1509958702 1 11295.4677734 0. 6.86390333406e-22 0.
1509958763 1 11273.8369141 0. 6.85923950517e-22 0.
1509958823 1 11258.2109375 0. 6.85841756111e-22 0.
1509958883 1 11240.0927734 0. 6.85639772172e-22 0.
1509958943 1 11221.8242188 0. 6.85384019418e-22 0.
1509959003 1 11203.1318359 0. 6.85118807382e-22 0.
1509959063 1 11183.8925781 0. 6.84789199409e-22 0.
1509959123 1 11172.6699219 0. 6.84989476861e-22 0.
1509959183 1 11156.2851562 0. 6.84826043562e-22 0.
1509959243 1 11138.8789062 0. 6.84634461677e-22 0.
1509959304 1 11117.4541016 0. 6.84240510418e-22 0.
1509959364 1 11101.0019531 0. 6.84086671825e-22 0.
1509959424 1 11420.5351562 0. 7.04735173567e-22 0.
1509959484 1 11292.6552734 0. 6.97806240858e-22 0.
1509959544 1 11044.6904297 0. 6.83415534918e-22 0.
1509959604 1 11074.8212891 0. 6.8615268992e-22 0.
1509959664 1 11413.3828125 0. 7.08139648556e-22 0.
1509959724 1 11395.6376953 0. 7.07999157313e-22 0.
1509959785 1 11376.8447266 0. 7.07808842978e-22 0.
1509959845 1 11361.1074219 0. 7.07790296281e-22 0.
1509959905 1 11333.2714844 0. 7.07014535621e-22 0.
1509959965 1 11308.0302734 0. 7.06383460636e-22 0.
1509960025 1 11293.8183594 0. 7.06426686637e-22 0.
1509960085 1 11272.9423828 0. 7.06067981169e-22 0.
1509960145 1 11255.1855469 0. 7.05886945261e-22 0.
1509960205 1 11237.96875 0. 7.05751097486e-22 0.
1509960265 1 11221.4248047 0. 7.05667165031e-22 0.
1509960320 1 11203.5947266 0. 7.05392669093e-22 0.
1509960376 1 11180.0566406 0. 7.04749741268e-22 0.
1509960436 1 11166.7626953 0. 7.04828031099e-22 0.
1509960496 1 11140.0478516 0. 7.04056641006e-22 0.
1509960556 1 11105.9033203 0. 7.02799048029e-22 0.
1509960616 1 11111.2529297 0. 7.04094448127e-22 0.
1509960676 1 11101.5283203 0. 7.04421416379e-22 0.
1509960736 1 11079.2880859 0. 7.03909077882e-22 0.
1509960796 1 11063.7626953 0. 7.03835715978e-22 0.
1509960856 1 11056.6484375 0. 7.04304314186e-22 0.
1509960917 1 11036.3720703 0. 7.03937857664e-22 0.
1509960977 1 11016.7099609 0. 7.03588696476e-22 0.
1509961037 1 10998.5566406 0. 7.0337503477e-22 0.
1509961097 1 10975.9013672 0. 7.0282805016e-22 0.
1509961157 1 10965.65625 0. 7.03095372072e-22 0.
1509961209 1 10948.7753906 0. 7.02793961205e-22 0.
1509961261 1 10930.1113281 0. 7.02400817109e-22 0.
1509961322 1 10919.3173828 0. 7.02604856369e-22 0.
1509961382 1 10902.2832031 0. 7.0240863023e-22 0.
1509961442 1 10883.4316406 0. 7.02082041403e-22 0.
1509961502 1 10865.4326172 0. 7.01865688946e-22 0.
1509961562 1 10853.0986328 0. 7.01958088262e-22 0.
1509961622 1 10837.6113281 0. 7.01863905282e-22 0.
1509961682 1 10817.5078125 0. 7.01462628098e-22 0.
1509961739 1 10803.3867188 0. 7.01428363921e-22 0.
1509961776 1 10794.0742188 0. 7.01380216553e-22 0.
1509961791 1 10787.7373047 0. 7.01196343867e-22 0.
1509961827 1 10776.9951172 0. 7.01011874164e-22 0.
1509961887 1 10756.6484375 0. 7.00572082448e-22 0.
1509961947 1 10742.5556641 0. 7.00525712807e-22 0.
1509962007 1 10724.4658203 0. 7.00265057194e-22 0.
1509962067 1 10707.6474609 0. 7.00023892358e-22 0.
1509962127 1 10691.6005859 0. 6.99906863912e-22 0.
1509962187 1 10676.3447266 0. 6.99798435131e-22 0.
1509962247 1 10658.5878906 0. 6.99523245322e-22 0.
1509962307 1 10643.1464844 0. 6.99389268097e-22 0.
1509962368 1 10626.3603516 0. 6.99159361388e-22 0.
1509962428 1 10610.5976562 0. 6.98979650956e-22 0.
1509962488 1 10591.2900391 0. 6.98639458258e-22 0.
1509962548 1 10576.6796875 0. 6.986037899e-22 0.
1509962608 1 10558.8759766 0. 6.98313107362e-22 0.
1509962668 1 10539.8046875 0. 6.97956553884e-22 0.
1509962728 1 10526.8330078 0. 6.98007197555e-22 0.
1509962788 1 10512.703125 0. 6.97958600075e-22 0.
1509962849 1 10497.0820312 0. 6.97803510809e-22 0.
1509962909 1 10479.1152344 0. 6.97502411689e-22 0.
1509962969 1 10465.0078125 0. 6.9745417283e-22 0.
1509963029 1 10442.7597656 0. 6.96854910562e-22 0.
1509963089 1 10429.3515625 0. 6.96827532223e-22 0.
1509963149 1 10416.0429688 0. 6.96833787991e-22 0.
1509963209 1 10398.7441406 0. 6.96529051541e-22 0.
1509963269 1 10382.0595703 0. 6.96270615235e-22 0.
1509963329 1 10366.4228516 0. 6.96098687895e-22 0.
1509963390 1 10353.8408203 0. 6.96122939606e-22 0.
1509963450 1 10337.0048828 0. 6.95891407926e-22 0.
1509963510 1 10319.703125 0. 6.95611739041e-22 0.
1509963557 1 10309.3828125 0. 6.95623263175e-22 0.
1509963605 1 10294.9570312 0. 6.95317127417e-22 0.
1509963666 1 10281.0449219 0. 6.95258146713e-22 0.
1509963726 1 10264.640625 0. 6.94986767137e-22 0.
1509963786 1 10251.7382812 0. 6.94998335781e-22 0.
1509963846 1 10232.4707031 0. 6.94561667849e-22 0.
1509963906 1 10217.5976562 0. 6.94414109234e-22 0.
1509963966 1 10199.6357422 0. 6.94067957384e-22 0.
1509964026 1 10190.8212891 0. 6.94330920721e-22 0.
1509964086 1 10170.8115234 0. 6.93815965063e-22 0.
1509964146 1 10154.3847656 0. 6.93539098162e-22 0.
1509964207 1 10141.9814453 0. 6.93547806161e-22 0.
1509964267 1 10126.9228516 0. 6.93402905061e-22 0.
1509964327 1 10110.4628906 0. 6.93146343447e-22 0.
1509964387 1 10094.6523438 0. 6.92901340796e-22 0.
1509964447 1 10082.3339844 0. 6.92866182047e-22 0.
1509964507 1 10067.4248047 0. 6.92694449677e-22 0.
1509964567 1 10049.1181641 0. 6.92255994797e-22 0.
1509964627 1 10034.8544922 0. 6.92138807968e-22 0.
1509964687 1 10020.2216797 0. 6.91973581739e-22 0.
1509964748 1 10005.6044922 0. 6.9177400345e-22 0.
1509964808 1 9985.00292969 0. 6.91195398391e-22 0.
1509964868 1 9975.88476562 0. 6.913988842e-22 0.
1509964923 1 9958.82617188 0. 6.9099095841e-22 0.
1509964979 1 9947.80957031 0. 6.9102251616e-22 0.
1509965039 1 9932.74707031 0. 6.90809422372e-22 0.
1509965099 1 9916.61132812 0. 6.90521207765e-22 0.
1509965160 1 9901.00097656 0. 6.90261971613e-22 0.
1509965220 1 9890.34472656 0. 6.90324545811e-22 0.
1509965280 1 9871.49902344 0. 6.89856291368e-22 0.
1509965340 1 9859.39257812 0. 6.89823107163e-22 0.
1509965400 1 9841.26855469 0. 6.8938257568e-22 0.
1509965460 1 9824.38867188 0. 6.89052318068e-22 0.
1509965520 1 9811.07128906 0. 6.88942809508e-22 0.
1509965580 1 9800.34472656 0. 6.8900087892e-22 0.
1509965640 1 9789.87304688 0. 6.89080225755e-22 0.
1509965701 1 9772.61621094 0. 6.88685086241e-22 0.
1509965761 1 9759.34179688 0. 6.88617515615e-22 0.
1509965821 1 9744.92480469 0. 6.88426874217e-22 0.
1509965881 1 9730.35644531 0. 6.88233236422e-22 0.
1509965941 1 9715.90527344 0. 6.88024921777e-22 0.
1509966001 1 9701.33300781 0. 6.87794581516e-22 0.
1509966061 1 9684.70898438 0. 6.87447569572e-22 0.
1509966121 1 9676.73828125 0. 6.877012726e-22 0.
1509966181 1 9660.55273438 0. 6.87401505598e-22 0.
1509966242 1 9647.70996094 0. 6.87322249719e-22 0.
1509966302 1 9631.43359375 0. 6.86968655043e-22 0.
1509966362 1 9616.73730469 0. 6.86741655327e-22 0.
1509966422 1 9601.14257812 0. 6.86448490534e-22 0.
1509966482 1 9584.74804688 0. 6.86134377131e-22 0.
1509966542 1 9576.08300781 0. 6.86340657166e-22 0.
1509966602 1 9562.734375 0. 6.86176387593e-22 0.
1509966662 1 9550.61621094 0. 6.86140462799e-22 0.
1509966722 1 9538.17285156 0. 6.86081026112e-22 0.
1509966783 1 9520.59765625 0. 6.85622175341e-22 0.
1509966843 1 9508.68261719 0. 6.85591032293e-22 0.
1509966903 1 9495.484375 0. 6.85446415862e-22 0.
1509966963 1 9479.56347656 0. 6.85098803097e-22 0.
1509967023 1 9465.046875 0. 6.84868125149e-22 0.
1509967083 1 9452.26074219 0. 6.84758908448e-22 0.
1509967143 1 9440.68945312 0. 6.84748681673e-22 0.
1509967200 1 9224.81445312 0. 6.69905953639e-22 0.
1509967257 1 9412.23242188 0. 6.8419234677e-22 0.
1509967318 1 9365.40039062 0. 6.81603742753e-22 0.
1509967355 1 9004.83203125 0. 6.55777607003e-22 0.
1509967371 1 9080.27539062 0. 6.61510362944e-22 0.
1509967391 1 9012.08300781 0. 6.56826005402e-22 0.
1509967434 1 9079.23144531 0. 6.62236513488e-22 0.
1509967494 1 9362.34179688 0. 6.83740511702e-22 0.
1509967554 1 9348.15527344 0. 6.83510429225e-22 0.
1509967614 1 9335.80859375 0. 6.8343172988e-22 0.
1509967674 1 9323.81738281 0. 6.83339153872e-22 0.
1509967734 1 9306.40039062 0. 6.8286167774e-22 0.
1509967794 1 9296.203125 0. 6.82925196751e-22 0.
1509967855 1 9284.02148438 0. 6.82842815507e-22 0.
1509967915 1 9269.04589844 0. 6.82508954624e-22 0.
1509967975 1 9257.43066406 0. 6.82454847967e-22 0.
1509968035 1 9248.19042969 0. 6.82557855818e-22 0.
1509968095 1 9230.96582031 0. 6.82099183867e-22 0.
1509968155 1 9216.71289062 0. 6.81837695056e-22 0.
1509968215 1 9203.546875 0. 6.81654800354e-22 0.
1509968275 1 9189.62011719 0. 6.81414697593e-22 0.
1509968335 1 9174.49707031 0. 6.81083638299e-22 0.
1509968396 1 9163.04492188 0. 6.81010739249e-22 0.
1509968456 1 9152.14355469 0. 6.80968543642e-22 0.
1509968515 1 9138.84765625 0. 6.80773127995e-22 0.
1509968552 1 9128.61523438 0. 6.80460510667e-22 0.
1509968569 1 9124.35253906 0. 6.8037063351e-22 0.
1509968609 1 9118.82910156 0. 6.80488340012e-22 0.
1509968669 1 9102.49804688 0. 6.80042964685e-22 0.
1509968729 1 9091.36816406 0. 6.80004047528e-22 0.
1509968789 1 9076.79394531 0. 6.79699696286e-22 0.
1509968849 1 9063.53710938 0. 6.79445023425e-22 0.
1509968910 1 9051.50292969 0. 6.79324733195e-22 0.
1509968970 1 9036.12988281 0. 6.78944372682e-22 0.
1509969030 1 9023.29199219 0. 6.78752018934e-22 0.
1509969090 1 9007.74414062 0. 6.78379181658e-22 0.
1509969150 1 8996.65917969 0. 6.78317308111e-22 0.
1509969202 1 8986.35058594 0. 6.78219829114e-22 0.
1509969253 1 8976.35839844 0. 6.78129361292e-22 0.
1509969314 1 8965.11035156 0. 6.78094714824e-22 0.
1509969374 1 8955.34960938 0. 6.78089317865e-22 0.
1509969434 1 8938.62109375 0. 6.77591905283e-22 0.
1509969494 1 8927.56347656 0. 6.7751446374e-22 0.
1509969554 1 8920.13769531 0. 6.77719878963e-22 0.
1509969614 1 8902.76464844 0. 6.7717425172e-22 0.
1509969674 1 8894.16992188 0. 6.77286950109e-22 0.
1509969735 1 8880.83691406 0. 6.77043202653e-22 0.
1509969795 1 8867.23242188 0. 6.76786744041e-22 0.
1509969855 1 8860.90527344 0. 6.77079251484e-22 0.
1509969915 1 8844.55566406 0. 6.76595163771e-22 0.
1509969975 1 8833.35253906 0. 6.76544782912e-22 0.
1509970035 1 8821.53613281 0. 6.76402743078e-22 0.
1509970095 1 8810.25878906 0. 6.76330151285e-22 0.
1509970155 1 8796.21386719 0. 6.76007672355e-22 0.
1509970215 1 8785.72265625 0. 6.75965626508e-22 0.
1509970276 1 8771.81445312 0. 6.75677609431e-22 0.
1509970336 1 8763.42089844 0. 6.75820873031e-22 0.
1509970396 1 8747.00390625 0. 6.7535229594e-22 0.
1509970456 1 8739.02832031 0. 6.75490246764e-22 0.
1509970516 1 8728.85449219 0. 6.75469801399e-22 0.
1509970576 1 8714.89746094 0. 6.75152857838e-22 0.
1509970636 1 8703.6484375 0. 6.75030120692e-22 0.
1509970696 1 8688.22265625 0. 6.74587091008e-22 0.
1509970756 1 8676.8671875 0. 6.74451595324e-22 0.
1509970816 1 8664.61425781 0. 6.74262659508e-22 0.
1509970877 1 8656.33496094 0. 6.74395796849e-22 0.
1509970937 1 8643.25 0. 6.74107724577e-22 0.
1509970997 1 8632.0390625 0. 6.73993651203e-22 0.
1509971057 1 8619.60058594 0. 6.73783797508e-22 0.
1509971117 1 8610.47265625 0. 6.73811386449e-22 0.
1509971177 1 8595.05371094 0. 6.73366754774e-22 0.
1509971237 1 8583.12597656 0. 6.73199015319e-22 0.
1509971297 1 8571.51855469 0. 6.73049583897e-22 0.
1509971357 1 8559.40136719 0. 6.72860354881e-22 0.
1509971418 1 8550.11621094 0. 6.72887230846e-22 0.
1509971478 1 8538.06738281 0. 6.72728022931e-22 0.
1509971538 1 8516.42871094 0. 6.71829033199e-22 0.
1509971598 1 8511.89453125 0. 6.72231719637e-22 0.
1509971658 1 8500.92578125 0. 6.72093525066e-22 0.
1509971693 1 8493.36132812 0. 6.71913184895e-22 0.
1509971705 1 8491.06933594 0. 6.71889327703e-22 0.
1509971716 1 8491.65917969 0. 6.72074804996e-22 0.
1509971739 1 8485.484375 0. 6.71881039689e-22 0.
1509971787 1 8474.50097656 0. 6.71592292411e-22 0.
1509971847 1 8460.60449219 0. 6.71256244376e-22 0.
1509971907 1 8451.07910156 0. 6.71256908745e-22 0.
1509971967 1 8440.13671875 0. 6.71130763019e-22 0.
1509972027 1 8430.44921875 0. 6.71084917671e-22 0.
1509972087 1 8416.87207031 0. 6.70751651839e-22 0.
1509972147 1 8408.45507812 0. 6.70804972609e-22 0.
1509972208 1 8394.54296875 0. 6.70434232114e-22 0.
1509972257 1 8386.359375 0. 6.70381084239e-22 0.
1509972306 1 8376.65722656 0. 6.70209276389e-22 0.
1509972367 1 8364.41699219 0. 6.69958302546e-22 0.
1509972427 1 8354.9453125 0. 6.69926087921e-22 0.
1509972487 1 8343.61914062 0. 6.69734746601e-22 0.
1509972547 1 8333.77539062 0. 6.69653584595e-22 0.
1509972607 1 8320.5078125 0. 6.69323474289e-22 0.
1509972667 1 8307.81835938 0. 6.69027677801e-22 0.
1509972727 1 8297.65039062 0. 6.6893624356e-22 0.
1509972787 1 8286.75585938 0. 6.68789250622e-22 0.
1509972847 1 8277.1640625 0. 6.68757751239e-22 0.
1509972896 1 8269.06347656 0. 6.68690696302e-22 0.
1509972945 1 8259.27246094 0. 6.68497403663e-22 0.
1509972990 1 8248.33789062 0. 6.68129482395e-22 0.
1509973035 1 8241.48144531 0. 6.6813530691e-22 0.
1509973071 1 8233.55078125 0. 6.67869024927e-22 0.
1509973087 1 8231.88964844 0. 6.67979407553e-22 0.
1509973128 1 8226.62402344 0. 6.68041095771e-22 0.
1509973188 1 8215.71191406 0. 6.67858069141e-22 0.
1509973249 1 8205.08105469 0. 6.67724680825e-22 0.
1509973309 1 8191.80078125 0. 6.67366617947e-22 0.
1509973369 1 8184.65771484 0. 6.67511271293e-22 0.
1509973429 1 8171.9765625 0. 6.67206433174e-22 0.
1509973489 1 8160.95361328 0. 6.67026046891e-22 0.
1509973549 1 8150.58349609 0. 6.66903342698e-22 0.
1509973609 1 8141.27783203 0. 6.66849594572e-22 0.
1509973669 1 8131.53271484 0. 6.66764059588e-22 0.
1509973729 1 8117.10986328 0. 6.6629228802e-22 0.
1509973790 1 8112.00292969 0. 6.66615329487e-22 0.
1509973850 1 8101.43310547 0. 6.66510048434e-22 0.
1509973910 1 8084.94238281 0. 6.65899176396e-22 0.
1509973970 1 8074.92285156 0. 6.65785154989e-22 0.
1509974030 1 8068.125 0. 6.65924200493e-22 0.
1509974090 1 8055.50732422 0. 6.65629785302e-22 0.
1509974150 1 8047.24951172 0. 6.6564597074e-22 0.
1509974210 1 8040.46582031 0. 6.65852622127e-22 0.
1509974270 1 8029.06738281 0. 6.65620902584e-22 0.
1509974331 1 8020.09228516 0. 6.65605775675e-22 0.
1509974391 1 8006.24316406 0. 6.65159353599e-22 0.
1509974451 1 7997.17871094 0. 6.65120112269e-22 0.
1509974511 1 7988.53417969 0. 6.65125961556e-22 0.
1509974571 1 7978.00146484 0. 6.64961022426e-22 0.
1509974631 1 7964.94775391 0. 6.64572427698e-22 0.
1509974691 1 7956.22119141 0. 6.64570825714e-22 0.
1509974751 1 7945.45068359 0. 6.64390810214e-22 0.
1509974811 1 7934.24365234 0. 6.64180737616e-22 0.
1509974872 1 7926.08007812 0. 6.64201037938e-22 0.
1509974932 1 7916.79394531 0. 6.64115181393e-22 0.
1509974992 1 7905.17480469 0. 6.63861004739e-22 0.
1509975052 1 7894.59472656 0. 6.6369392122e-22 0.
1509975100 1 7890.67041016 0. 6.63912109585e-22 0.
1509975147 1 7879.125 0. 6.63488626692e-22 0.
1509975208 1 7870.24804688 0. 6.63444429768e-22 0.
1509975246 1 7865.68066406 0. 6.63474575161e-22 0.
1509975259 1 7861.39453125 0. 6.63273404919e-22 0.
1509975294 1 7854.93164062 0. 6.63138006981e-22 0.
1509975354 1 7844.22949219 0. 6.62926385927e-22 0.
1509975414 1 7833.98291016 0. 6.62790572422e-22 0.
1509975475 1 7826.11035156 0. 6.62815109358e-22 0.
1509975535 1 7815.40771484 0. 6.62623256479e-22 0.
1509975595 1 7808.58398438 0. 6.62694185042e-22 0.
1509975655 1 7798.67138672 0. 6.62549413964e-22 0.
1509975715 1 7787.02001953 0. 6.62234562935e-22 0.
1509975775 1 7778.14941406 0. 6.62200118497e-22 0.
1509975835 1 7768.74121094 0. 6.62087247482e-22 0.
1509975895 1 7758.60693359 0. 6.61919518276e-22 0.
1509975955 1 7746.13769531 0. 6.61559796564e-22 0.
1509976016 1 7733.92871094 0. 6.61205022167e-22 0.
1509976076 1 7727.66113281 0. 6.61381908623e-22 0.
1509976136 1 7720.27490234 0. 6.61422542475e-22 0.
1509976196 1 7709.85205078 0. 6.61232857929e-22 0.
1509976256 1 7699.21923828 0. 6.60983101056e-22 0.
1509976316 1 7689.86425781 0. 6.6084703504e-22 0.
1509976376 1 7681.36914062 0. 6.60816904816e-22 0.
1509976436 1 7671.77294922 0. 6.60676319708e-22 0.
1509976496 1 7659.27832031 0. 6.60302279702e-22 0.
1509976557 1 7651.79199219 0. 6.60333046648e-22 0.
1509976617 1 7641.875 0. 6.60159285779e-22 0.
1509976677 1 7634.22949219 0. 6.60171631709e-22 0.
1509976737 1 7622.02587891 0. 6.59819311212e-22 0.
1509976797 1 7612.69628906 0. 6.5969684209e-22 0.
1509976857 1 7604.09765625 0. 6.59615908279e-22 0.
1509976917 1 7595.37890625 0. 6.59551351136e-22 0.
1509976977 1 7587.56152344 0. 6.59565375517e-22 0.
1509977037 1 7575.83496094 0. 6.59232333053e-22 0.
1509977098 1 7567.33837891 0. 6.59165116447e-22 0.
1509977158 1 7556.32617188 0. 6.58871081368e-22 0.
1509977218 1 7546.15917969 0. 6.58675874486e-22 0.
1509977278 1 7537.50146484 0. 6.58619958105e-22 0.
1509977338 1 7526.51318359 0. 6.5833162083e-22 0.
1509977398 1 7519.0625 0. 6.58368585933e-22 0.
1509977458 1 7507.75097656 0. 6.58063944959e-22 0.
1509977518 1 7499.49804688 0. 6.58041055638e-22 0.
1509977578 1 7489.71582031 0. 6.57852467903e-22 0.
1509977634 1 7482.86816406 0. 6.57873467138e-22 0.
1509977675 1 7475.28076172 0. 6.576907724e-22 0.
1509977720 1 7469.09716797 0. 6.57666320212e-22 0.
1509977781 1 7458.48974609 0. 6.57396745842e-22 0.
1509977816 1 7454.39794922 0. 6.57381748352e-22 0.
1509977851 1 7441.91601562 0. 6.56747675182e-22 0.
1509977911 1 7438.31103516 0. 6.57103170515e-22 0.
1509977971 1 7430.19921875 0. 6.57072965715e-22 0.
1509978032 1 7413.00634766 0. 6.56237814704e-22 0.
1509978071 1 7397.21240234 0. 6.55253365413e-22 0.
1509978111 1 7393.18115234 0. 6.55365235657e-22 0.
1509978171 1 7386.31738281 0. 6.55431482637e-22 0.
1509978231 1 7377.00048828 0. 6.55292622151e-22 0.
1509978291 1 7367.31933594 0. 6.55107403812e-22 0.
1509978352 1 7356.50048828 0. 6.54813954567e-22 0.
1509978412 1 7344.50976562 0. 6.54413851946e-22 0.
1509978472 1 7336.61181641 0. 6.54402851316e-22 0.
1509978532 1 7328.64257812 0. 6.54328473068e-22 0.
1509978592 1 7321.96240234 0. 6.54393425841e-22 0.
1509978652 1 7312.97851562 0. 6.54242762198e-22 0.
1509978712 1 7304.09570312 0. 6.54108643619e-22 0.
1509978772 1 7296.21435547 0. 6.54064280579e-22 0.
1509978833 1 7287.08984375 0. 6.53912433146e-22 0.
1509978893 1 7276.15869141 0. 6.53575579018e-22 0.
1509978953 1 7269.55224609 0. 6.53635189113e-22 0.
1509979013 1 7264.16796875 0. 6.53806641186e-22 0.
1509979073 1 7255.06201172 0. 6.53625287973e-22 0.
1509979133 1 7244.99462891 0. 6.53377031179e-22 0.
1509979193 1 7235.38525391 0. 6.53143491895e-22 0.
1509979253 1 7225.18701172 0. 6.52861883143e-22 0.
1509979313 1 7219.76269531 0. 6.53037424061e-22 0.
1509979374 1 7211.38769531 0. 6.52929991637e-22 0.
1509979434 1 7201.23583984 0. 6.52663375684e-22 0.
1509979494 1 7193.15527344 0. 6.52585919447e-22 0.
1509979554 1 7182.29638672 0. 6.52250681693e-22 0.
1509979614 1 7126.51757812 0. 6.47825357761e-22 0.
1509979674 1 6869.47607422 0. 6.25065053242e-22 0.
1509979734 1 7037.70703125 0. 6.40960297342e-22 0.
1509979794 1 7174.17236328 0. 6.53986947663e-22 0.
1509979854 1 7163.99462891 0. 6.53589002789e-22 0.
1509979915 1 7165.56005859 0. 6.54242438976e-22 0.
1509979975 1 7162.25732422 0. 6.5443213602e-22 0.
1509980035 1 7150.97558594 0. 6.53975575094e-22 0.
1509980095 1 7137.69140625 0. 6.5328208606e-22 0.
1509980155 1 7127.60888672 0. 6.5300936868e-22 0.
1509980215 1 7118.66845703 0. 6.52818460973e-22 0.
1509980275 1 7109.69433594 0. 6.52644451919e-22 0.
1509980335 1 7100.16308594 0. 6.52435452083e-22 0.
1509980395 1 7093.29248047 0. 6.52446634914e-22 0.
1509980456 1 7085.14208984 0. 6.52362450237e-22 0.
1509980516 1 7076.38183594 0. 6.52221275633e-22 0.
1509980576 1 7067.25390625 0. 6.52027533404e-22 0.
1509980636 1 7058.36230469 0. 6.51829373351e-22 0.
1509980696 1 7050.76464844 0. 6.51786788907e-22 0.
1509980756 1 7042.46533203 0. 6.51654361873e-22 0.
1509980816 1 7033.79882812 0. 6.51535090333e-22 0.
1509980876 1 7022.06152344 0. 6.51095210649e-22 0.
1509980937 1 7014.30078125 0. 6.51023475969e-22 0.
1509980997 1 7004.22021484 0. 6.50750186907e-22 0.
1509981057 1 6996.35302734 0. 6.50676944374e-22 0.
1509981117 1 6989.484375 0. 6.50673808243e-22 0.
1509981177 1 6980.40771484 0. 6.50474470038e-22 0.
1509981237 1 6972.96337891 0. 6.50452031908e-22 0.
1509981297 1 6962.17089844 0. 6.50076683678e-22 0.
1509981357 1 6954.53369141 0. 6.50019376565e-22 0.
1509981417 1 6940.56738281 0. 6.49355672842e-22 0.
1509981478 1 6935.40820312 0. 6.49527928769e-22 0.
1509981522 1 6929.53369141 0. 6.49500056827e-22 0.
1509981568 1 6923.88427734 0. 6.49433446849e-22 0.
1509981628 1 6918.31835938 0. 6.49575907005e-22 0.
1509981688 1 6909.70654297 0. 6.49385954316e-22 0.
1509981748 1 6901.90283203 0. 6.49317012454e-22 0.
1509981808 1 6894.76171875 0. 6.49284257396e-22 0.
1509981868 1 6884.47509766 0. 6.48935886541e-22 0.
1509981928 1 6878.71728516 0. 6.49074470076e-22 0.
1509981988 1 6869.56640625 0. 6.48830015548e-22 0.
1509982049 1 6859.421875 0. 6.48462952879e-22 0.
1509982109 1 6852.61914062 0. 6.48447519829e-22 0.
1509982169 1 6842.61181641 0. 6.48140231147e-22 0.
1509982229 1 6835.5703125 0. 6.48114800586e-22 0.
1509982289 1 6826.29785156 0. 6.47861893767e-22 0.
1509982349 1 6815.84472656 0. 6.47518851866e-22 0.
1509982409 1 6808.02490234 0. 6.47398922675e-22 0.
1509982469 1 6801.82226562 0. 6.47455132602e-22 0.
1509982529 1 6792.84570312 0. 6.47233586425e-22 0.
1509982590 1 6785.22314453 0. 6.47129758069e-22 0.
1509982650 1 6778.33056641 0. 6.47095777584e-22 0.
1509982710 1 6770.15380859 0. 6.46914690146e-22 0.
1509982770 1 6761.18212891 0. 6.46724770554e-22 0.
1509982830 1 6755.27050781 0. 6.46783478966e-22 0.
1509982890 1 6745.90332031 0. 6.46508349101e-22 0.
1509982950 1 6738.89941406 0. 6.46455421923e-22 0.
1509982997 1 6731.61816406 0. 6.4622225703e-22 0.
1509983044 1 6725.74511719 0. 6.46158963615e-22 0.
1509983104 1 6719.39990234 0. 6.46194727958e-22 0.
1509983164 1 6711.05859375 0. 6.46036357549e-22 0.
1509983224 1 6702.45849609 0. 6.45810697878e-22 0.
1509983285 1 6695.70019531 0. 6.45771627352e-22 0.
1509983329 1 6689.54052734 0. 6.45624141071e-22 0.
1509983373 1 6683.57275391 0. 6.45493277513e-22 0.
1509983433 1 6673.94482422 0. 6.45169857389e-22 0.
1509983493 1 6664.88623047 0. 6.44898293292e-22 0.
1509983553 1 6657.17578125 0. 6.44779731213e-22 0.
1509983613 1 6649.00830078 0. 6.4459618154e-22 0.
1509983673 1 6642.13232422 0. 6.44534476316e-22 0.
1509983733 1 6635.52441406 0. 6.4449890239e-22 0.
1509983793 1 6627.95263672 0. 6.44377473943e-22 0.
1509983854 1 6617.80761719 0. 6.43995799583e-22 0.
1509983914 1 6610.21777344 0. 6.43768746844e-22 0.
1509983974 1 6601.7578125 0. 6.43523898622e-22 0.
1509984034 1 6590.36865234 0. 6.43018601628e-22 0.
1509984094 1 6582.35107422 0. 6.42873281406e-22 0.
1509984154 1 6576.60205078 0. 6.42955549246e-22 0.
1509984214 1 6567.33691406 0. 6.42635526706e-22 0.
1509984274 1 6556.13818359 0. 6.42158270523e-22 0.
1509984335 1 6546.01123047 0. 6.41753220546e-22 0.
1509984395 1 6540.43457031 0. 6.41845833173e-22 0.
1509984455 1 6532.80224609 0. 6.4173313363e-22 0.
1509984515 1 6525.58105469 0. 6.41606569599e-22 0.
1509984575 1 6515.8984375 0. 6.41290754552e-22 0.
1509984635 1 6509.58740234 0. 6.41272758112e-22 0.
1509984695 1 6499.85498047 0. 6.40938366905e-22 0.
1509984755 1 6490.81640625 0. 6.40658677674e-22 0.
1509984815 1 6484.03271484 0. 6.40599114299e-22 0.
1509984875 1 6476.13769531 0. 6.40396671118e-22 0.
1509984936 1 6466.35742188 0. 6.40027242083e-22 0.
1509984996 1 6460.21484375 0. 6.40053731501e-22 0.
1509985056 1 6449.78515625 0. 6.39658975153e-22 0.
1509985116 1 6440.046875 0. 6.39263321466e-22 0.
1509985174 1 6432.62744141 0. 6.39123309866e-22 0.
1509985232 1 6425.22851562 0. 6.38979145381e-22 0.
1509985293 1 6418.52880859 0. 6.38933190096e-22 0.
1509985353 1 6413.68457031 0. 6.39073862632e-22 0.
1509985413 1 6401.02294922 0. 6.38404306984e-22 0.
1509985473 1 6392.0078125 0. 6.38105626773e-22 0.
1509985533 1 6385.77001953 0. 6.38097824394e-22 0.
1509985593 1 6379.79394531 0. 6.38106253765e-22 0.
1509985653 1 6374.00683594 0. 6.38133898491e-22 0.
1509985713 1 6363.26416016 0. 6.37658640565e-22 0.
1509985774 1 6358.68701172 0. 6.3779370502e-22 0.
1509985834 1 6361.19091797 0. 6.38715821382e-22 0.
1509985894 1 6357.61474609 0. 6.38996296587e-22 0.
1509985954 1 6352.04931641 0. 6.38962801321e-22 0.
1509986014 1 6344.09667969 0. 6.38773082943e-22 0.
1509986074 1 6336.27294922 0. 6.38593881816e-22 0.
1509986134 1 6329.2578125 0. 6.38489344392e-22 0.
1509986194 1 6323.25292969 0. 6.38481721747e-22 0.
1509986254 1 6315.82421875 0. 6.38314059319e-22 0.
1509986315 1 6309.98730469 0. 6.38291767065e-22 0.
1509986375 1 6302.92236328 0. 6.38184623084e-22 0.
1509986435 1 6294.87939453 0. 6.37995392137e-22 0.
1509986495 1 6288.94628906 0. 6.37967996676e-22 0.
1509986555 1 6278.84521484 0. 6.37540668401e-22 0.
1509986615 1 6274.07666016 0. 6.37609172016e-22 0.
1509986675 1 6266.64941406 0. 6.37426841833e-22 0.
1509986735 1 6258.93603516 0. 6.37238813839e-22 0.
1509986795 1 6251.33154297 0. 6.37077665043e-22 0.
1509986856 1 6247.17089844 0. 6.37242379749e-22 0.
1509986916 1 6240.05419922 0. 6.3711888724e-22 0.
1509986976 1 6233.04443359 0. 6.36980212719e-22 0.
1509987036 1 6225.32861328 0. 6.36756962284e-22 0.
1509987096 1 6216.86083984 0. 6.36482792879e-22 0.
1509987156 1 6210.20214844 0. 6.36400199832e-22 0.
1509987216 1 6203.80371094 0. 6.36329483022e-22 0.
1509987276 1 6197.05175781 0. 6.36228007111e-22 0.
1509987336 1 6190.75195312 0. 6.36167832281e-22 0.
1509987397 1 6182.51611328 0. 6.35927298013e-22 0.
1509987457 1 6176.64453125 0. 6.35895577599e-22 0.
1509987517 1 6168.54003906 0. 6.35604486491e-22 0.
1509987577 1 6158.49267578 0. 6.3516164796e-22 0.
1509987637 1 6153.66894531 0. 6.35236484696e-22 0.
1509987697 1 6148.06201172 0. 6.35218317882e-22 0.
1509987757 1 6141.9140625 0. 6.35158637703e-22 0.
1509987817 1 6135.53662109 0. 6.35060824247e-22 0.
1509987877 1 6124.56835938 0. 6.34498783538e-22 0.
1509987938 1 6119.03759766 0. 6.34539014591e-22 0.
1509987998 1 6110.31787109 0. 6.34218509435e-22 0.
1509988058 1 6103.00244141 0. 6.34005379803e-22 0.
1509988118 1 6096.32910156 0. 6.33883062172e-22 0.
1509988178 1 6091.79345703 0. 6.33995461965e-22 0.
1509988238 1 6086.82373047 0. 6.34059235332e-22 0.
1509988298 1 6078.62304688 0. 6.33794369384e-22 0.
1509988358 1 6074.36914062 0. 6.33912400324e-22 0.
1509988419 1 6068.35058594 0. 6.33846151575e-22 0.
1509988479 1 6059.32958984 0. 6.33467508837e-22 0.
1509988539 1 6051.68457031 0. 6.33266810934e-22 0.
1509988599 1 6044.6015625 0. 6.33116028607e-22 0.
1509988659 1 6037.78515625 0. 6.32985746677e-22 0.
1509988719 1 6031.20410156 0. 6.32863145149e-22 0.
1509988779 1 6023.74902344 0. 6.3266972273e-22 0.
1509988839 1 6017.46582031 0. 6.32579723932e-22 0.
1509988899 1 6006.23730469 0. 6.32007199675e-22 0.
1509988959 1 5999.20410156 0. 6.31840577865e-22 0.
1509989020 1 5997.02099609 0. 6.32182751983e-22 0.
1509989080 1 5987.07324219 0. 6.31717474958e-22 0.
1509989140 1 5977.96337891 0. 6.31346399931e-22 0.
1509989200 1 5970.99804688 0. 6.31192651387e-22 0.
1509989260 1 5963.07080078 0. 6.30945693846e-22 0.
1509989320 1 5959.47460938 0. 6.31168055088e-22 0.
1509989380 1 5950.79150391 0. 6.30785826289e-22 0.
1509989440 1 5943.3828125 0. 6.30572818538e-22 0.
1509989500 1 5934.36523438 0. 6.3017969029e-22 0.
1509989557 1 5929.43994141 0. 6.30182456045e-22 0.
1509989614 1 5924.13232422 0. 6.30147086431e-22 0.
1509989674 1 5917.39892578 0. 6.30034181625e-22 0.
1509989734 1 5908.51513672 0. 6.29665511864e-22 0.
1509989794 1 5900.00488281 0. 6.29316657736e-22 0.
1509989855 1 5892.46582031 0. 6.29081866012e-22 0.
1509989915 1 5886.85595703 0. 6.29024804482e-22 0.
1509989975 1 5879.234375 0. 6.28761507734e-22 0.
1509990035 1 5873.45117188 0. 6.28700780691e-22 0.
1509990095 1 5868.79052734 0. 6.28766028321e-22 0.
1509990155 1 5860.9453125 0. 6.28475505797e-22 0.
1509990215 1 5855.50097656 0. 6.28464636836e-22 0.
1509990275 1 5848.28955078 0. 6.28219150694e-22 0.
1509990336 1 5841.26318359 0. 6.28010325214e-22 0.
1509990396 1 5837.56835938 0. 6.28177637611e-22 0.
1509990456 1 5828.18896484 0. 6.27746018906e-22 0.
1509990516 1 5817.75439453 0. 6.27140456846e-22 0.
1509990576 1 5817.47509766 0. 6.27681167636e-22 0.
1509990636 1 5812.50878906 0. 6.27709517425e-22 0.
1509990696 1 5806.05810547 0. 6.27570862915e-22 0.
1509990756 1 5800.73535156 0. 6.27565266079e-22 0.
1509990816 1 5791.72460938 0. 6.27120128266e-22 0.
1509990877 1 5786.57910156 0. 6.27087440584e-22 0.
1509990937 1 5778.92822266 0. 6.26783300263e-22 0.
1509990997 1 5770.74560547 0. 6.26438880484e-22 0.
1509991057 1 5766.6171875 0. 6.2655613051e-22 0.
1509991117 1 5761.60644531 0. 6.26596868959e-22 0.
1509991177 1 5754.61035156 0. 6.26345381727e-22 0.
1509991237 1 5751.47900391 0. 6.26571433114e-22 0.
1509991297 1 5743.34033203 0. 6.26199270564e-22 0.
1509991357 1 5736.59912109 0. 6.26000112698e-22 0.
1509991418 1 5731.12646484 0. 6.25960640011e-22 0.
1509991478 1 5722.3046875 0. 6.25552206676e-22 0.
1509991538 1 5715.12451172 0. 6.25310308867e-22 0.
1509991598 1 5712.65234375 0. 6.25596011594e-22 0.
1509991658 1 5706.73535156 0. 6.25491344639e-22 0.
1509991718 1 5697.47509766 0. 6.2502800765e-22 0.
1509991778 1 5690.22705078 0. 6.24778219916e-22 0.
1509991838 1 5684.8359375 0. 6.24751941908e-22 0.
1509991898 1 5681.32519531 0. 6.24898359111e-22 0.
1509991959 1 5678.79882812 0. 6.2518625127e-22 0.
1509992019 1 5674.32666016 0. 6.25216388143e-22 0.
1509992079 1 5665.67919922 0. 6.2479198808e-22 0.
1509992139 1 5659.55224609 0. 6.24686735712e-22 0.
1509992199 1 5652.76660156 0. 6.24502379532e-22 0.
1509992259 1 5648.94775391 0. 6.24651218493e-22 0.
1509992319 1 5644.16943359 0. 6.24646374074e-22 0.
1509992379 1 5637.30761719 0. 6.2443601075e-22 0.
1509992439 1 5628.15771484 0. 6.23968175517e-22 0.
1509992499 1 5622.18261719 0. 6.23862811066e-22 0.
1509992560 1 5602.77880859 0. 6.22249816063e-22 0.
1509992620 1 5591.37158203 0. 6.21547631979e-22 0.
1509992680 1 5603.60595703 0. 6.23457329756e-22 0.
1509992740 1 5599.05712891 0. 6.2351233689e-22 0.
1509992800 1 5595.94140625 0. 6.23713582526e-22 0.
1509992860 1 5587.52978516 0. 6.23301250662e-22 0.
1509992920 1 5581.33837891 0. 6.2317995786e-22 0.
1509992980 1 5575.14990234 0. 6.23027319263e-22 0.
1509993040 1 5570.04443359 0. 6.23020485935e-22 0.
1509993101 1 5562.79052734 0. 6.22717613378e-22 0.
1509993161 1 5558.19042969 0. 6.22774266223e-22 0.
1509993221 1 5553.22949219 0. 6.22786840175e-22 0.
1509993281 1 5547.17626953 0. 6.22690330344e-22 0.
1509993341 1 5539.23095703 0. 6.22322135572e-22 0.
1509993397 1 5533.35107422 0. 6.22194583426e-22 0.
1509993454 1 5528.77636719 0. 6.2216658029e-22 0.
1509993514 1 5518.16601562 0. 6.21452598079e-22 0.
1509993574 1 5512.82861328 0. 6.21430633131e-22 0.
1509993634 1 5507.80566406 0. 6.21377361956e-22 0.
1509993694 1 5503.56884766 0. 6.21400836709e-22 0.
1509993755 1 5498.23876953 0. 6.21326491882e-22 0.
1509993815 1 5491.43847656 0. 6.21065468413e-22 0.
1509993875 1 5485.75048828 0. 6.2095670249e-22 0.
1509993935 1 5478.66748047 0. 6.20667312715e-22 0.
1509993995 1 5470.95751953 0. 6.20323196995e-22 0.
1509994055 1 5464.38183594 0. 6.20091881145e-22 0.
1509994115 1 5463.70507812 0. 6.20573196427e-22 0.
1509994175 1 5460.08300781 0. 6.20727096933e-22 0.
1509994236 1 5450.67333984 0. 6.20201053638e-22 0.
1509994296 1 5440.91015625 0. 6.19610077103e-22 0.
1509994356 1 5436.45068359 0. 6.19617238261e-22 0.
1509994391 1 5435.3046875 0. 6.19756582162e-22 0.
1509994426 1 5432.90283203 0. 6.19812747168e-22 0.
1509994486 1 5427.88183594 0. 6.19764999096e-22 0.
1509994547 1 5419.83398438 0. 6.19348819269e-22 0.
1509994607 1 5411.10009766 0. 6.18864109438e-22 0.
1509994667 1 5406.97070312 0. 6.18889997965e-22 0.
1509994727 1 5402.21826172 0. 6.18835479644e-22 0.
1509994787 1 5394.78222656 0. 6.18512279665e-22 0.
1509994847 1 5390.88769531 0. 6.18626115821e-22 0.
1509994907 1 5388.81445312 0. 6.18868792491e-22 0.
1509994967 1 5386.00537109 0. 6.19103774445e-22 0.
1509995028 1 5383.01123047 0. 6.19264467682e-22 0.
1509995088 1 5377.73925781 0. 6.19113691833e-22 0.
1509995148 1 5372.55175781 0. 6.19101399246e-22 0.
1509995208 1 5372.5 0. 6.1964470882e-22 0.
1509995268 1 5365.28759766 0. 6.19265968599e-22 0.
1509995328 1 5361.55566406 0. 6.19357246704e-22 0.
1509995388 1 5353.94482422 0. 6.19029777598e-22 0.
1509995448 1 5347.77929688 0. 6.18839437169e-22 0.
1509995508 1 5343.38574219 0. 6.18880981449e-22 0.
1509995569 1 5339.21289062 0. 6.1893446238e-22 0.
1509995629 1 5334.2265625 0. 6.18841778595e-22 0.
1509995689 1 5327.81347656 0. 6.18613962998e-22 0.
1509995749 1 5324.28662109 0. 6.18732561494e-22 0.
1509995809 1 5320.40966797 0. 6.18811306154e-22 0.
1509995869 1 5312.9453125 0. 6.18447695295e-22 0.
1509995929 1 5310.23779297 0. 6.18667887272e-22 0.
1509995989 1 5305.45947266 0. 6.18644183479e-22 0.
1509996044 1 5294.71923828 0. 6.17874204407e-22 0.
1509996099 1 5288.52490234 0. 6.17627258274e-22 0.
1509996159 1 5281.29296875 0. 6.17323016719e-22 0.
1509996219 1 5277.50146484 0. 6.17383522384e-22 0.
1509996280 1 5278.64160156 0. 6.18026113662e-22 0.
1509996340 1 5269.89111328 0. 6.17549876029e-22 0.
1509996400 1 5260.78027344 0. 6.17003475908e-22 0.
1509996460 1 5253.24316406 0. 6.16644528747e-22 0.
1509996520 1 5249.26708984 0. 6.16717381525e-22 0.
1509996580 1 5246.10888672 0. 6.16865130902e-22 0.
1509996640 1 5239.16748047 0. 6.16557289562e-22 0.
1509996700 1 5233.64306641 0. 6.16439408976e-22 0.
1509996760 1 5227.63720703 0. 6.16232175723e-22 0.
1509996821 1 5218.67773438 0. 6.15720200657e-22 0.
1509996881 1 5213.11914062 0. 6.15569390434e-22 0.
1509996941 1 5207.76269531 0. 6.15463871382e-22 0.
1509997001 1 5200.86474609 0. 6.15204110218e-22 0.
1509997061 1 5198.56787109 0. 6.15464013621e-22 0.
1509997121 1 5193.5078125 0. 6.15376146104e-22 0.
1509997181 1 5187.38427734 0. 6.15151866915e-22 0.
1509997241 1 5177.82958984 0. 6.14547890622e-22 0.
1509997301 1 5171.23876953 0. 6.14275420542e-22 0.
1509997362 1 5166.59423828 0. 6.14234496746e-22 0.
1509997422 1 5159.31640625 0. 6.13874840834e-22 0.
1509997482 1 5152.78710938 0. 6.13590485505e-22 0.
1509997542 1 5147.84814453 0. 6.13513007682e-22 0.
1509997602 1 5141.72802734 0. 6.13295841472e-22 0.
1509997662 1 5137.35302734 0. 6.13251297308e-22 0.
1509997722 1 5129.83691406 0. 6.12882496724e-22 0.
1509997782 1 5123.40673828 0. 6.12575279935e-22 0.
1509997843 1 5120.04296875 0. 6.12688463293e-22 0.
1509997903 1 5114.55126953 0. 6.1252884913e-22 0.
1509997963 1 5110.30517578 0. 6.12556787335e-22 0.
1509997998 1 5106.99707031 0. 6.1241232745e-22 0.
1509998009 1 5106.49121094 0. 6.12456757267e-22 0.
1509998046 1 5100.83447266 0. 6.12078559582e-22 0.
1509998106 1 5092.71679688 0. 6.11596491592e-22 0.
1509998166 1 5088.11572266 0. 6.115290686e-22 0.
1509998226 1 5083.6171875 0. 6.11479197033e-22 0.
1509998286 1 5079.93457031 0. 6.11557132652e-22 0.
1509998346 1 5073.859375 0. 6.11341843089e-22 0.
1509998406 1 5068.48242188 0. 6.11167909489e-22 0.
1509998466 1 5063.08789062 0. 6.10999902295e-22 0.
1509998527 1 5054.38769531 0. 6.10458195288e-22 0.
1509998587 1 5043.98632812 0. 6.09729929807e-22 0.
1509998647 1 5042.41064453 0. 6.10025813503e-22 0.
1509998707 1 5041.22119141 0. 6.10377671958e-22 0.
1509998767 1 5039.25341797 0. 6.10642153446e-22 0.
1509998827 1 5031.18554688 0. 6.10135124346e-22 0.
1509998887 1 5025.58789062 0. 6.09954635039e-22 0.
1509998947 1 5019.09130859 0. 6.09660791547e-22 0.
1509999007 1 5010.14794922 0. 6.09051207335e-22 0.
1509999068 1 5003.84521484 0. 6.08776675808e-22 0.
1509999128 1 4998.83105469 0. 6.08643314525e-22 0.
1509999188 1 4994.11035156 0. 6.08577944258e-22 0.
1509999248 1 4990.02197266 0. 6.0856809495e-22 0.
1509999308 1 4981.03662109 0. 6.07958473296e-22 0.
1509999368 1 4973.00390625 0. 6.07485484393e-22 0.
1509999428 1 4964.39111328 0. 6.06944440402e-22 0.
1509999488 1 4957.76904297 0. 6.06643055312e-22 0.
1509999548 1 4952.74804688 0. 6.06516196229e-22 0.
1509999609 1 4941.73828125 0. 6.05667336089e-22 0.
1509999669 1 4930.11035156 0. 6.04723270112e-22 0.
1509999729 1 4924.03271484 0. 6.04469569592e-22 0.
1509999789 1 4915.25292969 0. 6.03866048316e-22 0.
1509999846 1 4907.81347656 0. 6.03432412353e-22 0.
1509999904 1 4904.36914062 0. 6.03494409267e-22 0.
1509999964 1 4900.23974609 0. 6.03498010819e-22 0.
1510000024 1 4893.34423828 0. 6.03130400578e-22 0.
1510000084 1 4882.98583984 0. 6.02308213343e-22 0.
1510000144 1 4874.49169922 0. 6.01775035012e-22 0.
1510000205 1 4867.55957031 0. 6.01431000258e-22 0.
1510000265 1 4858.75830078 0. 6.00846390602e-22 0.
1510000325 1 4854.30029297 0. 6.00745698546e-22 0.
1510000385 1 4849.06347656 0. 6.0056929553e-22 0.
1510000445 1 4856.01171875 0. 6.0179491232e-22 0.
1510000505 1 4849.05273438 0. 6.01288070272e-22 0.
1510000565 1 4841.734375 0. 6.00679378299e-22 0.
1510000625 1 4835.85009766 0. 6.00255031673e-22 0.
1510000686 1 4835.48242188 0. 6.00522007448e-22 0.
1510000746 1 4832.13964844 0. 6.00386308974e-22 0.
1510000806 1 4831.69287109 0. 6.00593809741e-22 0.
1510000866 1 4825.09082031 0. 6.00075206844e-22 0.
1510000926 1 4822.65527344 0. 6.00037595565e-22 0.
1510000986 1 4827.78857422 0. 6.00983970923e-22 0.
1510001046 1 4825.68505859 0. 6.01007111609e-22 0.
1510001106 1 4826.68066406 0. 6.01420528185e-22 0.
1510001166 1 4822.17578125 0. 6.01130535549e-22 0.
1510001227 1 4820.46630859 0. 6.01179142994e-22 0.
1510001287 1 4808.90185547 0. 6.00029464803e-22 0.
1510001347 1 4808.23974609 0. 6.00236932073e-22 0.
1510001407 1 4808.00585938 0. 6.00496947402e-22 0.
1510001467 1 4804.99707031 0. 6.00412918265e-22 0.
1510001527 1 4804.22265625 0. 6.00594249145e-22 0.
1510001587 1 4797.73583984 0. 6.00065598858e-22 0.
1510001647 1 4795.09863281 0. 6.00030168809e-22 0.
1510001707 1 4793.52539062 0. 6.00098231973e-22 0.
1510001768 1 4789.08105469 0. 5.99815174104e-22 0.
1510001828 1 4789.52197266 0. 6.00169792099e-22 0.
1510001888 1 4782.38671875 0. 5.9954881683e-22 0.
1510001948 1 4782.63525391 0. 5.99885069381e-22 0.
1510002008 1 4778.35888672 0. 5.99634763482e-22 0.
1510002068 1 4776.61816406 0. 5.99698113802e-22 0.
1510002128 1 4773.57324219 0. 5.99578250931e-22 0.
1510002188 1 4776.97314453 0. 6.00294038638e-22 0.
1510002248 1 4779.61181641 0. 6.00913514134e-22 0.
1510002309 1 4773.56152344 0. 6.0039711714e-22 0.
1510002369 1 4768.99316406 0. 6.0014193483e-22 0.
1510002429 1 4761.81347656 0. 5.99508425295e-22 0.
1510002489 1 4753.12792969 0. 5.986932578e-22 0.
1510002549 1 4759.40576172 0. 5.99752728772e-22 0.
1510002609 1 4758.91601562 0. 5.99947675944e-22 0.
1510002669 1 4760.68945312 0. 6.00449279669e-22 0.
1510002729 1 4755.01123047 0. 6.0004442644e-22 0.
1510002790 1 4742.98681641 0. 5.98796310934e-22 0.
1510002850 1 4741.55908203 0. 5.98870412266e-22 0.
1510002910 1 4735.62109375 0. 5.98406785816e-22 0.
1510002970 1 4736.64404297 0. 5.98831759028e-22 0.
1510003030 1 4733.51708984 0. 5.98734983594e-22 0.
1510003090 1 4734.40185547 0. 5.99158179595e-22 0.
1510003150 1 4730.64697266 0. 5.98964792403e-22 0.
1510003210 1 4729.86425781 0. 5.99149309175e-22 0.
1510003270 1 4726.3359375 0. 5.99013460043e-22 0.
1510003330 1 4722.81103516 0. 5.98841764255e-22 0.
1510003391 1 4722.27880859 0. 5.99062395661e-22 0.
1510003451 1 4716.76855469 0. 5.98669014058e-22 0.
1510003511 1 4708.45214844 0. 5.98027647713e-22 0.
1510003571 1 4579.21142578 0. 5.82058277544e-22 0.
1510003631 1 4537.47216797 0. 5.77211160416e-22 0.
1510003691 1 4550.39453125 0. 5.79278089725e-22 0.
1510003751 1 4702.52587891 0. 5.99125551634e-22 0.
1510003811 1 4770.61376953 0. 6.08305921397e-22 0.
1510003872 1 4766.24267578 0. 6.08229394317e-22 0.
1510003932 1 4761.86279297 0. 6.0817410441e-22 0.
1510003992 1 4747.46728516 0. 6.06787199903e-22 0.
1510004052 1 4750.14941406 0. 6.07629652511e-22 0.
1510004112 1 4747.42626953 0. 6.07745029182e-22 0.
1510004172 1 4742.43017578 0. 6.07600433503e-22 0.
1510004232 1 4736.76367188 0. 6.07350186336e-22 0.
1510004292 1 4733.04052734 0. 6.07402096269e-22 0.
1510004352 1 4727.12304688 0. 6.07129557095e-22 0.
1510004413 1 4723.50292969 0. 6.07159715064e-22 0.
1510004473 1 4716.53808594 0. 6.06741075803e-22 0.
1510004533 1 4709.50585938 0. 6.062534092e-22 0.
1510004593 1 4707.62451172 0. 6.06555517684e-22 0.
1510004653 1 4702.17041016 0. 6.06350812235e-22 0.
1510004713 1 4697.38623047 0. 6.06207137389e-22 0.
1510004773 1 4693.52539062 0. 6.06178539107e-22 0.
1510004833 1 4689.25537109 0. 6.06109554476e-22 0.
1510004893 1 4683.96240234 0. 6.05905085328e-22 0.
1510004954 1 4679.21337891 0. 6.05738271481e-22 0.
1510005014 1 4674.95019531 0. 6.05619911389e-22 0.
1510005074 1 4670.08544922 0. 6.05445465929e-22 0.
1510005134 1 4665.54638672 0. 6.05322390517e-22 0.
1510005194 1 4661.35742188 0. 6.05244032928e-22 0.
1510005254 1 4657.02197266 0. 6.05227845744e-22 0.
1510005314 1 4652.81298828 0. 6.05153257728e-22 0.
1510005374 1 4647.58007812 0. 6.04875040318e-22 0.
1510005434 1 4643.99560547 0. 6.04903168407e-22 0.
1510005495 1 4640.06103516 0. 6.04822854105e-22 0.
1510005555 1 4635.22558594 0. 6.046535804e-22 0.
1510005615 1 4630.52539062 0. 6.04497084881e-22 0.
1510005675 1 4626.01855469 0. 6.04377221068e-22 0.
1510005735 1 4622.17480469 0. 6.04370733455e-22 0.
1510005795 1 4618.32324219 0. 6.04371919437e-22 0.
1510005855 1 4614.21972656 0. 6.04310907331e-22 0.
1510005915 1 4609.69140625 0. 6.041512407e-22 0.
1510005975 1 4603.37841797 0. 6.03789414319e-22 0.
1510006036 1 4597.43603516 0. 6.0348340908e-22 0.
1510006096 1 4592.04101562 0. 6.03231189823e-22 0.
1510006156 1 4587.52050781 0. 6.03058674558e-22 0.
1510006216 1 4583.265625 0. 6.02975938262e-22 0.
1510006276 1 4578.83398438 0. 6.02836927122e-22 0.
1510006336 1 4554.41992188 0. 6.00089792229e-22 0.
1510006396 1 4510.37304688 0. 5.94768255918e-22 0.
1510006456 1 4504.77587891 0. 5.94485515085e-22 0.
1510006516 1 4431.93212891 0. 5.85307710012e-22 0.
1510006577 1 4417.26464844 0. 5.83834295451e-22 0.
1510006637 1 4414.24316406 0. 5.83864721791e-22 0.
1510006697 1 4400.07226562 0. 5.82424204669e-22 0.
1510006757 1 4384.34765625 0. 5.80774301447e-22 0.
1510006817 1 4381.98828125 0. 5.80939911713e-22 0.
1510006877 1 4378.72949219 0. 5.80987360659e-22 0.
1510006936 1 4375.81201172 0. 5.81036050416e-22 0.
1510006994 1 4370.02246094 0. 5.80714928676e-22 0.
1510007054 1 4365.77832031 0. 5.80565567628e-22 0.
1510007115 1 4362.38085938 0. 5.80568588067e-22 0.
1510007175 1 4356.30615234 0. 5.80216301374e-22 0.
1510007235 1 4352.21972656 0. 5.80095613146e-22 0.
1510007295 1 4347.99707031 0. 5.79945856125e-22 0.
1510007355 1 4344.70751953 0. 5.79971102336e-22 0.
1510007415 1 4339.03564453 0. 5.79642858265e-22 0.
1510007475 1 4332.55566406 0. 5.79200605306e-22 0.
1510007535 1 4328.41308594 0. 5.79061819074e-22 0.
1510007595 1 4326.11962891 0. 5.79236745749e-22 0.
1510007656 1 4214.97167969 0. 5.64764708652e-22 0.
1510007716 1 4180.70703125 0. 5.60607860262e-22 0.
1510007776 1 4329.13818359 0. 5.80969232086e-22 0.
1510007836 1 4323.79541016 0. 5.80684746513e-22 0.
1510007896 1 4321.02978516 0. 5.80742696107e-22 0.
1510007956 1 4316.31005859 0. 5.80545016809e-22 0.
1510008016 1 4312.80761719 0. 5.80538214282e-22 0.
1510008076 1 4309.57470703 0. 5.80534496911e-22 0.
1510008136 1 4305.48339844 0. 5.80440121544e-22 0.
1510008197 1 4301.84082031 0. 5.80382323081e-22 0.
1510008257 1 4297.58300781 0. 5.80223017096e-22 0.
1510008317 1 4292.93798828 0. 5.80043475235e-22 0.
1510008377 1 4289.17773438 0. 5.79974067167e-22 0.
1510008437 1 4285.53027344 0. 5.79930085761e-22 0.
1510008497 1 4282.05224609 0. 5.79917472145e-22 0.
1510008557 1 4278.22363281 0. 5.79842080233e-22 0.
1510008617 1 4273.00097656 0. 5.79580206969e-22 0.
1510008677 1 4269.7578125 0. 5.79542264042e-22 0.
1510008738 1 4266.58642578 0. 5.79529187238e-22 0.
1510008798 1 4262.36816406 0. 5.79397283846e-22 0.
1510008858 1 4257.87109375 0. 5.79219530568e-22 0.
1510008918 1 4254.37890625 0. 5.79181056344e-22 0.
1510008978 1 4249.39306641 0. 5.78936674733e-22 0.
1510009038 1 4244.57128906 0. 5.787190684e-22 0.
1510009098 1 4240.84375 0. 5.78648887824e-22 0.
1510009158 1 4239.19140625 0. 5.78861055449e-22 0.
1510009218 1 4233.36035156 0. 5.78476434384e-22 0.
1510009279 1 4229.49121094 0. 5.78370695429e-22 0.
1510009339 1 4226.71240234 0. 5.78382590192e-22 0.
1510009399 1 4222.31787109 0. 5.78218737266e-22 0.
1510009459 1 4217.95361328 0. 5.78034197506e-22 0.
1510009519 1 4214.51806641 0. 5.77991790593e-22 0.
1510009579 1 4210.62890625 0. 5.77865613699e-22 0.
1510009639 1 4206.70361328 0. 5.77737665977e-22 0.
1510009699 1 4202.72265625 0. 5.77642163621e-22 0.
1510009760 1 4198.21972656 0. 5.77442983748e-22 0.
1510009820 1 4193.97314453 0. 5.77253366167e-22 0.
1510009880 1 4190.68457031 0. 5.77211842636e-22 0.
1510009940 1 4186.64648438 0. 5.77101061273e-22 0.
1510010000 1 4183.36376953 0. 5.77120109995e-22 0.
1510010060 1 4179.60351562 0. 5.77028755923e-22 0.
1510010120 1 4175.64550781 0. 5.76898780793e-22 0.
1510010180 1 4172.00634766 0. 5.76821182057e-22 0.
1510010240 1 4168.20214844 0. 5.766978025e-22 0.
1510010301 1 4163.87158203 0. 5.7652360025e-22 0.
1510010361 1 4159.44140625 0. 5.76349106158e-22 0.
1510010421 1 4155.22509766 0. 5.76180893039e-22 0.
1510010481 1 4151.33837891 0. 5.76036875706e-22 0.
1510010541 1 4143.72851562 0. 5.75392956481e-22 0.
1510010601 1 4139.765625 0. 5.75271559499e-22 0.
1510010661 1 4139.56201172 0. 5.75668309367e-22 0.
1510010721 1 4134.55761719 0. 5.75389178088e-22 0.
1510010781 1 4131.45458984 0. 5.75399715757e-22 0.
1510010842 1 4127.36083984 0. 5.75247207167e-22 0.
1510010902 1 4122.64013672 0. 5.75042164464e-22 0.
1510010962 1 4118.61865234 0. 5.74925733863e-22 0.
1510011022 1 4114.43798828 0. 5.74688547259e-22 0.
1510011082 1 4109.03466797 0. 5.74333013328e-22 0.
1510011142 1 4107.97851562 0. 5.74616855737e-22 0.
1510011202 1 4102.32080078 0. 5.74234207286e-22 0.
1510011262 1 4099.78369141 0. 5.74294717038e-22 0.
1510011322 1 4096.01171875 0. 5.74187726055e-22 0.
1510011383 1 4092.94262695 0. 5.74182010002e-22 0.
1510011443 1 4089.62475586 0. 5.74124957227e-22 0.
1510011503 1 4085.72583008 0. 5.7399755422e-22 0.
1510011563 1 4081.36572266 0. 5.73814043827e-22 0.
1510011623 1 4075.96630859 0. 5.73469080283e-22 0.
1510011683 1 4072.45019531 0. 5.73372836524e-22 0.
1510011743 1 4069.4777832 0. 5.7337454074e-22 0.
1510011803 1 4065.49511719 0. 5.73243879869e-22 0.
1510011863 1 4060.86523438 0. 5.73003223658e-22 0.
1510011924 1 4058.47558594 0. 5.73098909992e-22 0.
1510011984 1 4052.80712891 0. 5.72718934064e-22 0.
1510012042 1 4046.91918945 0. 5.72284033948e-22 0.
1510012100 1 4042.61767578 0. 5.72066329066e-22 0.
1510012160 1 4039.41430664 0. 5.72038999186e-22 0.
1510012221 1 4036.93579102 0. 5.72110987337e-22 0.
1510012281 1 4034.19555664 0. 5.72121286512e-22 0.
1510012341 1 4030.74194336 0. 5.72063687582e-22 0.
1510012401 1 4029.43725586 0. 5.72298761778e-22 0.
1510012461 1 4025.31005859 0. 5.72137985009e-22 0.
1510012521 1 4023.2734375 0. 5.72289999389e-22 0.
1510012581 1 4019.47924805 0. 5.72165006841e-22 0.
1510012641 1 4016.70043945 0. 5.72187980929e-22 0.
1510012702 1 4012.88208008 0. 5.72066371972e-22 0.
1510012762 1 4008.63525391 0. 5.71875792876e-22 0.
1510012822 1 4005.66333008 0. 5.71852020021e-22 0.
1510012882 1 4001.71069336 0. 5.71699480459e-22 0.
1510012942 1 3998.14575195 0. 5.71620707132e-22 0.
1510013002 1 3997.85766602 0. 5.71974669937e-22 0.
1510013062 1 3992.68359375 0. 5.71639134309e-22 0.
1510013122 1 3987.5847168 0. 5.71311716467e-22 0.
1510013182 1 3983.60668945 0. 5.71176356606e-22 0.
1510013242 1 3981.40576172 0. 5.71247968722e-22 0.
1510013303 1 3979.7265625 0. 5.71411704319e-22 0.
1510013363 1 3975.27075195 0. 5.71169678914e-22 0.
1510013423 1 3970.99365234 0. 5.70968564963e-22 0.
1510013483 1 3967.63818359 0. 5.7087967497e-22 0.
1510013543 1 3963.08984375 0. 5.70628616151e-22 0.
1510013603 1 3958.95458984 0. 5.70448576198e-22 0.
1510013663 1 3955.90625 0. 5.70390133894e-22 0.
1510013723 1 3948.91235352 0. 5.69778569863e-22 0.
1510013759 1 3945.74609375 0. 5.69535833093e-22 0.
1510013794 1 3946.49804688 0. 5.69909955376e-22 0.
1510013854 1 3943.19775391 0. 5.69836389026e-22 0.
1510013914 1 3939.77905273 0. 5.69749939967e-22 0.
1510013974 1 3937.25488281 0. 5.697738408e-22 0.
1510014035 1 3933.88012695 0. 5.69672538464e-22 0.
1510014070 1 3931.48657227 0. 5.69606335503e-22 0.
1510014081 1 3931.32910156 0. 5.69650558649e-22 0.
1510014117 1 3929.18139648 0. 5.69586459187e-22 0.
1510014177 1 3924.9453125 0. 5.69360153176e-22 0.
1510014228 1 3921.04003906 0. 5.69098079517e-22 0.
1510014278 1 3917.8659668 0. 5.68972939127e-22 0.
1510014339 1 3915.25024414 0. 5.68990647777e-22 0.
1510014399 1 3911.74487305 0. 5.6888771625e-22 0.
1510014459 1 3908.61865234 0. 5.68809596297e-22 0.
1510014519 1 3904.14038086 0. 5.6857122866e-22 0.
1510014579 1 3899.71508789 0. 5.68325011131e-22 0.
1510014639 1 3895.67016602 0. 5.68131786814e-22 0.
1510014699 1 3888.90112305 0. 5.67535935444e-22 0.
1510014759 1 3892.04956055 0. 5.68390956536e-22 0.
1510014819 1 3885.05761719 0. 5.67753611279e-22 0.
1510014880 1 3878.91015625 0. 5.67263997709e-22 0.
1510014940 1 3874.01586914 0. 5.66947775107e-22 0.
1510015000 1 3871.77709961 0. 5.67020553259e-22 0.
1510015060 1 3868.65405273 0. 5.66966314423e-22 0.
1510015120 1 3865.26220703 0. 5.66877380085e-22 0.
1510015180 1 3861.34619141 0. 5.66691004474e-22 0.
1510015240 1 3858.18359375 0. 5.66655506601e-22 0.
1510015300 1 3853.88183594 0. 5.66396716416e-22 0.
1510015360 1 3849.890625 0. 5.66206767259e-22 0.
1510015411 1 3846.79125977 0. 5.66103574366e-22 0.
1510015462 1 3843.92578125 0. 5.66033910657e-22 0.
1510015522 1 3839.28173828 0. 5.65728226052e-22 0.
1510015582 1 3837.90136719 0. 5.65903191955e-22 0.
1510015642 1 3834.40136719 0. 5.65797634932e-22 0.
1510015703 1 3830.15600586 0. 5.65596606462e-22 0.
1510015763 1 3825.19433594 0. 5.65249239919e-22 0.
1510015824 1 3821.54614258 0. 5.651330038e-22 0.
1510015884 1 3818.8972168 0. 5.65148311809e-22 0.
1510015944 1 3817.89624023 0. 5.65407898274e-22 0.
1510016004 1 3812.08618164 0. 5.64971634883e-22 0.
1510016064 1 3810.99536133 0. 5.65201252184e-22 0.
1510016124 1 3807.47509766 0. 5.65072064004e-22 0.
1510016185 1 3804.78515625 0. 5.65068102721e-22 0.
1510016245 1 3799.65136719 0. 5.64736089203e-22 0.
1510016305 1 3794.98583984 0. 5.64444558148e-22 0.
1510016365 1 3790.9909668 0. 5.64236702099e-22 0.
1510016425 1 3789.09082031 0. 5.64338245616e-22 0.
1510016485 1 3785.38183594 0. 5.64163371208e-22 0.
1510016545 1 3780.79541016 0. 5.63840812692e-22 0.
1510016605 1 3777.47900391 0. 5.63742491795e-22 0.
1510016666 1 3774.06152344 0. 5.63642644882e-22 0.
1510016726 1 3769.86206055 0. 5.63408318806e-22 0.
1510016786 1 3766.87133789 0. 5.63358723283e-22 0.
1510016846 1 3764.73925781 0. 5.63458833657e-22 0.
1510016906 1 3763.31518555 0. 5.63623499287e-22 0.
1510016966 1 3758.23266602 0. 5.63261061399e-22 0.
1510017026 1 3756.43774414 0. 5.63395134225e-22 0.
1510017086 1 3739.91040039 0. 5.61306547101e-22 0.
1510017146 1 3745.08105469 0. 5.62464486812e-22 0.
1510017207 1 3743.82446289 0. 5.62678563585e-22 0.
1510017267 1 3738.73583984 0. 5.62302683598e-22 0.
1510017327 1 3739.18188477 0. 5.62743274839e-22 0.
1510017387 1 3735.76318359 0. 5.62623607666e-22 0.
1510017447 1 3730.69384766 0. 5.62232249823e-22 0.
1510017507 1 3727.62182617 0. 5.62176837079e-22 0.
1510017567 1 3722.96264648 0. 5.6186198661e-22 0.
1510017627 1 3719.55273438 0. 5.61733817634e-22 0.
1510017687 1 3712.01953125 0. 5.60951082026e-22 0.
1510017747 1 3715.08276367 0. 5.61800469173e-22 0.
1510017808 1 3712.06860352 0. 5.61849924533e-22 0.
1510017868 1 3708.62988281 0. 5.61709251665e-22 0.
1510017928 1 3705.07177734 0. 5.61564082101e-22 0.
1510017988 1 3701.05688477 0. 5.61329087779e-22 0.
1510018048 1 3697.92211914 0. 5.61246878905e-22 0.
1510018108 1 3694.61889648 0. 5.61150629601e-22 0.
1510018168 1 3693.79248047 0. 5.61398226432e-22 0.
1510018228 1 3689.11816406 0. 5.61096393283e-22 0.
1510018288 1 3685.54711914 0. 5.60930990966e-22 0.
1510018349 1 3681.89794922 0. 5.60734314444e-22 0.
1510018409 1 3679.59448242 0. 5.60736619014e-22 0.
1510018469 1 3675.95092773 0. 5.60504871363e-22 0.
1510018529 1 3672.68774414 0. 5.60356014521e-22 0.
1510018589 1 3670.13183594 0. 5.60360388028e-22 0.
1510018631 1 3667.73657227 0. 5.60267989954e-22 0.
1510018674 1 3664.86938477 0. 5.60091894213e-22 0.
1510018734 1 3660.01538086 0. 5.5970349014e-22 0.
1510018794 1 3656.99414062 0. 5.59618773971e-22 0.
1510018854 1 3655.17822266 0. 5.59730867047e-22 0.
1510018914 1 3652.56323242 0. 5.59726728893e-22 0.
1510018974 1 3649.41601562 0. 5.59622425002e-22 0.
1510019034 1 3648.14599609 0. 5.59816873386e-22 0.
1510019094 1 3645.99023438 0. 5.59838414903e-22 0.
1510019155 1 3644.13891602 0. 5.59945542306e-22 0.
1510019215 1 3642.88793945 0. 5.6015920211e-22 0.
1510019275 1 3640.79223633 0. 5.60223258395e-22 0.
1510019335 1 3639.85913086 0. 5.60480890057e-22 0.
1510019395 1 3636.14892578 0. 5.60300454144e-22 0.
1510019455 1 3632.47949219 0. 5.6013336865e-22 0.
1510019516 1 3631.68188477 0. 5.60414660677e-22 0.
1510019576 1 3630.23339844 0. 5.60581107457e-22 0.
1510019636 1 3626.69335938 0. 5.60415759472e-22 0.
1510019696 1 3624.69604492 0. 5.60473689122e-22 0.
1510019756 1 3622.86621094 0. 5.60579385898e-22 0.
1510019816 1 3618.69555664 0. 5.60318380154e-22 0.
1510019873 1 3604.65820312 0. 5.58511987292e-22 0.
1510019929 1 3596.73095703 0. 5.57610608734e-22 0.
1510019989 1 3593.96655273 0. 5.57581407084e-22 0.
1510020049 1 3589.43432617 0. 5.57269268767e-22 0.
1510020109 1 3586.28466797 0. 5.57157719034e-22 0.
1510020169 1 3581.14477539 0. 5.56726860895e-22 0.
1510020229 1 3577.39282227 0. 5.56513039945e-22 0.
1510020290 1 3574.29077148 0. 5.56409798128e-22 0.
1510020350 1 3570.2097168 0. 5.5616525896e-22 0.
1510020410 1 3572.69775391 0. 5.56924024908e-22 0.
1510020470 1 3568.69238281 0. 5.56701841986e-22 0.
1510020530 1 3565.66357422 0. 5.56632233687e-22 0.
1510020590 1 3561.40722656 0. 5.56330689747e-22 0.
1510020650 1 3559.91259766 0. 5.56483242596e-22 0.
1510020710 1 3555.9440918 0. 5.56232811665e-22 0.
1510020770 1 3553.49560547 0. 5.56212931454e-22 0.
1510020831 1 3548.72680664 0. 5.55839503893e-22 0.
1510020891 1 3546.47119141 0. 5.5589423765e-22 0.
1510020951 1 3541.85302734 0. 5.55542719974e-22 0.
1510021011 1 3539.01367188 0. 5.55477362551e-22 0.
1510021071 1 3534.71899414 0. 5.55162090597e-22 0.
1510021131 1 3532.24633789 0. 5.55146458855e-22 0.
1510021191 1 3529.48461914 0. 5.55077233727e-22 0.
1510021251 1 3526.72119141 0. 5.55024340878e-22 0.
1510021311 1 3524.76147461 0. 5.55070240202e-22 0.
1510021372 1 3521.03100586 0. 5.54831363076e-22 0.
1510021432 1 3516.00854492 0. 5.54425766649e-22 0.
1510021492 1 3512.78833008 0. 5.54283446621e-22 0.
1510021552 1 3510.7746582 0. 5.54325508088e-22 0.
1510021612 1 3509.16967773 0. 5.544417027e-22 0.
1510021672 1 3506.99682617 0. 5.54464948806e-22 0.
1510021732 1 3504.1484375 0. 5.54369563812e-22 0.
1510021792 1 3499.39355469 0. 5.54003418523e-22 0.
1510021852 1 3497.39575195 0. 5.54033894194e-22 0.
1510021913 1 3488.11157227 0. 5.52911586013e-22 0.
1510021973 1 3489.31591797 0. 5.53438395572e-22 0.
1510022033 1 3487.37084961 0. 5.53507243046e-22 0.
1510022093 1 3483.51196289 0. 5.53284346753e-22 0.
1510022153 1 3481.96313477 0. 5.53399060912e-22 0.
1510022213 1 3478.22045898 0. 5.53132996978e-22 0.
1510022273 1 3474.421875 0. 5.52914329325e-22 0.
1510022333 1 3473.98120117 0. 5.53204306753e-22 0.
1510022394 1 3471.41894531 0. 5.53169517733e-22 0.
1510022454 1 3466.90014648 0. 5.52791294163e-22 0.
1510022514 1 3463.33642578 0. 5.52584942941e-22 0.
1510022574 1 3459.30908203 0. 5.52320647578e-22 0.
1510022634 1 3456.33642578 0. 5.52186005846e-22 0.
1510022694 1 3454.25927734 0. 5.52221725493e-22 0.
1510022754 1 3451.74536133 0. 5.52199890222e-22 0.
1510022814 1 3449.56054688 0. 5.52219152845e-22 0.
1510022874 1 3446.49072266 0. 5.52087968076e-22 0.
1510022935 1 3442.85693359 0. 5.51839552256e-22 0.
1510022995 1 3438.56054688 0. 5.51528721497e-22 0.
1510023055 1 3439.93286133 0. 5.52099125598e-22 0.
1510023115 1 3435.1953125 0. 5.51704723535e-22 0.
1510023175 1 3435.25219727 0. 5.52090978287e-22 0.
1510023235 1 3431.05883789 0. 5.51776283216e-22 0.
1510023295 1 3428.57543945 0. 5.51737311334e-22 0.
1510023355 1 3422.45458984 0. 5.51124766735e-22 0.
1510023415 1 3416.28735352 0. 5.50530676139e-22 0.
1510023476 1 3414.08056641 0. 5.50548249985e-22 0.
1510023536 1 3412.52661133 0. 5.50651124782e-22 0.
1510023596 1 3409.2121582 0. 5.50476350534e-22 0.
1510023656 1 3403.74072266 0. 5.49986348662e-22 0.
1510023716 1 3401.36376953 0. 5.49969570169e-22 0.
1510023776 1 3400.60083008 0. 5.50227073519e-22 0.
1510023836 1 3395.05517578 0. 5.49689602187e-22 0.
1510023896 1 3393.63500977 0. 5.49829836653e-22 0.
1510023956 1 3387.46777344 0. 5.49194472758e-22 0.
1510024017 1 3390.64355469 0. 5.50067319927e-22 0.
1510024077 1 3388.38671875 0. 5.500650613e-22 0.
1510024137 1 3383.4206543 0. 5.49614102923e-22 0.
1510024197 1 3379.36499023 0. 5.49331129986e-22 0.
1510024257 1 3376.3828125 0. 5.49209532878e-22 0.
1510024317 1 3372.25439453 0. 5.4886810108e-22 0.
1510024377 1 3373.10009766 0. 5.49374044165e-22 0.
1510024437 1 3369.2578125 0. 5.49116747819e-22 0.
1510024498 1 3366.49975586 0. 5.4902065184e-22 0.
1510024558 1 3362.28588867 0. 5.48743455332e-22 0.
1510024618 1 3361.15625 0. 5.48908753002e-22 0.
1510024678 1 3357.58740234 0. 5.48697752302e-22 0.
1510024738 1 3354.82055664 0. 5.4861275672e-22 0.
1510024798 1 3352.47192383 0. 5.4859419532e-22 0.
1510024858 1 3349.25634766 0. 5.48421592985e-22 0.
1510024918 1 3340.58935547 0. 5.47357685466e-22 0.
1510024978 1 3344.30615234 0. 5.48322750054e-22 0.
1510025038 1 3343.57788086 0. 5.48590690702e-22 0.
1510025099 1 3339.57836914 0. 5.48278283507e-22 0.
1510025159 1 3335.11108398 0. 5.4788223533e-22 0.
1510025219 1 3332.13208008 0. 5.47752424541e-22 0.
1510025279 1 3326.5871582 0. 5.47189454109e-22 0.
1510025339 1 3325.93212891 0. 5.47417090352e-22 0.
1510025399 1 3322.53295898 0. 5.47209590428e-22 0.
1510025459 1 3319.36352539 0. 5.47022466932e-22 0.
1510025519 1 3318.92285156 0. 5.47275343051e-22 0.
1510025580 1 3314.9934082 0. 5.46962906107e-22 0.
1510025640 1 3311.73095703 0. 5.46766024209e-22 0.
1510025700 1 3304.45654297 0. 5.4590995793e-22 0.
1510025760 1 3301.92529297 0. 5.45863809239e-22 0.
1510025820 1 3299.60888672 0. 5.4584088354e-22 0.
1510025880 1 3299.03540039 0. 5.46122124718e-22 0.
1510025940 1 3268.71191406 0. 5.41461875656e-22 0.
1510026000 1 3260.31616211 0. 5.40449144315e-22 0.
1510026060 1 3227.02294922 0. 5.35324230131e-22 0.
1510026121 1 3188.68017578 0. 5.29290137132e-22 0.
1510026181 1 3190.0168457 0. 5.29838110215e-22 0.
1510026241 1 3181.68945312 0. 5.28801803463e-22 0.
1510026301 1 3184.32324219 0. 5.2956900157e-22 0.
1510026361 1 3121.62988281 0. 5.19478283959e-22 0.
1510026421 1 3066.62915039 0. 5.10646871759e-22 0.
1510026481 1 3213.83740234 0. 5.35485350584e-22 0.
1510026541 1 3215.41601562 0. 5.36086337874e-22 0.
1510026601 1 3213.78295898 0. 5.36174802847e-22 0.
1510026662 1 3211.45703125 0. 5.36144143899e-22 0.
1510026722 1 3208.48901367 0. 5.35966812601e-22 0.
1510026782 1 3205.71044922 0. 5.35848220667e-22 0.
1510026842 1 3202.89013672 0. 5.35697147827e-22 0.
1510026902 1 3200.57397461 0. 5.35652642372e-22 0.
1510026962 1 3197.77319336 0. 5.35526136844e-22 0.
1510027022 1 3195.46044922 0. 5.35501987149e-22 0.
1510027082 1 3193.06445312 0. 5.35442751524e-22 0.
1510027142 1 3189.85644531 0. 5.35266237514e-22 0.
1510027203 1 3186.59277344 0. 5.35037004435e-22 0.
1510027263 1 3184.82641602 0. 5.35124932141e-22 0.
1510027323 1 3181.92431641 0. 5.34959860181e-22 0.
1510027383 1 3179.44287109 0. 5.34895973111e-22 0.
1510027443 1 3176.43334961 0. 5.34713712948e-22 0.
1510027503 1 3173.80957031 0. 5.34584114773e-22 0.
1510027563 1 3171.34667969 0. 5.34508445353e-22 0.
1510027623 1 3169.10180664 0. 5.34511154519e-22 0.
1510027684 1 3166.16552734 0. 5.34396128492e-22 0.
1510027744 1 3164.64990234 0. 5.34478330907e-22 0.
1510027804 1 3161.81884766 0. 5.34331787044e-22 0.
1510027864 1 3158.96362305 0. 5.3418754389e-22 0.
1510027924 1 3155.73144531 0. 5.33978377152e-22 0.
1510027984 1 3154.359375 0. 5.34100707097e-22 0.
1510028044 1 3151.69995117 0. 5.34003041828e-22 0.
1510028104 1 3148.54223633 0. 5.33796550357e-22 0.
1510028164 1 3142.73071289 0. 5.33156680123e-22 0.
1510028225 1 3140.05444336 0. 5.3305294526e-22 0.
1510028285 1 3137.42578125 0. 5.32918054448e-22 0.
1510028345 1 3133.85986328 0. 5.32649641066e-22 0.
1510028405 1 3132.19873047 0. 5.32689051084e-22 0.
1510028465 1 3130.07592773 0. 5.3272360908e-22 0.
1510028525 1 3128.33666992 0. 5.32785230974e-22 0.
1510028585 1 3124.72460938 0. 5.32500596171e-22 0.
1510028645 1 3121.99462891 0. 5.32379787301e-22 0.
1510028705 1 3118.45703125 0. 5.32102662224e-22 0.
1510028765 1 3117.11889648 0. 5.32222000878e-22 0.
1510028826 1 3114.44042969 0. 5.32088888356e-22 0.
1510028886 1 3112.2409668 0. 5.32035818539e-22 0.
1510028946 1 3110.51586914 0. 5.32072489858e-22 0.
1510029006 1 3108.08886719 0. 5.31993485227e-22 0.
1510029066 1 3104.21240234 0. 5.31662216749e-22 0.
1510029126 1 3102.19750977 0. 5.31650924325e-22 0.
1510029186 1 3099.95605469 0. 5.31646988791e-22 0.
1510029246 1 3097.02636719 0. 5.3150484066e-22 0.
1510029307 1 3093.6628418 0. 5.31234180835e-22 0.
1510029367 1 3091.78466797 0. 5.31221493882e-22 0.
1510029427 1 3089.63623047 0. 5.3116588506e-22 0.
1510029487 1 3087.1472168 0. 5.31063191156e-22 0.
1510029547 1 3084.62182617 0. 5.3100636239e-22 0.
1510029607 1 3082.42480469 0. 5.30970262485e-22 0.
1510029667 1 3081.34741211 0. 5.3111301894e-22 0.
1510029727 1 3078.02392578 0. 5.30872875276e-22 0.
1510029787 1 3075.69238281 0. 5.30751311432e-22 0.
1510029848 1 3071.8059082 0. 5.30419333634e-22 0.
1510029908 1 3069.67456055 0. 5.30384435434e-22 0.
1510029968 1 3067.24902344 0. 5.30281248403e-22 0.
1510030028 1 3065.23144531 0. 5.30254299957e-22 0.
1510030088 1 3063.6652832 0. 5.30280221407e-22 0.
1510030148 1 3060.49389648 0. 5.30088660355e-22 0.
1510030208 1 3057.79272461 0. 5.2995990563e-22 0.
1510030268 1 3054.55859375 0. 5.29735666365e-22 0.
1510030328 1 3053.17529297 0. 5.29809298231e-22 0.
1510030389 1 3049.94458008 0. 5.295632681e-22 0.
1510030449 1 3046.60375977 0. 5.29304881865e-22 0.
1510030509 1 3043.94384766 0. 5.29159155886e-22 0.
1510030569 1 3041.65136719 0. 5.29086704092e-22 0.
1510030629 1 3039.99853516 0. 5.29137302881e-22 0.
1510030689 1 3037.85009766 0. 5.29090725381e-22 0.
1510030749 1 3034.70825195 0. 5.28839200346e-22 0.
1510030809 1 3031.48364258 0. 5.28614544275e-22 0.
1510030869 1 3030.23950195 0. 5.28717719983e-22 0.
1510030930 1 3026.84155273 0. 5.28452332292e-22 0.
1510030990 1 3024.45922852 0. 5.28397420374e-22 0.
1510031050 1 3023.78295898 0. 5.28612982612e-22 0.
1510031110 1 3020.88183594 0. 5.28431531131e-22 0.
1510031170 1 3017.94946289 0. 5.28247376214e-22 0.
1510031230 1 3015.39526367 0. 5.28126419295e-22 0.
1510031290 1 3013.44897461 0. 5.28147600528e-22 0.
1510031350 1 3010.50219727 0. 5.27960110676e-22 0.
1510031410 1 3008.66650391 0. 5.27951203247e-22 0.
1510031471 1 3006.22631836 0. 5.27861612375e-22 0.
1510031531 1 3004.20141602 0. 5.27836044658e-22 0.
1510031591 1 3001.68408203 0. 5.27727095763e-22 0.
1510031651 1 2998.97583008 0. 5.27595614675e-22 0.
1510031711 1 2996.34472656 0. 5.27495944164e-22 0.
1510031771 1 2993.6862793 0. 5.27331759172e-22 0.
1510031831 1 2990.88500977 0. 5.27168190756e-22 0.
1510031891 1 2990.00830078 0. 5.273498466e-22 0.
1510031951 1 2986.5703125 0. 5.27046910431e-22 0.
1510032012 1 2984.01318359 0. 5.26907775475e-22 0.
1510032072 1 2981.4609375 0. 5.26784645667e-22 0.
1510032132 1 2980.78076172 0. 5.26987693517e-22 0.
1510032192 1 2977.2043457 0. 5.26681457101e-22 0.
1510032252 1 2974.953125 0. 5.26602371892e-22 0.
1510032312 1 2971.76318359 0. 5.26346288962e-22 0.
1510032372 1 2969.61157227 0. 5.26265521029e-22 0.
1510032432 1 2967.734375 0. 5.26292462199e-22 0.
1510032492 1 2965.51196289 0. 5.26235675452e-22 0.
1510032553 1 2963.31396484 0. 5.26133827424e-22 0.
1510032613 1 2960.49365234 0. 5.25950688402e-22 0.
1510032673 1 2957.15112305 0. 5.25672678837e-22 0.
1510032733 1 2955.81005859 0. 5.2573758616e-22 0.
1510032793 1 2952.55273438 0. 5.25479013408e-22 0.
1510032853 1 2949.48046875 0. 5.2525566168e-22 0.
1510032913 1 2947.25244141 0. 5.25157490357e-22 0.
1510032973 1 2945.35229492 0. 5.25129107075e-22 0.
1510033033 1 2942.65673828 0. 5.24943512138e-22 0.
1510033094 1 2940.24682617 0. 5.2484400293e-22 0.
1510033154 1 2937.66357422 0. 5.24709835529e-22 0.
1510033214 1 2936.44775391 0. 5.24802968235e-22 0.
1510033274 1 2933.29711914 0. 5.24562209504e-22 0.
1510033334 1 2931.01318359 0. 5.24459322987e-22 0.
1510033394 1 2929.08886719 0. 5.24394264238e-22 0.
1510033454 1 2926.65600586 0. 5.24187208748e-22 0.
1510033514 1 2926.96142578 0. 5.2451219328e-22 0.
1510033574 1 2926.02172852 0. 5.24581527923e-22 0.
1510033635 1 2922.81713867 0. 5.24283580462e-22 0.
1510033695 1 2919.93408203 0. 5.2403953614e-22 0.
1510033755 1 2916.52734375 0. 5.23778403918e-22 0.
1510033815 1 2914.38525391 0. 5.23733790024e-22 0.
1510033875 1 2912.33422852 0. 5.23666403511e-22 0.
1510033935 1 2907.98608398 0. 5.23212916985e-22 0.
1510033995 1 2904.28930664 0. 5.2287583022e-22 0.
1510034055 1 2899.92138672 0. 5.2242354448e-22 0.
1510034115 1 2894.72363281 0. 5.21810903625e-22 0.
1510034176 1 2892.04760742 0. 5.2165574106e-22 0.
1510034236 1 2889.44726562 0. 5.21537862206e-22 0.
1510034296 1 2886.46386719 0. 5.21330507854e-22 0.
1510034338 1 2726.46923828 0. 4.92716749816e-22 0.
1510034381 1 0.109727844596 0. 5.02733530675e-23 0.
