1511283941 1 5436.97167969 0. 8.0788924767e-22 0.
1511283951 1 5432.48779297 0. 8.0754422478e-22 0.
1511283964 1 5428.52880859 0. 8.07303778937e-22 0.
1511283978 1 5425.41552734 0. 8.07157310111e-22 0.
1511283994 1 5421.64892578 0. 8.07100202271e-22 0.
1511284015 1 5418.54785156 0. 8.07199631565e-22 0.
1511284035 1 5410.54345703 0. 8.0658713426e-22 0.
1511284054 1 5407.35009766 0. 8.0661316611e-22 0.
1511284072 1 5401.39208984 0. 8.06247756043e-22 0.
1511284092 1 5395.23193359 0. 8.05889767204e-22 0.
1511284113 1 5390.21972656 0. 8.05727733253e-22 0.
1511284143 1 5380.41015625 0. 8.05122612468e-22 0.
1511284173 1 5369.36962891 0. 8.04312156332e-22 0.
1511284193 1 5358.75585938 0. 8.03285825302e-22 0.
1511284214 1 5360.14111328 0. 8.0407513058e-22 0.
1511284233 1 5351.4921875 0. 8.03290792833e-22 0.
1511284248 1 5344.00146484 0. 8.02588459107e-22 0.
1511284264 1 5341.26416016 0. 8.02618116818e-22 0.
1511284282 1 5338.03466797 0. 8.02620037899e-22 0.
1511284301 1 5328.87792969 0. 8.01788178749e-22 0.
1511284322 1 5321.49072266 0. 8.0123007259e-22 0.
1511284344 1 5315.22705078 0. 8.00895983313e-22 0.
1511284361 1 5290.15380859 0. 7.97547447662e-22 0.
1511284376 1 5307.71875 0. 8.0067032832e-22 0.
1511284398 1 5302.19873047 0. 8.00398657597e-22 0.
1511284420 1 5294.21289062 0. 7.99828923661e-22 0.
1511284446 1 5286.28613281 0. 7.99272197767e-22 0.
1511284476 1 5275.50585938 0. 7.98453612034e-22 0.
1511284506 1 5264.29003906 0. 7.97503211714e-22 0.
1511284534 1 5263.37744141 0. 7.98093465068e-22 0.
1511284578 1 5266.65283203 0. 7.99487707097e-22 0.
1511284621 1 5231.82519531 0. 7.95208891279e-22 0.
1511284646 1 5221.40966797 0. 7.9425100356e-22 0.
1511284664 1 5216.93896484 0. 7.93872178697e-22 0.
1511284678 1 5216.06445312 0. 7.93972558605e-22 0.
1511284692 1 5217.44580078 0. 7.9443571744e-22 0.
1511284702 1 5231.1640625 0. 7.96776334217e-22 0.
1511284737 1 5219.07128906 0. 7.95430630857e-22 0.
1511284798 1 5220.56445312 0. 7.96884231907e-22 0.
1511284858 1 5201.73828125 0. 7.95070271356e-22 0.
1511284893 1 5188.16113281 0. 7.93791693173e-22 0.
1511284928 1 5152.46386719 0. 7.89185329296e-22 0.
1511284988 1 5136.16552734 0. 7.88141036509e-22 0.
1511285048 1 5108.9140625 0. 7.85397748653e-22 0.
1511285102 1 5090.45361328 0. 7.83777383023e-22 0.
1511285156 1 5072.01416016 0. 7.82176884974e-22 0.
1511285216 1 5052.41015625 0. 7.80568794537e-22 0.
1511285276 1 5029.64111328 0. 7.78400379392e-22 0.
1511285337 1 5010.44921875 0. 7.76770197783e-22 0.
1511285397 1 4994.13623047 0. 7.75563221006e-22 0.
1511285457 1 4976.94580078 0. 7.74188780819e-22 0.
1511285517 1 4953.29980469 0. 7.71843185934e-22 0.
1511285577 1 4932.85302734 0. 7.70026240246e-22 0.
1511285637 1 4911.46484375 0. 7.67969946755e-22 0.
1511285697 1 4891.12011719 0. 7.66065566947e-22 0.
1511285757 1 4878.38916016 0. 7.65383033977e-22 0.
1511285817 1 4858.03613281 0. 7.63426735812e-22 0.
1511285878 1 4965.77783203 0. 7.8163551468e-22 0.
1511285938 1 4492.45703125 0. 7.07887389085e-22 0.
1511285998 1 776.991638184 0. 1.22163454075e-22 0.
1511286058 1 260.090270996 0. 4.07335916889e-23 0.
1511286118 1 186.686279297 0. 2.92152511097e-23 0.
1511286178 1 188.011077881 0. 2.94274689244e-23 0.
1511286238 1 185.936172485 0. 2.91075456486e-23 0.
1511286276 1 188.162643433 0. 2.94593891391e-23 0.
1511286314 1 187.481033325 0. 2.93561350333e-23 0.
1511286374 1 185.125839233 0. 2.89921991421e-23 0.
1511286434 1 182.558288574 0. 2.85941456279e-23 0.
1511286494 1 185.170654297 0. 2.90085128297e-23 0.
1511286555 1 185.085021973 0. 2.89997385092e-23 0.
1511286615 1 185.207855225 0. 2.90250704679e-23 0.
1511286650 1 185.679855347 0. 2.91014384969e-23 0.
1511286685 1 187.000976562 0. 2.93105545202e-23 0.
1511286745 1 187.37550354 0. 2.93750791221e-23 0.
1511286806 1 186.947067261 0. 2.93123627521e-23 0.
1511286866 1 185.09538269 0. 2.90257794271e-23 0.
1511286926 1 184.557403564 0. 2.89455610844e-23 0.
1511286986 1 183.638198853 0. 2.88046933639e-23 0.
1511287046 1 182.204681396 0. 2.85853534523e-23 0.
1511287106 1 185.373733521 0. 2.9089111571e-23 0.
1511287166 1 186.178115845 0. 2.92215450815e-23 0.
1511287226 1 186.472915649 0. 2.92731297495e-23 0.
1511287286 1 182.38571167 0. 2.86334180186e-23 0.
1511287347 1 181.581329346 0. 2.85122651679e-23 0.
1511287402 1 181.023895264 0. 2.84290165968e-23 0.
1511287457 1 180.42791748 0. 2.83397529452e-23 0.
1511287517 1 181.592727661 0. 2.85278200364e-23 0.
1511287577 1 183.598251343 0. 2.88490814031e-23 0.
1511287637 1 182.207427979 0. 2.86338328505e-23 0.
1511287697 1 183.749649048 0. 2.88803322077e-23 0.
1511287758 1 186.430130005 0. 2.93084804192e-23 0.
1511287818 1 183.239547729 0. 2.88113167722e-23 0.
1511287878 1 186.833847046 0. 2.93829261797e-23 0.
1511287938 1 183.935699463 0. 2.8931121408e-23 0.
1511287998 1 185.931411743 0. 2.92515276965e-23 0.
1511288058 1 189.232727051 0. 2.97769603364e-23 0.
1511288118 1 183.434127808 0. 2.88668298487e-23 0.
1511288178 1 195.863433838 0. 3.08320534127e-23 0.
1511288239 1 187.921066284 0. 2.95832447551e-23 0.
1511288299 1 185.187164307 0. 2.91565551497e-23 0.
1511288359 1 187.044540405 0. 2.9453485992e-23 0.
1511288419 1 187.228408813 0. 2.94882315861e-23 0.
1511288479 1 186.304946899 0. 2.934623134e-23 0.
1511288539 1 188.133575439 0. 2.96397240214e-23 0.
1511288599 1 182.423934937 0. 2.87407617303e-23 0.
1511288659 1 187.774047852 0. 2.9589742027e-23 0.
1511288719 1 185.280197144 0. 2.91998253648e-23 0.
1511288755 1 184.888977051 0. 2.9141204531e-23 0.
1511288790 1 184.054367065 0. 2.90114755128e-23 0.
1511288850 1 183.68196106 0. 2.8957627226e-23 0.
1511288910 1 185.466781616 0. 2.9242889923e-23 0.
1511288970 1 183.349838257 0. 2.89119548787e-23 0.
1511289030 1 187.233322144 0. 2.95301074188e-23 0.
1511289091 1 183.154098511 0. 2.88886397842e-23 0.
1511289151 1 184.594696045 0. 2.91221281685e-23 0.
1511289211 1 184.081726074 0. 2.90443836066e-23 0.
1511289271 1 188.297790527 0. 2.97159592133e-23 0.
1511289331 1 182.437896729 0. 2.87926005581e-23 0.
1511289391 1 185.865524292 0. 2.93391952927e-23 0.
1511289451 1 185.563735962 0. 2.92964646382e-23 0.
1511289511 1 183.661529541 0. 2.89988620468e-23 0.
1511289571 1 185.709060669 0. 2.93278052377e-23 0.
1511289632 1 185.642288208 0. 2.93218404513e-23 0.
1511289692 1 183.342376709 0. 2.89623096601e-23 0.
1511289752 1 184.704864502 0. 2.91821737275e-23 0.
1511289812 1 185.168746948 0. 2.92603557388e-23 0.
1511289872 1 182.48298645 0. 2.883783205e-23 0.
1511289932 1 188.05607605 0. 2.97242328104e-23 0.
1511289992 1 185.453598022 0. 2.93154017183e-23 0.
1511290052 1 183.870407104 0. 2.90678874497e-23 0.
1511290112 1 184.707046509 0. 2.92042485351e-23 0.
1511290173 1 183.16229248 0. 2.8959851541e-23 0.
1511290233 1 184.589431763 0. 2.91898736664e-23 0.
1511290293 1 186.536102295 0. 2.95022911849e-23 0.
1511290353 1 182.50163269 0. 2.88667667413e-23 0.
1511290413 1 183.864044189 0. 2.90840572792e-23 0.
1511290473 1 182.132369995 0. 2.88122864299e-23 0.
1511290533 1 182.84677124 0. 2.89296312214e-23 0.
1511290593 1 186.727249146 0. 2.95497570972e-23 0.
1511290654 1 186.955810547 0. 2.95897985346e-23 0.
1511290714 1 186.456939697 0. 2.95136555479e-23 0.
1511290774 1 188.032272339 0. 2.97664698281e-23 0.
1511290834 1 179.271514893 0. 2.83854889635e-23 0.
1511290894 1 186.859375 0. 2.96057476774e-23 0.
1511290954 1 179.647888184 0. 2.84766704797e-23 0.
1511291014 1 190.681655884 0. 3.02398844886e-23 0.
1511291074 1 182.732818604 0. 2.89861171042e-23 0.
1511291134 1 183.070159912 0. 2.90497162054e-23 0.
1511291195 1 185.809127808 0. 2.94985120514e-23 0.
1511291255 1 187.620941162 0. 2.97977884255e-23 0.
1511291315 1 187.847595215 0. 2.98552340418e-23 0.
1511291375 1 186.936569214 0. 2.97314787776e-23 0.
1511291435 1 182.14201355 0. 2.89902258442e-23 0.
1511291495 1 185.726074219 0. 2.9584710415e-23 0.
1511291555 1 185.976593018 0. 2.96500009526e-23 0.
1511291615 1 184.148406982 0. 2.93835829254e-23 0.
1511291660 1 178.885238647 0. 2.85621069779e-23 0.
1511291705 1 0.0298338551074 0. 7.01840069174e-23 0.
