1511300176 1 16130.6884766 0. 8.36266225125e-22 0.
1511300186 1 16120.9296875 0. 8.36036883758e-22 0.
1511300199 1 16104.9179688 0. 8.35536698664e-22 0.
1511300220 1 16079.1943359 0. 8.34856445515e-22 0.
1511300243 1 16039.0859375 0. 8.33465712664e-22 0.
1511300271 1 16008.2636719 0. 8.32677340225e-22 0.
1511300297 1 15965.140625 0. 8.31164983502e-22 0.
1511300310 1 15937.5341797 0. 8.30087658104e-22 0.
1511300320 1 15937.9794922 0. 8.30363966795e-22 0.
1511300335 1 15912.8359375 0. 8.29591572519e-22 0.
1511300355 1 15886.2314453 0. 8.28758713514e-22 0.
1511300371 1 15858.6816406 0. 8.27700081931e-22 0.
1511300381 1 15843.5185547 0. 8.27206965617e-22 0.
1511300391 1 15834.0908203 0. 8.27065596795e-22 0.
1511300403 1 15816.0419922 0. 8.26489143858e-22 0.
1511300418 1 15794.7822266 0. 8.257897994e-22 0.
1511300436 1 15764.4482422 0. 8.24727366162e-22 0.
1511300456 1 15715.7529297 0. 8.2273714097e-22 0.
1511300496 1 15640.2011719 0. 8.19957876409e-22 0.
1511300541 1 15596.3701172 0. 8.18883899562e-22 0.
1511300567 1 15549.1982422 0. 8.17097250846e-22 0.
1511300587 1 15527.5625 0. 8.16512248917e-22 0.
1511300605 1 15524.8310547 0. 8.16793989006e-22 0.
1511300618 1 15504.4628906 0. 8.16053110712e-22 0.
1511300628 1 15484.1484375 0. 8.15259801291e-22 0.
1511300643 1 15468.6074219 0. 8.14896566474e-22 0.
1511300663 1 15411.5888672 0. 8.12360299386e-22 0.
1511300678 1 15391.2402344 0. 8.1165122112e-22 0.
1511300690 1 15363.828125 0. 8.1052553826e-22 0.
1511300701 1 15351.7060547 0. 8.1019204702e-22 0.
1511300711 1 15355.515625 0. 8.10659722436e-22 0.
1511300722 1 15327.4121094 0. 8.09455041106e-22 0.
1511300732 1 15303.3007812 0. 8.08449767696e-22 0.
1511300742 1 15319.2724609 0. 8.09545338236e-22 0.
1511300755 1 15317.7919922 0. 8.0984019567e-22 0.
1511300773 1 15409.8710938 0. 8.15135038023e-22 0.
1511300793 1 15417.9570312 0. 8.15915346907e-22 0.
1511300812 1 15385.8496094 0. 8.14518800797e-22 0.
1511300828 1 15315.1875 0. 8.11138610651e-22 0.
1511300846 1 15248.7939453 0. 8.08092434472e-22 0.
1511300866 1 15197.9541016 0. 8.0591710879e-22 0.
1511300881 1 15183.0341797 0. 8.05467826571e-22 0.
1511300896 1 15148.2734375 0. 8.03932058011e-22 0.
1511300911 1 15165.9951172 0. 8.050682753e-22 0.
1511300922 1 15196.9287109 0. 8.06916674968e-22 0.
1511300937 1 15209.0068359 0. 8.07858776126e-22 0.
1511300956 1 15195.2519531 0. 8.07390032653e-22 0.
1511300977 1 15147.2998047 0. 8.05176142221e-22 0.
1511300998 1 15129.0849609 0. 8.04599348159e-22 0.
1511301012 1 15147.8564453 0. 8.05930699625e-22 0.
1511301023 1 15173.4609375 0. 8.07557980551e-22 0.
1511301039 1 15196.0029297 0. 8.09051759036e-22 0.
1511301059 1 15172.8701172 0. 8.08143634283e-22 0.
1511301078 1 15077.9716797 0. 8.03336961833e-22 0.
1511301097 1 14999.7753906 0. 7.99649535942e-22 0.
1511301118 1 14968.8242188 0. 7.98480180129e-22 0.
1511301138 1 14944.1132812 0. 7.97607739169e-22 0.
1511301158 1 14909.9404297 0. 7.96335842534e-22 0.
1511301173 1 14893.4121094 0. 7.95785367506e-22 0.
1511301183 1 14877.515625 0. 7.95138358523e-22 0.
1511301194 1 14872.1035156 0. 7.95113510862e-22 0.
1511301204 1 14867.5273438 0. 7.95129036684e-22 0.
1511301225 1 14837.6259766 0. 7.9408343719e-22 0.
1511301271 1 14792.5117188 0. 7.92747445236e-22 0.
1511301306 1 14754.0332031 0. 7.91455465759e-22 0.
1511301322 1 15322.2851562 0. 8.22344274081e-22 0.
1511301363 1 7142.0859375 0. 3.84050611961e-22 0.
1511301398 1 1808.32946777 0. 9.71410022566e-23 0.
1511301414 1 303.871002197 0. 1.6347346933e-23 0.
1511301430 1 201.712631226 0. 1.08583638656e-23 0.
1511301442 1 202.039733887 0. 1.08769843467e-23 0.
1511301456 1 211.343460083 0. 1.1377454215e-23 0.
1511301494 1 244.506393433 0. 1.31638757826e-23 0.
1511301547 1 320.754211426 0. 1.72669455822e-23 0.
1511301600 1 391.410308838 0. 2.10706557707e-23 0.
1511301660 1 464.998260498 0. 2.50322730136e-23 0.
1511301695 1 512.130249023 0. 2.75712682272e-23 0.
1511301715 1 536.197021484 0. 2.88671837657e-23 0.
1511301760 1 543.006652832 0. 2.92360059016e-23 0.
1511301821 1 547.355773926 0. 2.94769989511e-23 0.
1511301881 1 552.825073242 0. 2.97769718519e-23 0.
1511301941 1 552.473327637 0. 2.97641459591e-23 0.
1511302001 1 557.670654297 0. 3.00496069192e-23 0.
1511302061 1 551.540710449 0. 2.97252947859e-23 0.
1511302121 1 542.299682617 0. 2.92327036957e-23 0.
1511302181 1 552.463195801 0. 2.97864649892e-23 0.
1511302241 1 559.445861816 0. 3.01675487609e-23 0.
1511302301 1 544.897460938 0. 2.93892052527e-23 0.
1511302362 1 547.564697266 0. 2.95387547117e-23 0.
1511302422 1 552.377746582 0. 2.98031877473e-23 0.
1511302482 1 560.661254883 0. 3.02555257773e-23 0.
1511302542 1 549.793457031 0. 2.96750082992e-23 0.
1511302602 1 552.834289551 0. 2.98440415488e-23 0.
1511302662 1 549.465209961 0. 2.96665955799e-23 0.
1511302722 1 544.666748047 0. 2.941202137e-23 0.
1511302782 1 548.391357422 0. 2.96194480513e-23 0.
1511302843 1 554.595397949 0. 2.99604415865e-23 0.
1511302903 1 556.974853516 0. 3.00941982658e-23 0.
1511302963 1 560.16015625 0. 3.02719850692e-23 0.
1511303023 1 562.909912109 0. 3.04257775116e-23 0.
1511303083 1 555.510559082 0. 3.00314653709e-23 0.
1511303143 1 549.729187012 0. 2.97243048763e-23 0.
1511303203 1 566.868041992 0. 3.06562354529e-23 0.
1511303263 1 554.098449707 0. 2.99703512985e-23 0.
1511303324 1 551.52520752 0. 2.98362890752e-23 0.
1511303384 1 550.825927734 0. 2.98043198116e-23 0.
1511303444 1 553.431030273 0. 2.9949903107e-23 0.
1511303504 1 558.413024902 0. 3.02244754878e-23 0.
1511303564 1 560.914489746 0. 3.03660535366e-23 0.
1511303624 1 561.404174805 0. 3.03989174285e-23 0.
1511303684 1 555.350646973 0. 3.00757503475e-23 0.
1511303744 1 559.329711914 0. 3.02967387439e-23 0.
1511303781 1 547.149841309 0. 2.96395344079e-23 0.
1511303817 1 550.123657227 0. 2.98052022074e-23 0.
1511303877 1 553.603393555 0. 2.99977313886e-23 0.
1511303937 1 561.395202637 0. 3.04248050582e-23 0.
1511303998 1 559.235229492 0. 3.03133041526e-23 0.
1511304058 1 550.765258789 0. 2.98593290601e-23 0.
1511304118 1 555.312133789 0. 3.01104381981e-23 0.
1511304178 1 555.122802734 0. 3.01048704825e-23 0.
1511304238 1 554.432189941 0. 3.00720745342e-23 0.
1511304298 1 550.94543457 0. 2.98889969387e-23 0.
1511304358 1 551.280517578 0. 2.99121661778e-23 0.
1511304418 1 552.472167969 0. 2.9982151634e-23 0.
1511304478 1 546.306091309 0. 2.96532961788e-23 0.
1511304539 1 551.653015137 0. 2.99492957911e-23 0.
1511304599 1 558.284423828 0. 3.03143006788e-23 0.
1511304659 1 542.156188965 0. 2.9443695553e-23 0.
1511304719 1 541.050537109 0. 2.93881531865e-23 0.
1511304779 1 545.04901123 0. 2.96093513189e-23 0.
1511304839 1 544.855285645 0. 2.96043201043e-23 0.
1511304899 1 549.628051758 0. 2.98697020233e-23 0.
1511304959 1 553.288330078 0. 3.00735286084e-23 0.
1511305019 1 553.291625977 0. 3.00794024194e-23 0.
1511305080 1 554.057312012 0. 3.01255295009e-23 0.
1511305140 1 553.756774902 0. 3.01132174313e-23 0.
1511305200 1 548.852416992 0. 2.9851350324e-23 0.
1511305257 1 555.307006836 0. 3.02062843813e-23 0.
1511305315 1 552.811279297 0. 3.00758205437e-23 0.
1511305375 1 549.619140625 0. 2.9906902431e-23 0.
1511305435 1 543.975585938 0. 2.96042669538e-23 0.
1511305496 1 544.95489502 0. 2.9663044e-23 0.
1511305556 1 547.38659668 0. 2.98006374102e-23 0.
1511305616 1 548.25567627 0. 2.98529714882e-23 0.
1511305676 1 553.286315918 0. 3.0132739984e-23 0.
1511305736 1 553.727355957 0. 3.01619928092e-23 0.
1511305796 1 549.296813965 0. 2.99231023884e-23 0.
1511305856 1 548.215026855 0. 2.98693556819e-23 0.
1511305916 1 548.938232422 0. 2.99140078398e-23 0.
1511305976 1 541.573059082 0. 2.95173435159e-23 0.
1511306037 1 541.027709961 0. 2.94916994059e-23 0.
1511306097 1 540.947631836 0. 2.94937415018e-23 0.
1511306157 1 543.711669922 0. 2.96491129574e-23 0.
1511306217 1 546.674255371 0. 2.98147860912e-23 0.
1511306277 1 546.36920166 0. 2.98014608358e-23 0.
1511306337 1 541.707580566 0. 2.95530354498e-23 0.
1511306397 1 538.246276855 0. 2.93686101296e-23 0.
1511306457 1 546.076721191 0. 2.98012714606e-23 0.
1511306518 1 557.157348633 0. 3.04099647851e-23 0.
1511306578 1 549.298400879 0. 2.99844445565e-23 0.
1511306638 1 551.199951172 0. 3.00942348129e-23 0.
1511306698 1 551.310058594 0. 3.01055937542e-23 0.
1511306758 1 534.855529785 0. 2.92128340882e-23 0.
1511306818 1 546.395263672 0. 2.98476188848e-23 0.
1511306878 1 543.447570801 0. 2.96917735209e-23 0.
1511306938 1 545.385314941 0. 2.98012699922e-23 0.
1511306999 1 553.031799316 0. 3.02240708568e-23 0.
1511307059 1 570.706054688 0. 3.11943704398e-23 0.
1511307119 1 551.239074707 0. 3.01339894449e-23 0.
1511307179 1 552.317016602 0. 3.01975941897e-23 0.
1511307239 1 554.05279541 0. 3.02949394071e-23 0.
1511307299 1 545.459350586 0. 2.98311883628e-23 0.
1511307359 1 547.292602539 0. 2.99367392139e-23 0.
1511307419 1 534.840454102 0. 2.92604523268e-23 0.
1511307479 1 540.001159668 0. 2.95476211672e-23 0.
1511307540 1 539.987487793 0. 2.95513210336e-23 0.
1511307600 1 549.484069824 0. 3.00760669954e-23 0.
1511307660 1 546.506713867 0. 2.99171358301e-23 0.
1511307720 1 535.341552734 0. 2.93119560653e-23 0.
1511307780 1 536.766967773 0. 2.93927651424e-23 0.
1511307840 1 541.479003906 0. 2.96540396852e-23 0.
1511307900 1 539.731750488 0. 2.95633369129e-23 0.
1511307960 1 537.25213623 0. 2.94319361757e-23 0.
1511308020 1 547.850463867 0. 3.00179517394e-23 0.
1511308081 1 539.796386719 0. 2.95804397853e-23 0.
1511308141 1 540.87097168 0. 2.96445095844e-23 0.
1511308201 1 544.303588867 0. 2.98361050324e-23 0.
1511308261 1 548.977966309 0. 3.00960841748e-23 0.
1511308321 1 546.420288086 0. 2.99600356844e-23 0.
1511308381 1 548.350402832 0. 3.00716845947e-23 0.
1511308441 1 546.263977051 0. 2.99617926491e-23 0.
1511308501 1 549.076599121 0. 3.01207947502e-23 0.
1511308561 1 532.992980957 0. 2.92429032602e-23 0.
1511308622 1 549.753723145 0. 3.01662215171e-23 0.
1511308682 1 533.439208984 0. 2.92745177946e-23 0.
1511308742 1 540.110778809 0. 2.96458082315e-23 0.
1511308802 1 542.272827148 0. 2.97686049032e-23 0.
1511308862 1 541.48236084 0. 2.97306187984e-23 0.
1511308922 1 535.704772949 0. 2.94174961547e-23 0.
1511308982 1 535.355651855 0. 2.94021168113e-23 0.
1511309042 1 539.99597168 0. 2.96611812641e-23 0.
1511309103 1 540.65447998 0. 2.97014549585e-23 0.
1511309163 1 542.420776367 0. 2.98021927696e-23 0.
1511309223 1 537.978637695 0. 2.95625727816e-23 0.
1511309283 1 535.285461426 0. 2.94178798897e-23 0.
1511309343 1 532.135070801 0. 2.92494392117e-23 0.
1511309403 1 530.354553223 0. 2.9154041445e-23 0.
1511309463 1 539.124511719 0. 2.96386952353e-23 0.
1511309523 1 542.211547852 0. 2.9812879667e-23 0.
1511309583 1 543.419677734 0. 2.98842590384e-23 0.
1511309644 1 544.364074707 0. 2.99402426349e-23 0.
1511309704 1 538.341003418 0. 2.96151017684e-23 0.
1511309764 1 540.356628418 0. 2.9730948783e-23 0.
1511309824 1 544.693237305 0. 2.99744189215e-23 0.
1511309884 1 546.82635498 0. 3.00963523559e-23 0.
1511309944 1 527.296813965 0. 2.9026510754e-23 0.
1511310004 1 528.670959473 0. 2.91057441305e-23 0.
1511310064 1 528.168762207 0. 2.90834026722e-23 0.
1511310124 1 543.923461914 0. 2.99544240427e-23 0.
1511310184 1 535.709838867 0. 2.95061823131e-23 0.
1511310245 1 532.307312012 0. 2.93219165373e-23 0.
1511310305 1 533.13293457 0. 2.93725934588e-23 0.
1511310365 1 538.967712402 0. 2.96974760405e-23 0.
1511310425 1 545.388549805 0. 3.00548576145e-23 0.
1511310485 1 533.927185059 0. 2.94285832146e-23 0.
1511310545 1 523.151245117 0. 2.88404035032e-23 0.
1511310605 1 540.557678223 0. 2.98029813053e-23 0.
1511310665 1 537.788879395 0. 2.96545219912e-23 0.
1511310725 1 528.613525391 0. 2.91526135299e-23 0.
1511310786 1 530.806945801 0. 2.92782285753e-23 0.
1511310846 1 539.586791992 0. 2.97663062733e-23 0.
1511310906 1 550.991394043 0. 3.0399109424e-23 0.
1511310966 1 535.894042969 0. 2.95715754579e-23 0.
1511311026 1 533.620788574 0. 2.94495921219e-23 0.
1511311086 1 533.924926758 0. 2.94697949422e-23 0.
1511311146 1 539.881958008 0. 2.98020042523e-23 0.
1511311206 1 533.239501953 0. 2.9440082441e-23 0.
1511311266 1 535.63067627 0. 2.95764302497e-23 0.
1511311327 1 541.451904297 0. 2.99018057798e-23 0.
1511311387 1 542.373657227 0. 2.99559212951e-23 0.
1511311447 1 544.901794434 0. 3.00992087874e-23 0.
1511311507 1 547.808959961 0. 3.02646261749e-23 0.
1511311567 1 548.048400879 0. 3.02834977187e-23 0.
1511311627 1 528.821044922 0. 2.92259701595e-23 0.
1511311687 1 535.603088379 0. 2.9605057331e-23 0.
1511311747 1 530.565979004 0. 2.93307113476e-23 0.
1511311807 1 534.769897461 0. 2.95688197595e-23 0.
1511311868 1 541.771728516 0. 2.99599961626e-23 0.
1511311928 1 544.302734375 0. 3.01045326318e-23 0.
1511311988 1 541.388977051 0. 2.99474190393e-23 0.
1511312048 1 538.999084473 0. 2.98192649406e-23 0.
1511312108 1 540.024841309 0. 2.98806627575e-23 0.
1511312168 1 539.565185547 0. 2.98589839265e-23 0.
1511312228 1 542.270812988 0. 3.00130582985e-23 0.
1511312288 1 544.090698242 0. 3.01175680782e-23 0.
1511312348 1 535.067749023 0. 2.96220469317e-23 0.
1511312409 1 528.594909668 0. 2.92669763137e-23 0.
1511312469 1 537.310913086 0. 2.97547572e-23 0.
1511312529 1 539.660095215 0. 2.98894165367e-23 0.
1511312589 1 539.028259277 0. 2.98589228553e-23 0.
1511312649 1 543.400085449 0. 3.01050276508e-23 0.
1511312709 1 540.701843262 0. 2.9960378528e-23 0.
1511312769 1 547.124816895 0. 3.03193544272e-23 0.
1511312829 1 538.106994629 0. 2.98241015075e-23 0.
1511312889 1 526.425170898 0. 2.91808931263e-23 0.
1511312950 1 530.040405273 0. 2.93853589737e-23 0.
1511313010 1 536.852355957 0. 2.97654990048e-23 0.
1511313070 1 535.990478516 0. 2.97213509727e-23 0.
1511313130 1 528.202758789 0. 2.92938927207e-23 0.
1511313190 1 534.55657959 0. 2.96506631999e-23 0.
1511313250 1 545.059631348 0. 3.02367924658e-23 0.
1511313310 1 543.470581055 0. 3.01529344466e-23 0.
1511313370 1 546.366699219 0. 3.03176105884e-23 0.
1511313431 1 537.338806152 0. 2.98208349216e-23 0.
1511313491 1 533.045593262 0. 2.95858933348e-23 0.
1511313551 1 539.434936523 0. 2.99438208638e-23 0.
1511313611 1 536.697692871 0. 2.97962254096e-23 0.
1511313671 1 534.594360352 0. 2.96853482646e-23 0.
1511313731 1 536.400024414 0. 2.97905181336e-23 0.
1511313791 1 541.99609375 0. 3.01050723883e-23 0.
1511313851 1 533.192749023 0. 2.96210908271e-23 0.
1511313911 1 535.451416016 0. 2.97500724215e-23 0.
1511313971 1 535.291442871 0. 2.97463260056e-23 0.
1511314007 1 535.326965332 0. 2.9749059523e-23 0.
1511314018 1 531.944335938 0. 2.95632226065e-23 0.
1511314029 1 537.866210938 0. 2.98937849762e-23 0.
1511314051 1 538.760681152 0. 2.99432001625e-23 0.
1511314098 1 541.03125 0. 3.00728774702e-23 0.
1511314159 1 541.16986084 0. 3.00851731895e-23 0.
1511314219 1 532.697387695 0. 2.9618741765e-23 0.
1511314279 1 523.754516602 0. 2.91254120623e-23 0.
1511314339 1 537.632751465 0. 2.99011025985e-23 0.
1511314399 1 540.344726562 0. 3.00554215508e-23 0.
1511314459 1 534.121459961 0. 2.97136000328e-23 0.
1511314519 1 530.522155762 0. 2.95176103367e-23 0.
1511314579 1 544.964599609 0. 3.032549987e-23 0.
1511314639 1 545.265014648 0. 3.0345729428e-23 0.
1511314700 1 547.256835938 0. 3.04616950694e-23 0.
1511314760 1 545.640136719 0. 3.03765341676e-23 0.
1511314820 1 544.968078613 0. 3.03430033509e-23 0.
1511314880 1 533.138427734 0. 2.96877590269e-23 0.
1511314940 1 550.432556152 0. 3.06541562569e-23 0.
1511315000 1 527.918212891 0. 2.94054785845e-23 0.
1511315060 1 541.760681152 0. 3.01783998354e-23 0.
1511315120 1 539.970458984 0. 3.00840791722e-23 0.
1511315180 1 555.250610352 0. 3.09403986006e-23 0.
1511315241 1 529.897399902 0. 2.95308112222e-23 0.
1511315301 1 533.952758789 0. 2.97600350605e-23 0.
1511315361 1 536.87677002 0. 2.99266811543e-23 0.
1511315421 1 536.534240723 0. 2.9910994325e-23 0.
1511315481 1 544.60534668 0. 3.03656968979e-23 0.
1511315541 1 531.313171387 0. 2.96279763573e-23 0.
1511315601 1 537.297058105 0. 2.99645685225e-23 0.
1511315661 1 539.94128418 0. 3.0116459811e-23 0.
1511315721 1 538.341918945 0. 3.00312373856e-23 0.
1511315782 1 528.155273438 0. 2.94683914757e-23 0.
1511315842 1 537.018493652 0. 2.99662958324e-23 0.
1511315902 1 541.700073242 0. 3.02314179697e-23 0.
1511315962 1 537.485778809 0. 3.00010708747e-23 0.
1511316022 1 566.453674316 0. 3.16220423862e-23 0.
1511316082 1 534.879150391 0. 2.98636041761e-23 0.
1511316142 1 530.400268555 0. 2.96173783078e-23 0.
1511316202 1 530.757507324 0. 2.96411971696e-23 0.
1511316263 1 531.233093262 0. 2.96700929798e-23 0.
1511316323 1 533.183776855 0. 2.9783694738e-23 0.
1511316383 1 530.524353027 0. 2.9638903242e-23 0.
1511316443 1 538.808532715 0. 3.0106888339e-23 0.
1511316503 1 528.358276367 0. 2.95266641472e-23 0.
1511316563 1 537.888244629 0. 3.00625737855e-23 0.
1511316623 1 529.250305176 0. 2.95841877521e-23 0.
1511316683 1 532.137634277 0. 2.97494296569e-23 0.
1511316743 1 533.948059082 0. 2.98541534173e-23 0.
1511316804 1 535.311584473 0. 2.9934403915e-23 0.
1511316864 1 537.979309082 0. 3.00883614384e-23 0.
1511316924 1 545.583435059 0. 3.05180165073e-23 0.
1511316984 1 533.498840332 0. 2.98453075356e-23 0.
1511317044 1 533.883178711 0. 2.98710379122e-23 0.
1511317104 1 534.831359863 0. 2.99287619164e-23 0.
1511317164 1 531.16027832 0. 2.97265632459e-23 0.
1511317224 1 525.610046387 0. 2.94194599588e-23 0.
1511317284 1 540.482727051 0. 3.02559138733e-23 0.
1511317344 1 532.522277832 0. 2.98137889014e-23 0.
1511317405 1 534.88861084 0. 2.99506080528e-23 0.
1511317465 1 534.992370605 0. 2.99613562642e-23 0.
1511317525 1 539.530151367 0. 3.02191653936e-23 0.
1511317585 1 542.639404297 0. 3.03968242273e-23 0.
1511317645 1 532.884094238 0. 2.98542424325e-23 0.
1511317705 1 546.505554199 0. 3.06208362646e-23 0.
1511317765 1 530.081176758 0. 2.9704443974e-23 0.
1511317825 1 526.480224609 0. 2.95064081646e-23 0.
1511317886 1 530.495483398 0. 2.97355180692e-23 0.
1511317946 1 535.27331543 0. 3.00067684946e-23 0.
1511318006 1 535.645202637 0. 3.00320036938e-23 0.
1511318066 1 538.150024414 0. 3.01763495777e-23 0.
1511318126 1 531.006408691 0. 2.97790951021e-23 0.
1511318186 1 526.537658691 0. 2.95329072744e-23 0.
1511318246 1 524.028564453 0. 2.93957539883e-23 0.
1511318306 1 533.197998047 0. 2.9913879908e-23 0.
1511318366 1 540.016052246 0. 3.02995813732e-23 0.
1511318427 1 532.39263916 0. 2.98759617884e-23 0.
1511318487 1 534.316345215 0. 2.99900721099e-23 0.
1511318547 1 537.74230957 0. 3.01845334445e-23 0.
1511318607 1 541.487243652 0. 3.03993599743e-23 0.
1511318667 1 542.363708496 0. 3.04525562011e-23 0.
1511318727 1 539.21484375 0. 3.02788101063e-23 0.
1511318787 1 538.596618652 0. 3.024783483e-23 0.
1511318847 1 539.326843262 0. 3.02930027601e-23 0.
1511318907 1 544.246643066 0. 3.05731812749e-23 0.
1511318968 1 527.978820801 0. 2.9664079615e-23 0.
1511319028 1 534.099121094 0. 3.00119956344e-23 0.
1511319088 1 530.864685059 0. 2.98345489788e-23 0.
1511319148 1 547.254455566 0. 3.07596556965e-23 0.
1511319208 1 534.909118652 0. 3.00706586421e-23 0.
1511319268 1 547.658813477 0. 3.07903593264e-23 0.
1511319328 1 539.049255371 0. 3.03097217967e-23 0.
1511319388 1 535.898010254 0. 3.01354918059e-23 0.
1511319448 1 535.007568359 0. 3.00904542142e-23 0.
1511319509 1 536.147277832 0. 3.01590317954e-23 0.
1511319569 1 536.047912598 0. 3.01563094196e-23 0.
1511319629 1 540.586425781 0. 3.04153676356e-23 0.
1511319689 1 535.450256348 0. 3.01297933823e-23 0.
1511319749 1 533.339050293 0. 3.00145111298e-23 0.
1511319809 1 539.62121582 0. 3.03725785035e-23 0.
1511319869 1 545.419006348 0. 3.07038079626e-23 0.
1511319929 1 543.007568359 0. 3.05711521517e-23 0.
1511319989 1 532.682434082 0. 2.99933418975e-23 0.
1511320050 1 540.762878418 0. 3.04525667963e-23 0.
1511320110 1 536.370666504 0. 3.0209046824e-23 0.
1511320170 1 537.850708008 0. 3.0296648741e-23 0.
1511320230 1 539.800476074 0. 3.04106922059e-23 0.
1511320290 1 548.344726562 0. 3.08961463477e-23 0.
1511320350 1 550.759216309 0. 3.10365382043e-23 0.
1511320410 1 536.259765625 0. 3.02239559434e-23 0.
1511320470 1 547.274047852 0. 3.08468989549e-23 0.
1511320530 1 545.479614258 0. 3.07492007062e-23 0.
1511320591 1 548.633117676 0. 3.09316375728e-23 0.
1511320651 1 549.97467041 0. 3.10109495931e-23 0.
1511320711 1 538.594848633 0. 3.03736987486e-23 0.
1511320771 1 538.099121094 0. 3.03488605769e-23 0.
1511320831 1 537.27532959 0. 3.03065474065e-23 0.
1511320891 1 536.778320312 0. 3.02821459855e-23 0.
1511320951 1 532.101074219 0. 3.00217750698e-23 0.
1511321011 1 531.946044922 0. 3.00168279239e-23 0.
1511321071 1 543.098022461 0. 3.0650388106e-23 0.
1511321132 1 541.048828125 0. 3.05399739387e-23 0.
1511321192 1 541.03314209 0. 3.05416410031e-23 0.
1511321252 1 565.239624023 0. 3.1912212617e-23 0.
1511321312 1 536.638000488 0. 3.03007182237e-23 0.
1511321372 1 539.73425293 0. 3.04813863843e-23 0.
1511321432 1 534.663879395 0. 3.01990513412e-23 0.
1511321492 1 544.984130859 0. 3.07848461156e-23 0.
1511321552 1 552.279174805 0. 3.12000980522e-23 0.
1511321612 1 542.905761719 0. 3.06755837316e-23 0.
1511321673 1 543.992797852 0. 3.07398868396e-23 0.
1511321733 1 535.053710938 0. 3.0240405794e-23 0.
1511321793 1 531.590576172 0. 3.00480293434e-23 0.
1511321853 1 542.093505859 0. 3.06449467544e-23 0.
1511321913 1 540.865234375 0. 3.05793482388e-23 0.
1511321973 1 547.99609375 0. 3.0987376438e-23 0.
1511322033 1 548.818603516 0. 3.10373149088e-23 0.
1511322093 1 548.231689453 0. 3.10068079063e-23 0.
1511322153 1 537.559082031 0. 3.04084701127e-23 0.
1511322214 1 535.109008789 0. 3.02742215378e-23 0.
1511322274 1 530.516540527 0. 3.00171420078e-23 0.
1511322334 1 543.905029297 0. 3.07788658601e-23 0.
1511322394 1 536.600036621 0. 3.03690338403e-23 0.
1511322454 1 534.914611816 0. 3.02770372768e-23 0.
1511322514 1 545.948913574 0. 3.0904916819e-23 0.
1511322574 1 538.475891113 0. 3.04865258087e-23 0.
1511322634 1 540.101196289 0. 3.05809374171e-23 0.
1511322694 1 539.158508301 0. 3.05320600755e-23 0.
1511322755 1 562.364074707 0. 3.18498821071e-23 0.
1511322815 1 535.282592773 0. 3.03194673884e-23 0.
1511322875 1 534.192016602 0. 3.02624498577e-23 0.
1511322935 1 539.119506836 0. 3.05452066709e-23 0.
1511322995 1 535.282104492 0. 3.033217134e-23 0.
1511323055 1 540.763244629 0. 3.06461754153e-23 0.
1511323115 1 542.518615723 0. 3.07489785237e-23 0.
1511323175 1 542.617797852 0. 3.07589140034e-23 0.
1511323235 1 534.797119141 0. 3.03189847365e-23 0.
1511323296 1 547.004394531 0. 3.10148583618e-23 0.
1511323356 1 530.456542969 0. 3.00810366761e-23 0.
1511323416 1 537.119445801 0. 3.04623260111e-23 0.
1511323476 1 545.891418457 0. 3.0963645693e-23 0.
1511323536 1 540.990600586 0. 3.06893871054e-23 0.
1511323596 1 544.359863281 0. 3.08842300161e-23 0.
1511323656 1 540.133483887 0. 3.0647939554e-23 0.
1511323716 1 536.302001953 0. 3.04337792612e-23 0.
1511323776 1 536.769470215 0. 3.04641873977e-23 0.
1511323837 1 541.276123047 0. 3.0725050187e-23 0.
1511323897 1 545.219299316 0. 3.09524409667e-23 0.
1511323957 1 538.265258789 0. 3.05609695152e-23 0.
1511324017 1 542.585083008 0. 3.08092399856e-23 0.
1511324077 1 537.218261719 0. 3.05085081358e-23 0.
1511324137 1 544.234191895 0. 3.09102679519e-23 0.
1511324197 1 545.906982422 0. 3.10095181117e-23 0.
1511324257 1 539.394958496 0. 3.06448853702e-23 0.
1511324317 1 531.788330078 0. 3.021690985e-23 0.
1511324378 1 550.178161621 0. 3.12652680874e-23 0.
1511324438 1 539.138061523 0. 3.06420846332e-23 0.
1511324498 1 540.203918457 0. 3.07061727311e-23 0.
1511324558 1 539.345153809 0. 3.06616060487e-23 0.
1511324618 1 537.514892578 0. 3.0561692981e-23 0.
1511324678 1 538.247924805 0. 3.06065409552e-23 0.
1511324738 1 538.112365723 0. 3.06038541814e-23 0.
1511324798 1 541.025146484 0. 3.07735994998e-23 0.
1511324858 1 542.271911621 0. 3.08477469073e-23 0.
1511324919 1 537.73248291 0. 3.05937061244e-23 0.
1511324979 1 534.174194336 0. 3.0394934434e-23 0.
1511325039 1 546.307556152 0. 3.10880316812e-23 0.
1511325099 1 536.080566406 0. 3.05109576233e-23 0.
1511325159 1 542.889587402 0. 3.09028850699e-23 0.
1511325194 1 537.909973145 0. 3.06228125294e-23 0.
1511325229 1 546.545532227 0. 3.11144438653e-23 0.
1511325289 1 545.870056152 0. 3.10803189834e-23 0.
1511325350 1 541.900512695 0. 3.08576766867e-23 0.
1511325410 1 541.650085449 0. 3.08470222187e-23 0.
1511325470 1 538.479003906 0. 3.06694349889e-23 0.
1511325530 1 542.946960449 0. 3.092866898e-23 0.
1511325590 1 552.076538086 0. 3.14515660628e-23 0.
1511325650 1 543.535949707 0. 3.09696455087e-23 0.
1511325710 1 537.874938965 0. 3.06519349813e-23 0.
1511325770 1 550.06060791 0. 3.13488326536e-23 0.
1511325830 1 540.022155762 0. 3.07807138897e-23 0.
1511325891 1 541.711486816 0. 3.08810730798e-23 0.
1511325951 1 542.421508789 0. 3.09274163469e-23 0.
1511326004 1 545.408081055 0. 3.11012785841e-23 0.
1511326057 1 544.022399902 0. 3.10245063058e-23 0.
1511326117 1 547.106628418 0. 3.12045526651e-23 0.
1511326177 1 539.270690918 0. 3.07617102541e-23 0.
1511326237 1 553.126037598 0. 3.15552328766e-23 0.
1511326297 1 535.940490723 0. 3.05780216782e-23 0.
1511326357 1 538.977844238 0. 3.07563062672e-23 0.
1511326418 1 535.695251465 0. 3.05730989607e-23 0.
1511326478 1 528.885864258 0. 3.01892185339e-23 0.
1511326538 1 545.518249512 0. 3.11413541005e-23 0.
1511326598 1 546.058532715 0. 3.11761989806e-23 0.
1511326658 1 549.386169434 0. 3.13712071772e-23 0.
1511326718 1 547.499755859 0. 3.1266931904e-23 0.
1511326778 1 544.901367188 0. 3.1121755347e-23 0.
1511326838 1 551.596679688 0. 3.15087823551e-23 0.
1511326898 1 546.792907715 0. 3.12389011286e-23 0.
1511326959 1 546.016479492 0. 3.11978872493e-23 0.
1511327019 1 537.100280762 0. 3.06929520238e-23 0.
1511327079 1 542.867736816 0. 3.10254984636e-23 0.
1511327139 1 542.176574707 0. 3.09901832451e-23 0.
1511327199 1 543.294921875 0. 3.10578311817e-23 0.
1511327259 1 552.013977051 0. 3.15580500089e-23 0.
1511327319 1 545.864501953 0. 3.12118853623e-23 0.
1511327379 1 546.253051758 0. 3.12385766576e-23 0.
1511327439 1 541.825805664 0. 3.09894703968e-23 0.
1511327500 1 541.035522461 0. 3.09489419306e-23 0.
1511327560 1 542.280517578 0. 3.10216192111e-23 0.
1511327620 1 538.872253418 0. 3.08309862331e-23 0.
1511327680 1 537.080078125 0. 3.07325427738e-23 0.
1511327740 1 537.326721191 0. 3.07514986495e-23 0.
1511327800 1 546.069519043 0. 3.12547956851e-23 0.
1511327860 1 531.886657715 0. 3.04474721369e-23 0.
1511327920 1 540.328918457 0. 3.09347867437e-23 0.
1511327980 1 544.740112305 0. 3.11899153834e-23 0.
1511328041 1 549.020629883 0. 3.14371859941e-23 0.
1511328101 1 552.323181152 0. 3.16315653973e-23 0.
1511328161 1 538.518371582 0. 3.08454143963e-23 0.
1511328221 1 548.204467773 0. 3.14032729356e-23 0.
1511328281 1 544.482727051 0. 3.11941416274e-23 0.
1511328341 1 548.398254395 0. 3.14207641272e-23 0.
1511328401 1 540.322692871 0. 3.09644837995e-23 0.
1511328461 1 551.167724609 0. 3.15902228107e-23 0.
1511328521 1 547.924194336 0. 3.14082196277e-23 0.
1511328582 1 540.852905273 0. 3.10067799761e-23 0.
1511328642 1 538.789550781 0. 3.08941209612e-23 0.
1511328702 1 537.080627441 0. 3.08001471457e-23 0.
1511328762 1 541.433959961 0. 3.10540524299e-23 0.
1511328822 1 545.796569824 0. 3.13074444881e-23 0.
1511328882 1 550.03918457 0. 3.1553824758e-23 0.
1511328925 1 530.421020508 0. 3.04312708079e-23 0.
1511328967 1 539.975158691 0. 3.09813715679e-23 0.
1511329002 1 555.130126953 0. 3.1852690033e-23 0.
1511329037 1 549.338928223 0. 3.15233872691e-23 0.
1511329098 1 543.672607422 0. 3.1202287366e-23 0.
1511329158 1 550.221862793 0. 3.15804013159e-23 0.
1511329218 1 536.524963379 0. 3.0798514969e-23 0.
1511329278 1 541.341247559 0. 3.10793045198e-23 0.
1511329338 1 537.745544434 0. 3.08757817075e-23 0.
1511329398 1 535.666381836 0. 3.0761437901e-23 0.
1511329458 1 537.692749023 0. 3.08827435487e-23 0.
1511329518 1 540.866943359 0. 3.1068013133e-23 0.
1511329578 1 538.447387695 0. 3.09315752303e-23 0.
1511329639 1 538.192138672 0. 3.09206184594e-23 0.
1511329699 1 545.11907959 0. 3.13227781459e-23 0.
1511329759 1 545.673339844 0. 3.13583508117e-23 0.
1511329819 1 545.981384277 0. 3.13811524061e-23 0.
1511329879 1 546.163635254 0. 3.13940828841e-23 0.
1511329939 1 545.38684082 0. 3.13529459443e-23 0.
1511329999 1 545.925720215 0. 3.13880243042e-23 0.
1511330059 1 543.674133301 0. 3.12617645112e-23 0.
1511330120 1 549.713500977 0. 3.16130973665e-23 0.
1511330180 1 533.332519531 0. 3.06761453417e-23 0.
1511330240 1 547.272827148 0. 3.14811524216e-23 0.
1511330300 1 542.118164062 0. 3.11896004332e-23 0.
1511330360 1 545.226623535 0. 3.13722700345e-23 0.
1511330420 1 544.410461426 0. 3.13285466679e-23 0.
1511330480 1 536.938293457 0. 3.09033721395e-23 0.
1511330540 1 537.865539551 0. 3.09595831655e-23 0.
1511330600 1 544.082275391 0. 3.13216229884e-23 0.
1511330661 1 536.362365723 0. 3.08807485147e-23 0.
1511330721 1 540.46685791 0. 3.11227613063e-23 0.
1511330781 1 542.576416016 0. 3.12464552779e-23 0.
1511330841 1 549.936645508 0. 3.16747616924e-23 0.
1511330901 1 551.678283691 0. 3.17787628353e-23 0.
1511330961 1 550.987854004 0. 3.17429483194e-23 0.
1511331021 1 551.312072754 0. 3.17656944446e-23 0.
1511331081 1 542.845153809 0. 3.12806486399e-23 0.
1511331141 1 537.449401855 0. 3.09734565606e-23 0.
1511331202 1 534.217102051 0. 3.07905168971e-23 0.
1511331262 1 538.518859863 0. 3.10422494816e-23 0.
1511331322 1 534.002746582 0. 3.07854756472e-23 0.
1511331382 1 547.496643066 0. 3.15665639799e-23 0.
1511331442 1 535.936340332 0. 3.09047577638e-23 0.
1511331502 1 539.566345215 0. 3.11194918804e-23 0.
1511331562 1 539.828979492 0. 3.11379869945e-23 0.
1511331622 1 541.037841797 0. 3.12124354441e-23 0.
1511331682 1 539.247802734 0. 3.11120210992e-23 0.
1511331742 1 539.145812988 0. 3.11102345605e-23 0.
1511331803 1 542.151611328 0. 3.12880826054e-23 0.
1511331863 1 536.531188965 0. 3.09683693664e-23 0.
1511331923 1 543.393127441 0. 3.1368433563e-23 0.
1511331983 1 539.324951172 0. 3.11370129946e-23 0.
1511332043 1 543.856872559 0. 3.14024120276e-23 0.
1511332103 1 544.656494141 0. 3.14519227096e-23 0.
1511332163 1 546.913818359 0. 3.15855243483e-23 0.
1511332223 1 546.530761719 0. 3.1567188896e-23 0.
1511332284 1 544.68737793 0. 3.1463688397e-23 0.
1511332344 1 539.88684082 0. 3.1189559514e-23 0.
1511332404 1 548.27947998 0. 3.16791517421e-23 0.
1511332464 1 536.522827148 0. 3.10039722549e-23 0.
1511332524 1 543.774169922 0. 3.14263067001e-23 0.
1511332584 1 535.222351074 0. 3.09368351714e-23 0.
1511332644 1 534.53112793 0. 3.09010492359e-23 0.
1511332704 1 541.2578125 0. 3.12932314613e-23 0.
1511332764 1 536.727111816 0. 3.10345420916e-23 0.
1511332825 1 547.745056152 0. 3.16751255759e-23 0.
1511332885 1 541.921203613 0. 3.13420878324e-23 0.
1511332945 1 537.440490723 0. 3.10881427129e-23 0.
1511333005 1 538.897216797 0. 3.11758349849e-23 0.
1511333065 1 539.324768066 0. 3.12047982985e-23 0.
1511333125 1 542.244140625 0. 3.13760534817e-23 0.
1511333185 1 547.177368164 0. 3.16649717157e-23 0.
1511333245 1 547.435546875 0. 3.16850451196e-23 0.
1511333305 1 550.236450195 0. 3.18511346889e-23 0.
1511333366 1 525.429748535 0. 3.04189440502e-23 0.
1511333426 1 539.274291992 0. 3.12246713035e-23 0.
1511333486 1 538.940246582 0. 3.12079590879e-23 0.
1511333546 1 544.741821289 0. 3.15472299559e-23 0.
1511333606 1 545.213439941 0. 3.15794399803e-23 0.
1511333666 1 532.278747559 0. 3.08341055531e-23 0.
1511333726 1 540.041625977 0. 3.12868449039e-23 0.
1511333786 1 531.921264648 0. 3.08209526364e-23 0.
1511333846 1 532.291564941 0. 3.08453843222e-23 0.
1511333907 1 536.693725586 0. 3.11054326902e-23 0.
1511333967 1 540.062561035 0. 3.1303905648e-23 0.
1511334027 1 539.138305664 0. 3.12529262004e-23 0.
1511334087 1 539.877441406 0. 3.13003802554e-23 0.
1511334147 1 543.480529785 0. 3.15135034801e-23 0.
1511334207 1 541.002624512 0. 3.13741480933e-23 0.
1511334267 1 543.421020508 0. 3.15184127596e-23 0.
1511334327 1 542.547851562 0. 3.14717062069e-23 0.
1511334387 1 544.376281738 0. 3.1581615466e-23 0.
1511334448 1 546.758911133 0. 3.17235708453e-23 0.
1511334508 1 543.883483887 0. 3.1558845294e-23 0.
1511334568 1 543.876831055 0. 3.156253018e-23 0.
1511334628 1 532.93762207 0. 3.09317877741e-23 0.
1511334688 1 533.403564453 0. 3.09638372766e-23 0.
1511334748 1 532.670837402 0. 3.09245916921e-23 0.
1511334808 1 550.583862305 0. 3.19682452018e-23 0.
1511334868 1 541.33203125 0. 3.14362136275e-23 0.
1511334928 1 561.214111328 0. 3.25951115665e-23 0.
1511334989 1 539.28125 0. 3.13257683285e-23 0.
1511335049 1 545.765319824 0. 3.1706172927e-23 0.
1511335109 1 538.762207031 0. 3.13031199033e-23 0.
1511335169 1 543.471374512 0. 3.15813577278e-23 0.
1511335229 1 546.933532715 0. 3.17871346381e-23 0.
1511335289 1 536.598388672 0. 3.11900123046e-23 0.
1511335349 1 539.972167969 0. 3.13896595515e-23 0.
1511335409 1 543.671203613 0. 3.16083275071e-23 0.
1511335469 1 534.870178223 0. 3.11010763483e-23 0.
1511335530 1 531.788452148 0. 3.09252283745e-23 0.
1511335590 1 531.910949707 0. 3.09351683409e-23 0.
1511335650 1 535.753417969 0. 3.11635294063e-23 0.
1511335710 1 536.396972656 0. 3.12050362965e-23 0.
1511335770 1 543.95123291 0. 3.16477400001e-23 0.
1511335830 1 542.509033203 0. 3.15679823407e-23 0.
1511335890 1 540.824951172 0. 3.14741454614e-23 0.
1511335950 1 540.732971191 0. 3.14728414576e-23 0.
1511336010 1 543.333374023 0. 3.16273255672e-23 0.
1511336071 1 541.963439941 0. 3.15498094749e-23 0.
1511336131 1 539.806213379 0. 3.14293953496e-23 0.
1511336191 1 539.382873535 0. 3.14081813331e-23 0.
1511336251 1 540.466796875 0. 3.14754966371e-23 0.
1511336311 1 543.30480957 0. 3.1644244151e-23 0.
1511336371 1 549.938598633 0. 3.20348801242e-23 0.
1511336431 1 539.615783691 0. 3.14380455695e-23 0.
1511336491 1 545.531982422 0. 3.17856122018e-23 0.
1511336551 1 552.925476074 0. 3.22195782927e-23 0.
1511336612 1 539.332763672 0. 3.14318448272e-23 0.
1511336672 1 536.741577148 0. 3.12850208455e-23 0.
1511336732 1 536.971679688 0. 3.13025855884e-23 0.
1511336792 1 550.594543457 0. 3.21003842391e-23 0.
1511336852 1 553.715637207 0. 3.22856768479e-23 0.
1511336912 1 537.876647949 0. 3.13648817067e-23 0.
1511336972 1 541.80078125 0. 3.15982019197e-23 0.
1511337032 1 543.223510742 0. 3.16863750071e-23 0.
1511337092 1 554.572875977 0. 3.23488025526e-23 0.
1511337153 1 532.315002441 0. 3.10562064147e-23 0.
1511337213 1 545.063049316 0. 3.18030191861e-23 0.
1511337273 1 538.163879395 0. 3.14120212297e-23 0.
1511337333 1 535.907592773 0. 3.12877586997e-23 0.
1511337393 1 533.90032959 0. 3.11744321897e-23 0.
1511337453 1 539.647949219 0. 3.15132430901e-23 0.
1511337513 1 545.686767578 0. 3.18698162926e-23 0.
1511337573 1 544.29309082 0. 3.17944401106e-23 0.
1511337633 1 538.305969238 0. 3.14471102999e-23 0.
1511337678 1 538.497436523 0. 3.14616815153e-23 0.
1511337722 1 0.0895066931844 0. 3.41592158843e-23 0.
