1511465903 1 553.405761719 0. 2.71793626983e-23 0.
1511465963 1 536.428039551 0. 2.63606886776e-23 0.
1511466023 1 515.259033203 0. 2.53414971491e-23 0.
1511466083 1 532.662597656 0. 2.62166062656e-23 0.
1511466144 1 536.274230957 0. 2.64018561247e-23 0.
1511466204 1 533.442138672 0. 2.62692013311e-23 0.
1511466264 1 525.2890625 0. 2.58739816531e-23 0.
1511466313 1 528.132507324 0. 2.60182672203e-23 0.
1511466362 1 536.149414062 0. 2.64183656227e-23 0.
1511466422 1 532.55657959 0. 2.62477862915e-23 0.
1511466482 1 533.123596191 0. 2.62812776851e-23 0.
1511466543 1 522.329528809 0. 2.5756096493e-23 0.
1511466603 1 529.671203613 0. 2.61240214982e-23 0.
1511466663 1 527.126953125 0. 2.60066947098e-23 0.
1511466723 1 531.62902832 0. 2.62365520603e-23 0.
1511466783 1 522.230895996 0. 2.57787555873e-23 0.
1511466843 1 539.960083008 0. 2.66583576781e-23 0.
1511466903 1 548.668151855 0. 2.70927431953e-23 0.
1511466963 1 536.997741699 0. 2.65179104965e-23 0.
1511467023 1 527.622192383 0. 2.60611819006e-23 0.
1511467084 1 533.132385254 0. 2.63400096858e-23 0.
1511467144 1 516.212463379 0. 2.55092175443e-23 0.
1511467204 1 529.023376465 0. 2.61471566718e-23 0.
1511467264 1 535.917480469 0. 2.64948241727e-23 0.
1511467324 1 526.165283203 0. 2.60219791447e-23 0.
1511467384 1 534.679626465 0. 2.64476099698e-23 0.
1511467444 1 523.231628418 0. 2.58875750759e-23 0.
1511467504 1 533.27947998 0. 2.6388849293e-23 0.
1511467564 1 530.827148438 0. 2.62692165118e-23 0.
1511467624 1 534.804870605 0. 2.64693329713e-23 0.
1511467685 1 523.278198242 0. 2.5904880535e-23 0.
1511467745 1 526.166870117 0. 2.60523911152e-23 0.
1511467805 1 529.763671875 0. 2.62355059271e-23 0.
1511467865 1 531.458557129 0. 2.63242992602e-23 0.
1511467925 1 535.413574219 0. 2.65253966717e-23 0.
1511467985 1 536.441345215 0. 2.65816899152e-23 0.
1511468045 1 528.887756348 0. 2.62122662716e-23 0.
1511468105 1 530.528869629 0. 2.62986176974e-23 0.
1511468166 1 533.288146973 0. 2.6441017989e-23 0.
1511468226 1 535.750671387 0. 2.65677150019e-23 0.
1511468286 1 534.36517334 0. 2.65032820574e-23 0.
1511468346 1 537.271179199 0. 2.66519867753e-23 0.
1511468406 1 532.459350586 0. 2.64178579936e-23 0.
1511468466 1 529.009399414 0. 2.62509456462e-23 0.
1511468526 1 532.026733398 0. 2.64042014361e-23 0.
1511468586 1 540.637634277 0. 2.68360921201e-23 0.
1511468646 1 521.348449707 0. 2.58838829619e-23 0.
1511468706 1 529.685791016 0. 2.63021209281e-23 0.
1511468767 1 528.950744629 0. 2.62704428503e-23 0.
1511468827 1 531.629821777 0. 2.64075611022e-23 0.
1511468887 1 534.788330078 0. 2.65698053308e-23 0.
1511468947 1 522.95324707 0. 2.59872021707e-23 0.
1511469007 1 532.125915527 0. 2.64476459821e-23 0.
1511469067 1 537.987060547 0. 2.67424825159e-23 0.
1511469127 1 520.03918457 0. 2.58561119357e-23 0.
1511469187 1 525.694335938 0. 2.61419353219e-23 0.
1511469248 1 535.579345703 0. 2.66375707754e-23 0.
1511469308 1 524.50793457 0. 2.60913427408e-23 0.
1511469368 1 529.790344238 0. 2.63579247829e-23 0.
1511469428 1 530.231323242 0. 2.63833979228e-23 0.
1511469488 1 520.014831543 0. 2.58791977975e-23 0.
1511469548 1 524.12121582 0. 2.60885134878e-23 0.
1511469608 1 533.963134766 0. 2.6583102159e-23 0.
1511469668 1 531.295715332 0. 2.64553644903e-23 0.
1511469728 1 522.835327148 0. 2.60375676489e-23 0.
1511469788 1 531.736022949 0. 2.64839361899e-23 0.
1511469849 1 534.618835449 0. 2.66321442943e-23 0.
1511469909 1 536.430786133 0. 2.67267811597e-23 0.
1511469969 1 522.867553711 0. 2.60564340437e-23 0.
1511470029 1 529.622314453 0. 2.63966381192e-23 0.
1511470089 1 532.37310791 0. 2.65375176918e-23 0.
1511470149 1 537.016174316 0. 2.67717916212e-23 0.
1511470209 1 524.214599609 0. 2.61384240238e-23 0.
1511470269 1 528.142822266 0. 2.6338275567e-23 0.
1511470329 1 528.99206543 0. 2.63857060261e-23 0.
1511470390 1 526.823242188 0. 2.62812518887e-23 0.
1511470450 1 534.106384277 0. 2.66493204107e-23 0.
1511470510 1 529.561340332 0. 2.64275382475e-23 0.
1511470570 1 525.053222656 0. 2.62046791865e-23 0.
1511470630 1 527.72253418 0. 2.63414417066e-23 0.
1511470690 1 532.903198242 0. 2.66039391604e-23 0.
1511470750 1 526.53918457 0. 2.62905504395e-23 0.
1511470810 1 533.111328125 0. 2.66222747961e-23 0.
1511470871 1 526.836669922 0. 2.63131395732e-23 0.
1511470931 1 532.231384277 0. 2.65854422069e-23 0.
1511470991 1 531.371032715 0. 2.65465484801e-23 0.
1511471051 1 521.730407715 0. 2.60694718967e-23 0.
1511471111 1 525.248718262 0. 2.6248854015e-23 0.
1511471171 1 533.682983398 0. 2.66728852773e-23 0.
1511471231 1 527.317321777 0. 2.63588413489e-23 0.
1511471291 1 530.16607666 0. 2.65053212708e-23 0.
1511471351 1 532.418457031 0. 2.66225043247e-23 0.
1511471412 1 534.14440918 0. 2.6712804553e-23 0.
1511471472 1 529.06652832 0. 2.64631018672e-23 0.
1511471532 1 531.853881836 0. 2.66065567013e-23 0.
1511471592 1 512.922607422 0. 2.5663530746e-23 0.
1511471652 1 533.105407715 0. 2.66758931169e-23 0.
1511471712 1 532.232421875 0. 2.66373394921e-23 0.
1511471772 1 524.904602051 0. 2.62746485172e-23 0.
1511471832 1 523.125549316 0. 2.61893714843e-23 0.
1511471892 1 528.25994873 0. 2.64493893772e-23 0.
1511471954 1 527.513244629 0. 2.64159911683e-23 0.
1511472015 1 526.40423584 0. 2.63640463456e-23 0.
1511472076 1 530.66229248 0. 2.65810553408e-23 0.
1511472136 1 527.736816406 0. 2.64383905592e-23 0.
1511472196 1 523.157592773 0. 2.62136700877e-23 0.
1511472256 1 534.810058594 0. 2.68013706075e-23 0.
1511472316 1 528.417175293 0. 2.64851536543e-23 0.
1511472376 1 527.129943848 0. 2.64256920711e-23 0.
1511472436 1 525.028259277 0. 2.63253091515e-23 0.
1511472496 1 524.938171387 0. 2.63241258371e-23 0.
1511472556 1 529.790466309 0. 2.65706820573e-23 0.
1511472616 1 537.94732666 0. 2.69834508526e-23 0.
1511472677 1 521.071655273 0. 2.61410266948e-23 0.
1511472737 1 524.930175781 0. 2.63388875083e-23 0.
1511472797 1 523.433044434 0. 2.6267205834e-23 0.
1511472857 1 529.709899902 0. 2.65862772751e-23 0.
1511472917 1 533.65020752 0. 2.67869334277e-23 0.
1511472977 1 530.198120117 0. 2.66164430528e-23 0.
1511473037 1 521.034912109 0. 2.61613306197e-23 0.
1511473097 1 527.749023438 0. 2.65014906935e-23 0.
1511473158 1 531.264038086 0. 2.66824544177e-23 0.
1511473218 1 531.002685547 0. 2.66732868659e-23 0.
1511473278 1 531.307312012 0. 2.66914053393e-23 0.
1511473338 1 531.840393066 0. 2.67222882314e-23 0.
1511473398 1 533.603942871 0. 2.68138655482e-23 0.
1511473458 1 522.758300781 0. 2.62738630244e-23 0.
1511473518 1 529.498779297 0. 2.66164919895e-23 0.
1511473578 1 527.123046875 0. 2.6501089564e-23 0.
1511473638 1 530.230651855 0. 2.66616764089e-23 0.
1511473699 1 521.47644043 0. 2.62256973395e-23 0.
1511473759 1 525.866699219 0. 2.64500697654e-23 0.
1511473819 1 531.329040527 0. 2.6727280433e-23 0.
1511473879 1 534.363830566 0. 2.68839328827e-23 0.
1511473939 1 532.237182617 0. 2.67814282296e-23 0.
1511473999 1 530.122741699 0. 2.66781443032e-23 0.
1511474059 1 532.365478516 0. 2.67942277995e-23 0.
1511474119 1 531.351074219 0. 2.67471544789e-23 0.
1511474179 1 521.705444336 0. 2.62655235895e-23 0.
1511474240 1 519.886657715 0. 2.61787516494e-23 0.
1511474300 1 522.111450195 0. 2.62943768882e-23 0.
1511474360 1 529.670898438 0. 2.66780592708e-23 0.
1511474420 1 532.263427734 0. 2.6810858184e-23 0.
1511474480 1 521.051513672 0. 2.62505789286e-23 0.
1511474540 1 525.250976562 0. 2.6464882298e-23 0.
1511474600 1 524.871826172 0. 2.64492859679e-23 0.
1511474660 1 530.038208008 0. 2.67128179346e-23 0.
1511474720 1 530.689575195 0. 2.67483827766e-23 0.
1511474781 1 536.876586914 0. 2.70638005303e-23 0.
1511474841 1 522.273132324 0. 2.63325168818e-23 0.
1511474901 1 523.824768066 0. 2.64144377366e-23 0.
1511474961 1 524.769714355 0. 2.64643689522e-23 0.
1511475021 1 526.838745117 0. 2.65718906966e-23 0.
1511475081 1 528.248474121 0. 2.66453258674e-23 0.
1511475141 1 529.001647949 0. 2.66867226444e-23 0.
1511475201 1 531.163146973 0. 2.6798380089e-23 0.
1511475261 1 536.750854492 0. 2.70846075636e-23 0.
1511475322 1 526.931640625 0. 2.65931311436e-23 0.
1511475382 1 530.454650879 0. 2.67749172374e-23 0.
1511475442 1 531.886108398 0. 2.68502819661e-23 0.
1511475502 1 530.647399902 0. 2.67926081634e-23 0.
1511475562 1 533.147277832 0. 2.6922658969e-23 0.
1511475622 1 539.052490234 0. 2.72241238624e-23 0.
1511475682 1 525.653442383 0. 2.6551344537e-23 0.
1511475742 1 529.565307617 0. 2.67527771428e-23 0.
1511475802 1 533.689758301 0. 2.69647559835e-23 0.
1511475863 1 527.181396484 0. 2.66394204448e-23 0.
1511475923 1 531.59185791 0. 2.68662492189e-23 0.
1511475983 1 534.661682129 0. 2.70229933382e-23 0.
1511476043 1 532.872070312 0. 2.69364767145e-23 0.
1511476103 1 525.145324707 0. 2.6549827303e-23 0.
1511476163 1 528.434692383 0. 2.67187342904e-23 0.
1511476223 1 533.009887695 0. 2.69532454991e-23 0.
1511476283 1 528.10949707 0. 2.67103123392e-23 0.
1511476343 1 530.221862793 0. 2.68210214826e-23 0.
1511476404 1 523.852539062 0. 2.65018724081e-23 0.
1511476464 1 522.842468262 0. 2.64538973164e-23 0.
1511476524 1 527.732055664 0. 2.67041934342e-23 0.
1511476584 1 526.678344727 0. 2.6653419084e-23 0.
1511476644 1 533.662902832 0. 2.7010775207e-23 0.
1511476704 1 533.123535156 0. 2.69867922361e-23 0.
1511476764 1 521.237854004 0. 2.63882360305e-23 0.
1511476824 1 572.37701416 0. 2.89791448189e-23 0.
1511476884 1 535.546813965 0. 2.71196158306e-23 0.
1511476945 1 525.918334961 0. 2.66358158572e-23 0.
1511477005 1 531.699890137 0. 2.69333288409e-23 0.
1511477065 1 521.496643066 0. 2.64185315894e-23 0.
1511477125 1 526.988037109 0. 2.67003964066e-23 0.
1511477185 1 520.427185059 0. 2.63729577941e-23 0.
1511477245 1 517.054931641 0. 2.62044423765e-23 0.
1511477305 1 533.542724609 0. 2.70422017134e-23 0.
1511477365 1 528.259765625 0. 2.67790424195e-23 0.
1511477425 1 528.800964355 0. 2.68104202492e-23 0.
1511477486 1 535.875366211 0. 2.71717872677e-23 0.
1511477546 1 518.268188477 0. 2.62825079365e-23 0.
1511477606 1 522.803161621 0. 2.65146040422e-23 0.
1511477666 1 522.971069336 0. 2.65255618678e-23 0.
1511477726 1 524.503112793 0. 2.66076880417e-23 0.
1511477786 1 524.406433105 0. 2.66062298437e-23 0.
1511477846 1 527.923095703 0. 2.67876398234e-23 0.
1511477906 1 533.2734375 0. 2.70622253083e-23 0.
1511477966 1 523.639648438 0. 2.65762360623e-23 0.
1511478027 1 527.67401123 0. 2.67850707619e-23 0.
1511478087 1 530.425354004 0. 2.6927308943e-23 0.
1511478147 1 528.560852051 0. 2.68362291795e-23 0.
1511478207 1 524.589355469 0. 2.66383009965e-23 0.
1511478267 1 530.800720215 0. 2.69576003143e-23 0.
1511478327 1 533.749389648 0. 2.71113454825e-23 0.
1511478387 1 523.393432617 0. 2.65894064668e-23 0.
1511478447 1 527.317138672 0. 2.67929879582e-23 0.
1511478508 1 521.783569336 0. 2.65160123005e-23 0.
1511478568 1 521.994018555 0. 2.65293400367e-23 0.
1511478628 1 532.077270508 0. 2.70447530789e-23 0.
1511478688 1 537.390808105 0. 2.73178655509e-23 0.
1511478748 1 527.793457031 0. 2.68328180925e-23 0.
1511478808 1 526.106323242 0. 2.67507798194e-23 0.
1511478868 1 529.001220703 0. 2.69006187084e-23 0.
1511478928 1 528.294433594 0. 2.68679201974e-23 0.
1511478988 1 530.676818848 0. 2.69944701555e-23 0.
1511479049 1 533.263061523 0. 2.71287559115e-23 0.
1511479109 1 521.049133301 0. 2.65108057851e-23 0.
1511479169 1 522.655151367 0. 2.65952620533e-23 0.
1511479229 1 525.121887207 0. 2.6724670541e-23 0.
1511479289 1 525.578979492 0. 2.67499315482e-23 0.
1511479349 1 521.36932373 0. 2.65390530118e-23 0.
1511479409 1 527.08392334 0. 2.68345006034e-23 0.
1511479469 1 535.384460449 0. 2.72613725106e-23 0.
1511479529 1 534.230957031 0. 2.72065225631e-23 0.
1511479590 1 523.49432373 0. 2.66631527098e-23 0.
1511479650 1 532.502075195 0. 2.71236641966e-23 0.
1511479710 1 525.186706543 0. 2.6754618485e-23 0.
1511479770 1 529.24597168 0. 2.69635795716e-23 0.
1511479830 1 535.36315918 0. 2.72792007848e-23 0.
1511479890 1 533.473571777 0. 2.7186275171e-23 0.
1511479950 1 530.771789551 0. 2.70522510637e-23 0.
1511480010 1 524.893859863 0. 2.67567787925e-23 0.
1511480070 1 526.770812988 0. 2.68558193075e-23 0.
1511480131 1 530.434997559 0. 2.70462866054e-23 0.
1511480191 1 522.286865234 0. 2.66336588841e-23 0.
1511480251 1 530.390136719 0. 2.70500837703e-23 0.
1511480311 1 532.402282715 0. 2.71566740379e-23 0.
1511480371 1 526.601318359 0. 2.68630447851e-23 0.
1511480431 1 527.797485352 0. 2.69267365563e-23 0.
1511480491 1 528.376342773 0. 2.69603138316e-23 0.
1511480551 1 535.078491211 0. 2.73050408621e-23 0.
1511480611 1 533.537719727 0. 2.72304965014e-23 0.
1511480672 1 523.044799805 0. 2.66984924847e-23 0.
1511480732 1 526.018310547 0. 2.68539150979e-23 0.
1511480792 1 524.623779297 0. 2.67857489865e-23 0.
1511480852 1 527.772216797 0. 2.6949352731e-23 0.
1511480912 1 535.952697754 0. 2.73709628158e-23 0.
1511480972 1 530.303771973 0. 2.70861373184e-23 0.
1511481032 1 524.336425781 0. 2.67841720087e-23 0.
1511481092 1 521.975341797 0. 2.66659477349e-23 0.
1511481152 1 527.116577148 0. 2.69333653807e-23 0.
1511481213 1 533.420471191 0. 2.72588457441e-23 0.
1511481273 1 532.361877441 0. 2.72085598728e-23 0.
1511481333 1 526.931274414 0. 2.69356556713e-23 0.
1511481393 1 529.419189453 0. 2.70654879039e-23 0.
1511481453 1 525.231628418 0. 2.68549170653e-23 0.
1511481513 1 523.884643555 0. 2.67890346119e-23 0.
1511481573 1 517.963867188 0. 2.64893134939e-23 0.
1511481633 1 526.278320312 0. 2.69174743892e-23 0.
1511481693 1 528.382995605 0. 2.70278469827e-23 0.
1511481754 1 523.719787598 0. 2.6794754412e-23 0.
1511481814 1 523.567443848 0. 2.67903213194e-23 0.
1511481874 1 513.386413574 0. 2.62724108435e-23 0.
1511481934 1 528.028137207 0. 2.7023571351e-23 0.
1511481994 1 527.956359863 0. 2.7023717277e-23 0.
1511482054 1 530.311340332 0. 2.71481551613e-23 0.
1511482114 1 531.407775879 0. 2.72075771822e-23 0.
1511482174 1 530.644226074 0. 2.71716773422e-23 0.
1511482234 1 529.100097656 0. 2.70952653943e-23 0.
1511482295 1 519.94909668 0. 2.66300985696e-23 0.
1511482355 1 525.414978027 0. 2.69137519202e-23 0.
1511482415 1 525.25982666 0. 2.69082339033e-23 0.
1511482475 1 524.046020508 0. 2.68490171365e-23 0.
1511482535 1 525.672729492 0. 2.69354891019e-23 0.
1511482595 1 527.596435547 0. 2.70369864133e-23 0.
1511482655 1 520.890808105 0. 2.6696915753e-23 0.
1511482715 1 520.473144531 0. 2.66775455643e-23 0.
1511482775 1 534.755065918 0. 2.7412473202e-23 0.
1511482836 1 520.383789062 0. 2.66785997981e-23 0.
1511482896 1 522.276062012 0. 2.67785443722e-23 0.
1511482956 1 522.221374512 0. 2.67778208022e-23 0.
1511483016 1 523.952819824 0. 2.68700982751e-23 0.
1511483076 1 527.233215332 0. 2.70402856636e-23 0.
1511483136 1 526.115234375 0. 2.69866506928e-23 0.
1511483196 1 522.674316406 0. 2.68140939872e-23 0.
1511483256 1 523.72076416 0. 2.68716195518e-23 0.
1511483316 1 528.832397461 0. 2.71372834016e-23 0.
1511483377 1 529.447143555 0. 2.71714759667e-23 0.
1511483437 1 531.696655273 0. 2.72912342403e-23 0.
1511483497 1 528.244445801 0. 2.71182816653e-23 0.
1511483557 1 527.216491699 0. 2.70690892821e-23 0.
1511483617 1 523.020141602 0. 2.68582640611e-23 0.
1511483677 1 519.658813477 0. 2.66889476736e-23 0.
1511483737 1 526.018432617 0. 2.7017376113e-23 0.
1511483797 1 525.86126709 0. 2.7012603665e-23 0.
1511483857 1 525.450500488 0. 2.69953276953e-23 0.
1511483918 1 527.149963379 0. 2.70869851346e-23 0.
1511483978 1 533.30267334 0. 2.74055589055e-23 0.
1511484038 1 536.821594238 0. 2.75893845587e-23 0.
1511484098 1 556.228759766 0. 2.85904882422e-23 0.
1511484158 1 519.920532227 0. 2.67292421808e-23 0.
1511484218 1 527.066833496 0. 2.7099867182e-23 0.
1511484278 1 528.044189453 0. 2.7153642084e-23 0.
1511484338 1 531.430053711 0. 2.73307677818e-23 0.
1511484398 1 531.367126465 0. 2.73303199822e-23 0.
1511484459 1 522.218444824 0. 2.68635530282e-23 0.
1511484519 1 521.080383301 0. 2.68074831533e-23 0.
1511484579 1 523.49597168 0. 2.69355051552e-23 0.
1511484639 1 523.759643555 0. 2.6951519357e-23 0.
1511484699 1 528.30291748 0. 2.71880881063e-23 0.
1511484759 1 525.134521484 0. 2.70284588571e-23 0.
1511484819 1 520.98260498 0. 2.68193049342e-23 0.
1511484879 1 532.780151367 0. 2.74306442696e-23 0.
1511484939 1 527.274963379 0. 2.71497487665e-23 0.
1511485000 1 529.140686035 0. 2.7248883634e-23 0.
1511485060 1 526.214050293 0. 2.7101188822e-23 0.
1511485120 1 530.057434082 0. 2.73018971481e-23 0.
1511485180 1 528.768127441 0. 2.72396696062e-23 0.
1511485240 1 531.833679199 0. 2.7400992375e-23 0.
1511485300 1 527.901855469 0. 2.72013955855e-23 0.
1511485360 1 534.249572754 0. 2.75312081075e-23 0.
1511485420 1 535.640441895 0. 2.76070912205e-23 0.
1511485480 1 523.874938965 0. 2.70044584846e-23 0.
1511485541 1 518.759399414 0. 2.67455246356e-23 0.
1511485601 1 523.530639648 0. 2.69937919894e-23 0.
1511485661 1 523.489868164 0. 2.6993683337e-23 0.
1511485721 1 523.789794922 0. 2.70124728932e-23 0.
1511485781 1 526.036376953 0. 2.71327846168e-23 0.
1511485841 1 526.256835938 0. 2.71471682203e-23 0.
1511485901 1 513.404541016 0. 2.64882124092e-23 0.
1511485961 1 536.505554199 0. 2.76820570142e-23 0.
1511486022 1 537.225708008 0. 2.77228236271e-23 0.
1511486082 1 530.753967285 0. 2.73919367715e-23 0.
1511486142 1 524.784973145 0. 2.70872189188e-23 0.
1511486202 1 526.189819336 0. 2.71626083678e-23 0.
1511486262 1 532.456542969 0. 2.7489345049e-23 0.
1511486322 1 530.276672363 0. 2.7380665599e-23 0.
1511486382 1 531.849975586 0. 2.74648480709e-23 0.
1511486442 1 530.573669434 0. 2.74015486362e-23 0.
1511486502 1 522.55090332 0. 2.69912758568e-23 0.
1511486562 1 523.168151855 0. 2.70266347025e-23 0.
1511486623 1 524.79510498 0. 2.71129691154e-23 0.
1511486683 1 523.108520508 0. 2.70296456015e-23 0.
1511486743 1 524.37298584 0. 2.70978797242e-23 0.
1511486803 1 521.343322754 0. 2.6943686221e-23 0.
1511486863 1 526.07220459 0. 2.71918287327e-23 0.
1511486923 1 518.495666504 0. 2.68038988673e-23 0.
1511486983 1 532.583007812 0. 2.75350548504e-23 0.
1511487043 1 520.261352539 0. 2.69008379696e-23 0.
1511487103 1 522.31262207 0. 2.70098627642e-23 0.
1511487164 1 522.540710449 0. 2.7024786072e-23 0.
1511487224 1 520.487609863 0. 2.69224618477e-23 0.
1511487284 1 526.438659668 0. 2.72325047031e-23 0.
1511487344 1 531.368469238 0. 2.74902572999e-23 0.
1511487404 1 532.659790039 0. 2.75593159511e-23 0.
1511487464 1 530.828735352 0. 2.74679496142e-23 0.
1511487524 1 532.132385254 0. 2.75384308521e-23 0.
1511487584 1 537.956176758 0. 2.78437303296e-23 0.
1511487645 1 527.407043457 0. 2.73016715808e-23 0.
1511487705 1 514.038452148 0. 2.66133498421e-23 0.
1511487765 1 533.70123291 0. 2.76333043995e-23 0.
1511487825 1 520.017089844 0. 2.69290881127e-23 0.
1511487885 1 515.639099121 0. 2.67056571235e-23 0.
1511487945 1 535.147216797 0. 2.77187833268e-23 0.
1511488005 1 534.097045898 0. 2.76685717891e-23 0.
1511488065 1 534.420349121 0. 2.76884608935e-23 0.
1511488125 1 535.118103027 0. 2.7727633866e-23 0.
1511488186 1 535.151672363 0. 2.7731764824e-23 0.
1511488246 1 529.711608887 0. 2.74537594151e-23 0.
1511488306 1 519.870605469 0. 2.69462587782e-23 0.
1511488366 1 532.57019043 0. 2.76078625948e-23 0.
1511488426 1 527.430786133 0. 2.73450073853e-23 0.
1511488486 1 523.306762695 0. 2.71345441387e-23 0.
1511488546 1 523.68737793 0. 2.71576757857e-23 0.
1511488606 1 522.413391113 0. 2.70950817245e-23 0.
1511488666 1 525.240783691 0. 2.72458511837e-23 0.
1511488727 1 526.061279297 0. 2.72918367838e-23 0.
1511488787 1 523.876159668 0. 2.71807633669e-23 0.
1511488847 1 520.767456055 0. 2.70233719285e-23 0.
1511488907 1 528.181945801 0. 2.74107419e-23 0.
1511488967 1 530.02355957 0. 2.75099193939e-23 0.
1511489027 1 530.784301758 0. 2.75530408468e-23 0.
1511489087 1 528.934692383 0. 2.74587834205e-23 0.
1511489147 1 525.266540527 0. 2.72731815853e-23 0.
1511489207 1 522.654296875 0. 2.71409989896e-23 0.
1511489268 1 521.702331543 0. 2.70962435584e-23 0.
1511489328 1 532.422668457 0. 2.76560619003e-23 0.
1511489388 1 525.510925293 0. 2.73002960227e-23 0.
1511489448 1 523.116577148 0. 2.71806888342e-23 0.
1511489508 1 528.444946289 0. 2.74595552208e-23 0.
1511489568 1 526.578125 0. 2.7364586512e-23 0.
1511489628 1 522.747680664 0. 2.71692378072e-23 0.
1511489688 1 554.973449707 0. 2.88487996902e-23 0.
1511489748 1 516.307922363 0. 2.68431277731e-23 0.
1511489809 1 524.378845215 0. 2.72658685968e-23 0.
1511489869 1 520.429992676 0. 2.70633448166e-23 0.
1511489929 1 531.386962891 0. 2.76359369007e-23 0.
1511489989 1 525.002380371 0. 2.73069377347e-23 0.
1511490049 1 525.248474121 0. 2.73236134618e-23 0.
1511490109 1 527.33215332 0. 2.74371209647e-23 0.
1511490169 1 526.177062988 0. 2.73809305186e-23 0.
1511490230 1 524.544189453 0. 2.72987242152e-23 0.
1511490290 1 528.278991699 0. 2.74964941816e-23 0.
1511490350 1 533.647888184 0. 2.77789166155e-23 0.
1511490410 1 531.786560059 0. 2.76845703184e-23 0.
1511490470 1 527.854614258 0. 2.74821723546e-23 0.
1511490530 1 523.200012207 0. 2.72438626944e-23 0.
1511490590 1 522.620300293 0. 2.72188142303e-23 0.
1511490650 1 518.419921875 0. 2.70038758597e-23 0.
1511490710 1 533.541320801 0. 2.77953447315e-23 0.
1511490771 1 521.073791504 0. 2.71481965614e-23 0.
1511490831 1 535.163635254 0. 2.78857146383e-23 0.
1511490891 1 530.614746094 0. 2.7650584121e-23 0.
1511490951 1 531.669067383 0. 2.77087727028e-23 0.
1511491011 1 533.088867188 0. 2.77866062883e-23 0.
1511491071 1 536.240600586 0. 2.79546462396e-23 0.
1511491131 1 529.888244629 0. 2.76264406819e-23 0.
1511491191 1 524.84576416 0. 2.73672484814e-23 0.
1511491252 1 521.020690918 0. 2.71707413426e-23 0.
1511491312 1 532.224731445 0. 2.77568038905e-23 0.
1511491372 1 526.023681641 0. 2.74369528678e-23 0.
1511491432 1 519.946289062 0. 2.71228028708e-23 0.
1511491492 1 520.460998535 0. 2.71522978995e-23 0.
1511491552 1 530.532043457 0. 2.76806548111e-23 0.
1511491612 1 528.829223633 0. 2.75949870589e-23 0.
1511491672 1 526.069946289 0. 2.74540888139e-23 0.
1511491732 1 525.291503906 0. 2.74159749563e-23 0.
1511491793 1 521.291625977 0. 2.72119543703e-23 0.
1511491853 1 526.813110352 0. 2.75029616494e-23 0.
1511491913 1 532.13873291 0. 2.77856019681e-23 0.
1511491973 1 534.3125 0. 2.79022110308e-23 0.
1511492033 1 534.283874512 0. 2.79028780793e-23 0.
1511492068 1 533.27722168 0. 2.78522570026e-23 0.
1511492103 1 531.44140625 0. 2.77580967495e-23 0.
1511492164 1 524.233947754 0. 2.73855078802e-23 0.
1511492224 1 526.171447754 0. 2.74892499384e-23 0.
1511492284 1 528.27911377 0. 2.76032119632e-23 0.
1511492344 1 528.289733887 0. 2.76075680753e-23 0.
1511492404 1 530.304931641 0. 2.77162758281e-23 0.
1511492464 1 532.015014648 0. 2.78078990867e-23 0.
1511492521 1 528.439331055 0. 2.76254290851e-23 0.
1511492577 1 529.435668945 0. 2.76806133466e-23 0.
1511492637 1 531.766174316 0. 2.78059573337e-23 0.
1511492697 1 529.874328613 0. 2.77102107696e-23 0.
1511492757 1 525.47668457 0. 2.74841490762e-23 0.
1511492817 1 528.700317383 0. 2.76564973166e-23 0.
1511492878 1 522.113220215 0. 2.73135482222e-23 0.
1511492921 1 521.989562988 0. 2.73108800417e-23 0.
1511492965 1 525.616638184 0. 2.75022804146e-23 0.
1511493025 1 521.013549805 0. 2.72651641524e-23 0.
1511493085 1 530.654968262 0. 2.77735466786e-23 0.
1511493145 1 532.963439941 0. 2.78976761238e-23 0.
1511493205 1 535.822753906 0. 2.80512754487e-23 0.
1511493265 1 541.936279297 0. 2.83742020258e-23 0.
1511493325 1 530.739257812 0. 2.77905777968e-23 0.
1511493385 1 520.180358887 0. 2.72414935399e-23 0.
1511493445 1 532.256286621 0. 2.78772025761e-23 0.
1511493506 1 528.729248047 0. 2.76952654243e-23 0.
1511493566 1 529.23425293 0. 2.77258549809e-23 0.
1511493626 1 534.835083008 0. 2.80225602975e-23 0.
1511493686 1 521.678833008 0. 2.73362673161e-23 0.
1511493746 1 527.956787109 0. 2.76679925836e-23 0.
1511493806 1 522.172729492 0. 2.73685879473e-23 0.
1511493866 1 521.495300293 0. 2.73369604633e-23 0.
1511493926 1 518.26965332 0. 2.7171087365e-23 0.
1511493986 1 535.506103516 0. 2.80781060756e-23 0.
1511494047 1 533.872619629 0. 2.79948434571e-23 0.
1511494107 1 533.811340332 0. 2.79946700628e-23 0.
1511494167 1 534.035583496 0. 2.80090064506e-23 0.
1511494212 1 516.651123047 0. 2.71003086289e-23 0.
1511494243 1 532.477233887 0. 2.79328770274e-23 0.
1511494289 1 526.573791504 0. 2.76251087649e-23 0.
1511494349 1 526.026123047 0. 2.75993147055e-23 0.
1511494409 1 530.662780762 0. 2.78453491948e-23 0.
1511494469 1 529.254272461 0. 2.77750817523e-23 0.
1511494529 1 526.141479492 0. 2.76153817122e-23 0.
1511494590 1 524.560058594 0. 2.75355160639e-23 0.
1511494650 1 523.127075195 0. 2.74632229406e-23 0.
1511494710 1 522.990661621 0. 2.74594139537e-23 0.
1511494770 1 527.680053711 0. 2.77084733118e-23 0.
1511494830 1 524.174743652 0. 2.75276071498e-23 0.
1511494890 1 523.467651367 0. 2.74939198247e-23 0.
1511494950 1 530.374206543 0. 2.78595013985e-23 0.
1511495010 1 529.103149414 0. 2.77959607307e-23 0.
1511495070 1 535.065795898 0. 2.81128142259e-23 0.
1511495130 1 527.256774902 0. 2.77057864922e-23 0.
1511495190 1 528.542236328 0. 2.77762133831e-23 0.
1511495250 1 523.226257324 0. 2.74999858944e-23 0.
1511495310 1 529.492919922 0. 2.78324606898e-23 0.
1511495371 1 530.831115723 0. 2.79061667354e-23 0.
1511495416 1 524.613952637 0. 2.75809701745e-23 0.
1511495461 1 529.380310059 0. 2.78341965975e-23 0.
1511495521 1 532.976928711 0. 2.80271625817e-23 0.
1511495581 1 528.200561523 0. 2.77788489021e-23 0.
1511495642 1 534.713378906 0. 2.81247005633e-23 0.
1511495702 1 524.20892334 0. 2.7575460903e-23 0.
1511495762 1 527.016601562 0. 2.77266359682e-23 0.
1511495822 1 530.343933105 0. 2.79055687401e-23 0.
1511495867 1 532.229125977 0. 2.80078148334e-23 0.
1511495898 1 535.887084961 0. 2.82015907572e-23 0.
1511495944 1 524.05255127 0. 2.75814463957e-23 0.
1511495990 1 525.717529297 0. 2.76724787061e-23 0.
1511496035 1 528.919799805 0. 2.78431011724e-23 0.
1511496095 1 532.790405273 0. 2.80495499532e-23 0.
1511496156 1 514.656005859 0. 2.70972742737e-23 0.
1511496216 1 526.507873535 0. 2.7724679256e-23 0.
1511496276 1 530.465393066 0. 2.79361378005e-23 0.
1511496336 1 525.983703613 0. 2.77032314874e-23 0.
1511496396 1 534.979431152 0. 2.81801102147e-23 0.
1511496441 1 527.13482666 0. 2.77695310394e-23 0.
1511496472 1 527.569885254 0. 2.77937430274e-23 0.
1511496503 1 531.488464355 0. 2.80013615068e-23 0.
1511496548 1 522.523010254 0. 2.75311009316e-23 0.
1511496584 1 524.443786621 0. 2.76340087069e-23 0.
1511496619 1 523.695373535 0. 2.75978338675e-23 0.
1511496679 1 524.424926758 0. 2.76401017181e-23 0.
1511496739 1 538.400878906 0. 2.83796595422e-23 0.
1511496799 1 521.630004883 0. 2.74994547444e-23 0.
1511496860 1 538.10357666 0. 2.83726241449e-23 0.
1511496920 1 526.363647461 0. 2.77573604747e-23 0.
1511496980 1 522.979614258 0. 2.75816888141e-23 0.
1511497040 1 520.104858398 0. 2.74336655594e-23 0.
1511497100 1 525.635559082 0. 2.77290407791e-23 0.
1511497160 1 526.659240723 0. 2.77865155651e-23 0.
1511497220 1 530.499328613 0. 2.79924739065e-23 0.
1511497280 1 533.601501465 0. 2.81596730415e-23 0.
1511497340 1 531.903930664 0. 2.80744374758e-23 0.
1511497396 1 527.759399414 0. 2.78583120207e-23 0.
1511497451 1 531.602722168 0. 2.80630788544e-23 0.
1511497512 1 535.68371582 0. 2.82813439257e-23 0.
1511497572 1 532.19128418 0. 2.81008927167e-23 0.
1511497632 1 529.600646973 0. 2.79677691915e-23 0.
1511497692 1 522.001403809 0. 2.75707675813e-23 0.
1511497752 1 528.817626953 0. 2.79339367764e-23 0.
1511497812 1 524.370483398 0. 2.77021735115e-23 0.
1511497872 1 526.652832031 0. 2.78254546071e-23 0.
1511497932 1 533.879638672 0. 2.82111494433e-23 0.
1511497993 1 539.35144043 0. 2.8502832571e-23 0.
1511498053 1 532.86541748 0. 2.81639538924e-23 0.
1511498113 1 529.751831055 0. 2.80028961765e-23 0.
1511498173 1 526.370239258 0. 2.78266699981e-23 0.
1511498233 1 528.449645996 0. 2.79409164604e-23 0.
1511498293 1 530.838623047 0. 2.807096309e-23 0.
1511498353 1 530.530822754 0. 2.80578152746e-23 0.
1511498413 1 530.477600098 0. 2.80579097731e-23 0.
1511498473 1 534.690429688 0. 2.82841800763e-23 0.
1511498534 1 533.057922363 0. 2.82010210635e-23 0.
1511498594 1 530.839782715 0. 2.80856202157e-23 0.
1511498654 1 524.132263184 0. 2.77340789678e-23 0.
1511498714 1 532.252624512 0. 2.81666013542e-23 0.
1511498774 1 531.274047852 0. 2.81191454529e-23 0.
1511498834 1 536.721191406 0. 2.84096767084e-23 0.
1511498894 1 518.953125 0. 2.74717470863e-23 0.
1511498954 1 522.936157227 0. 2.76860685253e-23 0.
1511499014 1 521.586730957 0. 2.76177001907e-23 0.
1511499075 1 526.295166016 0. 2.78713494567e-23 0.
1511499135 1 525.520385742 0. 2.78334856294e-23 0.
1511499195 1 546.284729004 0. 2.89352007435e-23 0.
1511499255 1 523.01348877 0. 2.77053547727e-23 0.
1511499315 1 529.717102051 0. 2.80637056055e-23 0.
1511499375 1 528.680358887 0. 2.80131546356e-23 0.
1511499435 1 527.130859375 0. 2.79344467005e-23 0.
1511499495 1 531.541625977 0. 2.81716996787e-23 0.
1511499555 1 535.362304688 0. 2.83769898957e-23 0.
1511499616 1 533.924438477 0. 2.83035824267e-23 0.
1511499676 1 534.546447754 0. 2.8340472393e-23 0.
1511499736 1 518.76940918 0. 2.75072861351e-23 0.
1511499796 1 523.730712891 0. 2.77732444262e-23 0.
1511499856 1 531.372497559 0. 2.81821685716e-23 0.
1511499916 1 536.53302002 0. 2.84593507007e-23 0.
1511499976 1 535.196533203 0. 2.83915825061e-23 0.
1511500036 1 531.578186035 0. 2.82027890707e-23 0.
1511500094 1 533.183349609 0. 2.8291937419e-23 0.
1511500138 1 522.957946777 0. 2.77513584343e-23 0.
1511500183 1 531.491088867 0. 2.82065784168e-23 0.
1511500244 1 533.95892334 0. 2.83411903995e-23 0.
1511500304 1 522.782836914 0. 2.77509901619e-23 0.
1511500364 1 522.170410156 0. 2.77213515466e-23 0.
1511500424 1 523.305297852 0. 2.77845361294e-23 0.
1511500484 1 519.661499023 0. 2.75954222685e-23 0.
1511500544 1 523.127807617 0. 2.77821014005e-23 0.
1511500604 1 527.796508789 0. 2.80327617133e-23 0.
1511500665 1 533.382263184 0. 2.83303440189e-23 0.
1511500725 1 524.609130859 0. 2.78688484212e-23 0.
1511500785 1 536.037475586 0. 2.84800136952e-23 0.
1511500845 1 523.961364746 0. 2.78434899877e-23 0.
1511500905 1 523.526672363 0. 2.78230450122e-23 0.
1511500965 1 526.622680664 0. 2.79908773758e-23 0.
1511501026 1 526.034973145 0. 2.79620602396e-23 0.
1511501085 1 531.765258789 0. 2.82701969171e-23 0.
1511501130 1 560.306640625 0. 2.97891542534e-23 0.
1511501175 1 529.948242188 0. 2.81779574538e-23 0.
1511501236 1 529.949157715 0. 2.81820413919e-23 0.
1511501296 1 528.359191895 0. 2.81012201958e-23 0.
1511501356 1 529.910766602 0. 2.81869964447e-23 0.
1511501416 1 534.437988281 0. 2.84318901825e-23 0.
1511501451 1 518.757751465 0. 2.76000278379e-23 0.
1511501486 1 529.613098145 0. 2.81775625132e-23 0.
1511501547 1 538.071899414 0. 2.86309408156e-23 0.
1511501607 1 522.694213867 0. 2.78152678387e-23 0.
1511501667 1 530.368286133 0. 2.82281508359e-23 0.
1511501727 1 530.153503418 0. 2.82202198784e-23 0.
1511501787 1 519.25189209 0. 2.76426439535e-23 0.
1511501847 1 520.99597168 0. 2.77386285433e-23 0.
1511501907 1 528.389953613 0. 2.81356071655e-23 0.
1511501948 1 535.843444824 0. 2.85342781815e-23 0.
1511501989 1 536.266174316 0. 2.85602416394e-23 0.
1511502049 1 529.100463867 0. 2.81811367652e-23 0.
1511502109 1 528.195068359 0. 2.81358416702e-23 0.
1511502169 1 531.140563965 0. 2.8296745385e-23 0.
1511502229 1 525.489990234 0. 2.79998566311e-23 0.
1511502290 1 530.358581543 0. 2.82619663898e-23 0.
1511502350 1 563.093078613 0. 3.00107275618e-23 0.
1511502410 1 522.409179688 0. 2.78453608592e-23 0.
1511502470 1 523.125305176 0. 2.78865006387e-23 0.
1511502530 1 523.688659668 0. 2.79199002032e-23 0.
1511502590 1 525.659606934 0. 2.80271181842e-23 0.
1511502650 1 527.780883789 0. 2.81437723627e-23 0.
1511502710 1 539.186157227 0. 2.87562128545e-23 0.
1511502771 1 516.97845459 0. 2.75746147686e-23 0.
1511502831 1 523.71307373 0. 2.79365902484e-23 0.
1511502891 1 523.830383301 0. 2.79469532012e-23 0.
1511502951 1 525.031799316 0. 2.80123206748e-23 0.
1511503011 1 530.004821777 0. 2.82803391722e-23 0.
1511503071 1 527.018310547 0. 2.81252373386e-23 0.
1511503131 1 527.047790527 0. 2.8129918454e-23 0.
1511503191 1 525.888427734 0. 2.80718185354e-23 0.
1511503251 1 523.889953613 0. 2.79686057757e-23 0.
1511503312 1 531.435119629 0. 2.83744801781e-23 0.
1511503356 1 532.452636719 0. 2.84297955587e-23 0.
1511503400 1 530.24420166 0. 2.83153716602e-23 0.
1511503436 1 524.952270508 0. 2.80340995583e-23 0.
1511503471 1 525.821960449 0. 2.80824099267e-23 0.
1511503527 1 523.942810059 0. 2.79843902358e-23 0.
1511503568 1 521.134155273 0. 2.78367442727e-23 0.
1511503614 1 518.821289062 0. 2.77149564107e-23 0.
1511503674 1 527.799682617 0. 2.819935586e-23 0.
1511503735 1 537.282104492 0. 2.87103065964e-23 0.
1511503795 1 536.518920898 0. 2.86728109691e-23 0.
1511503855 1 534.932189941 0. 2.85910421418e-23 0.
1511503915 1 538.303710938 0. 2.87747892256e-23 0.
1511503975 1 525.69519043 0. 2.81036531156e-23 0.
1511504035 1 519.463989258 0. 2.77740326209e-23 0.
1511504095 1 535.116027832 0. 2.8614904563e-23 0.
1511504155 1 531.816467285 0. 2.8441596798e-23 0.
1511504215 1 535.542602539 0. 2.86439830998e-23 0.
1511504276 1 534.002075195 0. 2.85663042314e-23 0.
1511504336 1 523.136535645 0. 2.79877239778e-23 0.
1511504396 1 535.008178711 0. 2.86260714676e-23 0.
1511504441 1 537.108398438 0. 2.87411824328e-23 0.
1511504486 1 533.881347656 0. 2.85712760997e-23 0.
1511504547 1 530.784790039 0. 2.84089168338e-23 0.
1511504607 1 530.348999023 0. 2.83892500872e-23 0.
1511504667 1 524.603149414 0. 2.80844528247e-23 0.
1511504727 1 519.483520508 0. 2.78137008263e-23 0.
1511504787 1 527.568908691 0. 2.82505639701e-23 0.
1511504847 1 527.502929688 0. 2.82494821294e-23 0.
1511504907 1 518.280273438 0. 2.77582827872e-23 0.
1511504968 1 530.565734863 0. 2.84205993325e-23 0.
1511505028 1 531.035888672 0. 2.84498577966e-23 0.
1511505088 1 520.907226562 0. 2.79111734479e-23 0.
1511505148 1 526.695068359 0. 2.82244284133e-23 0.
1511505208 1 533.923034668 0. 2.86151946847e-23 0.
1511505268 1 523.588989258 0. 2.80637275545e-23 0.
1511505328 1 520.129150391 0. 2.78817109326e-23 0.
1511505388 1 521.063659668 0. 2.79347144157e-23 0.
1511505448 1 518.577026367 0. 2.78038713041e-23 0.
1511505509 1 524.763244629 0. 2.81400918079e-23 0.
1511505569 1 535.622802734 0. 2.87252048771e-23 0.
1511505629 1 524.68536377 0. 2.81412548787e-23 0.
1511505689 1 524.233703613 0. 2.81206236487e-23 0.
1511505749 1 529.287902832 0. 2.83942607883e-23 0.
1511505809 1 529.472961426 0. 2.84071861647e-23 0.
1511505869 1 532.704040527 0. 2.85847190903e-23 0.
1511505929 1 532.277893066 0. 2.85650424681e-23 0.
1511505989 1 532.190673828 0. 2.85638903295e-23 0.
1511506050 1 529.863769531 0. 2.84421736076e-23 0.
1511506110 1 532.326721191 0. 2.85761796213e-23 0.
1511506170 1 528.602844238 0. 2.83789547852e-23 0.
1511506230 1 530.822998047 0. 2.85026108412e-23 0.
1511506290 1 532.903747559 0. 2.86179840202e-23 0.
1511506350 1 532.003479004 0. 2.85728073375e-23 0.
1511506410 1 533.82598877 0. 2.86743572501e-23 0.
1511506470 1 536.915527344 0. 2.88421913848e-23 0.
1511506530 1 537.137084961 0. 2.88583550552e-23 0.
1511506591 1 519.712341309 0. 2.79261998135e-23 0.
1511506651 1 532.571838379 0. 2.8620830553e-23 0.
1511506711 1 537.608215332 0. 2.88945453311e-23 0.
1511506771 1 521.21307373 0. 2.80168150477e-23 0.
1511506831 1 521.048583984 0. 2.80110408865e-23 0.
1511506891 1 518.704284668 0. 2.78877617375e-23 0.
1511506951 1 530.163879395 0. 2.85075493448e-23 0.
1511507011 1 529.053466797 0. 2.84514722216e-23 0.
1511507071 1 532.576660156 0. 2.86441140392e-23 0.
1511507132 1 522.239379883 0. 2.80914307258e-23 0.
1511507192 1 519.410583496 0. 2.79425646052e-23 0.
1511507252 1 528.392578125 0. 2.84285302451e-23 0.
1511507295 1 534.218139648 0. 2.87445676486e-23 0.
1511507323 1 520.539855957 0. 2.80099319616e-23 0.
1511507369 1 533.007324219 0. 2.86834603349e-23 0.
1511507404 1 520.662536621 0. 2.80199073522e-23 0.
1511507421 1 520.612609863 0. 2.80186657686e-23 0.
1511507449 1 517.792114258 0. 2.78685030838e-23 0.
1511507480 1 537.663024902 0. 2.89408006382e-23 0.
1511507526 1 530.850402832 0. 2.85760062731e-23 0.
1511507586 1 519.130126953 0. 2.79479157976e-23 0.
1511507646 1 525.83392334 0. 2.83116328984e-23 0.
1511507706 1 526.42376709 0. 2.83468640639e-23 0.
1511507752 1 533.445739746 0. 2.87258354754e-23 0.
1511507782 1 538.985534668 0. 2.90273564468e-23 0.
1511507828 1 537.45111084 0. 2.89460125444e-23 0.
1511507888 1 525.867614746 0. 2.83271803116e-23 0.
1511507948 1 523.941162109 0. 2.82267398913e-23 0.
1511508008 1 519.963378906 0. 2.80164367541e-23 0.
1511508068 1 530.371643066 0. 2.85803394547e-23 0.
1511508129 1 521.426696777 0. 2.81022024289e-23 0.
1511508189 1 523.88873291 0. 2.82394806606e-23 0.
1511508249 1 532.037414551 0. 2.86822838932e-23 0.
1511508294 1 511.241943359 0. 2.75637533441e-23 0.
1511508339 1 520.010375977 0. 2.80387733955e-23 0.
1511508399 1 519.47052002 0. 2.80135121805e-23 0.
1511508459 1 533.499755859 0. 2.87727179088e-23 0.
1511508506 1 522.967712402 0. 2.82066369589e-23 0.
1511508553 1 527.668579102 0. 2.84621850688e-23 0.
1511508613 1 530.41229248 0. 2.86142722077e-23 0.
1511508673 1 533.381225586 0. 2.87781693511e-23 0.
1511508733 1 528.957458496 0. 2.85433527084e-23 0.
1511508794 1 529.702697754 0. 2.85869567695e-23 0.
1511508839 1 523.521240234 0. 2.82556612714e-23 0.
1511508885 1 529.718200684 0. 2.85943977418e-23 0.
1511508945 1 528.133972168 0. 2.85110803391e-23 0.
1511509005 1 528.002868652 0. 2.8507542489e-23 0.
1511509065 1 529.706420898 0. 2.86028493338e-23 0.
1511509125 1 551.752990723 0. 2.9796049758e-23 0.
1511509185 1 522.475219727 0. 2.82196107686e-23 0.
1511509246 1 532.340637207 0. 2.87567703954e-23 0.
1511509306 1 528.722412109 0. 2.85628217559e-23 0.
1511509366 1 527.45715332 0. 2.84968501345e-23 0.
1511509426 1 525.324279785 0. 2.83842532597e-23 0.
1511509486 1 522.791564941 0. 2.82510025001e-23 0.
1511509546 1 527.179016113 0. 2.84918124423e-23 0.
1511509606 1 528.141723633 0. 2.85477601088e-23 0.
1511509666 1 524.855163574 0. 2.83738350319e-23 0.
1511509727 1 530.746887207 0. 2.86962727504e-23 0.
1511509787 1 529.227233887 0. 2.86170334797e-23 0.
1511509847 1 530.83581543 0. 2.8707698499e-23 0.
1511509907 1 533.726928711 0. 2.88653377517e-23 0.
1511509967 1 525.491760254 0. 2.84229778421e-23 0.
1511510027 1 525.20715332 0. 2.84108856046e-23 0.
1511510087 1 529.209472656 0. 2.86307323514e-23 0.
1511510147 1 525.946411133 0. 2.84579694915e-23 0.
1511510207 1 528.465332031 0. 2.85976851947e-23 0.
1511510268 1 529.42779541 0. 2.86518702103e-23 0.
1511510328 1 537.510070801 0. 2.90915654816e-23 0.
1511510388 1 526.428466797 0. 2.84948602435e-23 0.
1511510448 1 535.321411133 0. 2.89808196606e-23 0.
1511510508 1 519.983825684 0. 2.81538608992e-23 0.
1511510568 1 527.603393555 0. 2.85690015404e-23 0.
1511510628 1 536.829833984 0. 2.90721644159e-23 0.
1511510688 1 524.725646973 0. 2.84206369148e-23 0.
1511510748 1 534.527587891 0. 2.89547840136e-23 0.
1511510809 1 527.890808105 0. 2.85981170193e-23 0.
1511510869 1 522.241577148 0. 2.82957714773e-23 0.
1511510929 1 529.165161133 0. 2.86751241415e-23 0.
1511510989 1 538.33380127 0. 2.91756248527e-23 0.
1511511049 1 532.135559082 0. 2.88428648372e-23 0.
1511511109 1 525.957824707 0. 2.85119494037e-23 0.
1511511169 1 534.605407715 0. 2.89849337243e-23 0.
1511511229 1 523.938720703 0. 2.84094277841e-23 0.
1511511289 1 535.030761719 0. 2.90152003333e-23 0.
1511511350 1 528.971984863 0. 2.86898871475e-23 0.
1511511410 1 538.180541992 0. 2.91924195392e-23 0.
1511511470 1 527.707336426 0. 2.86285253372e-23 0.
1511511530 1 527.677062988 0. 2.86314669451e-23 0.
1511511590 1 526.950012207 0. 2.8595218817e-23 0.
1511511650 1 530.281005859 0. 2.87792448576e-23 0.
1511511710 1 547.876281738 0. 2.97381826023e-23 0.
1511511770 1 520.969787598 0. 2.82804242223e-23 0.
1511511830 1 534.761474609 0. 2.90330670158e-23 0.
1511511891 1 521.825317383 0. 2.83336900566e-23 0.
1511511951 1 531.667724609 0. 2.88709273863e-23 0.
1511512011 1 537.638977051 0. 2.91982472909e-23 0.
1511512071 1 533.88885498 0. 2.89969363166e-23 0.
1511512131 1 532.41394043 0. 2.89212662064e-23 0.
1511512191 1 530.048339844 0. 2.8795565698e-23 0.
1511512251 1 534.844665527 0. 2.90609024906e-23 0.
1511512311 1 534.932128906 0. 2.90685507858e-23 0.
1511512371 1 533.395935059 0. 2.89859946203e-23 0.
1511512432 1 526.956115723 0. 2.86400235032e-23 0.
1511512492 1 535.839599609 0. 2.91272276675e-23 0.
1511512552 1 535.803283691 0. 2.91295787486e-23 0.
1511512612 1 533.608398438 0. 2.90139145716e-23 0.
1511512672 1 525.80670166 0. 2.85933853933e-23 0.
1511512732 1 532.397583008 0. 2.89528208959e-23 0.
1511512792 1 534.654663086 0. 2.90792540518e-23 0.
1511512852 1 527.11895752 0. 2.8671932066e-23 0.
1511512912 1 531.132019043 0. 2.88934803699e-23 0.
1511512973 1 530.708374023 0. 2.88738209178e-23 0.
1511513033 1 534.270080566 0. 2.90701724906e-23 0.
1511513093 1 525.756896973 0. 2.86098739827e-23 0.
1511513153 1 531.372741699 0. 2.89183288331e-23 0.
1511513213 1 526.559997559 0. 2.86597249658e-23 0.
1511513259 1 518.800598145 0. 2.82390133008e-23 0.
1511513306 1 531.361572266 0. 2.89261914226e-23 0.
1511513366 1 534.861694336 0. 2.91204870481e-23 0.
1511513426 1 535.740783691 0. 2.91710026239e-23 0.
1511513486 1 519.84588623 0. 2.83091917052e-23 0.
1511513546 1 530.223327637 0. 2.88770423018e-23 0.
1511513606 1 519.962158203 0. 2.83202761706e-23 0.
1511513666 1 521.509338379 0. 2.84084435323e-23 0.
1511513726 1 532.554504395 0. 2.90150020576e-23 0.
1511513787 1 529.969116211 0. 2.88760039772e-23 0.
1511513847 1 533.415588379 0. 2.90669638297e-23 0.
1511513907 1 536.458129883 0. 2.92374068281e-23 0.
1511513967 1 537.899108887 0. 2.93175632113e-23 0.
1511514027 1 528.430175781 0. 2.88052767592e-23 0.
1511514087 1 533.571228027 0. 2.90887722301e-23 0.
1511514147 1 532.384094238 0. 2.90281535332e-23 0.
1511514207 1 536.765991211 0. 2.92692876943e-23 0.
1511514267 1 522.631225586 0. 2.85017114038e-23 0.
1511514328 1 535.785339355 0. 2.92234095859e-23 0.
1511514388 1 523.298400879 0. 2.85458419976e-23 0.
1511514448 1 527.811340332 0. 2.87962386418e-23 0.
1511514508 1 534.257080078 0. 2.91511096011e-23 0.
1511514568 1 530.575439453 0. 2.89537248106e-23 0.
1511514628 1 533.006530762 0. 2.90901690957e-23 0.
1511514688 1 537.810974121 0. 2.93550717477e-23 0.
1511514748 1 523.664916992 0. 2.85865493928e-23 0.
1511514808 1 530.385314941 0. 2.8957126007e-23 0.
1511514869 1 538.751220703 0. 2.94175751119e-23 0.
1511514929 1 521.277954102 0. 2.84666726736e-23 0.
1511514989 1 527.981384277 0. 2.88358961692e-23 0.
1511515049 1 528.178955078 0. 2.88508890039e-23 0.
1511515109 1 534.543151855 0. 2.92012863887e-23 0.
1511515169 1 530.401733398 0. 2.89802370536e-23 0.
1511515229 1 535.602722168 0. 2.92668195834e-23 0.
1511515289 1 532.191955566 0. 2.90836842814e-23 0.
1511515349 1 524.97088623 0. 2.86928859914e-23 0.
1511515410 1 528.503540039 0. 2.88894569386e-23 0.
1511515470 1 523.243896484 0. 2.86047113255e-23 0.
1511515530 1 522.629394531 0. 2.85757365055e-23 0.
1511515590 1 534.761413574 0. 2.92427797135e-23 0.
1511515650 1 520.811401367 0. 2.84836014459e-23 0.
1511515710 1 523.604980469 0. 2.86398081995e-23 0.
1511515770 1 529.590576172 0. 2.89702671559e-23 0.
1511515830 1 535.236999512 0. 2.92832521394e-23 0.
1511515890 1 535.13458252 0. 2.92798486081e-23 0.
1511515951 1 523.623291016 0. 2.86543723758e-23 0.
1511516011 1 524.331359863 0. 2.86963753724e-23 0.
1511516071 1 524.369567871 0. 2.87015404546e-23 0.
1511516131 1 525.990722656 0. 2.87940691195e-23 0.
1511516191 1 537.72668457 0. 2.9440269305e-23 0.
1511516251 1 528.649841309 0. 2.89444282962e-23 0.
1511516311 1 530.31817627 0. 2.90391856241e-23 0.
1511516371 1 524.72277832 0. 2.87356930087e-23 0.
1511516431 1 531.337524414 0. 2.91010849151e-23 0.
1511516492 1 532.242797852 0. 2.91539398624e-23 0.
1511516552 1 531.210632324 0. 2.91008696e-23 0.
1511516612 1 517.400146484 0. 2.83466280794e-23 0.
1511516672 1 534.114440918 0. 2.92662418804e-23 0.
1511516732 1 533.004272461 0. 2.92098282086e-23 0.
1511516792 1 526.42956543 0. 2.88519182579e-23 0.
1511516852 1 533.412109375 0. 2.92377992284e-23 0.
1511516912 1 537.906677246 0. 2.9488192216e-23 0.
1511516972 1 534.621459961 0. 2.93109505536e-23 0.
1511517033 1 538.829223633 0. 2.95442070903e-23 0.
1511517093 1 522.889282227 0. 2.86735335688e-23 0.
1511517153 1 534.33392334 0. 2.9304544758e-23 0.
1511517213 1 532.388061523 0. 2.9201392757e-23 0.
1511517273 1 523.755554199 0. 2.87319834211e-23 0.
1511517333 1 533.866210938 0. 2.92909267854e-23 0.
1511517393 1 528.514770508 0. 2.89998935591e-23 0.
1511517453 1 523.973937988 0. 2.87547137275e-23 0.
1511517513 1 524.833557129 0. 2.88049795401e-23 0.
1511517574 1 529.745727539 0. 2.90777361503e-23 0.
1511517634 1 533.856567383 0. 2.93055239049e-23 0.
1511517694 1 533.222412109 0. 2.92747837183e-23 0.
1511517754 1 535.241882324 0. 2.93894422528e-23 0.
1511517814 1 519.87890625 0. 2.85493130403e-23 0.
1511517874 1 526.580200195 0. 2.89201436173e-23 0.
1511517934 1 530.90032959 0. 2.91602758773e-23 0.
1511517994 1 532.773803711 0. 2.92669212946e-23 0.
1511518054 1 525.102539062 0. 2.88495205878e-23 0.
1511518115 1 518.452941895 0. 2.84871087348e-23 0.
1511518175 1 537.617797852 0. 2.95436156461e-23 0.
1511518235 1 531.716674805 0. 2.92226888997e-23 0.
1511518295 1 534.233520508 0. 2.93642305586e-23 0.
1511518355 1 533.957519531 0. 2.93517550984e-23 0.
1511518415 1 521.597717285 0. 2.86746421554e-23 0.
1511518475 1 529.952514648 0. 2.91384546903e-23 0.
1511518535 1 523.002563477 0. 2.8760353446e-23 0.
1511518595 1 524.530273438 0. 2.88466367117e-23 0.
1511518656 1 526.417907715 0. 2.89548000272e-23 0.
1511518716 1 534.378173828 0. 2.93962201811e-23 0.
1511518776 1 533.056274414 0. 2.932763724e-23 0.
1511518836 1 533.88067627 0. 2.93763774296e-23 0.
1511518896 1 515.468139648 0. 2.83661838834e-23 0.
1511518956 1 525.803649902 0. 2.89385214215e-23 0.
1511519016 1 528.763671875 0. 2.91039316792e-23 0.
1511519076 1 532.27935791 0. 2.93009369292e-23 0.
1511519136 1 535.637939453 0. 2.94884901467e-23 0.
1511519197 1 535.694396973 0. 2.94952643983e-23 0.
1511519257 1 521.720092773 0. 2.87296331709e-23 0.
1511519317 1 530.589538574 0. 2.92212408713e-23 0.
1511519377 1 523.390136719 0. 2.88285079629e-23 0.
1511519437 1 522.052734375 0. 2.87585929492e-23 0.
1511519497 1 528.768859863 0. 2.91312981874e-23 0.
1511519557 1 523.359802246 0. 2.88369625049e-23 0.
1511519617 1 529.607421875 0. 2.91839602783e-23 0.
1511519677 1 519.81640625 0. 2.86486340329e-23 0.
1511519738 1 530.856384277 0. 2.92620301406e-23 0.
1511519798 1 522.439025879 0. 2.87996306645e-23 0.
1511519859 1 527.08581543 0. 2.90585812528e-23 0.
1511519919 1 536.519287109 0. 2.95810997998e-23 0.
1511519980 1 526.302124023 0. 2.90225775944e-23 0.
1511520040 1 535.249389648 0. 2.95206964602e-23 0.
1511520101 1 526.500488281 0. 2.90434575955e-23 0.
1511520162 1 528.225219727 0. 2.91405028952e-23 0.
1511520222 1 529.209228516 0. 2.91982990741e-23 0.
1511520283 1 530.643066406 0. 2.92811766749e-23 0.
1511520343 1 522.015930176 0. 2.88083306567e-23 0.
1511520404 1 522.64074707 0. 2.88446968017e-23 0.
1511520464 1 528.942138672 0. 2.91957392481e-23 0.
1511520524 1 524.488708496 0. 2.89539988659e-23 0.
1511520585 1 526.74230957 0. 2.90813540247e-23 0.
1511520645 1 524.030456543 0. 2.89358772951e-23 0.
1511520705 1 523.959533691 0. 2.89342968113e-23 0.
1511520765 1 524.910217285 0. 2.8988968687e-23 0.
1511520825 1 517.1171875 0. 2.85614980199e-23 0.
1511520885 1 533.016601562 0. 2.94442067526e-23 0.
1511520946 1 529.578918457 0. 2.92584673125e-23 0.
1511521006 1 520.277770996 0. 2.8748503349e-23 0.
1511521066 1 518.836242676 0. 2.86729011052e-23 0.
1511521126 1 531.594360352 0. 2.93808881674e-23 0.
1511521186 1 525.653320312 0. 2.90565003622e-23 0.
1511521246 1 531.605407715 0. 2.93881580673e-23 0.
1511521306 1 531.294311523 0. 2.93739036452e-23 0.
1511521366 1 527.692626953 0. 2.91784939547e-23 0.
1511521426 1 519.741882324 0. 2.87417721915e-23 0.
1511521487 1 519.466308594 0. 2.87299418708e-23 0.
1511521547 1 524.500915527 0. 2.90120619649e-23 0.
1511521592 1 550.143981934 0. 3.04316263346e-23 0.
1511521623 1 529.447998047 0. 2.92883075774e-23 0.
1511521669 1 516.502563477 0. 2.85742431813e-23 0.
1511521729 1 527.166381836 0. 2.9168363852e-23 0.
1511521789 1 518.997375488 0. 2.87187364971e-23 0.
1511521849 1 531.978515625 0. 2.9439234602e-23 0.
1511521909 1 526.053344727 0. 2.91151166952e-23 0.
1511521969 1 535.895385742 0. 2.9664520172e-23 0.
1511522029 1 528.417663574 0. 2.92546748092e-23 0.
1511522089 1 531.133483887 0. 2.94086428922e-23 0.
1511522150 1 525.32019043 0. 2.90901066216e-23 0.
1511522210 1 529.294799805 0. 2.93132755658e-23 0.
1511522270 1 522.394165039 0. 2.8936072879e-23 0.
1511522330 1 523.427246094 0. 2.8997620399e-23 0.
1511522390 1 527.776306152 0. 2.92416463463e-23 0.
1511522450 1 534.357299805 0. 2.96084228817e-23 0.
1511522510 1 536.999328613 0. 2.97590681291e-23 0.
1511522571 1 521.200439453 0. 2.88859489398e-23 0.
1511522631 1 523.720458984 0. 2.90294144356e-23 0.
1511522691 1 531.564941406 0. 2.94679565323e-23 0.
1511522751 1 529.573486328 0. 2.93607992724e-23 0.
1511522811 1 532.166931152 0. 2.95075940191e-23 0.
1511522871 1 533.876647949 0. 2.96052878813e-23 0.
1511522931 1 528.375244141 0. 2.93044179178e-23 0.
1511522991 1 535.47644043 0. 2.97006299616e-23 0.
1511523051 1 530.261657715 0. 2.94144845361e-23 0.
1511523112 1 527.192260742 0. 2.92471138562e-23 0.
1511523172 1 527.244384766 0. 2.92531648676e-23 0.
1511523232 1 529.096496582 0. 2.93596091458e-23 0.
1511523292 1 526.762939453 0. 2.92328016112e-23 0.
1511523352 1 529.742736816 0. 2.94016296871e-23 0.
1511523412 1 523.420654297 0. 2.90525661323e-23 0.
1511523472 1 522.597290039 0. 2.90096931429e-23 0.
1511523532 1 523.738769531 0. 2.90777284233e-23 0.
1511523592 1 517.304931641 0. 2.87248020965e-23 0.
1511523653 1 530.992431641 0. 2.94889162129e-23 0.
1511523713 1 518.36517334 0. 2.87916291332e-23 0.
1511523773 1 530.837646484 0. 2.94881371638e-23 0.
1511523833 1 523.609863281 0. 2.90904112201e-23 0.
1511523893 1 522.062133789 0. 2.90072805482e-23 0.
1511523953 1 525.340881348 0. 2.91928655528e-23 0.
1511524013 1 529.879455566 0. 2.94474964471e-23 0.
1511524073 1 533.323120117 0. 2.96415695122e-23 0.
1511524133 1 531.55670166 0. 2.95481896253e-23 0.
1511524194 1 528.085510254 0. 2.93585121292e-23 0.
1511524254 1 518.40435791 0. 2.88234413866e-23 0.
1511524314 1 533.941650391 0. 2.96901137432e-23 0.
1511524374 1 531.276000977 0. 2.95454187686e-23 0.
1511524434 1 526.843017578 0. 2.93019417694e-23 0.
1511524494 1 522.117370605 0. 2.9043096592e-23 0.
1511524554 1 523.227783203 0. 2.91096743757e-23 0.
1511524614 1 532.288818359 0. 2.96184094964e-23 0.
1511524675 1 528.45690918 0. 2.94072472902e-23 0.
1511524735 1 529.662536621 0. 2.9476857795e-23 0.
1511524795 1 535.445251465 0. 2.98019273562e-23 0.
1511524855 1 522.821228027 0. 2.91023454743e-23 0.
1511524915 1 525.920837402 0. 2.92791689182e-23 0.
1511524975 1 532.257080078 0. 2.96361143189e-23 0.
1511525035 1 526.196044922 0. 2.93016442318e-23 0.
1511525095 1 530.449584961 0. 2.95433050287e-23 0.
1511525155 1 534.181640625 0. 2.97540351196e-23 0.
1511525216 1 541.010925293 0. 3.01364565732e-23 0.
1511525276 1 524.060791016 0. 2.91940956951e-23 0.
1511525336 1 528.071655273 0. 2.94205393029e-23 0.
1511525396 1 529.878417969 0. 2.95244632753e-23 0.
1511525456 1 531.68548584 0. 2.9628676497e-23 0.
1511525516 1 530.38079834 0. 2.95600244267e-23 0.
1511525576 1 520.483337402 0. 2.90116892803e-23 0.
1511525636 1 529.718566895 0. 2.95297751981e-23 0.
1511525696 1 535.54888916 0. 2.98567581272e-23 0.
1511525757 1 523.852294922 0. 2.92079092282e-23 0.
1511525817 1 528.746459961 0. 2.94839224462e-23 0.
1511525877 1 519.96307373 0. 2.8997713588e-23 0.
1511525937 1 533.036437988 0. 2.97302921602e-23 0.
1511525997 1 529.52520752 0. 2.95382978367e-23 0.
1511526057 1 530.61730957 0. 2.96027615328e-23 0.
1511526117 1 531.464111328 0. 2.96524575558e-23 0.
1511526177 1 530.635681152 0. 2.96090420909e-23 0.
1511526237 1 517.357116699 0. 2.88715343739e-23 0.
1511526297 1 522.976318359 0. 2.91885284661e-23 0.
1511526358 1 525.792602539 0. 2.93488290762e-23 0.
1511526418 1 536.49597168 0. 2.99509445358e-23 0.
1511526478 1 531.264038086 0. 2.96628507775e-23 0.
1511526538 1 526.713684082 0. 2.94134345729e-23 0.
1511526598 1 515.245361328 0. 2.87752467842e-23 0.
1511526658 1 528.087463379 0. 2.94964657885e-23 0.
1511526718 1 520.488830566 0. 2.90744679098e-23 0.
1511526778 1 526.932495117 0. 2.94377783537e-23 0.
1511526839 1 527.415588379 0. 2.94687527512e-23 0.
1511526899 1 523.574035645 0. 2.92580077006e-23 0.
1511526959 1 531.008605957 0. 2.96774248476e-23 0.
1511527019 1 527.348876953 0. 2.94750898527e-23 0.
1511527079 1 514.059692383 0. 2.87344881122e-23 0.
1511527139 1 486.069549561 0. 2.71730010846e-23 0.
1511527199 1 371.595947266 0. 2.07751933601e-23 0.
1511527240 1 329.048828125 0. 1.83967354437e-23 0.
1511527280 1 313.012634277 0. 1.75013474874e-23 0.
1511527316 1 304.663665771 0. 1.70354359258e-23 0.
1511527351 1 301.510406494 0. 1.6860761526e-23 0.
1511527411 1 289.480133057 0. 1.61901699993e-23 0.
1511527471 1 280.831176758 0. 1.57075232842e-23 0.
1511527531 1 277.739501953 0. 1.55364151747e-23 0.
1511527591 1 274.106140137 0. 1.53352479892e-23 0.
1511527652 1 257.584716797 0. 1.44119757128e-23 0.
1511527712 1 230.667907715 0. 1.29076393413e-23 0.
1511527772 1 212.017776489 0. 1.18648420584e-23 0.
1511527827 1 210.87210083 0. 1.18016239744e-23 0.
1511527883 1 224.219314575 0. 1.25499824799e-23 0.
1511527943 1 268.171234131 0. 1.5013452472e-23 0.
1511528003 1 297.338806152 0. 1.66481779558e-23 0.
1511528063 1 329.817169189 0. 1.84708544546e-23 0.
1511528123 1 348.41104126 0. 1.95147507113e-23 0.
1511528184 1 357.433624268 0. 2.00228290077e-23 0.
1511528244 1 426.939666748 0. 2.39189564741e-23 0.
1511528304 1 506.73324585 0. 2.8393185413e-23 0.
1511528364 1 526.666320801 0. 2.95127904306e-23 0.
1511528424 1 527.520446777 0. 2.95649091512e-23 0.
1511528484 1 546.713134766 0. 3.06443272878e-23 0.
1511528544 1 548.893188477 0. 3.0770428161e-23 0.
1511528604 1 537.164428711 0. 3.01163690146e-23 0.
1511528664 1 538.779846191 0. 3.02103007442e-23 0.
1511528725 1 530.739501953 0. 2.97632927737e-23 0.
1511528785 1 539.906860352 0. 3.02809310543e-23 0.
1511528845 1 539.155456543 0. 3.02424266454e-23 0.
1511528905 1 534.91796875 0. 3.00067303976e-23 0.
1511528965 1 532.746765137 0. 2.98888372445e-23 0.
1511529025 1 534.940917969 0. 3.00143587109e-23 0.
1511529085 1 530.835327148 0. 2.97882579103e-23 0.
1511529145 1 533.247375488 0. 2.99288425612e-23 0.
1511529205 1 531.504638672 0. 2.98345938068e-23 0.
1511529266 1 534.911621094 0. 3.00288569708e-23 0.
1511529310 1 528.319213867 0. 2.96606092349e-23 0.
1511529354 1 538.467468262 0. 3.02339940149e-23 0.
1511529389 1 538.560241699 0. 3.02412664446e-23 0.
1511529425 1 522.805969238 0. 2.93597430119e-23 0.
1511529467 1 527.448120117 0. 2.96228670454e-23 0.
1511529509 1 525.844848633 0. 2.95352496294e-23 0.
1511529570 1 532.952331543 0. 2.99396769958e-23 0.
1511529615 1 537.097290039 0. 3.0174527382e-23 0.
1511529660 1 535.78704834 0. 3.01047656845e-23 0.
1511529721 1 529.859863281 0. 2.97749534521e-23 0.
1511529781 1 538.517150879 0. 3.02649282358e-23 0.
1511529841 1 528.966003418 0. 2.97311353605e-23 0.
1511529901 1 532.911193848 0. 2.99563547079e-23 0.
1511529961 1 534.320495605 0. 3.00382566889e-23 0.
1511530021 1 533.220703125 0. 2.99801433195e-23 0.
1511530081 1 534.250610352 0. 3.00427606521e-23 0.
1511530141 1 523.483276367 0. 2.9442256121e-23 0.
1511530201 1 520.47277832 0. 2.92733731933e-23 0.
1511530262 1 533.15838623 0. 2.99900257018e-23 0.
1511530322 1 534.843811035 0. 3.0088604658e-23 0.
1511530382 1 537.307922363 0. 3.02305268507e-23 0.
1511530442 1 527.071228027 0. 2.96586501841e-23 0.
1511530502 1 528.407592773 0. 2.97377013163e-23 0.
1511530562 1 523.946777344 0. 2.94887771932e-23 0.
1511530622 1 533.93927002 0. 3.00547013845e-23 0.
1511530682 1 527.186096191 0. 2.96771719264e-23 0.
1511530743 1 523.184875488 0. 2.94553916314e-23 0.
1511530803 1 531.88873291 0. 2.99493628187e-23 0.
1511530863 1 527.763977051 0. 2.97204237904e-23 0.
1511530923 1 525.032043457 0. 2.95685004237e-23 0.
1511530983 1 525.563964844 0. 2.96031514761e-23 0.
1511531042 1 524.871154785 0. 2.9569036457e-23 0.
1511531102 1 525.277099609 0. 2.95948867258e-23 0.
1511531148 1 523.529602051 0. 2.94991361521e-23 0.
1511531193 1 525.157714844 0. 2.95939118776e-23 0.
1511531254 1 528.58581543 0. 2.97890059456e-23 0.
1511531314 1 527.442016602 0. 2.97284570654e-23 0.
1511531374 1 530.060913086 0. 2.98802590447e-23 0.
1511531434 1 529.767272949 0. 2.98687453931e-23 0.
1511531494 1 523.866149902 0. 2.95386921807e-23 0.
1511531554 1 524.165344238 0. 2.95599507442e-23 0.
1511531614 1 537.094726562 0. 3.02933584444e-23 0.
1511531675 1 537.495178223 0. 3.03186446839e-23 0.
1511531735 1 534.465270996 0. 3.0149166514e-23 0.
1511531795 1 557.86138916 0. 3.14724363102e-23 0.
1511531855 1 531.262634277 0. 2.99763365566e-23 0.
1511531915 1 530.073364258 0. 2.991202211e-23 0.
1511531975 1 529.11529541 0. 2.98606946476e-23 0.
1511532035 1 524.771118164 0. 2.96189514172e-23 0.
1511532095 1 529.723937988 0. 2.99019855253e-23 0.
1511532155 1 529.713562012 0. 2.99056192714e-23 0.
1511532216 1 535.19317627 0. 3.02187445025e-23 0.
1511532276 1 527.133178711 0. 2.97666708954e-23 0.
1511532336 1 530.794372559 0. 2.99778931438e-23 0.
1511532396 1 523.976379395 0. 2.95960867646e-23 0.
1511532456 1 527.210205078 0. 2.97820739267e-23 0.
1511532516 1 527.418823242 0. 2.97974915866e-23 0.
1511532576 1 518.364379883 0. 2.92891943083e-23 0.
1511532620 1 520.082336426 0. 2.93882754429e-23 0.
1511532650 1 519.913024902 0. 2.93797530877e-23 0.
1511532696 1 522.41796875 0. 2.95236524532e-23 0.
1511532756 1 524.143127441 0. 2.96242364923e-23 0.
1511532816 1 525.034484863 0. 2.96778527998e-23 0.
1511532876 1 523.555603027 0. 2.95967872625e-23 0.
1511532936 1 521.607849121 0. 2.94911667031e-23 0.
1511532996 1 530.465942383 0. 2.99941713595e-23 0.
1511533057 1 529.080871582 0. 2.99187539682e-23 0.
1511533117 1 530.83392334 0. 3.00219257715e-23 0.
1511533177 1 536.313659668 0. 3.03364065845e-23 0.
1511533237 1 536.307434082 0. 3.03398424386e-23 0.
1511533297 1 531.329223633 0. 3.00608428587e-23 0.
1511533357 1 517.65637207 0. 2.92914836705e-23 0.
1511533417 1 522.427490234 0. 2.95645555693e-23 0.
1511533477 1 529.859863281 0. 2.99878711238e-23 0.
1511533537 1 534.742675781 0. 3.02704762282e-23 0.
1511533582 1 539.263427734 0. 3.05299889324e-23 0.
1511533612 1 537.580322266 0. 3.04356900269e-23 0.
1511533658 1 518.86340332 0. 2.93790292007e-23 0.
1511533718 1 529.73638916 0. 2.99987143009e-23 0.
1511533778 1 528.420654297 0. 2.99276649141e-23 0.
1511533838 1 527.695800781 0. 2.98901261096e-23 0.
1511533898 1 536.988586426 0. 3.04204808355e-23 0.
1511533959 1 523.604858398 0. 2.96661490875e-23 0.
1511534019 1 523.652893066 0. 2.96721449962e-23 0.
1511534079 1 536.839050293 0. 3.04233730515e-23 0.
1511534139 1 523.202270508 0. 2.96521538198e-23 0.
1511534199 1 536.906677246 0. 3.04316776072e-23 0.
1511534259 1 526.417907715 0. 2.98410486177e-23 0.
1511534319 1 527.428344727 0. 2.99031620053e-23 0.
1511534379 1 527.486816406 0. 2.99114963356e-23 0.
1511534424 1 518.305664062 0. 2.93934611317e-23 0.
1511534455 1 519.233520508 0. 2.94479957568e-23 0.
1511534501 1 533.495605469 0. 3.025908378e-23 0.
1511534561 1 529.156677246 0. 3.00163151514e-23 0.
1511534621 1 522.985656738 0. 2.96701477359e-23 0.
1511534681 1 526.332397461 0. 2.98639661495e-23 0.
1511534741 1 513.560852051 0. 2.91407867698e-23 0.
1511534802 1 525.987976074 0. 2.98500428367e-23 0.
1511534862 1 538.590393066 0. 3.05681007134e-23 0.
1511534922 1 522.28918457 0. 2.96458294262e-23 0.
1511534982 1 524.321350098 0. 2.976459381e-23 0.
1511535042 1 531.449829102 0. 3.01732765668e-23 0.
1511535102 1 527.530700684 0. 2.99526813011e-23 0.
1511535162 1 524.938049316 0. 2.98096695513e-23 0.
1511535222 1 520.564941406 0. 2.9564820238e-23 0.
1511535283 1 519.811279297 0. 2.9525009629e-23 0.
1511535343 1 517.420349121 0. 2.93927449144e-23 0.
1511535403 1 524.479553223 0. 2.97972079778e-23 0.
1511535463 1 523.083496094 0. 2.97200443794e-23 0.
1511535523 1 522.129638672 0. 2.96676426199e-23 0.
1511535583 1 518.809265137 0. 2.94821105476e-23 0.
1511535643 1 527.243041992 0. 2.99655734074e-23 0.
1511535703 1 526.902770996 0. 2.99489701881e-23 0.
1511535763 1 527.840881348 0. 3.00069791807e-23 0.
1511535824 1 530.440185547 0. 3.01583687561e-23 0.
1511535884 1 528.97052002 0. 3.00781217505e-23 0.
1511535944 1 531.721801758 0. 3.02373299734e-23 0.
1511536004 1 528.572265625 0. 3.00626444232e-23 0.
1511536064 1 522.068725586 0. 2.96952963452e-23 0.
1511536124 1 521.985534668 0. 2.96933778168e-23 0.
1511536184 1 522.630493164 0. 2.97335813069e-23 0.
1511536244 1 528.709350586 0. 3.00832334651e-23 0.
1511536304 1 529.46282959 0. 3.01283356306e-23 0.
1511536365 1 522.322570801 0. 2.97262979924e-23 0.
1511536425 1 518.867553711 0. 2.95335838618e-23 0.
1511536485 1 526.043823242 0. 2.99451931924e-23 0.
1511536545 1 521.352294922 0. 2.96807083514e-23 0.
1511536605 1 531.050964355 0. 3.02355384556e-23 0.
1511536665 1 529.316589355 0. 3.01405120153e-23 0.
1511536725 1 530.067138672 0. 3.01866955548e-23 0.
1511536785 1 531.815612793 0. 3.02905236011e-23 0.
1511536845 1 531.965393066 0. 3.03027696717e-23 0.
1511536906 1 529.808166504 0. 3.01831270483e-23 0.
1511536966 1 531.182678223 0. 3.02657469178e-23 0.
1511537026 1 528.823486328 0. 3.01350930766e-23 0.
1511537086 1 534.041442871 0. 3.04364108848e-23 0.
1511537146 1 535.864196777 0. 3.05439242647e-23 0.
1511537206 1 525.565795898 0. 2.99608913235e-23 0.
1511537266 1 525.858886719 0. 2.9979441745e-23 0.
1511537326 1 522.702941895 0. 2.98031229162e-23 0.
1511537386 1 523.089904785 0. 2.98267258781e-23 0.
1511537447 1 524.239196777 0. 2.98969287229e-23 0.
1511537507 1 523.096679688 0. 2.98362668291e-23 0.
1511537567 1 528.647155762 0. 3.01565346538e-23 0.
1511537627 1 525.72265625 0. 2.99932340131e-23 0.
1511537687 1 526.370483398 0. 3.00331937112e-23 0.
1511537747 1 527.426147461 0. 3.00976913932e-23 0.
1511537807 1 525.436950684 0. 2.99877529267e-23 0.
1511537867 1 525.27911377 0. 2.99814226785e-23 0.
1511537927 1 525.647644043 0. 3.00056485945e-23 0.
1511537988 1 522.403198242 0. 2.9823942056e-23 0.
1511538048 1 526.323547363 0. 3.00517953096e-23 0.
1511538108 1 518.761108398 0. 2.96230802235e-23 0.
1511538168 1 533.383239746 0. 3.04622772008e-23 0.
1511538228 1 527.956481934 0. 3.01552672627e-23 0.
1511538288 1 529.989501953 0. 3.02736666568e-23 0.
1511538348 1 529.698547363 0. 3.02620059879e-23 0.
1511538408 1 524.992553711 0. 2.99954526227e-23 0.
1511538469 1 528.108825684 0. 3.01766720855e-23 0.
1511538529 1 537.499938965 0. 3.07166466453e-23 0.
1511538589 1 534.674377441 0. 3.05580593193e-23 0.
1511538649 1 518.551330566 0. 2.96406204172e-23 0.
1511538709 1 514.67376709 0. 2.94218331327e-23 0.
1511538769 1 523.501281738 0. 2.99291917411e-23 0.
1511538829 1 536.112121582 0. 3.0653478407e-23 0.
1511538889 1 537.058776855 0. 3.07127743493e-23 0.
1511538949 1 543.485229492 0. 3.10837383623e-23 0.
1511539010 1 532.225402832 0. 3.04427347828e-23 0.
1511539070 1 527.454345703 0. 3.01732975333e-23 0.
1511539130 1 530.02947998 0. 3.03232720867e-23 0.
1511539190 1 529.129150391 0. 3.02757294618e-23 0.
1511539250 1 528.308044434 0. 3.02312431246e-23 0.
1511539310 1 532.696533203 0. 3.04881096563e-23 0.
1511539370 1 529.732910156 0. 3.03213438095e-23 0.
1511539430 1 530.948120117 0. 3.0394453021e-23 0.
1511539490 1 528.540710449 0. 3.02608411636e-23 0.
1511539551 1 528.601623535 0. 3.02679101912e-23 0.
1511539611 1 537.211486816 0. 3.0765309346e-23 0.
1511539671 1 532.422119141 0. 3.04960666691e-23 0.
1511539731 1 526.881408691 0. 3.01822943619e-23 0.
1511539791 1 524.152648926 0. 3.00283493401e-23 0.
1511539851 1 523.040161133 0. 2.99674448858e-23 0.
1511539911 1 557.833618164 0. 3.19661833345e-23 0.
1511539971 1 551.443847656 0. 3.16027654866e-23 0.
1511540032 1 538.302978516 0. 3.08535929891e-23 0.
1511540092 1 537.520019531 0. 3.08121947441e-23 0.
1511540152 1 527.237548828 0. 3.02275692042e-23 0.
1511540212 1 528.957275391 0. 3.03291923625e-23 0.
1511540272 1 530.337524414 0. 3.0411681261e-23 0.
1511540332 1 528.452697754 0. 3.03069852179e-23 0.
1511540392 1 529.359558105 0. 3.03632359138e-23 0.
1511540452 1 532.677856445 0. 3.0557202807e-23 0.
1511540512 1 537.758544922 0. 3.08507779609e-23 0.
1511540572 1 532.764465332 0. 3.05688012722e-23 0.
1511540633 1 534.452819824 0. 3.06692130347e-23 0.
1511540668 1 542.14251709 0. 3.11132193405e-23 0.
1511540678 1 540.685424805 0. 3.10295878181e-23 0.
1511540713 1 544.138000488 0. 3.12298125786e-23 0.
1511540774 1 531.058105469 0. 3.04846384888e-23 0.
1511540834 1 524.200317383 0. 3.00951013146e-23 0.
1511540894 1 523.270507812 0. 3.00448973227e-23 0.
1511540954 1 520.275878906 0. 2.98756491057e-23 0.
1511541014 1 525.714050293 0. 3.0191030187e-23 0.
1511541074 1 531.02142334 0. 3.05005697023e-23 0.
1511541134 1 528.082580566 0. 3.03341110146e-23 0.
1511541194 1 530.391479492 0. 3.04704526311e-23 0.
1511541255 1 533.518371582 0. 3.06549175796e-23 0.
1511541315 1 541.661560059 0. 3.11243416363e-23 0.
1511541375 1 540.697753906 0. 3.10736974189e-23 0.
1511541435 1 543.9609375 0. 3.12649751163e-23 0.
1511541495 1 533.148193359 0. 3.06466975855e-23 0.
1511541555 1 530.704589844 0. 3.0510038986e-23 0.
1511541615 1 534.195556641 0. 3.07144874966e-23 0.
1511541675 1 538.851074219 0. 3.09849353095e-23 0.
1511541735 1 536.896179199 0. 3.08761811537e-23 0.
1511541796 1 536.14050293 0. 3.08361201257e-23 0.
1511541856 1 541.33605957 0. 3.11400213223e-23 0.
1511541916 1 541.03918457 0. 3.11244543229e-23 0.
1511541976 1 544.303161621 0. 3.13164858127e-23 0.
1511542036 1 531.518188477 0. 3.05876192727e-23 0.
1511542096 1 527.707580566 0. 3.0369511388e-23 0.
1511542156 1 527.278503418 0. 3.03474432035e-23 0.
1511542216 1 527.128173828 0. 3.03418918896e-23 0.
1511542276 1 527.329833984 0. 3.03568233778e-23 0.
1511542337 1 528.076049805 0. 3.04051155005e-23 0.
1511542397 1 529.655517578 0. 3.0499278152e-23 0.
1511542457 1 524.484802246 0. 3.02046474149e-23 0.
1511542517 1 523.427185059 0. 3.01470709605e-23 0.
1511542577 1 526.469299316 0. 3.03249350608e-23 0.
1511542637 1 533.159118652 0. 3.0714183988e-23 0.
1511542697 1 533.723876953 0. 3.07503152298e-23 0.
1511542757 1 541.51348877 0. 3.12026003204e-23 0.
1511542817 1 537.47869873 0. 3.09746637435e-23 0.
1511542878 1 530.147094727 0. 3.05561912769e-23 0.
1511542938 1 525.77935791 0. 3.03072424483e-23 0.
1511542998 1 517.29309082 0. 2.9820482788e-23 0.
1511543058 1 516.450622559 0. 2.97752735586e-23 0.
1511543118 1 532.545288086 0. 3.0707037573e-23 0.
1511543178 1 532.874023438 0. 3.07296007719e-23 0.
1511543238 1 533.925598145 0. 3.07942530135e-23 0.
1511543298 1 533.887939453 0. 3.07956555467e-23 0.
1511543359 1 532.832458496 0. 3.07378252108e-23 0.
1511543419 1 527.674682617 0. 3.04435774965e-23 0.
1511543479 1 528.930908203 0. 3.05190525713e-23 0.
1511543539 1 527.570068359 0. 3.04450654777e-23 0.
1511543599 1 528.303955078 0. 3.04908027586e-23 0.
1511543659 1 529.633666992 0. 3.05725456535e-23 0.
1511543719 1 526.28894043 0. 3.03828650161e-23 0.
1511543779 1 526.183044434 0. 3.03799610076e-23 0.
1511543839 1 531.32208252 0. 3.0680131492e-23 0.
1511543900 1 536.004638672 0. 3.0953624909e-23 0.
1511543960 1 535.242370605 0. 3.0913410042e-23 0.
1511544020 1 536.645568848 0. 3.09983268414e-23 0.
1511544080 1 540.010253906 0. 3.11958788617e-23 0.
1511544140 1 545.131164551 0. 3.14944865356e-23 0.
1511544200 1 534.738525391 0. 3.08967543404e-23 0.
1511544260 1 532.311523438 0. 3.0759854265e-23 0.
1511544320 1 530.670593262 0. 3.06675537135e-23 0.
1511544380 1 527.966125488 0. 3.0515467326e-23 0.
1511544441 1 531.310791016 0. 3.07121147706e-23 0.
1511544501 1 533.22253418 0. 3.08254552081e-23 0.
1511544561 1 534.35144043 0. 3.08939340231e-23 0.
1511544621 1 540.611938477 0. 3.1259006194e-23 0.
1511544681 1 542.770874023 0. 3.13876359667e-23 0.
1511544741 1 538.636779785 0. 3.11528702812e-23 0.
1511544801 1 535.536987305 0. 3.09771421631e-23 0.
1511544861 1 529.544555664 0. 3.06340990543e-23 0.
1511544922 1 538.116455078 0. 3.11339708935e-23 0.
1511544982 1 542.109069824 0. 3.136903552e-23 0.
1511545042 1 533.896179199 0. 3.08965082079e-23 0.
1511545102 1 529.089904785 0. 3.0621948573e-23 0.
1511545162 1 526.084716797 0. 3.04506621361e-23 0.
1511545222 1 531.028076172 0. 3.07398122243e-23 0.
1511545282 1 521.976379395 0. 3.02184226859e-23 0.
1511545342 1 524.874816895 0. 3.03896711559e-23 0.
1511545402 1 528.098327637 0. 3.05812334069e-23 0.
1511545463 1 524.427001953 0. 3.03727408207e-23 0.
1511545523 1 521.61541748 0. 3.02127761209e-23 0.
1511545583 1 519.382629395 0. 3.00861439797e-23 0.
1511545643 1 525.805480957 0. 3.04615974425e-23 0.
1511545703 1 526.99597168 0. 3.05356638564e-23 0.
1511545763 1 525.714172363 0. 3.04647535512e-23 0.
1511545823 1 520.572875977 0. 3.01699437868e-23 0.
1511545883 1 520.627319336 0. 3.01765882875e-23 0.
1511545943 1 526.337646484 0. 3.05123523106e-23 0.
1511546004 1 528.159179688 0. 3.06204125056e-23 0.
1511546064 1 533.666809082 0. 3.09426435841e-23 0.
1511546124 1 541.294799805 0. 3.13882640271e-23 0.
1511546184 1 539.924682617 0. 3.13119200333e-23 0.
1511546244 1 525.554748535 0. 3.04820096057e-23 0.
1511546304 1 529.170532227 0. 3.06953396564e-23 0.
1511546364 1 532.671447754 0. 3.09039976822e-23 0.
1511546424 1 533.573608398 0. 3.09584900661e-23 0.
1511546484 1 526.756286621 0. 3.05673647408e-23 0.
1511546545 1 534.230102539 0. 3.10051895234e-23 0.
1511546605 1 534.065551758 0. 3.10010690355e-23 0.
1511546665 1 533.744812012 0. 3.09874331854e-23 0.
1511546725 1 532.931945801 0. 3.0942820848e-23 0.
1511546785 1 531.171630859 0. 3.08428883435e-23 0.
1511546845 1 530.648681641 0. 3.08181155777e-23 0.
1511546905 1 533.64465332 0. 3.09965328403e-23 0.
1511546965 1 533.887451172 0. 3.1013456895e-23 0.
1511547025 1 532.176330566 0. 3.09179419866e-23 0.
1511547086 1 534.413024902 0. 3.10507027415e-23 0.
1511547146 1 533.709777832 0. 3.10129225453e-23 0.
1511547206 1 543.166625977 0. 3.15659341771e-23 0.
1511547266 1 537.218261719 0. 3.12240859929e-23 0.
1511547326 1 527.927307129 0. 3.06882628627e-23 0.
1511547386 1 521.012084961 0. 3.02890351166e-23 0.
1511547446 1 515.428527832 0. 2.99683060265e-23 0.
1511547506 1 511.842163086 0. 2.97650701108e-23 0.
1511547567 1 523.839172363 0. 3.04657968463e-23 0.
1511547627 1 527.895568848 0. 3.07054082713e-23 0.
1511547687 1 518.556274414 0. 3.01660677276e-23 0.
1511547747 1 519.069641113 0. 3.01996845071e-23 0.
1511547807 1 517.465820312 0. 3.01093071321e-23 0.
1511547867 1 517.811889648 0. 3.01320655974e-23 0.
1511547927 1 519.043884277 0. 3.02070437079e-23 0.
1511547987 1 548.322875977 0. 3.19166060628e-23 0.
1511548047 1 536.690307617 0. 3.12425868298e-23 0.
1511548107 1 527.797119141 0. 3.07280863318e-23 0.
1511548168 1 526.628234863 0. 3.06629628557e-23 0.
1511548228 1 525.336914062 0. 3.0592162377e-23 0.
1511548288 1 527.675109863 0. 3.07313074941e-23 0.
1511548348 1 535.811767578 0. 3.12086807708e-23 0.
1511548408 1 534.299804688 0. 3.11254525637e-23 0.
1511548468 1 535.945739746 0. 3.12247116701e-23 0.
1511548528 1 533.016784668 0. 3.10575702634e-23 0.
1511548588 1 534.960449219 0. 3.1174638524e-23 0.
1511548648 1 535.887451172 0. 3.12320599546e-23 0.
1511548709 1 539.334716797 0. 3.14360828374e-23 0.
1511548769 1 544.34185791 0. 3.17325375189e-23 0.
1511548829 1 540.029785156 0. 3.14852520746e-23 0.
1511548889 1 522.675415039 0. 3.04776872954e-23 0.
1511548949 1 524.11126709 0. 3.05641858604e-23 0.
1511549009 1 519.375305176 0. 3.02915723025e-23 0.
1511549069 1 518.668640137 0. 3.02535223048e-23 0.
1511549129 1 540.846496582 0. 3.15509596104e-23 0.
1511549189 1 510.826538086 0. 2.98040706781e-23 0.
1511549250 1 518.908508301 0. 3.0279702209e-23 0.
1511549301 1 510.1534729 0. 2.97724893976e-23 0.
1511549353 1 529.971008301 0. 3.09323810647e-23 0.
1511549388 1 530.228637695 0. 3.09480618776e-23 0.
1511549424 1 532.524230957 0. 3.10856477747e-23 0.
1511549484 1 540.564941406 0. 3.1557542335e-23 0.
1511549544 1 542.85357666 0. 3.16951970181e-23 0.
1511549604 1 526.442993164 0. 3.07393237764e-23 0.
1511549664 1 529.592102051 0. 3.09265505059e-23 0.
1511549724 1 534.665039062 0. 3.12264696626e-23 0.
1511549784 1 539.838989258 0. 3.15329594652e-23 0.
1511549844 1 531.419067383 0. 3.10444151605e-23 0.
1511549905 1 527.255737305 0. 3.08050359664e-23 0.
1511549965 1 521.664794922 0. 3.04827875806e-23 0.
1511550025 1 524.233581543 0. 3.06376038153e-23 0.
1511550085 1 521.299377441 0. 3.04691808841e-23 0.
1511550145 1 515.069824219 0. 3.01080576097e-23 0.
1511550205 1 516.965759277 0. 3.02220739759e-23 0.
1511550265 1 505.100463867 0. 2.95319751045e-23 0.
1511550305 1 533.937011719 0. 3.12199703661e-23 0.
1511550331 1 537.34173584 0. 3.142068935e-23 0.
1511550377 1 534.234069824 0. 3.12416268363e-23 0.
1511550437 1 526.625915527 0. 3.08010478852e-23 0.
1511550497 1 524.93963623 0. 3.07057961953e-23 0.
1511550557 1 523.936523438 0. 3.06507735038e-23 0.
1511550617 1 511.385925293 0. 2.99215997929e-23 0.
1511550678 1 509.925964355 0. 2.98374324117e-23 0.
1511550738 1 520.301513672 0. 3.0447564343e-23 0.
1511550798 1 529.283447266 0. 3.09771439385e-23 0.
1511550858 1 536.81640625 0. 3.14209518006e-23 0.
1511550918 1 536.934387207 0. 3.14321028054e-23 0.
1511550978 1 525.409851074 0. 3.07617722783e-23 0.
1511551038 1 517.120239258 0. 3.02787852528e-23 0.
1511551098 1 520.484802246 0. 3.04795994424e-23 0.
1511551158 1 521.736816406 0. 3.05567649696e-23 0.
1511551219 1 520.776550293 0. 3.05041701371e-23 0.
1511551279 1 525.10144043 0. 3.07592302324e-23 0.
1511551339 1 508.225708008 0. 2.9774407494e-23 0.
1511551399 1 518.672668457 0. 3.03898439745e-23 0.
1511551459 1 534.349975586 0. 3.13117531902e-23 0.
1511551519 1 538.78326416 0. 3.15751192255e-23 0.
1511551579 1 533.367675781 0. 3.1260796747e-23 0.
1511551639 1 535.015563965 0. 3.13620886215e-23 0.
1511551699 1 532.756591797 0. 3.12345292441e-23 0.
1511551760 1 531.854064941 0. 3.11850969655e-23 0.
1511551820 1 536.661315918 0. 3.14698155472e-23 0.
1511551880 1 538.168273926 0. 3.15618015509e-23 0.
1511551940 1 537.720214844 0. 3.15388502061e-23 0.
1511552000 1 536.362365723 0. 3.14636636089e-23 0.
1511552060 1 532.666564941 0. 3.12506646617e-23 0.
1511552120 1 534.996765137 0. 3.13895451907e-23 0.
1511552180 1 536.941223145 0. 3.15075412382e-23 0.
1511552240 1 538.925231934 0. 3.16270256152e-23 0.
1511552301 1 541.475463867 0. 3.17806044429e-23 0.
1511552361 1 538.661743164 0. 3.16202384576e-23 0.
1511552421 1 540.195922852 0. 3.17136068536e-23 0.
1511552481 1 534.944335938 0. 3.14089469956e-23 0.
1511552541 1 530.533569336 0. 3.11535796751e-23 0.
1511552601 1 527.322937012 0. 3.09687412166e-23 0.
1511552661 1 525.991699219 0. 3.08935330578e-23 0.
1511552721 1 525.364318848 0. 3.08607111544e-23 0.
1511552781 1 522.410949707 0. 3.06892293871e-23 0.
1511552842 1 523.389221191 0. 3.0750458508e-23 0.
1511552902 1 526.144592285 0. 3.09163704771e-23 0.
1511552962 1 524.732177734 0. 3.08380222953e-23 0.
1511553022 1 535.97467041 0. 3.15024804715e-23 0.
1511553082 1 536.344238281 0. 3.15277305395e-23 0.
1511553142 1 534.438598633 0. 3.14186631718e-23 0.
1511553202 1 529.769714355 0. 3.1148459127e-23 0.
1511553262 1 525.685546875 0. 3.09119380157e-23 0.
1511553323 1 529.868469238 0. 3.11612931987e-23 0.
1511553383 1 537.811706543 0. 3.16319875273e-23 0.
1511553443 1 530.057861328 0. 3.11805112615e-23 0.
1511553503 1 520.552856445 0. 3.06245887382e-23 0.
1511553563 1 513.76751709 0. 3.02272616526e-23 0.
1511553623 1 522.686218262 0. 3.07552062775e-23 0.
1511553683 1 524.152282715 0. 3.08454511341e-23 0.
1511553743 1 525.860229492 0. 3.09513997718e-23 0.
1511553803 1 523.351867676 0. 3.08075725331e-23 0.
1511553864 1 520.610961914 0. 3.0648688714e-23 0.
1511553924 1 523.200683594 0. 3.08045867609e-23 0.
1511553984 1 523.731201172 0. 3.08395549603e-23 0.
1511554044 1 522.31628418 0. 3.07609106462e-23 0.
1511554104 1 519.546203613 0. 3.06012791342e-23 0.
1511554164 1 523.299804688 0. 3.0825654285e-23 0.
1511554224 1 515.551208496 0. 3.03726364255e-23 0.
1511554284 1 514.560180664 0. 3.03173943507e-23 0.
1511554344 1 514.743591309 0. 3.03310573032e-23 0.
1511554405 1 512.963623047 0. 3.02294958845e-23 0.
1511554465 1 517.097045898 0. 3.04771192204e-23 0.
1511554525 1 513.397949219 0. 3.02631990322e-23 0.
1511554585 1 512.555175781 0. 3.02172039032e-23 0.
1511554645 1 519.767211914 0. 3.06438557516e-23 0.
1511554705 1 523.499816895 0. 3.08681424078e-23 0.
1511554765 1 528.217102051 0. 3.11493397179e-23 0.
1511554825 1 525.575866699 0. 3.09987314688e-23 0.
1511554885 1 528.198425293 0. 3.11570258178e-23 0.
1511554946 1 527.609802246 0. 3.11248307604e-23 0.
1511555006 1 524.324829102 0. 3.09361424483e-23 0.
1511555066 1 529.172607422 0. 3.1226112388e-23 0.
1511555126 1 531.289550781 0. 3.13557114339e-23 0.
1511555186 1 530.857055664 0. 3.13333073929e-23 0.
1511555246 1 530.069580078 0. 3.12902930798e-23 0.
1511555306 1 532.806213379 0. 3.14562925378e-23 0.
1511555366 1 534.171691895 0. 3.1539590565e-23 0.
1511555426 1 536.061218262 0. 3.16552026781e-23 0.
1511555487 1 536.428161621 0. 3.16799478995e-23 0.
1511555547 1 533.50579834 0. 3.15101863299e-23 0.
1511555607 1 532.149658203 0. 3.14333202425e-23 0.
1511555667 1 530.041381836 0. 3.13120786994e-23 0.
1511555727 1 540.102294922 0. 3.19106171024e-23 0.
1511555787 1 515.648193359 0. 3.04695902661e-23 0.
1511555847 1 513.227416992 0. 3.03304169406e-23 0.
1511555907 1 521.785400391 0. 3.0839383284e-23 0.
1511555967 1 533.58013916 0. 3.15392764397e-23 0.
1511556028 1 535.315368652 0. 3.16456182831e-23 0.
1511556088 1 533.333251953 0. 3.15314940954e-23 0.
1511556148 1 554.284851074 0. 3.27740610003e-23 0.
1511556208 1 542.381286621 0. 3.20734278948e-23 0.
1511556268 1 534.794250488 0. 3.16278509585e-23 0.
1511556328 1 539.905395508 0. 3.19345877e-23 0.
1511556388 1 540.822692871 0. 3.19925382193e-23 0.
1511556448 1 543.12109375 0. 3.21311865955e-23 0.
1511556508 1 527.530273438 0. 3.12136390382e-23 0.
1511556569 1 519.91986084 0. 3.07665067731e-23 0.
1511556629 1 517.978149414 0. 3.06555251688e-23 0.
1511556689 1 515.703796387 0. 3.05241603005e-23 0.
1511556749 1 512.652404785 0. 3.03465671019e-23 0.
1511556809 1 514.233947754 0. 3.04444438789e-23 0.
1511556869 1 517.52520752 0. 3.06428232426e-23 0.
1511556929 1 513.530639648 0. 3.04102780944e-23 0.
1511556989 1 519.626586914 0. 3.07736157438e-23 0.
1511557049 1 530.015136719 0. 3.13927947503e-23 0.
1511557110 1 533.119689941 0. 3.15806763472e-23 0.
1511557170 1 530.514526367 0. 3.14300508223e-23 0.
1511557230 1 527.025695801 0. 3.12266873006e-23 0.
1511557290 1 525.670288086 0. 3.11480872545e-23 0.
1511557350 1 528.006225586 0. 3.12897232595e-23 0.
1511557410 1 526.576049805 0. 3.12089097312e-23 0.
1511557470 1 528.095214844 0. 3.13030685156e-23 0.
1511557530 1 528.425415039 0. 3.13264208229e-23 0.
1511557591 1 530.41595459 0. 3.14490134383e-23 0.
1511557651 1 527.693969727 0. 3.12906121333e-23 0.
1511557711 1 529.192749023 0. 3.13832758e-23 0.
1511557771 1 534.713684082 0. 3.1713989464e-23 0.
1511557831 1 533.595092773 0. 3.16510722011e-23 0.
1511557891 1 525.835693359 0. 3.11942585922e-23 0.
1511557951 1 516.836120605 0. 3.06638308045e-23 0.
1511558011 1 512.414978027 0. 3.04049797786e-23 0.
1511558071 1 532.023193359 0. 3.15725413543e-23 0.
1511558132 1 537.43963623 0. 3.18972757679e-23 0.
1511558192 1 536.544433594 0. 3.18467107446e-23 0.
1511558252 1 541.661010742 0. 3.21546378831e-23 0.
1511558312 1 539.169128418 0. 3.20097896007e-23 0.
1511558372 1 543.928955078 0. 3.22972893997e-23 0.
1511558432 1 516.196350098 0. 3.0655012015e-23 0.
1511558492 1 513.15814209 0. 3.04774798589e-23 0.
1511558552 1 517.003540039 0. 3.07083029401e-23 0.
1511558612 1 520.972595215 0. 3.0947827901e-23 0.
1511558674 1 525.570983887 0. 3.12249813709e-23 0.
1511558736 1 524.006164551 0. 3.11364891122e-23 0.
1511558796 1 503.32333374 0. 2.99107016797e-23 0.
1511558856 1 524.942382812 0. 3.11988927408e-23 0.
1511558916 1 525.640686035 0. 3.12440396004e-23 0.
1511558976 1 527.741760254 0. 3.13728562015e-23 0.
1511559036 1 523.210083008 0. 3.11082193453e-23 0.
1511559097 1 526.124389648 0. 3.12852566578e-23 0.
1511559157 1 524.109985352 0. 3.11684383136e-23 0.
1511559217 1 516.498718262 0. 3.07191538521e-23 0.
1511559277 1 527.296508789 0. 3.13651435134e-23 0.
1511559337 1 525.440185547 0. 3.12580762064e-23 0.
1511559397 1 522.482421875 0. 3.10856402862e-23 0.
1511559457 1 520.498718262 0. 3.09709489616e-23 0.
1511559517 1 520.668029785 0. 3.09851198625e-23 0.
1511559577 1 521.323974609 0. 3.10278349843e-23 0.
1511559638 1 525.412353516 0. 3.12753144842e-23 0.
1511559698 1 522.296020508 0. 3.10942065005e-23 0.
1511559758 1 534.145385742 0. 3.18035177169e-23 0.
1511559818 1 532.353759766 0. 3.16995863728e-23 0.
1511559878 1 533.986450195 0. 3.18001851258e-23 0.
1511559938 1 534.764404297 0. 3.18501744937e-23 0.
1511559998 1 533.946105957 0. 3.18062809274e-23 0.
1511560058 1 534.273193359 0. 3.18294968774e-23 0.
1511560118 1 540.152893066 0. 3.21825840767e-23 0.
1511560179 1 536.490661621 0. 3.19670126188e-23 0.
1511560239 1 531.248657227 0. 3.16576486485e-23 0.
1511560299 1 531.143310547 0. 3.16549099083e-23 0.
1511560359 1 529.216674805 0. 3.15440105814e-23 0.
1511560419 1 530.772155762 0. 3.16402612886e-23 0.
1511560479 1 533.698181152 0. 3.18175616239e-23 0.
1511560539 1 538.413208008 0. 3.2102516969e-23 0.
1511560599 1 536.109558105 0. 3.19679728649e-23 0.
1511560659 1 523.928894043 0. 3.12443034798e-23 0.
1511560720 1 524.757995605 0. 3.12971706547e-23 0.
1511560780 1 532.900268555 0. 3.17873040016e-23 0.
1511560840 1 568.775939941 0. 3.39301302082e-23 0.
1511560900 1 528.757263184 0. 3.15476439038e-23 0.
1511560960 1 512.041625977 0. 3.0554108675e-23 0.
1511561020 1 514.694213867 0. 3.07158955708e-23 0.
1511561080 1 513.565002441 0. 3.0650981562e-23 0.
1511561140 1 514.344177246 0. 3.07014671576e-23 0.
1511561200 1 513.899902344 0. 3.06787833514e-23 0.
1511561261 1 520.81829834 0. 3.10958604785e-23 0.
1511561321 1 516.025512695 0. 3.08125702847e-23 0.
1511561381 1 532.785949707 0. 3.18178700999e-23 0.
1511561441 1 533.346252441 0. 3.18543164514e-23 0.
1511561501 1 534.651977539 0. 3.19348653325e-23 0.
1511561561 1 532.387207031 0. 3.18031659166e-23 0.
1511561621 1 536.490966797 0. 3.20520128215e-23 0.
1511561681 1 540.461181641 0. 3.22931855114e-23 0.
1511561741 1 530.494689941 0. 3.17024588893e-23 0.
1511561802 1 525.748596191 0. 3.14219423239e-23 0.
1511561862 1 529.985168457 0. 3.16782757371e-23 0.
1511561922 1 527.922363281 0. 3.15593119233e-23 0.
1511561982 1 534.537536621 0. 3.19588582823e-23 0.
1511562042 1 536.595581055 0. 3.20851589563e-23 0.
1511562102 1 529.872558594 0. 3.16878101384e-23 0.
1511562162 1 530.838195801 0. 3.17499539673e-23 0.
1511562222 1 532.227661133 0. 3.18360667502e-23 0.
1511562282 1 542.579589844 0. 3.24586375456e-23 0.
1511562343 1 528.25189209 0. 3.16040370274e-23 0.
1511562403 1 529.066711426 0. 3.16560448287e-23 0.
1511562463 1 534.985412598 0. 3.20144957982e-23 0.
1511562523 1 532.493103027 0. 3.18697943662e-23 0.
1511562583 1 532.495483398 0. 3.18733737203e-23 0.
1511562643 1 534.466552734 0. 3.19957877727e-23 0.
1511562703 1 532.604492188 0. 3.18873976152e-23 0.
1511562763 1 533.791503906 0. 3.19609920639e-23 0.
1511562823 1 539.43145752 0. 3.23016164096e-23 0.
1511562884 1 544.727416992 0. 3.2623610011e-23 0.
1511562944 1 513.19342041 0. 3.07365391626e-23 0.
1511563004 1 515.857971191 0. 3.09008058156e-23 0.
1511563064 1 516.192016602 0. 3.09240868779e-23 0.
1511563124 1 516.959289551 0. 3.09738266181e-23 0.
1511563184 1 515.903198242 0. 3.0914124428e-23 0.
1511563244 1 518.931091309 0. 3.10979123715e-23 0.
1511563304 1 521.003540039 0. 3.12255506538e-23 0.
1511563351 1 525.90826416 0. 3.15231635252e-23 0.
1511563398 1 523.907531738 0. 3.14074571984e-23 0.
1511563458 1 520.103210449 0. 3.1183250815e-23 0.
1511563518 1 519.519897461 0. 3.11522218659e-23 0.
1511563578 1 524.00592041 0. 3.14245852372e-23 0.
1511563638 1 525.445251465 0. 3.15125487875e-23 0.
1511563699 1 524.311767578 0. 3.14475241831e-23 0.
1511563759 1 521.513977051 0. 3.12827897257e-23 0.
1511563819 1 523.650268555 0. 3.14153497822e-23 0.
1511563879 1 524.63067627 0. 3.1477720133e-23 0.
1511563939 1 526.200195312 0. 3.15757429429e-23 0.
1511563999 1 526.408325195 0. 3.15922061836e-23 0.
1511564059 1 527.457946777 0. 3.16603259399e-23 0.
1511564119 1 532.614807129 0. 3.19750153235e-23 0.
1511564179 1 529.937866211 0. 3.18174975992e-23 0.
1511564240 1 526.880615234 0. 3.16352234019e-23 0.
1511564300 1 530.066467285 0. 3.1830270614e-23 0.
1511564360 1 527.159667969 0. 3.16599377851e-23 0.
1511564420 1 524.754577637 0. 3.1518482501e-23 0.
1511564481 1 546.227294922 0. 3.28111647949e-23 0.
1511564541 1 547.518371582 0. 3.28915263637e-23 0.
1511564602 1 542.226379395 0. 3.25779211385e-23 0.
1511564664 1 537.277832031 0. 3.22848270546e-23 0.
1511564726 1 529.804626465 0. 3.18391461169e-23 0.
1511564786 1 533.610656738 0. 3.20705422101e-23 0.
1511564838 1 536.192077637 0. 3.22299656111e-23 0.
1511564889 1 541.917541504 0. 3.25769472574e-23 0.
1511564949 1 544.263244629 0. 3.27232388588e-23 0.
1511565010 1 528.400512695 0. 3.17736012316e-23 0.
1511565070 1 519.60168457 0. 3.12472457822e-23 0.
1511565130 1 518.170593262 0. 3.11644196625e-23 0.
1511565190 1 521.570861816 0. 3.13724161878e-23 0.
1511565250 1 527.201782227 0. 3.17136390869e-23 0.
1511565310 1 525.470947266 0. 3.16132439678e-23 0.
1511565370 1 525.541015625 0. 3.16204515243e-23 0.
1511565430 1 523.566467285 0. 3.15055717839e-23 0.
1511565490 1 519.80670166 0. 3.12834907228e-23 0.
1511565551 1 515.656921387 0. 3.10373421094e-23 0.
1511565611 1 515.251464844 0. 3.10164076326e-23 0.
1511565671 1 519.004455566 0. 3.12444485275e-23 0.
1511565719 1 520.118652344 0. 3.13141250647e-23 0.
1511565754 1 521.017028809 0. 3.1370492317e-23 0.
1511565799 1 520.420654297 0. 3.13368256958e-23 0.
1511565835 1 517.154968262 0. 3.11406930134e-23 0.
1511565851 1 516.96862793 0. 3.11317352903e-23 0.
1511565892 1 532.288208008 0. 3.20578828716e-23 0.
1511565952 1 521.343322754 0. 3.14023621446e-23 0.
1511566012 1 514.491638184 0. 3.09945769427e-23 0.
1511566073 1 506.614532471 0. 3.05229204103e-23 0.
1511566133 1 517.800292969 0. 3.12004299245e-23 0.
1511566193 1 514.423034668 0. 3.1000745084e-23 0.
1511566253 1 515.849731445 0. 3.10904488299e-23 0.
1511566313 1 516.002563477 0. 3.11029806537e-23 0.
1511566373 1 523.078369141 0. 3.15326723491e-23 0.
1511566433 1 516.380859375 0. 3.11319059409e-23 0.
1511566493 1 512.968322754 0. 3.0930216376e-23 0.
1511566553 1 522.139160156 0. 3.14858544108e-23 0.
1511566614 1 518.789916992 0. 3.12872548519e-23 0.
1511566674 1 516.268066406 0. 3.11393996416e-23 0.
1511566734 1 513.557189941 0. 3.09785871707e-23 0.
1511566794 1 510.600128174 0. 3.08041029777e-23 0.
1511566854 1 523.696777344 0. 3.15982554531e-23 0.
1511566914 1 527.54864502 0. 3.18340563072e-23 0.
1511566974 1 528.358764648 0. 3.18864383754e-23 0.
1511567034 1 513.867248535 0. 3.1014470607e-23 0.
1511567094 1 516.605163574 0. 3.11832085847e-23 0.
1511567155 1 543.880981445 0. 3.28324737685e-23 0.
1511567215 1 535.188171387 0. 3.23106543417e-23 0.
1511567275 1 535.042419434 0. 3.23069591653e-23 0.
1511567335 1 539.818237305 0. 3.26003775339e-23 0.
1511567395 1 542.796875 0. 3.27839800768e-23 0.
1511567455 1 533.964538574 0. 3.22537191535e-23 0.
1511567515 1 538.678649902 0. 3.25430767692e-23 0.
1511567575 1 536.082763672 0. 3.23894351843e-23 0.
1511567636 1 538.240600586 0. 3.25243056182e-23 0.
1511567696 1 535.173217773 0. 3.23429920118e-23 0.
1511567756 1 537.175109863 0. 3.24670861213e-23 0.
1511567816 1 538.777893066 0. 3.25682098876e-23 0.
1511567876 1 536.788146973 0. 3.24501431278e-23 0.
1511567936 1 534.922424316 0. 3.23409083787e-23 0.
1511567996 1 515.717712402 0. 3.11825429901e-23 0.
1511568056 1 518.453674316 0. 3.13518176842e-23 0.
1511568116 1 517.101379395 0. 3.12725432126e-23 0.
1511568177 1 523.240722656 0. 3.16477149809e-23 0.
1511568237 1 517.004394531 0. 3.12746616807e-23 0.
1511568297 1 516.54888916 0. 3.12500430298e-23 0.
1511568357 1 516.238708496 0. 3.12350231093e-23 0.
1511568417 1 515.877258301 0. 3.12169712891e-23 0.
1511568477 1 539.621032715 0. 3.26577516826e-23 0.
1511568537 1 522.354064941 0. 3.16155704551e-23 0.
1511568597 1 511.055755615 0. 3.09365808544e-23 0.
1511568658 1 526.352294922 0. 3.18653433732e-23 0.
1511568718 1 529.70690918 0. 3.20725455186e-23 0.
1511568778 1 529.176574707 0. 3.20450145759e-23 0.
1511568838 1 528.91784668 0. 3.20332949325e-23 0.
1511568873 1 213.603530884 0. 2.63607356752e-23 0.
1511568908 1 0.0886984989047 0. 0.0 0.
1511568969 1 0.0874843597412 0. 0.0 0.
1511569029 1 0.0871358141303 0. 0.0 0.
