1523962484 1 15.7880935669 0. 6.40268835403e-22 0.
1523962544 1 15.7285556793 0. 6.3946750841e-22 0.
1523962604 1 15.7799835205 0. 6.42816600855e-22 0.
1523962665 1 15.6747169495 0. 6.39937770698e-22 0.
1523962725 1 15.621254921 0. 6.39082782974e-22 0.
1523962785 1 15.6825742722 0. 6.42554770618e-22 0.
1523962845 1 15.5854797363 0. 6.39928575188e-22 0.
1523962884 1 15.5412788391 0. 6.38496200049e-22 0.
1523962923 1 15.5531845093 0. 6.40233293471e-22 0.
1523962983 1 15.5198688507 0. 6.40020539787e-22 0.
1523963018 1 15.5327110291 0. 6.41022148251e-22 0.
1523963054 1 15.4412584305 0. 6.38175178131e-22 0.
1523963114 1 15.3924770355 0. 6.37651044491e-22 0.
1523963174 1 15.2995147705 0. 6.34997342164e-22 0.
1523963235 1 15.2843894958 0. 6.35604738668e-22 0.
1523963283 1 15.3212652206 0. 6.37988663277e-22 0.
1523963330 1 15.2807178497 0. 6.37314187108e-22 0.
1523963391 1 15.1619825363 0. 6.33706989931e-22 0.
1523963451 1 15.1538171768 0. 6.34563395334e-22 0.
1523963511 1 15.0934009552 0. 6.33133827285e-22 0.
1523963571 1 15.0737304688 0. 6.3346229063e-22 0.
1523963631 1 15.0620880127 0. 6.34189419604e-22 0.
1523963682 1 14.9931087494 0. 6.32007782718e-22 0.
1523963732 1 14.9899616241 0. 6.32889036385e-22 0.
1523963793 1 14.963180542 0. 6.32983507148e-22 0.
1523963831 1 14.973241806 0. 6.33824443334e-22 0.
1523963862 1 14.8755664825 0. 6.3036913283e-22 0.
1523963914 1 14.9000358582 0. 6.32350594204e-22 0.
1523963949 1 14.8111124039 0. 6.29362983419e-22 0.
1523963959 1 14.8989849091 0. 6.33166403414e-22 0.
1523963969 1 14.7572593689 0. 6.2741647346e-22 0.
1523963980 1 14.9179410934 0. 6.33981505061e-22 0.
1523963990 1 14.7605190277 0. 6.28122680565e-22 0.
1523964000 1 14.8698368073 0. 6.32676728571e-22 0.
1523964029 1 14.8188056946 0. 6.31098237637e-22 0.
1523964083 1 14.7486667633 0. 6.29130992167e-22 0.
1523964144 1 14.7792072296 0. 6.31513491203e-22 0.
1523964204 1 14.6770811081 0. 6.28117802534e-22 0.
1523964264 1 14.6928005219 0. 6.29822693017e-22 0.
1523964301 1 14.6816883087 0. 6.29855371296e-22 0.
1523964336 1 14.6063041687 0. 6.27349256462e-22 0.
1523964394 1 14.5261116028 0. 6.24900543044e-22 0.
1523964429 1 14.4649934769 0. 6.22895053035e-22 0.
1523964461 1 14.4675502777 0. 6.23566790025e-22 0.
1523964492 1 14.600733757 0. 6.29524955259e-22 0.
1523964516 1 14.4674272537 0. 6.24474120477e-22 0.
1523964552 1 14.5032672882 0. 6.26593279614e-22 0.
1523964598 1 14.480506897 0. 6.26211706169e-22 0.
1523964657 1 14.4142570496 0. 6.24522646688e-22 0.
1523964717 1 14.384771347 0. 6.24222562673e-22 0.
1523964777 1 14.2995033264 0. 6.21479386558e-22 0.
1523964837 1 14.3213672638 0. 6.23342330237e-22 0.
1523964897 1 14.2662963867 0. 6.21949136477e-22 0.
1523964958 1 14.262090683 0. 6.22753807291e-22 0.
1523964996 1 14.1668663025 0. 6.19370782332e-22 0.
1523965034 1 14.1739501953 0. 6.20125075629e-22 0.
1523965094 1 14.1020870209 0. 6.17991163325e-22 0.
1523965154 1 14.1240186691 0. 6.19949784441e-22 0.
1523965214 1 14.1013174057 0. 6.19847998011e-22 0.
1523965274 1 14.0512199402 0. 6.18726235428e-22 0.
1523965335 1 14.0455503464 0. 6.19260726668e-22 0.
1523965373 1 13.9854564667 0. 6.17344706076e-22 0.
1523965412 1 14.0302219391 0. 6.19873917109e-22 0.
1523965472 1 13.9623985291 0. 6.17843485611e-22 0.
1523965525 1 13.9415454865 0. 6.17754620853e-22 0.
1523965579 1 13.8819293976 0. 6.15916428901e-22 0.
1523965639 1 13.8284101486 0. 6.14405225162e-22 0.
1523965699 1 13.8448295593 0. 6.16130593662e-22 0.
1523965759 1 13.8430528641 0. 6.16891278201e-22 0.
1523965819 1 13.8140144348 0. 6.16560905852e-22 0.
1523965880 1 13.765920639 0. 6.15326041853e-22 0.
1523965915 1 13.8019371033 0. 6.17548002645e-22 0.
1523965925 1 13.608247757 0. 6.08776275332e-22 0.
1523965935 1 13.6088504791 0. 6.08924354359e-22 0.
1523965945 1 13.7876567841 0. 6.17401673575e-22 0.
1523965956 1 13.7118530273 0. 6.14150980891e-22 0.
1523965991 1 13.6593036652 0. 6.12265900837e-22 0.
1523966051 1 13.6864128113 0. 6.1416827679e-22 0.
1523966111 1 13.6289463043 0. 6.12651777903e-22 0.
1523966171 1 13.5766210556 0. 6.11229014482e-22 0.
1523966231 1 13.5729904175 0. 6.11931572978e-22 0.
1523966292 1 13.4693365097 0. 6.07996091781e-22 0.
1523966352 1 13.5326251984 0. 6.11799801225e-22 0.
1523966412 1 13.5003967285 0. 6.11194868643e-22 0.
1523966464 1 13.4761333466 0. 6.10883766972e-22 0.
1523966517 1 13.4818058014 0. 6.11950136911e-22 0.
1523966577 1 13.4065151215 0. 6.09330391777e-22 0.
1523966637 1 13.3549289703 0. 6.07812562836e-22 0.
1523966698 1 13.3100357056 0. 6.06723081581e-22 0.
1523966737 1 13.3168983459 0. 6.07340673053e-22 0.
1523966776 1 13.3588647842 0. 6.10055675934e-22 0.
1523966836 1 13.282081604 0. 6.07334910092e-22 0.
1523966897 1 13.242773056 0. 6.06405412995e-22 0.
1523966957 1 13.2203369141 0. 6.06241110037e-22 0.
1523967017 1 13.1741886139 0. 6.04987569052e-22 0.
1523967077 1 13.1679525375 0. 6.05400559896e-22 0.
1523967137 1 13.1602802277 0. 6.05975871166e-22 0.
1523967197 1 13.1209182739 0. 6.05005350744e-22 0.
1523967258 1 13.0698719025 0. 6.03405205751e-22 0.
1523967318 1 13.0601243973 0. 6.03869955017e-22 0.
1523967378 1 13.0155982971 0. 6.02643965922e-22 0.
1523967438 1 13.0080032349 0. 6.03125336431e-22 0.
1523967498 1 13.0174503326 0. 6.04307931675e-22 0.
1523967558 1 13.0164279938 0. 6.05133849459e-22 0.
1523967618 1 12.9738616943 0. 6.040235846e-22 0.
1523967679 1 12.9698314667 0. 6.0468894389e-22 0.
1523967739 1 12.9120616913 0. 6.02805768905e-22 0.
1523967799 1 12.882610321 0. 6.02200269353e-22 0.
1523967859 1 12.8417682648 0. 6.01082034547e-22 0.
1523967919 1 12.7942771912 0. 5.99706087673e-22 0.
1523967979 1 12.8180198669 0. 6.01660047733e-22 0.
1523968040 1 12.7500171661 0. 5.99119183132e-22 0.
1523968100 1 12.7628726959 0. 6.00639768609e-22 0.
1523968160 1 12.7153244019 0. 5.99129891961e-22 0.
1523968220 1 12.6625747681 0. 5.97482064194e-22 0.
1523968281 1 12.6831178665 0. 5.99263266399e-22 0.
1523968341 1 12.6591968536 0. 5.989300043e-22 0.
1523968401 1 12.6783714294 0. 6.00522608252e-22 0.
1523968461 1 12.6858558655 0. 6.01806462912e-22 0.
1523968496 1 12.6907958984 0. 6.02390358119e-22 0.
1523968532 1 12.6455974579 0. 6.00790437469e-22 0.
1523968592 1 12.6223831177 0. 6.00419751553e-22 0.
1523968652 1 12.5427417755 0. 5.97481658082e-22 0.
1523968712 1 12.5364131927 0. 5.97853405335e-22 0.
1523968772 1 12.545293808 0. 5.98974880024e-22 0.
1523968832 1 12.5643072128 0. 6.00746188288e-22 0.
1523968893 1 12.4681720734 0. 5.96952561768e-22 0.
1523968953 1 12.4636421204 0. 5.97577501076e-22 0.
1523969013 1 12.4349784851 0. 5.96927820512e-22 0.
1523969073 1 12.4507789612 0. 5.98506986799e-22 0.
1523969133 1 12.3858699799 0. 5.96135710918e-22 0.
1523969194 1 12.3535261154 0. 5.95302024478e-22 0.
1523969254 1 12.3977489471 0. 5.98146598296e-22 0.
1523969314 1 12.3065834045 0. 5.94597344804e-22 0.
1523969374 1 12.3430023193 0. 5.97044877226e-22 0.
1523969434 1 12.3109054565 0. 5.96326179324e-22 0.
1523969494 1 12.3135089874 0. 5.97215288768e-22 0.
1523969554 1 12.2525758743 0. 5.94966944166e-22 0.
1523969615 1 12.2362327576 0. 5.94809900959e-22 0.
1523969675 1 12.2038383484 0. 5.9408420817e-22 0.
1523969735 1 12.1971311569 0. 5.94486235616e-22 0.
1523969795 1 12.175075531 0. 5.94202516025e-22 0.
1523969855 1 12.1562328339 0. 5.93935168448e-22 0.
1523969916 1 12.1099472046 0. 5.92510926684e-22 0.
1523969976 1 12.1585559845 0. 5.95620919983e-22 0.
1523970036 1 12.1056041718 0. 5.93745056832e-22 0.
1523970096 1 12.0915441513 0. 5.93780309802e-22 0.
1523970156 1 12.0402450562 0. 5.91897627581e-22 0.
1523970216 1 12.0317716599 0. 5.92267266557e-22 0.
1523970277 1 11.9979839325 0. 5.91398286597e-22 0.
1523970337 1 12.0156440735 0. 5.93012961948e-22 0.
1523970397 1 11.9781856537 0. 5.91977582251e-22 0.
1523970457 1 11.9563808441 0. 5.9156462964e-22 0.
1523970517 1 11.9288368225 0. 5.9099425161e-22 0.
1523970577 1 11.9256019592 0. 5.9151306875e-22 0.
1523970637 1 11.8992290497 0. 5.9094021442e-22 0.
1523970698 1 11.8714504242 0. 5.90248927809e-22 0.
1523970758 1 11.8682975769 0. 5.90923370448e-22 0.
1523970818 1 11.8287391663 0. 5.89649031642e-22 0.
1523970878 1 11.8138942719 0. 5.89550755389e-22 0.
1523970938 1 11.8211250305 0. 5.90636485928e-22 0.
1523970998 1 11.8035831451 0. 5.90531631464e-22 0.
1523971058 1 11.7563076019 0. 5.88886684781e-22 0.
1523971119 1 11.7537174225 0. 5.89413399885e-22 0.
1523971179 1 11.7228565216 0. 5.8863396311e-22 0.
1523971239 1 11.7277297974 0. 5.89656157514e-22 0.
1523971299 1 11.7074069977 0. 5.8932658486e-22 0.
1523971359 1 11.6755809784 0. 5.8834253055e-22 0.
1523971419 1 11.6559867859 0. 5.88113217666e-22 0.
1523971480 1 11.6214609146 0. 5.87131778777e-22 0.
1523971527 1 11.6247024536 0. 5.87775878806e-22 0.
1523971574 1 11.621131897 0. 5.8821210401e-22 0.
1523971635 1 11.6301383972 0. 5.89371450978e-22 0.
1523971695 1 11.5695381165 0. 5.87090265115e-22 0.
1523971755 1 11.5715103149 0. 5.87803610251e-22 0.
1523971816 1 11.5176439285 0. 5.85783596158e-22 0.
1523971876 1 11.5323448181 0. 5.8720458902e-22 0.
1523971936 1 11.499797821 0. 5.86260096682e-22 0.
1523971996 1 11.4771308899 0. 5.85882521178e-22 0.
1523972056 1 11.4470024109 0. 5.84996494991e-22 0.
1523972092 1 11.4019889832 0. 5.82971819631e-22 0.
1523972118 1 11.4281949997 0. 5.84787558511e-22 0.
1523972169 1 11.3811683655 0. 5.82905677203e-22 0.
1523972229 1 11.3460521698 0. 5.81819155843e-22 0.
1523972290 1 11.3217144012 0. 5.81258021437e-22 0.
1523972350 1 11.3018741608 0. 5.8090115723e-22 0.
1523972410 1 11.3324623108 0. 5.831312927e-22 0.
1523972470 1 11.3006343842 0. 5.82151853325e-22 0.
1523972531 1 11.2615823746 0. 5.80793456633e-22 0.
1523972591 1 11.2589893341 0. 5.81372684528e-22 0.
1523972651 1 11.2255659103 0. 5.80260152456e-22 0.
1523972711 1 11.208946228 0. 5.80058225259e-22 0.
1523972771 1 11.1780633926 0. 5.7920790937e-22 0.
1523972809 1 11.1901302338 0. 5.80289991161e-22 0.
1523972832 1 11.1819477081 0. 5.79945266659e-22 0.
1523972878 1 11.1501960754 0. 5.78919760585e-22 0.
1523972914 1 11.081445694 0. 5.75692283595e-22 0.
1523972935 1 11.1598396301 0. 5.80077429637e-22 0.
1523972967 1 11.1036949158 0. 5.77565121369e-22 0.
1523973013 1 11.1434497833 0. 5.8012275383e-22 0.
1523973073 1 11.1116333008 0. 5.7919837143e-22 0.
1523973120 1 11.0696678162 0. 5.77500168055e-22 0.
1523973167 1 11.0732192993 0. 5.78191365115e-22 0.
1523973219 1 11.0646533966 0. 5.78296069731e-22 0.
1523973272 1 11.0452365875 0. 5.7778311679e-22 0.
1523973324 1 11.0098247528 0. 5.76597769986e-22 0.
1523973377 1 10.982252121 0. 5.75666468445e-22 0.
1523973437 1 10.9828367233 0. 5.76319389582e-22 0.
1523973497 1 10.9772129059 0. 5.76660945133e-22 0.
1523973542 1 10.9664754868 0. 5.76614028542e-22 0.
1523973586 1 10.9393081665 0. 5.75668495165e-22 0.
1523973646 1 10.9416475296 0. 5.76362089557e-22 0.
1523973707 1 10.9259357452 0. 5.76189648594e-22 0.
1523973767 1 10.8932952881 0. 5.75107639886e-22 0.
1523973827 1 10.8988428116 0. 5.76053994517e-22 0.
1523973887 1 10.8349132538 0. 5.73342005801e-22 0.
1523973947 1 10.8551998138 0. 5.74980839701e-22 0.
1523974007 1 10.8438615799 0. 5.75053286568e-22 0.
1523974067 1 10.8412790298 0. 5.75474911931e-22 0.
1523974127 1 10.8284702301 0. 5.75402341475e-22 0.
1523974188 1 10.8100643158 0. 5.7510452352e-22 0.
1523974248 1 10.7928256989 0. 5.74822526104e-22 0.
1523974308 1 10.7584095001 0. 5.7361239888e-22 0.
1523974368 1 10.7428998947 0. 5.7349451987e-22 0.
1523974428 1 10.7370185852 0. 5.73770523266e-22 0.
1523974488 1 10.7356328964 0. 5.74335100729e-22 0.
1523974549 1 10.6944465637 0. 5.72578182053e-22 0.
1523974609 1 10.680814743 0. 5.72583966292e-22 0.
1523974669 1 10.6686506271 0. 5.72553734841e-22 0.
1523974729 1 10.6539297104 0. 5.72322384815e-22 0.
1523974789 1 10.6474151611 0. 5.72708077467e-22 0.
1523974850 1 10.6321630478 0. 5.7252710923e-22 0.
1523974910 1 10.5771446228 0. 5.70100860936e-22 0.
1523974970 1 10.5877819061 0. 5.71307078061e-22 0.
1523975030 1 10.6002960205 0. 5.72563509646e-22 0.
1523975090 1 10.5713977814 0. 5.71631323111e-22 0.
1523975151 1 10.5386695862 0. 5.70533524232e-22 0.
1523975186 1 10.5609817505 0. 5.72145686159e-22 0.
1523975221 1 10.539144516 0. 5.71274732031e-22 0.
1523975281 1 10.5312366486 0. 5.7153103042e-22 0.
1523975328 1 10.5279321671 0. 5.71744677955e-22 0.
1523975375 1 10.4965877533 0. 5.70501215892e-22 0.
1523975435 1 10.4934406281 0. 5.70970973347e-22 0.
1523975495 1 10.4630727768 0. 5.69967930282e-22 0.
1523975556 1 10.4159202576 0. 5.67943736101e-22 0.
1523975616 1 10.4210395813 0. 5.68844031721e-22 0.
1523975676 1 10.3790817261 0. 5.67170854483e-22 0.
1523975736 1 10.3725585938 0. 5.67429417301e-22 0.
1523975796 1 10.3611755371 0. 5.67456908226e-22 0.
1523975857 1 10.3683567047 0. 5.68407914164e-22 0.
1523975917 1 10.3326530457 0. 5.67030935958e-22 0.
1523975977 1 10.3551044464 0. 5.68824901044e-22 0.
1523976037 1 10.3188505173 0. 5.67495529887e-22 0.
1523976097 1 10.3155794144 0. 5.67867095567e-22 0.
1523976157 1 10.2756748199 0. 5.6634147878e-22 0.
1523976217 1 10.2867164612 0. 5.67493684402e-22 0.
1523976278 1 10.2648630142 0. 5.66928050168e-22 0.
1523976338 1 10.2365760803 0. 5.66003330374e-22 0.
1523976398 1 10.2427597046 0. 5.66966066894e-22 0.
1523976458 1 10.2184143066 0. 5.66170931693e-22 0.
1523976518 1 10.1813087463 0. 5.6468548642e-22 0.
1523976579 1 10.2017202377 0. 5.66441703062e-22 0.
1523976639 1 10.1854057312 0. 5.66107954724e-22 0.
1523976699 1 10.1695804596 0. 5.65805877908e-22 0.
1523976759 1 10.1528835297 0. 5.65524136062e-22 0.
1523976819 1 10.1226415634 0. 5.64356356541e-22 0.
1523976879 1 10.1291007996 0. 5.65359664613e-22 0.
1523976939 1 10.097073555 0. 5.64132453734e-22 0.
1523977000 1 10.1114997864 0. 5.65580207211e-22 0.
1523977060 1 10.07970047 0. 5.6433912963e-22 0.
1523977120 1 10.0814228058 0. 5.65082968066e-22 0.
1523977180 1 10.0504589081 0. 5.6396493166e-22 0.
1523977240 1 10.0118846893 0. 5.62313035737e-22 0.
1523977300 1 10.0393390656 0. 5.64428176583e-22 0.
1523977361 1 9.99240684509 0. 5.62426134098e-22 0.
1523977407 1 9.99134922028 0. 5.62857234604e-22 0.
1523977454 1 9.97740268707 0. 5.62543712556e-22 0.
1523977514 1 9.94861221313 0. 5.61466822075e-22 0.
1523977574 1 9.94280052185 0. 5.61747777935e-22 0.
1523977634 1 9.94138526917 0. 0.0 0.
1523977695 1 9.93996906281 0. 0.0 0.
1523977755 1 9.93854904175 0. 5.63078788844e-22 0.
1523977815 1 9.89921569824 0. 5.61906448548e-22 0.
1523977875 1 9.88101291656 0. 5.61236368269e-22 0.
1523977936 1 9.90434074402 0. 5.63193714865e-22 0.
1523977996 1 9.84426307678 0. 5.60371086688e-22 0.
1523978056 1 9.85392570496 0. 5.61626318365e-22 0.
1523978116 1 9.84497451782 0. 5.61632692229e-22 0.
1523978176 1 9.80892372131 0. 5.60178049272e-22 0.
1523978237 1 9.81465625763 0. 5.6117449833e-22 0.
1523978297 1 9.78287220001 0. 5.59912700503e-22 0.
1523978357 1 9.76201438904 0. 5.59303917223e-22 0.
1523978417 1 9.76035308838 0. 5.5983254332e-22 0.
1523978477 1 9.76607131958 0. 5.60726779034e-22 0.
1523978538 1 9.74277496338 0. 5.6004455289e-22 0.
1523978598 1 9.73004627228 0. 5.59891603596e-22 0.
1523978658 1 9.7024307251 0. 5.58914098537e-22 0.
1523978718 1 9.68843078613 0. 5.58707436679e-22 0.
1523978778 1 9.67627620697 0. 5.58565167186e-22 0.
1523978838 1 9.66272830963 0. 5.58381601236e-22 0.
1523978898 1 9.64429283142 0. 5.57911044872e-22 0.
1523978959 1 9.61650466919 0. 5.56911108961e-22 0.
1523979019 1 9.57706832886 0. 5.55181955438e-22 0.
1523979079 1 9.5716381073 0. 5.5541781373e-22 0.
1523979139 1 9.58218669891 0. 5.56599888801e-22 0.
1523979199 1 9.54863548279 0. 5.55333696739e-22 0.
1523979260 1 9.53334236145 0. 5.54979715045e-22 0.
1523979320 1 9.50634765625 0. 5.53998090305e-22 0.
1523979380 1 9.52335071564 0. 5.5554622824e-22 0.
1523979440 1 9.51762485504 0. 5.55867499418e-22 0.
1523979500 1 9.52142333984 0. 5.56686854057e-22 0.
1523979560 1 9.5096912384 0. 5.56519385188e-22 0.
1523979620 1 9.47706317902 0. 5.55238392551e-22 0.
1523979681 1 9.46945381165 0. 5.55415485336e-22 0.
1523979741 1 9.46817779541 0. 5.55883778165e-22 0.
1523979801 1 9.45098495483 0. 5.55451277848e-22 0.
1523979861 1 9.43978691101 0. 5.55329701566e-22 0.
1523979921 1 9.42922687531 0. 5.5532297142e-22 0.
1523979981 1 9.40791034698 0. 5.54547157178e-22 0.
1523980042 1 9.38219642639 0. 5.53741902097e-22 0.
1523980102 1 9.36728858948 0. 5.53343123535e-22 0.
1523980162 1 9.35763645172 0. 5.53326442939e-22 0.
1523980222 1 9.35771465302 0. 5.53916789628e-22 0.
1523980282 1 9.30651283264 0. 5.51387817032e-22 0.
1523980343 1 9.30619621277 0. 5.51984696905e-22 0.
1523980403 1 9.29868221283 0. 5.52133008015e-22 0.
1523980463 1 9.30449485779 0. 5.53077259239e-22 0.
1523980523 1 9.28282737732 0. 5.52344740431e-22 0.
1523980583 1 9.29824638367 0. 5.53831396599e-22 0.
1523980643 1 9.25807189941 0. 5.52045903483e-22 0.
1523980704 1 9.23260593414 0. 5.51086048058e-22 0.
1523980764 1 9.24729347229 0. 5.52513623971e-22 0.
1523980824 1 9.22327423096 0. 5.51641899663e-22 0.
1523980884 1 9.21525764465 0. 5.51691779085e-22 0.
1523980945 1 9.20569610596 0. 5.51683004096e-22 0.
1523981005 1 9.1691570282 0. 5.50043161932e-22 0.
1523981065 1 9.13866996765 0. 5.48851797578e-22 0.
1523981125 1 9.14042949677 0. 5.49491599871e-22 0.
1523981186 1 9.1278591156 0. 5.49303950777e-22 0.
1523981246 1 9.11091804504 0. 5.48875485649e-22 0.
1523981306 1 9.07971954346 0. 5.47499900863e-22 0.
1523982849 1 9.07971954346 0. 5.61867592383e-22 0.
1523985056 1 0.0 0. 0.0 0.
1523985884 1 0.0 0. 0.0 0.
1523986094 1 8.36908817291 0. 5.34984365812e-22 0.
1523986994 1 0.0 0. 0.0 0.
1523988764 1 0.0 0. 0.0 0.
