1524083346 1 56.8550949097 0. 5.76213068076e-22 0.
1524083406 1 56.6572341919 0. 5.7497487241e-22 0.
1524083466 1 56.5406608582 0. 5.74661014303e-22 0.
1524083526 1 56.4632949829 0. 5.74613492302e-22 0.
1524083586 1 56.3456382751 0. 5.74186593269e-22 0.
1524083646 1 56.4174308777 0. 5.75580445123e-22 0.
1524083706 1 56.1205291748 0. 5.73442486187e-22 0.
1524083764 1 55.9748573303 0. 5.72602392331e-22 0.
1524083823 1 55.8518409729 0. 5.71945734155e-22 0.
1524083883 1 55.6549263 0. 5.7069196389e-22 0.
1524083939 1 55.5593605042 0. 5.70352085889e-22 0.
1524083995 1 55.4477424622 0. 5.69973056914e-22 0.
1524084055 1 53.8052368164 0. 5.53340644834e-22 0.
1524084090 1 54.5208358765 0. 5.61455079516e-22 0.
1524084124 1 54.7297210693 0. 5.64034600292e-22 0.
1524084159 1 57.990398407 0. 5.98411121095e-22 0.
1524084171 1 17.5155887604 0. 1.80069856764e-22 0.
1524084182 1 7.69030809402 0. 7.84654380726e-23 0.
1524084191 1 13.5687265396 0. 1.39004691046e-22 0.
1524084200 1 18.7309150696 0. 1.92133129533e-22 0.
1524084213 1 30.5734138489 0. 3.14707762113e-22 0.
1524084225 1 43.3661994934 0. 4.47099996911e-22 0.
1524084234 1 51.3674430847 0. 5.30126752965e-22 0.
1524084243 1 55.5212860107 0. 5.73239735342e-22 0.
1524084252 1 57.8301010132 0. 5.97677809256e-22 0.
1524084260 1 53.5309906006 0. 5.5308034298e-22 0.
1524084269 1 51.0914230347 0. 5.27955433382e-22 0.
1524084277 1 39.6635437012 0. 4.09472275975e-22 0.
1524084286 1 35.2665786743 0. 3.63960104565e-22 0.
1524084295 1 23.1245956421 0. 2.38323860842e-22 0.
1524084304 1 18.7159996033 0. 1.92568190063e-22 0.
1524084312 1 10.9003047943 0. 1.11939479921e-22 0.
1524084321 1 7.78180980682 0. 7.97116473474e-23 0.
1524084337 1 17.241569519 0. 1.77278304624e-22 0.
1524084353 1 4.21479320526 0. 4.1886751597e-23 0.
1524084361 1 8.84016418457 0. 8.92440029861e-23 0.
1524084370 1 12.6611194611 0. 1.28275350968e-22 0.
1524084378 1 20.9089736938 0. 2.13758842409e-22 0.
1524084387 1 29.3796215057 0. 3.0156163124e-22 0.
1524084395 1 38.4909439087 0. 3.96711885038e-22 0.
1524084404 1 49.1630401611 0. 5.08329059123e-22 0.
1524084412 1 54.4329376221 0. 5.63545416631e-22 0.
1524084420 1 57.6980628967 0. 5.98449278795e-22 0.
1524084429 1 50.7551040649 0. 5.2554835133e-22 0.
1524084437 1 46.7760162354 0. 4.8428103873e-22 0.
1524084446 1 31.485868454 0. 3.24494772336e-22 0.
1524084454 1 26.48695755 0. 2.72523993233e-22 0.
1524084462 1 14.9965867996 0. 1.53279358769e-22 0.
1524084471 1 10.9135932922 0. 1.10925865988e-22 0.
1524084479 1 5.67115545273 0. 5.71729567468e-23 0.
1524084488 1 3.48416185379 0. 3.47444191699e-23 0.
1524084496 1 14.7480297089 0. 1.51766470941e-22 0.
1524084531 1 57.5046386719 0. 5.97294797966e-22 0.
1524084591 1 57.5091133118 0. 5.9821088096e-22 0.
1524084651 1 57.375038147 0. 5.97212450486e-22 0.
1524084695 1 57.05311203 0. 5.94565178044e-22 0.
1524084740 1 57.0288467407 0. 5.9458489726e-22 0.
1524084800 1 56.966545105 0. 5.94703538418e-22 0.
1524084860 1 56.3555755615 0. 5.88905967455e-22 0.
1524084917 1 55.8954849243 0. 5.84921804088e-22 0.
1524084975 1 55.6859703064 0. 5.83367013307e-22 0.
1524085035 1 55.5340080261 0. 5.82612179777e-22 0.
1524085095 1 55.4627113342 0. 5.82670268481e-22 0.
1524085156 1 55.2516860962 0. 5.8118108225e-22 0.
1524085216 1 55.1376457214 0. 5.80724431997e-22 0.
1524085251 1 55.0098953247 0. 5.80134751786e-22 0.
1524085287 1 55.1215438843 0. 5.81547237655e-22 0.
1524085347 1 55.0123939514 0. 5.81140794791e-22 0.
1524085382 1 54.9946670532 0. 5.81251879555e-22 0.
1524085417 1 54.9050292969 0. 5.81010769853e-22 0.
1524085478 1 54.7101478577 0. 5.79556698308e-22 0.
1524085538 1 54.7048187256 0. 5.80203678439e-22 0.
1524085598 1 54.5812797546 0. 5.79680010822e-22 0.
1524085658 1 54.5306510925 0. 5.79941690787e-22 0.
1524085718 1 54.264995575 0. 5.77802256609e-22 0.
1524085778 1 54.273765564 0. 5.78760766853e-22 0.
1524085819 1 54.4196281433 0. 5.80834626475e-22 0.
1524085860 1 54.3728294373 0. 5.80825978965e-22 0.
1524085921 1 54.3401069641 0. 5.81179402834e-22 0.
1524085967 1 54.2589683533 0. 5.80985068626e-22 0.
1524086013 1 54.2492752075 0. 5.81415058374e-22 0.
1524086073 1 54.0524177551 0. 5.79983130717e-22 0.
1524086134 1 53.9668579102 0. 5.79737779649e-22 0.
1524086194 1 53.8113021851 0. 5.78827217283e-22 0.
1524086254 1 53.5579719543 0. 5.76843919887e-22 0.
1524086314 1 53.4372062683 0. 5.76331266093e-22 0.
1524086375 1 53.3206214905 0. 5.75638294397e-22 0.
1524086435 1 53.3259735107 0. 5.76514651938e-22 0.
1524086495 1 53.2526626587 0. 5.76438185613e-22 0.
1524086555 1 53.2044219971 0. 5.76656122792e-22 0.
1524086615 1 53.1460342407 0. 5.76809931093e-22 0.
1524086676 1 53.0404281616 0. 5.76250622304e-22 0.
1524086736 1 52.909866333 0. 5.75589163454e-22 0.
1524086796 1 52.7707176208 0. 5.74802231858e-22 0.
1524086856 1 52.6920547485 0. 5.7458433669e-22 0.
1524086916 1 52.4607276917 0. 5.72817135376e-22 0.
1524086977 1 52.3574752808 0. 5.72353328699e-22 0.
1524087037 1 52.1898765564 0. 5.71224199601e-22 0.
1524087097 1 52.0373802185 0. 5.7025235492e-22 0.
1524087157 1 51.9923629761 0. 5.70510654645e-22 0.
1524087217 1 51.8862686157 0. 5.69989833411e-22 0.
1524087278 1 51.8646659851 0. 5.70470199275e-22 0.
1524087338 1 51.6681747437 0. 5.69016710308e-22 0.
1524087398 1 51.6699142456 0. 5.69639607113e-22 0.
1524087458 1 51.6058387756 0. 5.69653575429e-22 0.
1524087518 1 51.5275878906 0. 5.6951720307e-22 0.
1524087578 1 51.2425918579 0. 5.6705183163e-22 0.
1524087638 1 51.1099128723 0. 5.66208327476e-22 0.
1524087698 1 51.0106124878 0. 5.65854088475e-22 0.
1524087759 1 51.0382156372 0. 5.66858361804e-22 0.
1524087819 1 50.8922309875 0. 5.65852731111e-22 0.
1524087879 1 50.7629508972 0. 5.65132626991e-22 0.
1524087939 1 50.7795600891 0. 5.6583295893e-22 0.
1524087999 1 50.6208496094 0. 5.64780930073e-22 0.
1524088059 1 50.6636428833 0. 5.65929321925e-22 0.
1524088119 1 50.5784263611 0. 5.65639235391e-22 0.
1524088180 1 50.4536895752 0. 5.64944221226e-22 0.
1524088240 1 50.302646637 0. 5.63939003738e-22 0.
1524088300 1 50.1526794434 0. 5.62970309616e-22 0.
1524088360 1 50.0323028564 0. 5.62208848772e-22 0.
1524088420 1 49.90209198 0. 5.61393097124e-22 0.
1524088481 1 50.0274353027 0. 5.63503570139e-22 0.
1524088541 1 49.9009933472 0. 5.62773062672e-22 0.
1524088601 1 49.9523239136 0. 5.64023668441e-22 0.
1524088661 1 49.7765541077 0. 5.62631391453e-22 0.
1524088721 1 49.7441902161 0. 5.62902917071e-22 0.
1524088781 1 49.6429519653 0. 5.62423697333e-22 0.
1524088841 1 49.5293769836 0. 5.61792574857e-22 0.
1524088902 1 49.4901390076 0. 5.6208168414e-22 0.
1524088962 1 49.3249855042 0. 5.60755535641e-22 0.
1524089022 1 49.273815155 0. 5.60870777523e-22 0.
1524089082 1 49.0923309326 0. 5.59490968409e-22 0.
1524089143 1 48.9721603394 0. 5.58660676139e-22 0.
1524089203 1 49.0085334778 0. 5.59718834083e-22 0.
1524089263 1 48.9661483765 0. 5.59963839536e-22 0.
1524089323 1 48.9390945435 0. 5.60300450145e-22 0.
1524089383 1 48.9269104004 0. 5.60777527609e-22 0.
1524089444 1 48.8853569031 0. 5.60961055815e-22 0.
1524089504 1 48.7834663391 0. 5.60396382706e-22 0.
1524089564 1 48.7109184265 0. 5.60250032505e-22 0.
1524089624 1 48.617313385 0. 5.59713272435e-22 0.
1524089685 1 48.5420646667 0. 5.59524345484e-22 0.
1524089745 1 48.3841514587 0. 5.58371620962e-22 0.
1524089805 1 48.3083076477 0. 5.58170836308e-22 0.
1524089865 1 48.2246131897 0. 5.57712685022e-22 0.
1524089925 1 48.1492156982 0. 5.5761771939e-22 0.
1524089986 1 47.9969291687 0. 5.56537143034e-22 0.
1524090046 1 47.9795646667 0. 5.56930518812e-22 0.
1524090106 1 47.9184875488 0. 5.56800387112e-22 0.
1524090166 1 47.8552589417 0. 5.56620341511e-22 0.
1524090226 1 47.6809654236 0. 5.55325987278e-22 0.
1524090287 1 47.4886169434 0. 5.53683392723e-22 0.
1524090347 1 47.4199256897 0. 5.53615968001e-22 0.
1524090407 1 47.53074646 0. 5.55483725218e-22 0.
1524090467 1 47.3931732178 0. 5.54458664195e-22 0.
1524090527 1 47.4220695496 0. 5.5548048964e-22 0.
1524090587 1 47.3194656372 0. 5.54857453869e-22 0.
1524090648 1 47.2318916321 0. 5.54446068882e-22 0.
1524090708 1 47.1523590088 0. 5.54206775495e-22 0.
1524090768 1 47.0291595459 0. 5.5328607711e-22 0.
1524090828 1 46.9382133484 0. 5.52868730261e-22 0.
1524090888 1 46.7944984436 0. 5.51914322865e-22 0.
1524090948 1 46.5955848694 0. 5.50072773181e-22 0.
1524091008 1 46.6214027405 0. 5.51020722635e-22 0.
1524091069 1 46.5958633423 0. 5.51208966021e-22 0.
1524091129 1 46.5701599121 0. 5.51646977711e-22 0.
1524091189 1 46.4973297119 0. 5.51326089487e-22 0.
1524091249 1 46.4872894287 0. 5.51839224315e-22 0.
1524091309 1 46.4325523376 0. 5.51752130238e-22 0.
1524091369 1 46.3627090454 0. 5.51555181935e-22 0.
1524091430 1 46.329460144 0. 5.5182996065e-22 0.
1524091490 1 46.1874275208 0. 5.50726436492e-22 0.
1524091550 1 46.1078453064 0. 5.50403106062e-22 0.
1524091610 1 45.6870269775 0. 5.45870538592e-22 0.
1524091670 1 45.915145874 0. 5.49333900576e-22 0.
1524091730 1 45.9448013306 0. 5.50253474232e-22 0.
1524091791 1 45.7986755371 0. 5.49119117895e-22 0.
1524091851 1 45.6792869568 0. 5.48300971848e-22 0.
1524091911 1 45.5934677124 0. 5.47921138639e-22 0.
1524091971 1 45.6069259644 0. 5.48555349407e-22 0.
1524092031 1 45.649559021 0. 5.49814591058e-22 0.
1524092092 1 45.5743331909 0. 5.49464428046e-22 0.
1524092152 1 44.9751586914 0. 5.42805638476e-22 0.
1524092212 1 44.9509429932 0. 5.43114344708e-22 0.
1524092272 1 44.8958511353 0. 5.4295740173e-22 0.
1524092333 1 44.7538719177 0. 5.41867281624e-22 0.
1524092393 1 44.6717987061 0. 5.41516513731e-22 0.
1524092453 1 44.6258354187 0. 5.41551204093e-22 0.
1524092513 1 44.4776306152 0. 5.40300148922e-22 0.
1524092573 1 44.4607849121 0. 5.40666361889e-22 0.
1524092633 1 44.4501876831 0. 5.41115921188e-22 0.
1524092693 1 44.146812439 0. 5.38068070725e-22 0.
1524092754 1 43.9595298767 0. 5.3636070455e-22 0.
1524092814 1 43.9981803894 0. 5.37384003836e-22 0.
1524092874 1 44.0463371277 0. 5.38532112887e-22 0.
1524092934 1 44.0208892822 0. 5.38809012164e-22 0.
1524092994 1 43.9429893494 0. 5.38402146457e-22 0.
1524093054 1 43.9776153564 0. 5.39461940032e-22 0.
1524093114 1 43.8632659912 0. 5.38601479823e-22 0.
1524093175 1 43.7749328613 0. 5.38095055461e-22 0.
1524093235 1 43.7418632507 0. 5.38258594651e-22 0.
1524093295 1 43.6389846802 0. 5.3759255336e-22 0.
1524093351 1 43.5767974854 0. 5.37319896294e-22 0.
1524093406 1 43.5700950623 0. 5.37798538886e-22 0.
1524093466 1 43.4689865112 0. 5.37012125634e-22 0.
1524093526 1 43.4584274292 0. 5.37545569937e-22 0.
1524093587 1 43.3474693298 0. 5.36699456688e-22 0.
1524093647 1 43.2956619263 0. 5.36642891007e-22 0.
1524093707 1 43.2132720947 0. 5.36164994276e-22 0.
1524093767 1 43.1124763489 0. 5.35465788883e-22 0.
1524093828 1 43.0478553772 0. 5.35363677111e-22 0.
1524093888 1 43.0133056641 0. 5.35381255437e-22 0.
1524093948 1 42.9649581909 0. 5.35333052308e-22 0.
1524094008 1 42.9267616272 0. 5.35392753065e-22 0.
1524094068 1 42.8881759644 0. 5.35549474672e-22 0.
1524094129 1 42.6584281921 0. 5.33231209245e-22 0.
1524094189 1 42.7382965088 0. 5.34858586706e-22 0.
1524094249 1 42.5722389221 0. 5.333228844e-22 0.
1524094309 1 42.5543403625 0. 5.33642572189e-22 0.
1524094369 1 42.5028533936 0. 5.33491316715e-22 0.
1524094429 1 42.4410896301 0. 5.33363968713e-22 0.
1524094489 1 42.4191398621 0. 5.33586076924e-22 0.
1524094550 1 42.3695449829 0. 5.33504138007e-22 0.
1524094610 1 42.2972450256 0. 5.33178925271e-22 0.
1524094670 1 42.2798423767 0. 5.33453067687e-22 0.
1524094730 1 42.1634635925 0. 5.32589688889e-22 0.
1524094790 1 42.0983085632 0. 5.32262586284e-22 0.
1524094850 1 42.0810012817 0. 5.32662702736e-22 0.
1524094911 1 41.9800567627 0. 5.31928833257e-22 0.
1524094971 1 41.8998069763 0. 5.31491127157e-22 0.
1524095031 1 41.8329734802 0. 5.31169342961e-22 0.
1524095091 1 41.8065071106 0. 5.31478935765e-22 0.
1524095151 1 41.8067207336 0. 5.320508079e-22 0.
1524095211 1 41.725643158 0. 5.31582889066e-22 0.
1524095271 1 41.633430481 0. 5.30937463777e-22 0.
1524095332 1 41.6679916382 0. 5.31897464658e-22 0.
1524095392 1 41.5169219971 0. 5.30479609501e-22 0.
1524095452 1 41.4532394409 0. 5.30186117147e-22 0.
1524095512 1 41.4160423279 0. 5.30342501575e-22 0.
1524095572 1 41.3740005493 0. 5.30297948212e-22 0.
1524095632 1 41.3606567383 0. 5.30714385083e-22 0.
1524095693 1 41.3226203918 0. 5.30769661847e-22 0.
1524095753 1 41.2130241394 0. 5.29909325422e-22 0.
1524095813 1 41.1403656006 0. 5.29474001139e-22 0.
1524095873 1 41.0654220581 0. 5.2907873126e-22 0.
1524095933 1 41.0082168579 0. 5.28877635913e-22 0.
1524095993 1 40.947052002 0. 5.28703764329e-22 0.
1524096054 1 40.8886222839 0. 5.28482787978e-22 0.
1524096114 1 40.9194984436 0. 5.29425942303e-22 0.
1524096174 1 40.8382415771 0. 5.28837346606e-22 0.
1524096234 1 40.7225074768 0. 5.27914835628e-22 0.
1524096294 1 40.6399078369 0. 5.27387609472e-22 0.
1524096355 1 40.5679206848 0. 5.26940031277e-22 0.
1524096415 1 40.5198707581 0. 5.26863988449e-22 0.
1524096475 1 40.3978271484 0. 5.25840229048e-22 0.
1524096535 1 40.2924079895 0. 5.25025311793e-22 0.
1524096596 1 40.3060150146 0. 5.25696205948e-22 0.
1524096656 1 40.3484725952 0. 5.26814784144e-22 0.
1524096716 1 40.2606925964 0. 5.26174531374e-22 0.
1524096776 1 40.2835426331 0. 5.27015542294e-22 0.
1524096836 1 40.3002357483 0. 5.277899908e-22 0.
1524096897 1 40.2549057007 0. 5.27733881598e-22 0.
1524096957 1 40.1983146667 0. 5.27556838318e-22 0.
1524097017 1 40.1864585876 0. 5.27940246145e-22 0.
1524097077 1 40.0942840576 0. 5.27198722706e-22 0.
1524097138 1 40.0543212891 0. 5.27315404156e-22 0.
1524097198 1 39.9458084106 0. 5.26383370023e-22 0.
1524097258 1 39.7790336609 0. 5.24708592861e-22 0.
1524097318 1 39.728263855 0. 5.24604572153e-22 0.
1524097378 1 39.7124214172 0. 5.24909123117e-22 0.
1524097438 1 39.6903572083 0. 5.25115924054e-22 0.
1524097499 1 39.637752533 0. 5.24943340551e-22 0.
1524097559 1 39.5810203552 0. 5.24670094483e-22 0.
1524097619 1 39.6742935181 0. 5.26463997732e-22 0.
1524097679 1 39.5415344238 0. 5.25233092651e-22 0.
1524097740 1 39.4081344604 0. 5.2393928216e-22 0.
1524097800 1 39.3172302246 0. 5.23235486426e-22 0.
1524097860 1 39.1097869873 0. 5.20945687557e-22 0.
1524097920 1 39.0224914551 0. 5.2040733772e-22 0.
1524097980 1 39.0009422302 0. 5.20605663295e-22 0.
1524098040 1 39.0482673645 0. 5.21745553877e-22 0.
1524098101 1 39.0320968628 0. 5.22116999181e-22 0.
1524098161 1 38.9705276489 0. 5.21755528767e-22 0.
1524098221 1 38.9513473511 0. 5.22098683662e-22 0.
1524098281 1 38.9474945068 0. 5.22525608048e-22 0.
1524098342 1 38.8599281311 0. 5.21835833293e-22 0.
1524098402 1 38.8096618652 0. 5.21741359537e-22 0.
1524098462 1 38.7919502258 0. 5.22022820733e-22 0.
1524098522 1 38.7224311829 0. 5.21550846441e-22 0.
1524098582 1 38.6829719543 0. 5.21582553318e-22 0.
1524098643 1 38.4863929749 0. 5.19468037576e-22 0.
1524098703 1 38.4567337036 0. 5.19486723869e-22 0.
1524098763 1 38.5040664673 0. 5.20659038631e-22 0.
1524098823 1 38.5453948975 0. 5.21772018196e-22 0.
1524098883 1 38.5086212158 0. 5.21800869978e-22 0.
1524098943 1 38.4764976501 0. 5.21912071105e-22 0.
1524099003 1 38.4534683228 0. 5.22109216048e-22 0.
1524099064 1 38.319229126 0. 5.20817943034e-22 0.
1524099124 1 38.3368911743 0. 5.21470614678e-22 0.
1524099184 1 38.3154373169 0. 5.21755167689e-22 0.
1524099244 1 38.2766876221 0. 5.21772362684e-22 0.
1524099304 1 38.2180976868 0. 5.21481941913e-22 0.
1524099364 1 38.1858329773 0. 5.21440587136e-22 0.
1524099424 1 38.1707763672 0. 5.21836251491e-22 0.
1524099485 1 38.1175193787 0. 5.21610900247e-22 0.
1524099545 1 38.0354309082 0. 5.20957074382e-22 0.
1524099605 1 37.9305648804 0. 5.20044840657e-22 0.
1524099665 1 37.8072814941 0. 5.18856142121e-22 0.
1524099725 1 37.6858482361 0. 5.17726755301e-22 0.
1524099785 1 37.6373291016 0. 5.17535224355e-22 0.
1524099846 1 37.8874588013 0. 5.21543111699e-22 0.
1524099906 1 37.3976669312 0. 5.15265225084e-22 0.
1524099966 1 37.3418502808 0. 5.14989030044e-22 0.
1524100026 1 37.2227554321 0. 5.13923184845e-22 0.
1524100086 1 36.9969749451 0. 5.11277507177e-22 0.
1524100147 1 37.0327224731 0. 5.12222391066e-22 0.
1524100207 1 37.036113739 0. 5.12769597599e-22 0.
1524100267 1 37.0926437378 0. 5.14028292181e-22 0.
1524100327 1 37.0604324341 0. 5.14107877455e-22 0.
1524100387 1 37.1044425964 0. 5.15258180336e-22 0.
1524100448 1 37.1319007874 0. 5.16102722739e-22 0.
1524100508 1 37.0907020569 0. 5.15987253175e-22 0.
1524100568 1 37.1174278259 0. 5.16888366809e-22 0.
1524100628 1 37.0705184937 0. 5.16702315983e-22 0.
1524100677 1 37.0037078857 0. 5.16322090846e-22 0.
1524100726 1 37.0597763062 0. 5.17424036426e-22 0.
1524100774 1 37.0095329285 0. 5.17035508445e-22 0.
1524100823 1 37.0035209656 0. 5.17460325602e-22 0.
1524100883 1 37.0163040161 0. 5.18154182053e-22 0.
1524100943 1 37.0009803772 0. 5.184000848e-22 0.
1524101003 1 36.931640625 0. 5.17946100282e-22 0.
1524101063 1 36.9429702759 0. 5.1861961904e-22 0.
1524101123 1 36.7514457703 0. 5.16429658879e-22 0.
1524101184 1 36.6351776123 0. 5.15358653531e-22 0.
1524101244 1 36.6815910339 0. 5.16445200245e-22 0.
1524101304 1 36.662651062 0. 5.16707811662e-22 0.
1524101364 1 36.6242866516 0. 5.16531912371e-22 0.
1524101424 1 36.647064209 0. 5.17418480259e-22 0.
1524101485 1 36.5234489441 0. 5.16183906621e-22 0.
1524101545 1 36.4006614685 0. 5.14931255355e-22 0.
1524101605 1 36.4117584229 0. 5.15545965843e-22 0.
1524101665 1 36.4076080322 0. 5.15993900577e-22 0.
1524101725 1 36.3776855469 0. 5.15965510303e-22 0.
1524101785 1 36.2585144043 0. 5.14827119337e-22 0.
1524101846 1 36.2479743958 0. 5.15233343089e-22 0.
1524101906 1 36.2526664734 0. 5.1580473858e-22 0.
1524101966 1 36.1831359863 0. 5.15200198895e-22 0.
1524102026 1 36.2487792969 0. 5.16718922185e-22 0.
1524102086 1 36.2823600769 0. 5.17712962343e-22 0.
1524102146 1 36.1839447021 0. 5.16791226647e-22 0.
1524102206 1 36.0992050171 0. 5.16087503925e-22 0.
1524102267 1 35.9593963623 0. 5.14496544931e-22 0.
1524102327 1 35.8545951843 0. 5.1348580194e-22 0.
1524102387 1 35.8523330688 0. 5.13954879431e-22 0.
1524102447 1 35.8494644165 0. 5.14371677321e-22 0.
1524102507 1 35.8271064758 0. 5.14577118919e-22 0.
1524102567 1 35.8267288208 0. 5.15036419888e-22 0.
1524102628 1 35.7867202759 0. 5.14963331929e-22 0.
1524102688 1 35.7425842285 0. 5.14796743859e-22 0.
1524102748 1 35.6836624146 0. 5.14432308009e-22 0.
1524102808 1 35.7279853821 0. 5.15578601847e-22 0.
1524102868 1 35.6891403198 0. 5.15484495681e-22 0.
1524102929 1 35.6963272095 0. 5.16124596448e-22 0.
1524102989 1 35.6600608826 0. 5.16065231944e-22 0.
1524103049 1 35.6039352417 0. 5.15729019972e-22 0.
1524103109 1 35.6031684875 0. 5.16233098299e-22 0.
1524103169 1 35.4664154053 0. 5.14724928233e-22 0.
1524103230 1 35.4986953735 0. 5.156444522e-22 0.
1524103290 1 35.3660621643 0. 5.14255110719e-22 0.
1524103350 1 35.35679245 0. 5.14643728583e-22 0.
1524103410 1 35.3585891724 0. 5.15109962267e-22 0.
1524103470 1 35.2692680359 0. 5.14200303659e-22 0.
1524103530 1 35.24451828 0. 5.1444456304e-22 0.
1524103590 1 35.1601409912 0. 5.13666899629e-22 0.
1524103651 1 35.1156997681 0. 5.13442107245e-22 0.
1524103711 1 34.9838180542 0. 5.12009767483e-22 0.
1524103771 1 35.0091629028 0. 5.12845998058e-22 0.
1524103831 1 35.0180053711 0. 5.13422822077e-22 0.
1524103891 1 34.9629898071 0. 5.13171812245e-22 0.
1524103952 1 35.0036239624 0. 5.14279505811e-22 0.
1524104012 1 34.9360580444 0. 5.13711091319e-22 0.
1524104072 1 34.8083992004 0. 5.12337359565e-22 0.
1524104132 1 34.823802948 0. 5.12992791053e-22 0.
1524104192 1 34.7379837036 0. 5.12138814702e-22 0.
1524104253 1 34.7363891602 0. 5.12677926605e-22 0.
1524104313 1 34.687210083 0. 5.12406625882e-22 0.
1524104373 1 34.6943092346 0. 5.13078274761e-22 0.
1524104433 1 34.6539535522 0. 5.1290752475e-22 0.
1524104493 1 34.6691093445 0. 5.13619962637e-22 0.
1524104554 1 34.6593132019 0. 5.13965413589e-22 0.
1524104614 1 34.6328163147 0. 5.14044360364e-22 0.
1524104674 1 34.5303077698 0. 5.12963379096e-22 0.
1524104734 1 34.459400177 0. 5.12430430821e-22 0.
1524104794 1 34.3851928711 0. 5.11761557414e-22 0.
1524104854 1 34.3475799561 0. 5.11693211469e-22 0.
1524104915 1 34.3985786438 0. 5.12891582565e-22 0.
1524104975 1 34.2677230835 0. 5.11412117596e-22 0.
1524105035 1 34.2795791626 0. 5.12078851398e-22 0.
1524105095 1 34.2231864929 0. 5.11690049935e-22 0.
1524105155 1 34.2066345215 0. 5.11978918615e-22 0.
1524105216 1 34.1534309387 0. 5.11581802515e-22 0.
1524105276 1 34.1023254395 0. 5.11280490426e-22 0.
1524105336 1 34.1127357483 0. 5.11873537008e-22 0.
1524105396 1 34.0415649414 0. 5.11328623752e-22 0.
1524105456 1 34.0376548767 0. 5.11757260226e-22 0.
1524105516 1 33.9616241455 0. 5.11129699592e-22 0.
1524105577 1 33.9367446899 0. 5.11157216895e-22 0.
1524105637 1 33.8215560913 0. 5.09909329843e-22 0.
1524105697 1 33.7971725464 0. 5.09906341694e-22 0.
1524105757 1 33.7722129822 0. 5.10015669052e-22 0.
1524105817 1 33.7867202759 0. 5.10773956496e-22 0.
1524105877 1 33.7855300903 0. 5.1125729924e-22 0.
1524105933 1 33.7182884216 0. 5.10658945712e-22 0.
1524105990 1 33.6945266724 0. 5.10706317141e-22 0.
1524106050 1 33.628288269 0. 5.10136794445e-22 0.
1524106110 1 33.6272735596 0. 5.10577753976e-22 0.
1524106170 1 33.5743598938 0. 5.10256510626e-22 0.
1524106230 1 33.5915679932 0. 5.11007350783e-22 0.
1524106290 1 33.5672111511 0. 5.11158002153e-22 0.
1524106351 1 33.5914306641 0. 5.11964369509e-22 0.
1524106411 1 33.605140686 0. 5.12597923637e-22 0.
1524106471 1 33.5532798767 0. 5.12254876344e-22 0.
1524106531 1 33.5112991333 0. 5.12129830348e-22 0.
1524106591 1 33.4673690796 0. 5.11931396522e-22 0.
1524106652 1 33.4729690552 0. 5.12462203608e-22 0.
1524106712 1 33.4524536133 0. 5.12609727202e-22 0.
1524106772 1 33.4234657288 0. 5.12647293229e-22 0.
1524106832 1 33.4086532593 0. 5.12834015549e-22 0.
1524106892 1 33.3857955933 0. 5.12974666763e-22 0.
1524106953 1 33.3960533142 0. 5.13615595515e-22 0.
1524107013 1 33.3334960938 0. 5.13094040824e-22 0.
1524107073 1 33.184841156 0. 5.11257298619e-22 0.
1524107133 1 33.1998672485 0. 5.11974481505e-22 0.
1524107194 1 33.1483383179 0. 5.11662529669e-22 0.
1524107254 1 33.1516952515 0. 5.12129615108e-22 0.
1524107314 1 33.1479530334 0. 5.1258876851e-22 0.
1524107374 1 33.1882858276 0. 5.13580497919e-22 0.
1524107434 1 32.7137451172 0. 5.06730805171e-22 0.
1524107495 1 32.6974487305 0. 5.06932751806e-22 0.
1524107555 1 32.6573600769 0. 5.06810018575e-22 0.
1524107615 1 32.5802192688 0. 5.06024882034e-22 0.
1524107675 1 32.5421714783 0. 5.05890286122e-22 0.
1524107735 1 32.5326957703 0. 5.06170016814e-22 0.
1524107795 1 32.5569572449 0. 5.07018967644e-22 0.
1524107856 1 32.5846710205 0. 5.07880618127e-22 0.
1524107916 1 32.5300674438 0. 5.07494684702e-22 0.
1524107976 1 32.4906578064 0. 5.07328003561e-22 0.
1524108036 1 32.442779541 0. 5.07025233973e-22 0.
1524108096 1 32.3368186951 0. 5.05749843555e-22 0.
1524108157 1 32.2054862976 0. 5.04244377685e-22 0.
1524108217 1 32.2547683716 0. 5.05406607213e-22 0.
1524108277 1 32.2226142883 0. 5.05349868349e-22 0.
1524108337 1 32.2572097778 0. 5.06279059056e-22 0.
1524108397 1 32.2275009155 0. 5.06354507323e-22 0.
1524108457 1 32.1687965393 0. 5.05912461985e-22 0.
1524108517 1 32.1716384888 0. 5.06410688095e-22 0.
1524108578 1 32.0891647339 0. 5.05548076673e-22 0.
1524108638 1 32.0986480713 0. 5.06123587382e-22 0.
1524108698 1 32.049621582 0. 5.05799411422e-22 0.
1524108758 1 32.0434188843 0. 5.06140873506e-22 0.
1524108818 1 32.0062026978 0. 5.06035764751e-22 0.
1524108879 1 31.959104538 0. 5.05704167105e-22 0.
1524108939 1 31.9028720856 0. 5.05258373455e-22 0.
1524108999 1 31.8542690277 0. 5.04969337488e-22 0.
1524109060 1 31.8292198181 0. 5.04957821535e-22 0.
1524109120 1 31.7057666779 0. 5.03464112262e-22 0.
1524109180 1 31.5928287506 0. 5.02105173939e-22 0.
1524109240 1 31.6350784302 0. 5.0323196676e-22 0.
1524109300 1 31.6056118011 0. 5.03201091594e-22 0.
1524109360 1 31.6773014069 0. 5.04751215227e-22 0.
1524109420 1 31.6293258667 0. 5.04418913275e-22 0.
1524109481 1 31.5447864532 0. 5.03559204835e-22 0.
1524109541 1 31.5771045685 0. 5.04545926247e-22 0.
1524109601 1 31.5865345001 0. 5.05040278061e-22 0.
1524109661 1 31.4921379089 0. 5.04050574376e-22 0.
1524109721 1 31.4460582733 0. 5.03712771086e-22 0.
1524109782 1 31.3262176514 0. 5.02265067991e-22 0.
1524109842 1 31.1652908325 0. 5.00119453862e-22 0.
1524109902 1 31.1256942749 0. 4.99852509783e-22 0.
1524109962 1 31.1646499634 0. 5.00889486264e-22 0.
1524110022 1 31.1287136078 0. 5.00808310883e-22 0.
1524110082 1 31.0664768219 0. 5.00198853238e-22 0.
1524110142 1 31.0426177979 0. 5.00286438756e-22 0.
1524110203 1 30.9931964874 0. 4.99871478081e-22 0.
1524110263 1 30.8391857147 0. 4.97882881938e-22 0.
1524110323 1 30.8288211823 0. 4.98152634598e-22 0.
1524110383 1 30.8536300659 0. 4.99016756705e-22 0.
1524110443 1 30.8866386414 0. 4.99927472316e-22 0.
1524110504 1 30.865978241 0. 5.00068721543e-22 0.
1524110564 1 30.8478431702 0. 5.0019032532e-22 0.
1524110624 1 30.7891864777 0. 4.9973461241e-22 0.
1524110684 1 30.6943321228 0. 4.98590071181e-22 0.
1524110744 1 30.7376384735 0. 4.99715106341e-22 0.
1524110804 1 30.6701602936 0. 4.99056486619e-22 0.
1524110865 1 30.6511917114 0. 4.99211569774e-22 0.
1524110925 1 30.5543670654 0. 4.98007150017e-22 0.
1524110985 1 30.5341205597 0. 4.98208795305e-22 0.
1524111045 1 30.4810943604 0. 4.97764062897e-22 0.
1524111105 1 30.4806098938 0. 4.98138462453e-22 0.
1524111166 1 30.4236736298 0. 4.97618936283e-22 0.
1524111226 1 30.3555316925 0. 4.9701329775e-22 0.
1524111286 1 30.2832603455 0. 4.96138196114e-22 0.
1524111346 1 30.2930736542 0. 4.96746828902e-22 0.
1524111393 1 30.2108764648 0. 4.95696065553e-22 0.
1524111440 1 30.0960388184 0. 4.94168164806e-22 0.
1524111500 1 30.0016498566 0. 4.93052811482e-22 0.
1524111561 1 29.996673584 0. 4.93369555478e-22 0.
1524111621 1 30.078584671 0. 4.95136831252e-22 0.
1524111681 1 30.0194549561 0. 4.94654765727e-22 0.
1524111741 1 30.0159435272 0. 4.94927164791e-22 0.
1524111801 1 29.9732913971 0. 4.94616535175e-22 0.
1524111861 1 29.9454689026 0. 4.94648080798e-22 0.
1524111921 1 29.9684505463 0. 4.9541012616e-22 0.
1524111982 1 29.8854789734 0. 4.94466922314e-22 0.
1524112042 1 29.8397445679 0. 4.94133448617e-22 0.
1524112102 1 29.7632369995 0. 4.9328891887e-22 0.
1524112162 1 29.7519664764 0. 4.93518255526e-22 0.
1524112222 1 29.7520542145 0. 4.93932890005e-22 0.
1524112282 1 29.7227592468 0. 4.93881806187e-22 0.
1524112343 1 29.7163696289 0. 4.94220446808e-22 0.
1524112403 1 29.6727752686 0. 4.93886047181e-22 0.
1524112463 1 29.6812000275 0. 4.94413697445e-22 0.
1524112523 1 29.635684967 0. 4.94052952705e-22 0.
1524112583 1 29.571975708 0. 4.93410386204e-22 0.
1524112643 1 29.5965919495 0. 4.94252220678e-22 0.
1524112704 1 29.5879516602 0. 4.94529738923e-22 0.
1524112764 1 29.5438652039 0. 4.94249152705e-22 0.
1524112824 1 29.5086116791 0. 4.94023834929e-22 0.
1524112884 1 29.4495735168 0. 4.93437978892e-22 0.
1524112944 1 29.381149292 0. 4.92670535927e-22 0.
1524113004 1 29.2099609375 0. 4.9029258326e-22 0.
1524113064 1 29.3529090881 0. 4.93040429495e-22 0.
1524113125 1 29.2390956879 0. 4.91603873758e-22 0.
1524113185 1 29.2216682434 0. 4.91742643095e-22 0.
1524113245 1 29.177444458 0. 4.91408001695e-22 0.
1524113305 1 29.1540031433 0. 4.91383033024e-22 0.
1524113365 1 29.1134738922 0. 4.91166388825e-22 0.
1524113425 1 29.0792865753 0. 4.9092696852e-22 0.
1524113485 1 29.0316543579 0. 4.90529065876e-22 0.
1524113546 1 29.0549621582 0. 4.91352191644e-22 0.
1524113606 1 29.0033779144 0. 4.90954792011e-22 0.
1524113666 1 28.9782066345 0. 4.9089796271e-22 0.
1524113726 1 28.9569091797 0. 4.909419712e-22 0.
1524113786 1 28.9427642822 0. 4.91191786076e-22 0.
1524113846 1 28.8595371246 0. 4.90148781564e-22 0.
1524113907 1 28.8446159363 0. 4.90250509681e-22 0.
1524113967 1 28.8005466461 0. 4.89880099228e-22 0.
1524114027 1 28.82604599 0. 4.90756534002e-22 0.
1524114087 1 28.8498516083 0. 4.91565669713e-22 0.
1524114147 1 28.7769241333 0. 4.90746749192e-22 0.
1524114207 1 28.7314777374 0. 4.9037926359e-22 0.
1524114267 1 28.7357711792 0. 4.90814551176e-22 0.
1524114327 1 28.733997345 0. 4.91237966608e-22 0.
1524114388 1 28.7138271332 0. 4.91337882194e-22 0.
1524114448 1 28.6305751801 0. 4.90280003942e-22 0.
1524114508 1 28.5969390869 0. 4.90080431248e-22 0.
1524114568 1 28.4991569519 0. 4.88859010012e-22 0.
1524114628 1 28.1625289917 0. 4.8337433338e-22 0.
1524114688 1 27.9130516052 0. 4.79551805827e-22 0.
1524114749 1 27.8246688843 0. 4.78407471984e-22 0.
1524114809 1 27.8350009918 0. 4.78988672498e-22 0.
1524114869 1 27.8652305603 0. 4.79907348578e-22 0.
1524114929 1 27.8219680786 0. 4.79557260456e-22 0.
1524114989 1 27.7736186981 0. 4.79082327989e-22 0.
1524115049 1 27.7637252808 0. 4.79356321305e-22 0.
1524115109 1 27.765001297 0. 4.79703433394e-22 0.
1524115170 1 27.6763076782 0. 4.78556783928e-22 0.
1524115230 1 27.773349762 0. 4.8061326636e-22 0.
1524115290 1 29.8954353333 0. 5.17857359774e-22 0.
1524115350 1 29.9478607178 0. 5.19238067355e-22 0.
1524115410 1 29.889289856 0. 5.18581971813e-22 0.
1524115471 1 29.8204441071 0. 5.17897578136e-22 0.
1524115531 1 29.793756485 0. 5.17880011301e-22 0.
1524115591 1 29.7708454132 0. 5.17958138819e-22 0.
1524115651 1 29.7344837189 0. 5.17747200886e-22 0.
1524115711 1 29.6931610107 0. 5.17468137734e-22 0.
1524115771 1 29.6766166687 0. 5.17673698446e-22 0.
1524115832 1 29.6395130157 0. 5.17399786766e-22 0.
1524115892 1 29.6106929779 0. 5.17358512119e-22 0.
1524115952 1 29.5677623749 0. 5.16986395671e-22 0.
1524116012 1 29.5651264191 0. 5.17416344757e-22 0.
1524116072 1 29.5400180817 0. 5.17391753589e-22 0.
1524116132 1 29.4907245636 0. 5.16919989969e-22 0.
1524116193 1 29.480928421 0. 5.17278586512e-22 0.
1524116253 1 29.4373111725 0. 5.16951075222e-22 0.
1524116313 1 29.3923072815 0. 5.16628517011e-22 0.
1524116373 1 29.4066753387 0. 5.17274045086e-22 0.
1524116434 1 29.3372344971 0. 5.1653942326e-22 0.
1524116494 1 29.3094825745 0. 5.1650235789e-22 0.
1524116554 1 29.270160675 0. 5.16241638386e-22 0.
1524116614 1 29.2594547272 0. 5.16427793642e-22 0.
1524116674 1 29.2370738983 0. 5.16461121194e-22 0.
1524116734 1 29.2039260864 0. 5.16307655747e-22 0.
1524116794 1 29.1548347473 0. 5.15862088626e-22 0.
1524116854 1 29.1042804718 0. 5.1546588542e-22 0.
1524116915 1 29.065246582 0. 5.15199413064e-22 0.
1524116975 1 29.0467529297 0. 5.15232398088e-22 0.
1524117035 1 29.0278358459 0. 5.15337274711e-22 0.
1524117095 1 29.0163650513 0. 5.1560108754e-22 0.
1524117155 1 28.9417171478 0. 5.14727534852e-22 0.
1524117215 1 28.9496898651 0. 5.15241825424e-22 0.
1524117276 1 28.9412097931 0. 5.15543960938e-22 0.
1524117336 1 29.5014705658 0. 5.25982558711e-22 0.
1524117396 1 29.7758102417 0. 5.3139319659e-22 0.
1524117456 1 29.6747550964 0. 5.30061564854e-22 0.
1524117516 1 29.6683979034 0. 5.30412225171e-22 0.
1524117577 1 29.6746425629 0. 5.30948873235e-22 0.
1524117637 1 29.6308078766 0. 5.30603065383e-22 0.
1524117697 1 29.6068229675 0. 5.3058442348e-22 0.
1524117757 1 29.5598201752 0. 5.30209026705e-22 0.
1524117817 1 29.5104312897 0. 5.29822168758e-22 0.
1524117877 1 29.7409553528 0. 5.34485897517e-22 0.
1524117937 1 29.9905662537 0. 5.39422670655e-22 0.
1524117998 1 29.560552597 0. 5.32066458049e-22 0.
1524118058 1 29.2528514862 0. 5.26990105281e-22 0.
1524118118 1 30.3413448334 0. 5.47047400915e-22 0.
1524118178 1 30.2750873566 0. 5.46419508275e-22 0.
1524118238 1 30.2426567078 0. 5.46264905643e-22 0.
1524118298 1 30.550365448 0. 5.52354790544e-22 0.
1524118358 1 30.5785083771 0. 5.53377818835e-22 0.
1524118419 1 30.3657054901 0. 5.5000968241e-22 0.
1524118479 1 30.2475547791 0. 5.48410646354e-22 0.
1524118539 1 31.0533752441 0. 5.63533533845e-22 0.
1524118599 1 31.021030426 0. 5.63447218911e-22 0.
1524118660 1 30.9904327393 0. 5.63432720369e-22 0.
1524118720 1 30.9793281555 0. 5.63701150377e-22 0.
1524118772 1 30.8994560242 0. 5.62715404314e-22 0.
1524118824 1 30.8886108398 0. 5.62898484515e-22 0.
1524118884 1 30.8203735352 0. 5.62253787293e-22 0.
1524118944 1 30.7872772217 0. 5.62163865715e-22 0.
1524119004 1 30.7679481506 0. 5.62253416118e-22 0.
1524119064 1 30.703212738 0. 5.61535404817e-22 0.
1524119125 1 30.6798648834 0. 5.61693917746e-22 0.
1524119185 1 30.6555404663 0. 5.61729204537e-22 0.
1524119245 1 30.6291656494 0. 5.61768918228e-22 0.
1524119305 1 30.5736732483 0. 5.61256235464e-22 0.
1524119365 1 30.5523452759 0. 5.61353369335e-22 0.
1524119425 1 30.5098323822 0. 5.61139665168e-22 0.
1524119485 1 30.4534492493 0. 5.60559427724e-22 0.
1524119546 1 30.4296035767 0. 5.60679567426e-22 0.
1524119606 1 30.3856563568 0. 5.60361752481e-22 0.
1524119666 1 30.3327445984 0. 5.59893485746e-22 0.
1524119726 1 30.3128566742 0. 5.60054362136e-22 0.
1524119786 1 30.2712535858 0. 5.59737861726e-22 0.
1524119847 1 30.2509632111 0. 5.5991858107e-22 0.
1524119907 1 30.2103271484 0. 5.59624394012e-22 0.
1524119967 1 30.168170929 0. 5.59324970411e-22 0.
1524120027 1 30.0930633545 0. 5.58413017472e-22 0.
1524120088 1 30.0500946045 0. 5.58153038866e-22 0.
1524120148 1 30.0364017487 0. 5.58356242407e-22 0.
1524120208 1 29.982465744 0. 5.5782049425e-22 0.
1524120268 1 29.9847717285 0. 5.58355772721e-22 0.
1524120328 1 29.9399776459 0. 5.58116429396e-22 0.
1524120389 1 29.8859043121 0. 5.57559461957e-22 0.
1524120449 1 29.8750839233 0. 5.57820098429e-22 0.
1524120509 1 29.8176994324 0. 5.57264283668e-22 0.
1524120569 1 29.7622127533 0. 5.56758131748e-22 0.
1524120629 1 29.7287158966 0. 5.56651884352e-22 0.
1524120689 1 29.690032959 0. 5.56431626591e-22 0.
1524120749 1 29.6684455872 0. 5.56482345288e-22 0.
1524120810 1 29.6134147644 0. 5.55922210958e-22 0.
1524120870 1 29.6105308533 0. 5.56345546505e-22 0.
1524120930 1 29.5751953125 0. 5.56237672713e-22 0.
1524120990 1 29.5380592346 0. 5.55983200039e-22 0.
1524121050 1 29.5528717041 0. 5.56776841368e-22 0.
1524121110 1 29.5345153809 0. 5.56900512684e-22 0.
1524121171 1 29.5272350311 0. 5.57261793985e-22 0.
1524121231 1 29.4914512634 0. 5.57072832173e-22 0.
1524121291 1 29.501127243 0. 5.57766956905e-22 0.
1524121351 1 29.4603939056 0. 5.5748392465e-22 0.
1524121411 1 29.4172496796 0. 5.57236499007e-22 0.
1524121471 1 29.4315814972 0. 5.57987472754e-22 0.
1524121532 1 29.3705272675 0. 5.57349109224e-22 0.
1524121592 1 29.3434696198 0. 5.57303567689e-22 0.
1524121652 1 29.3108310699 0. 5.57241402863e-22 0.
1524121712 1 29.2849235535 0. 5.57181602021e-22 0.
1524121772 1 29.23279953 0. 5.56715764039e-22 0.
1524121832 1 29.2138786316 0. 5.56857074594e-22 0.
1524121892 1 29.1559886932 0. 5.56236397498e-22 0.
1524121953 1 29.1147346497 0. 5.55957303703e-22 0.
1524122013 1 29.076669693 0. 5.55686780341e-22 0.
1524122073 1 29.0733375549 0. 5.56092419291e-22 0.
1524122133 1 29.0189361572 0. 5.55562281696e-22 0.
1524122193 1 29.0083084106 0. 5.55813313715e-22 0.
1524122253 1 28.952331543 0. 5.55244403308e-22 0.
1524122313 1 28.8943767548 0. 5.54607480572e-22 0.
1524122374 1 28.863571167 0. 5.5451406963e-22 0.
1524122434 1 28.8549633026 0. 5.54826786143e-22 0.
1524122494 1 28.8464412689 0. 5.55156555174e-22 0.
1524122554 1 28.789648056 0. 5.54496881182e-22 0.
1524122614 1 28.7986068726 0. 5.55196417692e-22 0.
1524122674 1 29.2957286835 0. 5.65274646998e-22 0.
1524122734 1 30.6696434021 0. 5.92245724796e-22 0.
1524122795 1 30.6883640289 0. 5.93176687147e-22 0.
1524122855 1 29.2509040833 0. 5.65739581477e-22 0.
1524122915 1 29.6862449646 0. 5.74768386368e-22 0.
1524122975 1 30.976556778 0. 6.00277518627e-22 0.
1524123035 1 30.9644374847 0. 6.00517797988e-22 0.
1524123095 1 30.8731517792 0. 5.99438631324e-22 0.
1524123156 1 30.8693943024 0. 5.99917386934e-22 0.
1524123216 1 30.8069648743 0. 5.99207270481e-22 0.
1524123276 1 30.7527046204 0. 5.98719408485e-22 0.
1524123336 1 31.4145317078 0. 6.1219343685e-22 0.
1524123396 1 32.1548728943 0. 6.27055694621e-22 0.
1524123456 1 31.2967910767 0. 6.10926073277e-22 0.
1524123517 1 31.8840713501 0. 6.2299805757e-22 0.
1524123577 1 32.267993927 0. 6.31161727409e-22 0.
1524123634 1 32.2515563965 0. 6.31461005648e-22 0.
1524123673 1 16.5177154541 0. 3.24043343588e-22 0.
1524123688 1 3.09995603561 0. 6.02603224752e-23 0.
1524123703 1 4.2153377533 0. 8.208829713e-23 0.
1524123718 1 8.51798152924 0. 1.66040396977e-22 0.
1524123727 1 13.4556922913 0. 2.6294026272e-22 0.
1524123735 1 17.7277126312 0. 3.46516568642e-22 0.
1524123744 1 23.1479110718 0. 4.53200218838e-22 0.
1524123752 1 27.581861496 0. 5.40496421947e-22 0.
1524123761 1 30.4532318115 0. 5.97093710313e-22 0.
1524123769 1 32.2008934021 0. 6.31493735657e-22 0.
1524123778 1 29.8423557281 0. 5.85300990062e-22 0.
1524123786 1 28.2962989807 0. 5.55151149847e-22 0.
1524123795 1 21.7691669464 0. 4.26874640907e-22 0.
1524123804 1 18.7261562347 0. 3.6692650451e-22 0.
1524123817 1 15.2368450165 0. 2.986420151e-22 0.
1524123830 1 9.45503234863 0. 1.84990379087e-22 0.
1524123839 1 5.56819343567 0. 1.08928138596e-22 0.
1524123847 1 3.74790167809 0. 7.32407729485e-23 0.
1524123864 1 14.0868110657 0. 2.76833894895e-22 0.
1524123880 1 4.62236166 0. 9.0123863516e-23 0.
1524123888 1 8.27298736572 0. 1.61778375944e-22 0.
1524123897 1 10.9907035828 0. 2.15104812807e-22 0.
1524123910 1 13.0078477859 0. 2.54923933456e-22 0.
1524123922 1 20.023651123 0. 3.92878690899e-22 0.
1524123931 1 24.9117507935 0. 4.8916717206e-22 0.
1524123939 1 28.4077911377 0. 5.57981101473e-22 0.
1524123948 1 30.796546936 0. 6.05218103074e-22 0.
1524123956 1 32.051574707 0. 6.29987490173e-22 0.
1524123970 1 31.2662010193 0. 6.14794655204e-22 0.
1524123983 1 29.1520805359 0. 5.7329693431e-22 0.
1524123992 1 23.6561450958 0. 4.65119271759e-22 0.
1524124000 1 21.0524196625 0. 4.13850188577e-22 0.
1524124008 1 14.8267374039 0. 2.91257757039e-22 0.
1524124017 1 11.9716300964 0. 2.35060276871e-22 0.
1524124025 1 7.38562583923 0. 1.44835239996e-22 0.
1524124033 1 5.22077703476 0. 1.02247598517e-22 0.
1524124042 1 14.3763828278 0. 2.8311461013e-22 0.
1524124076 1 32.0771636963 0. 6.31586443117e-22 0.
1524124136 1 32.0583572388 0. 6.31778991695e-22 0.
1524124196 1 32.0210952759 0. 6.31496203616e-22 0.
1524124256 1 31.9679660797 0. 6.30908468655e-22 0.
1524124316 1 31.9653339386 0. 6.31392060078e-22 0.
1524124377 1 31.8718223572 0. 6.30095416677e-22 0.
1524124437 1 31.8303890228 0. 6.29816578151e-22 0.
1524124497 1 31.7369976044 0. 6.28527952207e-22 0.
1524124557 1 31.7140350342 0. 6.286979264e-22 0.
1524124618 1 31.6730861664 0. 6.28528291463e-22 0.
1524124678 1 31.5921974182 0. 6.27515781305e-22 0.
1524124738 1 31.5674190521 0. 6.27657454919e-22 0.
1524124798 1 31.5782241821 0. 6.28420003788e-22 0.
1524124858 1 31.5350952148 0. 6.28209192288e-22 0.
1524124894 1 18.1462078094 0. 4.0901947545e-22 0.
1524124929 1 0.000362513586879 0. 0.0 0.
