1524246529 1 333.479248047 0. 4.69482213769e-22 0.
1524246537 1 122.32321167 0. 1.74183583092e-22 0.
1524246548 1 52.4078521729 0. 7.40044299378e-23 0.
1524246557 1 85.0578308105 0. 1.20166660824e-22 0.
1524246565 1 116.249710083 0. 1.6390672681e-22 0.
1524246574 1 161.62348938 0. 2.28240814425e-22 0.
1524246583 1 207.370666504 0. 2.92125474554e-22 0.
1524246592 1 251.752578735 0. 3.55211779736e-22 0.
1524246600 1 294.406524658 0. 4.14757334029e-22 0.
1524246609 1 317.350769043 0. 4.473348825e-22 0.
1524246618 1 333.1980896 0. 4.6956508929e-22 0.
1524246627 1 315.639953613 0. 4.44995295578e-22 0.
1524246635 1 302.453582764 0. 4.2643806088e-22 0.
1524246644 1 248.091888428 0. 3.50183197126e-22 0.
1524246653 1 220.981109619 0. 3.11732198578e-22 0.
1524246662 1 158.903442383 0. 2.24696926899e-22 0.
1524246671 1 129.81086731 0. 1.83373597198e-22 0.
1524246679 1 84.5358886719 0. 1.19693731489e-22 0.
1524246688 1 62.0421524048 0. 8.78028085097e-23 0.
1524246704 1 138.331695557 0. 1.97923297291e-22 0.
1524246721 1 53.8610153198 0. 7.68473381326e-23 0.
1524246729 1 84.8369598389 0. 1.20938631438e-22 0.
1524246738 1 110.740776062 0. 1.57638270626e-22 0.
1524246746 1 153.962966919 0. 2.19104356517e-22 0.
1524246755 1 196.684341431 0. 2.79185391233e-22 0.
1524246762 1 224.34475708 0. 3.18511986804e-22 0.
1524246766 1 288.482330322 0. 4.0811579752e-22 0.
1524246772 1 287.919708252 0. 4.07544443414e-22 0.
1524246780 1 314.254425049 0. 4.44539881317e-22 0.
1524246789 1 332.581176758 0. 4.7000238861e-22 0.
1524246797 1 311.85635376 0. 4.40757159331e-22 0.
1524246806 1 297.844848633 0. 4.20805060464e-22 0.
1524246815 1 236.383285522 0. 3.34670185015e-22 0.
1524246823 1 208.026733398 0. 2.94471563834e-22 0.
1524246832 1 144.838012695 0. 2.05775452491e-22 0.
1524246841 1 118.250717163 0. 1.67953771187e-22 0.
1524246849 1 77.7171859741 0. 1.10722672842e-22 0.
1524246857 1 57.4824104309 0. 8.19349297679e-23 0.
1524246866 1 133.452758789 0. 1.91182584588e-22 0.
1524246901 1 332.406890869 0. 4.70601454553e-22 0.
1524246961 1 332.387542725 0. 4.71004742328e-22 0.
1524247021 1 331.782684326 0. 4.70500400739e-22 0.
1524247081 1 331.088592529 0. 4.69907683602e-22 0.
1524247121 1 331.439849854 0. 4.70734400228e-22 0.
1524247162 1 331.563964844 0. 4.71265679392e-22 0.
1524247222 1 330.499267578 0. 4.70274624581e-22 0.
1524247282 1 330.191680908 0. 4.70335398247e-22 0.
1524247342 1 329.7628479 0. 4.7020278033e-22 0.
1524247402 1 329.325866699 0. 4.70058787337e-22 0.
1524247462 1 328.849304199 0. 4.69880036543e-22 0.
1524247522 1 328.486999512 0. 4.6992887213e-22 0.
1524247582 1 328.149414062 0. 4.69940936101e-22 0.
1524247643 1 327.774841309 0. 4.69922256214e-22 0.
1524247703 1 327.035705566 0. 4.69414741899e-22 0.
1524247763 1 326.582550049 0. 4.69265971536e-22 0.
1524247823 1 326.300842285 0. 4.69337389402e-22 0.
1524247883 1 325.80380249 0. 4.69063146302e-22 0.
1524247943 1 325.903442383 0. 4.6976630645e-22 0.
1524248003 1 325.322143555 0. 4.69418695725e-22 0.
1524248064 1 324.494110107 0. 4.68749022242e-22 0.
1524248124 1 324.008270264 0. 4.68496446828e-22 0.
1524248184 1 323.482513428 0. 4.6826897461e-22 0.
1524248244 1 323.045440674 0. 4.68133325705e-22 0.
1524248304 1 322.823059082 0. 4.68293915531e-22 0.
1524248365 1 321.931121826 0. 4.67588815331e-22 0.
1524248425 1 321.727203369 0. 4.67674717726e-22 0.
1524248485 1 321.484588623 0. 4.67825147626e-22 0.
1524248545 1 320.704803467 0. 4.6718995302e-22 0.
1524248605 1 320.418762207 0. 4.67326828153e-22 0.
1524248649 1 320.179168701 0. 4.67330186736e-22 0.
1524248692 1 320.06640625 0. 4.67484432981e-22 0.
1524248752 1 319.157806396 0. 4.66685797514e-22 0.
1524248812 1 318.835723877 0. 4.66673330038e-22 0.
1524248873 1 318.237670898 0. 4.66257035864e-22 0.
1524248933 1 318.060546875 0. 4.66537468806e-22 0.
1524248993 1 317.648193359 0. 4.66418405454e-22 0.
1524249053 1 317.308776855 0. 4.66441801507e-22 0.
1524249113 1 316.996276855 0. 4.66516208683e-22 0.
1524249173 1 316.586517334 0. 4.66347844253e-22 0.
1524249234 1 316.301940918 0. 4.66423965285e-22 0.
1524249294 1 315.836517334 0. 4.66254257169e-22 0.
1524249354 1 315.429351807 0. 4.66143501228e-22 0.
1524249414 1 315.034912109 0. 4.66013070382e-22 0.
1524249474 1 314.451873779 0. 4.65677900862e-22 0.
1524249535 1 314.118774414 0. 4.65662016937e-22 0.
1524249595 1 313.640228271 0. 4.65425430444e-22 0.
1524249655 1 312.868408203 0. 4.6478741104e-22 0.
1524249715 1 312.29473877 0. 4.64389372447e-22 0.
1524249775 1 311.864654541 0. 4.64283824493e-22 0.
1524249835 1 311.529052734 0. 4.64282328051e-22 0.
1524249896 1 311.679229736 0. 4.65003351543e-22 0.
1524249956 1 311.062408447 0. 4.64537010438e-22 0.
1524250016 1 310.450073242 0. 4.64157356603e-22 0.
1524250076 1 310.331878662 0. 4.64406395945e-22 0.
1524250136 1 310.200775146 0. 4.64743030286e-22 0.
1524250196 1 309.631286621 0. 4.64358655269e-22 0.
1524250257 1 309.226501465 0. 4.64199917566e-22 0.
1524250317 1 308.522583008 0. 4.63619427404e-22 0.
1524250377 1 307.921173096 0. 4.63246272099e-22 0.
1524250437 1 308.172363281 0. 4.64076699984e-22 0.
1524250497 1 307.458251953 0. 4.63495000343e-22 0.
1524250557 1 307.180328369 0. 4.63479210647e-22 0.
1524250618 1 306.692138672 0. 4.63251169452e-22 0.
1524250678 1 306.068511963 0. 4.62757301447e-22 0.
1524250738 1 305.409118652 0. 4.62234041641e-22 0.
1524250798 1 304.647918701 0. 4.61538648918e-22 0.
1524250858 1 304.875793457 0. 4.62377347211e-22 0.
1524250918 1 304.790557861 0. 4.6272918712e-22 0.
1524250978 1 304.716796875 0. 4.63021410995e-22 0.
1524251039 1 304.435760498 0. 4.63101186054e-22 0.
1524251099 1 304.015777588 0. 4.62945465167e-22 0.
1524251159 1 303.330505371 0. 4.62305211494e-22 0.
1524251219 1 302.797943115 0. 4.62029410014e-22 0.
1524251279 1 302.526184082 0. 4.62094084503e-22 0.
1524251339 1 302.26171875 0. 4.62136143176e-22 0.
1524251400 1 302.274719238 0. 4.62582360919e-22 0.
1524251460 1 301.484039307 0. 4.61874192427e-22 0.
1524251520 1 300.882385254 0. 4.61384538486e-22 0.
1524251580 1 300.094696045 0. 4.60622993939e-22 0.
1524251641 1 299.791717529 0. 4.60673193515e-22 0.
1524251701 1 299.68371582 0. 4.61008642767e-22 0.
1524251761 1 299.704925537 0. 4.61403748201e-22 0.
1524251821 1 299.550567627 0. 4.61644162001e-22 0.
1524251881 1 299.377685547 0. 4.61819721311e-22 0.
1524251941 1 299.161224365 0. 4.61970361194e-22 0.
1524252001 1 299.002716064 0. 4.62163061105e-22 0.
1524252062 1 298.386169434 0. 4.61736366186e-22 0.
1524252122 1 297.714660645 0. 4.61080206549e-22 0.
1524252182 1 296.961242676 0. 4.60406914836e-22 0.
1524252242 1 297.228088379 0. 4.61220833217e-22 0.
1524252277 1 297.416534424 0. 4.61820237627e-22 0.
1524252312 1 297.299865723 0. 4.61859048304e-22 0.
1524252373 1 295.900543213 0. 4.60203947857e-22 0.
1524252433 1 294.819335938 0. 4.58916880849e-22 0.
1524252493 1 294.812225342 0. 4.59367236658e-22 0.
1524252553 1 294.504943848 0. 4.59368846667e-22 0.
1524252613 1 294.185699463 0. 4.59257141597e-22 0.
1524252673 1 294.108123779 0. 4.59630837668e-22 0.
1524252733 1 293.70501709 0. 4.59403146217e-22 0.
1524252794 1 293.32824707 0. 4.59256906991e-22 0.
1524252854 1 292.649993896 0. 4.58649917933e-22 0.
1524252914 1 292.135162354 0. 4.58278246218e-22 0.
1524252974 1 292.02444458 0. 4.58527828351e-22 0.
1524253034 1 292.035614014 0. 4.59008050889e-22 0.
1524253094 1 292.10848999 0. 4.59550055218e-22 0.
1524253155 1 291.878295898 0. 4.59647525205e-22 0.
1524253215 1 291.238433838 0. 4.59104155267e-22 0.
1524253275 1 291.502410889 0. 4.59936515728e-22 0.
1524253335 1 290.911224365 0. 4.59442132271e-22 0.
1524253395 1 290.253417969 0. 4.58868122324e-22 0.
1524253455 1 289.815643311 0. 4.58598645983e-22 0.
1524253516 1 289.830688477 0. 4.59056135944e-22 0.
1524253576 1 289.878570557 0. 4.59551427586e-22 0.
1524253636 1 289.706878662 0. 4.59712428469e-22 0.
1524253696 1 289.367462158 0. 4.59598398717e-22 0.
1524253757 1 289.007995605 0. 4.59490045314e-22 0.
1524253817 1 288.823760986 0. 4.59603775628e-22 0.
1524253877 1 288.435943604 0. 4.59435385555e-22 0.
1524253937 1 288.316558838 0. 4.59699238815e-22 0.
1524253997 1 287.934967041 0. 4.59543790442e-22 0.
1524254057 1 287.867553711 0. 4.59870235023e-22 0.
1524254118 1 287.315368652 0. 4.59417681638e-22 0.
1524254178 1 286.960418701 0. 4.59229875628e-22 0.
1524254238 1 286.755584717 0. 4.5938769929e-22 0.
1524254298 1 286.507568359 0. 4.59422854255e-22 0.
1524254359 1 284.635467529 0. 4.56842508338e-22 0.
1524254419 1 280.983886719 0. 4.51543383267e-22 0.
1524254479 1 266.910522461 0. 4.29470188091e-22 0.
1524254539 1 291.123657227 0. 4.68652699687e-22 0.
1524254599 1 290.800292969 0. 4.68550578623e-22 0.
1524254659 1 290.381622314 0. 4.68370605814e-22 0.
1524254719 1 290.323974609 0. 4.68683362907e-22 0.
1524254780 1 290.176239014 0. 4.68909229923e-22 0.
1524254840 1 289.705352783 0. 4.68585539876e-22 0.
1524254900 1 289.504516602 0. 4.68673622665e-22 0.
1524254960 1 289.135162354 0. 4.68540549378e-22 0.
1524255020 1 288.885650635 0. 4.68546089874e-22 0.
1524255081 1 288.560760498 0. 4.68443079034e-22 0.
1524255141 1 288.318237305 0. 4.68518261235e-22 0.
1524255201 1 288.127166748 0. 4.68650810645e-22 0.
1524255261 1 287.760803223 0. 4.68501975343e-22 0.
1524255322 1 287.503631592 0. 4.68578163416e-22 0.
1524255382 1 287.214263916 0. 4.68517809395e-22 0.
1524255442 1 286.856048584 0. 4.68343877996e-22 0.
1524255502 1 286.505371094 0. 4.68228004506e-22 0.
1524255562 1 286.282226562 0. 4.6829855665e-22 0.
1524255622 1 286.044677734 0. 4.6834829209e-22 0.
1524255682 1 285.642791748 0. 4.68142748621e-22 0.
1524255743 1 285.615631104 0. 4.68527263734e-22 0.
1524255803 1 285.297637939 0. 4.68439402629e-22 0.
1524255863 1 284.750061035 0. 4.67979232461e-22 0.
1524255923 1 284.779266357 0. 4.68421658107e-22 0.
1524255983 1 284.282592773 0. 4.68050474558e-22 0.
1524256044 1 283.981811523 0. 4.67987149186e-22 0.
1524256104 1 283.754333496 0. 4.68061777993e-22 0.
1524256164 1 283.367797852 0. 4.67860049964e-22 0.
1524256224 1 283.293884277 0. 4.68131335214e-22 0.
1524256284 1 282.906890869 0. 4.67959538483e-22 0.
1524256344 1 282.688171387 0. 4.68063423765e-22 0.
1524256404 1 282.628326416 0. 4.68352284174e-22 0.
1524256465 1 282.326293945 0. 4.68248105734e-22 0.
1524256525 1 281.871704102 0. 4.67957827989e-22 0.
1524256585 1 281.688446045 0. 4.68120335405e-22 0.
1524256645 1 281.444946289 0. 4.6811385993e-22 0.
1524256705 1 281.19909668 0. 4.68127686711e-22 0.
1524256766 1 280.881072998 0. 4.68018250311e-22 0.
1524256826 1 280.759552002 0. 4.68241504905e-22 0.
1524256886 1 280.471557617 0. 4.6818392307e-22 0.
1524256946 1 280.040618896 0. 4.67896463024e-22 0.
1524257006 1 279.761016846 0. 4.6786228057e-22 0.
1524257066 1 279.450744629 0. 4.67795505119e-22 0.
1524257127 1 279.408477783 0. 4.68148241501e-22 0.
1524257187 1 279.063262939 0. 4.6801137836e-22 0.
1524257247 1 278.757843018 0. 4.67902433218e-22 0.
1524257307 1 278.663909912 0. 4.68150515717e-22 0.
1524257367 1 278.220367432 0. 4.67861335672e-22 0.
1524257427 1 277.991088867 0. 4.67901680632e-22 0.
1524257487 1 277.620849609 0. 4.67684347307e-22 0.
1524257548 1 277.673492432 0. 4.6816891426e-22 0.
1524257608 1 277.322601318 0. 4.68027818775e-22 0.
1524257668 1 277.08782959 0. 4.68080157679e-22 0.
1524257728 1 276.791381836 0. 4.67982659643e-22 0.
1524257789 1 276.299865723 0. 4.67596564879e-22 0.
1524257849 1 276.228607178 0. 4.67931483385e-22 0.
1524257909 1 275.993011475 0. 4.67925421301e-22 0.
1524257969 1 275.852020264 0. 4.68074209176e-22 0.
1524258029 1 275.446838379 0. 4.67843788402e-22 0.
1524258090 1 275.301055908 0. 4.67991328404e-22 0.
1524258150 1 274.891906738 0. 4.6773890875e-22 0.
1524258210 1 274.703125 0. 4.67843824562e-22 0.
1524258270 1 274.214294434 0. 4.67414256812e-22 0.
1524258330 1 274.167633057 0. 4.6772634044e-22 0.
1524258390 1 273.896026611 0. 4.6770250361e-22 0.
1524258451 1 273.747467041 0. 4.67851981502e-22 0.
1524258511 1 273.460449219 0. 4.67793561473e-22 0.
1524258571 1 273.239562988 0. 4.67876194223e-22 0.
1524258631 1 272.972137451 0. 4.67841934216e-22 0.
1524258673 1 273.031829834 0. 4.68191697825e-22 0.
1524258715 1 272.621337891 0. 4.67814326905e-22 0.
1524258775 1 272.412414551 0. 4.67860149573e-22 0.
1524258835 1 272.158599854 0. 4.67825444491e-22 0.
1524258896 1 271.882476807 0. 4.67764025145e-22 0.
1524258956 1 271.53604126 0. 4.6758969487e-22 0.
1524259016 1 271.369506836 0. 4.67700972118e-22 0.
1524259076 1 270.774108887 0. 4.67114877052e-22 0.
1524259136 1 270.611968994 0. 4.67223130399e-22 0.
1524259196 1 270.540374756 0. 4.67524877887e-22 0.
1524259257 1 270.323486328 0. 4.67538072763e-22 0.
1524259317 1 269.954162598 0. 4.67307601771e-22 0.
1524259377 1 269.552246094 0. 4.67037194823e-22 0.
1524259437 1 269.494842529 0. 4.67381731811e-22 0.
1524259498 1 269.283233643 0. 4.67441778187e-22 0.
1524259558 1 268.918640137 0. 4.67243888044e-22 0.
1524259618 1 268.680145264 0. 4.67210691235e-22 0.
1524259678 1 268.520324707 0. 4.67401711063e-22 0.
1524259739 1 268.288635254 0. 4.673471974e-22 0.
1524259799 1 267.863830566 0. 4.67045006186e-22 0.
1524259859 1 267.479888916 0. 4.66778150594e-22 0.
1524259919 1 267.018829346 0. 4.66354155169e-22 0.
1524259979 1 266.95098877 0. 4.66657218086e-22 0.
1524260040 1 266.783782959 0. 4.66775502673e-22 0.
1524260100 1 266.435852051 0. 4.66580698301e-22 0.
1524260160 1 266.425415039 0. 4.66996745193e-22 0.
1524260220 1 266.120849609 0. 4.66910128571e-22 0.
1524260280 1 265.800964355 0. 4.66725389576e-22 0.
1524260340 1 265.783203125 0. 4.67075842141e-22 0.
1524260400 1 265.172363281 0. 4.66407052e-22 0.
1524260461 1 265.063537598 0. 4.6665135602e-22 0.
1524260521 1 264.790588379 0. 4.66533061405e-22 0.
1524260581 1 264.285003662 0. 4.66081673692e-22 0.
1524260641 1 264.208679199 0. 4.66307011696e-22 0.
1524260680 1 264.052978516 0. 4.66292578732e-22 0.
1524260719 1 263.974273682 0. 4.6644184862e-22 0.
1524260779 1 263.675354004 0. 4.66318709508e-22 0.
1524260840 1 263.331481934 0. 4.66113143638e-22 0.
1524260900 1 263.074157715 0. 4.66077939788e-22 0.
1524260960 1 262.956604004 0. 4.66244019491e-22 0.
1524261020 1 262.622741699 0. 4.66067027494e-22 0.
1524261080 1 262.630279541 0. 4.66465606324e-22 0.
1524261140 1 262.371185303 0. 4.66414425497e-22 0.
1524261200 1 262.111968994 0. 4.66389748963e-22 0.
1524261261 1 261.821166992 0. 4.6623843811e-22 0.
1524261321 1 261.785888672 0. 4.66584906682e-22 0.
1524261381 1 261.323699951 0. 4.66184241588e-22 0.
1524261441 1 261.085083008 0. 4.66160899404e-22 0.
1524261501 1 260.710144043 0. 4.65880591299e-22 0.
1524261561 1 260.34185791 0. 4.65635809666e-22 0.
1524261621 1 260.029571533 0. 4.65480552495e-22 0.
1524261682 1 260.404663086 0. 4.66518831797e-22 0.
1524261742 1 260.170959473 0. 4.66506502455e-22 0.
1524261802 1 259.830200195 0. 4.66328939917e-22 0.
1524261862 1 259.643798828 0. 4.66378413057e-22 0.
1524261922 1 259.302642822 0. 4.66205872497e-22 0.
1524261982 1 259.083648682 0. 4.66186134253e-22 0.
1524262043 1 258.754943848 0. 4.66028674158e-22 0.
1524262103 1 258.520263672 0. 4.66008930568e-22 0.
1524262163 1 258.354888916 0. 4.66090444586e-22 0.
1524262223 1 258.086761475 0. 4.65986548485e-22 0.
1524262283 1 257.801391602 0. 4.65867501773e-22 0.
1524262344 1 257.577026367 0. 4.65842033223e-22 0.
1524262404 1 257.487701416 0. 4.66115627787e-22 0.
1524262464 1 257.144073486 0. 4.65878328722e-22 0.
1524262524 1 257.037780762 0. 4.66125820428e-22 0.
1524262584 1 256.637817383 0. 4.65790962603e-22 0.
1524262645 1 256.514251709 0. 4.65951698099e-22 0.
1524262705 1 256.423675537 0. 4.66207929093e-22 0.
1524262765 1 255.911437988 0. 4.65676358689e-22 0.
1524262825 1 255.859985352 0. 4.65987654183e-22 0.
1524262885 1 255.597457886 0. 4.65906138198e-22 0.
1524262945 1 255.422851562 0. 4.65958375554e-22 0.
1524263006 1 255.164291382 0. 4.65928272609e-22 0.
1524263066 1 255.006729126 0. 4.66006285006e-22 0.
1524263126 1 254.656799316 0. 4.65771769838e-22 0.
1524263186 1 254.479095459 0. 4.65809819095e-22 0.
1524263246 1 254.428771973 0. 4.66144969395e-22 0.
1524263306 1 254.084915161 0. 4.65934301404e-22 0.
1524263366 1 253.8855896 0. 4.65903108652e-22 0.
1524263427 1 253.458282471 0. 4.6553380794e-22 0.
1524263487 1 253.224349976 0. 4.65512180645e-22 0.
1524263547 1 253.012420654 0. 4.6550211775e-22 0.
1524263607 1 252.864608765 0. 4.65616382632e-22 0.
1524263667 1 252.778762817 0. 4.65869164141e-22 0.
1524263727 1 252.439727783 0. 4.65642605793e-22 0.
1524263788 1 252.394195557 0. 4.65966446234e-22 0.
1524263848 1 252.010299683 0. 4.65677020886e-22 0.
1524263908 1 251.617141724 0. 4.65296691764e-22 0.
1524263968 1 251.459014893 0. 4.65415031546e-22 0.
1524264028 1 251.419891357 0. 4.65738757955e-22 0.
1524264089 1 251.413696289 0. 4.66140943701e-22 0.
1524264149 1 251.272064209 0. 4.66293864027e-22 0.
1524264209 1 251.131835938 0. 4.66396924857e-22 0.
1524264269 1 250.885772705 0. 4.66367163414e-22 0.
1524264329 1 250.697692871 0. 4.66379381592e-22 0.
1524264389 1 250.523544312 0. 4.6645181176e-22 0.
1524264449 1 249.787780762 0. 4.65485445665e-22 0.
1524264510 1 249.865066528 0. 4.66027886097e-22 0.
1524264545 1 249.774612427 0. 4.66082789278e-22 0.
1524264580 1 249.766815186 0. 4.66294242261e-22 0.
1524264640 1 249.475891113 0. 4.66124408258e-22 0.
1524264700 1 249.334411621 0. 4.66291590841e-22 0.
1524264760 1 249.068725586 0. 4.66134424978e-22 0.
1524264820 1 248.897842407 0. 4.66245917725e-22 0.
1524264881 1 248.594055176 0. 4.66040979411e-22 0.
1524264941 1 248.342193604 0. 4.6598416224e-22 0.
1524264982 1 248.08203125 0. 4.65761998326e-22 0.
1524265000 1 104.953842163 0. 1.98086235444e-22 0.
1524265011 1 42.9344558716 0. 8.05969086527e-23 0.
1524265019 1 70.5259628296 0. 1.32501420738e-22 0.
1524265028 1 94.0967483521 0. 1.7668570812e-22 0.
1524265037 1 130.824798584 0. 2.45847955276e-22 0.
1524265046 1 164.3931427 0. 3.0873587774e-22 0.
1524265054 1 199.3777771 0. 3.74706893498e-22 0.
1524265063 1 227.375808716 0. 4.27206154477e-22 0.
1524265072 1 240.600906372 0. 4.52193798953e-22 0.
1524265081 1 247.938491821 0. 4.66031820556e-22 0.
1524265090 1 227.605407715 0. 4.27858851194e-22 0.
1524265098 1 213.544265747 0. 4.01433415114e-22 0.
1524265107 1 169.359222412 0. 3.18532017995e-22 0.
1524265116 1 146.097351074 0. 2.74699259884e-22 0.
1524265125 1 102.46723938 0. 1.92805108337e-22 0.
1524265134 1 80.1313476562 0. 1.50697037753e-22 0.
1524265142 1 50.5884094238 0. 9.51904283595e-23 0.
1524265151 1 34.7564811707 0. 6.53831662039e-23 0.
1524265167 1 116.47354126 0. 2.20479246843e-22 0.
1524265183 1 51.8993721008 0. 9.81157832937e-23 0.
1524265192 1 80.67162323 0. 1.52452403732e-22 0.
1524265200 1 104.426696777 0. 1.97101283402e-22 0.
1524265209 1 140.519210815 0. 2.65215503228e-22 0.
1524265217 1 172.76411438 0. 3.25666595677e-22 0.
1524265226 1 205.598236084 0. 3.87575732712e-22 0.
1524265235 1 231.176864624 0. 4.35450909539e-22 0.
1524265243 1 241.835693359 0. 4.55454036499e-22 0.
1524265252 1 247.330978394 0. 4.65836878421e-22 0.
1524265260 1 225.762863159 0. 4.25206701945e-22 0.
1524265269 1 212.149246216 0. 3.99554633323e-22 0.
1524265278 1 169.285919189 0. 3.19144260803e-22 0.
1524265286 1 146.10093689 0. 2.75396555515e-22 0.
1524265294 1 102.883636475 0. 1.94211319569e-22 0.
1524265303 1 80.2335128784 0. 1.5145426279e-22 0.
1524265311 1 51.8134536743 0. 9.79737192148e-23 0.
1524265320 1 36.5461654663 0. 6.91315082962e-23 0.
1524265328 1 100.320358276 0. 1.90292393169e-22 0.
1524265363 1 246.63104248 0. 4.65009628185e-22 0.
1524265423 1 246.057846069 0. 4.64242481076e-22 0.
1524265483 1 245.809631348 0. 4.64135092042e-22 0.
1524265543 1 245.881912231 0. 4.64540822458e-22 0.
1524265603 1 246.657012939 0. 4.66385554e-22 0.
1524265664 1 246.664276123 0. 4.66660708832e-22 0.
1524265724 1 246.306854248 0. 4.66361744692e-22 0.
1524265784 1 246.2396698 0. 4.66624221299e-22 0.
1524265844 1 246.247161865 0. 4.67070068147e-22 0.
1524265905 1 246.503234863 0. 4.67940754101e-22 0.
1524265965 1 248.838150024 0. 4.72764937654e-22 0.
1524266025 1 251.107070923 0. 4.77429431087e-22 0.
1524266085 1 250.707824707 0. 4.77060048566e-22 0.
1524266145 1 251.385467529 0. 4.78778891858e-22 0.
1524266205 1 252.631195068 0. 4.81523188844e-22 0.
1524266265 1 248.012786865 0. 4.73151760194e-22 0.
1524266326 1 246.207122803 0. 4.70318704307e-22 0.
1524266386 1 258.895812988 0. 4.94809128805e-22 0.
1524266446 1 261.124389648 0. 4.99548936189e-22 0.
1524266506 1 265.910888672 0. 5.09124379219e-22 0.
1524266548 1 267.62399292 0. 5.12672143703e-22 0.
1524266567 1 94.3436965942 0. 1.8198535706e-22 0.
1524266578 1 30.14295578 0. 5.77762898955e-23 0.
1524266586 1 56.62682724 0. 1.0860086968e-22 0.
1524266595 1 79.0860748291 0. 1.51575732657e-22 0.
1524266604 1 119.495201111 0. 2.29252958007e-22 0.
1524266613 1 157.823135376 0. 3.02486513251e-22 0.
1524266621 1 199.74206543 0. 3.83179895881e-22 0.
1524266630 1 236.985855103 0. 4.54427459196e-22 0.
1524266639 1 255.445922852 0. 4.89939795395e-22 0.
1524266647 1 267.708862305 0. 5.13534013286e-22 0.
1524266657 1 244.33833313 0. 4.68853084248e-22 0.
1524266665 1 229.321426392 0. 4.39991013706e-22 0.
1524266674 1 175.578567505 0. 3.37136251495e-22 0.
1524266683 1 149.143859863 0. 2.86227329984e-22 0.
1524266692 1 98.6515884399 0. 1.89578856782e-22 0.
1524266701 1 75.0195617676 0. 1.44062122899e-22 0.
1524266709 1 45.1566505432 0. 8.67915061292e-23 0.
1524266718 1 29.500711441 0. 5.66956004405e-23 0.
1524266735 1 119.056282043 0. 2.30206307622e-22 0.
1524266751 1 54.9762115479 0. 1.06079651751e-22 0.
1524266759 1 85.8519592285 0. 1.65593411207e-22 0.
1524266768 1 111.234329224 0. 2.14310505808e-22 0.
1524266777 1 150.189559937 0. 2.89351384869e-22 0.
1524266785 1 184.414978027 0. 3.54891230561e-22 0.
1524266794 1 219.956130981 0. 4.23234705644e-22 0.
1524266803 1 247.333282471 0. 4.75560641625e-22 0.
1524266811 1 260.020263672 0. 4.99955422197e-22 0.
1524266819 1 267.305328369 0. 5.13802294939e-22 0.
1524266828 1 247.09437561 0. 4.75010469606e-22 0.
1524266836 1 234.166778564 0. 4.50131244244e-22 0.
1524266845 1 189.139678955 0. 3.63861905836e-22 0.
1524266853 1 165.830123901 0. 3.18965500497e-22 0.
1524266862 1 117.49433136 0. 2.26304541859e-22 0.
1524266871 1 95.8907012939 0. 1.84679973775e-22 0.
1524266879 1 62.7513618469 0. 1.21039601673e-22 0.
1524266887 1 45.2547836304 0. 8.73240600413e-23 0.
1524266896 1 115.349784851 0. 2.23314392198e-22 0.
1524266931 1 267.319702148 0. 5.14508918347e-22 0.
1524266991 1 266.836120605 0. 5.13999760851e-22 0.
1524267051 1 266.878540039 0. 5.14491574397e-22 0.
1524267111 1 266.875274658 0. 5.14769458665e-22 0.
1524267171 1 266.675628662 0. 5.14810177437e-22 0.
1524267231 1 265.804473877 0. 5.13551764587e-22 0.
1524267292 1 265.654541016 0. 5.13727806474e-22 0.
1524267352 1 265.597930908 0. 5.14089110075e-22 0.
1524267412 1 265.328338623 0. 5.14016442907e-22 0.
1524267472 1 265.258514404 0. 5.14329682131e-22 0.
1524267532 1 264.810058594 0. 5.13911042078e-22 0.
1524267581 1 237.678543091 0. 4.64148241025e-22 0.
1524267630 1 0.00283754384145 0. 5.84396053113e-23 0.
1524267691 1 0.00278783822432 0. 0.0 0.
1524267751 1 0.00296592456289 0. 0.0 0.
1524267811 1 0.00277341203764 0. 0.0 0.
1524267871 1 0.00280461227521 0. 0.0 0.
1524267932 1 0.00292311934754 0. 0.0 0.
1524267992 1 0.00291752372868 0. 0.0 0.
1524268052 1 0.00291023147292 0. 0.0 0.
