1524276334 1 385.244171143 0. 5.11423049726e-22 0.
1524276394 1 241.660675049 0. 3.21093984635e-22 0.
1524276454 1 276.808349609 0. 3.68095161559e-22 0.
1524276514 1 347.491577148 0. 4.62843343893e-22 0.
1524276575 1 506.558563232 0. 6.75400919095e-22 0.
1524276635 1 505.25958252 0. 6.74657398001e-22 0.
1524276695 1 504.374847412 0. 6.74533684798e-22 0.
1524276755 1 503.545593262 0. 6.74480352792e-22 0.
1524276815 1 502.340942383 0. 6.73946727343e-22 0.
1524276875 1 501.407440186 0. 6.7374378051e-22 0.
1524276936 1 500.616271973 0. 6.73746415028e-22 0.
1524276996 1 499.292053223 0. 6.73040797969e-22 0.
1524277042 1 498.967071533 0. 6.73361945842e-22 0.
1524277088 1 497.546783447 0. 6.72264186563e-22 0.
1524277127 1 497.116882324 0. 6.7236231968e-22 0.
1524277160 1 496.277801514 0. 6.7179651394e-22 0.
1524277214 1 495.20501709 0. 6.71282989955e-22 0.
1524277274 1 494.186157227 0. 6.70934342827e-22 0.
1524277335 1 493.026000977 0. 6.70366094222e-22 0.
1524277392 1 492.153869629 0. 6.70172441196e-22 0.
1524277425 1 137.024337769 0. 1.86855379226e-22 0.
1524277436 1 57.3831710815 0. 7.80876031558e-23 0.
1524277445 1 103.76726532 0. 1.41334265897e-22 0.
1524277453 1 150.444763184 0. 2.04937976329e-22 0.
1524277462 1 214.828048706 0. 2.9284762023e-22 0.
1524277471 1 294.870788574 0. 4.01989544403e-22 0.
1524277480 1 357.911468506 0. 4.88210857551e-22 0.
1524277489 1 434.715576172 0. 5.93000580199e-22 0.
1524277497 1 467.067565918 0. 6.37514487837e-22 0.
1524277506 1 490.231109619 0. 6.69242138258e-22 0.
1524277515 1 451.224365234 0. 6.16146170938e-22 0.
1524277524 1 428.940826416 0. 5.8574515873e-22 0.
1524277532 1 327.795715332 0. 4.4768247275e-22 0.
1524277541 1 290.716308594 0. 3.97009618728e-22 0.
1524277550 1 189.769699097 0. 2.59217376693e-22 0.
1524277559 1 150.444747925 0. 2.05448538782e-22 0.
1524277568 1 87.4571914673 0. 1.19443492285e-22 0.
1524277576 1 59.7220726013 0. 8.15322127057e-23 0.
1524277593 1 134.215209961 0. 1.83761900366e-22 0.
1524277609 1 26.9378128052 0. 3.68018343639e-23 0.
1524277617 1 59.8224868774 0. 8.17954911854e-23 0.
1524277626 1 90.4133834839 0. 1.23633940924e-22 0.
1524277634 1 155.130935669 0. 2.12308039358e-22 0.
1524277643 1 229.993927002 0. 3.14785711586e-22 0.
1524277652 1 307.065124512 0. 4.20541058325e-22 0.
1524277660 1 410.076599121 0. 5.61624141335e-22 0.
1524277669 1 455.108032227 0. 6.23444510601e-22 0.
1524277678 1 488.485137939 0. 6.69130837243e-22 0.
1524277686 1 424.269500732 0. 5.80888595803e-22 0.
1524277695 1 395.407684326 0. 5.41384254113e-22 0.
1524277703 1 256.095031738 0. 3.50403533006e-22 0.
1524277712 1 213.476989746 0. 2.91921457463e-22 0.
1524277721 1 116.646659851 0. 1.59454097068e-22 0.
1524277729 1 82.0929718018 0. 1.12073847477e-22 0.
1524277738 1 42.409450531 0. 5.78801695408e-23 0.
1524277747 1 24.1095581055 0. 3.2844669645e-23 0.
1524277755 1 107.691452026 0. 1.47707516677e-22 0.
1524277790 1 488.773986816 0. 6.71045513197e-22 0.
1524277850 1 486.556152344 0. 6.6877185295e-22 0.
1524277910 1 485.584320068 0. 6.68298518386e-22 0.
1524277971 1 484.582794189 0. 6.67565380252e-22 0.
1524278031 1 485.128204346 0. 6.69233916241e-22 0.
1524278091 1 482.548736572 0. 6.66408686527e-22 0.
1524278151 1 481.646820068 0. 6.66196036242e-22 0.
1524278211 1 480.67098999 0. 6.65880076441e-22 0.
1524278272 1 479.240570068 0. 6.64863826189e-22 0.
1524278332 1 478.273590088 0. 6.64570354891e-22 0.
1524278392 1 477.069610596 0. 6.63869899417e-22 0.
1524278452 1 475.557861328 0. 6.62710963069e-22 0.
1524278511 1 474.905731201 0. 6.62778551767e-22 0.
1524278569 1 473.953796387 0. 6.62418070221e-22 0.
1524278629 1 472.358428955 0. 6.61181031895e-22 0.
1524278689 1 471.575500488 0. 6.61061355806e-22 0.
1524278750 1 470.636505127 0. 6.60755240885e-22 0.
1524278810 1 469.575042725 0. 6.60287061261e-22 0.
1524278870 1 468.657470703 0. 6.59928426881e-22 0.
1524278930 1 467.60244751 0. 6.59473779221e-22 0.
1524278990 1 466.523468018 0. 6.58922378138e-22 0.
1524279050 1 465.581359863 0. 6.58531111872e-22 0.
1524279110 1 464.542449951 0. 6.58076214208e-22 0.
1524279171 1 463.59942627 0. 6.57676633746e-22 0.
1524279231 1 462.25604248 0. 6.56736740132e-22 0.
1524279291 1 461.965515137 0. 6.57273127144e-22 0.
1524279351 1 460.589874268 0. 6.56257913952e-22 0.
1524279411 1 459.991577148 0. 6.56385756032e-22 0.
1524279471 1 458.780883789 0. 6.55597494159e-22 0.
1524279532 1 457.610961914 0. 6.54853814422e-22 0.
1524279592 1 456.458251953 0. 6.54139092763e-22 0.
1524279647 1 455.253997803 0. 6.53295951978e-22 0.
1524279703 1 454.510772705 0. 6.53139923656e-22 0.
1524279763 1 453.549957275 0. 6.52702455672e-22 0.
1524279823 1 452.473632812 0. 6.52050909223e-22 0.
1524279884 1 451.768341064 0. 6.51945799633e-22 0.
1524279944 1 450.636566162 0. 6.51239499701e-22 0.
1524280004 1 449.808349609 0. 6.50964279315e-22 0.
1524280064 1 448.767150879 0. 6.50386864033e-22 0.
1524280124 1 447.12008667 0. 6.48908809273e-22 0.
1524280184 1 446.18649292 0. 6.4847728612e-22 0.
1524280244 1 446.023620605 0. 6.49157018603e-22 0.
1524280305 1 445.76864624 0. 6.4969858605e-22 0.
1524280365 1 444.996673584 0. 6.49524748442e-22 0.
1524280425 1 443.506225586 0. 6.48257240441e-22 0.
1524280485 1 442.729553223 0. 6.47995826585e-22 0.
1524280546 1 441.924743652 0. 6.47687208197e-22 0.
1524280606 1 441.403167725 0. 6.47849124121e-22 0.
1524280666 1 440.660247803 0. 6.47643585122e-22 0.
1524280726 1 439.597686768 0. 6.47009680055e-22 0.
1524280786 1 439.033355713 0. 6.47056384885e-22 0.
1524280846 1 438.224731445 0. 6.46720852258e-22 0.
1524280907 1 438.196807861 0. 6.47600391826e-22 0.
1524280967 1 436.93347168 0. 6.46596570013e-22 0.
1524281027 1 435.615966797 0. 6.45526461919e-22 0.
1524281088 1 422.49118042 0. 6.26942976715e-22 0.
1524281148 1 413.577301025 0. 6.14463498838e-22 0.
1524281208 1 434.670349121 0. 6.46739725303e-22 0.
1524281268 1 435.352020264 0. 6.48690820629e-22 0.
1524281328 1 434.493408203 0. 6.48281013249e-22 0.
1524281388 1 433.556793213 0. 6.47787943767e-22 0.
1524281449 1 432.954772949 0. 6.47773731137e-22 0.
1524281509 1 431.94519043 0. 6.47167353165e-22 0.
1524281569 1 431.452758789 0. 6.47343014604e-22 0.
1524281629 1 430.442840576 0. 6.46690226263e-22 0.
1524281690 1 429.412994385 0. 6.460562001e-22 0.
1524281750 1 428.654022217 0. 6.45794965609e-22 0.
1524281810 1 427.820556641 0. 6.45440124625e-22 0.
1524281870 1 426.901245117 0. 6.44948469279e-22 0.
1524281930 1 426.11541748 0. 6.44570755818e-22 0.
1524281991 1 425.402801514 0. 6.44372897009e-22 0.
1524282051 1 424.661010742 0. 6.44118052758e-22 0.
1524282111 1 424.113037109 0. 6.44156544456e-22 0.
1524282171 1 423.480987549 0. 6.44098882939e-22 0.
1524282232 1 422.529022217 0. 6.43492936604e-22 0.
1524282292 1 421.637176514 0. 6.42971566542e-22 0.
1524282352 1 421.044342041 0. 6.42954188287e-22 0.
1524282412 1 419.407348633 0. 6.41277393516e-22 0.
1524282472 1 418.932800293 0. 6.41414257831e-22 0.
1524282532 1 418.662445068 0. 6.41826253994e-22 0.
1524282592 1 417.867370605 0. 6.41492862907e-22 0.
1524282653 1 416.9765625 0. 6.40965852268e-22 0.
1524282713 1 416.432800293 0. 6.40975459545e-22 0.
1524282773 1 415.732818604 0. 6.40752388546e-22 0.
1524282833 1 415.039276123 0. 6.40546620789e-22 0.
1524282893 1 414.391021729 0. 6.40394125365e-22 0.
1524282954 1 413.574615479 0. 6.39961145653e-22 0.
1524283014 1 412.680328369 0. 6.39391081954e-22 0.
1524283074 1 411.822174072 0. 6.38898251127e-22 0.
1524283134 1 410.976074219 0. 6.3841538388e-22 0.
1524283194 1 410.229156494 0. 6.3805077633e-22 0.
1524283254 1 409.406829834 0. 6.37651437342e-22 0.
1524283315 1 409.029296875 0. 6.37880620934e-22 0.
1524283375 1 408.082366943 0. 6.37218741422e-22 0.
1524283435 1 407.238739014 0. 6.3674817399e-22 0.
1524283495 1 406.448852539 0. 6.36317481736e-22 0.
1524283555 1 406.040283203 0. 6.36469492369e-22 0.
1524283615 1 405.228729248 0. 6.36061865447e-22 0.
1524283676 1 404.617156982 0. 6.35924875764e-22 0.
1524283736 1 403.26373291 0. 6.34610687968e-22 0.
1524283796 1 403.363372803 0. 6.35561464036e-22 0.
1524283856 1 402.381713867 0. 6.34820367265e-22 0.
1524283916 1 402.121551514 0. 6.35214828421e-22 0.
1524283976 1 401.121765137 0. 6.3441762001e-22 0.
1524284037 1 400.70022583 0. 6.34554691053e-22 0.
1524284097 1 400.237243652 0. 6.34623140829e-22 0.
1524284157 1 399.247467041 0. 6.33826606986e-22 0.
1524284217 1 398.263641357 0. 6.33115253401e-22 0.
1524284277 1 397.773681641 0. 6.33126390331e-22 0.
1524284337 1 397.157531738 0. 6.32964138882e-22 0.
1524284398 1 396.561828613 0. 6.32798434709e-22 0.
1524284458 1 395.67791748 0. 6.32155259623e-22 0.
1524284518 1 395.138214111 0. 6.32118753374e-22 0.
1524284578 1 394.631134033 0. 6.32103574517e-22 0.
1524284638 1 393.716186523 0. 6.31394618999e-22 0.
1524284698 1 393.421661377 0. 6.31766549677e-22 0.
1524284758 1 392.731781006 0. 6.31421845959e-22 0.
1524284819 1 391.940856934 0. 6.30915439195e-22 0.
1524284879 1 391.613922119 0. 6.31177941114e-22 0.
1524284939 1 390.65057373 0. 6.30427462985e-22 0.
1524284999 1 390.002349854 0. 6.3017928427e-22 0.
1524285059 1 389.483184814 0. 6.30093129912e-22 0.
1524285119 1 388.905181885 0. 6.29961135417e-22 0.
1524285180 1 388.014648438 0. 6.29280777446e-22 0.
1524285240 1 387.248291016 0. 6.28809224401e-22 0.
1524285300 1 386.843688965 0. 6.28907205115e-22 0.
1524285360 1 386.268920898 0. 6.28779060467e-22 0.
1524285420 1 385.511199951 0. 6.28305554225e-22 0.
1524285481 1 384.795501709 0. 6.2793715806e-22 0.
1524285541 1 384.360870361 0. 6.28007880955e-22 0.
1524285601 1 383.585693359 0. 6.27498493009e-22 0.
1524285661 1 383.028167725 0. 6.27360808508e-22 0.
1524285721 1 382.20199585 0. 6.26771558014e-22 0.
1524285781 1 381.680664062 0. 6.26689854857e-22 0.
1524285842 1 381.25402832 0. 6.2672882273e-22 0.
1524285902 1 380.500610352 0. 6.2622576807e-22 0.
1524285962 1 380.032775879 0. 6.26200451037e-22 0.
1524286022 1 379.402435303 0. 6.25939376478e-22 0.
1524286082 1 378.989776611 0. 6.26025328136e-22 0.
1524286142 1 378.157165527 0. 6.25436459281e-22 0.
1524286202 1 377.838531494 0. 6.25672160086e-22 0.
1524286263 1 377.144256592 0. 6.252532573e-22 0.
1524286323 1 376.541412354 0. 6.25002647279e-22 0.
1524286383 1 375.85748291 0. 6.24632044391e-22 0.
1524286443 1 374.905334473 0. 6.23819418366e-22 0.
1524286504 1 374.468109131 0. 6.23850519084e-22 0.
1524286564 1 373.862548828 0. 6.23610015015e-22 0.
1524286624 1 373.15637207 0. 6.23147033101e-22 0.
1524286684 1 372.510192871 0. 6.22769902867e-22 0.
1524286744 1 372.053375244 0. 6.22758777408e-22 0.
1524286805 1 371.779693604 0. 6.2301320821e-22 0.
1524286865 1 371.082977295 0. 6.22611216626e-22 0.
1524286925 1 370.185333252 0. 6.21868297187e-22 0.
1524286985 1 369.452575684 0. 6.21360113981e-22 0.
1524287046 1 369.293670654 0. 6.21794838908e-22 0.
1524287106 1 368.735595703 0. 6.2159113608e-22 0.
1524287166 1 368.182098389 0. 6.21420141624e-22 0.
1524287226 1 367.556304932 0. 6.21113456632e-22 0.
1524287287 1 367.092498779 0. 6.21059254402e-22 0.
1524287347 1 366.139709473 0. 6.20220155105e-22 0.
1524287407 1 365.871307373 0. 6.20451084793e-22 0.
1524287467 1 365.257904053 0. 6.20165393746e-22 0.
1524287527 1 364.640686035 0. 6.19850218889e-22 0.
1524287587 1 364.14743042 0. 6.1977056136e-22 0.
1524287647 1 363.770690918 0. 6.19835396002e-22 0.
1524287707 1 362.714019775 0. 6.1871647736e-22 0.
1524287768 1 362.043579102 0. 6.18318726452e-22 0.
1524287828 1 361.601654053 0. 6.18268494256e-22 0.
1524287888 1 361.18560791 0. 6.18327792969e-22 0.
1524287948 1 360.782623291 0. 6.18310946347e-22 0.
1524288008 1 360.277709961 0. 6.18209125203e-22 0.
1524288068 1 359.66809082 0. 6.17892751795e-22 0.
1524288128 1 358.775299072 0. 6.17061175511e-22 0.
1524288189 1 358.451812744 0. 6.17207659373e-22 0.
1524288249 1 358.045471191 0. 6.17221662442e-22 0.
1524288309 1 357.345581055 0. 6.16752696676e-22 0.
1524288369 1 356.627410889 0. 6.16223785941e-22 0.
1524288429 1 356.327941895 0. 6.16427825093e-22 0.
1524288489 1 355.674713135 0. 6.16005338098e-22 0.
1524288549 1 355.362823486 0. 6.16186433449e-22 0.
1524288610 1 354.787750244 0. 6.15910102538e-22 0.
1524288670 1 354.376647949 0. 6.15891824534e-22 0.
1524288730 1 353.880950928 0. 6.15736538828e-22 0.
1524288790 1 353.301086426 0. 6.15428237639e-22 0.
1524288850 1 352.743347168 0. 6.15173435811e-22 0.
1524288911 1 345.409057617 0. 6.03051793007e-22 0.
1524288971 1 334.975585938 0. 5.85485924685e-22 0.
1524289031 1 351.515899658 0. 6.15122517675e-22 0.
1524289091 1 351.170837402 0. 6.15239965939e-22 0.
1524289151 1 350.636199951 0. 6.15001472887e-22 0.
1524289212 1 350.31350708 0. 6.15114844006e-22 0.
1524289272 1 349.725860596 0. 6.14864239236e-22 0.
1524289332 1 349.444549561 0. 6.15040529273e-22 0.
1524289393 1 348.563262939 0. 6.14202547092e-22 0.
1524289453 1 348.144439697 0. 6.14200036614e-22 0.
1524289513 1 347.650970459 0. 6.14044513736e-22 0.
1524289574 1 347.109771729 0. 6.13792056995e-22 0.
1524289634 1 346.66708374 0. 6.1372241761e-22 0.
1524289694 1 346.156768799 0. 6.13487939321e-22 0.
1524289754 1 345.469604492 0. 6.12960783628e-22 0.
1524289814 1 344.74130249 0. 6.12357092737e-22 0.
1524289875 1 344.079589844 0. 6.11875991043e-22 0.
1524289935 1 343.393981934 0. 6.11391494269e-22 0.
1524289995 1 342.939422607 0. 6.11255269209e-22 0.
1524290055 1 342.662597656 0. 6.1145828199e-22 0.
1524290115 1 342.440246582 0. 6.11723660071e-22 0.
1524290175 1 341.619689941 0. 6.10952551025e-22 0.
1524290235 1 340.889709473 0. 6.10343489547e-22 0.
1524290295 1 340.150238037 0. 6.09729199948e-22 0.
1524290356 1 339.449798584 0. 6.09161158475e-22 0.
1524290416 1 339.038024902 0. 6.09076902831e-22 0.
1524290476 1 338.393432617 0. 6.08609870931e-22 0.
1524290536 1 337.686126709 0. 6.0802675649e-22 0.
1524290596 1 337.095916748 0. 6.07653736374e-22 0.
1524290656 1 336.725189209 0. 6.07672174047e-22 0.
1524290717 1 336.140563965 0. 6.0731240031e-22 0.
1524290777 1 335.368133545 0. 6.0656839115e-22 0.
1524290837 1 334.799438477 0. 6.06204199394e-22 0.
1524290897 1 333.988006592 0. 6.05385082219e-22 0.
1524290957 1 333.409973145 0. 6.05030947127e-22 0.
1524291014 1 333.084472656 0. 6.05066204646e-22 0.
1524291071 1 332.202728271 0. 6.04078761165e-22 0.
1524291131 1 331.981140137 0. 6.04325534908e-22 0.
1524291191 1 331.585449219 0. 6.04260063482e-22 0.
1524291252 1 331.115722656 0. 6.04079806392e-22 0.
1524291312 1 330.675628662 0. 6.03948641033e-22 0.
1524291372 1 330.170928955 0. 6.03697185125e-22 0.
1524291432 1 329.403442383 0. 6.02959804306e-22 0.
1524291493 1 328.727264404 0. 6.02372754194e-22 0.
1524291553 1 327.848937988 0. 6.0143775424e-22 0.
1524291613 1 327.232727051 0. 6.00931399589e-22 0.
1524291673 1 326.679504395 0. 6.00585044684e-22 0.
1524291733 1 326.234069824 0. 6.00432451461e-22 0.
1524291794 1 325.666748047 0. 6.00019264527e-22 0.
1524291854 1 329.603302002 0. 6.07950925059e-22 0.
1524291914 1 334.032287598 0. 6.16766825282e-22 0.
1524291974 1 333.657043457 0. 6.16764691105e-22 0.
1524292034 1 333.089813232 0. 6.16430070008e-22 0.
1524292094 1 333.31338501 0. 6.17541492217e-22 0.
1524292154 1 335.619415283 0. 6.22469716023e-22 0.
1524292215 1 336.69833374 0. 6.25144100606e-22 0.
1524292275 1 336.416229248 0. 6.25315302018e-22 0.
1524292335 1 336.280578613 0. 6.25806231848e-22 0.
1524292395 1 335.556152344 0. 6.25168218652e-22 0.
1524292455 1 334.693664551 0. 6.24286759699e-22 0.
1524292516 1 335.108428955 0. 6.25751526484e-22 0.
1524292576 1 334.302612305 0. 6.24946071808e-22 0.
1524292636 1 333.776062012 0. 6.24669959934e-22 0.
1524292696 1 332.766052246 0. 6.23474844749e-22 0.
1524292756 1 332.642059326 0. 6.23930459872e-22 0.
1524292816 1 332.309692383 0. 6.24000713312e-22 0.
1524292876 1 332.071807861 0. 6.2426802786e-22 0.
1524292936 1 331.587585449 0. 6.24021978023e-22 0.
1524292997 1 330.846984863 0. 6.23346861985e-22 0.
1524293057 1 330.556854248 0. 6.23475334671e-22 0.
1524293117 1 329.94909668 0. 6.23017879151e-22 0.
1524293177 1 329.108093262 0. 6.2208797301e-22 0.
1524293237 1 327.335083008 0. 6.19418195211e-22 0.
1524293297 1 326.674713135 0. 6.18828480653e-22 0.
1524293357 1 326.817474365 0. 6.19784251429e-22 0.
1524293418 1 327.136108398 0. 6.21072308653e-22 0.
1524293478 1 326.891387939 0. 6.21314125406e-22 0.
1524293538 1 325.750610352 0. 6.19808481969e-22 0.
1524293598 1 326.402984619 0. 6.21718817928e-22 0.
1524293659 1 325.798248291 0. 6.21271109649e-22 0.
1524293719 1 325.158966064 0. 6.20729768721e-22 0.
1524293779 1 324.421112061 0. 6.19976279965e-22 0.
1524293839 1 323.705413818 0. 6.19292086682e-22 0.
1524293899 1 322.620605469 0. 6.17916572727e-22 0.
1524293959 1 321.897125244 0. 6.17203141427e-22 0.
1524293997 1 321.990631104 0. 6.17805759039e-22 0.
1524294020 1 321.890991211 0. 6.17892249763e-22 0.
1524294051 1 321.549438477 0. 6.17549832093e-22 0.
1524294097 1 321.023864746 0. 6.17066527004e-22 0.
1524294133 1 320.695953369 0. 6.16755807718e-22 0.
1524294168 1 320.198974609 0. 6.16256088864e-22 0.
1524294228 1 319.586334229 0. 6.15752466934e-22 0.
1524294288 1 317.875976562 0. 6.13104577422e-22 0.
1524294348 1 316.766906738 0. 6.11609798683e-22 0.
1524294409 1 316.924621582 0. 6.12586551358e-22 0.
1524294469 1 317.705474854 0. 6.14773796456e-22 0.
1524294529 1 317.990234375 0. 6.15989349401e-22 0.
1524294589 1 318.11706543 0. 6.16888317441e-22 0.
1524294649 1 317.847076416 0. 6.17044727482e-22 0.
1524294710 1 317.222808838 0. 6.16509238769e-22 0.
1524294770 1 317.369842529 0. 6.17467807898e-22 0.
1524294830 1 316.77645874 0. 6.16965333577e-22 0.
1524294890 1 316.015136719 0. 6.16146354201e-22 0.
1524294950 1 314.554443359 0. 6.13947615156e-22 0.
1524295011 1 315.277008057 0. 6.15994305004e-22 0.
1524295071 1 316.134307861 0. 6.18366216152e-22 0.
1524295131 1 315.62677002 0. 6.18013778979e-22 0.
1524295187 1 315.261657715 0. 6.17943347271e-22 0.
1524295225 1 145.286239624 0. 2.85233166527e-22 0.
1524295240 1 28.7892951965 0. 5.63692708691e-23 0.
1524295249 1 59.2885398865 0. 1.16191674014e-22 0.
1524295258 1 86.9077301025 0. 1.70339250645e-22 0.
1524295267 1 136.49420166 0. 2.67703502325e-22 0.
1524295275 1 186.717636108 0. 3.66275158444e-22 0.
1524295284 1 237.357437134 0. 4.65801712752e-22 0.
1524295293 1 285.347900391 0. 5.60096133112e-22 0.
1524295302 1 303.59979248 0. 5.96149757845e-22 0.
1524295310 1 313.84375 0. 6.16350503727e-22 0.
1524295319 1 273.615264893 0. 5.37378881772e-22 0.
1524295328 1 251.267211914 0. 4.93501774988e-22 0.
1524295337 1 178.315872192 0. 3.50220041732e-22 0.
1524295345 1 145.922348022 0. 2.86586383064e-22 0.
1524295354 1 88.4257278442 0. 1.73657556681e-22 0.
1524295363 1 62.572971344 0. 1.22845209752e-22 0.
1524295372 1 34.6523590088 0. 6.80310364328e-23 0.
1524295381 1 20.1617698669 0. 3.95614334334e-23 0.
1524295397 1 127.876876831 0. 2.51654298269e-22 0.
1524295414 1 64.6382064819 0. 1.27100467733e-22 0.
1524295423 1 111.082000732 0. 2.18552061737e-22 0.
1524295431 1 153.554244995 0. 3.02136857361e-22 0.
1524295440 1 210.190322876 0. 4.13769414836e-22 0.
1524295449 1 267.123840332 0. 5.25920422851e-22 0.
1524295458 1 308.018615723 0. 6.06491405053e-22 0.
1524295467 1 336.101959229 0. 6.61788440966e-22 0.
1524295475 1 323.173065186 0. 6.3627690532e-22 0.
1524295484 1 312.5730896 0. 6.15348308233e-22 0.
1524295492 1 245.285949707 0. 4.82679188217e-22 0.
1524295501 1 214.084777832 0. 4.21130784513e-22 0.
1524295509 1 137.653182983 0. 2.70633082148e-22 0.
1524295518 1 106.710166931 0. 2.09652178178e-22 0.
1524295527 1 60.3751296997 0. 1.1856340778e-22 0.
1524295535 1 39.0835723877 0. 7.66472629005e-23 0.
1524295544 1 20.3453388214 0. 3.98797106083e-23 0.
1524295553 1 10.699930191 0. 2.09364452031e-23 0.
1524295561 1 79.823348999 0. 1.57300755999e-22 0.
1524295596 1 313.462127686 0. 6.18046061811e-22 0.
1524295656 1 310.459442139 0. 6.12633029752e-22 0.
1524295716 1 311.560852051 0. 6.15351742169e-22 0.
1524295776 1 311.756317139 0. 6.16183790362e-22 0.
1524295836 1 312.21307373 0. 6.17679081936e-22 0.
1524295897 1 309.033416748 0. 6.11938169754e-22 0.
1524295957 1 308.158599854 0. 6.10823078042e-22 0.
1524296017 1 308.79208374 0. 6.12742029092e-22 0.
1524296077 1 308.297729492 0. 6.12410238587e-22 0.
1524296137 1 307.616333008 0. 6.11693719227e-22 0.
1524296197 1 307.38394165 0. 6.11871845329e-22 0.
1524296258 1 306.820220947 0. 6.1141366093e-22 0.
1524296318 1 306.57019043 0. 6.11577592035e-22 0.
1524296378 1 305.760620117 0. 6.10600602998e-22 0.
1524296438 1 304.883514404 0. 6.09526024778e-22 0.
1524296498 1 304.087890625 0. 6.08604537425e-22 0.
1524296559 1 303.385253906 0. 6.07835936181e-22 0.
1524296619 1 302.694854736 0. 6.07052497256e-22 0.
1524296679 1 300.941833496 0. 6.04176280656e-22 0.
1524296739 1 301.228057861 0. 6.05401850618e-22 0.
1524296799 1 301.502441406 0. 6.06598360081e-22 0.
1524296859 1 302.188140869 0. 6.08635648494e-22 0.
1524296919 1 302.018920898 0. 6.08944741375e-22 0.
1524296980 1 301.994812012 0. 6.09535710101e-22 0.
1524297040 1 302.168518066 0. 6.10572254021e-22 0.
1524297100 1 303.552093506 0. 6.13990576931e-22 0.
1524297160 1 317.508972168 0. 6.42920997422e-22 0.
1524297220 1 316.324035645 0. 6.41246178272e-22 0.
1524297280 1 315.880706787 0. 6.41079644927e-22 0.
1524297340 1 315.694030762 0. 6.41424750618e-22 0.
1524297401 1 316.011901855 0. 6.42830457487e-22 0.
1524297461 1 316.161437988 0. 6.43832880284e-22 0.
1524297521 1 307.546112061 0. 6.26971342114e-22 0.
1524297581 1 323.828094482 0. 6.61124220345e-22 0.
1524297641 1 334.929870605 0. 6.845298358e-22 0.
1524297702 1 349.542449951 0. 7.15374074301e-22 0.
1524297762 1 349.020568848 0. 7.15225859772e-22 0.
1524297822 1 348.254547119 0. 7.14511677001e-22 0.
1524297882 1 347.870025635 0. 7.14619272186e-22 0.
1524297942 1 347.395996094 0. 7.14489925301e-22 0.
1524298003 1 357.648101807 0. 7.36493378557e-22 0.
1524298063 1 363.426483154 0. 7.49389021248e-22 0.
1524298123 1 362.468688965 0. 7.48350549994e-22 0.
1524298183 1 362.309631348 0. 7.49028001226e-22 0.
1524298243 1 357.841644287 0. 7.40695617057e-22 0.
1524298303 1 344.226806641 0. 7.13454296247e-22 0.
1524298363 1 355.09753418 0. 7.36794156198e-22 0.
1524298423 1 360.476379395 0. 7.48923700033e-22 0.
1524298484 1 359.683105469 0. 7.48248215059e-22 0.
1524298544 1 359.174468994 0. 7.48120225186e-22 0.
1524298604 1 358.574676514 0. 7.47830826534e-22 0.
1524298664 1 357.977355957 0. 7.47466061962e-22 0.
1524298724 1 357.39730835 0. 7.47157434487e-22 0.
1524298784 1 356.323760986 0. 7.45894573033e-22 0.
1524298844 1 355.311431885 0. 7.44651980615e-22 0.
1524298905 1 354.892059326 0. 7.44708757593e-22 0.
1524298965 1 354.704101562 0. 7.45238671835e-22 0.
1524299025 1 354.060333252 0. 7.44853709254e-22 0.
1524299085 1 353.538116455 0. 7.44673109736e-22 0.
1524299145 1 353.399902344 0. 7.45316003933e-22 0.
1524299205 1 352.718505859 0. 7.44805360785e-22 0.
1524299266 1 351.995056152 0. 7.44203063058e-22 0.
1524299326 1 351.392791748 0. 7.43867136225e-22 0.
1524299386 1 351.024902344 0. 7.44045859171e-22 0.
1524299446 1 350.365966797 0. 7.43516278743e-22 0.
1524299506 1 349.786376953 0. 7.43248871157e-22 0.
1524299567 1 349.337890625 0. 7.43203864837e-22 0.
1524299627 1 348.653259277 0. 7.4266281647e-22 0.
1524299687 1 348.388366699 0. 7.43000538631e-22 0.
1524299747 1 347.481079102 0. 7.41971803002e-22 0.
1524299808 1 347.080108643 0. 7.42006731346e-22 0.
1524299868 1 346.383636475 0. 7.41431133647e-22 0.
1524299928 1 345.903015137 0. 7.41298904178e-22 0.
1524299988 1 345.258056641 0. 7.40861405973e-22 0.
1524300048 1 344.901184082 0. 7.41025980691e-22 0.
1524300108 1 344.168029785 0. 7.40365410799e-22 0.
1524300169 1 343.992126465 0. 7.40920540164e-22 0.
1524300229 1 343.270141602 0. 7.40268499175e-22 0.
1524300289 1 342.957336426 0. 7.40482024335e-22 0.
1524300349 1 342.324584961 0. 7.40034121321e-22 0.
1524300409 1 341.723754883 0. 7.39660014176e-22 0.
1524300470 1 341.100402832 0. 7.39202338468e-22 0.
1524300530 1 340.796936035 0. 7.39490740829e-22 0.
1524300590 1 340.239959717 0. 7.39221025639e-22 0.
1524300650 1 339.693084717 0. 7.38899500715e-22 0.
1524300710 1 339.377349854 0. 7.39135761201e-22 0.
1524300771 1 339.01171875 0. 7.39218534596e-22 0.
1524300831 1 338.351837158 0. 7.38679803715e-22 0.
1524300885 1 302.219573975 0. 6.60879252762e-22 0.
1524300939 1 0.00296227331273 0. 1.2603553689e-22 0.
