1524698712 1 4971.671875 0. 5.73132046812e-22 0.
1524698772 1 4964.06152344 0. 5.73187296082e-22 0.
1524698832 1 4962.61328125 0. 5.73871369548e-22 0.
1524698892 1 4952.12353516 0. 5.73405326039e-22 0.
1524698953 1 4946.66259766 0. 5.73714520181e-22 0.
1524699013 1 4935.30371094 0. 5.73187709599e-22 0.
1524699073 1 4919.68164062 0. 5.72351912723e-22 0.
1524699133 1 4906.53613281 0. 5.7176608029e-22 0.
1524699168 1 4904.60986328 0. 5.72042665793e-22 0.
1524699204 1 4895.13134766 0. 5.71568193128e-22 0.
1524699264 1 4886.94091797 0. 5.71589774816e-22 0.
1524699319 1 4875.81445312 0. 5.71182541526e-22 0.
1524699351 1 1361.64550781 0. 1.6021929797e-22 0.
1524699362 1 592.303527832 0. 6.9526812236e-23 0.
1524699371 1 1018.23754883 0. 1.19559245154e-22 0.
1524699380 1 1474.0078125 0. 1.72961471035e-22 0.
1524699389 1 2076.66796875 0. 2.43870784807e-22 0.
1524699398 1 2847.36669922 0. 3.3414226339e-22 0.
1524699407 1 3474.77490234 0. 4.08037818936e-22 0.
1524699415 1 4220.08203125 0. 4.95405083752e-22 0.
1524699424 1 4570.09228516 0. 5.36666703428e-22 0.
1524699433 1 4858.54882812 0. 5.70665883719e-22 0.
1524699442 1 4539.88476562 0. 5.33383186572e-22 0.
1524699451 1 4331.62304688 0. 5.09005406963e-22 0.
1524699460 1 3389.65429688 0. 3.98550611705e-22 0.
1524699469 1 3012.30078125 0. 3.54136157577e-22 0.
1524699478 1 2025.6361084 0. 2.38378051151e-22 0.
1524699487 1 1636.89624023 0. 1.92571908077e-22 0.
1524699496 1 992.435302734 0. 1.16886305649e-22 0.
1524699505 1 696.715332031 0. 8.20485643486e-23 0.
1524699521 1 1487.07568359 0. 1.75875654632e-22 0.
1524699537 1 485.196044922 0. 5.7455954312e-23 0.
1524699546 1 887.304199219 0. 1.04948214966e-22 0.
1524699555 1 1292.79394531 0. 1.52779460855e-22 0.
1524699563 1 1888.72583008 0. 2.23163349102e-22 0.
1524699572 1 2725.68017578 0. 3.21640314781e-22 0.
1524699580 1 3372.90332031 0. 3.98157047166e-22 0.
1524699589 1 4265.91210938 0. 5.0302125595e-22 0.
1524699598 1 4596.86572266 0. 5.42071979489e-22 0.
1524699607 1 4846.42285156 0. 5.71389348463e-22 0.
1524699615 1 4278.90429688 0. 5.04541404953e-22 0.
1524699624 1 3981.59838867 0. 4.69527082005e-22 0.
1524699632 1 2784.66162109 0. 3.28719396735e-22 0.
1524699641 1 2371.14453125 0. 2.79831182548e-22 0.
1524699650 1 1409.28967285 0. 1.66622091711e-22 0.
1524699659 1 1054.52941895 0. 1.24672455436e-22 0.
1524699667 1 588.939208984 0. 6.97486899007e-23 0.
1524699675 1 368.550079346 0. 4.36836834013e-23 0.
1524699684 1 1198.03869629 0. 1.42187008079e-22 0.
1524699719 1 4828.65917969 0. 5.70798026423e-22 0.
1524699779 1 4815.72949219 0. 5.70174491828e-22 0.
1524699821 1 4806.46533203 0. 5.69793740654e-22 0.
1524699864 1 4797.93554688 0. 5.69434507959e-22 0.
1524699924 1 4785.26855469 0. 5.6888117507e-22 0.
1524699985 1 4772.43847656 0. 5.68307055936e-22 0.
1524700045 1 4761.92626953 0. 5.67974482713e-22 0.
1524700099 1 4753.30273438 0. 5.67771202973e-22 0.
1524700154 1 4743.13476562 0. 5.6736430951e-22 0.
1524700210 1 3512.28955078 0. 4.22865328873e-22 0.
1524700254 1 0.032646663487 0. 7.05009250953e-24 0.
1524700287 1 0.0296637825668 0. 0.0 0.
1524700333 1 0.0289940722287 0. 0.0 0.
1524700393 1 0.0276916399598 0. 0.0 0.
