1524797110 1 8421.82226562 0. 5.63588222475e-22 0.
1524797170 1 8391.45605469 0. 5.62421305965e-22 0.
1524797230 1 8361.68164062 0. 5.61503293383e-22 0.
1524797290 1 8352.37890625 0. 5.61722770101e-22 0.
1524797350 1 8319.85742188 0. 5.6045852158e-22 0.
1524797390 1 8311.27832031 0. 5.60578085831e-22 0.
1524797422 1 8302.96386719 0. 5.60515027813e-22 0.
1524797473 1 8263.10449219 0. 5.58693080152e-22 0.
1524797533 1 8236.51953125 0. 5.5795981425e-22 0.
1524797582 1 8211.58007812 0. 5.57147999506e-22 0.
1524797630 1 8215.39648438 0. 5.58276505957e-22 0.
1524797689 1 8192.38867188 0. 5.5774964228e-22 0.
1524797747 1 8166.49853516 0. 5.5701722268e-22 0.
1524797808 1 8147.92333984 0. 5.56754553093e-22 0.
1524797868 1 8124.96191406 0. 5.56266753598e-22 0.
1524797928 1 8105.63574219 0. 5.5594223431e-22 0.
1524797988 1 8080.85351562 0. 5.55253573855e-22 0.
1524798048 1 8065.88867188 0. 5.55214413852e-22 0.
1524798083 1 8049.93212891 0. 5.5471020237e-22 0.
1524798108 1 8043.09130859 0. 5.54619901524e-22 0.
1524798148 1 8031.53564453 0. 5.54473271293e-22 0.
1524798174 1 2160.10473633 0. 1.5035687133e-22 0.
1524798185 1 885.100463867 0. 6.12078564235e-23 0.
1524798194 1 1542.67419434 0. 1.06762156622e-22 0.
1524798203 1 2226.64990234 0. 1.53900092986e-22 0.
1524798212 1 3154.83544922 0. 2.18393379108e-22 0.
1524798221 1 4391.80126953 0. 3.03583693785e-22 0.
1524798230 1 5412.22314453 0. 3.74648925956e-22 0.
1524798239 1 6736.64990234 0. 4.65965932947e-22 0.
1524798248 1 7409.01464844 0. 5.12873610971e-22 0.
1524798257 1 8015.82519531 0. 5.54918597733e-22 0.
1524798266 1 7714.44873047 0. 5.34200267993e-22 0.
1524798274 1 7452.5234375 0. 5.16108157214e-22 0.
1524798283 1 6022.62255859 0. 4.17452574374e-22 0.
1524798292 1 5427.52880859 0. 3.76041128593e-22 0.
1524798301 1 3752.67260742 0. 2.60360773997e-22 0.
1524798310 1 3111.171875 0. 2.15658830312e-22 0.
1524798319 1 1941.94445801 0. 1.34846724947e-22 0.
1524798328 1 1414.69909668 0. 9.81643796405e-23 0.
1524798344 1 2742.14453125 0. 1.91779706935e-22 0.
1524798361 1 1063.75817871 0. 7.41393333711e-23 0.
1524798370 1 1808.25866699 0. 1.25978321726e-22 0.
1524798378 1 2605.99560547 0. 1.81213730665e-22 0.
1524798387 1 3666.62255859 0. 2.55262501303e-22 0.
1524798396 1 5090.6875 0. 3.53706933483e-22 0.
1524798405 1 6132.93261719 0. 4.26614631343e-22 0.
1524798413 1 7471.75830078 0. 5.19216183725e-22 0.
1524798422 1 7815.63671875 0. 5.43286775897e-22 0.
1524798431 1 8014.85351562 0. 5.57211501587e-22 0.
1524798439 1 6816.07910156 0. 4.74220019175e-22 0.
1524798448 1 6263.73339844 0. 4.35708006478e-22 0.
1524798457 1 4275.51757812 0. 2.9803517904e-22 0.
1524798465 1 3615.71435547 0. 2.51865191856e-22 0.
1524798474 1 2173.59863281 0. 1.51897157544e-22 0.
1524798483 1 1606.07177734 0. 1.12216135482e-22 0.
1524798491 1 922.168457031 0. 6.46150244144e-23 0.
1524798500 1 577.624755859 0. 4.05319209303e-23 0.
1524798509 1 1840.89123535 0. 1.29574680379e-22 0.
1524798525 1 7971.3671875 0. 5.55505375412e-22 0.
1524798568 1 7945.77099609 0. 5.54349790807e-22 0.
1524798628 1 7873.95605469 0. 5.50272966372e-22 0.
1524798688 1 7831.74804688 0. 5.48213488188e-22 0.
1524798748 1 7789.42578125 0. 5.4616720279e-22 0.
1524798808 1 7786.92089844 0. 5.46893286347e-22 0.
1524798848 1 7774.54541016 0. 5.46600426655e-22 0.
1524798879 1 7766.21972656 0. 5.4647584261e-22 0.
1524798932 1 7758.78955078 0. 5.46727425234e-22 0.
1524798979 1 7747.47412109 0. 5.46598410857e-22 0.
1524799027 1 7736.70605469 0. 5.46571048941e-22 0.
1524799087 1 7713.06054688 0. 5.45784009331e-22 0.
1524799147 1 7684.64404297 0. 5.44632126891e-22 0.
1524799191 1 7664.78955078 0. 5.43884805455e-22 0.
1524799210 1 7659.96875 0. 5.43732703783e-22 0.
1524799220 1 7646.18652344 0. 5.42997716595e-22 0.
1524799230 1 7646.17480469 0. 5.43079512888e-22 0.
1524799252 1 7629.9921875 0. 5.42214188047e-22 0.
1524799279 1 7622.41259766 0. 5.42095666526e-22 0.
1524799320 1 7457.21386719 0. 5.30934952176e-22 0.
1524799376 1 7194.57128906 0. 5.13093605656e-22 0.
1524799432 1 7381.22265625 0. 5.27183309129e-22 0.
1524799493 1 7878.57324219 0. 5.63456558098e-22 0.
1524799553 1 7861.484375 0. 5.63078621286e-22 0.
1524799613 1 7844.50927734 0. 5.62751971367e-22 0.
1524799673 1 7830.07568359 0. 5.62576059224e-22 0.
1524799733 1 7812.50585938 0. 5.62175065943e-22 0.
1524799793 1 7803.75537109 0. 5.62402445355e-22 0.
1524799852 1 7794.66748047 0. 5.62575862345e-22 0.
1524799913 1 7781.29052734 0. 5.62465099123e-22 0.
1524799973 1 7767.21533203 0. 5.62321548141e-22 0.
1524800033 1 7751.61376953 0. 5.62027833224e-22 0.
1524800093 1 7740.72705078 0. 5.62104704991e-22 0.
1524800153 1 7724.09912109 0. 5.61748821055e-22 0.
1524800213 1 7701.86328125 0. 5.60962629915e-22 0.
1524800274 1 7683.67724609 0. 5.6045895776e-22 0.
1524800334 1 7672.32080078 0. 5.60496224428e-22 0.
1524800384 1 7661.46679688 0. 5.60414180781e-22 0.
1524800435 1 7661.10546875 0. 5.61065337347e-22 0.
1524800495 1 7647.06054688 0. 5.60866528465e-22 0.
1524800555 1 7630.73339844 0. 5.60494417374e-22 0.
1524800615 1 7618.65771484 0. 5.60422627956e-22 0.
1524800675 1 7607.46826172 0. 5.60436501196e-22 0.
1524800735 1 7592.87744141 0. 5.6022162853e-22 0.
1524800795 1 7577.14453125 0. 5.59898271585e-22 0.
1524800856 1 7562.89355469 0. 5.59650348347e-22 0.
1524800916 1 7547.04736328 0. 5.59289134793e-22 0.
1524800976 1 7531.18554688 0. 5.58941495875e-22 0.
1524801036 1 7521.31445312 0. 5.5896145882e-22 0.
1524801096 1 7500.28027344 0. 5.58261779727e-22 0.
1524801156 1 7490.23876953 0. 5.58298144722e-22 0.
1524801217 1 7478.09863281 0. 5.58216567782e-22 0.
1524801277 1 7471.5703125 0. 5.58530291392e-22 0.
1524801337 1 7451.33691406 0. 5.57818010831e-22 0.
1524801397 1 7443.37744141 0. 5.58008153782e-22 0.
1524801457 1 7431.86914062 0. 5.57976494226e-22 0.
1524801517 1 7423.04052734 0. 5.58078157463e-22 0.
1524801577 1 7413.25146484 0. 5.58111909132e-22 0.
1524801638 1 7401.32763672 0. 5.58014327121e-22 0.
1524801698 1 7388.52050781 0. 5.5785092787e-22 0.
1524801758 1 7369.94189453 0. 5.57224807549e-22 0.
1524801818 1 7354.43017578 0. 5.56808254131e-22 0.
1524801878 1 7343.06738281 0. 5.56747385695e-22 0.
1524801938 1 7195.85644531 0. 5.46345157882e-22 0.
1524801998 1 6963.75195312 0. 5.29482009629e-22 0.
1524802059 1 7318.25878906 0. 5.57193380242e-22 0.
1524802119 1 7328.75830078 0. 5.58793848852e-22 0.
1524802179 1 7317.07861328 0. 5.58683857638e-22 0.
1524802239 1 7303.45361328 0. 5.58411836297e-22 0.
1524802299 1 7291.32714844 0. 5.58237265012e-22 0.
1524802359 1 7281.17138672 0. 5.58238343377e-22 0.
1524802419 1 7270.37841797 0. 5.58194940262e-22 0.
1524802480 1 7260.17333984 0. 5.58178976268e-22 0.
1524802540 1 7250.64990234 0. 5.58219369132e-22 0.
1524802600 1 7237.94873047 0. 5.58030128356e-22 0.
1524802660 1 7224.69970703 0. 5.57793925627e-22 0.
1524802720 1 7213.11132812 0. 5.57643091833e-22 0.
1524802780 1 7202.66162109 0. 5.57601696573e-22 0.
1524802840 1 7187.45263672 0. 5.5720290286e-22 0.
1524802901 1 7176.38330078 0. 5.57101374786e-22 0.
1524802961 1 7164.81738281 0. 5.56955781229e-22 0.
1524803021 1 7153.26660156 0. 5.56828939895e-22 0.
1524803081 1 7144.21923828 0. 5.56871161285e-22 0.
1524803141 1 7132.81445312 0. 5.56711806941e-22 0.
1524803201 1 7118.93457031 0. 5.56388736686e-22 0.
1524803261 1 7108.43652344 0. 5.56307230885e-22 0.
1524803321 1 7097.70117188 0. 5.56267762542e-22 0.
1524803382 1 7087.50390625 0. 5.56163784855e-22 0.
1524803442 1 7074.01806641 0. 5.55853662473e-22 0.
1524803502 1 7062.61425781 0. 5.55689364836e-22 0.
1524803562 1 7052.03369141 0. 5.55590825871e-22 0.
1524803622 1 7035.95605469 0. 5.55094745839e-22 0.
1524803682 1 7025.23632812 0. 5.54974667512e-22 0.
1524803742 1 7017.69580078 0. 5.55113668953e-22 0.
1524803803 1 7008.64160156 0. 5.55123517977e-22 0.
1524803863 1 7000.75 0. 5.55244962432e-22 0.
1524803923 1 6987.01025391 0. 5.54875464315e-22 0.
1524803983 1 6976.86279297 0. 5.54810309355e-22 0.
1524804043 1 6968.99414062 0. 5.54932068092e-22 0.
1524804083 1 6961.96289062 0. 5.54834793984e-22 0.
1524804122 1 6952.4765625 0. 5.54544830796e-22 0.
1524804182 1 6936.64111328 0. 5.54017103031e-22 0.
1524804242 1 6928.49023438 0. 5.54100612769e-22 0.
1524804302 1 6912.78955078 0. 5.53584577928e-22 0.
1524804363 1 6905.05810547 0. 5.53686265485e-22 0.
1524804423 1 6892.61328125 0. 5.53423214645e-22 0.
1524804483 1 6880.77294922 0. 5.53200883746e-22 0.
1524804543 1 6869.83691406 0. 5.53005415501e-22 0.
1524804603 1 6861.09570312 0. 5.53014963691e-22 0.
1524804664 1 6856.1640625 0. 5.53383791197e-22 0.
1524804724 1 6844.66748047 0. 5.53162892908e-22 0.
1524804784 1 6837.73925781 0. 5.53331143349e-22 0.
1524804844 1 6829.40332031 0. 5.53381564866e-22 0.
1524804904 1 6816.13378906 0. 5.53002206707e-22 0.
1524804964 1 6811.83203125 0. 5.53386963657e-22 0.
1524805024 1 6805.75537109 0. 5.53604658978e-22 0.
1524805085 1 6796.30419922 0. 5.5356230935e-22 0.
1524805145 1 6787.6953125 0. 5.53567873294e-22 0.
1524805205 1 6776.88964844 0. 5.5338446697e-22 0.
1524805265 1 6764.06201172 0. 5.53037814155e-22 0.
1524805325 1 6755.23828125 0. 5.53041421135e-22 0.
1524805386 1 6747.99316406 0. 5.53150545966e-22 0.
1524805446 1 6739.859375 0. 5.53199232248e-22 0.
1524805506 1 6732.3125 0. 5.53313429445e-22 0.
1524805566 1 6721.31445312 0. 5.530808016e-22 0.
1524805626 1 6710.20019531 0. 5.52861430423e-22 0.
1524805687 1 6701.58789062 0. 5.52847905652e-22 0.
1524805747 1 6691.84765625 0. 5.52766277003e-22 0.
1524805807 1 6680.44775391 0. 5.52536488121e-22 0.
1524805867 1 6674.37548828 0. 5.52730025085e-22 0.
1524805927 1 6661.77246094 0. 5.52401185988e-22 0.
1524805988 1 6650.46533203 0. 5.52166114844e-22 0.
1524806048 1 6644.18603516 0. 5.52347578243e-22 0.
1524806108 1 6638.0234375 0. 5.52556986689e-22 0.
1524806168 1 6836.83642578 0. 5.69988247918e-22 0.
1524806228 1 6794.44970703 0. 5.67291677074e-22 0.
1524806288 1 6564.0859375 0. 5.48895960071e-22 0.
1524806349 1 6608.74609375 0. 5.53389222241e-22 0.
1524806409 1 6807.44335938 0. 5.70794436359e-22 0.
1524806469 1 6818.98339844 0. 5.72575621775e-22 0.
1524806504 1 6813.47851562 0. 5.72543760542e-22 0.
1524806539 1 6810.578125 0. 5.72815361627e-22 0.
1524806599 1 6797.76953125 0. 5.72519745353e-22 0.
1524806659 1 6790.20166016 0. 5.72697733764e-22 0.
1524806720 1 6779.01318359 0. 5.72539598403e-22 0.
1524806780 1 6772.84033203 0. 5.72812533093e-22 0.
1524806840 1 6758.23828125 0. 5.72368198175e-22 0.
1524806900 1 6747.82861328 0. 5.72295875199e-22 0.
1524806960 1 6737.02734375 0. 5.72158875474e-22 0.
1524807020 1 6723.80078125 0. 5.71811873032e-22 0.
1524807080 1 6712.54589844 0. 5.71634681706e-22 0.
1524807141 1 6702.36035156 0. 5.7151741132e-22 0.
1524807201 1 6696.859375 0. 5.71824036639e-22 0.
1524807261 1 6680.25585938 0. 5.71174424168e-22 0.
1524807321 1 6667.29882812 0. 5.70825248277e-22 0.
1524807381 1 6659.30029297 0. 5.70883195431e-22 0.
1524807441 1 6653.69384766 0. 5.71183018796e-22 0.
1524807496 1 6647.87646484 0. 5.71385807651e-22 0.
1524807551 1 6636.46289062 0. 5.7107626079e-22 0.
1524807612 1 6627.91064453 0. 5.71101354035e-22 0.
1524807647 1 6622.22900391 0. 5.71033913596e-22 0.
1524807682 1 6616.26416016 0. 5.70985910507e-22 0.
1524807742 1 6607.70556641 0. 5.7099325641e-22 0.
1524807802 1 6599.56542969 0. 5.71047489392e-22 0.
1524807862 1 6586.75292969 0. 5.70720807737e-22 0.
1524807922 1 6573.74609375 0. 5.70347773231e-22 0.
1524807982 1 6566.16894531 0. 5.70443713476e-22 0.
1524808043 1 6555.27587891 0. 5.70217116736e-22 0.
1524808103 1 6542.71435547 0. 5.6989738099e-22 0.
1524808146 1 6536.51513672 0. 5.69856801247e-22 0.
1524808189 1 6526.78466797 0. 5.69568341377e-22 0.
1524808249 1 6506.99511719 0. 5.68604007388e-22 0.
1524808309 1 6495.49072266 0. 5.68286909127e-22 0.
1524808369 1 6484.61083984 0. 5.68112415425e-22 0.
1524808416 1 6481.23486328 0. 5.68372854524e-22 0.
1524808463 1 6475.51220703 0. 5.68472550759e-22 0.
1524808523 1 6464.30761719 0. 5.68268282449e-22 0.
1524808583 1 6456.30761719 0. 5.68297772367e-22 0.
1524808643 1 6444.81542969 0. 5.68005695513e-22 0.
1524808704 1 6440.73291016 0. 5.68388765178e-22 0.
1524808764 1 6434.09326172 0. 5.68531990819e-22 0.
1524808824 1 6421.67675781 0. 5.68153011514e-22 0.
1524808884 1 6413.72070312 0. 5.68173878745e-22 0.
1524808944 1 6402.41113281 0. 5.67895814659e-22 0.
1524809004 1 6391.13134766 0. 5.67631010456e-22 0.
1524809064 1 6385.27783203 0. 5.67852897367e-22 0.
1524809100 1 6380.74267578 0. 5.67839183239e-22 0.
1524809135 1 6373.09277344 0. 5.67636533647e-22 0.
1524809195 1 6360.56494141 0. 5.67236558899e-22 0.
1524809255 1 6350.82714844 0. 5.67102731006e-22 0.
1524809315 1 6341.48925781 0. 5.66992521329e-22 0.
1524809375 1 6329.41699219 0. 5.66621445928e-22 0.
1524809435 1 6320.609375 0. 5.66565998853e-22 0.
1524809495 1 6307.32666016 0. 5.66089212575e-22 0.
1524809556 1 6301.73388672 0. 5.66307684354e-22 0.
1524809616 1 6294.62304688 0. 5.6639579849e-22 0.
1524809676 1 6288.40478516 0. 5.66552575856e-22 0.
1524809736 1 6278.47949219 0. 5.66369772615e-22 0.
1524809796 1 6265.10058594 0. 5.65897239553e-22 0.
1524809857 1 6255.73828125 0. 5.6576900213e-22 0.
1524809917 1 6248.1015625 0. 5.65792549656e-22 0.
1524809977 1 6237.15380859 0. 5.65509841398e-22 0.
1524810037 1 6231.47314453 0. 5.65709938906e-22 0.
1524810097 1 6219.92236328 0. 5.6538977235e-22 0.
1524810157 1 6211.89599609 0. 5.65368360923e-22 0.
1524810217 1 6202.55126953 0. 5.65233670622e-22 0.
1524810278 1 6196.5546875 0. 5.65421231465e-22 0.
1524810338 1 6182.69970703 0. 5.64871273879e-22 0.
1524810398 1 6170.06005859 0. 5.64424271102e-22 0.
1524810458 1 6163.88134766 0. 5.64577830215e-22 0.
1524810518 1 6158.29833984 0. 5.64771149608e-22 0.
1524810578 1 6146.15527344 0. 5.64373766776e-22 0.
1524810638 1 6136.89697266 0. 5.64210532946e-22 0.
1524810699 1 6126.83740234 0. 5.6399595531e-22 0.
1524810759 1 6118.80957031 0. 5.63973100984e-22 0.
1524810819 1 6106.47460938 0. 5.63532299318e-22 0.
1524810879 1 6093.27490234 0. 5.63028732123e-22 0.
1524810939 1 6078.12353516 0. 5.62333085675e-22 0.
1524810999 1 6071.60742188 0. 5.62408838883e-22 0.
1524811059 1 6064.47070312 0. 5.62415903607e-22 0.
1524811120 1 6058.69824219 0. 5.62543946744e-22 0.
1524811180 1 6052.19091797 0. 5.62669017375e-22 0.
1524811240 1 6045.05029297 0. 5.62673260245e-22 0.
1524811300 1 6037.49804688 0. 5.6267713005e-22 0.
1524811360 1 6029.17578125 0. 5.62577722902e-22 0.
1524811420 1 6024.3515625 0. 5.62868620706e-22 0.
1524811480 1 6011.34082031 0. 5.6231561377e-22 0.
1524811541 1 6003.10986328 0. 5.62219692528e-22 0.
1524811601 1 5992.54980469 0. 5.61924433086e-22 0.
1524811661 1 5983.02490234 0. 5.61715587113e-22 0.
1524811721 1 5979.296875 0. 5.62086699904e-22 0.
1524811781 1 5977.89501953 0. 5.6264776008e-22 0.
1524811841 1 5978.62207031 0. 5.63432145722e-22 0.
1524811882 1 5975.58789062 0. 5.63625745086e-22 0.
1524811918 1 5946.05371094 0. 5.61267687056e-22 0.
1524811975 1 5940.93310547 0. 5.61426050967e-22 0.
1524812035 1 5934.67529297 0. 5.61512359391e-22 0.
1524812095 1 5932.65185547 0. 5.62015767271e-22 0.
1524812155 1 5921.66699219 0. 5.61641926894e-22 0.
1524812215 1 5913.80761719 0. 5.61578337547e-22 0.
1524812275 1 5908.01367188 0. 5.61726701196e-22 0.
1524812336 1 5896.25878906 0. 5.61299072719e-22 0.
1524812396 1 5880.40625 0. 5.60453009712e-22 0.
1524812456 1 5866.77636719 0. 5.5983240783e-22 0.
1524812516 1 5864.22802734 0. 5.60303051094e-22 0.
1524812576 1 5867.04980469 0. 5.61258488001e-22 0.
1524812636 1 5861.10546875 0. 5.61368809157e-22 0.
1524812696 1 5854.24072266 0. 5.61384936958e-22 0.
1524812756 1 5846.01611328 0. 5.61294657441e-22 0.
1524812817 1 5836.81933594 0. 5.61088604427e-22 0.
1524812877 1 5834.20751953 0. 5.61518471742e-22 0.
1524812937 1 5828.42236328 0. 5.6163719634e-22 0.
1524812997 1 5818.66162109 0. 5.61360405737e-22 0.
1524813051 1 5814.61132812 0. 5.61540323526e-22 0.
1524813105 1 5810.15283203 0. 5.61740145125e-22 0.
1524813165 1 5803.44628906 0. 5.61748658465e-22 0.
1524813225 1 5792.52734375 0. 5.61361915839e-22 0.
1524813286 1 5787.76367188 0. 5.61582519206e-22 0.
1524813346 1 5784.04394531 0. 5.61887664359e-22 0.
1524813406 1 5916.83056641 0. 5.75553875179e-22 0.
1524813466 1 5780.47119141 0. 5.63201285466e-22 0.
1524813526 1 5695.14257812 0. 5.55707211626e-22 0.
1524813586 1 5989.82080078 0. 5.85231139288e-22 0.
1524813646 1 5980.98828125 0. 5.85251562547e-22 0.
1524813706 1 5971.79980469 0. 5.85193374448e-22 0.
1524813767 1 5965.01757812 0. 5.85368595594e-22 0.
1524813827 1 5954.66894531 0. 5.85135758997e-22 0.
1524813887 1 5945.09765625 0. 5.85019185622e-22 0.
1524813947 1 5940.50878906 0. 5.85348998055e-22 0.
1524814007 1 5932.88623047 0. 5.85405359001e-22 0.
1524814067 1 5922.20947266 0. 5.85145339203e-22 0.
1524814128 1 5913.88427734 0. 5.85078811728e-22 0.
1524814188 1 5905.73583984 0. 5.85063543195e-22 0.
1524814248 1 5899.02587891 0. 5.85191407263e-22 0.
1524814308 1 5887.86865234 0. 5.84820225567e-22 0.
1524814368 1 5882.04150391 0. 5.85021404478e-22 0.
1524814428 1 5874.11572266 0. 5.84982460874e-22 0.
1524814489 1 5865.66748047 0. 5.84932840035e-22 0.
1524814549 1 5857.92480469 0. 5.84943685621e-22 0.
1524814609 1 5851.91503906 0. 5.85098719912e-22 0.
1524814669 1 5844.01708984 0. 5.85073497071e-22 0.
1524814729 1 5831.62109375 0. 5.84590276051e-22 0.
1524814789 1 5823.80078125 0. 5.84558196029e-22 0.
1524814850 1 5816.40039062 0. 5.84581640635e-22 0.
1524814910 1 5806.16357422 0. 5.84275526971e-22 0.
1524814970 1 5798.49804688 0. 5.84274447975e-22 0.
1524815030 1 5790.98046875 0. 5.84281544931e-22 0.
1524815090 1 5786.98095703 0. 5.84571859303e-22 0.
1524815150 1 5780.52978516 0. 5.84679562292e-22 0.
1524815210 1 5774.15673828 0. 5.84782951521e-22 0.
1524815270 1 5763.63525391 0. 5.84459412449e-22 0.
1524815331 1 5755.50830078 0. 5.84383875887e-22 0.
1524815391 1 5742.74951172 0. 5.83835099917e-22 0.
1524815451 1 5744.734375 0. 5.84787365138e-22 0.
1524815511 1 5735.52978516 0. 5.84578442013e-22 0.
1524815571 1 5728.17089844 0. 5.84603945589e-22 0.
1524815631 1 5721.02587891 0. 5.84587392266e-22 0.
1524815691 1 5712.37548828 0. 5.84429817271e-22 0.
1524815736 1 5704.66162109 0. 5.84140678399e-22 0.
1524815780 1 5703.04394531 0. 5.84515804286e-22 0.
1524815840 1 5695.27490234 0. 5.84479320198e-22 0.
1524815900 1 5689.69042969 0. 5.84613028486e-22 0.
1524815961 1 5684.17626953 0. 5.84755239071e-22 0.
1524816021 1 5677.66894531 0. 5.84796638226e-22 0.
1524816081 1 5669.62207031 0. 5.84668635286e-22 0.
1524816141 1 5661.61181641 0. 5.84548597805e-22 0.
1524816201 1 5652.19970703 0. 5.84248669422e-22 0.
1524816261 1 5644.51416016 0. 5.84154299219e-22 0.
1524816321 1 5636.44726562 0. 5.84029774417e-22 0.
1524816382 1 5630.92578125 0. 5.84187802043e-22 0.
1524816442 1 5624.49658203 0. 5.84180329261e-22 0.
1524816502 1 5619.59619141 0. 5.84418503442e-22 0.
1524816562 1 5612.95605469 0. 5.84429097031e-22 0.
1524816622 1 5603.30615234 0. 5.84107757259e-22 0.
1524816682 1 5595.97851562 0. 5.84041692772e-22 0.
1524816742 1 5590.29492188 0. 5.84152466608e-22 0.
1524816802 1 5583.00634766 0. 5.84127117203e-22 0.
1524816862 1 5577.09863281 0. 5.84185831474e-22 0.
1524816923 1 5566.48095703 0. 5.83771480202e-22 0.
1524816983 1 5560.32177734 0. 5.83802756212e-22 0.
1524817043 1 5553.05859375 0. 5.83726492405e-22 0.
1524817103 1 5544.33105469 0. 5.83523445665e-22 0.
1524817163 1 5536.72802734 0. 5.83440014921e-22 0.
1524817224 1 5531.65234375 0. 5.83587252392e-22 0.
1524817284 1 5523.72265625 0. 5.83448229727e-22 0.
1524817344 1 5517.54785156 0. 5.83509191044e-22 0.
1524817404 1 5513.08691406 0. 5.83731680157e-22 0.
1524817464 1 5505.91943359 0. 5.83666481413e-22 0.
1524817524 1 5495.71582031 0. 5.83296876932e-22 0.
1524817584 1 5490.1015625 0. 5.83416461011e-22 0.
1524817645 1 5483.12597656 0. 5.83338422015e-22 0.
1524817705 1 5476.90087891 0. 5.83353103945e-22 0.
1524817765 1 5471.31201172 0. 5.83448129875e-22 0.
1524817825 1 5461.35742188 0. 5.83088186854e-22 0.
1524817885 1 5458.95410156 0. 5.83542751451e-22 0.
1524817945 1 5450.04638672 0. 5.83266280979e-22 0.
1524818005 1 5439.83398438 0. 5.82843029452e-22 0.
1524818066 1 5432.17333984 0. 5.82717834455e-22 0.
1524818126 1 5425.59179688 0. 5.82695594918e-22 0.
1524818186 1 5418.82763672 0. 5.82660315964e-22 0.
1524818246 1 5415.97900391 0. 5.83028285741e-22 0.
1524818306 1 5411.23632812 0. 5.83198780163e-22 0.
1524818366 1 5402.92089844 0. 5.82983797788e-22 0.
1524818426 1 5397.55078125 0. 5.83098153458e-22 0.
1524818487 1 5390.59423828 0. 5.83041688766e-22 0.
1524818547 1 5382.66796875 0. 5.8287589455e-22 0.
1524818607 1 5377.50146484 0. 5.82983974976e-22 0.
1524818667 1 5370.48388672 0. 5.82876795736e-22 0.
1524818727 1 5361.78955078 0. 5.82617006793e-22 0.
1524818787 1 5354.25146484 0. 5.82497131332e-22 0.
1524818847 1 5349.07275391 0. 5.82601894774e-22 0.
1524818907 1 5342.97167969 0. 5.82598538141e-22 0.
1524818968 1 5335.71582031 0. 5.82509824022e-22 0.
1524819028 1 5328.71923828 0. 5.82416233331e-22 0.
1524819088 1 5323.84130859 0. 5.82564179779e-22 0.
1524819148 1 5317.88916016 0. 5.82587434611e-22 0.
1524819208 1 5313.14941406 0. 5.82734978903e-22 0.
1524819268 1 5305.375 0. 5.82553642386e-22 0.
1524819328 1 5300.93798828 0. 5.82736473356e-22 0.
1524819389 1 5290.20751953 0. 5.82222181743e-22 0.
1524819449 1 5283.20068359 0. 5.8213685286e-22 0.
1524819509 1 5277.85400391 0. 5.82253373863e-22 0.
1524819569 1 5270.23339844 0. 5.82088976261e-22 0.
1524819629 1 5265.18261719 0. 5.82182880959e-22 0.
1524819689 1 5259.56298828 0. 5.82237177934e-22 0.
1524819749 1 5251.21728516 0. 5.81976869952e-22 0.
1524819810 1 5246.51464844 0. 5.8209591332e-22 0.
1524819870 1 5234.44287109 0. 5.81414361288e-22 0.
1524819930 1 5224.80908203 0. 5.81015028875e-22 0.
1524819990 1 5220.84765625 0. 5.81256570073e-22 0.
1524820050 1 5216.0703125 0. 5.81378255829e-22 0.
1524820110 1 5211.51220703 0. 5.81543010876e-22 0.
1524820170 1 5205.05810547 0. 5.81512506549e-22 0.
1524820230 1 5198.76123047 0. 5.81454766308e-22 0.
1524820291 1 5191.25830078 0. 5.81264812141e-22 0.
1524820351 1 5187.62597656 0. 5.81515230081e-22 0.
1524820411 1 5178.8515625 0. 5.81222368384e-22 0.
1524820471 1 5174.73974609 0. 5.81445352112e-22 0.
1524820531 1 5165.27246094 0. 5.81065472679e-22 0.
1524820591 1 5159.96435547 0. 5.81132706941e-22 0.
1524820651 1 5151.62451172 0. 5.80833863744e-22 0.
1524820692 1 5148.47558594 0. 5.80900928204e-22 0.
1524820733 1 5143.60058594 0. 5.80823901964e-22 0.
1524820793 1 5137.37060547 0. 5.80789100707e-22 0.
1524820853 1 5131.19140625 0. 5.80766609876e-22 0.
1524820913 1 5123.37841797 0. 5.80531925389e-22 0.
1524820974 1 5117.10498047 0. 5.80456259664e-22 0.
1524821034 1 5114.58349609 0. 5.80805958854e-22 0.
1524821094 1 5107.84423828 0. 5.80704511769e-22 0.
1524821154 1 5101.16503906 0. 5.80609087122e-22 0.
1524821214 1 5094.14550781 0. 5.80480482748e-22 0.
1524821250 1 5092.62158203 0. 5.80651628114e-22 0.
1524821286 1 5090.26220703 0. 5.8080091905e-22 0.
1524821346 1 5084.30761719 0. 5.80777200512e-22 0.
1524821406 1 5076.89160156 0. 5.80607596693e-22 0.
1524821466 1 5069.26708984 0. 5.80388976791e-22 0.
1524821526 1 5059.3828125 0. 5.7991850984e-22 0.
1524821586 1 5056.41113281 0. 5.80227055282e-22 0.
1524821647 1 5049.82470703 0. 5.80135358777e-22 0.
1524821707 1 5047.02197266 0. 5.80508773275e-22 0.
1524821767 1 5041.45458984 0. 5.80505636387e-22 0.
1524821827 1 5035.75927734 0. 5.80505655457e-22 0.
1524821887 1 5029.24072266 0. 5.80409220075e-22 0.
1524821947 1 5022.89160156 0. 5.80333819551e-22 0.
1524822007 1 5016.5703125 0. 5.80242845266e-22 0.
1524822067 1 5011.70800781 0. 5.80318170949e-22 0.
1524822128 1 5005.90673828 0. 5.80298911494e-22 0.
1524822188 1 4998.328125 0. 5.80066252457e-22 0.
1524822248 1 4992.99560547 0. 5.80099742002e-22 0.
1524822308 1 4981.11523438 0. 5.79342336158e-22 0.
1524822368 1 4977.41845703 0. 5.79538538813e-22 0.
1524822428 1 4969.95703125 0. 5.79325010416e-22 0.
1524822488 1 4961.07324219 0. 5.78945220395e-22 0.
1524822548 1 4955.83056641 0. 5.78948736545e-22 0.
1524822609 1 4951.05908203 0. 5.79081879971e-22 0.
1524822669 1 4946.50439453 0. 5.79193378604e-22 0.
1524822729 1 4945.44580078 0. 5.79735925398e-22 0.
1524822789 1 4937.50048828 0. 5.79485477418e-22 0.
1524822849 1 4931.70068359 0. 5.79414834761e-22 0.
1524822909 1 4925.49804688 0. 5.79333840901e-22 0.
1524822970 1 4920.24121094 0. 5.79359377802e-22 0.
1524823030 1 4914.20996094 0. 5.79283934879e-22 0.
1524823090 1 4908.01416016 0. 5.79216587474e-22 0.
1524823148 1 4903.29345703 0. 5.79287061372e-22 0.
1524823206 1 4896.58447266 0. 5.7909614509e-22 0.
1524823266 1 4890.21777344 0. 5.78974536314e-22 0.
1524823326 1 4882.69921875 0. 5.78725932104e-22 0.
1524823387 1 4877.13232422 0. 5.78686420149e-22 0.
1524823447 1 4871.19726562 0. 5.7861033125e-22 0.
1524823507 1 4864.13818359 0. 5.78385263641e-22 0.
1524823567 1 4858.81933594 0. 5.7839504329e-22 0.
1524823627 1 4851.3046875 0. 5.78121770663e-22 0.
1524823687 1 4841.93066406 0. 5.77633258359e-22 0.
1524823748 1 4833.85009766 0. 5.7728696121e-22 0.
1524823808 1 4832.87158203 0. 5.77790857668e-22 0.
1524823868 1 4828.84619141 0. 5.77922946239e-22 0.
1524823928 1 4823.55761719 0. 5.77922412888e-22 0.
1524823988 1 4819.39160156 0. 5.78026452697e-22 0.
1524824048 1 4814.03125 0. 5.77996664229e-22 0.
1524824108 1 4809.74707031 0. 5.78112399863e-22 0.
1524824168 1 4801.72509766 0. 5.77767165825e-22 0.
1524824228 1 4793.93847656 0. 5.77420382946e-22 0.
1524824289 1 4788.62402344 0. 5.77406010005e-22 0.
1524824324 1 4787.88183594 0. 5.7767021103e-22 0.
1524824359 1 4782.39599609 0. 5.77376265725e-22 0.
1524824419 1 4779.6015625 0. 5.77673487802e-22 0.
1524824479 1 4773.0078125 0. 5.7748920067e-22 0.
1524824539 1 4766.11083984 0. 5.77263358717e-22 0.
1524824599 1 4762.55175781 0. 5.77427567989e-22 0.
1524824660 1 4755.234375 0. 5.77171157931e-22 0.
1524824720 1 4747.72460938 0. 5.76893399346e-22 0.
1524824768 1 4744.47021484 0. 5.76979434562e-22 0.
1524824817 1 4827.453125 0. 5.87574778138e-22 0.
1524824878 1 4842.85058594 0. 5.90139622573e-22 0.
1524824938 1 4731.99609375 0. 5.77313987474e-22 0.
1524824998 1 4683.57128906 0. 5.72076050366e-22 0.
1524825058 1 4891.52685547 0. 5.9813383525e-22 0.
1524825118 1 4884.27294922 0. 5.97964475807e-22 0.
1524825178 1 4878.76367188 0. 5.97967464067e-22 0.
1524825238 1 4873.71044922 0. 5.98003418659e-22 0.
1524825298 1 4867.61816406 0. 5.97946814382e-22 0.
1524825358 1 4861.09423828 0. 5.97856772906e-22 0.
1524825419 1 4856.35400391 0. 5.97926038265e-22 0.
1524825479 1 4848.30908203 0. 5.97665633555e-22 0.
1524825525 1 4843.85205078 0. 5.97642733413e-22 0.
1524825547 1 1499.69970703 0. 1.85953472841e-22 0.
1524825558 1 378.335510254 0. 4.6668415122e-23 0.
1524825567 1 785.926269531 0. 9.69949215184e-23 0.
1524825575 1 1157.92993164 0. 1.42845676465e-22 0.
1524825584 1 1857.46203613 0. 2.29378369788e-22 0.
1524825593 1 2571.37304688 0. 3.17381106169e-22 0.
1524825602 1 3344.5378418 0. 4.13184432567e-22 0.
1524825610 1 4136.50878906 0. 5.10931890777e-22 0.
1524825619 1 4550.91113281 0. 5.62355627178e-22 0.
1524825628 1 4835.65527344 0. 5.97666235469e-22 0.
1524825637 1 4430.70751953 0. 5.47766059286e-22 0.
1524825645 1 4151.27490234 0. 5.13230419978e-22 0.
1524825654 1 3114.54907227 0. 3.85254140039e-22 0.
1524825663 1 2630.42089844 0. 3.25266061317e-22 0.
1524825672 1 1691.2253418 0. 2.09277790886e-22 0.
1524825681 1 1254.65197754 0. 1.55170817634e-22 0.
1524825689 1 719.350524902 0. 8.90270014566e-23 0.
1524825698 1 453.114807129 0. 5.60663242697e-23 0.
1524825715 1 1828.69165039 0. 2.27411630109e-22 0.
1524825731 1 596.401184082 0. 7.40440160616e-23 0.
1524825739 1 1082.19213867 0. 1.34280313867e-22 0.
1524825748 1 1508.08129883 0. 1.8697229542e-22 0.
1524825757 1 2242.53369141 0. 2.78077754863e-22 0.
1524825765 1 2922.63574219 0. 3.62123264956e-22 0.
1524825774 1 3643.76245117 0. 4.51627599834e-22 0.
1524825783 1 4276.20361328 0. 5.29800428426e-22 0.
1524825791 1 4612.74707031 0. 5.71567186761e-22 0.
1524825800 1 4832.49169922 0. 5.98837314629e-22 0.
1524825808 1 4471.28369141 0. 5.54110742856e-22 0.
1524825817 1 4253.57617188 0. 5.27187791405e-22 0.
1524825825 1 3325.51855469 0. 4.1240528458e-22 0.
1524825834 1 2896.19018555 0. 3.59083856206e-22 0.
1524825842 1 1948.09179688 0. 2.41812068726e-22 0.
1524825851 1 1508.9239502 0. 1.87272578504e-22 0.
1524825859 1 904.407897949 0. 1.12400984386e-22 0.
1524825868 1 609.934875488 0. 7.58269673058e-23 0.
1524825877 1 1819.27282715 0. 2.26723393203e-22 0.
1524825911 1 4831.22900391 0. 5.99670483629e-22 0.
1524825972 1 4822.16064453 0. 5.99160940969e-22 0.
1524826032 1 4823.69970703 0. 5.9990217866e-22 0.
1524826092 1 4820.63916016 0. 6.00027296184e-22 0.
1524826127 1 4813.39160156 0. 5.994708033e-22 0.
1524826162 1 4817.09912109 0. 6.0029041929e-22 0.
1524826202 1 4802.69335938 0. 5.98841612162e-22 0.
1524826242 1 4801.46386719 0. 5.99150679005e-22 0.
1524826302 1 4793.25244141 0. 5.98827729507e-22 0.
1524826362 1 4789.48974609 0. 5.99021407219e-22 0.
1524826422 1 4782.25292969 0. 5.98793059237e-22 0.
1524826482 1 4777.75976562 0. 5.9893320991e-22 0.
