1524971893 1 10834.3076172 0. 5.63659961208e-22 0.
1524971953 1 10760.2734375 0. 5.60820748532e-22 0.
1524972005 1 10719.5546875 0. 5.59579255671e-22 0.
1524972056 1 10708.4619141 0. 5.59814466979e-22 0.
1524972094 1 10660.7822266 0. 5.57813315416e-22 0.
1524972110 1 10594.6708984 0. 5.54689628734e-22 0.
1524972142 1 10624.9365234 0. 5.56812114581e-22 0.
1524972196 1 10631.1396484 0. 5.5794496403e-22 0.
1524972256 1 10602.5087891 0. 5.57186744516e-22 0.
1524972316 1 10621.7734375 0. 5.59084735305e-22 0.
1524972353 1 10594.9912109 0. 5.58093970992e-22 0.
1524972389 1 10555.6962891 0. 5.56653742251e-22 0.
1524972428 1 10535.0800781 0. 5.56229580039e-22 0.
1524972465 1 10507.6806641 0. 5.55466676569e-22 0.
1524972513 1 10435.6669922 0. 5.52495638909e-22 0.
1524972551 1 10326.6230469 0. 5.47294674618e-22 0.
1524972576 1 2762.84838867 0. 1.47198749663e-22 0.
1524972587 1 1160.75598145 0. 6.16344816873e-23 0.
1524972596 1 1977.11486816 0. 1.05033909103e-22 0.
1524972605 1 2907.69067383 0. 1.54348871888e-22 0.
1524972614 1 4112.23193359 0. 2.18479539668e-22 0.
1524972623 1 5717.96923828 0. 3.03544824202e-22 0.
1524972632 1 6963.08251953 0. 3.69946172046e-22 0.
1524972640 1 8705.07714844 0. 4.62285034954e-22 0.
1524972649 1 9503.05371094 0. 5.04885909393e-22 0.
1524972658 1 10219.4394531 0. 5.42990318214e-22 0.
1524972667 1 9680.63574219 0. 5.14517289901e-22 0.
1524972676 1 9268.97460938 0. 4.92751437982e-22 0.
1524972685 1 7335.81640625 0. 3.90266820777e-22 0.
1524972694 1 6543.02587891 0. 3.48032950602e-22 0.
1524972703 1 4410.0859375 0. 2.34823254722e-22 0.
1524972712 1 3615.88793945 0. 1.92452578378e-22 0.
1524972721 1 2215.41235352 0. 1.18050117444e-22 0.
1524972730 1 1580.68212891 0. 8.42118890575e-23 0.
1524972746 1 3587.17700195 0. 1.91906600866e-22 0.
1524972763 1 1732.11987305 0. 9.25336886846e-23 0.
1524972772 1 2767.90454102 0. 1.47850423893e-22 0.
1524972780 1 3965.05249023 0. 2.11547867885e-22 0.
1524972789 1 5262.52587891 0. 2.80940536004e-22 0.
1524972797 1 7237.70117188 0. 3.85936752268e-22 0.
1524972806 1 8486.88574219 0. 4.52833081962e-22 0.
1524972815 1 10011.0820312 0. 5.3393565409e-22 0.
1524972824 1 10207.8193359 0. 5.44523433198e-22 0.
1524972832 1 10248.2695312 0. 5.46851982902e-22 0.
1524972841 1 8469.60742188 0. 4.5223604392e-22 0.
1524972850 1 7742.38183594 0. 4.13438777614e-22 0.
1524972859 1 5199.49560547 0. 2.78069398477e-22 0.
1524972867 1 4375.13427734 0. 2.33930557652e-22 0.
1524972876 1 2627.01538086 0. 1.40736988572e-22 0.
1524972885 1 1942.09655762 0. 1.04058470788e-22 0.
1524972894 1 1116.5546875 0. 5.9927687823e-23 0.
1524972902 1 706.12298584 0. 3.7932648814e-23 0.
1524972911 1 2251.42871094 0. 1.2114513187e-22 0.
1524972921 1 10194.96875 0. 5.45291348208e-22 0.
1524972956 1 10209.6552734 0. 5.4664107923e-22 0.
1524972992 1 10204.2988281 0. 5.46893574049e-22 0.
1524973029 1 10164.0722656 0. 5.45321512754e-22 0.
1524973085 1 10079.8623047 0. 5.41769832307e-22 0.
1524973117 1 10056.7958984 0. 5.41044862944e-22 0.
1524973152 1 10012.9716797 0. 5.39217291397e-22 0.
1524973212 1 9998.88867188 0. 5.39385176632e-22 0.
1524973273 1 9964.41796875 0. 5.38463765201e-22 0.
1524973333 1 10042.5244141 0. 5.43637598203e-22 0.
1524973393 1 10025.1855469 0. 5.43645996939e-22 0.
1524973453 1 9941.27441406 0. 5.39986422218e-22 0.
1524973499 1 9933.73925781 0. 5.40259694829e-22 0.
1524973523 1 9751.27539062 0. 5.30727156474e-22 0.
1524973536 1 9574.36914062 0. 5.21242748536e-22 0.
1524973565 1 9853.6875 0. 5.36975400846e-22 0.
1524973619 1 9693.15039062 0. 5.29082205588e-22 0.
1524973679 1 10268.7421875 0. 5.61332821674e-22 0.
1524973739 1 10270.1494141 0. 5.62344932553e-22 0.
1524973799 1 10240.6113281 0. 5.6166981107e-22 0.
1524973859 1 10221.1083984 0. 5.61569347031e-22 0.
1524973919 1 10210.6113281 0. 5.61943374035e-22 0.
1524973979 1 10162.9394531 0. 5.60264309841e-22 0.
1524974021 1 10164.7539062 0. 5.60986152706e-22 0.
1524974047 1 10121.9003906 0. 5.59041400843e-22 0.
1524974078 1 10109.8691406 0. 5.58854029883e-22 0.
1524974119 1 10118.3769531 0. 5.59936884849e-22 0.
1524974175 1 10120.0917969 0. 5.60882418255e-22 0.
1524974228 1 10083.5332031 0. 5.59673970307e-22 0.
1524974280 1 10051.9316406 0. 5.58695409801e-22 0.
1524974340 1 10040.3427734 0. 5.58936241901e-22 0.
1524974378 1 10046.3935547 0. 5.59840563615e-22 0.
1524974404 1 10055.3486328 0. 5.60762388819e-22 0.
1524974430 1 10049.9648438 0. 5.60843106497e-22 0.
1524974469 1 10029.7158203 0. 5.60323645551e-22 0.
1524974529 1 9969.58789062 0. 5.57880219025e-22 0.
1524974587 1 9976.33203125 0. 5.59127335131e-22 0.
1524974645 1 9943.77832031 0. 5.58179564218e-22 0.
1524974706 1 9908.06542969 0. 5.5704536768e-22 0.
1524974754 1 9928.85058594 0. 5.5889777804e-22 0.
1524974803 1 9921.51660156 0. 5.59203319164e-22 0.
1524974864 1 9908.14746094 0. 5.59364779712e-22 0.
1524974924 1 9869.40429688 0. 5.58046753317e-22 0.
1524974965 1 9853.27539062 0. 5.57731818012e-22 0.
1524974997 1 9837.21875 0. 5.57283549358e-22 0.
1524975048 1 9843.87890625 0. 5.58380310207e-22 0.
1524975109 1 9828.90820312 0. 5.58406271182e-22 0.
1524975151 1 9791.13378906 0. 5.56898116918e-22 0.
1524975192 1 9762.73632812 0. 5.55898985679e-22 0.
1524975252 1 9786.68359375 0. 5.58104128366e-22 0.
1524975292 1 9750.53515625 0. 5.56640257641e-22 0.
1524975332 1 9747.44433594 0. 5.57021736717e-22 0.
1524975392 1 9722.10253906 0. 5.56432555387e-22 0.
1524975453 1 9705.75097656 0. 5.56349982935e-22 0.
1524975513 1 9679.07714844 0. 5.556973013e-22 0.
1524975573 1 9663.25585938 0. 5.55612560537e-22 0.
1524975608 1 9652.77441406 0. 5.55464803137e-22 0.
1524975644 1 9612.49121094 0. 5.53686598975e-22 0.
1524975704 1 9629.60644531 0. 5.55522879351e-22 0.
1524975764 1 9612.85058594 0. 5.55404188942e-22 0.
1524975824 1 9604.421875 0. 5.55737994663e-22 0.
1524975884 1 9594.35644531 0. 5.5598983368e-22 0.
1524975944 1 9474.31933594 0. 5.49854411338e-22 0.
1524976004 1 9518.25488281 0. 5.53243504937e-22 0.
1524976065 1 9496.44433594 0. 5.52777711801e-22 0.
1524976125 1 9498.89257812 0. 5.53717630511e-22 0.
1524976185 1 9470.34960938 0. 5.52870581625e-22 0.
1524976245 1 9420.84375 0. 5.50769542451e-22 0.
1524976305 1 9410.24804688 0. 5.50963161926e-22 0.
1524976365 1 9429.8359375 0. 5.52942073915e-22 0.
1524976425 1 9436.3828125 0. 5.54165768891e-22 0.
1524976462 1 9401.64355469 0. 5.52640482513e-22 0.
1524976500 1 9389.53613281 0. 5.5242317872e-22 0.
1524976560 1 9323.76660156 0. 5.49368566783e-22 0.
1524976607 1 9342.82519531 0. 5.5112848777e-22 0.
1524976654 1 9357.17285156 0. 5.52605846878e-22 0.
1524976714 1 9345.38671875 0. 5.52719774078e-22 0.
1524976774 1 9309.41308594 0. 5.51388390543e-22 0.
1524976835 1 9299.05175781 0. 5.51583218774e-22 0.
1524976881 1 9297.8359375 0. 5.52106434872e-22 0.
1524976924 1 9300.89160156 0. 5.52848543637e-22 0.
1524976979 1 9254.74511719 0. 5.50850952671e-22 0.
1524977039 1 9256.94238281 0. 5.51782814248e-22 0.
1524977100 1 9205.17773438 0. 5.49472507128e-22 0.
1524977160 1 9216.00292969 0. 5.50912167423e-22 0.
1524977220 1 9206.74902344 0. 5.5115489911e-22 0.
1524977273 1 9160.4375 0. 5.49027698419e-22 0.
1524977325 1 9149.40429688 0. 5.49049955956e-22 0.
1524977386 1 9136.24511719 0. 5.49036300171e-22 0.
1524977446 1 9122.54589844 0. 5.48998286193e-22 0.
1524977506 1 9134.00097656 0. 5.50470437231e-22 0.
1524977566 1 9098.21972656 0. 5.49085177556e-22 0.
1524977626 1 9105.00585938 0. 5.5028898432e-22 0.
1524977686 1 9044.55273438 0. 5.47409131383e-22 0.
1524977746 1 9058.22363281 0. 5.48990847805e-22 0.
1524977807 1 9016.05371094 0. 5.47204344818e-22 0.
1524977867 1 9025.59667969 0. 5.4854395153e-22 0.
1524977927 1 9017.421875 0. 5.48816244981e-22 0.
1524977987 1 8980.24804688 0. 5.47300068443e-22 0.
1524978047 1 8984.58984375 0. 5.48365044914e-22 0.
1524978107 1 8940.86621094 0. 5.46438317773e-22 0.
1524978164 1 8938.21289062 0. 5.47017298479e-22 0.
1524978220 1 8925.79980469 0. 5.46974452373e-22 0.
1524978281 1 8921.58203125 0. 5.47473826484e-22 0.
1524978341 1 8891.7421875 0. 5.46402768421e-22 0.
1524978401 1 8898.58300781 0. 5.47584930775e-22 0.
1524978461 1 8880.06640625 0. 5.47178648582e-22 0.
1524978521 1 8833.25292969 0. 5.45036287726e-22 0.
1524978581 1 8822.07226562 0. 5.45096842604e-22 0.
1524978642 1 8825.96289062 0. 5.46061867291e-22 0.
1524978702 1 8825.4453125 0. 5.46818199503e-22 0.
1524978762 1 8811.54882812 0. 5.46724413635e-22 0.
1524978822 1 8761.12695312 0. 5.44333376443e-22 0.
1524978882 1 8763.25976562 0. 5.45233329527e-22 0.
1524978942 1 8752.33984375 0. 5.45306352502e-22 0.
1524979002 1 8663.25097656 0. 5.40486686949e-22 0.
1524979038 1 8658.71777344 0. 5.40596434991e-22 0.
1524979074 1 8912.9296875 0. 5.57081952561e-22 0.
1524979134 1 8940.83398438 0. 5.59943905047e-22 0.
1524979190 1 8671.0859375 0. 5.4396580969e-22 0.
1524979221 1 7340.39453125 0. 4.60933516359e-22 0.
1524979256 1 8490.79101562 0. 5.33734938753e-22 0.
1524979317 1 9069.23144531 0. 5.70983276925e-22 0.
1524979377 1 9058.46777344 0. 5.71258399878e-22 0.
1524979412 1 9042.3359375 0. 5.70752935597e-22 0.
1524979447 1 9040.99511719 0. 5.71237854446e-22 0.
1524979508 1 9028.26367188 0. 5.71374168149e-22 0.
1524979561 1 9011.81445312 0. 5.71166075756e-22 0.
1524979614 1 8999.31347656 0. 5.71181076931e-22 0.
1524979675 1 8974.87792969 0. 5.7055236224e-22 0.
1524979735 1 8965.47363281 0. 5.70817303339e-22 0.
1524979795 1 8950.45605469 0. 5.70721190405e-22 0.
1524979855 1 8925.40527344 0. 5.6998179909e-22 0.
1524979915 1 8906.01367188 0. 5.6960949705e-22 0.
1524979975 1 8875.19238281 0. 5.68485049975e-22 0.
1524980036 1 8852.45507812 0. 5.67872527868e-22 0.
1524980096 1 8817.18554688 0. 5.66447592917e-22 0.
1524980156 1 8834.24804688 0. 5.68387194775e-22 0.
1524980216 1 8829.09472656 0. 5.68880725474e-22 0.
1524980276 1 8787.05761719 0. 5.67031001131e-22 0.
1524980336 1 8790.95605469 0. 5.68097840857e-22 0.
1524980372 1 8798.88183594 0. 5.6907825266e-22 0.
1524980407 1 8745.98925781 0. 5.66187375313e-22 0.
1524980467 1 8726.95214844 0. 5.65756181048e-22 0.
1524980527 1 8727.61132812 0. 5.66608648329e-22 0.
1524980587 1 8743.50976562 0. 5.68456375404e-22 0.
1524980647 1 8730.95117188 0. 5.6845141503e-22 0.
1524980708 1 8672.93359375 0. 5.65496419623e-22 0.
1524980768 1 8692.12890625 0. 5.67496566865e-22 0.
1524980828 1 8641.16992188 0. 5.64996812712e-22 0.
1524980888 1 8650.1171875 0. 5.66407092857e-22 0.
1524980948 1 8632.4453125 0. 5.66078167111e-22 0.
1524981008 1 8641.64453125 0. 5.67481595892e-22 0.
1524981068 1 8623.24804688 0. 5.67126700103e-22 0.
1524981128 1 8608.61523438 0. 5.66974683667e-22 0.
1524981189 1 8559.90820312 0. 5.64621218735e-22 0.
1524981249 1 8540.8359375 0. 5.64201378961e-22 0.
1524981309 1 8566.27441406 0. 5.66657906858e-22 0.
1524981369 1 8525.57128906 0. 5.6475441322e-22 0.
1524981429 1 8512.40722656 0. 5.64717454159e-22 0.
1524981490 1 8525.64160156 0. 5.66344322771e-22 0.
1524981550 1 8509.08886719 0. 5.66068207668e-22 0.
1524981610 1 8501.62988281 0. 5.66394257592e-22 0.
1524981670 1 8470.40234375 0. 5.65104273434e-22 0.
1524981730 1 8460.48046875 0. 5.65224666719e-22 0.
1524981791 1 8430.2734375 0. 5.64028887665e-22 0.
1524981851 1 8411.45703125 0. 5.63572105679e-22 0.
1524981911 1 8438.72070312 0. 5.66209176642e-22 0.
1524981971 1 8403.02636719 0. 5.64608164452e-22 0.
1524982031 1 8416.24511719 0. 5.66270239811e-22 0.
1524982091 1 8400.76660156 0. 5.66044700471e-22 0.
1524982151 1 8390.96777344 0. 5.66184751939e-22 0.
1524982211 1 8355.13183594 0. 5.64571383538e-22 0.
1524982272 1 8338.4296875 0. 5.64182168127e-22 0.
1524982332 1 8282.10058594 0. 5.61163875235e-22 0.
1524982392 1 8308.95019531 0. 5.63753598468e-22 0.
1524982452 1 8305.0703125 0. 5.64286414484e-22 0.
1524982512 1 8287.15722656 0. 5.6385587476e-22 0.
1524982573 1 8268.09863281 0. 5.63329025567e-22 0.
1524982633 1 8252.39941406 0. 5.63027744398e-22 0.
1524982693 1 8234.83007812 0. 5.6263596986e-22 0.
1524982753 1 8222.24902344 0. 5.62558734306e-22 0.
1524982813 1 8216.18359375 0. 5.62920528387e-22 0.
1524982873 1 8209.08984375 0. 5.63210176769e-22 0.
1524982933 1 8204.05273438 0. 5.63621901583e-22 0.
1524982971 1 8191.25341797 0. 5.63192908884e-22 0.
1524983009 1 8177.86132812 0. 5.62798873668e-22 0.
1524983070 1 8164.97998047 0. 5.62698220037e-22 0.
1524983113 1 8159.87597656 0. 5.62902022109e-22 0.
1524983156 1 8152.95117188 0. 5.62994732409e-22 0.
1524983216 1 8095.70654297 0. 5.59805224785e-22 0.
1524983277 1 8113.77490234 0. 5.61819006232e-22 0.
1524983337 1 8115.26171875 0. 5.62697159744e-22 0.
1524983397 1 8095.33496094 0. 5.62067918269e-22 0.
1524983457 1 8065.15429688 0. 5.60747835876e-22 0.
1524983517 1 8042.84130859 0. 5.59975242918e-22 0.
1524983577 1 8028.67773438 0. 5.59758441942e-22 0.
1524983637 1 8011.88232422 0. 5.59342677013e-22 0.
1524983697 1 8005.81738281 0. 5.59640610516e-22 0.
1524983735 1 7996.52832031 0. 5.59446321635e-22 0.
1524983773 1 7999.41650391 0. 5.60152715788e-22 0.
1524983834 1 7999.54296875 0. 5.60901690511e-22 0.
1524983894 1 7954.80566406 0. 5.58495751553e-22 0.
1524983954 1 7965.90722656 0. 5.60018972809e-22 0.
1524984014 1 7940.4140625 0. 5.58946963647e-22 0.
1524984074 1 7937.22900391 0. 5.59505708835e-22 0.
1524984134 1 7926.7890625 0. 5.59496036959e-22 0.
1524984194 1 7910.66210938 0. 5.59088180152e-22 0.
1524984255 1 7889.1171875 0. 5.58323702381e-22 0.
1524984315 1 7900.04345703 0. 5.59835310281e-22 0.
1524984375 1 7904.28808594 0. 5.60876597751e-22 0.
1524984435 1 7887.48339844 0. 5.60455323622e-22 0.
1524984495 1 7839.01513672 0. 5.57781117919e-22 0.
1524984555 1 7822.86767578 0. 5.57380088236e-22 0.
1524984615 1 7816.36425781 0. 5.57650223089e-22 0.
1524984675 1 7844.16601562 0. 5.6038120433e-22 0.
1524984736 1 7780.44726562 0. 5.56585392092e-22 0.
1524984796 1 7787.58691406 0. 5.57852178204e-22 0.
1524984856 1 7815.49121094 0. 5.60578649264e-22 0.
1524984914 1 7774.25976562 0. 5.58344985047e-22 0.
1524984973 1 7677.19677734 0. 5.52086019293e-22 0.
1524985033 1 7696.59912109 0. 5.54199482004e-22 0.
1524985093 1 7695.53173828 0. 5.54848777589e-22 0.
1524985153 1 7673.43261719 0. 5.53972144791e-22 0.
1524985214 1 7732.89453125 0. 5.5898948312e-22 0.
1524985274 1 7736.11816406 0. 5.59954643317e-22 0.
1524985334 1 7649.49267578 0. 5.54444563661e-22 0.
1524985394 1 7631.15917969 0. 5.53833063109e-22 0.
1524985454 1 7618.14794922 0. 5.53633892133e-22 0.
1524985514 1 7608.2578125 0. 5.53644680768e-22 0.
1524985575 1 7595.81103516 0. 5.53460391513e-22 0.
1524985610 1 7587.42822266 0. 5.53255413697e-22 0.
1524985645 1 7578.37011719 0. 5.53044660469e-22 0.
1524985705 1 7568.05322266 0. 5.52994970406e-22 0.
1524985746 1 7556.90429688 0. 5.52643610886e-22 0.
1524985786 1 7546.65966797 0. 5.52385227012e-22 0.
1524985822 1 7543.68701172 0. 5.52620707795e-22 0.
1524985857 1 7532.53662109 0. 5.52246571291e-22 0.
1524985917 1 7525.17919922 0. 5.52416960371e-22 0.
1524985977 1 7509.14257812 0. 5.51963066204e-22 0.
1524986038 1 7501.08789062 0. 5.52094478004e-22 0.
1524986098 1 7490.25390625 0. 5.52021722719e-22 0.
1524986158 1 7478.70263672 0. 5.51855771077e-22 0.
1524986218 1 7470.49902344 0. 5.51975112695e-22 0.
1524986278 1 7459.140625 0. 5.5184778987e-22 0.
1524986338 1 7448.07226562 0. 5.51696037348e-22 0.
1524986398 1 7438.41357422 0. 5.51702995376e-22 0.
1524986458 1 7430.83935547 0. 5.51856863618e-22 0.
1524986519 1 7423.58300781 0. 5.52013616574e-22 0.
1524986554 1 7409.58105469 0. 5.51383766891e-22 0.
1524986590 1 7418.87548828 0. 5.52523525376e-22 0.
1524986650 1 7408.29345703 0. 5.52449408191e-22 0.
1524986710 1 7396.98046875 0. 5.52306140254e-22 0.
1524986770 1 7373.42236328 0. 5.51280980105e-22 0.
1524986830 1 7336.26123047 0. 5.49185864042e-22 0.
1524986890 1 7330.90185547 0. 5.49462513535e-22 0.
1524986951 1 7327.09375 0. 5.49877032876e-22 0.
1524987011 1 7315.37304688 0. 5.49694073066e-22 0.
1524987071 1 7306.54785156 0. 5.49712829689e-22 0.
1524987131 1 7299.71875 0. 5.49915589435e-22 0.
1524987191 1 7291.26318359 0. 5.49996798414e-22 0.
1524987251 1 7285.09277344 0. 5.50216293092e-22 0.
1524987297 1 7280.3828125 0. 5.50395763269e-22 0.
1524987343 1 7267.51953125 0. 5.4994493276e-22 0.
1524987404 1 7259.85253906 0. 5.50082259845e-22 0.
1524987441 1 7250.77099609 0. 5.49822246306e-22 0.
1524987479 1 7254.68017578 0. 5.50553548323e-22 0.
1524987539 1 7252.14160156 0. 5.51083972175e-22 0.
1524987599 1 7246.70996094 0. 5.51343715097e-22 0.
1524987659 1 7243.69335938 0. 5.51809202299e-22 0.
1524987719 1 7230.47900391 0. 5.5147513707e-22 0.
1524987780 1 7227.84179688 0. 5.51974100507e-22 0.
1524987840 1 7216.41748047 0. 5.51813523982e-22 0.
1524987900 1 7210.42333984 0. 5.52037206623e-22 0.
1524987960 1 7201.67822266 0. 5.52057550015e-22 0.
1524988020 1 7186.57421875 0. 5.5159813554e-22 0.
1524988080 1 7177.84375 0. 5.51649247812e-22 0.
1524988140 1 7170.76416016 0. 5.51806414726e-22 0.
1524988200 1 7162.48583984 0. 5.51856329581e-22 0.
1524988261 1 7155.14648438 0. 5.5197293914e-22 0.
1524988321 1 7143.52783203 0. 5.5178271468e-22 0.
1524988381 1 7129.83447266 0. 5.51414117965e-22 0.
1524988441 1 7112.68847656 0. 5.50781309063e-22 0.
1524988501 1 7109.19482422 0. 5.51218268131e-22 0.
1524988562 1 7099.92382812 0. 5.51209068915e-22 0.
1524988622 1 7094.40283203 0. 5.51467737411e-22 0.
1524988682 1 7080.42529297 0. 5.51061278792e-22 0.
1524988742 1 7065.56542969 0. 5.50594017348e-22 0.
1524988802 1 7053.734375 0. 5.50355559087e-22 0.
1524988862 1 6832.79052734 0. 5.33809914127e-22 0.
1524988922 1 6811.87207031 0. 5.32838270646e-22 0.
1524988983 1 7083.10253906 0. 5.54729046323e-22 0.
1524989043 1 7088.48632812 0. 5.55851650602e-22 0.
1524989103 1 7078.93359375 0. 5.55816773742e-22 0.
1524989163 1 7072.6796875 0. 5.56051997566e-22 0.
1524989223 1 7061.48583984 0. 5.55869669127e-22 0.
1524989283 1 7049.48291016 0. 5.55620243353e-22 0.
1524989343 1 7039.36474609 0. 5.55543721947e-22 0.
1524989404 1 7031.46777344 0. 5.55634181363e-22 0.
1524989464 1 7022.89257812 0. 5.5563551941e-22 0.
1524989524 1 7012.74951172 0. 5.55555000505e-22 0.
1524989584 1 7003.33984375 0. 5.55502587792e-22 0.
1524989644 1 7100.03759766 0. 5.63938502398e-22 0.
1524989704 1 7198.09863281 0. 5.72673069094e-22 0.
1524989764 1 6992.62548828 0. 5.57157634499e-22 0.
1524989825 1 6908.08837891 0. 5.51247317046e-22 0.
1524989885 1 7164.99560547 0. 5.72544937819e-22 0.
1524989945 1 7185.47753906 0. 5.74987121501e-22 0.
1524990005 1 7171.79931641 0. 5.74675771331e-22 0.
1524990065 1 7161.71484375 0. 5.74697673679e-22 0.
1524990125 1 7151.96679688 0. 5.74727076785e-22 0.
1524990185 1 7141.97070312 0. 5.74722246014e-22 0.
1524990245 1 7133.10839844 0. 5.74802080281e-22 0.
1524990306 1 7119.29394531 0. 5.74519270787e-22 0.
1524990366 1 7106.97363281 0. 5.74309318215e-22 0.
1524990426 1 7103.69677734 0. 5.74857929568e-22 0.
1524990486 1 7091.61230469 0. 5.74656631294e-22 0.
1524990546 1 7079.96826172 0. 5.74507124387e-22 0.
1524990606 1 7069.46826172 0. 5.74446579832e-22 0.
1524990666 1 7061.41503906 0. 5.7457681357e-22 0.
1524990726 1 7052.34619141 0. 5.74627068296e-22 0.
1524990787 1 7039.97851562 0. 5.74371590853e-22 0.
1524990847 1 7028.23535156 0. 5.74203508604e-22 0.
1524990907 1 7017.40966797 0. 5.74085653262e-22 0.
1524990967 1 7005.12597656 0. 5.73858599346e-22 0.
1524991027 1 6995.46435547 0. 5.73856088134e-22 0.
1524991087 1 6985.62890625 0. 5.73839295169e-22 0.
1524991147 1 6976.90917969 0. 5.73904965329e-22 0.
1524991208 1 6962.48535156 0. 5.73503219696e-22 0.
1524991268 1 6953.39697266 0. 5.73502945946e-22 0.
1524991328 1 6945.98291016 0. 5.73662736908e-22 0.
1524991388 1 6937.37890625 0. 5.73704157177e-22 0.
1524991448 1 6926.48974609 0. 5.73582604661e-22 0.
1524991508 1 6921.00097656 0. 5.73918175443e-22 0.
1524991568 1 6909.28027344 0. 5.73699651626e-22 0.
1524991628 1 6897.30712891 0. 5.73482174297e-22 0.
1524991689 1 6889.72851562 0. 5.73633262539e-22 0.
1524991749 1 6876.82958984 0. 5.73332857422e-22 0.
1524991809 1 6865.83544922 0. 5.73172373997e-22 0.
1524991869 1 6858.13916016 0. 5.73280605547e-22 0.
1524991929 1 6851.14599609 0. 5.73472202034e-22 0.
1524991989 1 6842.42285156 0. 5.73497686923e-22 0.
1524992049 1 6832.34716797 0. 5.73391617028e-22 0.
1524992110 1 6823.91845703 0. 5.73447204852e-22 0.
1524992170 1 6813.1875 0. 5.73312939768e-22 0.
1524992230 1 6800.85498047 0. 5.73016928177e-22 0.
1524992290 1 6793.37304688 0. 5.73154547155e-22 0.
1524992350 1 6782.35302734 0. 5.72938908846e-22 0.
1524992410 1 6773.24316406 0. 5.72927064477e-22 0.
1524992470 1 6764.70654297 0. 5.72976068908e-22 0.
1524992530 1 6753.79150391 0. 5.72807052146e-22 0.
1524992591 1 6742.16015625 0. 5.72565119635e-22 0.
1524992651 1 6734.75488281 0. 5.72711349333e-22 0.
1524992711 1 6724.55126953 0. 5.72584109698e-22 0.
1524992771 1 6716.12353516 0. 5.72653845712e-22 0.
1524992832 1 6707.10498047 0. 5.72614191305e-22 0.
1524992892 1 6698.88330078 0. 5.72637483207e-22 0.
1524992952 1 6687.09765625 0. 5.72392975352e-22 0.
1524993010 1 6674.30859375 0. 5.72027912287e-22 0.
1524993068 1 6670.50390625 0. 5.72374578251e-22 0.
1524993128 1 6656.80810547 0. 5.71951919926e-22 0.
1524993188 1 6653.86083984 0. 5.72434323394e-22 0.
1524993248 1 6642.34716797 0. 5.72202849544e-22 0.
1524993308 1 6632.01123047 0. 5.7205856452e-22 0.
1524993369 1 6622.24658203 0. 5.71942633024e-22 0.
1524993429 1 6614.77294922 0. 5.7205536909e-22 0.
1524993489 1 6603.99121094 0. 5.71863816856e-22 0.
1524993549 1 6592.96289062 0. 5.71659604077e-22 0.
1524993609 1 6583.27929688 0. 5.7155533009e-22 0.
1524993669 1 6572.41748047 0. 5.71378156307e-22 0.
1524993730 1 6540.33105469 0. 5.69331803541e-22 0.
1524993790 1 6533.42285156 0. 5.69460342308e-22 0.
1524993850 1 6521.83740234 0. 5.69178697329e-22 0.
1524993910 1 6509.75878906 0. 5.68818748713e-22 0.
1524993970 1 6498.72119141 0. 5.68600334683e-22 0.
1524994030 1 6487.70361328 0. 5.68372080123e-22 0.
1524994090 1 6485.37304688 0. 5.68910591544e-22 0.
1524994150 1 6473.49560547 0. 5.68600926192e-22 0.
1524994211 1 6470.6875 0. 5.69098138712e-22 0.
1524994271 1 6464.77099609 0. 5.69312827145e-22 0.
1524994331 1 6455.8359375 0. 5.69240929179e-22 0.
1524994391 1 6445.36669922 0. 5.69039035301e-22 0.
1524994452 1 6432.20703125 0. 5.68601899083e-22 0.
1524994512 1 6422.55175781 0. 5.68437801444e-22 0.
1524994572 1 6413.84423828 0. 5.68408970706e-22 0.
1524994632 1 6401.54296875 0. 5.6801536894e-22 0.
1524994692 1 6396.26953125 0. 5.6827467052e-22 0.
1524994752 1 6377.58837891 0. 5.67366747704e-22 0.
1524994813 1 6372.1171875 0. 5.67599942086e-22 0.
1524994873 1 6367.59912109 0. 5.67909222716e-22 0.
1524994933 1 6361.56298828 0. 5.68065720963e-22 0.
1524994993 1 6357.10400391 0. 5.68393866495e-22 0.
1524995053 1 6349.57324219 0. 5.68454879208e-22 0.
1524995113 1 6344.40722656 0. 5.6872241979e-22 0.
1524995173 1 6332.86767578 0. 5.68383496756e-22 0.
1524995233 1 6322.91455078 0. 5.68221662842e-22 0.
1524995294 1 6315.38183594 0. 5.68257437129e-22 0.
1524995354 1 6307.12695312 0. 5.68218085259e-22 0.
1524995414 1 6296.23242188 0. 5.67932586935e-22 0.
1524995474 1 6283.91992188 0. 5.67562053719e-22 0.
1524995534 1 6276.01660156 0. 5.67570353294e-22 0.
1524995594 1 6269.76708984 0. 5.67729547982e-22 0.
1524995654 1 6259.05566406 0. 5.67450038602e-22 0.
1524995715 1 6253.28955078 0. 5.67664855285e-22 0.
1524995775 1 6239.59472656 0. 5.67121023225e-22 0.
1524995835 1 6229.83349609 0. 5.66935077033e-22 0.
1524995895 1 6224.54931641 0. 5.67148450412e-22 0.
1524995955 1 6211.78320312 0. 5.66698583686e-22 0.
1524996015 1 6210.01025391 0. 5.67238688172e-22 0.
1524996075 1 6200.83496094 0. 5.67128780704e-22 0.
1524996135 1 6193.13623047 0. 5.67121810873e-22 0.
1524996196 1 6179.97802734 0. 5.66598923901e-22 0.
1524996256 1 6167.68359375 0. 5.66195899157e-22 0.
1524996316 1 6162.9453125 0. 5.66476908318e-22 0.
1524996376 1 6150.43798828 0. 5.6602815904e-22 0.
1524996436 1 6145.47412109 0. 5.66295196925e-22 0.
1524996497 1 6139.70410156 0. 5.66480817415e-22 0.
1524996557 1 6133.18212891 0. 5.66576891494e-22 0.
1524996617 1 6128.85644531 0. 5.66870681014e-22 0.
1524996677 1 6117.02050781 0. 5.66476268749e-22 0.
1524996737 1 6110.48974609 0. 5.66586280844e-22 0.
1524996797 1 6099.47412109 0. 5.66272974513e-22 0.
1524996857 1 6093.28857422 0. 5.66416146145e-22 0.
1524996918 1 6080.97558594 0. 5.65977339131e-22 0.
1524996978 1 6070.34667969 0. 5.65687308098e-22 0.
1524997038 1 6061.58349609 0. 5.65561520819e-22 0.
1524997098 1 6051.95166016 0. 5.6537240821e-22 0.
1524997158 1 6040.75488281 0. 5.65024721606e-22 0.
1524997218 1 6030.80371094 0. 5.64772716138e-22 0.
1524997278 1 6022.65771484 0. 5.64734644553e-22 0.
1524997339 1 6010.60009766 0. 5.64302837552e-22 0.
1524997399 1 5999.2265625 0. 5.63888889067e-22 0.
1524997459 1 5991.06347656 0. 5.63799731027e-22 0.
1524997519 1 5985.37304688 0. 5.63931791683e-22 0.
1524997579 1 5975.3828125 0. 5.63667404997e-22 0.
1524997640 1 5965.18066406 0. 5.63385707378e-22 0.
1524997700 1 5956.41503906 0. 5.63250860921e-22 0.
1524997760 1 5948.28515625 0. 5.63170950994e-22 0.
1524997820 1 5938.19677734 0. 5.62913485514e-22 0.
1524997880 1 5936.23291016 0. 5.63421532513e-22 0.
1524997941 1 5900.04589844 0. 5.6066282337e-22 0.
1524998001 1 5913.86621094 0. 5.62677573162e-22 0.
1524998061 1 5906.70703125 0. 5.62672228865e-22 0.
1524998121 1 5899.49804688 0. 5.62694337149e-22 0.
1524998181 1 5896.45507812 0. 5.63059364016e-22 0.
1524998241 1 5885.08740234 0. 5.62661702419e-22 0.
1524998301 1 5880.96923828 0. 5.62986225739e-22 0.
1524998361 1 5876.20800781 0. 5.63235614745e-22 0.
1524998422 1 5870.48095703 0. 5.63358634382e-22 0.
1524998482 1 5862.93066406 0. 5.63324807071e-22 0.
1524998542 1 5852.10400391 0. 5.62966904039e-22 0.
1524998602 1 5843.29589844 0. 5.62782677271e-22 0.
1524998662 1 5833.00878906 0. 5.62456030346e-22 0.
1524998722 1 5826.17382812 0. 5.62469331875e-22 0.
1524998782 1 5816.79003906 0. 5.62240003115e-22 0.
1524998843 1 5807.49511719 0. 5.62017706332e-22 0.
1524998903 1 5798.06738281 0. 5.61798952523e-22 0.
1524998963 1 5792.90625 0. 5.61985872748e-22 0.
1524999023 1 5781.49560547 0. 5.61556800082e-22 0.
1524999083 1 5772.01708984 0. 5.61310512402e-22 0.
1524999143 1 5769.06103516 0. 5.61688756299e-22 0.
1524999203 1 5760.65820312 0. 5.61544056372e-22 0.
1524999263 1 5755.97802734 0. 5.61778412497e-22 0.
1524999324 1 5745.78759766 0. 5.61453888875e-22 0.
1524999384 1 5739.94335938 0. 5.61566095974e-22 0.
1524999444 1 5729.48388672 0. 5.61228643806e-22 0.
1524999504 1 5725.22363281 0. 5.61484399679e-22 0.
1524999564 1 5711.33251953 0. 5.60773329966e-22 0.
1524999624 1 5710.03564453 0. 5.6131102768e-22 0.
1524999685 1 5692.05419922 0. 5.60210440332e-22 0.
1524999745 1 5678.59423828 0. 5.59570770582e-22 0.
1524999805 1 5677.90087891 0. 5.60178548716e-22 0.
1524999865 1 5675.71972656 0. 5.60655877245e-22 0.
1524999925 1 5673.01220703 0. 5.61059879543e-22 0.
1524999985 1 5665.21875 0. 5.6100007107e-22 0.
1525000046 1 5659.64746094 0. 5.61136188008e-22 0.
1525000106 1 5651.76123047 0. 5.61037009337e-22 0.
1525000166 1 5643.21679688 0. 5.60852243116e-22 0.
1525000226 1 5633.45410156 0. 5.60568702815e-22 0.
1525000286 1 5629.69726562 0. 5.60852921587e-22 0.
1525000346 1 5621.71142578 0. 5.60760623039e-22 0.
1525000407 1 5621.40771484 0. 5.61367272302e-22 0.
1525000467 1 5612.13623047 0. 5.61128972608e-22 0.
1525000527 1 5601.09375 0. 5.60702355929e-22 0.
1525000587 1 5592.59814453 0. 5.60521607593e-22 0.
1525000647 1 5585.73095703 0. 5.60523931558e-22 0.
1525000707 1 5580.57421875 0. 5.60655616076e-22 0.
1525000767 1 5572.62792969 0. 5.60522612967e-22 0.
1525000827 1 5568.89013672 0. 5.60814320961e-22 0.
1525000888 1 5540.57275391 0. 5.58653166104e-22 0.
1525000948 1 5521.97607422 0. 5.57448937753e-22 0.
1525001008 1 5514.36767578 0. 5.57345278369e-22 0.
1525001068 1 5507.85839844 0. 5.57336114319e-22 0.
1525001128 1 5502.23925781 0. 5.57425017417e-22 0.
1525001188 1 5493.08837891 0. 5.57160981445e-22 0.
1525001248 1 5482.41210938 0. 5.56760390023e-22 0.
1525001308 1 5479.04296875 0. 5.57069938398e-22 0.
1525001369 1 5471.15185547 0. 5.56919458812e-22 0.
1525001429 1 5465.52636719 0. 5.56990032018e-22 0.
1525001489 1 5460.71875 0. 5.5719084745e-22 0.
1525001549 1 5457.30224609 0. 5.57491115766e-22 0.
1525001609 1 5453.59765625 0. 5.57769830559e-22 0.
1525001669 1 5450.91162109 0. 5.58158689737e-22 0.
1525001730 1 5442.63671875 0. 5.57954874524e-22 0.
1525001790 1 5435.85644531 0. 5.57908673078e-22 0.
1525001850 1 5443.91455078 0. 5.59396465182e-22 0.
1525001910 1 5437.01367188 0. 5.59371168305e-22 0.
1525001970 1 5433.74267578 0. 5.59717137007e-22 0.
1525002030 1 5430.08789062 0. 5.60013131526e-22 0.
1525002090 1 5423.84228516 0. 5.60031207731e-22 0.
1525002151 1 5422.68164062 0. 5.60577397104e-22 0.
1525002211 1 5419.78222656 0. 5.60944578673e-22 0.
1525002271 1 5411.56982422 0. 5.6076207936e-22 0.
1525002331 1 5404.7109375 0. 5.60748865212e-22 0.
1525002391 1 5397.66699219 0. 5.60667071535e-22 0.
1525002451 1 5387.18554688 0. 5.60253321886e-22 0.
1525002511 1 5378.03466797 0. 5.59936006139e-22 0.
1525002572 1 5373.38037109 0. 5.60109033435e-22 0.
1525002632 1 5366.93115234 0. 5.60084934771e-22 0.
1525002692 1 5354.27636719 0. 5.59413438602e-22 0.
1525002752 1 5341.33691406 0. 5.58700069204e-22 0.
1525002812 1 5346.02978516 0. 5.59865959832e-22 0.
1525002872 1 5340.55908203 0. 5.59967472013e-22 0.
1525002933 1 5337.92285156 0. 5.60351350325e-22 0.
1525002993 1 5333.91845703 0. 5.60573892517e-22 0.
1525003053 1 5328.01367188 0. 5.60610439315e-22 0.
1525003113 1 5325.97216797 0. 5.61096777068e-22 0.
1525003173 1 5317.90966797 0. 5.60905049418e-22 0.
1525003233 1 5314.38476562 0. 5.6119306003e-22 0.
1525003293 1 5309.75390625 0. 5.61333287994e-22 0.
1525003354 1 5301.42480469 0. 5.61104266669e-22 0.
1525003414 1 5293.70166016 0. 5.60938170532e-22 0.
1525003456 1 5284.56591797 0. 5.60430139409e-22 0.
1525003497 1 5278.43701172 0. 5.60235798367e-22 0.
1525003536 1 5276.30126953 0. 5.60395460045e-22 0.
1525003572 1 5275.12451172 0. 5.60664433021e-22 0.
1525003609 1 5270.48535156 0. 5.60595608875e-22 0.
1525003642 1 5266.93505859 0. 5.60575591653e-22 0.
1525003695 1 5263.87939453 0. 5.60808903311e-22 0.
1525003755 1 5257.47558594 0. 5.60774776982e-22 0.
1525003810 1 5252.79931641 0. 5.60893997808e-22 0.
1525003863 1 5244.38671875 0. 5.6060622307e-22 0.
1525003922 1 5327.83789062 0. 5.70238182508e-22 0.
1525003983 1 5214.78173828 0. 5.58945735896e-22 0.
1525004043 1 5151.19189453 0. 5.52867391937e-22 0.
1525004103 1 5434.05664062 0. 5.83901726869e-22 0.
1525004163 1 5424.73046875 0. 5.83669538764e-22 0.
1525004223 1 5420.46630859 0. 5.83961734543e-22 0.
1525004283 1 5411.34814453 0. 5.8377608725e-22 0.
1525004343 1 5405.31982422 0. 5.83895054049e-22 0.
1525004403 1 5401.17724609 0. 5.84207324383e-22 0.
1525004464 1 5391.41015625 0. 5.8392734283e-22 0.
1525004524 1 5383.02783203 0. 5.83783886259e-22 0.
1525004584 1 5377.20507812 0. 5.83911742438e-22 0.
1525004644 1 5367.99755859 0. 5.83674540954e-22 0.
1525004704 1 5357.98095703 0. 5.83329817015e-22 0.
1525004764 1 5353.27734375 0. 5.83579651269e-22 0.
1525004824 1 5345.43847656 0. 5.83475198149e-22 0.
1525004871 1 5341.69677734 0. 5.83625574765e-22 0.
1525004919 1 5335.21923828 0. 5.83521100289e-22 0.
1525004979 1 5328.03369141 0. 5.83449748516e-22 0.
1525005039 1 5319.52685547 0. 5.8328297432e-22 0.
1525005099 1 5313.9453125 0. 5.83396392582e-22 0.
1525005159 1 5307.20849609 0. 5.83394299344e-22 0.
1525005219 1 5300.796875 0. 5.83444502148e-22 0.
1525005280 1 5294.34667969 0. 5.83477903373e-22 0.
1525005340 1 5286.30859375 0. 5.83319732026e-22 0.
1525005400 1 5279.76611328 0. 5.83320808607e-22 0.
1525005460 1 5271.97900391 0. 5.83196760378e-22 0.
1525005520 1 5266.44238281 0. 5.83317776418e-22 0.
1525005580 1 5262.14111328 0. 5.83582759786e-22 0.
1525005641 1 5256.97216797 0. 5.83740270579e-22 0.
1525005701 1 5247.15234375 0. 5.83380999382e-22 0.
1525005761 1 5239.93896484 0. 5.83302363542e-22 0.
1525005821 1 5231.50927734 0. 5.83075606443e-22 0.
1525005881 1 5224.78564453 0. 5.83045882243e-22 0.
1525005941 1 5219.00927734 0. 5.83131806345e-22 0.
1525006001 1 5213.04052734 0. 5.83202495608e-22 0.
1525006062 1 5206.70898438 0. 5.83220189186e-22 0.
1525006122 1 5198.50732422 0. 5.83043487178e-22 0.
1525006182 1 5192.375 0. 5.83078519291e-22 0.
1525006242 1 5186.73925781 0. 5.83179116655e-22 0.
1525006302 1 5178.08642578 0. 5.82926808325e-22 0.
1525006362 1 5169.50732422 0. 5.82669521996e-22 0.
1525006422 1 5161.84179688 0. 5.82526985903e-22 0.
1525006482 1 5155.74267578 0. 5.8255302955e-22 0.
1525006543 1 5149.23583984 0. 5.82531508873e-22 0.
1525006603 1 5143.67871094 0. 5.8264448677e-22 0.
1525006663 1 5134.34326172 0. 5.82299517936e-22 0.
1525006723 1 5130.56298828 0. 5.82583884192e-22 0.
1525006783 1 5124.22460938 0. 5.82553929237e-22 0.
1525006843 1 5115.25048828 0. 5.82278506508e-22 0.
1525006903 1 5107.04492188 0. 5.82059484598e-22 0.
1525006963 1 5101.93994141 0. 5.82191568486e-22 0.
1525007024 1 5098.11328125 0. 5.82443397564e-22 0.
1525007084 1 5090.30371094 0. 5.82258243074e-22 0.
1525007144 1 5083.49755859 0. 5.82194144902e-22 0.
1525007204 1 5077.81005859 0. 5.82241560418e-22 0.
1525007264 1 5071.22802734 0. 5.82175313768e-22 0.
1525007324 1 5062.68310547 0. 5.81929079919e-22 0.
1525007384 1 5055.37939453 0. 5.81769090846e-22 0.
1525007444 1 5050.51611328 0. 5.81926932833e-22 0.
1525007505 1 5043.49414062 0. 5.81828168103e-22 0.
1525007565 1 5037.87451172 0. 5.81885803002e-22 0.
1525007625 1 5032.84277344 0. 5.82003795113e-22 0.
1525007685 1 5026.62451172 0. 5.82024712166e-22 0.
1525007734 1 5021.54492188 0. 5.82020302556e-22 0.
1525007759 1 1656.44396973 0. 1.93263881127e-22 0.
1525007770 1 377.391906738 0. 4.38595052406e-23 0.
1525007779 1 776.446350098 0. 9.01301952605e-23 0.
1525007788 1 1133.13232422 0. 1.3140291851e-22 0.
1525007797 1 1864.65673828 0. 2.16381657463e-22 0.
1525007806 1 2551.72607422 0. 2.95856765998e-22 0.
1525007815 1 3393.32739258 0. 3.93826377981e-22 0.
1525007824 1 4208.41748047 0. 4.88305807996e-22 0.
1525007832 1 4664.61621094 0. 5.41496651102e-22 0.
1525007841 1 5005.58007812 0. 5.8121956012e-22 0.
1525007850 1 4608.05566406 0. 5.35265649365e-22 0.
1525007859 1 4319.10986328 0. 5.01767286857e-22 0.
1525007868 1 3284.25585938 0. 3.81840642103e-22 0.
1525007877 1 2719.52978516 0. 3.16059186238e-22 0.
1525007886 1 1772.68713379 0. 2.0627650668e-22 0.
1525007895 1 1269.46520996 0. 1.47680645576e-22 0.
1525007904 1 750.236328125 0. 8.74105196753e-23 0.
1525007913 1 448.846435547 0. 5.23468227401e-23 0.
1525007930 1 2058.96435547 0. 2.4066350241e-22 0.
1525007946 1 760.446411133 0. 8.83404706395e-23 0.
1525007955 1 1288.4831543 0. 1.49729415182e-22 0.
1525007964 1 1753.6192627 0. 2.03643576317e-22 0.
1525007973 1 2482.0090332 0. 2.88539319829e-22 0.
1525007981 1 3171.14208984 0. 3.68545243606e-22 0.
1525007990 1 3878.75268555 0. 4.51243936665e-22 0.
1525007999 1 4485.74609375 0. 5.21915577091e-22 0.
1525008007 1 4804.85449219 0. 5.59357327645e-22 0.
1525008016 1 4997.60009766 0. 5.82009611167e-22 0.
1525008025 1 4584.42431641 0. 5.3416220264e-22 0.
1525008033 1 4322.14453125 0. 5.0368007342e-22 0.
1525008042 1 3430.12719727 0. 3.99980535674e-22 0.
1525008051 1 2950.48022461 0. 3.43990435385e-22 0.
1525008060 1 2026.78027344 0. 2.36564342768e-22 0.
1525008068 1 1559.54223633 0. 1.81990265495e-22 0.
1525008077 1 974.036437988 0. 1.13836191384e-22 0.
1525008085 1 647.291259766 0. 7.57044260821e-23 0.
1525008094 1 1894.94641113 0. 2.22187087975e-22 0.
1525008129 1 4985.76708984 0. 5.81697475302e-22 0.
1525008189 1 4979.55273438 0. 5.81559934458e-22 0.
1525008249 1 4976.27832031 0. 5.81773597244e-22 0.
1525008309 1 4971.33837891 0. 5.81692832413e-22 0.
1525008369 1 4969.75634766 0. 5.82132219341e-22 0.
1525008429 1 4958.20751953 0. 5.81382315549e-22 0.
1525008490 1 4948.40820312 0. 5.80950440125e-22 0.
1525008550 1 4940.10400391 0. 5.80625040964e-22 0.
1525008610 1 4931.51123047 0. 5.80290446404e-22 0.
1525008670 1 4920.94384766 0. 5.79716583395e-22 0.
1525008730 1 4914.27246094 0. 5.79588948483e-22 0.
1525008790 1 4910.10449219 0. 5.79733399175e-22 0.
1525008851 1 4902.82568359 0. 5.79567586491e-22 0.
1525008911 1 4897.60498047 0. 5.79601520067e-22 0.
1525008957 1 4451.08203125 0. 5.28378380059e-22 0.
1525009004 1 0.0696532130241 0. 3.4916561854e-23 0.
