1525234200 1 15301.7207031 0. 6.11040743872e-22 0.
1525234260 1 15283.1972656 0. 6.11349358261e-22 0.
1525234295 1 15261.5810547 0. 6.10919281983e-22 0.
1525234331 1 15232.5761719 0. 6.10448468293e-22 0.
1525234391 1 15207.6933594 0. 6.1042638573e-22 0.
1525234431 1 15202.8789062 0. 6.10779232744e-22 0.
1525234456 1 15169.3037109 0. 6.09765871016e-22 0.
1525234499 1 15171.7138672 0. 6.10606260439e-22 0.
1525234551 1 15156.6308594 0. 6.1077815988e-22 0.
1525234603 1 15085.9521484 0. 6.08812759839e-22 0.
1525234663 1 15050.1708984 0. 6.08449511916e-22 0.
1525234710 1 15015.6914062 0. 6.0787494755e-22 0.
1525234748 1 14964.75 0. 6.0649832024e-22 0.
1525234797 1 14814.4609375 0. 6.01260804315e-22 0.
1525234852 1 14723.4912109 0. 5.98522486313e-22 0.
1525234901 1 14658.0351562 0. 5.96709585309e-22 0.
1525234927 1 14638.9921875 0. 5.9637101167e-22 0.
1525234963 1 14605.3417969 0. 5.95638263949e-22 0.
1525235018 1 14543.5273438 0. 5.94076969396e-22 0.
1525235073 1 14462.3857422 0. 5.91664686551e-22 0.
1525235133 1 14403.2470703 0. 5.90196856455e-22 0.
1525235193 1 14342.1650391 0. 5.88682617648e-22 0.
1525235228 1 14259.3798828 0. 5.85863795903e-22 0.
1525235264 1 14164.1474609 0. 5.82480316667e-22 0.
1525235324 1 14105.7783203 0. 5.81015135563e-22 0.
1525235384 1 14061.5214844 0. 5.80161090295e-22 0.
1525235444 1 14040.2861328 0. 5.80254305469e-22 0.
1525235504 1 14027.5908203 0. 5.80660203794e-22 0.
1525235556 1 14032.8710938 0. 5.81685513614e-22 0.
1525235602 1 14030.6777344 0. 5.82301387379e-22 0.
1525235656 1 14036.3359375 0. 5.83399555443e-22 0.
1525235716 1 14033.8349609 0. 5.84195074577e-22 0.
1525235776 1 14000.5361328 0. 5.83720417897e-22 0.
1525235836 1 13991.8017578 0. 5.84252404371e-22 0.
1525235896 1 14023.3496094 0. 5.86501547255e-22 0.
1525235928 1 14041.5175781 0. 5.87737384664e-22 0.
1525235936 1 3833.31030273 0. 1.61288579888e-22 0.
1525235947 1 1403.35302734 0. 5.88788277179e-23 0.
1525235956 1 2600.08447266 0. 1.09084863625e-22 0.
1525235965 1 3780.41040039 0. 1.58461194277e-22 0.
1525235974 1 5567.08007812 0. 2.3351422188e-22 0.
1525235984 1 7733.07519531 0. 3.24093049553e-22 0.
1525235992 1 9560.71289062 0. 4.00967787429e-22 0.
1525236001 1 11988.2167969 0. 5.02524984728e-22 0.
1525236010 1 13108.8681641 0. 5.49661498987e-22 0.
1525236019 1 14070.390625 0. 5.9004455706e-22 0.
1525236028 1 13212.8320312 0. 5.54284567579e-22 0.
1525236037 1 12609.5273438 0. 5.29029999649e-22 0.
1525236046 1 9866.83203125 0. 4.14279700097e-22 0.
1525236055 1 8667.00097656 0. 3.63832768867e-22 0.
1525236064 1 5813.81591797 0. 2.44337968883e-22 0.
1525236073 1 4637.9765625 0. 1.94863205336e-22 0.
1525236082 1 2796.28076172 0. 1.1764718744e-22 0.
1525236091 1 1887.35961914 0. 7.9413961104e-23 0.
1525236107 1 4656.47998047 0. 1.96768750396e-22 0.
1525236123 1 1748.29162598 0. 7.39305656476e-23 0.
1525236132 1 3092.45483398 0. 1.30588450943e-22 0.
1525236141 1 4375.30419922 0. 1.84531604911e-22 0.
1525236149 1 6280.21191406 0. 2.64854708315e-22 0.
1525236158 1 8736.68652344 0. 3.67918624786e-22 0.
1525236167 1 10618.4931641 0. 4.47331452238e-22 0.
1525236175 1 13086.8339844 0. 5.50828516028e-22 0.
1525236184 1 13753.4199219 0. 5.78955793874e-22 0.
1525236193 1 14188.3544922 0. 5.97165389596e-22 0.
1525236202 1 12048.3056641 0. 5.07226729852e-22 0.
1525236210 1 11060.4521484 0. 4.65589158615e-22 0.
1525236219 1 7598.83984375 0. 3.20261781723e-22 0.
1525236228 1 6305.53710938 0. 2.65664011911e-22 0.
1525236237 1 3784.51318359 0. 1.59777621922e-22 0.
1525236245 1 2774.16088867 0. 1.17139146163e-22 0.
1525236254 1 1607.69104004 0. 6.80294556772e-23 0.
1525236263 1 999.782104492 0. 4.23752536879e-23 0.
1525236272 1 3375.71582031 0. 1.43174437956e-22 0.
1525236286 1 14157.2392578 0. 5.96967447885e-22 0.
1525236301 1 14170.5253906 0. 5.97753439466e-22 0.
1525236336 1 14180.2197266 0. 5.98657963295e-22 0.
1525236396 1 14158.765625 0. 5.98625217002e-22 0.
1525236456 1 14129.4121094 0. 5.98294176757e-22 0.
1525236517 1 14101.3457031 0. 5.98002734875e-22 0.
1525236577 1 14066.5869141 0. 5.97410438849e-22 0.
1525236637 1 14024.9179688 0. 5.96510059184e-22 0.
1525236697 1 13977.9023438 0. 5.953984934e-22 0.
1525236757 1 13951.7558594 0. 5.95172377277e-22 0.
1525236813 1 13912.9658203 0. 5.94310289399e-22 0.
1525236869 1 13857.7529297 0. 5.92794234532e-22 0.
1525236910 1 8997.37597656 0. 3.87611203224e-22 0.
1525236943 1 0.160222232342 0. 2.89070294031e-23 0.
1525236980 1 0.13620094955 0. 0.0 0.
