1525254133 1 15186.5722656 0. 5.88178306215e-22 0.
1525254193 1 15137.8144531 0. 5.87351891553e-22 0.
1525254253 1 15069.4580078 0. 5.85671325941e-22 0.
1525254313 1 14981.1669922 0. 5.83204613966e-22 0.
1525254373 1 14937.8662109 0. 5.82520517212e-22 0.
1525254417 1 14915.4863281 0. 5.82511634261e-22 0.
1525254446 1 14886.4287109 0. 5.81896824826e-22 0.
1525254493 1 14883.5771484 0. 5.8248397192e-22 0.
1525254553 1 14835.0664062 0. 5.81420451535e-22 0.
1525254612 1 14794.7861328 0. 5.80787326275e-22 0.
1525254672 1 14792.3173828 0. 5.81478659541e-22 0.
1525254707 1 14784.9658203 0. 5.81553384885e-22 0.
1525254723 1 14730.1640625 0. 5.79652209584e-22 0.
1525254750 1 14783.7080078 0. 5.82210184479e-22 0.
1525254796 1 14823.0234375 0. 5.84408279857e-22 0.
1525254856 1 14720.7353516 0. 5.8127056742e-22 0.
1525254900 1 14667.5283203 0. 5.79867941453e-22 0.
1525254945 1 14557.1152344 0. 5.76216980056e-22 0.
1525255005 1 14471.3105469 0. 5.73811265147e-22 0.
1525255062 1 14441.1728516 0. 5.73520971679e-22 0.
1525255095 1 4820.22851562 0. 1.92417355817e-22 0.
1525255106 1 2223.40991211 0. 8.84148507661e-23 0.
1525255115 1 3615.69458008 0. 1.43883090312e-22 0.
1525255124 1 5220.46240234 0. 2.07564012795e-22 0.
1525255132 1 7026.37158203 0. 2.79655884007e-22 0.
1525255141 1 9512.5625 0. 3.78333130001e-22 0.
1525255150 1 11282.0556641 0. 4.4909788302e-22 0.
1525255159 1 13354.7373047 0. 5.31492910924e-22 0.
1525255168 1 14013.109375 0. 5.57895857042e-22 0.
1525255177 1 14420.9931641 0. 5.74310903336e-22 0.
1525255186 1 12930.6796875 0. 5.15118898618e-22 0.
1525255195 1 12076.6181641 0. 4.81133904792e-22 0.
1525255204 1 9136.109375 0. 3.64272957934e-22 0.
1525255213 1 7866.62011719 0. 3.13535658252e-22 0.
1525255222 1 5196.30761719 0. 2.07345890575e-22 0.
1525255231 1 4026.29101562 0. 1.6058529014e-22 0.
1525255240 1 2392.63110352 0. 9.55460551062e-23 0.
1525255249 1 1618.02685547 0. 6.46067661357e-23 0.
1525255265 1 4550.06347656 0. 1.82654697862e-22 0.
1525255282 1 1799.01855469 0. 7.21924923126e-23 0.
1525255291 1 3122.91845703 0. 1.25204439015e-22 0.
1525255300 1 4639.55908203 0. 1.85769585818e-22 0.
1525255308 1 6566.17919922 0. 2.6300325712e-22 0.
1525255317 1 9092.73339844 0. 3.63642988026e-22 0.
1525255326 1 10950.5244141 0. 4.38181200659e-22 0.
1525255334 1 13444.0898438 0. 5.37496496872e-22 0.
1525255343 1 14046.9755859 0. 5.61595998134e-22 0.
1525255352 1 14460.6669922 0. 5.78089941957e-22 0.
1525255361 1 12256.6933594 0. 4.90029809956e-22 0.
1525255369 1 11210.1835938 0. 4.48130057991e-22 0.
1525255378 1 7629.84082031 0. 3.05327626416e-22 0.
1525255387 1 6361.21484375 0. 2.54419327145e-22 0.
1525255396 1 3821.06591797 0. 1.53125769171e-22 0.
1525255404 1 2783.64038086 0. 1.11540677622e-22 0.
1525255413 1 1590.94763184 0. 6.38806240852e-23 0.
1525255422 1 992.091186523 0. 3.98784333202e-23 0.
1525255431 1 3295.77685547 0. 1.32821695911e-22 0.
1525255446 1 14405.5263672 0. 5.77271509365e-22 0.
1525255462 1 14410.3417969 0. 5.7769283059e-22 0.
1525255497 1 14405.1914062 0. 5.78032895676e-22 0.
1525255535 1 14362.5751953 0. 5.76822091977e-22 0.
1525255572 1 13972.2470703 0. 5.61816434792e-22 0.
1525255633 1 13689.9648438 0. 5.51241268043e-22 0.
1525255693 1 14629.1767578 0. 5.90022373296e-22 0.
1525255753 1 14594.2402344 0. 5.89509007195e-22 0.
1525255792 1 14578.9042969 0. 5.89454053873e-22 0.
1525255809 1 14567.8330078 0. 5.89305357908e-22 0.
1525255848 1 14454.4521484 0. 5.85285468662e-22 0.
1525255909 1 14426.0195312 0. 5.85104261753e-22 0.
1525255968 1 14547.5322266 0. 5.91032431218e-22 0.
1525256005 1 14508.8886719 0. 5.900104232e-22 0.
1525256021 1 14509.0957031 0. 5.90316509348e-22 0.
1525256048 1 14664.1796875 0. 5.9725454192e-22 0.
1525256078 1 14677.4775391 0. 5.98461726855e-22 0.
1525256120 1 14612.2880859 0. 5.9656313627e-22 0.
1525256166 1 14576.2675781 0. 5.95965412152e-22 0.
1525256211 1 14536.2558594 0. 5.95111644013e-22 0.
1525256272 1 14492.0605469 0. 5.94379941287e-22 0.
1525256332 1 14452.5693359 0. 5.93848633684e-22 0.
1525256375 1 14423.6669922 0. 5.9340206542e-22 0.
1525256402 1 14403.3173828 0. 5.93046992579e-22 0.
1525256422 1 14396.8798828 0. 5.93067426887e-22 0.
1525256449 1 14384.9335938 0. 5.93096647986e-22 0.
1525256501 1 14349.1005859 0. 5.92536455545e-22 0.
1525256555 1 14277.9716797 0. 5.90547457168e-22 0.
1525256585 1 14266.1259766 0. 5.90543736813e-22 0.
1525256597 1 14259.2392578 0. 5.90488627727e-22 0.
1525256619 1 14250.9775391 0. 5.9050988898e-22 0.
1525256664 1 14225.3740234 0. 5.90261145425e-22 0.
1525256725 1 14185.2666016 0. 5.89579979821e-22 0.
1525256785 1 14145.8730469 0. 5.889361515e-22 0.
1525256845 1 14101.5087891 0. 5.88100144135e-22 0.
1525256905 1 14073.6875 0. 5.87920562644e-22 0.
1525256966 1 14040.1845703 0. 5.87527588826e-22 0.
1525257021 1 14006.3642578 0. 5.87001610378e-22 0.
1525257074 1 13974.6425781 0. 5.86527847852e-22 0.
1525257131 1 13955.0615234 0. 5.86640951848e-22 0.
1525257191 1 13917.1689453 0. 5.86039028352e-22 0.
1525257227 1 13884.7783203 0. 5.85206183693e-22 0.
1525257249 1 13887.4980469 0. 5.85726081292e-22 0.
1525257279 1 13875.8378906 0. 5.85693464577e-22 0.
1525257323 1 13888.3945312 0. 5.86946898136e-22 0.
1525257383 1 13851.4130859 0. 5.86433195188e-22 0.
1525257444 1 13814.7050781 0. 5.85836935104e-22 0.
1525257504 1 13793.3388672 0. 5.85899072476e-22 0.
1525257564 1 13761.2724609 0. 5.85472186275e-22 0.
1525257624 1 13721.1982422 0. 5.84772942964e-22 0.
1525257684 1 13692.1308594 0. 5.84479458179e-22 0.
1525257744 1 13669.4296875 0. 5.84458157726e-22 0.
1525257804 1 13636.9375 0. 5.84056062273e-22 0.
1525257865 1 13622.8867188 0. 5.84403578812e-22 0.
1525257900 1 13595.7285156 0. 5.83745058411e-22 0.
1525257916 1 13620.6923828 0. 5.85094231024e-22 0.
1525257942 1 13586.9541016 0. 5.84069771288e-22 0.
1525257988 1 13557.6201172 0. 5.8352470056e-22 0.
1525258048 1 13532.9082031 0. 5.83397600327e-22 0.
1525258108 1 13511.1630859 0. 5.83397186544e-22 0.
1525258168 1 13496.4101562 0. 5.83648200833e-22 0.
1525258229 1 13465.1640625 0. 5.83251830447e-22 0.
1525258289 1 13431.984375 0. 5.82731449637e-22 0.
1525258349 1 13409.2001953 0. 5.82663036723e-22 0.
1525258409 1 13252.9941406 0. 5.76785679091e-22 0.
1525258469 1 13155.0625 0. 5.73420762184e-22 0.
1525258529 1 13125.28125 0. 5.72996959535e-22 0.
1525258590 1 13086.4326172 0. 5.72175016246e-22 0.
1525258650 1 13069.8710938 0. 5.72323701912e-22 0.
1525258710 1 13007.21875 0. 5.7044684217e-22 0.
1525258770 1 12942.0859375 0. 5.68467752411e-22 0.
1525258830 1 12933.3183594 0. 5.68907325565e-22 0.
1525258885 1 12945.0087891 0. 5.7020040385e-22 0.
1525258940 1 12934.4169922 0. 5.70502449866e-22 0.
1525259001 1 12971.0615234 0. 5.73007920987e-22 0.
1525259061 1 12935.0917969 0. 5.72278272972e-22 0.
1525259121 1 12908.0742188 0. 5.71935820494e-22 0.
1525259181 1 12883.1025391 0. 5.71650664444e-22 0.
1525259241 1 12861.5283203 0. 5.71542674024e-22 0.
1525259301 1 12846.3173828 0. 5.71722712649e-22 0.
1525259361 1 12828.15625 0. 5.71768921021e-22 0.
1525259422 1 12805.9697266 0. 5.71640762674e-22 0.
1525259463 1 12773.6904297 0. 5.70781507707e-22 0.
1525259497 1 12761.0810547 0. 5.70718276026e-22 0.
1525259549 1 12730.7900391 0. 5.7009201036e-22 0.
1525259584 1 12716.6992188 0. 5.69940175004e-22 0.
1525259620 1 12682.1572266 0. 5.68899918583e-22 0.
1525259680 1 12694.1142578 0. 5.70275420079e-22 0.
1525259740 1 12670.8759766 0. 5.70068154266e-22 0.
1525259800 1 12627.2460938 0. 5.68934559525e-22 0.
1525259860 1 12602.1445312 0. 5.6865410791e-22 0.
1525259920 1 12515.9746094 0. 5.65580283136e-22 0.
1525259981 1 12504.3486328 0. 5.65841014069e-22 0.
1525260039 1 12483.6376953 0. 5.65703876313e-22 0.
1525260099 1 12469.7255859 0. 5.65889611731e-22 0.
1525260159 1 12464.890625 0. 5.66518979019e-22 0.
1525260219 1 12432.9384766 0. 5.65899628387e-22 0.
1525260279 1 12393.2138672 0. 5.64890242071e-22 0.
1525260339 1 12365.1669922 0. 5.64430898045e-22 0.
1525260399 1 12356.4375 0. 5.64859108735e-22 0.
1525260459 1 12312.7382812 0. 5.63665460795e-22 0.
1525260520 1 12271.6523438 0. 5.62584899124e-22 0.
1525260558 1 12260.3017578 0. 5.62570484619e-22 0.
1525260597 1 12220.4296875 0. 5.61288592485e-22 0.
1525260657 1 12233.2509766 0. 5.62707853619e-22 0.
1525260717 1 12186.9277344 0. 5.61403763706e-22 0.
1525260777 1 12168.2792969 0. 5.61364559221e-22 0.
1525260837 1 12148.3710938 0. 5.61271418715e-22 0.
1525260897 1 12153.4785156 0. 5.62290918368e-22 0.
1525260957 1 12149.8867188 0. 5.62957639001e-22 0.
1525261018 1 12126.3173828 0. 5.62684596215e-22 0.
1525261078 1 12094.1210938 0. 5.6202045408e-22 0.
1525261138 1 12045.2851562 0. 5.6055102776e-22 0.
1525261198 1 11941.8701172 0. 5.56549721791e-22 0.
1525261258 1 11766.4736328 0. 5.49364742017e-22 0.
1525261318 1 12255.6533203 0. 5.7295487624e-22 0.
1525261378 1 12787.8613281 0. 5.98751686158e-22 0.
1525261439 1 12757.5585938 0. 5.98169886757e-22 0.
1525261499 1 12732.765625 0. 5.97939846943e-22 0.
1525261543 1 12724.6025391 0. 5.98228163688e-22 0.
1525261587 1 12709.2402344 0. 5.98244466384e-22 0.
1525261647 1 12676.1953125 0. 5.97620912079e-22 0.
1525261707 1 12659.0205078 0. 5.97647322778e-22 0.
1525261759 1 12647.7041016 0. 5.97872385186e-22 0.
1525261811 1 12622.0732422 0. 5.97442494426e-22 0.
1525261871 1 12586.8242188 0. 5.96615101907e-22 0.
1525261926 1 12575.0380859 0. 5.96839221081e-22 0.
1525261966 1 12557.4462891 0. 5.96576441995e-22 0.
1525262012 1 12544.3046875 0. 5.96638363945e-22 0.
1525262072 1 12524.8144531 0. 5.96583827683e-22 0.
1525262132 1 12500.0410156 0. 5.96237403979e-22 0.
1525262193 1 12475.7480469 0. 5.95969943825e-22 0.
1525262253 1 12455.9746094 0. 5.95905149395e-22 0.
1525262313 1 12440.7626953 0. 5.9603653768e-22 0.
1525262373 1 12412.9501953 0. 5.95563468303e-22 0.
1525262433 1 12384.2207031 0. 5.95031661975e-22 0.
1525262493 1 12365.6601562 0. 5.9497165381e-22 0.
1525262553 1 12338.2119141 0. 5.9450483127e-22 0.
1525262613 1 12316.7265625 0. 5.9434098419e-22 0.
1525262674 1 12299.9521484 0. 5.94394734758e-22 0.
1525262734 1 12277.3427734 0. 5.94144304134e-22 0.
1525262794 1 12262.1289062 0. 5.94226186531e-22 0.
1525262854 1 12234.3056641 0. 5.93728424143e-22 0.
1525262914 1 12204.0732422 0. 5.93123229739e-22 0.
1525262975 1 12184.6494141 0. 5.92993077869e-22 0.
1525263029 1 12172.8837891 0. 5.9321864499e-22 0.
1525263084 1 12150.1767578 0. 5.92898574739e-22 0.
1525263144 1 12117.9160156 0. 5.92166437602e-22 0.
1525263205 1 12110.9355469 0. 5.92696198682e-22 0.
1525263265 1 12089.9052734 0. 5.92524664778e-22 0.
1525263325 1 12051.8076172 0. 5.91508385271e-22 0.
1525263385 1 12023.2675781 0. 5.90936506814e-22 0.
1525263445 1 12019.5654297 0. 5.91620267162e-22 0.
1525263505 1 10373.8515625 0. 5.13122007222e-22 0.
1525263564 1 0.147137895226 0. 3.62243547881e-23 0.
1525263625 1 0.125263243914 0. 0.0 0.
1525263685 1 0.115566819906 0. 0.0 0.
1525263745 1 0.108456797898 0. 0.0 0.
1525263805 1 0.104004472494 0. 0.0 0.
