1525359508 1 12306.4970703 0. 4.00216903696e-22 0.
1525359568 1 15372.7099609 0. 4.99863054147e-22 0.
1525359628 1 16968.3652344 0. 5.52358049971e-22 0.
1525359663 1 17285.5332031 0. 5.63229833679e-22 0.
1525359699 1 16313.2607422 0. 5.32211002435e-22 0.
1525359734 1 17289.0410156 0. 5.64440688631e-22 0.
1525359758 1 17269.1796875 0. 5.64264312146e-22 0.
1525359807 1 17226.0546875 0. 5.63627749391e-22 0.
1525359853 1 17205.1796875 0. 5.63668063368e-22 0.
1525359900 1 17167.3242188 0. 5.63053414031e-22 0.
1525359960 1 17143.1269531 0. 5.63236485979e-22 0.
1525360021 1 17147.8945312 0. 5.64286231875e-22 0.
1525360058 1 17128.3886719 0. 5.64041586422e-22 0.
1525360088 1 17121.0859375 0. 5.64274131808e-22 0.
1525360141 1 17155.3808594 0. 5.66146601049e-22 0.
1525360202 1 17069.2285156 0. 5.64189809675e-22 0.
1525360248 1 16973.0429688 0. 5.61716992155e-22 0.
1525360278 1 16906.3515625 0. 5.59954352211e-22 0.
1525360323 1 16856.7382812 0. 5.58992878945e-22 0.
1525360359 1 16842.9570312 0. 5.59039903793e-22 0.
1525360368 1 16849.5488281 0. 5.59390983601e-22 0.
1525360376 1 6197.26171875 0. 2.06937343038e-22 0.
1525360386 1 2211.64355469 0. 7.35997291147e-23 0.
1525360394 1 3248.97363281 0. 1.08143643059e-22 0.
1525360401 1 5239.00732422 0. 1.74214124209e-22 0.
1525360409 1 6854.36279297 0. 2.28075464962e-22 0.
1525360417 1 9848.37695312 0. 3.27401666164e-22 0.
1525360425 1 11496.5029297 0. 3.8242061178e-22 0.
1525360434 1 14551.9257812 0. 4.83861638537e-22 0.
1525360441 1 15505.4785156 0. 5.1571650823e-22 0.
1525360449 1 16763.5488281 0. 5.57616841943e-22 0.
1525360457 1 15992.015625 0. 5.32120395857e-22 0.
1525360466 1 15082.8730469 0. 5.01907275731e-22 0.
1525360473 1 12621.0302734 0. 4.20328593942e-22 0.
1525360481 1 10673.5800781 0. 3.55408028559e-22 0.
1525360489 1 7894.66162109 0. 2.63165246523e-22 0.
1525360497 1 6025.49121094 0. 2.00794518126e-22 0.
1525360505 1 4215.58886719 0. 1.40650499297e-22 0.
1525360513 1 2731.29663086 0. 9.11317093424e-23 0.
1525360529 1 6459.16357422 0. 2.16573865637e-22 0.
1525360544 1 2152.75805664 0. 7.22425990811e-23 0.
1525360552 1 3291.07006836 0. 1.10335441068e-22 0.
1525360560 1 5181.13037109 0. 1.73366732988e-22 0.
1525360567 1 6814.15234375 0. 2.28014470343e-22 0.
1525360575 1 10141.2714844 0. 3.38725021732e-22 0.
1525360583 1 11859.7861328 0. 3.96260582143e-22 0.
1525360590 1 15231.4423828 0. 5.08408616441e-22 0.
1525360598 1 16000.7490234 0. 5.3415382555e-22 0.
1525360606 1 16762.9667969 0. 5.59576874439e-22 0.
1525360614 1 15016.3837891 0. 5.01553520994e-22 0.
1525360621 1 13443.6679688 0. 4.49062901316e-22 0.
1525360629 1 10054.0947266 0. 3.36408618183e-22 0.
1525360637 1 7897.06689453 0. 2.64228763215e-22 0.
1525360645 1 5385.58984375 0. 1.805967356e-22 0.
1525360653 1 3652.08251953 0. 1.22554887727e-22 0.
1525360660 1 2418.83398438 0. 8.13314103811e-23 0.
1525360668 1 1392.94787598 0. 4.69386235134e-23 0.
1525360677 1 4253.67089844 0. 1.43394971118e-22 0.
1525360691 1 16708.9335938 0. 5.59117881186e-22 0.
1525360708 1 16720.8144531 0. 5.59707203261e-22 0.
1525360731 1 16708.9238281 0. 5.59669899898e-22 0.
1525360776 1 16692.8710938 0. 5.59780474359e-22 0.
1525360837 1 16669.2089844 0. 5.59814664923e-22 0.
1525360897 1 16641.3007812 0. 5.59781374313e-22 0.
1525360957 1 16606.1953125 0. 5.5946704531e-22 0.
1525361015 1 16546.4355469 0. 5.58254628159e-22 0.
1525361069 1 16358.8535156 0. 5.52708715613e-22 0.
1525361110 1 16278.9052734 0. 5.50580392904e-22 0.
1525361131 1 16238.8603516 0. 5.49528772285e-22 0.
1525361143 1 16218.4726562 0. 5.4899830422e-22 0.
1525361158 1 16204.1601562 0. 5.48734417317e-22 0.
1525361184 1 16170.7392578 0. 5.47939332477e-22 0.
1525361229 1 16156.0839844 0. 5.48058140619e-22 0.
1525361265 1 16144.2773438 0. 5.48101104646e-22 0.
1525361280 1 16139.3935547 0. 5.48174027169e-22 0.
1525361295 1 16137.2412109 0. 5.48292301025e-22 0.
1525361330 1 16124.2509766 0. 5.48388300157e-22 0.
1525361371 1 16104.8818359 0. 5.48265635714e-22 0.
1525361396 1 16104.6953125 0. 5.48606838175e-22 0.
1525361439 1 16069.8164062 0. 5.48045138261e-22 0.
1525361500 1 16004.3232422 0. 5.46675512609e-22 0.
1525361560 1 15964.0908203 0. 5.46118891514e-22 0.
1525361620 1 15843.9667969 0. 5.42832553423e-22 0.
1525361680 1 15803.1582031 0. 5.42256103534e-22 0.
1525361740 1 15732.4179688 0. 5.40770457247e-22 0.
1525361800 1 15658.7421875 0. 5.39113104716e-22 0.
1525361860 1 15588.9365234 0. 5.3745574982e-22 0.
1525361921 1 15552.2851562 0. 5.36938200776e-22 0.
1525361981 1 15493.8164062 0. 5.35664516697e-22 0.
1525362025 1 15463.5136719 0. 5.35196034096e-22 0.
1525362046 1 15433.8203125 0. 5.34534158132e-22 0.
1525362082 1 15380.5458984 0. 5.33216133838e-22 0.
1525362117 1 15380.9560547 0. 5.33649203685e-22 0.
1525362153 1 15309.0878906 0. 5.31611104448e-22 0.
1525362200 1 15270.7666016 0. 5.30877511966e-22 0.
1525362245 1 15226.6699219 0. 5.2991869914e-22 0.
1525362302 1 15181.8339844 0. 5.29075619277e-22 0.
1525362362 1 15141.1230469 0. 5.2847585864e-22 0.
1525362422 1 15054.4853516 0. 5.26266065425e-22 0.
1525362482 1 14988.4570312 0. 5.24689369555e-22 0.
1525362542 1 14925.1328125 0. 5.23242564975e-22 0.
1525362602 1 14852.0419922 0. 5.21407636736e-22 0.
1525362662 1 14828.9580078 0. 5.21345654198e-22 0.
1525362711 1 14801.2167969 0. 5.20977209015e-22 0.
1525362760 1 14798.9345703 0. 5.21499000473e-22 0.
1525362820 1 14730.0996094 0. 5.19772792242e-22 0.
1525362880 1 14700.0976562 0. 5.19463076208e-22 0.
1525362940 1 14643.2626953 0. 5.18190376045e-22 0.
1525363000 1 14633.8574219 0. 5.18620231502e-22 0.
1525363060 1 14586.9931641 0. 5.1777060088e-22 0.
1525363121 1 15683.3115234 0. 5.57354192005e-22 0.
1525363181 1 15661.0351562 0. 5.57331973102e-22 0.
1525363241 1 15621.1123047 0. 5.56725489463e-22 0.
1525363301 1 15591.2744141 0. 5.56464878202e-22 0.
1525363361 1 15639.9287109 0. 5.58969895353e-22 0.
1525363421 1 15822.8369141 0. 5.66491574184e-22 0.
1525363482 1 15779.8369141 0. 5.65888562312e-22 0.
1525363542 1 15809.7958984 0. 5.678901362e-22 0.
1525363602 1 15970.7001953 0. 5.7496602069e-22 0.
1525363662 1 15910.6757812 0. 5.73904151021e-22 0.
1525363722 1 15896.3730469 0. 5.74462706884e-22 0.
1525363783 1 15849.9707031 0. 5.73861535309e-22 0.
1525363843 1 15345.46875 0. 5.56701817576e-22 0.
1525363903 1 15230.4326172 0. 5.53534877413e-22 0.
1525363963 1 15951.3447266 0. 5.80752837511e-22 0.
1525364023 1 15916.6240234 0. 5.80514084435e-22 0.
1525364083 1 15887.7705078 0. 5.80446339142e-22 0.
1525364143 1 15864.0341797 0. 5.80579622465e-22 0.
1525364203 1 15836.5078125 0. 5.80544285689e-22 0.
1525364264 1 15792.2158203 0. 5.79874707301e-22 0.
1525364324 1 15769.4306641 0. 5.80024593847e-22 0.
1525364384 1 15738.7607422 0. 5.79852655454e-22 0.
1525364444 1 15709.6523438 0. 5.79764884645e-22 0.
1525364504 1 15675.9462891 0. 5.79481198163e-22 0.
1525364564 1 15640.8017578 0. 5.79107709198e-22 0.
1525364624 1 15608.2470703 0. 5.78835237073e-22 0.
1525364681 1 15579.7861328 0. 5.78692962244e-22 0.
1525364738 1 15551.8066406 0. 5.78561241026e-22 0.
1525364798 1 15519.2822266 0. 5.78292422951e-22 0.
1525364858 1 15487.3164062 0. 5.7806622091e-22 0.
1525364918 1 15463.890625 0. 5.78100256054e-22 0.
1525364978 1 15430.4492188 0. 5.7777985323e-22 0.
1525365039 1 15410.4560547 0. 5.77935219347e-22 0.
1525365099 1 15410.5585938 0. 5.7889174462e-22 0.
1525365159 1 15383.4101562 0. 5.78845258934e-22 0.
1525365219 1 15339.9101562 0. 5.78157090201e-22 0.
1525365279 1 15312.7324219 0. 5.78078085609e-22 0.
1525365339 1 15291.8818359 0. 5.78244858063e-22 0.
1525365399 1 15265.0830078 0. 5.78144536574e-22 0.
1525365459 1 15233.6142578 0. 5.77894918276e-22 0.
1525365520 1 15208.1914062 0. 5.77863674797e-22 0.
1525365580 1 15181.2285156 0. 5.7777296663e-22 0.
1525365640 1 15154.625 0. 5.77695190464e-22 0.
1525365700 1 15131.7050781 0. 5.77736083918e-22 0.
1525365760 1 15088.4472656 0. 5.77006382893e-22 0.
1525365820 1 15050.4238281 0. 5.76488989261e-22 0.
1525365880 1 15023.8798828 0. 5.76367056574e-22 0.
1525365941 1 15004.3740234 0. 5.76496781916e-22 0.
1525365985 1 14984.8144531 0. 5.76428646575e-22 0.
1525366027 1 14974.6601562 0. 5.76659968661e-22 0.
1525366084 1 14945.3427734 0. 5.7638054454e-22 0.
1525366144 1 14914.4335938 0. 5.76105475368e-22 0.
1525366204 1 14893.1542969 0. 5.76165486497e-22 0.
1525366264 1 14867.5664062 0. 5.76082000416e-22 0.
1525366324 1 14838.8037109 0. 5.7582161096e-22 0.
1525366385 1 14821.5976562 0. 5.76041499993e-22 0.
1525366445 1 14792.0498047 0. 5.75784057816e-22 0.
1525366505 1 14765.4882812 0. 5.75616674731e-22 0.
1525366565 1 14737.2021484 0. 5.75403131535e-22 0.
1525366625 1 14708.2900391 0. 5.75151676888e-22 0.
1525366685 1 14668.6484375 0. 5.74463916879e-22 0.
1525366745 1 14640.9169922 0. 5.74285554674e-22 0.
1525366805 1 14617.0058594 0. 5.74192054402e-22 0.
1525366866 1 14588.6582031 0. 5.7396567047e-22 0.
1525366912 1 14580.9990234 0. 5.7435288312e-22 0.
1525366934 1 14554.5097656 0. 5.73569956236e-22 0.
1525366945 1 13968.0214844 0. 5.50649356292e-22 0.
1525366981 1 14208.3476562 0. 5.6071782779e-22 0.
1525367041 1 13931.9160156 0. 5.50606586496e-22 0.
1525367101 1 14575.078125 0. 5.76882691565e-22 0.
1525367161 1 14576.5175781 0. 5.77833253345e-22 0.
1525367221 1 14545.3896484 0. 5.77465062644e-22 0.
1525367282 1 14518.5019531 0. 5.77248801975e-22 0.
1525367342 1 14489.3300781 0. 5.76924443704e-22 0.
1525367402 1 14469.0458984 0. 5.7694939267e-22 0.
1525367462 1 14437.3173828 0. 5.76538678167e-22 0.
1525367522 1 14416.1533203 0. 5.765772795e-22 0.
1525367583 1 14389.6123047 0. 5.76354021447e-22 0.
1525367643 1 14368.7177734 0. 5.76387897608e-22 0.
1525367703 1 14367.6738281 0. 5.77204112909e-22 0.
1525367763 1 14379.7675781 0. 5.78560704096e-22 0.
1525367823 1 14350.875 0. 5.78314755352e-22 0.
1525367883 1 14327.6611328 0. 5.78266352387e-22 0.
1525367943 1 14301.5400391 0. 5.78073414742e-22 0.
1525368003 1 14276.5800781 0. 5.77942180014e-22 0.
1525368064 1 14248.4443359 0. 5.77649240848e-22 0.
1525368124 1 14230.7089844 0. 5.77825832393e-22 0.
1525368184 1 14209.5693359 0. 5.77821489995e-22 0.
1525368244 1 14185.5048828 0. 5.77692762684e-22 0.
1525368304 1 14163.84375 0. 5.77716864021e-22 0.
1525368364 1 14139.9638672 0. 5.77604233931e-22 0.
1525368424 1 14114.5732422 0. 5.77412885384e-22 0.
1525368485 1 14092.2871094 0. 5.77370217305e-22 0.
1525368545 1 14064.7480469 0. 5.77081886065e-22 0.
1525368605 1 14038.1806641 0. 5.76835214483e-22 0.
1525368665 1 14013.4013672 0. 5.76643224703e-22 0.
1525368725 1 13996.8300781 0. 5.7681984748e-22 0.
1525368785 1 13976.4785156 0. 5.76823598509e-22 0.
1525368845 1 13954.1806641 0. 5.76730114931e-22 0.
1525368905 1 13924.2626953 0. 5.76356704307e-22 0.
1525368966 1 13906.9550781 0. 5.76458593906e-22 0.
1525369026 1 13875.3691406 0. 5.75978123391e-22 0.
1525369086 1 13852.1572266 0. 5.75852398699e-22 0.
1525369146 1 13828.2832031 0. 5.75723327563e-22 0.
1525369206 1 13805.3212891 0. 5.75604107069e-22 0.
1525369266 1 13812.8496094 0. 5.76770670243e-22 0.
1525369326 1 13812.6230469 0. 5.7763214492e-22 0.
1525369387 1 13783.0117188 0. 5.77246002632e-22 0.
1525369447 1 13755.5224609 0. 5.76972045901e-22 0.
1525369507 1 13727.6933594 0. 5.76654717163e-22 0.
1525369567 1 13700.5205078 0. 5.76358360163e-22 0.
1525369627 1 13681.1835938 0. 5.76376689129e-22 0.
1525369687 1 13661.6660156 0. 5.76421698976e-22 0.
1525369748 1 13634.3730469 0. 5.76103997024e-22 0.
1525369794 1 13620.2871094 0. 5.76165828884e-22 0.
1525369841 1 13606.1240234 0. 5.76224006957e-22 0.
1525369901 1 13578.1289062 0. 5.75917614941e-22 0.
1525369961 1 13557.1582031 0. 5.75860044725e-22 0.
1525370021 1 13533.484375 0. 5.7568559216e-22 0.
1525370082 1 13510.5166016 0. 5.75557377522e-22 0.
1525370125 1 13493.2167969 0. 5.75406004566e-22 0.
1525370169 1 13479.0019531 0. 5.75409949052e-22 0.
1525370229 1 13465.4111328 0. 5.75650181138e-22 0.
1525370289 1 13444.5078125 0. 5.75584667456e-22 0.
1525370349 1 13408.5087891 0. 5.74875205964e-22 0.
1525370409 1 13392.4169922 0. 5.75035453975e-22 0.
1525370469 1 13369.8476562 0. 5.74894188349e-22 0.
1525370530 1 13341.8447266 0. 5.74487503455e-22 0.
1525370590 1 13326.0927734 0. 5.7464859525e-22 0.
1525370650 1 13302.8388672 0. 5.74446089953e-22 0.
1525370710 1 13286.9101562 0. 5.74623471062e-22 0.
1525370770 1 13263.6982422 0. 5.74435462666e-22 0.
1525370830 1 13243.6767578 0. 5.74397432019e-22 0.
1525370890 1 13234.3603516 0. 5.74839715725e-22 0.
1525370951 1 13258.0605469 0. 5.76703973811e-22 0.
1525371011 1 13234.5175781 0. 5.76518785337e-22 0.
1525371071 1 13205.3662109 0. 5.76107497072e-22 0.
1525371131 1 13192.640625 0. 5.76379250355e-22 0.
1525371191 1 13172.2138672 0. 5.76325758826e-22 0.
1525371251 1 13147.2763672 0. 5.76093934125e-22 0.
1525371310 1 13124.1425781 0. 5.75887730191e-22 0.
1525371368 1 13088.6425781 0. 5.7514098903e-22 0.
1525371428 1 13069.6171875 0. 5.7515103493e-22 0.
1525371488 1 13059.7587891 0. 5.75577889247e-22 0.
1525371548 1 13043.2724609 0. 5.75697424186e-22 0.
1525371608 1 13014.8261719 0. 5.75268873929e-22 0.
1525371669 1 12954.9453125 0. 5.73459836441e-22 0.
1525371729 1 12937.7109375 0. 5.73539642902e-22 0.
1525371789 1 12916.265625 0. 5.73438815901e-22 0.
1525371849 1 12898.6660156 0. 5.73520559483e-22 0.
1525371909 1 12879.3828125 0. 5.73498138558e-22 0.
1525371969 1 12857.5117188 0. 5.73351075493e-22 0.
1525372029 1 12830.4921875 0. 5.72976290039e-22 0.
1525372089 1 12807.4580078 0. 5.72758091339e-22 0.
1525372150 1 12792.5283203 0. 5.72949299372e-22 0.
1525372210 1 12780.2988281 0. 5.73233889541e-22 0.
1525372270 1 12753.7021484 0. 5.72840003235e-22 0.
1525372330 1 12742.3945312 0. 5.73193220276e-22 0.
1525372390 1 12722.4775391 0. 5.73111847003e-22 0.
1525372450 1 12704.8642578 0. 5.73127442143e-22 0.
1525372510 1 12688.6103516 0. 5.73208140988e-22 0.
1525372571 1 12683.546875 0. 5.73828105462e-22 0.
1525372631 1 12700.1572266 0. 5.75403596049e-22 0.
1525372691 1 12680.0419922 0. 5.75371947504e-22 0.
1525372732 1 12666.5058594 0. 5.75322211801e-22 0.
1525372774 1 12648.2705078 0. 5.75093549744e-22 0.
1525372834 1 12626.5019531 0. 5.74952906672e-22 0.
1525372894 1 12595.7382812 0. 5.74389634536e-22 0.
1525372955 1 12591.8105469 0. 5.75054449535e-22 0.
1525373015 1 12566.265625 0. 5.74749568282e-22 0.
1525373075 1 12185.7978516 0. 5.58188360253e-22 0.
1525373135 1 12079.4990234 0. 5.5408338335e-22 0.
1525373195 1 12543.2099609 0. 5.7615464362e-22 0.
1525373255 1 12526.2333984 0. 5.76219256362e-22 0.
1525373315 1 12500.4296875 0. 5.75816757712e-22 0.
1525373376 1 12483.1132812 0. 5.75841630334e-22 0.
1525373436 1 12460.859375 0. 5.75673948892e-22 0.
1525373496 1 12442.6552734 0. 5.75648200017e-22 0.
1525373556 1 12426.1855469 0. 5.75708415122e-22 0.
1525373616 1 12405.4384766 0. 5.75590412987e-22 0.
1525373676 1 12390.3242188 0. 5.7568976284e-22 0.
1525373736 1 12367.4169922 0. 5.75471411411e-22 0.
1525373797 1 12353.4248047 0. 5.75643001045e-22 0.
1525373857 1 12340.3369141 0. 5.75826886756e-22 0.
1525373917 1 12316.078125 0. 5.75501964561e-22 0.
1525373977 1 12297.6953125 0. 5.75413590658e-22 0.
1525374037 1 12274.2460938 0. 5.75142477121e-22 0.
1525374098 1 12254.0917969 0. 5.75033900436e-22 0.
1525374158 1 12283.0976562 0. 5.7721991592e-22 0.
1525374218 1 12263.0458984 0. 5.77143490941e-22 0.
1525374278 1 12240.6933594 0. 5.76935481974e-22 0.
1525374338 1 12224.4980469 0. 5.77011324201e-22 0.
1525374398 1 12204.6601562 0. 5.7691748622e-22 0.
1525374458 1 12187.9814453 0. 5.76956680941e-22 0.
1525374519 1 12166.3408203 0. 5.76775632467e-22 0.
1525374579 1 12148.7958984 0. 5.76757531302e-22 0.
1525374639 1 12119.9179688 0. 5.76213577926e-22 0.
1525374699 1 12102.375 0. 5.7620789578e-22 0.
1525374759 1 12088.8261719 0. 5.76370576757e-22 0.
1525374819 1 12074.7529297 0. 5.76514991666e-22 0.
1525374880 1 12056.015625 0. 5.76425676799e-22 0.
1525374940 1 12039.5800781 0. 5.76427552665e-22 0.
1525375000 1 12023.3007812 0. 5.76462823277e-22 0.
1525375060 1 11996.6894531 0. 5.760265291e-22 0.
1525375120 1 11975.8710938 0. 5.75835255676e-22 0.
1525375180 1 11962.1982422 0. 5.75975555538e-22 0.
1525375240 1 11941.1328125 0. 5.75775965022e-22 0.
1525375301 1 11920.5371094 0. 5.75600144622e-22 0.
1525375361 1 11928.7080078 0. 5.76768943607e-22 0.
1525375421 1 11927.1572266 0. 5.77515629025e-22 0.
1525375481 1 11902.1914062 0. 5.77114392343e-22 0.
1525375541 1 11888.25 0. 5.77260770061e-22 0.
1525375601 1 11869.9433594 0. 5.77182515292e-22 0.
1525375661 1 11855.0605469 0. 5.77286477562e-22 0.
1525375722 1 11841.21875 0. 5.77417164788e-22 0.
1525375782 1 11816.4804688 0. 5.77015975576e-22 0.
1525375842 1 11800.5429688 0. 5.77038363833e-22 0.
1525375902 1 11779.0595703 0. 5.76813685747e-22 0.
1525375962 1 11764.6435547 0. 5.76916892843e-22 0.
1525376022 1 11745.9121094 0. 5.76804500196e-22 0.
1525376083 1 11731.9746094 0. 5.76934625517e-22 0.
1525376143 1 11714.6816406 0. 5.76892237137e-22 0.
1525376203 1 11703.9580078 0. 5.77186119037e-22 0.
1525376263 1 11682.7021484 0. 5.76913335454e-22 0.
1525376323 1 11659.2509766 0. 5.76538654474e-22 0.
1525376383 1 11637.9179688 0. 5.76321296649e-22 0.
1525376443 1 11617.1982422 0. 5.76098886796e-22 0.
1525376504 1 11606.5986328 0. 5.76355613172e-22 0.
1525376564 1 11586.2285156 0. 5.76154863583e-22 0.
1525376624 1 11567.2578125 0. 5.75994698038e-22 0.
1525376684 1 11545.7470703 0. 5.75698429819e-22 0.
1525376744 1 11524.1054688 0. 5.75407777834e-22 0.
1525376804 1 11534.5976562 0. 5.76761568965e-22 0.
1525376864 1 11535.6503906 0. 5.77643974643e-22 0.
1525376924 1 11516.8955078 0. 5.77482146143e-22 0.
1525376980 1 11503.5332031 0. 5.77573951458e-22 0.
1525377036 1 11491.2695312 0. 5.77708482077e-22 0.
1525377096 1 11473.5429688 0. 5.77639790089e-22 0.
1525377156 1 11456.8769531 0. 5.7762382152e-22 0.
1525377216 1 11432.8154297 0. 5.77215163344e-22 0.
1525377276 1 11416.7119141 0. 5.77217046954e-22 0.
1525377328 1 11401.9648438 0. 5.77181546143e-22 0.
1525377380 1 11385.8583984 0. 5.77069737444e-22 0.
1525377441 1 11363.3408203 0. 5.7673575122e-22 0.
1525377501 1 11344.9599609 0. 5.76604201926e-22 0.
1525377561 1 11324.671875 0. 5.76384367661e-22 0.
1525377621 1 11318.7001953 0. 5.76851623542e-22 0.
1525377681 1 11295.6386719 0. 5.76470728139e-22 0.
1525377741 1 11287.8984375 0. 5.76902675469e-22 0.
1525377801 1 11274.7070312 0. 5.77018586644e-22 0.
1525377862 1 11250.4414062 0. 5.76560467079e-22 0.
1525377922 1 11232.8701172 0. 5.76456121706e-22 0.
1525377957 1 11217.5058594 0. 5.76114041918e-22 0.
1525377992 1 11213.5341797 0. 5.76437385359e-22 0.
1525378052 1 11193.3828125 0. 5.76166523585e-22 0.
1525378112 1 11177.8544922 0. 5.76165455438e-22 0.
1525378172 1 11167.3447266 0. 5.76402434292e-22 0.
1525378233 1 11184.7412109 0. 5.78117973626e-22 0.
1525378293 1 11030.3466797 0. 5.70900812102e-22 0.
1525378353 1 10682.109375 0. 5.53679446358e-22 0.
1525378413 1 11025.0839844 0. 5.7220566806e-22 0.
1525378474 1 11120.453125 0. 5.77960556935e-22 0.
1525378534 1 11103.4316406 0. 5.77918757967e-22 0.
1525378594 1 11093.1064453 0. 5.78175137301e-22 0.
1525378654 1 11069.8496094 0. 5.77783435989e-22 0.
1525378714 1 11054.3896484 0. 5.77788642572e-22 0.
1525378774 1 11033.7998047 0. 5.77510364488e-22 0.
1525378834 1 11018.8955078 0. 5.77488191524e-22 0.
1525378894 1 11000.0820312 0. 5.77286698549e-22 0.
1525378955 1 10982.171875 0. 5.77159274083e-22 0.
1525379015 1 10974.0869141 0. 5.77524823115e-22 0.
1525379075 1 10954.6533203 0. 5.77311225153e-22 0.
1525379135 1 10939.1210938 0. 5.77277915735e-22 0.
1525379195 1 10923.2265625 0. 5.77228240242e-22 0.
1525379255 1 10906.4609375 0. 5.77142449017e-22 0.
1525379315 1 10891.7207031 0. 5.77149971533e-22 0.
1525379376 1 10867.5644531 0. 5.76653898784e-22 0.
1525379436 1 10850.0458984 0. 5.7651070313e-22 0.
1525379496 1 10867.3154297 0. 5.78230643265e-22 0.
1525379556 1 10834.8925781 0. 5.77356638822e-22 0.
1525379616 1 10817.5273438 0. 5.77242711641e-22 0.
1525379676 1 10809.4980469 0. 5.77606866737e-22 0.
1525379736 1 10784.8466797 0. 5.77132204689e-22 0.
1525379796 1 10764.9091797 0. 5.76878037541e-22 0.
1525379857 1 10748.9892578 0. 5.76862219464e-22 0.
1525379917 1 10732.1054688 0. 5.76757018287e-22 0.
1525379977 1 10715.4638672 0. 5.76672630358e-22 0.
1525380037 1 10699.1748047 0. 5.7661118716e-22 0.
1525380097 1 10686.5957031 0. 5.76762464595e-22 0.
1525380157 1 10665.0166016 0. 5.7641125299e-22 0.
1525380215 1 10651.7314453 0. 5.76474225729e-22 0.
1525380273 1 10625.3447266 0. 5.75816262054e-22 0.
1525380334 1 10595.4023438 0. 5.74974610504e-22 0.
1525380394 1 10584.4501953 0. 5.75193431821e-22 0.
1525380454 1 10585.9013672 0. 5.76081650796e-22 0.
1525380514 1 10569.3525391 0. 5.75985723014e-22 0.
1525380574 1 10583.1191406 0. 5.77525629669e-22 0.
1525380635 1 10574.6630859 0. 5.77855546049e-22 0.
1525380695 1 10559.0791016 0. 5.77821323756e-22 0.
1525380755 1 10541.46875 0. 5.77688195376e-22 0.
1525380815 1 10526.4150391 0. 5.77707767911e-22 0.
1525380875 1 10505.7802734 0. 5.77416736824e-22 0.
1525380935 1 10483.9257812 0. 5.77024343297e-22 0.
1525380996 1 10458.7646484 0. 5.76435190282e-22 0.
1525381056 1 10445.7675781 0. 5.76503851262e-22 0.
1525381116 1 10434.5253906 0. 5.76700360374e-22 0.
1525381176 1 10421.3632812 0. 5.76765308676e-22 0.
1525381236 1 10403.3613281 0. 5.76557353012e-22 0.
1525381296 1 10390.8505859 0. 5.76645239476e-22 0.
1525381356 1 10373.4101562 0. 5.76459215355e-22 0.
1525381417 1 10360.1035156 0. 5.76504404573e-22 0.
1525381477 1 10347.2226562 0. 5.76603000079e-22 0.
1525381537 1 10327.9570312 0. 5.76309124251e-22 0.
1525381597 1 10335.9160156 0. 5.77533527382e-22 0.
1525381657 1 10325.453125 0. 5.77761522726e-22 0.
1525381717 1 10307.484375 0. 5.7755596925e-22 0.
1525381778 1 10287.7275391 0. 5.77261887638e-22 0.
1525381838 1 10275.0166016 0. 5.77364216814e-22 0.
1525381898 1 10261.6728516 0. 5.7743722482e-22 0.
1525381958 1 10238.2421875 0. 5.76908715807e-22 0.
1525382007 1 10235.1855469 0. 5.77395007935e-22 0.
1525382055 1 10217.6650391 0. 5.77008290242e-22 0.
1525382116 1 10195.6455078 0. 5.76531422822e-22 0.
1525382176 1 10170.2324219 0. 5.75918009077e-22 0.
1525382236 1 10162.2539062 0. 5.76260142356e-22 0.
1525382296 1 10151.9335938 0. 5.76481957757e-22 0.
1525382356 1 10139.9609375 0. 5.76586883034e-22 0.
1525382416 1 10125.0273438 0. 5.7650840962e-22 0.
1525382476 1 10113.6123047 0. 5.76673187242e-22 0.
1525382536 1 10102.2714844 0. 5.76815211457e-22 0.
1525382597 1 10089.1240234 0. 5.76847294243e-22 0.
1525382657 1 10075.1152344 0. 5.76822523993e-22 0.
1525382717 1 10075.0136719 0. 5.77583353582e-22 0.
1525382777 1 10070.9912109 0. 5.78179186037e-22 0.
1525382837 1 10051.3095703 0. 5.77859843409e-22 0.
1525382897 1 10038.1044922 0. 5.77880679383e-22 0.
1525382957 1 10018.2871094 0. 5.77543478787e-22 0.
1525383018 1 10004.3496094 0. 5.77545371246e-22 0.
1525383078 1 9988.82617188 0. 5.77473418699e-22 0.
1525383138 1 9970.43359375 0. 5.77215001501e-22 0.
1525383198 1 9954.43261719 0. 5.77076651356e-22 0.
1525383258 1 9938.00195312 0. 5.76907073469e-22 0.
1525383318 1 9922.86035156 0. 5.76831246734e-22 0.
1525383378 1 9909.76367188 0. 5.76856300579e-22 0.
1525383439 1 9903.12011719 0. 5.77252112119e-22 0.
1525383499 1 9890.24414062 0. 5.7728963064e-22 0.
1525383559 1 9879.046875 0. 5.77415495495e-22 0.
1525383619 1 9864.1328125 0. 5.77337744704e-22 0.
1525383679 1 9848.5703125 0. 5.77220938395e-22 0.
1525383739 1 9830.4609375 0. 5.76956453418e-22 0.
1525383799 1 9819.22265625 0. 5.77056288859e-22 0.
1525383860 1 9818.78613281 0. 5.77866410654e-22 0.
1525383920 1 9818.0625 0. 5.78625510413e-22 0.
1525383980 1 9800.25195312 0. 5.78369491151e-22 0.
1525384040 1 9781.26953125 0. 5.78056249618e-22 0.
1525384100 1 9757.18164062 0. 5.7742999807e-22 0.
1525384160 1 9745.8984375 0. 5.77585884765e-22 0.
1525384220 1 9738.33789062 0. 5.7794996456e-22 0.
1525384280 1 9722.48632812 0. 5.77813051517e-22 0.
1525384340 1 9716.8671875 0. 5.78258342985e-22 0.
1525384376 1 9709.7421875 0. 5.78270240699e-22 0.
1525384411 1 9696.51367188 0. 5.77995919361e-22 0.
1525384472 1 9688.0 0. 5.78247634313e-22 0.
1525384532 1 9676.45703125 0. 5.78330549255e-22 0.
1525384592 1 9662.9453125 0. 5.78311837085e-22 0.
1525384652 1 9643.40917969 0. 5.7793390165e-22 0.
1525384712 1 9633.578125 0. 5.78093189236e-22 0.
1525384772 1 9618.1015625 0. 5.7793596212e-22 0.
1525384832 1 9597.71386719 0. 5.77478968909e-22 0.
1525384893 1 9582.84570312 0. 5.7739471404e-22 0.
1525384953 1 9589.39355469 0. 5.78560355685e-22 0.
1525385013 1 9587.31933594 0. 5.79199690464e-22 0.
1525385073 1 9568.99023438 0. 5.7888271527e-22 0.
1525385133 1 9557.81445312 0. 5.79021900635e-22 0.
1525385194 1 9536.41015625 0. 5.78516715643e-22 0.
1525385254 1 9521.22167969 0. 5.78348567906e-22 0.
1525385314 1 9506.26757812 0. 5.78217991383e-22 0.
1525385374 1 9493.75292969 0. 5.78264621919e-22 0.
1525385434 1 9487.33203125 0. 5.78634671126e-22 0.
1525385494 1 9471.2578125 0. 5.78439738633e-22 0.
1525385554 1 9463.46875 0. 5.78737890499e-22 0.
1525385614 1 9452.76464844 0. 5.78870814987e-22 0.
1525385675 1 9439.08300781 0. 5.7881713051e-22 0.
1525385735 1 9415.36621094 0. 5.78130238324e-22 0.
1525385795 1 9402.49804688 0. 5.78144952532e-22 0.
1525385855 1 9406.87695312 0. 5.79196892519e-22 0.
1525385915 1 9397.02539062 0. 5.79347650106e-22 0.
1525385976 1 9384.53808594 0. 5.79373588479e-22 0.
1525386036 1 9377.015625 0. 5.79704696952e-22 0.
1525386096 1 9373.45507812 0. 5.80266974338e-22 0.
1525386156 1 9387.83203125 0. 5.81907936133e-22 0.
1525386216 1 9373.2734375 0. 5.81794743677e-22 0.
1525386276 1 9364.68945312 0. 5.82031893782e-22 0.
1525386336 1 9351.6640625 0. 5.82024207041e-22 0.
1525386396 1 9341.21582031 0. 5.82184852009e-22 0.
1525386457 1 9327.70410156 0. 5.82128606171e-22 0.
1525386517 1 9318.08886719 0. 5.82325594254e-22 0.
1525386577 1 9306.12988281 0. 5.82339718518e-22 0.
1525386637 1 9295.78320312 0. 5.82406261059e-22 0.
1525386697 1 9286.734375 0. 5.82589393768e-22 0.
1525386757 1 9275.40820312 0. 5.82636847849e-22 0.
1525386818 1 9265.20996094 0. 5.8274271252e-22 0.
1525386878 1 9246.89550781 0. 5.82353082655e-22 0.
1525386938 1 9234.39355469 0. 5.82297920023e-22 0.
1525386998 1 9198.08886719 0. 5.80748839593e-22 0.
1525387058 1 9178.11425781 0. 5.80223654231e-22 0.
1525387118 1 9160.87695312 0. 5.7984463815e-22 0.
1525387178 1 9148.10546875 0. 5.79789333381e-22 0.
1525387238 1 9133.48730469 0. 5.79586046922e-22 0.
1525387299 1 9117.40917969 0. 5.7930866168e-22 0.
1525387359 1 9106.75488281 0. 5.79377886675e-22 0.
1525387419 1 9111.65136719 0. 5.8047949464e-22 0.
1525387479 1 9080.34277344 0. 5.79219584504e-22 0.
1525387539 1 9073.76367188 0. 5.79551731069e-22 0.
1525387599 1 9072.11230469 0. 5.80204279823e-22 0.
1525387659 1 9058.67578125 0. 5.80080977369e-22 0.
1525387719 1 9037.3359375 0. 5.79472343507e-22 0.
1525387780 1 9034.60058594 0. 5.80040812578e-22 0.
1525387840 1 9022.234375 0. 5.79964936875e-22 0.
1525387900 1 9012.55761719 0. 5.80061566912e-22 0.
1525387960 1 8997.46386719 0. 5.79844308734e-22 0.
1525388020 1 8984.84179688 0. 5.79743129297e-22 0.
1525388080 1 8972.80957031 0. 5.79663243995e-22 0.
1525388141 1 8956.58300781 0. 5.7939947726e-22 0.
1525388201 1 8943.72363281 0. 5.79322590824e-22 0.
1525388261 1 8928.95996094 0. 5.79104973827e-22 0.
1525388321 1 8913.015625 0. 5.78814734331e-22 0.
1525388381 1 8908.68554688 0. 5.79254603844e-22 0.
1525388441 1 8891.98339844 0. 5.78908229666e-22 0.
1525388502 1 8881.1796875 0. 5.78959065708e-22 0.
1525388562 1 8864.23046875 0. 5.78565935954e-22 0.
1525388622 1 8855.34082031 0. 5.78706264905e-22 0.
1525388682 1 8848.81445312 0. 5.79075267613e-22 0.
1525388742 1 8854.87207031 0. 5.80215430867e-22 0.
1525388802 1 8844.44921875 0. 5.80272227627e-22 0.
1525388840 1 8839.26269531 0. 5.8034703191e-22 0.
1525388877 1 8832.58984375 0. 5.80445582833e-22 0.
1525388937 1 8823.48046875 0. 5.80582386691e-22 0.
1525388997 1 8812.74121094 0. 5.80613247134e-22 0.
1525389058 1 8794.65332031 0. 5.80174837093e-22 0.
1525389118 1 8782.38476562 0. 5.80109575693e-22 0.
1525389178 1 8774.53710938 0. 5.80345493195e-22 0.
1525389238 1 8761.84277344 0. 5.8022599386e-22 0.
1525389298 1 8745.46289062 0. 5.7990451209e-22 0.
1525389334 1 8739.73828125 0. 5.79901481269e-22 0.
1525389369 1 8732.10058594 0. 5.79893038197e-22 0.
1525389429 1 8719.703125 0. 5.7979966216e-22 0.
1525389489 1 8707.59179688 0. 5.79766190995e-22 0.
1525389549 1 8694.77636719 0. 5.79640435112e-22 0.
1525389610 1 8675.63085938 0. 5.79114802672e-22 0.
1525389670 1 8661.23925781 0. 5.78895824454e-22 0.
1525389730 1 8647.94042969 0. 5.78780789759e-22 0.
1525389791 1 8633.75488281 0. 5.78588804168e-22 0.
1525389851 1 8622.22265625 0. 5.78570168566e-22 0.
1525389911 1 8615.40820312 0. 5.78869747912e-22 0.
1525389971 1 8623.29199219 0. 5.80150096649e-22 0.
1525390031 1 8585.8359375 0. 5.78397823835e-22 0.
1525390091 1 8323.63183594 0. 5.61401856045e-22 0.
1525390151 1 8346.30859375 0. 5.63689941794e-22 0.
1525390211 1 8623.69921875 0. 5.83135212623e-22 0.
1525390272 1 8611.79394531 0. 5.8308134944e-22 0.
1525390332 1 8599.79199219 0. 5.83041567218e-22 0.
1525390392 1 8591.56152344 0. 5.83245540701e-22 0.
1525390452 1 8579.13085938 0. 5.83165639352e-22 0.
1525390512 1 8567.28417969 0. 5.83129607067e-22 0.
1525390572 1 8557.39746094 0. 5.83195119201e-22 0.
1525390632 1 8537.93066406 0. 5.82604080945e-22 0.
1525390693 1 8520.27148438 0. 5.82163071896e-22 0.
1525390753 1 8511.04980469 0. 5.82251713717e-22 0.
1525390813 1 8502.88476562 0. 5.82453431752e-22 0.
1525390873 1 8487.94042969 0. 5.82198719387e-22 0.
1525390933 1 8475.76367188 0. 5.82095764024e-22 0.
1525390993 1 8465.94335938 0. 5.82178967172e-22 0.
1525391053 1 8451.20703125 0. 5.81886971584e-22 0.
1525391113 1 8435.65429688 0. 5.81584792578e-22 0.
1525391174 1 8423.40527344 0. 5.81498338818e-22 0.
1525391234 1 8412.95898438 0. 5.81523823876e-22 0.
1525391294 1 8396.09375 0. 5.8110312175e-22 0.
1525391354 1 8381.14160156 0. 5.80812984941e-22 0.
1525391414 1 8368.47363281 0. 5.80679692703e-22 0.
1525391474 1 8362.67285156 0. 5.81005059161e-22 0.
1525391534 1 8350.10253906 0. 5.80881075453e-22 0.
1525391595 1 8340.53808594 0. 5.80961572697e-22 0.
1525391655 1 8328.53613281 0. 5.80864673893e-22 0.
1525391715 1 8312.72460938 0. 5.80500054378e-22 0.
1525391775 1 8304.30761719 0. 5.80622422146e-22 0.
1525391835 1 8294.66992188 0. 5.80707443374e-22 0.
1525391895 1 8284.1328125 0. 5.80733182789e-22 0.
1525391955 1 8275.60449219 0. 5.80877168715e-22 0.
1525392015 1 8263.32128906 0. 5.80763320702e-22 0.
1525392076 1 8253.89941406 0. 5.80813773816e-22 0.
1525392136 1 8238.61230469 0. 5.80475006438e-22 0.
1525392196 1 8230.109375 0. 5.80592226194e-22 0.
1525392256 1 8216.98339844 0. 5.8037188209e-22 0.
1525392316 1 8203.09472656 0. 5.80153419182e-22 0.
1525392376 1 8190.140625 0. 5.79995112884e-22 0.
1525392436 1 8177.12841797 0. 5.79815618937e-22 0.
1525392497 1 8166.23486328 0. 5.79781246515e-22 0.
1525392557 1 8156.11230469 0. 5.79763726927e-22 0.
1525392617 1 8144.14355469 0. 5.79638150452e-22 0.
1525392677 1 8139.46044922 0. 5.80039197774e-22 0.
1525392737 1 8122.33837891 0. 5.79539192125e-22 0.
1525392797 1 8113.2421875 0. 5.79621647902e-22 0.
1525392857 1 8100.83935547 0. 5.79506512327e-22 0.
1525392918 1 8088.47558594 0. 5.79355811599e-22 0.
1525392978 1 8075.14111328 0. 5.791237004e-22 0.
1525393038 1 8063.41259766 0. 5.78998828984e-22 0.
1525393098 1 8054.87988281 0. 5.79088845521e-22 0.
1525393158 1 8040.61767578 0. 5.78792981639e-22 0.
1525393218 1 8030.09765625 0. 5.78772557794e-22 0.
1525393278 1 8013.14941406 0. 5.78290452576e-22 0.
1525393338 1 8002.33642578 0. 5.78218427876e-22 0.
1525393399 1 7986.76269531 0. 5.77834350244e-22 0.
1525393459 1 7973.52978516 0. 5.77581355611e-22 0.
1525393519 1 7964.2265625 0. 5.77634586118e-22 0.
1525393579 1 7954.53076172 0. 5.77659641305e-22 0.
1525393639 1 7946.59375 0. 5.77813623607e-22 0.
1525393674 1 7941.70751953 0. 5.77841072023e-22 0.
1525393700 1 7932.39160156 0. 5.7750708881e-22 0.
1525393752 1 7921.46875 0. 5.77316689525e-22 0.
1525393812 1 7912.06835938 0. 5.77392614888e-22 0.
1525393872 1 7898.09179688 0. 5.77065062848e-22 0.
1525393932 1 7879.64453125 0. 5.76436475228e-22 0.
1525393992 1 7870.79736328 0. 5.76513775751e-22 0.
1525394053 1 7861.30712891 0. 5.7654268813e-22 0.
1525394113 1 7856.73388672 0. 5.76912986815e-22 0.
1525394173 1 7850.86425781 0. 5.77208257579e-22 0.
1525394233 1 7840.38037109 0. 5.77180507216e-22 0.
1525394293 1 7826.70458984 0. 5.76899550705e-22 0.
1525394353 1 7817.20068359 0. 5.76914921931e-22 0.
1525394413 1 7807.89306641 0. 5.76943774526e-22 0.
1525394473 1 7798.60742188 0. 5.76958095802e-22 0.
1525394534 1 7786.55126953 0. 5.76826981584e-22 0.
1525394569 1 7780.17675781 0. 5.76743993714e-22 0.
1525394604 1 7761.21972656 0. 5.75804115532e-22 0.
1525394664 1 7744.39990234 0. 5.75230485624e-22 0.
1525394725 1 7726.41650391 0. 5.74610143641e-22 0.
1525394785 1 7712.03662109 0. 5.74264665798e-22 0.
1525394845 1 7701.27490234 0. 5.74186874678e-22 0.
1525394905 1 7686.60839844 0. 5.73793408211e-22 0.
1525394965 1 7672.75537109 0. 5.73459196318e-22 0.
1525395025 1 7657.69482422 0. 5.73043296203e-22 0.
1525395085 1 7645.14453125 0. 5.72792656293e-22 0.
1525395146 1 7634.86572266 0. 5.72706931828e-22 0.
1525395206 1 7622.59521484 0. 5.72480598038e-22 0.
1525395266 1 7613.34375 0. 5.72494915633e-22 0.
1525395326 1 7606.21826172 0. 5.7267715206e-22 0.
1525395386 1 7593.23535156 0. 5.72402444569e-22 0.
1525395446 1 7576.27685547 0. 5.71870946687e-22 0.
1525395506 1 7572.97705078 0. 5.72314728934e-22 0.
1525395567 1 7567.57275391 0. 5.72627733221e-22 0.
1525395627 1 7552.85986328 0. 5.72211258586e-22 0.
1525395687 1 7541.01416016 0. 5.7202172431e-22 0.
1525395747 1 7533.59765625 0. 5.72141203363e-22 0.
1525395807 1 7527.97509766 0. 5.72428365487e-22 0.
1525395867 1 7516.45361328 0. 5.72217913913e-22 0.
1525395927 1 7506.08105469 0. 5.72139665161e-22 0.
1525395988 1 7491.78271484 0. 5.71801020338e-22 0.
1525396048 1 7482.70117188 0. 5.71814835809e-22 0.
1525396108 1 7472.70800781 0. 5.71754399578e-22 0.
1525396168 1 7454.4375 0. 5.71095104792e-22 0.
1525396228 1 7439.0390625 0. 5.70609556123e-22 0.
1525396288 1 7430.77490234 0. 5.70693736586e-22 0.
1525396349 1 7419.07763672 0. 5.70482929239e-22 0.
1525396409 1 7404.29931641 0. 5.70065016795e-22 0.
1525396469 1 7391.39550781 0. 5.69781314091e-22 0.
1525396529 1 7384.00439453 0. 5.6994239582e-22 0.
1525396589 1 7374.29443359 0. 5.69903985847e-22 0.
1525396649 1 7360.35449219 0. 5.6953011411e-22 0.
1525396709 1 7342.79736328 0. 5.68845497405e-22 0.
1525396769 1 7328.68408203 0. 5.68436275175e-22 0.
1525396830 1 7328.80029297 0. 5.69143290288e-22 0.
1525396890 1 7316.98242188 0. 5.68902664913e-22 0.
1525396950 1 7312.39160156 0. 5.69236134161e-22 0.
1525397010 1 7302.38720703 0. 5.69161941643e-22 0.
1525397070 1 7293.81298828 0. 5.69182088958e-22 0.
1525397130 1 7283.97216797 0. 5.69122752276e-22 0.
1525397190 1 7272.20849609 0. 5.68873110707e-22 0.
1525397251 1 7262.09521484 0. 5.68781460103e-22 0.
1525397311 1 7248.38427734 0. 5.68406163632e-22 0.
1525397371 1 7238.97607422 0. 5.68342085487e-22 0.
1525397431 1 7226.99121094 0. 5.68101041363e-22 0.
1525397491 1 7215.30664062 0. 5.67884925411e-22 0.
1525397552 1 7204.55957031 0. 5.67709766038e-22 0.
1525397612 1 7194.75683594 0. 5.67633511815e-22 0.
1525397672 1 7182.98339844 0. 5.67378143259e-22 0.
1525397732 1 7173.15771484 0. 5.67303779643e-22 0.
1525397792 1 7167.48779297 0. 5.67542618631e-22 0.
1525397852 1 7151.19970703 0. 5.66925346462e-22 0.
1525397912 1 7139.72949219 0. 5.66692322427e-22 0.
1525397973 1 7131.64990234 0. 5.6672159733e-22 0.
1525398033 1 7131.68896484 0. 5.67405163975e-22 0.
1525398093 1 7120.015625 0. 5.67126217114e-22 0.
1525398153 1 7114.68603516 0. 5.67395959804e-22 0.
1525398213 1 7108.04394531 0. 5.67531357961e-22 0.
1525398273 1 7096.16552734 0. 5.67279952653e-22 0.
1525398333 1 7038.80322266 0. 5.63384954675e-22 0.
1525398394 1 7046.95849609 0. 5.64698941454e-22 0.
1525398454 1 7016.92626953 0. 5.62945196014e-22 0.
1525398514 1 6915.73583984 0. 5.55453820447e-22 0.
1525398574 1 6505.20214844 0. 5.23034309007e-22 0.
1525398621 1 7150.50634766 0. 5.75433682073e-22 0.
1525398643 1 3190.81005859 0. 2.59187364955e-22 0.
1525398653 1 605.772705078 0. 4.89099354173e-23 0.
1525398660 1 1061.05603027 0. 8.55770202217e-23 0.
1525398668 1 1748.02050781 0. 1.40713605402e-22 0.
1525398676 1 2585.67749023 0. 2.08375354378e-22 0.
1525398684 1 3826.61376953 0. 3.07981694438e-22 0.
1525398693 1 4787.95214844 0. 3.85822230579e-22 0.
1525398701 1 6121.54199219 0. 4.93075948871e-22 0.
1525398708 1 6640.33886719 0. 5.35150877781e-22 0.
1525398716 1 7138.57128906 0. 5.7546603427e-22 0.
1525398724 1 6718.13769531 0. 5.41764500714e-22 0.
1525398732 1 6134.89501953 0. 4.94768313693e-22 0.
1525398740 1 5010.56689453 0. 4.04499788137e-22 0.
1525398748 1 3908.68701172 0. 3.15347321003e-22 0.
1525398756 1 2868.13452148 0. 2.31759037339e-22 0.
1525398764 1 1878.60192871 0. 1.51713049594e-22 0.
1525398772 1 1263.22473145 0. 1.02192787966e-22 0.
1525398780 1 695.479309082 0. 5.63353020057e-23 0.
1525398796 1 3455.72045898 0. 2.81217566653e-22 0.
1525398811 1 1034.68994141 0. 8.35883135844e-23 0.
1525398819 1 1584.4720459 0. 1.27890290173e-22 0.
1525398827 1 2407.4387207 0. 1.93950880088e-22 0.
1525398835 1 3227.30712891 0. 2.6029697304e-22 0.
1525398842 1 4417.86914062 0. 3.56042779027e-22 0.
1525398850 1 5242.69433594 0. 4.23067160213e-22 0.
1525398858 1 6341.55664062 0. 5.11869603868e-22 0.
1525398866 1 6730.50732422 0. 5.43613846634e-22 0.
1525398874 1 7120.11279297 0. 5.75469904009e-22 0.
1525398881 1 6774.52734375 0. 5.47813348386e-22 0.
1525398889 1 6305.46386719 0. 5.10060211609e-22 0.
1525398897 1 5335.13720703 0. 4.31940626934e-22 0.
1525398905 1 4375.35498047 0. 3.54156023737e-22 0.
1525398912 1 3377.39013672 0. 2.73811281541e-22 0.
1525398920 1 2374.17626953 0. 1.92472421344e-22 0.
1525398928 1 1668.75976562 0. 1.35590021571e-22 0.
1525398935 1 1029.41967773 0. 8.38151403877e-23 0.
1525398944 1 3062.83837891 0. 2.50087458537e-22 0.
1525398979 1 7118.81152344 0. 5.76459718701e-22 0.
1525399039 1 7106.171875 0. 5.75998547273e-22 0.
1525399099 1 7100.95996094 0. 5.76211402249e-22 0.
1525399159 1 7095.12060547 0. 5.76331374688e-22 0.
1525399220 1 7085.59179688 0. 5.76201666913e-22 0.
1525399280 1 7074.30712891 0. 5.75900776552e-22 0.
1525399340 1 7066.11816406 0. 5.75914873021e-22 0.
1525399400 1 7054.82763672 0. 5.75681062124e-22 0.
1525399460 1 7045.44726562 0. 5.75610091545e-22 0.
1525399520 1 7036.59228516 0. 5.75604442533e-22 0.
1525399580 1 7029.08349609 0. 5.75643110201e-22 0.
1525399641 1 7021.88134766 0. 5.75752875989e-22 0.
1525399701 1 7012.34228516 0. 5.75609427132e-22 0.
1525399761 1 7002.94580078 0. 5.75521036085e-22 0.
1525399821 1 6994.75634766 0. 5.75523437728e-22 0.
1525399881 1 6992.47460938 0. 5.76004381614e-22 0.
1525399941 1 7395.11083984 0. 6.09976349331e-22 0.
1525400001 1 7483.76513672 0. 6.18265183033e-22 0.
1525400061 1 7474.39208984 0. 6.18438015362e-22 0.
1525400122 1 7273.67822266 0. 6.02684877497e-22 0.
1525400182 1 6756.84228516 0. 5.60965398644e-22 0.
1525400242 1 7484.15136719 0. 6.22061455765e-22 0.
1525400302 1 7476.91210938 0. 6.22359210085e-22 0.
1525400362 1 7469.11572266 0. 6.22623195511e-22 0.
1525400422 1 7455.06152344 0. 6.2239033493e-22 0.
1525400482 1 7442.94482422 0. 6.22313505874e-22 0.
1525400542 1 7434.64794922 0. 6.22529369962e-22 0.
1525400603 1 7421.93408203 0. 6.22407996567e-22 0.
1525400663 1 7409.50634766 0. 6.22261741185e-22 0.
1525400723 1 7397.45068359 0. 6.22147183172e-22 0.
1525400783 1 7382.70751953 0. 6.21792149342e-22 0.
1525400843 1 7375.33300781 0. 6.22056773805e-22 0.
1525400903 1 7361.83984375 0. 6.21701935821e-22 0.
1525400963 1 7346.70751953 0. 6.21159441506e-22 0.
1525401024 1 7330.9765625 0. 6.20611608357e-22 0.
1525401084 1 7320.47851562 0. 6.20509307202e-22 0.
1525401144 1 7306.07177734 0. 6.2007503701e-22 0.
1525401204 1 7292.22900391 0. 6.19700770547e-22 0.
1525401264 1 7276.37792969 0. 6.19176555926e-22 0.
1525401324 1 7276.72705078 0. 6.20036921221e-22 0.
1525401384 1 7605.61230469 0. 6.49233742128e-22 0.
1525401444 1 7640.515625 0. 6.5363152066e-22 0.
1525401505 1 7626.13085938 0. 6.53712191905e-22 0.
1525401565 1 7442.75537109 0. 6.39357314135e-22 0.
1525401625 1 7328.63427734 0. 6.30855198841e-22 0.
1525401685 1 7611.01025391 0. 6.56733615477e-22 0.
1525401745 1 7591.84570312 0. 6.56512997688e-22 0.
1525401806 1 7574.98925781 0. 6.56531796382e-22 0.
1525401866 1 7560.62158203 0. 6.56833037834e-22 0.
1525401919 1 7545.09228516 0. 6.56559186027e-22 0.
1525401973 1 7533.50732422 0. 6.56635248017e-22 0.
1525402033 1 7518.64501953 0. 6.56547177463e-22 0.
1525402093 1 7491.52685547 0. 6.55460484601e-22 0.
1525402153 1 7483.33007812 0. 6.56040293314e-22 0.
1525402188 1 2364.64111328 0. 3.14551106116e-22 0.
1525402206 1 0.168424338102 0. 0.0 0.
1525402245 1 0.149735212326 0. 0.0 0.
1525402301 1 0.138835802674 0. 0.0 0.
1525402361 1 0.132041737437 0. 0.0 0.
