1525421319 1 15395.4238281 0. 5.6617933114e-22 0.
1525421372 1 15426.5546875 0. 5.68183426892e-22 0.
1525421426 1 15448.796875 0. 5.69820179824e-22 0.
1525421486 1 15419.9814453 0. 5.69605847016e-22 0.
1525421533 1 15385.7978516 0. 5.69162537226e-22 0.
1525421559 1 15405.7753906 0. 5.70372734417e-22 0.
1525421599 1 15383.6865234 0. 5.70233151338e-22 0.
1525421659 1 15329.4511719 0. 5.6939259078e-22 0.
1525421719 1 15295.4550781 0. 5.69221032596e-22 0.
1525421780 1 15272.9609375 0. 5.69508962736e-22 0.
1525421815 1 15256.4833984 0. 5.69529358895e-22 0.
1525421850 1 15244.7314453 0. 5.69770101856e-22 0.
1525421910 1 15216.4980469 0. 5.69820205065e-22 0.
1525421945 1 15194.3740234 0. 5.69583814608e-22 0.
1525421970 1 15178.8974609 0. 5.69551839087e-22 0.
1525422020 1 15157.3544922 0. 5.69627332792e-22 0.
1525422081 1 15120.6777344 0. 5.6929610894e-22 0.
1525422116 1 15100.8017578 0. 5.6914442518e-22 0.
1525422132 1 15099.9462891 0. 5.69449519366e-22 0.
1525422173 1 15074.2753906 0. 5.69189611089e-22 0.
1525422234 1 15033.7119141 0. 5.68709786052e-22 0.
1525422288 1 15001.9921875 0. 5.68447831239e-22 0.
1525422318 1 6172.27539062 0. 2.35984322118e-22 0.
1525422328 1 1811.4309082 0. 6.90391204573e-23 0.
1525422336 1 2833.0456543 0. 1.07936909278e-22 0.
1525422345 1 4506.51025391 0. 1.71413491392e-22 0.
1525422352 1 5921.2421875 0. 2.253143169e-22 0.
1525422360 1 8732.1875 0. 3.31784010768e-22 0.
1525422368 1 10288.6210938 0. 3.91148812399e-22 0.
1525422376 1 13063.8867188 0. 4.96238535379e-22 0.
1525422384 1 13937.5410156 0. 5.29568864722e-22 0.
1525422392 1 14966.2832031 0. 5.68621900768e-22 0.
1525422399 1 14380.2021484 0. 5.46544434537e-22 0.
1525422404 1 13192.7207031 0. 5.01466525592e-22 0.
1525422409 1 13182.96875 0. 5.01129521802e-22 0.
1525422416 1 10812.3320312 0. 4.1147641886e-22 0.
1525422424 1 9009.6875 0. 3.42822809251e-22 0.
1525422432 1 6578.94873047 0. 2.50733423533e-22 0.
1525422440 1 4809.54101562 0. 1.83281314295e-22 0.
1525422448 1 3326.69580078 0. 1.26987577058e-22 0.
1525422456 1 2035.89086914 0. 7.77601425512e-23 0.
1525422468 1 6484.67773438 0. 2.4879807885e-22 0.
1525422479 1 4875.54736328 0. 1.87565079596e-22 0.
1525422488 1 1460.33825684 0. 5.61943694563e-23 0.
1525422496 1 2365.609375 0. 9.08500227079e-23 0.
1525422503 1 4089.37280273 0. 0.0 0.
1525422508 1 5402.16748047 0. 0.0 0.
1525422512 1 6622.05029297 0. 0.0 0.
1525422519 1 8583.71875 0. 0.0 0.
1525422527 1 10655.8164062 0. 0.0 0.
1525422535 1 12728.3847656 0. 4.85595620889e-22 0.
1525422543 1 13718.8662109 0. 5.23404140572e-22 0.
1525422548 1 14964.3896484 0. 5.7072754332e-22 0.
1525422552 1 14954.9160156 0. 5.70448409296e-22 0.
1525422558 1 13845.1083984 0. 5.28362621066e-22 0.
1525422566 1 12658.2080078 0. 4.83204133282e-22 0.
1525422574 1 9754.40332031 0. 3.7309920895e-22 0.
1525422581 1 7788.359375 0. 2.97891440193e-22 0.
1525422589 1 5406.42236328 0. 2.07362179114e-22 0.
1525422597 1 3649.65551758 0. 1.40113551693e-22 0.
1525422605 1 2440.26757812 0. 9.39146955246e-23 0.
1525422612 1 1387.99743652 0. 5.35613661236e-23 0.
1525422621 1 4245.9609375 0. 1.63900326277e-22 0.
1525422656 1 14916.2470703 0. 5.70566459995e-22 0.
1525422716 1 14888.8818359 0. 5.70484262427e-22 0.
1525422776 1 14786.4853516 0. 5.67549468205e-22 0.
1525422836 1 14723.5556641 0. 5.66100448138e-22 0.
1525422896 1 14681.8261719 0. 5.6546370295e-22 0.
1525422956 1 14657.4257812 0. 5.65533325207e-22 0.
1525423017 1 14798.8408203 0. 5.72053891835e-22 0.
1525423077 1 14752.6347656 0. 5.71394343383e-22 0.
1525423137 1 14822.6572266 0. 5.75315497822e-22 0.
1525423197 1 14809.9580078 0. 5.76155165851e-22 0.
1525423257 1 14767.6923828 0. 5.75970247982e-22 0.
1525423317 1 14721.3056641 0. 5.75576411257e-22 0.
1525423377 1 14742.8046875 0. 5.77815666425e-22 0.
1525423437 1 14694.1962891 0. 5.77196445056e-22 0.
1525423498 1 14656.359375 0. 5.76986975185e-22 0.
1525423558 1 14622.7744141 0. 5.76945842414e-22 0.
1525423618 1 14604.4111328 0. 5.77478262621e-22 0.
1525423678 1 14536.5966797 0. 5.760132493e-22 0.
1525423713 1 14482.1367188 0. 5.74503498556e-22 0.
1525423729 1 14471.9941406 0. 5.74448622647e-22 0.
1525423770 1 14446.2412109 0. 5.74258813738e-22 0.
1525423830 1 14399.8232422 0. 5.73597319996e-22 0.
1525423885 1 14366.8564453 0. 5.73365551265e-22 0.
1525423940 1 14346.6298828 0. 5.73609960889e-22 0.
1525424001 1 14309.5927734 0. 5.73269110577e-22 0.
1525424061 1 14224.6582031 0. 5.70993900164e-22 0.
1525424121 1 14198.2783203 0. 5.71066047081e-22 0.
1525424181 1 13877.1220703 0. 5.59261416505e-22 0.
1525424241 1 13708.4560547 0. 5.53761708974e-22 0.
1525424301 1 14547.8935547 0. 5.88584414913e-22 0.
1525424361 1 14777.6875 0. 5.99065388194e-22 0.
1525424422 1 14739.2851562 0. 5.98597038624e-22 0.
1525424482 1 14716.984375 0. 5.98765744903e-22 0.
1525424542 1 14673.5224609 0. 5.98036249543e-22 0.
1525424602 1 14631.578125 0. 5.9740094601e-22 0.
1525424662 1 14593.1943359 0. 5.96894279954e-22 0.
1525424722 1 14570.1132812 0. 5.96989201044e-22 0.
1525424782 1 14565.0449219 0. 5.97883869144e-22 0.
1525424843 1 14532.4990234 0. 5.97626752125e-22 0.
1525424903 1 14502.6416016 0. 5.97429404989e-22 0.
1525424963 1 14479.2626953 0. 5.97516055035e-22 0.
1525425023 1 14434.4667969 0. 5.96702455017e-22 0.
1525425083 1 14397.1533203 0. 5.96166559462e-22 0.
1525425118 1 14368.8398438 0. 5.95554043534e-22 0.
1525425154 1 14345.7753906 0. 5.95317966864e-22 0.
1525425214 1 14311.7138672 0. 5.94938391593e-22 0.
1525425252 1 14287.6103516 0. 5.94599766579e-22 0.
1525425291 1 14260.84375 0. 5.94163610713e-22 0.
1525425332 1 14231.5302734 0. 5.93624848818e-22 0.
1525425373 1 14216.5556641 0. 5.9369341947e-22 0.
1525425433 1 14184.84375 0. 5.93405494002e-22 0.
1525425493 1 14153.3632812 0. 5.93130052895e-22 0.
1525425553 1 14118.7998047 0. 5.92685716137e-22 0.
1525425613 1 14086.2519531 0. 5.92300475941e-22 0.
1525425673 1 14046.1445312 0. 5.91667213972e-22 0.
1525425714 1 14019.4707031 0. 5.91192893536e-22 0.
1525425754 1 13993.3886719 0. 5.90789598229e-22 0.
1525425814 1 13950.7294922 0. 5.89977960037e-22 0.
1525425874 1 13945.5888672 0. 5.9073590214e-22 0.
1525425934 1 13959.4345703 0. 5.92363426752e-22 0.
1525425994 1 13949.9833984 0. 5.93006707657e-22 0.
1525426054 1 13917.7568359 0. 5.92645934835e-22 0.
1525426115 1 13897.6611328 0. 5.92835743269e-22 0.
1525426175 1 13871.8515625 0. 5.92768710176e-22 0.
1525426235 1 13848.7714844 0. 5.9282026258e-22 0.
1525426295 1 13831.5009766 0. 5.93057906778e-22 0.
1525426355 1 13812.4326172 0. 5.9327013816e-22 0.
1525426415 1 13787.8193359 0. 5.93219353808e-22 0.
1525426475 1 13754.5087891 0. 5.92775157824e-22 0.
1525426532 1 13722.5615234 0. 5.92381706143e-22 0.
1525426586 1 13690.4580078 0. 5.91911109366e-22 0.
1525426643 1 13661.8222656 0. 5.91617203968e-22 0.
1525426703 1 13638.0742188 0. 5.91607826948e-22 0.
1525426764 1 13599.9394531 0. 5.90942606277e-22 0.
1525426824 1 13575.4453125 0. 5.90916399797e-22 0.
1525426884 1 13543.1386719 0. 5.90520498071e-22 0.
1525426938 1 13521.4384766 0. 5.90462745891e-22 0.
1525426992 1 13499.3896484 0. 5.90388212855e-22 0.
1525427052 1 13474.3320312 0. 5.9028970891e-22 0.
1525427113 1 13443.2353516 0. 5.89889300588e-22 0.
1525427166 1 13424.0761719 0. 5.89930840138e-22 0.
1525427219 1 13405.0439453 0. 5.89974642365e-22 0.
1525427279 1 13403.9140625 0. 5.90934775395e-22 0.
1525427339 1 13354.3535156 0. 5.89761774044e-22 0.
1525427399 1 13310.1357422 0. 5.88800534838e-22 0.
1525427460 1 13280.6210938 0. 5.88486053812e-22 0.
1525427520 1 13261.4980469 0. 5.88636927398e-22 0.
1525427580 1 13241.6025391 0. 5.88744899496e-22 0.
1525427640 1 13206.6933594 0. 5.8819006054e-22 0.
1525427700 1 13184.5410156 0. 5.88193926563e-22 0.
1525427760 1 13155.1708984 0. 5.87867696825e-22 0.
1525427820 1 13131.0507812 0. 5.8776806644e-22 0.
1525427881 1 13101.1357422 0. 5.87397630554e-22 0.
1525427941 1 13063.3740234 0. 5.86702941055e-22 0.
1525428001 1 13030.9277344 0. 5.86201725427e-22 0.
1525428061 1 13009.7734375 0. 5.86229736944e-22 0.
1525428121 1 12977.9394531 0. 5.8577108884e-22 0.
1525428181 1 12943.3232422 0. 5.85160584328e-22 0.
1525428241 1 12910.7792969 0. 5.84666323724e-22 0.
1525428302 1 12883.6259766 0. 5.84410895219e-22 0.
1525428362 1 12881.3935547 0. 5.85269036879e-22 0.
1525428422 1 12861.0107422 0. 5.85350422377e-22 0.
1525428482 1 12819.6748047 0. 5.84462976456e-22 0.
1525428525 1 12832.2539062 0. 5.85715487949e-22 0.
1525428568 1 12808.3349609 0. 5.8537705157e-22 0.
1525428628 1 12771.2939453 0. 5.84651437805e-22 0.
1525428688 1 12744.0292969 0. 5.84363374529e-22 0.
1525428748 1 12717.9501953 0. 5.84136559335e-22 0.
1525428808 1 12691.3955078 0. 5.83878688588e-22 0.
1525428868 1 12681.6201172 0. 5.84365987482e-22 0.
1525428928 1 12651.2353516 0. 5.8396466519e-22 0.
1525428964 1 12631.7431641 0. 5.83591930043e-22 0.
1525428999 1 12620.6123047 0. 5.83688026124e-22 0.
1525429034 1 12591.2294922 0. 5.82836957241e-22 0.
1525429069 1 12584.9716797 0. 5.83135681821e-22 0.
1525429130 1 12553.46875 0. 5.8261503109e-22 0.
1525429190 1 12510.4277344 0. 5.81548991051e-22 0.
1525429250 1 12487.4482422 0. 5.81419156851e-22 0.
1525429310 1 12476.2607422 0. 5.81849447452e-22 0.
1525429370 1 12453.9697266 0. 5.81739943893e-22 0.
1525429430 1 12419.9492188 0. 5.81113685854e-22 0.
1525429490 1 12395.109375 0. 5.80882197967e-22 0.
1525429551 1 12408.5429688 0. 5.82464390755e-22 0.
1525429611 1 12373.6914062 0. 5.81789426062e-22 0.
1525429671 1 12369.0722656 0. 5.82548956058e-22 0.
1525429731 1 12345.0253906 0. 5.82363897001e-22 0.
1525429791 1 12326.8046875 0. 5.8248000464e-22 0.
1525429851 1 12315.7529297 0. 5.82908499222e-22 0.
1525429911 1 12305.9589844 0. 5.8338796308e-22 0.
1525429972 1 12292.1113281 0. 5.83661523983e-22 0.
1525430032 1 12275.8154297 0. 5.83830645809e-22 0.
1525430092 1 12260.4931641 0. 5.84051241198e-22 0.
1525430152 1 12233.734375 0. 5.83715589752e-22 0.
1525430212 1 12210.8076172 0. 5.83598409502e-22 0.
1525430272 1 12191.4169922 0. 5.83604061439e-22 0.
1525430332 1 12176.1894531 0. 5.83812438648e-22 0.
1525430393 1 12158.0029297 0. 5.83913226646e-22 0.
1525430453 1 12127.9072266 0. 5.83394367097e-22 0.
1525430513 1 12107.7675781 0. 5.83390708374e-22 0.
1525430573 1 12090.3066406 0. 5.83504527667e-22 0.
1525430633 1 12066.421875 0. 5.83281027131e-22 0.
1525430693 1 12034.5654297 0. 5.82660857936e-22 0.
1525430754 1 12038.3261719 0. 5.83801087573e-22 0.
1525430814 1 11708.4550781 0. 5.68774801621e-22 0.
1525430874 1 11607.9375 0. 5.64829882382e-22 0.
1525430934 1 12246.796875 0. 5.96776899963e-22 0.
1525430983 1 12227.7919922 0. 5.96611257953e-22 0.
1525431031 1 12190.2119141 0. 5.95608696672e-22 0.
1525431090 1 12180.9433594 0. 5.96098919147e-22 0.
1525431123 1 12175.3710938 0. 5.96298622754e-22 0.
1525431158 1 12161.3964844 0. 5.96241113092e-22 0.
1525431219 1 12137.6210938 0. 5.96031493309e-22 0.
1525431279 1 12118.7324219 0. 5.96076361668e-22 0.
1525431339 1 12096.8652344 0. 5.9594718876e-22 0.
1525431399 1 12071.4765625 0. 5.95651805532e-22 0.
1525431459 1 12042.2529297 0. 5.95157151125e-22 0.
1525431519 1 12022.8115234 0. 5.95159556696e-22 0.
1525431579 1 12005.5556641 0. 5.95283235478e-22 0.
1525431640 1 11982.0654297 0. 5.95068629837e-22 0.
1525431700 1 11957.1552734 0. 5.94815355979e-22 0.
1525431760 1 11937.9570312 0. 5.9480691416e-22 0.
1525431803 1 11920.9492188 0. 5.94607750551e-22 0.
1525431847 1 11907.0263672 0. 5.94643976125e-22 0.
1525431907 1 11885.7089844 0. 5.94528710023e-22 0.
1525431967 1 11865.8310547 0. 5.94471397022e-22 0.
1525432027 1 11840.4072266 0. 5.94097461126e-22 0.
1525432088 1 11817.5380859 0. 5.93923845249e-22 0.
1525432148 1 11800.4667969 0. 5.93987056707e-22 0.
1525432208 1 11779.8066406 0. 5.93891287453e-22 0.
1525432256 1 11762.296875 0. 5.93753432043e-22 0.
1525432301 1 11745.3789062 0. 5.93622950817e-22 0.
1525432360 1 11726.5078125 0. 5.93582437643e-22 0.
1525432420 1 11704.328125 0. 5.93366998678e-22 0.
1525432480 1 11676.0986328 0. 5.92878900534e-22 0.
1525432540 1 11649.6669922 0. 5.92497801633e-22 0.
1525432600 1 11635.5722656 0. 5.92705965672e-22 0.
1525432661 1 11616.2011719 0. 5.92697342213e-22 0.
1525432721 1 11596.46875 0. 5.92606759207e-22 0.
1525432781 1 11569.7451172 0. 5.92141241862e-22 0.
1525432816 1 11555.1103516 0. 5.91898054067e-22 0.
1525432852 1 11546.2949219 0. 5.92044207887e-22 0.
1525432912 1 11519.7822266 0. 5.91578420077e-22 0.
1525432972 1 11499.7939453 0. 5.91487222177e-22 0.
1525433032 1 11478.6904297 0. 5.91322301711e-22 0.
1525433093 1 11459.9931641 0. 5.91324040941e-22 0.
1525433153 1 11432.4980469 0. 5.90862037852e-22 0.
1525433211 1 11411.1679688 0. 5.90675470139e-22 0.
1525433269 1 11394.8623047 0. 5.90761709303e-22 0.
1525433329 1 11369.8964844 0. 5.90380030515e-22 0.
1525433390 1 11174.7451172 0. 5.8117615804e-22 0.
1525433450 1 10837.8339844 0. 5.64558300373e-22 0.
1525433510 1 11202.9580078 0. 5.84470422605e-22 0.
1525433570 1 11293.2929688 0. 5.90095238349e-22 0.
1525433630 1 11270.6337891 0. 5.89862447102e-22 0.
1525433690 1 11330.0976562 0. 5.93893475387e-22 0.
1525433750 1 11302.3808594 0. 5.9345747049e-22 0.
1525433810 1 11308.1435547 0. 5.94774001285e-22 0.
1525433871 1 11292.3457031 0. 5.94928456433e-22 0.
1525433931 1 11280.8935547 0. 5.95312545587e-22 0.
1525433991 1 11259.6542969 0. 5.95189581716e-22 0.
1525434051 1 11230.3085938 0. 5.94606392823e-22 0.
1525434111 1 11210.9033203 0. 5.94564026192e-22 0.
1525434171 1 11185.7685547 0. 5.94206774284e-22 0.
1525434232 1 11163.09375 0. 5.93988071312e-22 0.
1525434292 1 11142.2998047 0. 5.93843870644e-22 0.
1525434352 1 11116.0654297 0. 5.93441759754e-22 0.
1525434412 1 11098.1435547 0. 5.93468961059e-22 0.
1525434472 1 11076.3027344 0. 5.93253092776e-22 0.
1525434532 1 11055.5341797 0. 5.93121702522e-22 0.
1525434593 1 11033.0361328 0. 5.92879184985e-22 0.
1525434653 1 11040.4238281 0. 5.94234211538e-22 0.
1525434713 1 11025.0478516 0. 5.94404814002e-22 0.
1525434773 1 11002.3925781 0. 5.94181276896e-22 0.
1525434833 1 10982.4355469 0. 5.94068744241e-22 0.
1525434894 1 10961.7998047 0. 5.93897826826e-22 0.
1525434954 1 10942.4560547 0. 5.93850026485e-22 0.
1525435014 1 10925.6074219 0. 5.93887990065e-22 0.
1525435074 1 10899.5927734 0. 5.9343664261e-22 0.
1525435134 1 10887.9238281 0. 5.93762881278e-22 0.
1525435194 1 10865.0 0. 5.93466208926e-22 0.
1525435254 1 10841.6542969 0. 5.93164652221e-22 0.
1525435315 1 10818.7548828 0. 5.92886658747e-22 0.
1525435375 1 10796.9726562 0. 5.92643553173e-22 0.
1525435435 1 10794.2509766 0. 5.93461089304e-22 0.
1525435495 1 10757.3574219 0. 5.92413709612e-22 0.
1525435555 1 10738.7285156 0. 5.92336976651e-22 0.
1525435615 1 10737.4628906 0. 5.93238216495e-22 0.
1525435675 1 10730.0703125 0. 5.93838379389e-22 0.
1525435735 1 10710.5117188 0. 5.93724075744e-22 0.
1525435796 1 10695.1767578 0. 5.93875506538e-22 0.
1525435856 1 10677.0566406 0. 5.93855181669e-22 0.
1525435891 1 10661.6884766 0. 5.93542006177e-22 0.
1525435926 1 10648.2539062 0. 5.93430966764e-22 0.
1525435987 1 10629.8359375 0. 5.93376960785e-22 0.
1525436047 1 10612.0927734 0. 5.93374727783e-22 0.
1525436107 1 10588.3242188 0. 5.93028571235e-22 0.
1525436167 1 10575.7597656 0. 5.93311225701e-22 0.
1525436227 1 10555.7832031 0. 5.93160159208e-22 0.
1525436287 1 10539.5585938 0. 5.93239535657e-22 0.
1525436348 1 10515.6914062 0. 5.92855419994e-22 0.
1525436408 1 10502.5361328 0. 5.93065026616e-22 0.
1525436468 1 10484.2460938 0. 5.92977872078e-22 0.
1525436528 1 10466.5419922 0. 5.92941049345e-22 0.
1525436588 1 10456.0478516 0. 5.93307801964e-22 0.
1525436648 1 10449.1806641 0. 5.93898709854e-22 0.
1525436708 1 10430.6533203 0. 5.93806207903e-22 0.
1525436768 1 10413.1347656 0. 5.93765203768e-22 0.
1525436829 1 10398.1621094 0. 5.93916264962e-22 0.
1525436889 1 10367.1611328 0. 5.93146430139e-22 0.
1525436949 1 10347.6884766 0. 5.93015279641e-22 0.
1525437009 1 10336.4755859 0. 5.93344097373e-22 0.
1525437069 1 10312.7373047 0. 5.92985854004e-22 0.
1525437129 1 10291.6181641 0. 5.92730711406e-22 0.
1525437189 1 10274.0605469 0. 5.92666669988e-22 0.
1525437249 1 10258.7597656 0. 5.92737407955e-22 0.
1525437291 1 10251.7060547 0. 5.92969673693e-22 0.
1525437333 1 10232.1601562 0. 5.92532854534e-22 0.
1525437393 1 10205.5410156 0. 5.91946954249e-22 0.
1525437453 1 10181.0703125 0. 5.91481152057e-22 0.
1525437514 1 10179.2060547 0. 5.92317207432e-22 0.
1525437574 1 10186.5878906 0. 5.93742747042e-22 0.
1525437634 1 10172.8115234 0. 5.93922294625e-22 0.
1525437674 1 10169.1826172 0. 5.94324921958e-22 0.
1525437714 1 10142.8994141 0. 5.93466824185e-22 0.
1525437774 1 10135.4638672 0. 5.94020705708e-22 0.
1525437835 1 10122.7705078 0. 5.94244666719e-22 0.
1525437895 1 10088.8115234 0. 5.9324467338e-22 0.
1525437955 1 10076.0683594 0. 5.93498049357e-22 0.
1525438015 1 10059.7626953 0. 5.93550003111e-22 0.
1525438075 1 10034.3837891 0. 5.92967825838e-22 0.
1525438135 1 10021.2675781 0. 5.93135092845e-22 0.
1525438195 1 10001.9042969 0. 5.92973009055e-22 0.
1525438255 1 9998.87109375 0. 5.93762756519e-22 0.
1525438316 1 9972.28515625 0. 5.93171495901e-22 0.
1525438376 1 9951.19335938 0. 5.92897049278e-22 0.
1525438436 1 9928.49609375 0. 5.92537898535e-22 0.
1525438496 1 9917.87304688 0. 5.92891168647e-22 0.
1525438556 1 9917.38671875 0. 5.93820431155e-22 0.
1525438616 1 9912.78320312 0. 5.94542782991e-22 0.
1525438676 1 9895.31640625 0. 5.94474868691e-22 0.
1525438736 1 9868.82128906 0. 5.93876681037e-22 0.
1525438792 1 9852.12695312 0. 5.93813571726e-22 0.
1525438848 1 9829.69726562 0. 5.93352351693e-22 0.
1525438908 1 9806.18261719 0. 5.92932732909e-22 0.
1525438968 1 9785.8359375 0. 5.92699934057e-22 0.
1525439028 1 9776.09082031 0. 5.93056570237e-22 0.
1525439089 1 9763.49023438 0. 5.93251569518e-22 0.
1525439149 1 9749.85742188 0. 5.9345043986e-22 0.
1525439209 1 9735.54785156 0. 5.93569292811e-22 0.
1525439269 1 9713.53710938 0. 5.93219272162e-22 0.
1525439304 1 9699.984375 0. 5.92948636276e-22 0.
1525439340 1 9692.11816406 0. 5.93084975822e-22 0.
1525439400 1 9671.46972656 0. 5.92769336336e-22 0.
1525439460 1 9682.97363281 0. 5.94404685074e-22 0.
1525439520 1 9670.68359375 0. 5.94675304939e-22 0.
1525439556 1 9660.41894531 0. 5.94593891429e-22 0.
1525439586 1 9654.61132812 0. 5.9479026695e-22 0.
1525439641 1 9622.24902344 0. 5.93691979964e-22 0.
1525439701 1 9611.64746094 0. 5.94000139686e-22 0.
1525439762 1 9600.88183594 0. 5.94301673941e-22 0.
1525439822 1 9572.86230469 0. 5.93546911679e-22 0.
1525439882 1 9557.72460938 0. 5.93585237484e-22 0.
1525439942 1 9544.87792969 0. 5.93783656174e-22 0.
1525440002 1 9527.96777344 0. 5.93709081256e-22 0.
1525440062 1 9512.17382812 0. 5.93726000744e-22 0.
1525440123 1 9497.09570312 0. 5.9377348606e-22 0.
1525440183 1 9479.31640625 0. 5.93668199941e-22 0.
1525440243 1 9461.78710938 0. 5.93555914601e-22 0.
1525440303 1 9441.53417969 0. 5.93270984343e-22 0.
1525440363 1 9415.30273438 0. 5.92616132625e-22 0.
1525440424 1 9413.02734375 0. 5.93451318786e-22 0.
1525440484 1 9410.39746094 0. 5.94281262822e-22 0.
1525440543 1 9399.37207031 0. 5.94563338748e-22 0.
1525440602 1 9381.13476562 0. 5.9438880201e-22 0.
1525440662 1 9369.91699219 0. 5.94683083391e-22 0.
1525440722 1 9352.77929688 0. 5.94582980711e-22 0.
1525440782 1 9339.54980469 0. 5.94734079923e-22 0.
1525440817 1 9330.640625 0. 5.94715061385e-22 0.
1525440852 1 9317.02929688 0. 5.9447642049e-22 0.
1525440912 1 9300.50585938 0. 5.9437631683e-22 0.
1525440973 1 9287.67285156 0. 5.94531487953e-22 0.
1525441033 1 9269.68652344 0. 5.94390016777e-22 0.
1525441093 1 9251.95800781 0. 5.94198033399e-22 0.
1525441153 1 9229.7109375 0. 5.93792064244e-22 0.
1525441213 1 9213.40625 0. 5.93717423825e-22 0.
1525441273 1 9196.08398438 0. 5.93607278475e-22 0.
1525441333 1 9178.16699219 0. 5.93405424467e-22 0.
1525441393 1 9161.76269531 0. 5.93365088547e-22 0.
1525441454 1 9151.57324219 0. 5.93639077428e-22 0.
1525441514 1 9134.75585938 0. 5.9350376932e-22 0.
1525441574 1 9119.40136719 0. 5.93487050156e-22 0.
1525441612 1 9111.12207031 0. 5.9352761833e-22 0.
1525441651 1 9084.8203125 0. 5.92502206358e-22 0.
1525441711 1 9024.96972656 0. 5.89584533998e-22 0.
1525441771 1 9021.19433594 0. 5.90333800541e-22 0.
1525441832 1 8990.99707031 0. 5.89357771146e-22 0.
1525441892 1 8962.92285156 0. 5.88493982617e-22 0.
1525441952 1 8942.2890625 0. 5.88134139686e-22 0.
1525442012 1 8926.50488281 0. 5.88096001729e-22 0.
1525442072 1 8904.97851562 0. 5.87711968774e-22 0.
1525442132 1 8902.70410156 0. 5.88546355033e-22 0.
1525442192 1 8881.00976562 0. 5.88078547558e-22 0.
1525442252 1 8864.07910156 0. 5.87980565295e-22 0.
1525442313 1 8840.72558594 0. 5.87452418284e-22 0.
1525442373 1 8831.97265625 0. 5.87952019764e-22 0.
1525442433 1 8813.71289062 0. 5.87758094846e-22 0.
1525442493 1 8793.9609375 0. 5.87340294999e-22 0.
1525442553 1 8776.20605469 0. 5.87116038598e-22 0.
1525442613 1 8764.7109375 0. 5.87285804418e-22 0.
1525442673 1 8739.35351562 0. 5.86597933246e-22 0.
1525442734 1 8726.921875 0. 5.86735905083e-22 0.
1525442794 1 8711.63671875 0. 5.86647444268e-22 0.
1525442854 1 8701.79296875 0. 5.86966674841e-22 0.
1525442914 1 8678.51660156 0. 5.86381718575e-22 0.
1525442974 1 8657.234375 0. 5.85882760411e-22 0.
1525443035 1 8644.07324219 0. 5.85970223663e-22 0.
1525443095 1 8623.89453125 0. 5.85566628436e-22 0.
1525443155 1 8603.6953125 0. 5.85163857196e-22 0.
1525443215 1 8590.97070312 0. 5.85222645058e-22 0.
1525443275 1 8568.81445312 0. 5.84673183022e-22 0.
1525443335 1 8568.93652344 0. 5.85636481731e-22 0.
1525443395 1 8540.28125 0. 5.84637920469e-22 0.
1525443456 1 8534.48046875 0. 5.85165053456e-22 0.
1525443516 1 8521.95703125 0. 5.85245018474e-22 0.
1525443576 1 8497.07324219 0. 5.84489316454e-22 0.
1525443636 1 8474.75976562 0. 5.83913484153e-22 0.
1525443691 1 8472.51953125 0. 5.84628951662e-22 0.
1525443740 1 8457.27734375 0. 5.84333330082e-22 0.
1525443794 1 8452.9609375 0. 5.84930274769e-22 0.
1525443854 1 8439.35351562 0. 5.84966955896e-22 0.
1525443914 1 8423.97265625 0. 5.84872982691e-22 0.
1525443975 1 8412.52246094 0. 5.85055339844e-22 0.
1525444035 1 8397.05273438 0. 5.84903837072e-22 0.
1525444095 1 8378.58691406 0. 5.84589824207e-22 0.
1525444155 1 8365.72851562 0. 5.84645737522e-22 0.
1525444215 1 8350.50683594 0. 5.84548052051e-22 0.
1525444275 1 8329.20117188 0. 5.84015213461e-22 0.
1525444335 1 8318.296875 0. 5.84159371838e-22 0.
1525444395 1 8306.11328125 0. 5.84279919334e-22 0.
1525444456 1 8293.81054688 0. 5.84338637095e-22 0.
1525444516 1 8276.69726562 0. 5.84074407396e-22 0.
1525444576 1 8261.43457031 0. 5.83941585494e-22 0.
1525444636 1 8243.37890625 0. 5.83613648902e-22 0.
1525444696 1 8235.1875 0. 5.83945132589e-22 0.
1525444756 1 8212.62109375 0. 5.83282204207e-22 0.
1525444817 1 8202.08398438 0. 5.83436276943e-22 0.
1525444877 1 8181.97949219 0. 5.82928491983e-22 0.
1525444937 1 8174.48291016 0. 5.83319602169e-22 0.
1525444997 1 8164.63964844 0. 5.83550524895e-22 0.
1525445057 1 8148.98730469 0. 5.83376623928e-22 0.
1525445117 1 8132.15527344 0. 5.83087428958e-22 0.
1525445178 1 8121.19580078 0. 5.83286294686e-22 0.
1525445238 1 8108.99853516 0. 5.8334933548e-22 0.
1525445298 1 8092.89501953 0. 5.83158227072e-22 0.
1525445358 1 8075.15283203 0. 5.82846703927e-22 0.
1525445418 1 8059.36376953 0. 5.82660477372e-22 0.
1525445479 1 8053.02490234 0. 5.83094617317e-22 0.
1525445539 1 8043.52978516 0. 5.83348053528e-22 0.
1525445599 1 8027.63330078 0. 5.83131297346e-22 0.
1525445659 1 8013.51123047 0. 5.8302313323e-22 0.
1525445719 1 8000.33251953 0. 5.83023553549e-22 0.
1525445779 1 7985.58886719 0. 5.82903429152e-22 0.
1525445839 1 7972.73242188 0. 5.82914683978e-22 0.
1525445900 1 7955.58691406 0. 5.82537588633e-22 0.
1525445960 1 7937.40917969 0. 5.82132428181e-22 0.
1525446020 1 7936.671875 0. 5.82972962673e-22 0.
1525446080 1 7708.89599609 0. 5.6714841387e-22 0.
1525446140 1 7588.02587891 0. 5.59132728719e-22 0.
1525446200 1 7984.73486328 0. 5.89170051722e-22 0.
1525446260 1 7968.24707031 0. 5.88854008854e-22 0.
1525446321 1 7950.62304688 0. 5.88480413904e-22 0.
1525446381 1 7938.06494141 0. 5.88474898643e-22 0.
1525446441 1 7922.43115234 0. 5.88269473971e-22 0.
1525446502 1 7911.30615234 0. 5.88311592069e-22 0.
1525446562 1 7894.46826172 0. 5.87987987347e-22 0.
1525446622 1 7879.99804688 0. 5.87807186937e-22 0.
1525446682 1 7865.7890625 0. 5.87654804988e-22 0.
1525446742 1 7850.71289062 0. 5.87443221389e-22 0.
1525446802 1 7839.76318359 0. 5.87527877977e-22 0.
1525446862 1 7828.3125 0. 5.87573135102e-22 0.
1525446922 1 7814.72070312 0. 5.87453457085e-22 0.
1525446983 1 7800.67822266 0. 5.87269637021e-22 0.
1525447043 1 7788.01318359 0. 5.87229595996e-22 0.
1525447103 1 7760.97900391 0. 5.86142966409e-22 0.
1525447152 1 7758.91503906 0. 5.86705788973e-22 0.
1525447201 1 7750.16259766 0. 5.86796704686e-22 0.
1525447237 1 7741.85253906 0. 5.86684115676e-22 0.
1525447272 1 7735.73095703 0. 5.8677761716e-22 0.
1525447332 1 7725.34960938 0. 5.86877373793e-22 0.
1525447392 1 7709.046875 0. 5.86555265976e-22 0.
1525447453 1 7688.09619141 0. 5.85858228562e-22 0.
1525447513 1 7674.86816406 0. 5.85756207766e-22 0.
1525447573 1 7658.36914062 0. 5.85411223808e-22 0.
1525447633 1 7646.18896484 0. 5.8539099252e-22 0.
1525447693 1 7630.97265625 0. 5.85137138884e-22 0.
1525447753 1 7616.43603516 0. 5.84884051529e-22 0.
1525447813 1 7603.86523438 0. 5.84805642306e-22 0.
1525447873 1 7587.33837891 0. 5.84406019093e-22 0.
1525447934 1 7582.87988281 0. 5.84958881896e-22 0.
1525447994 1 7571.60693359 0. 5.8493662387e-22 0.
1525448054 1 7559.48974609 0. 5.84901430034e-22 0.
1525448114 1 7547.63964844 0. 5.84841802395e-22 0.
1525448174 1 7532.64404297 0. 5.84535238118e-22 0.
1525448234 1 7521.37646484 0. 5.84551325645e-22 0.
1525448295 1 7507.66894531 0. 5.84374346833e-22 0.
1525448355 1 7495.02636719 0. 5.84287093233e-22 0.
1525448415 1 7478.96533203 0. 5.83900055704e-22 0.
1525448475 1 7466.57861328 0. 5.8381348364e-22 0.
1525448535 1 7454.42871094 0. 5.83709415266e-22 0.
1525448595 1 7441.54150391 0. 5.83580126058e-22 0.
1525448655 1 7425.93310547 0. 5.8325260099e-22 0.
1525448715 1 7410.47607422 0. 5.82898510385e-22 0.
1525448776 1 7400.31347656 0. 5.8299978338e-22 0.
1525448836 1 7382.81396484 0. 5.82496447384e-22 0.
1525448896 1 7371.89453125 0. 5.82488636148e-22 0.
1525448956 1 7355.98193359 0. 5.82064282774e-22 0.
1525449016 1 7341.08447266 0. 5.81739521431e-22 0.
1525449076 1 7330.99462891 0. 5.81820838051e-22 0.
1525449136 1 7313.24609375 0. 5.81295197733e-22 0.
1525449196 1 7302.70166016 0. 5.81289564674e-22 0.
1525449257 1 7288.26904297 0. 5.81000966656e-22 0.
1525449317 1 7271.60302734 0. 5.80527041137e-22 0.
1525449377 1 7223.89746094 0. 5.77646432185e-22 0.
1525449437 1 7214.79785156 0. 5.77766937396e-22 0.
1525449497 1 7200.97851562 0. 5.77538673208e-22 0.
1525449557 1 7204.33886719 0. 5.78664015552e-22 0.
1525449617 1 7188.84667969 0. 5.78278769822e-22 0.
1525449678 1 7168.74951172 0. 5.77517947501e-22 0.
1525449738 1 7157.35791016 0. 5.77482535518e-22 0.
1525449798 1 7146.73730469 0. 5.7745506642e-22 0.
1525449858 1 7137.66064453 0. 5.77577413211e-22 0.
1525449918 1 7124.25634766 0. 5.77371239359e-22 0.
1525449978 1 7115.29980469 0. 5.77542274232e-22 0.
1525450038 1 7093.86474609 0. 5.76688560508e-22 0.
1525450099 1 7080.76513672 0. 5.76488556149e-22 0.
1525450159 1 7068.70214844 0. 5.76327663286e-22 0.
1525450219 1 7053.05761719 0. 5.75955120253e-22 0.
1525450279 1 7045.17138672 0. 5.76144632256e-22 0.
1525450339 1 7028.93310547 0. 5.75658220725e-22 0.
1525450399 1 7017.21972656 0. 5.75571932633e-22 0.
1525450460 1 7001.6640625 0. 5.7514398415e-22 0.
1525450520 1 6992.25 0. 5.75226076763e-22 0.
1525450580 1 6979.07617188 0. 5.74979530217e-22 0.
1525450640 1 6964.99560547 0. 5.74644287551e-22 0.
1525450700 1 6951.93652344 0. 5.7442567455e-22 0.
1525450760 1 6940.74121094 0. 5.74338678779e-22 0.
1525450820 1 6923.58886719 0. 5.73746772401e-22 0.
1525450880 1 6911.48583984 0. 5.73583261543e-22 0.
1525450940 1 6904.23828125 0. 5.73823609221e-22 0.
1525451001 1 6895.32763672 0. 5.73945795987e-22 0.
1525451061 1 6882.98144531 0. 5.73749353747e-22 0.
1525451121 1 6873.82763672 0. 5.73844230986e-22 0.
1525451181 1 6866.73144531 0. 5.7403907958e-22 0.
1525451241 1 6844.90039062 0. 5.73066220859e-22 0.
1525451277 1 6841.82861328 0. 5.73253784546e-22 0.
1525451312 1 6835.31005859 0. 5.73221239283e-22 0.
1525451372 1 6818.29101562 0. 5.7260531584e-22 0.
1525451432 1 6802.86865234 0. 5.72138137546e-22 0.
1525451493 1 6785.53710938 0. 5.7153675173e-22 0.
1525451553 1 6767.96728516 0. 5.70865911232e-22 0.
1525451613 1 6761.40527344 0. 5.71113807456e-22 0.
1525451673 1 6754.91650391 0. 5.71365253663e-22 0.
1525451733 1 6747.140625 0. 5.71517849072e-22 0.
1525451794 1 6706.34033203 0. 5.68899185281e-22 0.
1525451854 1 6717.76806641 0. 5.7066346517e-22 0.
1525451914 1 6712.31542969 0. 5.7102380079e-22 0.
1525451974 1 6697.16503906 0. 5.70584093408e-22 0.
1525452034 1 6686.68505859 0. 5.70517889686e-22 0.
1525452094 1 6677.75585938 0. 5.70582686288e-22 0.
1525452154 1 6661.84667969 0. 5.70016592936e-22 0.
1525452214 1 6646.88818359 0. 5.6957848595e-22 0.
1525452275 1 6636.47558594 0. 5.69507580773e-22 0.
1525452335 1 6627.26171875 0. 5.69523144617e-22 0.
1525452395 1 6616.70214844 0. 5.69420547471e-22 0.
1525452455 1 6600.68066406 0. 5.68859405634e-22 0.
1525452515 1 6589.38232422 0. 5.68659070158e-22 0.
1525452575 1 6579.97412109 0. 5.68645525829e-22 0.
1525452635 1 6564.95214844 0. 5.68136269727e-22 0.
1525452677 1 6553.77490234 0. 5.67724929061e-22 0.
1525452719 1 6540.78466797 0. 5.6719233635e-22 0.
1525452780 1 6541.81591797 0. 5.68069785708e-22 0.
1525452840 1 6524.45947266 0. 5.67359377614e-22 0.
1525452900 1 6516.28808594 0. 5.67443265661e-22 0.
1525452937 1 3122.57275391 0. 2.7508517855e-22 0.
1525452946 1 543.188415527 0. 4.74320529591e-23 0.
1525452954 1 959.091491699 0. 8.3641164028e-23 0.
1525452962 1 1574.6138916 0. 1.37006188219e-22 0.
1525452970 1 2324.56933594 0. 2.02620431118e-22 0.
1525452978 1 3468.60620117 0. 3.01961732854e-22 0.
1525452986 1 4301.82568359 0. 3.75158982665e-22 0.
1525452994 1 5596.82568359 0. 4.87961390551e-22 0.
1525453002 1 6039.50488281 0. 5.26894478469e-22 0.
1525453010 1 6502.06298828 0. 5.67496971974e-22 0.
1525453018 1 6032.77197266 0. 5.26700551769e-22 0.
1525453026 1 5408.69384766 0. 4.72102252608e-22 0.
1525453033 1 4692.9609375 0. 4.09961798395e-22 0.
1525453037 1 3271.9909668 0. 2.85452385644e-22 0.
1525453042 1 3276.72167969 0. 2.85897073173e-22 0.
1525453049 1 2371.19824219 0. 2.07217854805e-22 0.
1525453057 1 1489.00708008 0. 1.29968225532e-22 0.
1525453065 1 1003.19439697 0. 8.77514887651e-23 0.
1525453073 1 522.593139648 0. 4.57868635408e-23 0.
1525453089 1 3312.02270508 0. 2.92223029244e-22 0.
1525453104 1 1274.41064453 0. 1.10616954421e-22 0.
1525453112 1 1865.41137695 0. 1.62207807748e-22 0.
1525453119 1 2778.43310547 0. 2.41455652061e-22 0.
1525453127 1 3570.39208984 0. 3.11140729075e-22 0.
1525453135 1 4747.36816406 0. 4.13744795454e-22 0.
1525453143 1 5445.35986328 0. 4.75428845663e-22 0.
1525453150 1 6305.12792969 0. 5.5099154955e-22 0.
1525453158 1 6437.45751953 0. 5.63140768802e-22 0.
1525453166 1 6496.93066406 0. 5.68939562897e-22 0.
1525453173 1 5894.36230469 0. 5.16677641536e-22 0.
1525453181 1 5190.09570312 0. 4.55072612383e-22 0.
1525453189 1 4175.38037109 0. 3.66634258619e-22 0.
1525453196 1 3192.71240234 0. 2.80184055177e-22 0.
1525453204 1 2325.89208984 0. 2.04507204541e-22 0.
1525453212 1 1518.63879395 0. 1.33482349757e-22 0.
1525453220 1 1044.56628418 0. 9.20532985537e-23 0.
1525453227 1 584.918518066 0. 5.16854895808e-23 0.
1525453236 1 2388.73754883 0. 2.12210430032e-22 0.
1525453271 1 6501.91259766 0. 5.70708814949e-22 0.
1525453326 1 6480.37988281 0. 5.69513985606e-22 0.
1525453382 1 6475.12597656 0. 5.69788204596e-22 0.
1525453442 1 6479.54931641 0. 5.70832173379e-22 0.
1525453502 1 6472.71923828 0. 5.7097954596e-22 0.
1525453562 1 6474.02734375 0. 5.71824474877e-22 0.
1525453623 1 6438.74707031 0. 5.69528822764e-22 0.
1525453683 1 6413.99511719 0. 5.68135506512e-22 0.
1525453743 1 6393.39257812 0. 5.671212595e-22 0.
1525453803 1 6384.97070312 0. 5.67177899974e-22 0.
1525453863 1 6385.21240234 0. 5.67986671837e-22 0.
1525453923 1 6383.42041016 0. 5.68622310898e-22 0.
1525453974 1 6381.85595703 0. 5.69146589591e-22 0.
1525454025 1 6378.64599609 0. 5.69571670897e-22 0.
1525454085 1 6367.65625 0. 5.69398958871e-22 0.
1525454123 1 6358.91845703 0. 5.69055865556e-22 0.
1525454162 1 6361.46337891 0. 5.69838559753e-22 0.
1525454197 1 516.786621094 0. 3.6386866953e-22 0.
1525454232 1 0.160213753581 0. 0.0 0.
