1525462495 1 19981.0019531 0. 5.88975269654e-22 0.
1525462555 1 19916.5527344 0. 5.88193507857e-22 0.
1525462615 1 19838.7617188 0. 5.87053778379e-22 0.
1525462675 1 19778.0742188 0. 5.86381139034e-22 0.
1525462735 1 19701.2695312 0. 5.85207319387e-22 0.
1525462771 1 19653.484375 0. 5.84409907882e-22 0.
1525462784 1 19641.8964844 0. 5.84327198279e-22 0.
1525462798 1 19631.8925781 0. 5.84291756972e-22 0.
1525462833 1 19581.6289062 0. 5.835093948e-22 0.
1525462893 1 19503.1328125 0. 5.82223133904e-22 0.
1525462950 1 19426.2519531 0. 5.8093979061e-22 0.
1525463006 1 19411.046875 0. 5.81312453943e-22 0.
1525463050 1 19308.6992188 0. 5.78945859919e-22 0.
1525463094 1 19306.4277344 0. 5.79704836204e-22 0.
1525463129 1 19312.8417969 0. 5.80384860342e-22 0.
1525463164 1 19302.8359375 0. 5.80465472203e-22 0.
1525463224 1 19203.7070312 0. 5.78388829232e-22 0.
1525463285 1 19110.8632812 0. 5.76384356722e-22 0.
1525463317 1 19084.3222656 0. 5.76102222089e-22 0.
1525463324 1 6451.74951172 0. 1.95827120552e-22 0.
1525463334 1 2220.72949219 0. 6.71279538388e-23 0.
1525463342 1 3504.36987305 0. 1.05988824603e-22 0.
1525463350 1 5636.89794922 0. 1.70345990331e-22 0.
1525463358 1 7499.72509766 0. 2.26831163021e-22 0.
1525463366 1 11002.2607422 0. 3.32508539644e-22 0.
1525463374 1 12855.1728516 0. 3.88778230389e-22 0.
1525463382 1 16500.6484375 0. 4.98859871021e-22 0.
1525463390 1 17583.8085938 0. 5.31825791807e-22 0.
1525463398 1 19011.9570312 0. 5.75091136737e-22 0.
1525463406 1 18080.2363281 0. 5.47082576646e-22 0.
1525463414 1 16950.6464844 0. 5.12985627954e-22 0.
1525463421 1 14022.6171875 0. 4.24676663035e-22 0.
1525463429 1 11853.4511719 0. 3.58884518976e-22 0.
1525463437 1 8636.62792969 0. 2.61771398777e-22 0.
1525463446 1 6553.47705078 0. 1.98515468377e-22 0.
1525463453 1 4531.56738281 0. 1.37416753611e-22 0.
1525463461 1 2857.2578125 0. 8.66200006852e-23 0.
1525463477 1 7143.57861328 0. 2.17690675119e-22 0.
1525463492 1 2654.8659668 0. 8.07921489942e-23 0.
1525463505 1 5282.86035156 0. 1.60668847827e-22 0.
1525463516 1 8472.4296875 0. 2.57577473929e-22 0.
1525463524 1 12630.9521484 0. 3.83489407943e-22 0.
1525463531 1 14528.4472656 0. 4.41309444678e-22 0.
1525463539 1 18176.3359375 0. 5.51751983534e-22 0.
1525463547 1 18643.8183594 0. 5.66041016804e-22 0.
1525463555 1 18877.8964844 0. 5.73177320647e-22 0.
1525463562 1 16178.0029297 0. 4.91498026737e-22 0.
1525463570 1 14186.4238281 0. 4.30945932828e-22 0.
1525463578 1 10419.1337891 0. 3.16975432536e-22 0.
1525463585 1 7873.19726562 0. 2.39435655181e-22 0.
1525463598 1 4098.60498047 0. 1.24921472762e-22 0.
1525463609 1 2234.30664062 0. 6.8193121722e-23 0.
1525463616 1 1219.72692871 0. 3.72729107951e-23 0.
1525463625 1 4255.48486328 0. 1.30391100428e-22 0.
1525463640 1 18806.9414062 0. 5.72664495611e-22 0.
1525463681 1 18752.2011719 0. 5.71651789278e-22 0.
1525463728 1 18746.4707031 0. 5.72198916421e-22 0.
1525463775 1 18673.1835938 0. 5.70723770233e-22 0.
1525463810 1 18625.8300781 0. 5.69783089268e-22 0.
1525463846 1 18584.15625 0. 5.69120064169e-22 0.
1525463906 1 18508.7929688 0. 5.67740598886e-22 0.
1525463949 1 18491.4980469 0. 5.67826005939e-22 0.
1525463992 1 18446.6445312 0. 5.67159162021e-22 0.
1525464052 1 18421.3496094 0. 5.67347419034e-22 0.
1525464112 1 18382.0175781 0. 5.67077682293e-22 0.
1525464172 1 18352.5019531 0. 5.67111178101e-22 0.
1525464219 1 18272.9804688 0. 5.65435360522e-22 0.
1525464266 1 18274.9980469 0. 5.66300809357e-22 0.
1525464326 1 18246.7050781 0. 5.66327911877e-22 0.
1525464386 1 18183.1582031 0. 5.65246714909e-22 0.
1525464446 1 18172.6425781 0. 5.65943719119e-22 0.
1525464507 1 17905.8085938 0. 5.58533022412e-22 0.
1525464556 1 17128.5546875 0. 5.34946674409e-22 0.
1525464605 1 17081.2753906 0. 5.34178490861e-22 0.
1525464665 1 16221.28125 0. 5.08162057614e-22 0.
1525464718 1 15936.4228516 0. 4.99946279006e-22 0.
1525464772 1 15933.3564453 0. 5.00587545512e-22 0.
1525464832 1 15867.0371094 0. 4.9933175688e-22 0.
1525464892 1 14656.3125 0. 4.62005051642e-22 0.
1525464952 1 14464.2207031 0. 4.56698901981e-22 0.
1525464998 1 14438.9736328 0. 4.56428127904e-22 0.
1525465043 1 14439.8007812 0. 4.57025602404e-22 0.
1525465103 1 14348.7353516 0. 4.54901321724e-22 0.
1525465139 1 14334.9150391 0. 4.5487332381e-22 0.
1525465175 1 14277.2392578 0. 4.53508234098e-22 0.
1525465236 1 14251.4306641 0. 4.53437302727e-22 0.
1525465296 1 14140.1894531 0. 4.50606975955e-22 0.
1525465356 1 14172.4492188 0. 4.52354942146e-22 0.
1525465416 1 14119.5292969 0. 4.51366852813e-22 0.
1525465476 1 14071.6582031 0. 4.50538170837e-22 0.
1525465536 1 14083.6015625 0. 4.51615811478e-22 0.
1525465572 1 14001.7578125 0. 4.49394561558e-22 0.
1525465607 1 13998.8330078 0. 4.49746973389e-22 0.
1525465642 1 13946.6435547 0. 4.4844241891e-22 0.
1525465674 1 13984.1191406 0. 4.50077924743e-22 0.
1525465731 1 13880.9951172 0. 4.47425770996e-22 0.
1525465791 1 13876.1816406 0. 4.47972319588e-22 0.
1525465851 1 13718.9091797 0. 4.43597772476e-22 0.
1525465912 1 13778.1962891 0. 4.46169422708e-22 0.
1525465972 1 13728.7646484 0. 4.45246790003e-22 0.
1525466032 1 14525.2734375 0. 4.71837445062e-22 0.
1525466092 1 15286.7597656 0. 4.97318229457e-22 0.
1525466149 1 16121.8164062 0. 5.25242842859e-22 0.
1525466207 1 16115.9472656 0. 5.25812741829e-22 0.
1525466267 1 16043.8769531 0. 5.24243500638e-22 0.
1525466327 1 16008.9335938 0. 5.23934841992e-22 0.
1525466387 1 16710.3398438 0. 5.47747242787e-22 0.
1525466448 1 16867.4121094 0. 5.53731085833e-22 0.
1525466508 1 16817.1621094 0. 5.52944352725e-22 0.
1525466568 1 16740.8964844 0. 5.51270358454e-22 0.
1525466628 1 16687.1054688 0. 5.50339797762e-22 0.
1525466664 1 16717.78125 0. 5.51822662151e-22 0.
1525466700 1 16698.6386719 0. 5.51716025066e-22 0.
1525466761 1 16740.8945312 0. 5.53956701931e-22 0.
1525466811 1 16690.2558594 0. 5.52996897367e-22 0.
1525466858 1 16665.34375 0. 5.52830394552e-22 0.
1525466914 1 16594.8671875 0. 5.51294567311e-22 0.
1525466955 1 16647.1835938 0. 5.53598773565e-22 0.
1525466996 1 16612.4316406 0. 5.53056277947e-22 0.
1525467056 1 16574.2441406 0. 5.52623049398e-22 0.
1525467116 1 16533.234375 0. 5.52078647896e-22 0.
1525467177 1 16423.3066406 0. 5.49237257864e-22 0.
1525467237 1 16353.6962891 0. 5.47736584291e-22 0.
1525467297 1 16386.8632812 0. 5.49670584641e-22 0.
1525467357 1 16399.5546875 0. 5.50919209392e-22 0.
1525467417 1 16354.0771484 0. 5.50203404363e-22 0.
1525467477 1 16286.96875 0. 5.48746977178e-22 0.
1525467538 1 16330.640625 0. 5.51034804639e-22 0.
1525467578 1 16231.8085938 0. 5.48233988455e-22 0.
1525467618 1 16220.2675781 0. 5.48411683731e-22 0.
1525467678 1 16198.8789062 0. 5.48510074283e-22 0.
1525467738 1 16122.4775391 0. 5.46719005373e-22 0.
1525467798 1 16069.8320312 0. 5.45754670076e-22 0.
1525467858 1 16030.4736328 0. 5.45194172562e-22 0.
1525467918 1 15987.1113281 0. 5.44546752769e-22 0.
1525467979 1 15917.5341797 0. 5.42989222128e-22 0.
1525468039 1 15916.3964844 0. 5.43737064294e-22 0.
1525468099 1 15810.7109375 0. 5.40893638074e-22 0.
1525468159 1 15762.8095703 0. 5.40041609155e-22 0.
1525468219 1 15782.4257812 0. 5.41476471915e-22 0.
1525468279 1 15716.3154297 0. 5.39991031711e-22 0.
1525468339 1 15707.1259766 0. 5.40485483941e-22 0.
1525468394 1 15665.9677734 0. 5.39775525725e-22 0.
1525468449 1 15374.6855469 0. 5.30432090999e-22 0.
1525468496 1 15947.8730469 0. 5.5091053462e-22 0.
1525468543 1 15399.0058594 0. 5.3255779074e-22 0.
1525468603 1 16025.4902344 0. 5.54970254572e-22 0.
1525468663 1 16618.8066406 0. 5.76360277228e-22 0.
1525468723 1 16596.7851562 0. 5.76433882134e-22 0.
1525468784 1 16565.6875 0. 5.76197947804e-22 0.
1525468844 1 16541.7480469 0. 5.76195867322e-22 0.
1525468893 1 16508.7324219 0. 5.75701822025e-22 0.
1525468943 1 16481.34375 0. 5.7540568763e-22 0.
1525469003 1 16451.4453125 0. 5.75178418053e-22 0.
1525469063 1 16422.59375 0. 5.7498118722e-22 0.
1525469123 1 16396.7363281 0. 5.74892541856e-22 0.
1525469183 1 16365.1660156 0. 5.74631067588e-22 0.
1525469230 1 16341.0693359 0. 5.74411541057e-22 0.
1525469263 1 16326.5839844 0. 5.74335597166e-22 0.
1525469294 1 16312.8037109 0. 5.74269976847e-22 0.
1525469332 1 16297.4765625 0. 5.74235076076e-22 0.
1525469384 1 16278.7363281 0. 5.74321288944e-22 0.
1525469420 1 16273.6748047 0. 5.74578601623e-22 0.
1525469449 1 16253.8789062 0. 5.74318754334e-22 0.
1525469495 1 16234.5107422 0. 5.74265733128e-22 0.
1525469547 1 16215.2490234 0. 5.74275025664e-22 0.
1525469582 1 16202.5732422 0. 5.74246934414e-22 0.
1525469612 1 16176.7382812 0. 5.73764116477e-22 0.
1525469667 1 16150.3759766 0. 5.736073226e-22 0.
1525469702 1 16132.6083984 0. 5.73439990073e-22 0.
1525469737 1 16122.2080078 0. 5.73589834057e-22 0.
1525469781 1 16104.0351562 0. 5.73500567128e-22 0.
1525469825 1 16084.5625 0. 5.7338129878e-22 0.
1525469885 1 16052.9677734 0. 5.73135020292e-22 0.
1525469945 1 16020.0107422 0. 5.72780612429e-22 0.
1525470005 1 15993.4990234 0. 5.7264479172e-22 0.
1525470065 1 15971.0517578 0. 5.72627211627e-22 0.
1525470125 1 15942.6650391 0. 5.72406365314e-22 0.
1525470186 1 15923.8837891 0. 5.72543641723e-22 0.
1525470246 1 15893.8095703 0. 5.72249952338e-22 0.
1525470306 1 15861.2832031 0. 5.71893961125e-22 0.
1525470366 1 15845.5244141 0. 5.72126064472e-22 0.
1525470424 1 15809.0820312 0. 5.71561083104e-22 0.
1525470482 1 15786.6289062 0. 5.71499296684e-22 0.
1525470542 1 15752.28125 0. 5.71060139593e-22 0.
1525470603 1 15718.7509766 0. 5.70670730691e-22 0.
1525470663 1 15696.4453125 0. 5.70635317201e-22 0.
1525470710 1 15684.2109375 0. 5.7078117606e-22 0.
1525470757 1 15661.5791016 0. 5.70586457961e-22 0.
1525470818 1 15634.0361328 0. 5.70371045456e-22 0.
1525470878 1 15613.0029297 0. 5.70387353636e-22 0.
1525470921 1 15595.2392578 0. 5.70302169588e-22 0.
1525470965 1 15576.2333984 0. 5.70208692741e-22 0.
1525471025 1 15545.9970703 0. 5.69854293237e-22 0.
1525471085 1 15520.5302734 0. 5.69715772398e-22 0.
1525471120 1 15491.0556641 0. 5.69084063023e-22 0.
1525471156 1 15484.8330078 0. 5.69348079176e-22 0.
1525471216 1 15463.8261719 0. 5.69378149475e-22 0.
1525471276 1 15432.6845703 0. 5.69035778137e-22 0.
1525471336 1 15408.5966797 0. 5.68945135569e-22 0.
1525471396 1 15384.4833984 0. 5.6880153576e-22 0.
1525471446 1 15367.4453125 0. 5.68810374498e-22 0.
1525471490 1 15348.4414062 0. 5.6870464203e-22 0.
1525471545 1 15323.1621094 0. 5.68516636269e-22 0.
1525471605 1 15298.984375 0. 5.68376577769e-22 0.
1525471665 1 15283.2128906 0. 5.68565657172e-22 0.
1525471725 1 15263.2470703 0. 5.68595593124e-22 0.
1525471786 1 15221.4863281 0. 5.67811700748e-22 0.
1525471846 1 15196.0566406 0. 5.67639805802e-22 0.
1525471906 1 15162.3154297 0. 5.67156091857e-22 0.
1525471966 1 15145.1738281 0. 5.6731029612e-22 0.
1525472026 1 15123.6054688 0. 5.67269232874e-22 0.
1525472086 1 15093.2519531 0. 5.6692570406e-22 0.
1525472146 1 15032.4375 0. 5.65407420478e-22 0.
1525472207 1 15034.9316406 0. 5.66284743754e-22 0.
1525472267 1 15014.9990234 0. 5.66305118886e-22 0.
1525472327 1 14993.2773438 0. 5.66251383662e-22 0.
1525472387 1 14973.7236328 0. 5.66298284685e-22 0.
1525472447 1 14956.6708984 0. 5.66407752059e-22 0.
1525472507 1 14934.6103516 0. 5.66321215136e-22 0.
1525472567 1 14912.6357422 0. 5.66237253046e-22 0.
1525472628 1 14889.2578125 0. 5.66136155546e-22 0.
1525472688 1 14861.9921875 0. 5.65830876337e-22 0.
1525472748 1 14840.3476562 0. 5.65789035874e-22 0.
1525472808 1 14817.4677734 0. 5.65670780735e-22 0.
1525472852 1 14801.7519531 0. 5.65616965347e-22 0.
1525472897 1 14790.7333984 0. 5.6577817708e-22 0.
1525472957 1 14766.7021484 0. 5.65642790341e-22 0.
1525473018 1 14746.4208984 0. 5.65598684122e-22 0.
1525473078 1 14725.8486328 0. 5.65574102309e-22 0.
1525473138 1 14699.6015625 0. 5.65325353523e-22 0.
1525473198 1 14680.3369141 0. 5.65345401792e-22 0.
1525473258 1 14653.9384766 0. 5.65109376499e-22 0.
1525473318 1 14619.9169922 0. 5.64536789809e-22 0.
1525473378 1 14602.2050781 0. 5.64616131729e-22 0.
1525473438 1 14580.9599609 0. 5.64518812872e-22 0.
1525473499 1 14550.7607422 0. 5.64099710641e-22 0.
1525473559 1 14524.5517578 0. 5.63833043457e-22 0.
1525473619 1 14199.2744141 0. 5.51962807304e-22 0.
1525473655 1 14479.7753906 0. 5.6325443516e-22 0.
1525473691 1 13807.6328125 0. 5.37631596769e-22 0.
1525473751 1 14458.3125 0. 5.63658960189e-22 0.
1525473811 1 14436.2783203 0. 5.63511522156e-22 0.
1525473871 1 14418.1103516 0. 5.63568913e-22 0.
1525473932 1 14393.4648438 0. 5.63365282602e-22 0.
1525473992 1 14369.21875 0. 5.63132969487e-22 0.
1525474052 1 14352.8603516 0. 5.63225711005e-22 0.
1525474107 1 14337.3837891 0. 5.63298614157e-22 0.
1525474162 1 14316.2978516 0. 5.63150762521e-22 0.
1525474223 1 14290.8007812 0. 5.62883148112e-22 0.
1525474283 1 14273.5576172 0. 5.62937657233e-22 0.
1525474343 1 14434.953125 0. 5.70129734016e-22 0.
1525474403 1 14467.6367188 0. 5.72307931239e-22 0.
1525474463 1 14517.9130859 0. 5.75175119332e-22 0.
1525474523 1 14635.3232422 0. 5.80958941008e-22 0.
1525474583 1 14600.1005859 0. 5.80525135407e-22 0.
1525474644 1 14568.7695312 0. 5.80258570555e-22 0.
1525474704 1 14665.6992188 0. 5.85133528072e-22 0.
1525474764 1 14679.5234375 0. 5.86833158695e-22 0.
1525474824 1 14646.7294922 0. 5.86613565551e-22 0.
1525474884 1 14639.8486328 0. 5.87371908454e-22 0.
1525474944 1 14600.953125 0. 5.86816831424e-22 0.
1525475004 1 14573.5078125 0. 5.86733894642e-22 0.
1525475065 1 14424.3486328 0. 5.81711344843e-22 0.
1525475125 1 14324.6689453 0. 5.78717996335e-22 0.
1525475185 1 14327.9970703 0. 5.8011325456e-22 0.
1525475245 1 14282.7880859 0. 5.79923789299e-22 0.
1525475305 1 14238.1875 0. 5.78962481843e-22 0.
1525475365 1 14209.0820312 0. 5.78642147558e-22 0.
1525475419 1 14199.6367188 0. 5.78939120491e-22 0.
1525475454 1 14177.2929688 0. 5.78486085703e-22 0.
1525475471 1 14161.1464844 0. 5.78035602865e-22 0.
1525475506 1 14151.2685547 0. 5.78125967375e-22 0.
1525475566 1 14113.71875 0. 5.77360141349e-22 0.
1525475626 1 14098.7871094 0. 5.7754143304e-22 0.
1525475686 1 14092.0996094 0. 5.78078759604e-22 0.
1525475747 1 14057.3701172 0. 5.77494580703e-22 0.
1525475807 1 14024.5703125 0. 5.76965973884e-22 0.
1525475867 1 13690.7568359 0. 5.64049983374e-22 0.
1525475927 1 12649.1064453 0. 5.22023424286e-22 0.
1525475987 1 14293.9746094 0. 5.90591392757e-22 0.
1525476047 1 14353.1074219 0. 5.93875231932e-22 0.
1525476107 1 14332.0791016 0. 5.93853997706e-22 0.
1525476168 1 14301.5576172 0. 5.93438187064e-22 0.
1525476228 1 14278.0273438 0. 5.93292135037e-22 0.
1525476288 1 14251.2607422 0. 5.93019396425e-22 0.
1525476348 1 14227.4257812 0. 5.92876430885e-22 0.
1525476408 1 14205.3398438 0. 5.92817560164e-22 0.
1525476468 1 14182.140625 0. 5.92678475603e-22 0.
1525476508 1 14167.9414062 0. 5.92601475519e-22 0.
1525476548 1 14152.7314453 0. 5.92529235229e-22 0.
1525476608 1 14134.3730469 0. 5.92593866851e-22 0.
1525476668 1 14098.2890625 0. 5.91916642791e-22 0.
1525476728 1 14074.5517578 0. 5.91727840252e-22 0.
1525476788 1 14059.9257812 0. 5.91951124459e-22 0.
1525476849 1 14036.1962891 0. 5.9178137112e-22 0.
1525476909 1 14011.6191406 0. 5.91591979064e-22 0.
1525476969 1 13981.7724609 0. 5.91154481176e-22 0.
1525477029 1 13965.1777344 0. 5.91287388742e-22 0.
1525477089 1 13942.3134766 0. 5.91132213351e-22 0.
1525477150 1 13919.8203125 0. 5.9099710404e-22 0.
1525477210 1 13897.8623047 0. 5.90904254049e-22 0.
1525477270 1 13876.6513672 0. 5.90879619608e-22 0.
1525477330 1 13853.5498047 0. 5.90728721443e-22 0.
1525477390 1 13827.8310547 0. 5.90447341222e-22 0.
1525477450 1 13808.4912109 0. 5.90455673656e-22 0.
1525477510 1 13824.9003906 0. 5.91990190758e-22 0.
1525477571 1 13800.5742188 0. 5.91767989507e-22 0.
1525477631 1 13780.9902344 0. 5.91766839916e-22 0.
1525477691 1 13757.5878906 0. 5.91607695438e-22 0.
1525477751 1 13734.1162109 0. 5.91446693106e-22 0.
1525477804 1 13713.2753906 0. 5.91296041545e-22 0.
1525477857 1 13697.203125 0. 5.91349226768e-22 0.
1525477917 1 13680.6630859 0. 5.91465923904e-22 0.
1525477977 1 13657.8837891 0. 5.91311017041e-22 0.
1525478037 1 13630.4697266 0. 5.90975563888e-22 0.
1525478097 1 13610.3359375 0. 5.90920308122e-22 0.
1525478157 1 13589.4863281 0. 5.90839233628e-22 0.
1525478217 1 13572.4814453 0. 5.90932117469e-22 0.
1525478278 1 13552.5205078 0. 5.90871784482e-22 0.
1525478338 1 13529.7314453 0. 5.90700298145e-22 0.
1525478398 1 13506.8554688 0. 5.90544203505e-22 0.
1525478458 1 13490.7548828 0. 5.9066790403e-22 0.
1525478518 1 13466.9394531 0. 5.90486639855e-22 0.
1525478578 1 13440.0693359 0. 5.90140420412e-22 0.
1525478638 1 13411.2490234 0. 5.89708442653e-22 0.
1525478699 1 13394.6064453 0. 5.89772500083e-22 0.
1525478759 1 13365.3408203 0. 5.89302053229e-22 0.
1525478794 1 13350.0771484 0. 5.89059959442e-22 0.
1525478829 1 13331.9199219 0. 5.88811647654e-22 0.
1525478890 1 13309.7626953 0. 5.8863223137e-22 0.
1525478950 1 13287.6572266 0. 5.88472532166e-22 0.
1525479010 1 13265.96875 0. 5.88323288835e-22 0.
1525479070 1 13286.0029297 0. 5.90051227684e-22 0.
1525479130 1 13272.2666016 0. 5.90287021998e-22 0.
1525479191 1 13249.8759766 0. 5.90128440808e-22 0.
1525479251 1 13228.2421875 0. 5.90016349223e-22 0.
1525479311 1 13198.8466797 0. 5.89516797086e-22 0.
1525479371 1 13175.7001953 0. 5.89300204034e-22 0.
1525479431 1 13156.4013672 0. 5.89272319713e-22 0.
1525479491 1 13138.5634766 0. 5.89275589505e-22 0.
1525479551 1 13117.2099609 0. 5.89138971701e-22 0.
1525479612 1 13094.6943359 0. 5.88967603683e-22 0.
1525479672 1 13072.2128906 0. 5.88774077173e-22 0.
1525479732 1 13050.1533203 0. 5.88618055908e-22 0.
1525479792 1 13033.3632812 0. 5.88673046025e-22 0.
1525479852 1 12998.3652344 0. 5.87924546896e-22 0.
1525479913 1 12974.3613281 0. 5.87679012434e-22 0.
1525479955 1 12959.8916016 0. 5.8756707019e-22 0.
1525479998 1 12951.3916016 0. 5.87790470311e-22 0.
1525480058 1 12926.2373047 0. 5.8745329962e-22 0.
1525480118 1 12899.4560547 0. 5.87033629039e-22 0.
1525480178 1 12881.6220703 0. 5.8705163826e-22 0.
1525480239 1 12867.5146484 0. 5.87256064744e-22 0.
1525480299 1 12853.5869141 0. 5.87446243347e-22 0.
1525480359 1 12844.1015625 0. 5.87831511559e-22 0.
1525480419 1 12841.6083984 0. 5.88556777521e-22 0.
1525480479 1 12845.6611328 0. 5.89612138478e-22 0.
1525480539 1 12820.3886719 0. 5.89284569019e-22 0.
1525480599 1 12788.4960938 0. 5.8867513933e-22 0.
1525480659 1 12768.8603516 0. 5.88585668959e-22 0.
1525480720 1 12745.5 0. 5.88339736315e-22 0.
1525480780 1 12717.2441406 0. 5.87849444621e-22 0.
1525480840 1 12695.1103516 0. 5.87686707805e-22 0.
1525480900 1 12671.4267578 0. 5.87433519431e-22 0.
1525480960 1 12670.6494141 0. 5.88215695278e-22 0.
1525481020 1 12622.8222656 0. 5.86826876618e-22 0.
1525481081 1 12577.5791016 0. 5.85533891909e-22 0.
1525481141 1 12590.5 0. 5.8698338639e-22 0.
1525481201 1 12576.5244141 0. 5.87144427815e-22 0.
1525481261 1 12558.0390625 0. 5.87094527448e-22 0.
1525481321 1 12543.6171875 0. 5.87266374572e-22 0.
1525481381 1 12527.9716797 0. 5.87323475631e-22 0.
1525481441 1 12506.0595703 0. 5.8710422138e-22 0.
1525481502 1 12493.0078125 0. 5.87280398543e-22 0.
1525481537 1 12484.5839844 0. 5.87360030707e-22 0.
1525481572 1 12469.2353516 0. 5.87152566965e-22 0.
1525481632 1 12447.3632812 0. 5.86946223613e-22 0.
1525481692 1 12435.1455078 0. 5.87177880521e-22 0.
1525481753 1 12417.5869141 0. 5.87156012869e-22 0.
1525481813 1 12427.0253906 0. 5.8842929613e-22 0.
1525481873 1 12386.1474609 0. 5.87322863498e-22 0.
1525481933 1 12366.3964844 0. 5.87242716302e-22 0.
1525481993 1 12352.0234375 0. 5.8741768923e-22 0.
1525482053 1 12331.4785156 0. 5.87241077652e-22 0.
1525482113 1 12317.7646484 0. 5.87411447896e-22 0.
1525482173 1 12298.8212891 0. 5.87343979266e-22 0.
1525482234 1 12279.7587891 0. 5.87248801058e-22 0.
1525482294 1 12265.7001953 0. 5.87394412891e-22 0.
1525482354 1 12242.3896484 0. 5.87107654201e-22 0.
1525482414 1 12233.2158203 0. 5.87515224204e-22 0.
1525482474 1 12211.0146484 0. 5.87261248698e-22 0.
1525482534 1 12186.8789062 0. 5.86912595352e-22 0.
1525482594 1 12156.9941406 0. 5.86307316193e-22 0.
1525482655 1 12140.3105469 0. 5.86305965078e-22 0.
1525482715 1 12124.4238281 0. 5.86379080238e-22 0.
1525482775 1 12107.9160156 0. 5.86397640818e-22 0.
1525482835 1 12083.0205078 0. 5.86009160348e-22 0.
1525482895 1 12065.3759766 0. 5.85947767823e-22 0.
1525482955 1 12057.0224609 0. 5.86337401527e-22 0.
1525483015 1 12054.2441406 0. 5.86996783792e-22 0.
1525483076 1 12039.359375 0. 5.87063486298e-22 0.
1525483136 1 12030.3417969 0. 5.87467023623e-22 0.
1525483196 1 12046.0771484 0. 5.89064255437e-22 0.
1525483256 1 12026.4814453 0. 5.88945333386e-22 0.
1525483316 1 12011.4892578 0. 5.89075419735e-22 0.
1525483376 1 11997.7431641 0. 5.8920224416e-22 0.
1525483437 1 11977.4257812 0. 5.89066935381e-22 0.
1525483497 1 11953.0576172 0. 5.88672365572e-22 0.
1525483557 1 11938.140625 0. 5.88737036202e-22 0.
1525483617 1 11927.0859375 0. 5.89022300653e-22 0.
1525483677 1 11918.7978516 0. 5.89447176861e-22 0.
1525483737 1 11895.0058594 0. 5.89124211179e-22 0.
1525483797 1 11884.2607422 0. 5.89391275384e-22 0.
1525483858 1 11868.6611328 0. 5.89458683779e-22 0.
1525483918 1 11855.5498047 0. 5.89645081638e-22 0.
1525483978 1 11833.5175781 0. 5.89354882496e-22 0.
1525484038 1 11812.7675781 0. 5.89155599401e-22 0.
1525484098 1 11791.9511719 0. 5.88971739113e-22 0.
1525484158 1 11776.2519531 0. 5.88980135941e-22 0.
1525484218 1 11622.015625 0. 5.82056418265e-22 0.
1525484279 1 11386.6025391 0. 5.71099423163e-22 0.
1525484339 1 11438.6376953 0. 5.74448295548e-22 0.
1525484399 1 11714.7900391 0. 5.89147994276e-22 0.
1525484459 1 11696.6396484 0. 5.89031327291e-22 0.
1525484519 1 11689.328125 0. 5.8947665807e-22 0.
1525484579 1 11689.4287109 0. 5.9033315651e-22 0.
1525484640 1 11661.1972656 0. 5.8972367392e-22 0.
1525484700 1 11646.7382812 0. 5.89785332538e-22 0.
1525484754 1 11632.2177734 0. 5.89794442766e-22 0.
1525484808 1 11617.1855469 0. 5.89762437358e-22 0.
1525484868 1 11597.5410156 0. 5.89603120931e-22 0.
1525484928 1 11572.6083984 0. 5.89154219775e-22 0.
1525484988 1 11554.8212891 0. 5.89049034413e-22 0.
1525485048 1 11537.6513672 0. 5.89010001159e-22 0.
1525485108 1 11517.1552734 0. 5.88806305325e-22 0.
1525485168 1 11488.7705078 0. 5.88144324243e-22 0.
1525485204 1 11467.0224609 0. 5.87519635365e-22 0.
1525485239 1 11477.4804688 0. 5.88544715388e-22 0.
1525485299 1 11464.4267578 0. 5.88662049157e-22 0.
1525485359 1 11440.3193359 0. 5.88233178352e-22 0.
1525485419 1 11437.7529297 0. 5.88923570571e-22 0.
1525485479 1 11434.5683594 0. 5.8957068786e-22 0.
1525485515 1 11437.2714844 0. 5.90178524287e-22 0.
1525485550 1 11421.8789062 0. 5.89903072297e-22 0.
1525485610 1 11411.2294922 0. 5.90177954832e-22 0.
1525485670 1 11396.1660156 0. 5.90242466887e-22 0.
1525485730 1 11376.7548828 0. 5.9004400868e-22 0.
1525485791 1 11361.0292969 0. 5.90044474225e-22 0.
1525485851 1 11338.9912109 0. 5.8971113208e-22 0.
1525485911 1 11322.3271484 0. 5.89685308055e-22 0.
1525485962 1 11302.7617188 0. 5.89363703944e-22 0.
1525485988 1 11293.1376953 0. 5.89166878464e-22 0.
1525486024 1 11282.2998047 0. 5.8916424719e-22 0.
1525486084 1 11265.1367188 0. 5.89080663953e-22 0.
1525486144 1 11244.5458984 0. 5.88856886897e-22 0.
1525486204 1 11234.4023438 0. 5.89166907663e-22 0.
1525486239 1 11226.0361328 0. 5.89174709137e-22 0.
1525486266 1 11216.0996094 0. 5.89071336883e-22 0.
1525486318 1 11198.9912109 0. 5.88862856067e-22 0.
1525486379 1 11178.1689453 0. 5.88594034296e-22 0.
1525486439 1 11165.5849609 0. 5.88789116738e-22 0.
1525486499 1 11148.2119141 0. 5.88704760094e-22 0.
1525486559 1 11157.4345703 0. 5.90285889372e-22 0.
1525486619 1 11144.3330078 0. 5.90484396975e-22 0.
1525486679 1 11129.6298828 0. 5.90591936086e-22 0.
1525486740 1 11111.5458984 0. 5.90466294277e-22 0.
1525486800 1 11095.2988281 0. 5.90420023152e-22 0.
1525486860 1 11072.2724609 0. 5.89988995488e-22 0.
1525486920 1 11059.0419922 0. 5.9012316858e-22 0.
1525486980 1 11041.2314453 0. 5.89998409051e-22 0.
1525487040 1 11024.2392578 0. 5.89895914174e-22 0.
1525487100 1 11003.8310547 0. 5.89625452371e-22 0.
1525487160 1 10981.5048828 0. 5.89251756702e-22 0.
1525487221 1 10964.4980469 0. 5.89162379482e-22 0.
1525487281 1 10948.0820312 0. 5.89088209068e-22 0.
1525487341 1 10929.7207031 0. 5.88890845534e-22 0.
1525487401 1 10909.9814453 0. 5.88646595734e-22 0.
1525487461 1 10888.2041016 0. 5.8829696704e-22 0.
1525487521 1 10871.7353516 0. 5.88232990324e-22 0.
1525487581 1 10840.7802734 0. 5.87352178887e-22 0.
1525487641 1 10836.4267578 0. 5.87898120204e-22 0.
1525487702 1 10852.5605469 0. 5.89560358693e-22 0.
1525487762 1 10836.0234375 0. 5.89493883407e-22 0.
1525487822 1 10822.6318359 0. 5.89586523566e-22 0.
1525487882 1 10804.5195312 0. 5.89413622612e-22 0.
1525487919 1 8591.64941406 0. 4.70884234e-22 0.
1525487956 1 0.191658616066 0. 1.82974591844e-22 0.
1525488016 1 0.162068575621 0. 0.0 0.
1525488076 1 0.151253953576 0. 0.0 0.
