1525521441 1 20730.1855469 0. 5.78468649033e-22 0.
1525521501 1 20633.6425781 0. 5.7686167282e-22 0.
1525521561 1 20581.6347656 0. 5.76428859152e-22 0.
1525521621 1 20468.4335938 0. 5.74143319918e-22 0.
1525521681 1 20361.6425781 0. 5.72407977268e-22 0.
1525521717 1 20332.2285156 0. 5.721598053e-22 0.
1525521733 1 20348.0097656 0. 5.72853894733e-22 0.
1525521749 1 20318.7851562 0. 5.72194737512e-22 0.
1525521759 1 20290.28125 0. 5.7146910627e-22 0.
1525521777 1 20254.0214844 0. 5.70745101026e-22 0.
1525521798 1 20241.0996094 0. 5.70754436079e-22 0.
1525521836 1 20287.109375 0. 5.72667515123e-22 0.
1525521877 1 20151.9921875 0. 5.69384230703e-22 0.
1525521892 1 20126.3808594 0. 5.68951293523e-22 0.
1525521903 1 20121.8300781 0. 5.69042819944e-22 0.
1525521940 1 20066.3105469 0. 5.68146452205e-22 0.
1525521985 1 20010.4160156 0. 5.67378348948e-22 0.
1525522031 1 19904.2441406 0. 5.65157288255e-22 0.
1525522081 1 19835.703125 0. 5.64023262679e-22 0.
1525522131 1 19801.2910156 0. 5.63904629148e-22 0.
1525522181 1 19797.7832031 0. 5.64612500758e-22 0.
1525522230 1 19760.7734375 0. 5.64375337686e-22 0.
1525522290 1 19703.8554688 0. 5.6375042855e-22 0.
1525522330 1 19670.09375 0. 5.63371946194e-22 0.
1525522369 1 19654.3808594 0. 5.63610592259e-22 0.
1525522416 1 19633.2265625 0. 5.63791879386e-22 0.
1525522438 1 7138.734375 0. 2.06325425903e-22 0.
1525522448 1 2606.68994141 0. 7.48761142015e-23 0.
1525522456 1 3949.59228516 0. 1.13569227449e-22 0.
1525522464 1 6248.796875 0. 1.79529901955e-22 0.
1525522472 1 8185.34960938 0. 2.35474487372e-22 0.
1525522480 1 11772.1445312 0. 3.38412827338e-22 0.
1525522488 1 13593.0380859 0. 3.91120756285e-22 0.
1525522496 1 17243.828125 0. 4.9605182867e-22 0.
1525522504 1 18272.1171875 0. 5.25769800501e-22 0.
1525522512 1 19574.1191406 0. 5.63353449167e-22 0.
1525522519 1 18635.6074219 0. 5.36540858057e-22 0.
1525522524 1 17195.3300781 0. 4.95010242893e-22 0.
1525522529 1 17199.0507812 0. 4.95183375753e-22 0.
1525522535 1 13961.2099609 0. 4.02275094068e-22 0.
1525522544 1 11786.4921875 0. 3.39432265268e-22 0.
1525522551 1 8556.47851562 0. 2.46710554613e-22 0.
1525522559 1 6308.31982422 0. 1.81715781148e-22 0.
1525522567 1 4284.05175781 0. 1.23540586422e-22 0.
1525522575 1 2693.67895508 0. 7.76311794025e-23 0.
1525522581 1 2768.54003906 0. 7.97935528557e-23 0.
1525522592 1 8619.07128906 0. 2.50220114086e-22 0.
1525522606 1 2752.52661133 0. 7.96437299773e-23 0.
1525522614 1 4183.03515625 0. 1.21049300192e-22 0.
1525522622 1 6617.5625 0. 1.91193535784e-22 0.
1525522629 1 8389.14648438 0. 2.42609078675e-22 0.
1525522637 1 12617.4375 0. 3.64342037626e-22 0.
1525522649 1 16347.0332031 0. 4.72520799859e-22 0.
1525522660 1 19143.9765625 0. 5.53028532434e-22 0.
1525522668 1 19600.4824219 0. 5.66302890574e-22 0.
1525522676 1 16966.8222656 0. 4.9048770281e-22 0.
1525522683 1 14889.2363281 0. 4.30319592237e-22 0.
1525522691 1 10733.2001953 0. 3.10748342493e-22 0.
1525522699 1 8268.31152344 0. 2.39215678559e-22 0.
1525522707 1 5526.015625 0. 1.60197948345e-22 0.
1525522714 1 3581.29370117 0. 1.03818807094e-22 0.
1525522722 1 2349.90454102 0. 6.82375161934e-23 0.
1525522730 1 1278.33935547 0. 3.71659783929e-23 0.
1525522739 1 4320.43896484 0. 1.26104818332e-22 0.
1525522773 1 19280.3339844 0. 5.5880342656e-22 0.
1525522832 1 15032.8476562 0. 4.39331528568e-22 0.
1525522881 1 0.2380874753 0. 3.71399210085e-23 0.
1525522918 1 0.189794585109 0. 0.0 0.
1525522963 1 0.174030214548 0. 0.0 0.
