1525535297 1 18881.9375 0. 5.31627004394e-22 0.
1525535357 1 20807.0625 0. 5.86564385158e-22 0.
1525535417 1 20745.9355469 0. 5.85899534711e-22 0.
1525535477 1 20666.4042969 0. 5.84854652866e-22 0.
1525535537 1 20602.3769531 0. 5.84091955083e-22 0.
1525535584 1 20554.1425781 0. 5.83478393349e-22 0.
1525535607 1 20537.2910156 0. 5.83313214058e-22 0.
1525535620 1 20520.984375 0. 5.83146370554e-22 0.
1525535657 1 20491.7207031 0. 5.82908223778e-22 0.
1525535700 1 20448.71875 0. 5.82349691947e-22 0.
1525535743 1 20402.2402344 0. 5.81750611621e-22 0.
1525535801 1 20346.6660156 0. 5.81226710077e-22 0.
1525535859 1 20298.6230469 0. 5.80676159216e-22 0.
1525535919 1 20192.5351562 0. 5.78577800996e-22 0.
1525535977 1 20134.9375 0. 5.77786760624e-22 0.
1525536027 1 20119.0039062 0. 5.77872459579e-22 0.
1525536079 1 20149.96875 0. 5.79567607885e-22 0.
1525536124 1 20195.2460938 0. 5.814895489e-22 0.
1525536161 1 20083.3691406 0. 5.78802425712e-22 0.
1525536188 1 6990.12451172 0. 2.02910682103e-22 0.
1525536198 1 2686.22631836 0. 7.74457851671e-23 0.
1525536206 1 4061.55712891 0. 1.17229542722e-22 0.
1525536214 1 6367.35742188 0. 1.83609161276e-22 0.
1525536222 1 8131.91113281 0. 2.3481093302e-22 0.
1525536230 1 12002.5683594 0. 3.46284914483e-22 0.
1525536238 1 13917.0888672 0. 4.01952116563e-22 0.
1525536246 1 17610.7011719 0. 5.08478857333e-22 0.
1525536254 1 18682.8417969 0. 5.39639788511e-22 0.
1525536262 1 20044.7929688 0. 5.79117267562e-22 0.
1525536270 1 18925.1914062 0. 5.4691580572e-22 0.
1525536278 1 17599.5742188 0. 5.08633252516e-22 0.
1525536286 1 14276.0009766 0. 4.12891138958e-22 0.
1525536294 1 12034.7197266 0. 3.47822664617e-22 0.
1525536302 1 8724.78515625 0. 2.52484888693e-22 0.
1525536310 1 6519.20166016 0. 1.8844813133e-22 0.
1525536318 1 4495.94042969 0. 1.3013452551e-22 0.
1525536326 1 2833.12548828 0. 8.19378868672e-23 0.
1525536342 1 7088.76757812 0. 2.06713754702e-22 0.
1525536357 1 2435.10229492 0. 7.07537679867e-23 0.
1525536365 1 3716.52661133 0. 1.08001201598e-22 0.
1525536373 1 6039.26904297 0. 1.75200219662e-22 0.
1525536380 1 7907.86279297 0. 2.29645080662e-22 0.
1525536388 1 12092.0634766 0. 3.50559551707e-22 0.
1525536396 1 14045.8486328 0. 4.07580747452e-22 0.
1525536404 1 18284.7792969 0. 5.30146241187e-22 0.
1525536416 1 19577.4648438 0. 5.67785068021e-22 0.
1525536432 1 16310.2099609 0. 4.73124187928e-22 0.
1525536443 1 11471.7744141 0. 3.33288030166e-22 0.
1525536450 1 9062.96582031 0. 2.6305254763e-22 0.
1525536458 1 6105.81054688 0. 1.77599491662e-22 0.
1525536466 1 4006.36914062 0. 1.16475963354e-22 0.
1525536474 1 2606.23120117 0. 7.59103133893e-23 0.
1525536481 1 1436.74206543 0. 4.18782608508e-23 0.
1525536490 1 4581.23046875 0. 1.3425971246e-22 0.
1525536505 1 19853.8691406 0. 5.77173544818e-22 0.
1525536545 1 19553.4375 0. 5.69023220871e-22 0.
1525536605 1 18716.9355469 0. 5.45630544647e-22 0.
1525536666 1 19800.3789062 0. 5.78079990132e-22 0.
1525536726 1 20036.8964844 0. 5.85900023549e-22 0.
1525536786 1 20006.9902344 0. 5.86002169133e-22 0.
1525536846 1 19973.1171875 0. 5.85995884977e-22 0.
1525536881 1 19958.0019531 0. 5.86129095696e-22 0.
1525536916 1 19937.1386719 0. 5.86089577099e-22 0.
1525536955 1 19899.0253906 0. 5.85603412291e-22 0.
1525536974 1 19902.2773438 0. 5.8595870995e-22 0.
1525537014 1 19876.9101562 0. 5.85886777437e-22 0.
1525537074 1 19846.2363281 0. 5.85923626875e-22 0.
1525537134 1 19808.2773438 0. 5.85777258458e-22 0.
1525537194 1 19766.7070312 0. 5.85472777965e-22 0.
1525537254 1 19582.0136719 0. 5.8091344577e-22 0.
1525537315 1 19401.7402344 0. 5.76559149275e-22 0.
1525537350 1 19369.9492188 0. 5.7617207685e-22 0.
1525537385 1 19572.9355469 0. 5.82804009827e-22 0.
1525537445 1 19597.0058594 0. 5.84576036663e-22 0.
1525537505 1 19589.0371094 0. 5.85420408482e-22 0.
1525537565 1 19758.8066406 0. 5.91903501881e-22 0.
1525537626 1 19683.7636719 0. 5.9079208131e-22 0.
1525537686 1 19647.796875 0. 5.9094022112e-22 0.
1525537740 1 19615.515625 0. 5.90955091582e-22 0.
1525537795 1 19529.296875 0. 5.8934404135e-22 0.
1525537855 1 19498.1953125 0. 5.89475125947e-22 0.
1525537915 1 19426.2578125 0. 5.88483286697e-22 0.
1525537950 1 19388.1171875 0. 5.87983602497e-22 0.
1525537968 1 19379.3945312 0. 5.88038620055e-22 0.
1525538006 1 19328.9550781 0. 5.87142817032e-22 0.
1525538037 1 19273.8867188 0. 5.85953604037e-22 0.
1525538072 1 19350.4589844 0. 5.88956840044e-22 0.
1525538132 1 19255.6015625 0. 5.87068738821e-22 0.
1525538192 1 19200.3242188 0. 5.86403192072e-22 0.
1525538228 1 19222.2128906 0. 5.87658620805e-22 0.
1525538263 1 19204.0917969 0. 5.87723104836e-22 0.
1525538323 1 19169.0898438 0. 5.87675249668e-22 0.
1525538383 1 19085.3320312 0. 5.86139605254e-22 0.
1525538443 1 19036.8984375 0. 5.85674690266e-22 0.
1525538504 1 18951.0996094 0. 5.84055092759e-22 0.
1525538564 1 18953.2871094 0. 5.85131748935e-22 0.
1525538624 1 18924.3574219 0. 5.85286369948e-22 0.
1525538684 1 18855.0292969 0. 5.8412497159e-22 0.
1525538744 1 18797.0195312 0. 5.83298326528e-22 0.
1525538804 1 18827.0214844 0. 5.85218949813e-22 0.
1525538864 1 18770.0390625 0. 5.8452128583e-22 0.
1525538924 1 18689.3828125 0. 5.83016258359e-22 0.
1525538985 1 18645.5878906 0. 5.82689550266e-22 0.
1525539045 1 18677.8886719 0. 5.84725975927e-22 0.
1525539105 1 18580.7480469 0. 5.82656390708e-22 0.
1525539165 1 18572.7695312 0. 5.8343974663e-22 0.
1525539219 1 18495.0019531 0. 5.8188766616e-22 0.
1525539272 1 18451.6464844 0. 5.81412805668e-22 0.
1525539325 1 18367.6425781 0. 5.79639008319e-22 0.
1525539355 1 18444.4121094 0. 5.82542870165e-22 0.
1525539392 1 18397.359375 0. 5.81723550126e-22 0.
1525539452 1 18277.5234375 0. 5.78919130297e-22 0.
1525539512 1 18207.6210938 0. 5.77693815851e-22 0.
1525539572 1 18193.4160156 0. 5.78303613491e-22 0.
1525539633 1 18184.5078125 0. 5.79001973778e-22 0.
1525539693 1 18137.8125 0. 5.78515803245e-22 0.
1525539753 1 18069.5722656 0. 5.77283359474e-22 0.
1525539813 1 18078.546875 0. 5.78483093081e-22 0.
1525539873 1 18026.5644531 0. 5.77722191677e-22 0.
1525539933 1 17950.2773438 0. 5.76157029499e-22 0.
1525539994 1 17980.2949219 0. 5.78035642223e-22 0.
1525540054 1 17935.765625 0. 5.77521359449e-22 0.
1525540114 1 17891.8867188 0. 5.76997752653e-22 0.
1525540174 1 17842.0019531 0. 5.76302947524e-22 0.
1525540234 1 17820.3574219 0. 5.76527092449e-22 0.
1525540294 1 17771.203125 0. 5.75854564684e-22 0.
1525540354 1 17727.0019531 0. 5.75311935769e-22 0.
1525540413 1 17320.9863281 0. 5.62985933676e-22 0.
1525540472 1 16906.2832031 0. 5.50592363449e-22 0.
1525540532 1 18118.0507812 0. 5.9075317772e-22 0.
1525540592 1 18305.2089844 0. 5.97842388027e-22 0.
1525540652 1 18270.9863281 0. 5.97654457329e-22 0.
1525540713 1 18236.8691406 0. 5.9743146664e-22 0.
1525540773 1 18200.8710938 0. 5.97204020398e-22 0.
1525540833 1 18174.1464844 0. 5.97244837538e-22 0.
1525540893 1 18130.0527344 0. 5.96747150844e-22 0.
1525540953 1 18089.7050781 0. 5.96389390451e-22 0.
1525541013 1 18060.2128906 0. 5.96361860588e-22 0.
1525541073 1 18032.8125 0. 5.96394845143e-22 0.
1525541134 1 18000.0 0. 5.96273956839e-22 0.
1525541194 1 17956.4082031 0. 5.95766773964e-22 0.
1525541254 1 17916.0566406 0. 5.95343891608e-22 0.
1525541314 1 17886.8945312 0. 5.95310494589e-22 0.
1525541374 1 17859.0761719 0. 5.95293178776e-22 0.
1525541434 1 17813.6074219 0. 5.947311071e-22 0.
1525541494 1 17774.8574219 0. 5.94344957475e-22 0.
1525541554 1 17756.2539062 0. 5.94660571736e-22 0.
1525541615 1 17712.1757812 0. 5.94094706865e-22 0.
1525541662 1 13614.953125 0. 4.60463811512e-22 0.
1525541688 1 0.313883602619 0. 6.37424574458e-24 0.
1525541709 1 0.250707149506 0. 0.0 0.
1525541737 1 0.224496334791 0. 0.0 0.
1525541783 1 0.204798191786 0. 0.0 0.
1525541843 1 0.187192037702 0. 0.0 0.
1525541903 1 0.173165887594 0. 0.0 0.
