1525573209 1 21041.4375 0. 5.95600975078e-22 0.
1525573269 1 20910.8359375 0. 5.92999933254e-22 0.
1525573329 1 20806.3574219 0. 5.91175968975e-22 0.
1525573389 1 20768.4140625 0. 5.91000473392e-22 0.
1525573445 1 20588.0214844 0. 5.86873261969e-22 0.
1525573501 1 20551.6582031 0. 5.8678062746e-22 0.
1525573561 1 20515.6464844 0. 5.86502449627e-22 0.
1525573621 1 20537.9472656 0. 5.88104224365e-22 0.
1525573681 1 20398.5859375 0. 5.84967034481e-22 0.
1525573741 1 20264.2441406 0. 5.82198718651e-22 0.
1525573802 1 20134.4667969 0. 5.79560931153e-22 0.
1525573857 1 20126.8046875 0. 5.80306583754e-22 0.
1525573912 1 20099.6347656 0. 5.80491048824e-22 0.
1525573972 1 19992.9375 0. 5.78498268067e-22 0.
1525574033 1 19937.9335938 0. 5.77932261328e-22 0.
1525574093 1 19858.6542969 0. 5.76644783938e-22 0.
1525574153 1 19799.125 0. 5.75968741661e-22 0.
1525574213 1 19748.8164062 0. 5.75492817758e-22 0.
1525574273 1 19680.8027344 0. 5.74546870035e-22 0.
1525574333 1 19601.8847656 0. 5.73217803611e-22 0.
1525574393 1 19534.2929688 0. 5.72264412326e-22 0.
1525574454 1 19469.1953125 0. 5.71342896474e-22 0.
1525574514 1 19394.3886719 0. 5.70096878342e-22 0.
1525574574 1 19346.7949219 0. 5.69674507599e-22 0.
1525574618 1 19326.3613281 0. 5.69788407595e-22 0.
1525574663 1 19286.0117188 0. 5.69426365889e-22 0.
1525574706 1 19175.6972656 0. 5.66809704367e-22 0.
1525574723 1 19128.2714844 0. 5.65674491768e-22 0.
1525574739 1 19166.8085938 0. 5.67083258866e-22 0.
1525574779 1 19137.3613281 0. 5.66781466781e-22 0.
1525574839 1 19123.5546875 0. 5.67250981903e-22 0.
1525574899 1 19060.5449219 0. 5.66253474336e-22 0.
1525574960 1 19005.0410156 0. 5.65463241812e-22 0.
1525575020 1 18985.3007812 0. 5.65761232352e-22 0.
1525575080 1 18933.8046875 0. 5.65220763809e-22 0.
1525575140 1 18898.078125 0. 5.65023227315e-22 0.
1525575178 1 18865.9746094 0. 5.64601915414e-22 0.
1525575215 1 18852.9355469 0. 5.64750063512e-22 0.
1525575276 1 18813.6699219 0. 5.64474239891e-22 0.
1525575336 1 18716.0195312 0. 5.62389872326e-22 0.
1525575387 1 18631.4101562 0. 5.60604977326e-22 0.
1525575437 1 18653.1230469 0. 5.61995583094e-22 0.
1525575495 1 18636.4707031 0. 5.62345863711e-22 0.
1525575555 1 18529.0058594 0. 5.59992895424e-22 0.
1525575614 1 18537.5898438 0. 5.6109356645e-22 0.
1525575673 1 18482.2070312 0. 5.60241162797e-22 0.
1525575733 1 18458.015625 0. 5.60344404276e-22 0.
1525575791 1 18439.0449219 0. 5.60606852233e-22 0.
1525575850 1 18423.6972656 0. 5.60984908903e-22 0.
1525575910 1 18382.359375 0. 5.60616568985e-22 0.
1525575954 1 18321.6914062 0. 5.59345765206e-22 0.
1525575998 1 18301.3925781 0. 5.5940465879e-22 0.
1525576058 1 18302.1875 0. 5.60298603253e-22 0.
1525576119 1 18219.3222656 0. 5.58629470714e-22 0.
1525576179 1 18144.4667969 0. 5.57207371512e-22 0.
1525576239 1 18127.4882812 0. 5.57487220945e-22 0.
1525576299 1 18123.7128906 0. 5.58227190082e-22 0.
1525576359 1 18072.0761719 0. 5.57521773155e-22 0.
1525576419 1 18085.8417969 0. 5.58788572161e-22 0.
1525576480 1 17975.9277344 0. 5.56205198719e-22 0.
1525576540 1 17547.3554688 0. 5.43791207464e-22 0.
1525576600 1 17589.9257812 0. 5.46068258962e-22 0.
1525576639 1 17824.1796875 0. 5.53747188509e-22 0.
1525576672 1 18809.4414062 0. 5.84894849286e-22 0.
1525576702 1 6922.90722656 0. 2.16399875762e-22 0.
1525576712 1 2272.72436523 0. 7.07709023111e-23 0.
1525576720 1 3521.63574219 0. 1.09706360651e-22 0.
1525576728 1 5698.21679688 0. 1.77387848434e-22 0.
1525576736 1 7451.15625 0. 2.32139155394e-22 0.
1525576744 1 11040.4179688 0. 3.43762077519e-22 0.
1525576751 1 13013.6113281 0. 4.05473836837e-22 0.
1525576759 1 16430.53125 0. 5.11815585426e-22 0.
1525576767 1 17548.7128906 0. 5.46807474634e-22 0.
1525576776 1 18850.3945312 0. 5.87484129676e-22 0.
1525576783 1 17903.2949219 0. 5.58101268436e-22 0.
1525576791 1 16666.4316406 0. 5.19616809788e-22 0.
1525576799 1 13617.7568359 0. 4.24836384744e-22 0.
1525576808 1 11505.3740234 0. 3.58839451835e-22 0.
1525576815 1 8510.796875 0. 2.65673015906e-22 0.
1525576823 1 6271.62304688 0. 1.95687328879e-22 0.
1525576831 1 4272.32080078 0. 1.33427076244e-22 0.
1525576839 1 2716.64111328 0. 8.48229785037e-23 0.
1525576855 1 6577.50244141 0. 2.06361867058e-22 0.
1525576871 1 1922.75231934 0. 6.02782768628e-23 0.
1525576878 1 3038.87646484 0. 9.52277699353e-23 0.
1525576886 1 4997.89111328 0. 1.56415670478e-22 0.
1525576894 1 6603.14257812 0. 2.06719207999e-22 0.
1525576901 1 10345.5712891 0. 3.23464896826e-22 0.
1525576909 1 12299.9326172 0. 3.84790940885e-22 0.
1525576917 1 16307.84375 0. 5.09791352652e-22 0.
1525576925 1 17406.8300781 0. 5.44232583557e-22 0.
1525576932 1 18823.140625 0. 5.88523480238e-22 0.
1525576940 1 17354.0898438 0. 5.42780992033e-22 0.
1525576948 1 15831.2285156 0. 4.95165738939e-22 0.
1525576956 1 12275.1435547 0. 3.84350961266e-22 0.
1525576963 1 9837.42285156 0. 3.07937126912e-22 0.
1525576971 1 6794.71923828 0. 2.13033368267e-22 0.
1525576979 1 4665.11914062 0. 1.46250438976e-22 0.
1525576987 1 3075.99121094 0. 9.65789091429e-23 0.
1525576994 1 1776.38110352 0. 5.58312366841e-23 0.
1525577003 1 5026.40527344 0. 1.58319031953e-22 0.
1525577038 1 18760.6308594 0. 5.88174463666e-22 0.
1525577098 1 18723.90625 0. 5.87854427089e-22 0.
1525577158 1 18695.6269531 0. 5.87816075143e-22 0.
1525577218 1 18733.3183594 0. 5.89840436358e-22 0.
1525577278 1 18934.2324219 0. 5.97215940119e-22 0.
1525577339 1 18992.6054688 0. 6.00092317494e-22 0.
1525577399 1 19024.6542969 0. 6.02260411778e-22 0.
1525577459 1 19026.1074219 0. 6.03452969879e-22 0.
1525577519 1 19008.5449219 0. 6.04060661793e-22 0.
1525577579 1 18915.2773438 0. 6.02173355616e-22 0.
1525577631 1 18874.7246094 0. 6.01748199367e-22 0.
1525577680 1 18844.1523438 0. 6.01650687334e-22 0.
1525577737 1 18820.9726562 0. 6.01925183525e-22 0.
1525577797 1 18798.828125 0. 6.02271092736e-22 0.
1525577857 1 18771.1542969 0. 6.02457852351e-22 0.
1525577910 1 18744.8359375 0. 6.02541985678e-22 0.
1525577963 1 18702.7890625 0. 6.02100641339e-22 0.
1525578023 1 18677.6210938 0. 6.02336210006e-22 0.
1525578083 1 18632.9160156 0. 6.01936030677e-22 0.
1525578143 1 18580.8320312 0. 6.01258073149e-22 0.
1525578204 1 18553.3261719 0. 6.01361838597e-22 0.
1525578264 1 18465.5332031 0. 5.99515934887e-22 0.
1525578324 1 18401.9667969 0. 5.98449675975e-22 0.
1525578384 1 18325.9960938 0. 5.96960130493e-22 0.
1525578444 1 18296.1445312 0. 5.96987548705e-22 0.
1525578505 1 18272.0957031 0. 5.97199521427e-22 0.
1525578565 1 18253.7246094 0. 5.97583822343e-22 0.
1525578625 1 18223.4453125 0. 5.97591366081e-22 0.
1525578685 1 18185.1015625 0. 5.97299142064e-22 0.
1525578725 1 18170.0878906 0. 5.97413191739e-22 0.
1525578765 1 18135.1835938 0. 5.9691467043e-22 0.
1525578825 1 18101.2734375 0. 5.96761985731e-22 0.
1525578885 1 18065.8652344 0. 5.96560749616e-22 0.
1525578945 1 18025.0859375 0. 5.96193746987e-22 0.
1525579005 1 17983.5996094 0. 5.95788548637e-22 0.
1525579065 1 17941.0605469 0. 5.95342344065e-22 0.
1525579125 1 17909.1503906 0. 5.95228696564e-22 0.
1525579186 1 17868.6855469 0. 5.94837662467e-22 0.
1525579246 1 17823.6953125 0. 5.94243874742e-22 0.
1525579306 1 17797.7910156 0. 5.94301359516e-22 0.
1525579366 1 17738.421875 0. 5.93250120527e-22 0.
1525579426 1 17748.6796875 0. 5.94523060647e-22 0.
1525579486 1 17722.0234375 0. 5.9459098077e-22 0.
1525579547 1 17692.3105469 0. 5.94525149539e-22 0.
1525579607 1 17631.0859375 0. 5.934092115e-22 0.
1525579667 1 17604.4550781 0. 5.93459820634e-22 0.
1525579727 1 17551.2382812 0. 5.92590480748e-22 0.
1525579787 1 17510.7382812 0. 5.92114636494e-22 0.
1525579847 1 17509.5644531 0. 5.92995422243e-22 0.
1525579908 1 17495.0527344 0. 5.93437086641e-22 0.
1525579968 1 17467.4804688 0. 5.93387523664e-22 0.
1525580028 1 17438.4707031 0. 5.93318420143e-22 0.
1525580069 1 12349.7949219 0. 4.22874589532e-22 0.
1525580095 1 0.294116944075 0. 2.41663173423e-23 0.
1525580140 1 0.224784582853 0. 0.0 0.
1525580175 1 0.203867077827 0. 0.0 0.
1525580210 1 0.195936724544 0. 0.0 0.
