1525604826 1 19450.2910156 0. 6.34828724026e-22 0.
1525604886 1 19360.0664062 0. 6.32823050432e-22 0.
1525604935 1 19220.6464844 0. 6.29208533636e-22 0.
1525604984 1 19184.0039062 0. 6.28877571754e-22 0.
1525605045 1 19214.9472656 0. 6.30740354573e-22 0.
1525605080 1 19234.890625 0. 6.3198012171e-22 0.
1525605105 1 19287.5449219 0. 6.34177854706e-22 0.
1525605156 1 19238.3828125 0. 6.33341616553e-22 0.
1525605217 1 19199.1230469 0. 6.33268329658e-22 0.
1525605262 1 19173.3730469 0. 6.33338893891e-22 0.
1525605293 1 19163.8886719 0. 6.33635387024e-22 0.
1525605338 1 19116.5800781 0. 6.32973422943e-22 0.
1525605399 1 19097.6015625 0. 6.33529765952e-22 0.
1525605459 1 19057.0410156 0. 6.33323108587e-22 0.
1525605519 1 19012.7832031 0. 6.32969229017e-22 0.
1525605579 1 18967.7109375 0. 6.32554060547e-22 0.
1525605639 1 18932.8359375 0. 6.32539215661e-22 0.
1525605679 1 18903.9238281 0. 6.32285614326e-22 0.
1525605720 1 18829.7734375 0. 6.30547898436e-22 0.
1525605753 1 18759.609375 0. 6.28754923711e-22 0.
1525605763 1 5315.89648438 0. 1.79428134538e-22 0.
1525605774 1 1976.83886719 0. 6.63542352971e-23 0.
1525605783 1 3607.51489258 0. 1.21168505488e-22 0.
1525605791 1 5369.87158203 0. 1.80150318128e-22 0.
1525605800 1 7750.93408203 0. 2.60373130654e-22 0.
1525605810 1 10770.2617188 0. 3.61350226754e-22 0.
1525605818 1 13130.2841797 0. 4.40966499936e-22 0.
1525605827 1 16258.5029297 0. 5.45706321852e-22 0.
1525605836 1 17580.9238281 0. 5.90330637123e-22 0.
1525605845 1 18607.5 0. 6.24948943055e-22 0.
1525605854 1 17105.2226562 0. 5.74673902389e-22 0.
1525605863 1 16085.9667969 0. 5.40440572743e-22 0.
1525605872 1 12263.4287109 0. 4.1240005402e-22 0.
1525605881 1 10652.7646484 0. 3.58061866133e-22 0.
1525605890 1 6915.48876953 0. 2.32786428666e-22 0.
1525605899 1 5361.16308594 0. 1.80316829673e-22 0.
1525605908 1 3137.55908203 0. 1.05690121591e-22 0.
1525605917 1 2059.25195312 0. 6.9339164306e-23 0.
1525605934 1 5768.66552734 0. 1.95588449327e-22 0.
1525605951 1 2090.20117188 0. 7.069133222e-23 0.
1525605959 1 3703.53686523 0. 1.251831503e-22 0.
1525605968 1 5343.00634766 0. 1.80338825076e-22 0.
1525605977 1 7818.73828125 0. 2.64058131982e-22 0.
1525605986 1 10939.0732422 0. 3.68805727998e-22 0.
1525605994 1 13428.6298828 0. 4.53118565431e-22 0.
1525606003 1 16963.7792969 0. 5.71752931207e-22 0.
1525606012 1 18028.1132812 0. 6.07781141337e-22 0.
1525606020 1 18735.734375 0. 6.31638376799e-22 0.
1525606029 1 15965.3173828 0. 5.38485184021e-22 0.
1525606038 1 14620.3271484 0. 4.93070414591e-22 0.
1525606047 1 9956.61230469 0. 3.3633719835e-22 0.
1525606055 1 8233.41308594 0. 2.77959183419e-22 0.
1525606064 1 4971.40527344 0. 1.68237254095e-22 0.
1525606073 1 3587.13183594 0. 1.21370247664e-22 0.
1525606082 1 2077.65136719 0. 7.04404989427e-23 0.
1525606090 1 1284.02270508 0. 4.3577483631e-23 0.
1525606099 1 4338.95703125 0. 1.47760962965e-22 0.
1525606116 1 18708.6054688 0. 6.32229834603e-22 0.
1525606159 1 18688.109375 0. 6.32238676603e-22 0.
1525606219 1 17986.4667969 0. 6.0952211935e-22 0.
1525606279 1 17011.6601562 0. 5.77635253568e-22 0.
1525606314 1 18667.0742188 0. 6.34255692254e-22 0.
1525606349 1 18640.0058594 0. 6.34027893709e-22 0.
1525606410 1 18584.1660156 0. 6.33159581644e-22 0.
1525606470 1 18560.3710938 0. 6.33356615213e-22 0.
1525606530 1 18840.2714844 0. 6.44027558758e-22 0.
1525606577 1 18787.3886719 0. 6.43062966621e-22 0.
1525606624 1 19019.1640625 0. 6.51940613142e-22 0.
1525606660 1 18982.2871094 0. 6.51349106836e-22 0.
1525606694 1 18986.703125 0. 6.5222194596e-22 0.
1525606753 1 18952.7578125 0. 6.52241131583e-22 0.
1525606813 1 18955.4082031 0. 6.53532179773e-22 0.
1525606873 1 18892.8691406 0. 6.52583663644e-22 0.
1525606933 1 18852.4375 0. 6.52378527713e-22 0.
1525606993 1 18786.3476562 0. 6.51224133877e-22 0.
1525607053 1 18734.3847656 0. 6.50594568033e-22 0.
1525607114 1 18755.7734375 0. 6.52501500881e-22 0.
1525607174 1 18708.4394531 0. 6.52034572468e-22 0.
1525607234 1 18654.1835938 0. 6.51303788851e-22 0.
1525607294 1 18602.9941406 0. 6.50661673824e-22 0.
1525607354 1 18556.6660156 0. 6.5029518819e-22 0.
1525607415 1 18481.6132812 0. 6.48753028898e-22 0.
1525607475 1 18435.4765625 0. 6.48276885374e-22 0.
1525607535 1 18386.2636719 0. 6.47668975198e-22 0.
1525607595 1 18341.1992188 0. 6.47150143794e-22 0.
1525607643 1 18296.3847656 0. 6.46436229836e-22 0.
1525607691 1 18279.9804688 0. 6.46741803507e-22 0.
1525607751 1 18175.0664062 0. 6.44084704048e-22 0.
1525607811 1 18142.0195312 0. 6.43956984519e-22 0.
1525607871 1 18126.1582031 0. 6.4448665952e-22 0.
1525607931 1 18104.4804688 0. 6.44769407511e-22 0.
1525607991 1 18058.3671875 0. 6.44207444932e-22 0.
1525608051 1 17996.9863281 0. 6.43092875029e-22 0.
1525608112 1 17956.8925781 0. 6.42707200749e-22 0.
1525608172 1 17879.6015625 0. 6.40985000391e-22 0.
1525608232 1 17838.1542969 0. 6.40563102035e-22 0.
1525608292 1 17776.8847656 0. 6.39383582287e-22 0.
1525608352 1 17734.9414062 0. 6.38948722409e-22 0.
1525608408 1 17696.8574219 0. 6.38574010866e-22 0.
1525608464 1 17650.0253906 0. 6.37837769523e-22 0.
1525608525 1 17608.0722656 0. 6.3734171553e-22 0.
1525608585 1 17593.8789062 0. 6.37869773538e-22 0.
1525608645 1 17556.4648438 0. 6.37528272856e-22 0.
1525608705 1 17573.1855469 0. 6.39210610583e-22 0.
1525608765 1 17481.765625 0. 6.36915081378e-22 0.
1525608825 1 17444.9414062 0. 6.36574501408e-22 0.
1525608886 1 17412.5898438 0. 6.3641830931e-22 0.
1525608946 1 17401.4921875 0. 6.37044030141e-22 0.
1525609006 1 17372.9804688 0. 6.37009445905e-22 0.
1525609066 1 17351.0214844 0. 6.37232421784e-22 0.
1525609126 1 17306.4335938 0. 6.36611239204e-22 0.
1525609161 1 17281.6191406 0. 6.3624487517e-22 0.
1525609197 1 17267.2207031 0. 6.36366188621e-22 0.
1525609257 1 17214.2109375 0. 6.35418484326e-22 0.
1525609317 1 17187.1699219 0. 6.3542988683e-22 0.
1525609377 1 17125.7363281 0. 6.34178346554e-22 0.
1525609437 1 17079.4335938 0. 6.33455001767e-22 0.
1525609490 1 17040.3847656 0. 6.32875172488e-22 0.
1525609528 1 17023.1425781 0. 6.32840924479e-22 0.
1525609574 1 16975.1875 0. 6.3181915301e-22 0.
1525609634 1 16948.4433594 0. 6.31828406209e-22 0.
1525609694 1 16881.3300781 0. 6.30289709502e-22 0.
1525609754 1 16888.09375 0. 6.31513382722e-22 0.
1525609789 1 16830.6601562 0. 6.29891123379e-22 0.
1525609824 1 16804.9941406 0. 6.2955588986e-22 0.
1525609885 1 16801.234375 0. 6.30407688104e-22 0.
1525609945 1 16785.9042969 0. 6.30795460887e-22 0.
1525610005 1 16758.0253906 0. 6.30719358138e-22 0.
1525610065 1 16720.5644531 0. 6.30254468722e-22 0.
1525610125 1 16679.1933594 0. 6.29644711698e-22 0.
1525610185 1 16646.0742188 0. 6.29383274766e-22 0.
1525610245 1 16658.9453125 0. 6.30813396403e-22 0.
1525610305 1 16539.2773438 0. 6.27291447136e-22 0.
1525610366 1 16465.8535156 0. 6.25432852229e-22 0.
1525610426 1 16425.0839844 0. 6.2484729441e-22 0.
1525610486 1 16443.640625 0. 6.26506912814e-22 0.
1525610529 1 16426.8886719 0. 6.26524271759e-22 0.
1525610560 1 16432.9570312 0. 6.27293666599e-22 0.
1525610585 1 16426.1035156 0. 6.2735580746e-22 0.
1525610623 1 16393.7734375 0. 6.26793437964e-22 0.
1525610683 1 16382.1328125 0. 6.27327055702e-22 0.
1525610743 1 16350.1318359 0. 6.27077750826e-22 0.
1525610803 1 16334.9111328 0. 6.27411485469e-22 0.
1525610863 1 16313.2236328 0. 6.2752944993e-22 0.
1525610923 1 16277.71875 0. 6.2710265803e-22 0.
1525610983 1 16240.5332031 0. 6.26625411011e-22 0.
1525611044 1 16176.0917969 0. 6.25054289936e-22 0.
1525611104 1 16108.3066406 0. 6.23358295296e-22 0.
1525611164 1 16039.4306641 0. 6.21630515762e-22 0.
1525611207 1 16120.5615234 0. 6.25376848087e-22 0.
1525611250 1 16059.6611328 0. 6.23750850712e-22 0.
1525611310 1 16028.9619141 0. 6.23489354589e-22 0.
1525611370 1 16020.6875 0. 6.24106672037e-22 0.
1525611430 1 15985.5703125 0. 6.23644229384e-22 0.
1525611490 1 15936.7783203 0. 6.22683239469e-22 0.
1525611550 1 15896.3408203 0. 6.220225291e-22 0.
1525611610 1 15863.984375 0. 6.21682350293e-22 0.
1525611670 1 15873.4980469 0. 6.22948957366e-22 0.
1525611731 1 15842.4697266 0. 6.22652714167e-22 0.
1525611791 1 15858.5976562 0. 6.24216688395e-22 0.
1525611851 1 15828.3007812 0. 6.23961718175e-22 0.
1525611911 1 15805.7089844 0. 6.23985342453e-22 0.
1525611971 1 15792.2451172 0. 6.24390178159e-22 0.
1525612031 1 15750.671875 0. 6.23655969877e-22 0.
1525612091 1 15722.2373047 0. 6.2349826388e-22 0.
1525612152 1 15694.1777344 0. 6.23311388182e-22 0.
1525612212 1 15658.9423828 0. 6.22823785839e-22 0.
1525612272 1 15630.2412109 0. 6.22633649101e-22 0.
1525612332 1 15625.1152344 0. 6.23346149414e-22 0.
1525612392 1 15590.71875 0. 6.22949562111e-22 0.
1525612453 1 15571.8623047 0. 6.23036514423e-22 0.
1525612513 1 15549.4160156 0. 6.23068847617e-22 0.
1525612573 1 15520.2783203 0. 6.22843935059e-22 0.
1525612613 1 15480.4013672 0. 6.21836893365e-22 0.
1525612652 1 15468.1523438 0. 6.21950553951e-22 0.
1525612712 1 15439.0097656 0. 6.2168472622e-22 0.
1525612773 1 15203.2597656 0. 6.13065255993e-22 0.
1525612833 1 15178.2333984 0. 6.12964980652e-22 0.
1525612893 1 15160.8623047 0. 6.1316697101e-22 0.
1525612953 1 15135.1552734 0. 6.13012137397e-22 0.
1525613013 1 15101.0058594 0. 6.12515107464e-22 0.
1525613073 1 15068.5869141 0. 6.1209594412e-22 0.
1525613133 1 15032.3466797 0. 6.1149517527e-22 0.
1525613194 1 14997.1748047 0. 6.10949307205e-22 0.
1525613254 1 14966.4648438 0. 6.10556561817e-22 0.
1525613314 1 14928.7792969 0. 6.09889472449e-22 0.
1525613374 1 14923.4560547 0. 6.10560246322e-22 0.
1525613434 1 14884.1230469 0. 6.09830886716e-22 0.
1525613494 1 14880.5976562 0. 6.10569400176e-22 0.
1525613554 1 14898.3134766 0. 6.12188175854e-22 0.
1525613615 1 14842.46875 0. 6.1078623648e-22 0.
1525613675 1 14809.1464844 0. 6.10315490908e-22 0.
1525613721 1 14783.8632812 0. 6.09944051424e-22 0.
1525613768 1 14766.5859375 0. 6.09900076615e-22 0.
1525613804 1 14764.0234375 0. 6.10284069909e-22 0.
1525613841 1 14743.4492188 0. 6.1003182811e-22 0.
1525613901 1 14716.1533203 0. 6.09735673839e-22 0.
1525613961 1 14678.3017578 0. 6.09052669396e-22 0.
1525614021 1 14647.2011719 0. 6.08624644292e-22 0.
1525614081 1 14620.3818359 0. 6.08400027467e-22 0.
1525614141 1 14631.5166016 0. 6.09721552857e-22 0.
1525614201 1 14587.7509766 0. 6.08748412757e-22 0.
1525614261 1 14561.375 0. 6.08540186043e-22 0.
1525614317 1 14528.9248047 0. 6.07948881869e-22 0.
1525614372 1 14522.0517578 0. 6.08461260836e-22 0.
1525614433 1 14494.8740234 0. 6.08171830703e-22 0.
1525614493 1 14486.5244141 0. 6.08739488978e-22 0.
1525614553 1 14461.4931641 0. 6.0855561036e-22 0.
1525614613 1 14412.0009766 0. 6.07343269656e-22 0.
1525614673 1 14384.2255859 0. 6.07017506749e-22 0.
1525614733 1 14327.3369141 0. 6.05462668222e-22 0.
1525614793 1 14315.7431641 0. 6.05808663616e-22 0.
1525614854 1 14290.8417969 0. 6.05597552718e-22 0.
1525614914 1 14244.4921875 0. 6.04517582676e-22 0.
1525614974 1 14253.8496094 0. 6.05754852946e-22 0.
1525615034 1 14247.9648438 0. 6.06340457946e-22 0.
1525615094 1 14182.859375 0. 6.04462001536e-22 0.
1525615154 1 14119.3466797 0. 6.02614173676e-22 0.
1525615214 1 14101.7431641 0. 6.02702834402e-22 0.
1525615275 1 14084.4287109 0. 6.02835324541e-22 0.
1525615335 1 14054.6152344 0. 6.0239195801e-22 0.
1525615383 1 13982.4863281 0. 5.99940305331e-22 0.
1525615432 1 13963.9697266 0. 5.99831977217e-22 0.
1525615492 1 13966.0537109 0. 6.00780688096e-22 0.
1525615552 1 14031.1533203 0. 6.04426860127e-22 0.
1525615612 1 13992.5234375 0. 6.03583028164e-22 0.
1525615672 1 13981.0908203 0. 6.03945760549e-22 0.
1525615733 1 13950.9140625 0. 6.03478168963e-22 0.
1525615793 1 13880.1582031 0. 6.01250649453e-22 0.
1525615853 1 13900.3378906 0. 6.02948107505e-22 0.
1525615913 1 13850.7470703 0. 6.01633628634e-22 0.
1525615973 1 13849.2519531 0. 6.02429500015e-22 0.
1525616033 1 13831.9316406 0. 6.02506362563e-22 0.
1525616093 1 13811.6308594 0. 6.02485771465e-22 0.
1525616154 1 13773.2128906 0. 6.0164093378e-22 0.
1525616214 1 13749.5791016 0. 6.01442514847e-22 0.
1525616274 1 13707.4628906 0. 6.00457972401e-22 0.
1525616334 1 13753.7548828 0. 6.03309624475e-22 0.
1525616394 1 13728.84375 0. 6.03086470223e-22 0.
1525616454 1 13679.9716797 0. 6.01767224162e-22 0.
1525616514 1 13656.9277344 0. 6.01593132e-22 0.
1525616574 1 13643.9140625 0. 6.01804226434e-22 0.
1525616635 1 13623.8720703 0. 6.01731836994e-22 0.
1525616674 1 13594.6308594 0. 6.01009312776e-22 0.
1525616714 1 13568.3193359 0. 6.00406833482e-22 0.
1525616774 1 13589.6884766 0. 6.02185272277e-22 0.
1525616835 1 13547.6445312 0. 6.01159122395e-22 0.
1525616895 1 13540.0498047 0. 6.01652912549e-22 0.
1525616955 1 13519.1826172 0. 6.01549258375e-22 0.
1525617015 1 13496.7324219 0. 6.01367626343e-22 0.
1525617075 1 13487.5087891 0. 6.01772387887e-22 0.
1525617135 1 13472.8095703 0. 6.01948836719e-22 0.
1525617195 1 13432.5703125 0. 6.00998704507e-22 0.
1525617256 1 13397.2792969 0. 6.00230041925e-22 0.
1525617316 1 13420.1787109 0. 6.02092857208e-22 0.
1525617376 1 13398.8574219 0. 6.019686047e-22 0.
1525617436 1 13349.3164062 0. 6.00525724221e-22 0.
1525617496 1 13353.4736328 0. 6.01551320246e-22 0.
1525617556 1 13316.6171875 0. 6.00705291788e-22 0.
1525617616 1 13309.1044922 0. 6.01204900799e-22 0.
1525617676 1 13303.0283203 0. 6.01715957678e-22 0.
1525617737 1 13324.7871094 0. 6.03514870253e-22 0.
1525617797 1 13317.2939453 0. 6.04023503055e-22 0.
1525617857 1 13292.0390625 0. 6.03734658324e-22 0.
1525617917 1 13265.8447266 0. 6.0337614526e-22 0.
1525617977 1 13226.1064453 0. 6.02420692829e-22 0.
1525618037 1 13202.8203125 0. 6.02177698823e-22 0.
1525618097 1 13151.4990234 0. 6.00658688673e-22 0.
1525618158 1 13128.4541016 0. 6.00458749945e-22 0.
1525618218 1 13138.5976562 0. 6.01729347184e-22 0.
1525618278 1 13104.6435547 0. 6.00979638845e-22 0.
1525618338 1 13117.1669922 0. 6.02365602913e-22 0.
1525618398 1 13118.8662109 0. 6.03255142731e-22 0.
1525618458 1 13088.0800781 0. 6.02676870481e-22 0.
1525618518 1 13096.109375 0. 6.03870436077e-22 0.
1525618579 1 13043.0527344 0. 6.02252372767e-22 0.
1525618639 1 13051.6953125 0. 6.03500713853e-22 0.
1525618699 1 13041.8564453 0. 6.03888717931e-22 0.
1525618759 1 13037.6201172 0. 6.04522251878e-22 0.
1525618819 1 13022.6816406 0. 6.04662934924e-22 0.
1525618879 1 12999.3242188 0. 6.0443381867e-22 0.
1525618940 1 12960.2431641 0. 6.03411277376e-22 0.
1525619000 1 12971.0322266 0. 6.04718999031e-22 0.
1525619060 1 12901.1181641 0. 6.02289351847e-22 0.
1525619120 1 12859.7714844 0. 6.01163276714e-22 0.
1525619180 1 12858.8925781 0. 6.01908476274e-22 0.
1525619240 1 12899.1201172 0. 6.04623520033e-22 0.
1525619300 1 12869.1044922 0. 6.04088009781e-22 0.
1525619360 1 12909.6845703 0. 6.06819100331e-22 0.
1525619421 1 12875.8701172 0. 6.06062780621e-22 0.
1525619481 1 12878.5263672 0. 6.07012879561e-22 0.
1525619541 1 12854.7509766 0. 6.06723229494e-22 0.
1525619601 1 12863.8359375 0. 6.0800161532e-22 0.
1525619661 1 12816.4335938 0. 6.06582228859e-22 0.
1525619697 1 12767.3398438 0. 6.04752294748e-22 0.
1525619733 1 12775.2060547 0. 6.05643255366e-22 0.
1525619793 1 12762.3867188 0. 6.05824209307e-22 0.
1525619853 1 12749.0205078 0. 6.06034119729e-22 0.
1525619913 1 12737.6943359 0. 6.06303156483e-22 0.
1525619974 1 12784.2402344 0. 6.09358867436e-22 0.
1525620034 1 12796.4072266 0. 6.10761944045e-22 0.
1525620094 1 12765.9853516 0. 6.10111001946e-22 0.
1525620139 1 12578.0498047 0. 6.0173687106e-22 0.
1525620183 1 11996.0664062 0. 5.74561221515e-22 0.
1525620241 1 12914.5537109 0. 6.19247055276e-22 0.
1525620301 1 13167.2822266 0. 6.32259955811e-22 0.
1525620361 1 13151.8671875 0. 6.32422137596e-22 0.
1525620421 1 13112.2470703 0. 6.31376182969e-22 0.
1525620481 1 13123.3535156 0. 6.32800534404e-22 0.
1525620541 1 13113.2607422 0. 6.33254553213e-22 0.
1525620602 1 13101.8876953 0. 6.33608691845e-22 0.
1525620656 1 13086.6191406 0. 6.33702574482e-22 0.
1525620711 1 13068.2324219 0. 6.33612986378e-22 0.
1525620771 1 13040.3847656 0. 6.33136231285e-22 0.
1525620831 1 13034.3476562 0. 6.33773913643e-22 0.
1525620892 1 13006.1240234 0. 6.33392950891e-22 0.
1525620927 1 12986.1523438 0. 6.32903533836e-22 0.
1525620963 1 12964.6484375 0. 6.32494391554e-22 0.
1525621023 1 12944.4013672 0. 6.32352319142e-22 0.
1525621084 1 12917.7167969 0. 6.3193901776e-22 0.
1525621144 1 12901.1904297 0. 6.31978385033e-22 0.
1525621204 1 12883.1679688 0. 6.31944325825e-22 0.
1525621264 1 12860.2041016 0. 6.3172147395e-22 0.
1525621324 1 12845.9003906 0. 6.31904690137e-22 0.
1525621384 1 12821.8574219 0. 6.31640411163e-22 0.
1525621444 1 12786.5625 0. 6.30784152801e-22 0.
1525621504 1 12786.2109375 0. 6.31632595198e-22 0.
1525621565 1 12802.9404297 0. 6.33375872821e-22 0.
1525621625 1 12780.7880859 0. 6.33197239765e-22 0.
1525621685 1 12754.4873047 0. 6.32821385224e-22 0.
1525621745 1 12736.0908203 0. 6.32760531517e-22 0.
1525621805 1 12723.4179688 0. 6.33062286847e-22 0.
1525621865 1 12688.7490234 0. 6.32230658965e-22 0.
1525621926 1 12664.2148438 0. 6.31943957246e-22 0.
1525621986 1 12620.2490234 0. 6.3060726693e-22 0.
1525622046 1 12594.7744141 0. 6.30214775319e-22 0.
1525622106 1 12579.8496094 0. 6.30374660302e-22 0.
1525622152 1 12563.0136719 0. 6.30178924101e-22 0.
1525622197 1 12555.171875 0. 6.3039529553e-22 0.
1525622258 1 12531.0087891 0. 6.30086872288e-22 0.
1525622318 1 12502.2265625 0. 6.29541228053e-22 0.
1525622378 1 12474.0996094 0. 6.2900831795e-22 0.
1525622438 1 12450.0449219 0. 6.28688649886e-22 0.
1525622498 1 12441.9423828 0. 6.29209312872e-22 0.
1525622535 1 12422.84375 0. 6.28750325384e-22 0.
1525622571 1 12413.0957031 0. 6.28821957878e-22 0.
1525622631 1 12416.2060547 0. 6.29851704906e-22 0.
1525622692 1 12411.6191406 0. 6.30523680634e-22 0.
1525622752 1 12391.4814453 0. 6.30398863658e-22 0.
1525622812 1 12357.4814453 0. 6.29552581226e-22 0.
1525622872 1 12337.1953125 0. 6.29430365355e-22 0.
1525622932 1 12319.0126953 0. 6.29391991676e-22 0.
1525622992 1 12310.5166016 0. 6.29862985458e-22 0.
1525623052 1 12279.6777344 0. 6.29169559046e-22 0.
1525623112 1 12238.2421875 0. 6.27938903738e-22 0.
1525623173 1 12238.1962891 0. 6.28828926426e-22 0.
1525623233 1 12214.4892578 0. 6.28524442508e-22 0.
1525623293 1 12190.0234375 0. 6.2813421371e-22 0.
1525623353 1 12167.9726562 0. 6.27859042517e-22 0.
1525623413 1 12147.7363281 0. 6.27700918803e-22 0.
1525623473 1 12138.7041016 0. 6.28106664287e-22 0.
1525623533 1 12116.7314453 0. 6.27861232601e-22 0.
1525623594 1 12086.0732422 0. 6.27152283953e-22 0.
1525623654 1 12102.6904297 0. 6.28916921284e-22 0.
1525623714 1 12082.5507812 0. 6.28726146286e-22 0.
1525623774 1 12065.4882812 0. 6.2874072008e-22 0.
1525623834 1 12046.4746094 0. 6.28643690195e-22 0.
1525623895 1 12012.3544922 0. 6.27714931774e-22 0.
1525623955 1 12004.3046875 0. 6.28182747184e-22 0.
1525624015 1 11991.2236328 0. 6.2838706611e-22 0.
1525624075 1 11970.8876953 0. 6.28225124469e-22 0.
1525624135 1 11937.2412109 0. 6.2733919207e-22 0.
1525624195 1 11918.7841797 0. 6.27215366009e-22 0.
1525624255 1 11912.3515625 0. 6.27740095208e-22 0.
1525624315 1 11888.7412109 0. 6.27379036637e-22 0.
1525624376 1 11867.2753906 0. 6.27166857404e-22 0.
1525624436 1 11851.9462891 0. 6.27233673884e-22 0.
1525624496 1 11829.7851562 0. 6.26909902544e-22 0.
1525624556 1 11721.1015625 0. 6.22016337939e-22 0.
1525624616 1 11368.7226562 0. 6.04172341466e-22 0.
1525624676 1 11470.7587891 0. 6.10433228808e-22 0.
1525624737 1 11779.2880859 0. 6.27723282985e-22 0.
1525624797 1 11772.3193359 0. 6.28228955912e-22 0.
1525624857 1 11740.8544922 0. 6.27445028032e-22 0.
1525624917 1 11752.4833984 0. 6.28948110583e-22 0.
1525624977 1 11747.1123047 0. 6.29537815777e-22 0.
1525625037 1 11730.2675781 0. 6.29490925322e-22 0.
1525625097 1 11707.5927734 0. 6.2915729351e-22 0.
1525625158 1 11682.2617188 0. 6.2868922044e-22 0.
1525625218 1 11679.9863281 0. 6.29453529431e-22 0.
1525625278 1 11649.2421875 0. 6.28656263391e-22 0.
1525625338 1 11626.2880859 0. 6.28334406287e-22 0.
1525625399 1 11611.9960938 0. 6.28436354609e-22 0.
1525625459 1 11588.5810547 0. 6.28049957524e-22 0.
1525625519 1 11570.8076172 0. 6.27916934705e-22 0.
1525625579 1 11547.0498047 0. 6.27480562192e-22 0.
1525625639 1 11535.1552734 0. 6.27688928195e-22 0.
1525625699 1 11523.171875 0. 6.27914650169e-22 0.
1525625759 1 11500.0253906 0. 6.27509054559e-22 0.
1525625820 1 11482.2685547 0. 6.27450590419e-22 0.
1525625880 1 11490.2353516 0. 6.28774103702e-22 0.
1525625940 1 11476.9912109 0. 6.289448208e-22 0.
1525626000 1 11458.5830078 0. 6.28836023169e-22 0.
1525626060 1 11438.5615234 0. 6.2859882969e-22 0.
1525626120 1 11423.2324219 0. 6.28639778679e-22 0.
1525626180 1 11402.5888672 0. 6.28384097165e-22 0.
1525626241 1 11383.2177734 0. 6.28194602137e-22 0.
1525626301 1 11359.6113281 0. 6.2776038511e-22 0.
1525626361 1 11344.2509766 0. 6.2777161277e-22 0.
1525626421 1 11329.0566406 0. 6.27793720826e-22 0.
1525626481 1 11305.0742188 0. 6.27353077233e-22 0.
1525626542 1 11294.9462891 0. 6.27667263929e-22 0.
1525626602 1 11273.3466797 0. 6.27337784085e-22 0.
1525626662 1 11255.3574219 0. 6.27212795953e-22 0.
1525626722 1 11230.5683594 0. 6.26688720184e-22 0.
1525626782 1 11216.7255859 0. 6.26817301777e-22 0.
1525626842 1 11195.9941406 0. 6.2652414065e-22 0.
1525626902 1 11177.9375 0. 6.26376759684e-22 0.
1525626962 1 11180.1337891 0. 6.27382030375e-22 0.
1525627023 1 11173.9833984 0. 6.27911360327e-22 0.
1525627083 1 11156.2197266 0. 6.27773158505e-22 0.
1525627143 1 11136.7587891 0. 6.2757629449e-22 0.
1525627203 1 11119.4208984 0. 6.27478542498e-22 0.
1525627263 1 11100.1484375 0. 6.27280649801e-22 0.
1525627323 1 11081.0419922 0. 6.27105784891e-22 0.
1525627383 1 11068.1591797 0. 6.27257412807e-22 0.
1525627444 1 11047.0800781 0. 6.26945001009e-22 0.
1525627504 1 11024.4677734 0. 6.26540943248e-22 0.
1525627564 1 11008.4130859 0. 6.26474946867e-22 0.
1525627624 1 10986.8193359 0. 6.26109279492e-22 0.
1525627684 1 10966.2001953 0. 6.25826122811e-22 0.
1525627744 1 10950.6503906 0. 6.25795889882e-22 0.
1525627804 1 10930.8652344 0. 6.25538172849e-22 0.
1525627865 1 10918.1621094 0. 6.25691416283e-22 0.
1525627925 1 10902.9111328 0. 6.25701054539e-22 0.
1525627963 1 10892.7314453 0. 6.25662889289e-22 0.
1525628002 1 10877.9326172 0. 6.25409531298e-22 0.
1525628062 1 10861.3525391 0. 6.25322577089e-22 0.
1525628122 1 10842.7646484 0. 6.25126783819e-22 0.
1525628182 1 10846.4755859 0. 6.26211125367e-22 0.
1525628242 1 10842.5253906 0. 6.26855505101e-22 0.
1525628302 1 10820.2763672 0. 6.26425674264e-22 0.
1525628363 1 10803.4902344 0. 6.26346252122e-22 0.
1525628423 1 10780.9091797 0. 6.25893119997e-22 0.
1525628483 1 10765.4882812 0. 6.25861518802e-22 0.
1525628537 1 10753.421875 0. 6.25924956026e-22 0.
1525628589 1 10729.90625 0. 6.2534234732e-22 0.
1525628648 1 10716.8388672 0. 6.25430375915e-22 0.
1525628709 1 10701.7685547 0. 6.2543539553e-22 0.
1525628769 1 10671.0654297 0. 6.24477171337e-22 0.
1525628829 1 10658.2548828 0. 6.24566617743e-22 0.
1525628889 1 10648.2978516 0. 6.24827374853e-22 0.
1525628950 1 10629.8222656 0. 6.24607667741e-22 0.
1525629010 1 10612.8808594 0. 6.24511116669e-22 0.
1525629070 1 10593.0166016 0. 6.24202781498e-22 0.
1525629130 1 10579.7832031 0. 6.24302872719e-22 0.
1525629190 1 10562.8398438 0. 6.24182796449e-22 0.
1525629250 1 10549.8876953 0. 6.24265641007e-22 0.
1525629310 1 10542.1894531 0. 6.24666393033e-22 0.
1525629371 1 10549.7636719 0. 6.25966966252e-22 0.
1525629431 1 10530.3994141 0. 6.2565094868e-22 0.
1525629491 1 10509.6933594 0. 6.25307366068e-22 0.
1525629551 1 10486.6367188 0. 6.24792428531e-22 0.
1525629611 1 10477.0429688 0. 6.25103020912e-22 0.
1525629671 1 10456.2285156 0. 6.24713413625e-22 0.
1525629732 1 10435.8955078 0. 6.24368724241e-22 0.
1525629792 1 10403.3066406 0. 6.23318454552e-22 0.
1525629852 1 10384.9921875 0. 6.23059265031e-22 0.
1525629912 1 10365.5234375 0. 6.22752189191e-22 0.
1525629972 1 10356.0537109 0. 6.23068274369e-22 0.
1525630032 1 10334.3369141 0. 6.22650419564e-22 0.
1525630092 1 10319.3310547 0. 6.22590978521e-22 0.
1525630153 1 10300.6669922 0. 6.2234812305e-22 0.
1525630213 1 10282.9960938 0. 6.22138173204e-22 0.
1525630273 1 10263.0283203 0. 6.21784245718e-22 0.
1525630333 1 10249.1962891 0. 6.21826637911e-22 0.
1525630393 1 10228.1171875 0. 6.21418936267e-22 0.
1525630453 1 10211.1074219 0. 6.21279802455e-22 0.
1525630497 1 10214.1142578 0. 6.22068945007e-22 0.
1525630538 1 10224.5410156 0. 6.23317497117e-22 0.
1525630594 1 10201.3535156 0. 6.22733625818e-22 0.
1525630654 1 10192.9267578 0. 6.23083081727e-22 0.
1525630715 1 10174.2832031 0. 6.22828274649e-22 0.
1525630775 1 10148.8583984 0. 6.22120453267e-22 0.
1525630835 1 10129.9707031 0. 6.21811400244e-22 0.
1525630883 1 10124.4697266 0. 6.22161987705e-22 0.
1525630930 1 10105.8164062 0. 6.21698157624e-22 0.
1525630990 1 10095.8251953 0. 6.21975221851e-22 0.
1525631051 1 10078.8808594 0. 6.21783750394e-22 0.
1525631111 1 10058.65625 0. 6.21394482584e-22 0.
1525631171 1 10036.2060547 0. 6.20865083231e-22 0.
1525631231 1 10022.4482422 0. 6.20867458915e-22 0.
1525631291 1 10010.5341797 0. 6.20991264224e-22 0.
1525631351 1 9997.27441406 0. 6.21039860169e-22 0.
1525631411 1 9981.81640625 0. 6.20931462296e-22 0.
1525631471 1 9966.38183594 0. 6.20826547272e-22 0.
1525631532 1 9948.96484375 0. 6.20628956806e-22 0.
1525631592 1 9938.81347656 0. 6.20833864719e-22 0.
1525631652 1 9914.16308594 0. 6.20189997198e-22 0.
1525631712 1 9895.26953125 0. 6.19857713052e-22 0.
1525631772 1 9880.765625 0. 6.19818140307e-22 0.
1525631832 1 9869.00683594 0. 6.19932043545e-22 0.
1525631892 1 9854.3984375 0. 6.19910941813e-22 0.
1525631953 1 9834.93945312 0. 6.19529761787e-22 0.
1525632013 1 9817.15429688 0. 6.19235754404e-22 0.
1525632073 1 9802.29589844 0. 6.19138041912e-22 0.
1525632133 1 9787.57910156 0. 6.19072151841e-22 0.
1525632176 1 9769.50683594 0. 6.18565611833e-22 0.
1525632220 1 9769.89746094 0. 6.19236876878e-22 0.
1525632280 1 9750.51171875 0. 6.18846230576e-22 0.
1525632340 1 9734.30078125 0. 6.18676037619e-22 0.
1525632400 1 9718.33007812 0. 6.18528490526e-22 0.
1525632460 1 9698.10742188 0. 6.18091750028e-22 0.
1525632521 1 9679.95507812 0. 6.17803887491e-22 0.
1525632581 1 9659.38378906 0. 6.17352853315e-22 0.
1525632641 1 9654.57421875 0. 6.17901459986e-22 0.
1525632701 1 9639.99316406 0. 6.17810024855e-22 0.
1525632761 1 9625.00488281 0. 6.17680174036e-22 0.
1525632821 1 9610.02148438 0. 6.17574520118e-22 0.
1525632881 1 9588.20703125 0. 6.17001710834e-22 0.
1525632942 1 9584.29394531 0. 6.17587782188e-22 0.
1525633002 1 9558.00585938 0. 6.16745220573e-22 0.
1525633062 1 9541.03417969 0. 6.1650411413e-22 0.
1525633122 1 9528.31738281 0. 6.16548790558e-22 0.
1525633182 1 9510.83398438 0. 6.16265528678e-22 0.
1525633242 1 9497.62695312 0. 6.16218047927e-22 0.
1525633302 1 9475.77929688 0. 6.15652613998e-22 0.
1525633362 1 9460.52441406 0. 6.15497123838e-22 0.
1525633423 1 9457.12011719 0. 6.16107029239e-22 0.
1525633483 1 9444.24316406 0. 6.1610165912e-22 0.
1525633543 1 9435.53808594 0. 6.16380990758e-22 0.
1525633603 1 9421.66113281 0. 6.16322337416e-22 0.
1525633663 1 9411.80761719 0. 6.16524143831e-22 0.
1525633723 1 9390.25683594 0. 6.15989939615e-22 0.
1525633783 1 9378.546875 0. 6.16066735975e-22 0.
1525633844 1 9361.79980469 0. 6.15781798512e-22 0.
1525633904 1 9345.71191406 0. 6.15564569563e-22 0.
1525633964 1 9325.95019531 0. 6.15097925817e-22 0.
1525634024 1 9305.14941406 0. 6.14551060275e-22 0.
1525634084 1 9294.94824219 0. 6.14677971796e-22 0.
1525634144 1 9272.12988281 0. 6.14047681397e-22 0.
1525634204 1 9252.16601562 0. 6.13542677537e-22 0.
1525634264 1 9242.24023438 0. 6.13657144585e-22 0.
1525634325 1 9237.796875 0. 6.14167382025e-22 0.
1525634385 1 9223.45996094 0. 6.14054445583e-22 0.
1525634445 1 9208.28320312 0. 6.13870944773e-22 0.
1525634505 1 9199.80761719 0. 6.14116660676e-22 0.
1525634565 1 9180.82910156 0. 6.13697282184e-22 0.
1525634625 1 9168.359375 0. 6.13669427002e-22 0.
1525634686 1 9154.08789062 0. 6.13553956426e-22 0.
1525634746 1 9135.81152344 0. 6.13145692707e-22 0.
1525634806 1 9123.18457031 0. 6.13149278198e-22 0.
1525634866 1 9110.66503906 0. 6.13164931534e-22 0.
1525634926 1 9093.51757812 0. 6.12853495794e-22 0.
1525634986 1 9079.91503906 0. 6.12789760427e-22 0.
1525635046 1 9065.75878906 0. 6.12667118572e-22 0.
1525635106 1 9051.87792969 0. 6.12547235934e-22 0.
1525635167 1 9025.28027344 0. 6.11547720738e-22 0.
1525635227 1 9010.265625 0. 6.11335318023e-22 0.
1525635287 1 9007.29980469 0. 6.11951692258e-22 0.
1525635347 1 8994.75585938 0. 6.11894576007e-22 0.
1525635407 1 8981.44238281 0. 6.11817040866e-22 0.
1525635467 1 8969.61132812 0. 6.11886310987e-22 0.
1525635528 1 8960.83496094 0. 6.12067896782e-22 0.
1525635588 1 8942.27148438 0. 6.11607066227e-22 0.
1525635648 1 8927.30078125 0. 6.11400505917e-22 0.
1525635708 1 8912.32519531 0. 6.11190402114e-22 0.
1525635768 1 8896.35546875 0. 6.10926524502e-22 0.
1525635828 1 8880.25 0. 6.10697492124e-22 0.
1525635888 1 8863.98925781 0. 6.10334006805e-22 0.
1525635949 1 8854.39257812 0. 6.1043149803e-22 0.
1525636009 1 8838.43554688 0. 6.10161221994e-22 0.
1525636069 1 8821.03222656 0. 6.09761959508e-22 0.
1525636129 1 8809.47167969 0. 6.09762965021e-22 0.
1525636189 1 8792.61035156 0. 6.09405500367e-22 0.
1525636249 1 8775.15429688 0. 6.0903819608e-22 0.
1525636309 1 8768.42773438 0. 6.09391363073e-22 0.
1525636344 1 8750.77832031 0. 6.08630032778e-22 0.
1525636380 1 8747.34667969 0. 6.08904284668e-22 0.
1525636440 1 8738.53125 0. 6.09094642385e-22 0.
1525636500 1 8723.71777344 0. 6.08866540348e-22 0.
1525636561 1 8714.578125 0. 6.09052744196e-22 0.
1525636621 1 8700.52929688 0. 6.08860245321e-22 0.
1525636681 1 8680.5 0. 6.08243400292e-22 0.
1525636741 1 8665.18847656 0. 6.07966257613e-22 0.
1525636801 1 8654.20800781 0. 6.08037054118e-22 0.
1525636861 1 8641.02636719 0. 6.07899608228e-22 0.
1525636921 1 8622.00097656 0. 6.07383329022e-22 0.
1525636981 1 8597.78808594 0. 6.064889736e-22 0.
1525637042 1 8585.31933594 0. 6.06421509383e-22 0.
1525637102 1 8571.3828125 0. 6.06206146037e-22 0.
1525637162 1 8570.36132812 0. 6.06942177618e-22 0.
1525637222 1 8554.7265625 0. 6.06602844005e-22 0.
1525637282 1 8539.79882812 0. 6.06353412571e-22 0.
1525637342 1 8522.04589844 0. 6.0588444897e-22 0.
1525637402 1 8512.27929688 0. 6.05992522928e-22 0.
1525637462 1 8495.68652344 0. 6.05590962891e-22 0.
1525637523 1 8481.80566406 0. 6.05376158168e-22 0.
1525637583 1 8470.18359375 0. 6.05342526474e-22 0.
1525637643 1 8456.66308594 0. 6.0518702111e-22 0.
1525637703 1 8441.2890625 0. 6.04886510788e-22 0.
1525637763 1 8427.52148438 0. 6.04689779811e-22 0.
1525637823 1 8411.75488281 0. 6.04378248994e-22 0.
1525637883 1 8395.35449219 0. 6.03996680611e-22 0.
1525637943 1 8393.49023438 0. 6.0469976235e-22 0.
1525638003 1 8341.62890625 0. 6.01694717927e-22 0.
1525638064 1 8333.484375 0. 6.01896525006e-22 0.
1525638124 1 8322.37207031 0. 6.01886414624e-22 0.
1525638184 1 8307.265625 0. 6.01603862377e-22 0.
1525638244 1 8288.52539062 0. 6.00997785917e-22 0.
1525638304 1 8269.85253906 0. 6.00446680711e-22 0.
1525638364 1 8252.71582031 0. 5.99987346476e-22 0.
1525638424 1 8238.07324219 0. 5.99732324922e-22 0.
1525638484 1 8239.28710938 0. 6.00588639585e-22 0.
1525638545 1 8220.31738281 0. 5.99967245989e-22 0.
1525638605 1 8206.8203125 0. 5.99791321622e-22 0.
1525638642 1 8185.82910156 0. 5.9867214247e-22 0.
1525638680 1 8175.99072266 0. 5.98470197277e-22 0.
1525638722 1 8165.50341797 0. 5.98203514828e-22 0.
1525638759 1 8161.90332031 0. 5.9843785735e-22 0.
1525638815 1 8159.55078125 0. 5.99007295249e-22 0.
1525638875 1 8151.53662109 0. 5.99220205371e-22 0.
1525638935 1 8154.13037109 0. 6.00188766643e-22 0.
1525638995 1 8130.05615234 0. 5.99189316263e-22 0.
1525639055 1 8121.6953125 0. 5.99393436202e-22 0.
1525639115 1 8116.47070312 0. 5.9976361699e-22 0.
1525639176 1 8110.65966797 0. 6.00115847223e-22 0.
1525639236 1 8099.54199219 0. 6.00063321144e-22 0.
1525639296 1 8087.04248047 0. 5.99918711136e-22 0.
1525639356 1 8077.25439453 0. 5.99971497198e-22 0.
1525639416 1 8079.45605469 0. 6.00930664604e-22 0.
1525639476 1 8058.67626953 0. 6.00156851802e-22 0.
1525639536 1 8050.69921875 0. 6.00333809971e-22 0.
1525639591 1 8040.29248047 0. 6.00252619888e-22 0.
1525639645 1 8032.94042969 0. 6.00407284449e-22 0.
1525639705 1 8019.49951172 0. 6.00154325102e-22 0.
1525639765 1 8002.12597656 0. 5.99610006514e-22 0.
1525639825 1 7999.18115234 0. 6.00151077994e-22 0.
1525639885 1 7981.2421875 0. 5.99565259882e-22 0.
1525639946 1 7964.66113281 0. 5.99115959022e-22 0.
1525640006 1 7951.94091797 0. 5.98929489023e-22 0.
1525640066 1 7934.27099609 0. 5.98335019434e-22 0.
1525640126 1 7926.00732422 0. 5.98512316205e-22 0.
1525640186 1 7911.91113281 0. 5.98232761309e-22 0.
1525640246 1 7895.83398438 0. 5.97769056505e-22 0.
1525640306 1 7879.88427734 0. 5.97340169746e-22 0.
1525640366 1 7867.0859375 0. 5.97164585034e-22 0.
1525640427 1 7856.45654297 0. 5.97094462226e-22 0.
1525640487 1 7836.29589844 0. 5.96312281866e-22 0.
1525640547 1 7828.34228516 0. 5.96458536973e-22 0.
1525640588 1 7820.17138672 0. 5.96277811855e-22 0.
1525640630 1 7816.44433594 0. 5.965610607e-22 0.
1525640690 1 7816.66357422 0. 5.97319747302e-22 0.
1525640750 1 7799.82470703 0. 5.96806846256e-22 0.
1525640810 1 7797.5 0. 5.97405827039e-22 0.
1525640870 1 7783.45214844 0. 5.97071523679e-22 0.
1525640930 1 7770.52783203 0. 5.96879773531e-22 0.
1525640991 1 7751.42529297 0. 5.96174594594e-22 0.
1525641051 1 7742.11376953 0. 5.96206062642e-22 0.
1525641111 1 7729.73583984 0. 5.96042646382e-22 0.
1525641171 1 7718.46826172 0. 5.95911486953e-22 0.
1525641231 1 7701.06005859 0. 5.95334128653e-22 0.
1525641291 1 7693.08544922 0. 5.95447051878e-22 0.
1525641351 1 7684.33349609 0. 5.95518981008e-22 0.
1525641412 1 7672.13476562 0. 5.95323770712e-22 0.
1525641472 1 7672.24658203 0. 5.96093262889e-22 0.
1525641532 1 7660.36669922 0. 5.95896547892e-22 0.
1525641592 1 7648.68701172 0. 5.95768434744e-22 0.
1525641652 1 7637.28222656 0. 5.95612769854e-22 0.
1525641712 1 7622.72705078 0. 5.95246929253e-22 0.
1525641772 1 7610.83105469 0. 5.95064679989e-22 0.
1525641833 1 7609.08691406 0. 5.95658791487e-22 0.
1525641893 1 7593.97753906 0. 5.95238828219e-22 0.
1525641953 1 7588.36279297 0. 5.95536277737e-22 0.
1525642013 1 7579.8515625 0. 5.95613287807e-22 0.
1525642073 1 7565.45898438 0. 5.95250969991e-22 0.
1525642133 1 7536.09814453 0. 5.93712276234e-22 0.
1525642193 1 7537.37597656 0. 5.94532567807e-22 0.
1525642253 1 7531.5859375 0. 5.94792965315e-22 0.
1525642314 1 7524.05908203 0. 5.94945032218e-22 0.
1525642374 1 7513.73583984 0. 5.94875945224e-22 0.
1525642434 1 7503.078125 0. 5.94753862887e-22 0.
1525642494 1 7485.1796875 0. 5.94081753788e-22 0.
1525642554 1 7469.46533203 0. 5.935659068e-22 0.
1525642614 1 7454.20898438 0. 5.93051134627e-22 0.
1525642674 1 7446.54833984 0. 5.93168679066e-22 0.
1525642735 1 7441.91943359 0. 5.93523192997e-22 0.
1525642795 1 7435.24316406 0. 5.93758096066e-22 0.
1525642855 1 7424.33935547 0. 5.93609940411e-22 0.
1525642915 1 7428.49023438 0. 5.94659960825e-22 0.
1525642976 1 7415.96826172 0. 5.94413932889e-22 0.
1525643036 1 7402.98144531 0. 5.94126859648e-22 0.
1525643096 1 7388.51513672 0. 5.93687302418e-22 0.
1525643156 1 7375.99560547 0. 5.93421723065e-22 0.
1525643216 1 7366.27783203 0. 5.93418572846e-22 0.
1525643276 1 7356.61523438 0. 5.93383709589e-22 0.
1525643336 1 7336.22558594 0. 5.92469765783e-22 0.
1525643396 1 7316.86523438 0. 5.91686047522e-22 0.
1525643456 1 7303.54785156 0. 5.9134189007e-22 0.
1525643517 1 7312.08447266 0. 5.92745915546e-22 0.
1525643577 1 7300.67529297 0. 5.92569240869e-22 0.
1525643637 1 7292.13525391 0. 5.92613326907e-22 0.
1525643697 1 7285.20703125 0. 5.92784754615e-22 0.
1525643757 1 7272.88916016 0. 5.92536385102e-22 0.
1525643817 1 7260.87109375 0. 5.92270610896e-22 0.
1525643877 1 7249.11328125 0. 5.920532167e-22 0.
1525643938 1 7239.11230469 0. 5.91962637312e-22 0.
1525643998 1 7231.61669922 0. 5.92101271427e-22 0.
1525644058 1 7219.6171875 0. 5.91851864709e-22 0.
1525644118 1 7208.25195312 0. 5.91645403406e-22 0.
1525644178 1 7197.88769531 0. 5.9154120651e-22 0.
1525644238 1 7186.59863281 0. 5.91327480609e-22 0.
1525644298 1 7168.98535156 0. 5.90613708372e-22 0.
1525644359 1 7166.47460938 0. 5.91085550378e-22 0.
1525644419 1 7154.80371094 0. 5.90855391765e-22 0.
1525644479 1 7146.16455078 0. 5.90861169077e-22 0.
1525644539 1 7142.17675781 0. 5.91262901657e-22 0.
1525644599 1 7130.81396484 0. 5.91013701609e-22 0.
1525644660 1 7122.33496094 0. 5.91043424142e-22 0.
1525644720 1 7110.54931641 0. 5.90777253962e-22 0.
1525644780 1 7101.25976562 0. 5.90731711223e-22 0.
1525644840 1 7094.35253906 0. 5.90867138975e-22 0.
1525644900 1 7082.89355469 0. 5.90640770357e-22 0.
1525644960 1 7078.31054688 0. 5.90963234217e-22 0.
1525645021 1 7068.07568359 0. 5.90817069405e-22 0.
1525645077 1 7059.06738281 0. 5.90747292446e-22 0.
1525645134 1 7044.93115234 0. 5.90239074687e-22 0.
1525645194 1 7034.22363281 0. 5.90071902736e-22 0.
1525645255 1 7024.05517578 0. 5.89935426035e-22 0.
1525645315 1 7017.66796875 0. 5.9010864777e-22 0.
1525645375 1 7003.88867188 0. 5.89693133275e-22 0.
1525645435 1 7001.09521484 0. 5.90156695149e-22 0.
1525645495 1 6990.02050781 0. 5.89956199108e-22 0.
1525645555 1 6962.53417969 0. 5.88357439535e-22 0.
1525645615 1 6956.8203125 0. 5.88558641775e-22 0.
1525645676 1 6948.47021484 0. 5.88536454648e-22 0.
1525645736 1 6941.55566406 0. 5.88694930734e-22 0.
1525645796 1 6928.16162109 0. 5.88269661716e-22 0.
1525645856 1 6915.89111328 0. 5.87931902105e-22 0.
1525645916 1 6909.05712891 0. 5.88051084947e-22 0.
1525645976 1 6890.59912109 0. 5.87190081517e-22 0.
1525646036 1 6749.55419922 0. 5.75832097281e-22 0.
1525646097 1 6596.57861328 0. 5.63461255078e-22 0.
1525646157 1 6921.59912109 0. 5.91816124895e-22 0.
1525646217 1 6921.54101562 0. 5.9251619671e-22 0.
1525646277 1 6912.17822266 0. 5.92468571201e-22 0.
1525646337 1 6902.52929688 0. 5.92366456452e-22 0.
1525646397 1 6965.51318359 0. 5.98430732597e-22 0.
1525646457 1 7404.21923828 0. 6.37048450914e-22 0.
1525646518 1 7412.65722656 0. 6.38730333283e-22 0.
1525646578 1 7402.18994141 0. 6.38740159245e-22 0.
1525646638 1 7341.58740234 0. 6.3438085201e-22 0.
1525646698 1 7055.45263672 0. 6.10468148786e-22 0.
1525646758 1 7306.26123047 0. 6.33270594338e-22 0.
1525646818 1 7375.54541016 0. 6.40054510792e-22 0.
1525646879 1 7364.77441406 0. 6.40014845848e-22 0.
1525646939 1 7351.72216797 0. 6.39762435586e-22 0.
1525646999 1 7343.41064453 0. 6.39954307176e-22 0.
1525647059 1 7333.42626953 0. 6.39963983737e-22 0.
1525647119 1 7320.44140625 0. 6.39692465744e-22 0.
1525647179 1 7305.39648438 0. 6.39276213697e-22 0.
1525647239 1 7290.34765625 0. 6.38860866293e-22 0.
1525647300 1 7280.74267578 0. 6.38864308814e-22 0.
1525647360 1 7265.01464844 0. 6.38330659241e-22 0.
1525647420 1 7253.85839844 0. 6.38238152523e-22 0.
1525647480 1 7242.97900391 0. 6.38158517902e-22 0.
1525647540 1 7234.58642578 0. 6.38268933605e-22 0.
1525647600 1 7223.77001953 0. 6.38201411055e-22 0.
1525647660 1 7210.84472656 0. 6.37941754453e-22 0.
1525647720 1 7202.85302734 0. 6.38074919579e-22 0.
1525647781 1 7189.74267578 0. 6.37799064552e-22 0.
1525647841 1 7176.31445312 0. 6.37505499657e-22 0.
1525647901 1 7168.50244141 0. 6.37689585542e-22 0.
1525647961 1 7155.86181641 0. 6.37421050651e-22 0.
1525648021 1 7143.79394531 0. 6.37197556282e-22 0.
1525648081 1 7133.69433594 0. 6.3714242249e-22 0.
1525648141 1 7121.30517578 0. 6.36926471501e-22 0.
1525648201 1 7108.60693359 0. 6.36623353273e-22 0.
1525648257 1 7094.92138672 0. 6.36207734238e-22 0.
1525648313 1 7085.71240234 0. 6.36189739061e-22 0.
1525648373 1 7072.16943359 0. 6.35844902219e-22 0.
1525648433 1 7061.12402344 0. 6.35686549418e-22 0.
1525648494 1 7047.61474609 0. 6.3533064256e-22 0.
1525648554 1 7040.18457031 0. 6.35520357351e-22 0.
1525648614 1 7030.33886719 0. 6.354822894e-22 0.
1525648674 1 7104.44189453 0. 6.43068129713e-22 0.
1525648734 1 7399.9375 0. 6.71032653298e-22 0.
1525648794 1 7395.25683594 0. 6.71859173651e-22 0.
1525648854 1 7345.37060547 0. 6.68582909132e-22 0.
1525648915 1 7133.76367188 0. 6.50405859285e-22 0.
1525648975 1 7189.61474609 0. 6.56895306481e-22 0.
1525649035 1 7342.765625 0. 6.72028928067e-22 0.
1525649095 1 7326.05908203 0. 6.71720924109e-22 0.
1525649155 1 7309.77978516 0. 6.71436314199e-22 0.
1525649215 1 7294.50097656 0. 6.71228420046e-22 0.
1525649275 1 7281.57470703 0. 6.71248136688e-22 0.
1525649336 1 7268.52246094 0. 6.71266977517e-22 0.
1525649396 1 7257.58203125 0. 6.71461114329e-22 0.
1525649456 1 7244.95849609 0. 6.71479587173e-22 0.
1525649516 1 7229.96826172 0. 6.71276482634e-22 0.
1525649576 1 7217.84423828 0. 6.71252206765e-22 0.
1525649636 1 7207.29638672 0. 6.71465915769e-22 0.
1525649672 1 7200.06445312 0. 6.71447221418e-22 0.
1525649707 1 7191.13378906 0. 6.71393336879e-22 0.
1525649767 1 7178.84912109 0. 6.71397773898e-22 0.
1525649827 1 7164.19726562 0. 6.71150128859e-22 0.
1525649887 1 7153.74462891 0. 6.71357698222e-22 0.
1525649947 1 7141.78369141 0. 6.71376249335e-22 0.
1525650008 1 7127.56396484 0. 6.71192907906e-22 0.
1525650068 1 7115.703125 0. 6.71244210606e-22 0.
1525650128 1 7100.62841797 0. 6.70966457527e-22 0.
1525650188 1 7085.02685547 0. 6.70606160365e-22 0.
1525650248 1 7073.65576172 0. 6.70609198e-22 0.
1525650296 1 7063.03808594 0. 6.70459840906e-22 0.
1525650320 1 2734.08203125 0. 2.62204453771e-22 0.
1525650331 1 634.975158691 0. 6.04584748161e-23 0.
1525650340 1 1231.83679199 0. 1.17181493993e-22 0.
1525650348 1 1781.24694824 0. 1.69196229138e-22 0.
1525650357 1 2822.76147461 0. 2.68471231936e-22 0.
1525650366 1 3812.23583984 0. 3.62163889015e-22 0.
1525650375 1 4995.79833984 0. 4.7520145976e-22 0.
1525650384 1 6044.10205078 0. 5.74670974308e-22 0.
1525650393 1 6633.02099609 0. 6.31072557569e-22 0.
1525650402 1 7039.6328125 0. 6.69950748745e-22 0.
1525650410 1 6494.66503906 0. 6.18346180223e-22 0.
1525650419 1 6065.61083984 0. 5.77595003975e-22 0.
1525650428 1 4709.27978516 0. 4.48892479923e-22 0.
1525650438 1 3915.28417969 0. 3.73013532204e-22 0.
1525650446 1 2625.65649414 0. 2.5052479649e-22 0.
1525650455 1 1949.12963867 0. 1.85832839352e-22 0.
1525650464 1 1216.31787109 0. 1.16185266984e-22 0.
1525650473 1 766.596923828 0. 7.32662658651e-23 0.
1525650490 1 3285.21411133 0. 3.15750001088e-22 0.
1525650506 1 1069.61047363 0. 1.01774450615e-22 0.
1525650515 1 1816.35595703 0. 1.72798477949e-22 0.
1525650524 1 2443.13256836 0. 2.32198796471e-22 0.
1525650532 1 3471.34350586 0. 3.30596032908e-22 0.
1525650541 1 4372.29541016 0. 4.16256644171e-22 0.
1525650550 1 5402.06201172 0. 5.15330781383e-22 0.
1525650558 1 6219.15429688 0. 5.93514927438e-22 0.
1525650567 1 6702.89160156 0. 6.40457585065e-22 0.
1525650576 1 7013.46337891 0. 6.70695855944e-22 0.
1525650584 1 6599.61035156 0. 6.31631243953e-22 0.
1525650593 1 6287.19238281 0. 6.02005335122e-22 0.
1525650602 1 5172.66113281 0. 4.95763773432e-22 0.
1525650611 1 4466.41650391 0. 4.28051190002e-22 0.
1525650620 1 3244.21801758 0. 3.11397998986e-22 0.
1525650628 1 2519.51586914 0. 2.41762317084e-22 0.
1525650637 1 1666.6204834 0. 1.6026985164e-22 0.
1525650645 1 1138.90673828 0. 1.09633177102e-22 0.
1525650654 1 3205.74487305 0. 3.09754931218e-22 0.
1525650689 1 6995.6171875 0. 6.70956661877e-22 0.
1525650749 1 6988.21044922 0. 6.71252237475e-22 0.
1525650809 1 6979.17431641 0. 6.71386849169e-22 0.
1525650869 1 6965.39550781 0. 6.70990927374e-22 0.
1525650929 1 6958.14746094 0. 6.71275629853e-22 0.
1525650989 1 6941.74267578 0. 6.70661837069e-22 0.
1525651050 1 6927.78808594 0. 6.70430681106e-22 0.
1525651110 1 6914.21972656 0. 6.70218473488e-22 0.
1525651170 1 6901.35693359 0. 6.70060603168e-22 0.
1525651230 1 6891.10009766 0. 6.70119989426e-22 0.
1525651290 1 6879.94677734 0. 6.70119575417e-22 0.
1525651350 1 6868.32177734 0. 6.70066278138e-22 0.
1525651411 1 6855.49072266 0. 6.69899599063e-22 0.
1525651471 1 6843.46582031 0. 6.69827007437e-22 0.
1525651531 1 6833.27001953 0. 6.69900783166e-22 0.
1525651591 1 6819.52392578 0. 6.69614529884e-22 0.
1525651651 1 6805.31884766 0. 6.6930639987e-22 0.
1525651711 1 6795.72900391 0. 6.69413813917e-22 0.
1525651771 1 6782.29931641 0. 6.69093639972e-22 0.
1525651831 1 6770.64453125 0. 6.69011787744e-22 0.
1525651891 1 6759.26171875 0. 6.68915210453e-22 0.
1525651952 1 6747.42822266 0. 6.68785144167e-22 0.
1525651987 1 5726.87695312 0. 5.7110847078e-22 0.
1525652023 1 0.175358146429 0. 2.43558622733e-24 0.
