1526404467 1 7132.64355469 0. 6.36374685846e-22 0.
1526404527 1 7109.72412109 0. 6.35440886e-22 0.
1526404587 1 7091.52978516 0. 6.34859361523e-22 0.
1526404647 1 7044.08251953 0. 6.31542288082e-22 0.
1526404695 1 6997.18554688 0. 6.28219097859e-22 0.
1526404725 1 6977.22851562 0. 6.26792930357e-22 0.
1526404768 1 6967.01123047 0. 6.26486903664e-22 0.
1526404828 1 6960.23388672 0. 6.26831077061e-22 0.
1526404888 1 6962.88671875 0. 6.27948348616e-22 0.
1526404948 1 6938.70166016 0. 6.26807559127e-22 0.
1526405008 1 6933.65234375 0. 6.27437451095e-22 0.
1526405043 1 6929.22558594 0. 6.27639147035e-22 0.
1526405066 1 6914.21533203 0. 6.26690319925e-22 0.
1526405106 1 6930.20166016 0. 6.28856613291e-22 0.
1526405159 1 6926.25732422 0. 6.29449142953e-22 0.
1526405204 1 6921.61962891 0. 6.29790194982e-22 0.
1526405250 1 6919.83935547 0. 6.30433750036e-22 0.
1526405310 1 6909.24072266 0. 6.30491227163e-22 0.
1526405370 1 6900.51269531 0. 6.30699390872e-22 0.
1526405430 1 6887.58203125 0. 6.30531193483e-22 0.
1526405491 1 6877.33349609 0. 6.30601280582e-22 0.
1526405551 1 6854.75927734 0. 6.29556097265e-22 0.
1526405584 1 6830.52636719 0. 6.27908749561e-22 0.
1526405593 1 1918.62536621 0. 1.77302579936e-22 0.
1526405604 1 672.342834473 0. 6.1810801944e-23 0.
1526405613 1 1283.47131348 0. 1.18096066611e-22 0.
1526405622 1 1862.24536133 0. 1.71231221402e-22 0.
1526405631 1 2745.27587891 0. 2.52714433484e-22 0.
1526405639 1 3857.86962891 0. 3.54870747351e-22 0.
1526405648 1 4809.29980469 0. 4.42814039742e-22 0.
1526405657 1 5922.44140625 0. 5.451431109e-22 0.
1526405666 1 6419.38769531 0. 5.91100101669e-22 0.
1526405675 1 6769.97851562 0. 6.23503538717e-22 0.
1526405684 1 6169.03662109 0. 5.68321370411e-22 0.
1526405693 1 5800.50683594 0. 5.34417169588e-22 0.
1526405702 1 4367.74365234 0. 4.02665825347e-22 0.
1526405710 1 3746.74023438 0. 3.45270250968e-22 0.
1526405716 1 3649.40771484 0. 3.3635579033e-22 0.
1526405721 1 1986.27880859 0. 1.83100199785e-22 0.
1526405728 1 1830.28686523 0. 1.68716456404e-22 0.
1526405733 1 1828.24267578 0. 1.68562522362e-22 0.
1526405738 1 904.051574707 0. 8.34032182332e-23 0.
1526405746 1 678.424133301 0. 6.256949558e-23 0.
1526405763 1 2045.62597656 0. 1.89875589951e-22 0.
1526405779 1 582.767150879 0. 5.39296242996e-23 0.
1526405788 1 1150.59179688 0. 1.06435664235e-22 0.
1526405796 1 1701.8527832 0. 1.57269670036e-22 0.
1526405805 1 2637.16210938 0. 2.43880429714e-22 0.
1526405813 1 3805.38208008 0. 3.51473423895e-22 0.
1526405822 1 4826.06787109 0. 4.46170164967e-22 0.
1526405831 1 6098.77099609 0. 5.6347709596e-22 0.
1526405839 1 6514.06933594 0. 6.02026877126e-22 0.
1526405848 1 6754.52587891 0. 6.2435360765e-22 0.
1526405856 1 5638.54541016 0. 5.21602355359e-22 0.
1526405865 1 5123.83398438 0. 4.73993833753e-22 0.
1526405874 1 3297.18823242 0. 3.05565830775e-22 0.
1526405882 1 2680.13793945 0. 2.48326799684e-22 0.
1526405891 1 1530.06311035 0. 1.42113231885e-22 0.
1526405900 1 1038.64440918 0. 9.65080011865e-23 0.
1526405908 1 556.742492676 0. 5.18548405902e-23 0.
1526405917 1 315.606719971 0. 2.94621746543e-23 0.
1526405926 1 1537.8482666 0. 1.43528483475e-22 0.
1526405950 1 6722.14550781 0. 6.22877298771e-22 0.
1526406001 1 6711.07861328 0. 6.22625471948e-22 0.
1526406062 1 6661.31152344 0. 6.18948221444e-22 0.
1526406122 1 6587.28857422 0. 6.12946333624e-22 0.
1526406182 1 6597.72509766 0. 6.14790802393e-22 0.
1526406242 1 6587.21826172 0. 6.14690417958e-22 0.
1526406302 1 6566.12060547 0. 6.13642021086e-22 0.
1526406362 1 6559.62792969 0. 6.13910757203e-22 0.
1526406422 1 6546.14208984 0. 6.13555550247e-22 0.
1526406482 1 6524.81347656 0. 6.12454108754e-22 0.
1526406543 1 6509.60449219 0. 6.11908799462e-22 0.
1526406603 1 6495.65869141 0. 6.1145804922e-22 0.
1526406663 1 6485.90039062 0. 6.11413285901e-22 0.
1526406723 1 6471.28271484 0. 6.1091365981e-22 0.
1526406783 1 6466.46875 0. 6.11301036854e-22 0.
1526406843 1 6455.07861328 0. 6.11093625813e-22 0.
1526406903 1 6457.34960938 0. 6.12153464273e-22 0.
1526406957 1 6442.54492188 0. 6.11562219741e-22 0.
1526407002 1 6410.01904297 0. 6.0908817888e-22 0.
1526407052 1 6417.66308594 0. 6.10511885746e-22 0.
1526407113 1 6413.140625 0. 6.10942282116e-22 0.
1526407173 1 6404.26513672 0. 6.10975815454e-22 0.
1526407233 1 6402.0390625 0. 6.11620766632e-22 0.
1526407293 1 6394.55957031 0. 6.11755446436e-22 0.
1526407353 1 6387.80517578 0. 6.1197582707e-22 0.
1526407414 1 6375.35205078 0. 6.11653053543e-22 0.
1526407474 1 6360.80761719 0. 6.11101700843e-22 0.
1526407534 1 6353.02441406 0. 6.11178776025e-22 0.
1526407594 1 6341.88378906 0. 6.10910167021e-22 0.
1526407654 1 6329.02490234 0. 6.10537966657e-22 0.
1526407714 1 6320.53613281 0. 6.10547813713e-22 0.
1526407774 1 6303.47216797 0. 6.09740950765e-22 0.
1526407834 1 6294.91064453 0. 6.09734686383e-22 0.
1526407895 1 6283.48974609 0. 6.09455266297e-22 0.
1526407955 1 6273.87695312 0. 6.09370224779e-22 0.
1526408015 1 6264.75097656 0. 6.09297427016e-22 0.
1526408075 1 6255.67724609 0. 6.09222761682e-22 0.
1526408135 1 6246.59472656 0. 6.09154309054e-22 0.
1526408195 1 6236.46728516 0. 6.09009734172e-22 0.
1526408255 1 6232.99902344 0. 6.09481441279e-22 0.
1526408315 1 6212.94042969 0. 6.08304856339e-22 0.
1526408376 1 6198.49609375 0. 6.0770257983e-22 0.
1526408436 1 6188.11914062 0. 6.0752228504e-22 0.
1526408496 1 6179.33251953 0. 6.07469405769e-22 0.
1526408556 1 6171.12695312 0. 6.07438995955e-22 0.
1526408616 1 6158.96337891 0. 6.07044984548e-22 0.
1526408676 1 6145.72412109 0. 6.06532275641e-22 0.
1526408736 1 6133.88671875 0. 6.06181726373e-22 0.
1526408789 1 6123.28173828 0. 6.05836694555e-22 0.
1526408842 1 6120.52685547 0. 6.06231214482e-22 0.
1526408902 1 6114.14697266 0. 6.0638588297e-22 0.
1526408962 1 6108.17626953 0. 6.0656072246e-22 0.
1526409023 1 6098.17138672 0. 6.06385047011e-22 0.
1526409083 1 6087.17773438 0. 6.06045462883e-22 0.
1526409143 1 6076.82177734 0. 6.0581643208e-22 0.
1526409203 1 6068.06054688 0. 6.05712306772e-22 0.
1526409263 1 6068.59570312 0. 6.06548601278e-22 0.
1526409321 1 6059.95654297 0. 6.06420252206e-22 0.
1526409380 1 6046.38134766 0. 6.05833536486e-22 0.
1526409440 1 6034.23632812 0. 6.05386565681e-22 0.
1526409500 1 6024.95019531 0. 6.05199216737e-22 0.
1526409560 1 6016.46582031 0. 6.05129874022e-22 0.
1526409620 1 6007.54150391 0. 6.0503021036e-22 0.
1526409680 1 5999.60791016 0. 6.0501961029e-22 0.
1526409740 1 5975.71044922 0. 6.03387864945e-22 0.
1526409795 1 5961.10546875 0. 6.02587199397e-22 0.
1526409831 1 5961.82128906 0. 6.03099878388e-22 0.
1526409874 1 5960.36425781 0. 6.0350074957e-22 0.
1526409934 1 5952.24707031 0. 6.03460178299e-22 0.
1526409994 1 5949.41992188 0. 6.03934540134e-22 0.
1526410054 1 5939.61083984 0. 6.03685535253e-22 0.
1526410114 1 5932.52783203 0. 6.03711379146e-22 0.
1526410175 1 5927.29443359 0. 6.03963669569e-22 0.
1526410235 1 5919.45068359 0. 6.03918671826e-22 0.
1526410295 1 5900.96875 0. 6.02790062378e-22 0.
1526410355 1 5888.94824219 0. 6.02293151334e-22 0.
1526410415 1 5880.01660156 0. 6.02151638275e-22 0.
1526410475 1 5872.26171875 0. 6.02077534923e-22 0.
1526410535 1 5865.27294922 0. 6.02107807921e-22 0.
1526410596 1 5848.14599609 0. 6.01118724621e-22 0.
1526410656 1 5833.99560547 0. 6.0039232242e-22 0.
1526410716 1 5823.70947266 0. 6.00098916187e-22 0.
1526410776 1 5808.77490234 0. 5.99272450644e-22 0.
1526410836 1 5798.36035156 0. 5.98941105491e-22 0.
1526410896 1 5797.68261719 0. 5.99617529559e-22 0.
1526410956 1 5793.04589844 0. 5.99835234073e-22 0.
1526411017 1 5788.20556641 0. 6.00108141537e-22 0.
1526411077 1 5778.77587891 0. 5.99896077878e-22 0.
1526411137 1 5770.60644531 0. 5.99742704766e-22 0.
1526411197 1 5755.55517578 0. 5.9890075918e-22 0.
1526411257 1 5735.33447266 0. 5.97522132614e-22 0.
1526411317 1 5718.84570312 0. 5.96541403462e-22 0.
1526411377 1 5706.84814453 0. 5.96033542403e-22 0.
1526411438 1 5703.44921875 0. 5.96405027232e-22 0.
1526411498 1 5683.8203125 0. 5.95084886185e-22 0.
1526411558 1 5670.08300781 0. 5.94354621109e-22 0.
1526411618 1 5656.09130859 0. 5.93577873048e-22 0.
1526411678 1 5647.27001953 0. 5.93361186489e-22 0.
1526411738 1 5632.20849609 0. 5.92469738354e-22 0.
1526411798 1 5623.16552734 0. 5.92194282164e-22 0.
1526411858 1 5611.86376953 0. 5.91725701184e-22 0.
1526411919 1 5572.23242188 0. 5.88264761774e-22 0.
1526411979 1 5523.28808594 0. 5.83746846665e-22 0.
1526412017 1 5441.12597656 0. 5.75503998724e-22 0.
1526412055 1 5279.29248047 0. 5.58826795162e-22 0.
1526412115 1 5657.61572266 0. 5.99515719434e-22 0.
1526412176 1 5766.01171875 0. 6.11708238334e-22 0.
1526412236 1 5758.29638672 0. 6.11650641035e-22 0.
1526412296 1 5748.08398438 0. 6.11307352307e-22 0.
1526412356 1 5739.54003906 0. 6.1112923222e-22 0.
1526412399 1 5734.94335938 0. 6.11158832645e-22 0.
1526412443 1 5728.11279297 0. 6.10986175352e-22 0.
1526412503 1 5719.09814453 0. 6.10762015301e-22 0.
1526412563 1 5711.20605469 0. 6.10689330231e-22 0.
1526412598 1 5705.30322266 0. 6.10465802675e-22 0.
1526412633 1 5700.54443359 0. 6.10402526961e-22 0.
1526412694 1 5691.15722656 0. 6.10170673212e-22 0.
1526412754 1 5677.375 0. 6.09453624124e-22 0.
1526412814 1 5673.55712891 0. 6.0977388602e-22 0.
1526412874 1 5663.00292969 0. 6.09303436932e-22 0.
1526412934 1 5655.43212891 0. 6.09217501165e-22 0.
1526412994 1 5646.44287109 0. 6.0900394945e-22 0.
1526413054 1 5638.140625 0. 6.08829272669e-22 0.
1526413114 1 5629.43164062 0. 6.08588445421e-22 0.
1526413175 1 5618.94384766 0. 6.08179868064e-22 0.
1526413235 1 5613.83300781 0. 6.08364840242e-22 0.
1526413295 1 5606.38964844 0. 6.08298848834e-22 0.
1526413355 1 5596.55175781 0. 6.07952614062e-22 0.
1526413415 1 5587.65771484 0. 6.07644900649e-22 0.
1526413475 1 5579.32080078 0. 6.0748716991e-22 0.
1526413535 1 5569.36425781 0. 6.07113846613e-22 0.
1526413595 1 5558.39453125 0. 6.06648841874e-22 0.
1526413656 1 5549.27099609 0. 6.06408220809e-22 0.
1526413716 1 5540.74902344 0. 6.06200875402e-22 0.
1526413776 1 5534.05859375 0. 6.06207216557e-22 0.
1526413836 1 5525.91601562 0. 6.06037555775e-22 0.
1526413896 1 5518.11132812 0. 6.05901602176e-22 0.
1526413956 1 5510.34082031 0. 6.05741296119e-22 0.
1526414016 1 5504.73388672 0. 6.05826045613e-22 0.
1526414060 1 5500.80273438 0. 6.05926737998e-22 0.
1526414089 1 5498.98925781 0. 6.06056384315e-22 0.
1526414136 1 5490.33789062 0. 6.05668952992e-22 0.
1526414196 1 5483.42578125 0. 6.05623537666e-22 0.
1526414233 1 5480.14648438 0. 6.05632502312e-22 0.
1526414269 1 5474.12841797 0. 6.05444770652e-22 0.
1526414330 1 5466.82714844 0. 6.05341900715e-22 0.
1526414390 1 5458.65087891 0. 6.05145327095e-22 0.
1526414450 1 5448.12792969 0. 6.04681810267e-22 0.
1526414510 1 5438.32958984 0. 6.04286312566e-22 0.
1526414570 1 5433.17822266 0. 6.04452405202e-22 0.
1526414630 1 5422.13867188 0. 6.03933261027e-22 0.
1526414690 1 5416.10498047 0. 6.03953024761e-22 0.
1526414750 1 5409.87841797 0. 6.04003416031e-22 0.
1526414811 1 5402.25537109 0. 6.03810075322e-22 0.
1526414871 1 5393.52636719 0. 6.03557265462e-22 0.
1526414931 1 5387.68945312 0. 6.036315838e-22 0.
1526414991 1 5381.35400391 0. 6.03609475581e-22 0.
1526415051 1 5372.45068359 0. 6.03296720863e-22 0.
1526415111 1 5365.61328125 0. 6.0324725664e-22 0.
1526415171 1 5356.26757812 0. 6.02862665384e-22 0.
1526415232 1 5351.86621094 0. 6.03084621333e-22 0.
1526415292 1 5345.35351562 0. 6.0305464779e-22 0.
1526415352 1 5337.58544922 0. 6.02855659636e-22 0.
1526415412 1 5330.03808594 0. 6.02715280584e-22 0.
1526415472 1 5323.55859375 0. 6.02684944311e-22 0.
1526415532 1 5314.43017578 0. 6.02364365034e-22 0.
1526415592 1 5305.63769531 0. 6.02028747327e-22 0.
1526415653 1 5298.38134766 0. 6.01884067313e-22 0.
1526415713 1 5289.74755859 0. 6.01591421824e-22 0.
1526415773 1 5285.2734375 0. 6.01787861608e-22 0.
1526415833 1 5277.50195312 0. 6.01587948629e-22 0.
1526415893 1 5268.63916016 0. 6.01260397754e-22 0.
1526415953 1 5261.12451172 0. 6.01067375734e-22 0.
1526416014 1 5255.88867188 0. 6.01198432613e-22 0.
1526416074 1 5248.19726562 0. 6.01021959831e-22 0.
1526416134 1 5238.46044922 0. 6.00572555289e-22 0.
1526416194 1 5231.85302734 0. 6.00513486943e-22 0.
1526416254 1 5226.51074219 0. 6.00586024938e-22 0.
1526416314 1 5218.98095703 0. 6.00398870847e-22 0.
1526416374 1 5211.39355469 0. 6.00202685961e-22 0.
1526416435 1 5206.61376953 0. 6.00321540582e-22 0.
1526416495 1 5200.59619141 0. 6.00331182963e-22 0.
1526416555 1 5193.05419922 0. 6.00161736126e-22 0.
1526416615 1 5185.40136719 0. 5.99935070893e-22 0.
1526416675 1 5177.73242188 0. 5.99750854919e-22 0.
1526416735 1 5170.328125 0. 5.99575359331e-22 0.
1526416795 1 5163.46679688 0. 5.99450926378e-22 0.
1526416856 1 5158.24462891 0. 5.99541936644e-22 0.
1526416916 1 5147.35498047 0. 5.98935795972e-22 0.
1526416976 1 5144.90625 0. 5.9934370054e-22 0.
1526417036 1 5143.36132812 0. 5.99833886036e-22 0.
1526417096 1 5137.33154297 0. 5.99829706686e-22 0.
1526417156 1 5130.89355469 0. 5.99742494625e-22 0.
1526417216 1 5126.29394531 0. 5.99911799839e-22 0.
1526417276 1 5117.015625 0. 5.99491804135e-22 0.
1526417337 1 5111.02392578 0. 5.99462570434e-22 0.
1526417378 1 5105.00195312 0. 5.99215488101e-22 0.
1526417418 1 5098.03564453 0. 5.98871838138e-22 0.
1526417477 1 5092.44287109 0. 5.98872004387e-22 0.
1526417537 1 5087.32763672 0. 5.98940789189e-22 0.
1526417597 1 5080.91992188 0. 5.988531709e-22 0.
1526417657 1 5074.38134766 0. 5.9875852115e-22 0.
1526417717 1 5067.77294922 0. 5.9864356207e-22 0.
1526417777 1 5063.64257812 0. 5.9879306702e-22 0.
1526417838 1 5058.25341797 0. 5.9884941907e-22 0.
1526417898 1 5048.75585938 0. 5.98413254683e-22 0.
1526417958 1 5041.80566406 0. 5.98265027482e-22 0.
1526418018 1 5035.26367188 0. 5.98157085271e-22 0.
1526418078 1 5028.81982422 0. 5.98043540639e-22 0.
1526418138 1 5022.69091797 0. 5.97973559755e-22 0.
1526418187 1 5016.47851562 0. 5.97771645108e-22 0.
1526418226 1 5012.62402344 0. 5.97760933969e-22 0.
1526418277 1 5011.40039062 0. 5.98169614259e-22 0.
1526418338 1 5004.69921875 0. 5.98039673802e-22 0.
1526418398 1 4994.76220703 0. 5.97540047772e-22 0.
1526418458 1 4988.12548828 0. 5.97425179882e-22 0.
1526418518 1 4983.43554688 0. 5.97530516604e-22 0.
1526418578 1 4974.37109375 0. 5.97113444183e-22 0.
1526418638 1 4968.79980469 0. 5.97089883548e-22 0.
1526418698 1 4961.54980469 0. 5.96887362292e-22 0.
1526418743 1 4954.65576172 0. 5.96570168345e-22 0.
1526418788 1 4951.36328125 0. 5.96663737959e-22 0.
1526418849 1 4944.08837891 0. 5.96458924486e-22 0.
1526418884 1 4941.24804688 0. 5.96478086522e-22 0.
1526418919 1 4940.11669922 0. 5.96760208243e-22 0.
1526418979 1 4932.56445312 0. 5.96505608981e-22 0.
1526419040 1 4925.88818359 0. 5.96339513583e-22 0.
1526419100 1 4921.83886719 0. 5.96502196226e-22 0.
1526419160 1 4914.80273438 0. 5.96298399624e-22 0.
1526419220 1 4909.09570312 0. 5.96260022072e-22 0.
1526419280 1 4903.02539062 0. 5.96174978885e-22 0.
1526419340 1 4895.06640625 0. 5.95815877827e-22 0.
1526419400 1 4888.75244141 0. 5.9573513229e-22 0.
1526419441 1 4884.42529297 0. 5.95595513402e-22 0.
1526419482 1 4880.39697266 0. 5.95556367903e-22 0.
1526419542 1 4875.4140625 0. 5.95609818553e-22 0.
1526419602 1 4865.28125 0. 5.94999438815e-22 0.
1526419647 1 4856.22753906 0. 5.94379376939e-22 0.
1526419678 1 4854.06933594 0. 5.94433120401e-22 0.
1526419724 1 4852.82324219 0. 5.94791236794e-22 0.
1526419784 1 4848.53076172 0. 5.94904387717e-22 0.
1526419829 1 4844.02978516 0. 5.94827844183e-22 0.
1526419860 1 4840.80810547 0. 5.94764351367e-22 0.
1526419906 1 4836.23632812 0. 5.9468877108e-22 0.
1526419966 1 4831.09863281 0. 5.9471612034e-22 0.
1526420026 1 4825.515625 0. 5.94649334084e-22 0.
1526420086 1 4821.74462891 0. 5.94833384176e-22 0.
1526420124 1 4818.82617188 0. 5.94855291831e-22 0.
1526420138 1 1531.35473633 0. 1.89709141083e-22 0.
1526420149 1 429.641967773 0. 5.29944103082e-23 0.
1526420158 1 837.684875488 0. 1.03396113416e-22 0.
1526420167 1 1221.63549805 0. 1.50763705525e-22 0.
1526420176 1 1880.03442383 0. 2.32224132915e-22 0.
1526420184 1 2590.81787109 0. 3.19941531129e-22 0.
1526420193 1 3324.97387695 0. 4.1087373341e-22 0.
1526420202 1 4088.81884766 0. 5.05233057104e-22 0.
1526420211 1 4508.82519531 0. 5.57296330345e-22 0.
1526420219 1 4812.67919922 0. 5.94955002376e-22 0.
1526420228 1 4480.14501953 0. 5.53938619138e-22 0.
1526420237 1 4238.11523438 0. 5.24045748366e-22 0.
1526420246 1 3270.90405273 0. 4.04546995011e-22 0.
1526420255 1 2804.46899414 0. 3.46761005334e-22 0.
1526420264 1 1845.28930664 0. 2.28259079588e-22 0.
1526420273 1 1399.22961426 0. 1.72997438302e-22 0.
1526420282 1 826.081787109 0. 1.02173507315e-22 0.
1526420291 1 530.758239746 0. 6.56144167835e-23 0.
1526420307 1 1731.80712891 0. 2.15166534559e-22 0.
1526420324 1 361.143951416 0. 4.47804534255e-23 0.
1526420332 1 752.198303223 0. 9.32203682096e-23 0.
1526420341 1 1085.78088379 0. 1.34492823404e-22 0.
1526420350 1 1775.26586914 0. 2.19991265608e-22 0.
1526420359 1 2449.74951172 0. 3.0337643992e-22 0.
1526420367 1 3246.70581055 0. 4.02293447294e-22 0.
1526420376 1 4048.89135742 0. 5.01534841173e-22 0.
1526420384 1 4500.15283203 0. 5.57608619803e-22 0.
1526420393 1 4816.47753906 0. 5.96874747258e-22 0.
1526420402 1 4418.71044922 0. 5.47797517412e-22 0.
1526420410 1 4157.19189453 0. 5.15478391497e-22 0.
1526420419 1 3076.20141602 0. 3.81717674944e-22 0.
1526420428 1 2584.8684082 0. 3.2073701667e-22 0.
1526420436 1 1609.19812012 0. 1.99921723918e-22 0.
1526420445 1 1161.27478027 0. 1.44283651904e-22 0.
1526420453 1 658.030029297 0. 8.18736362587e-23 0.
1526420462 1 392.13104248 0. 4.88399305225e-23 0.
1526420471 1 1513.828125 0. 1.88688257994e-22 0.
1526420505 1 4814.04345703 0. 5.97615859004e-22 0.
1526420540 1 4808.80419922 0. 5.97249988011e-22 0.
1526420576 1 4811.72802734 0. 5.97979156949e-22 0.
1526420636 1 4807.82861328 0. 5.9803252521e-22 0.
1526420696 1 4800.04101562 0. 5.97517208522e-22 0.
1526420756 1 4803.26904297 0. 5.98490578921e-22 0.
1526420812 1 4788.41943359 0. 5.97143502811e-22 0.
1526420868 1 4775.71337891 0. 5.96180681258e-22 0.
1526420928 1 4765.515625 0. 5.95536482907e-22 0.
1526420988 1 4761.06201172 0. 5.95610577572e-22 0.
1526421049 1 4753.81884766 0. 5.95368931525e-22 0.
1526421099 1 4263.02050781 0. 5.3526440471e-22 0.
1526421150 1 0.0616937950253 0. 3.37743938553e-23 0.
