1526489312 1 11666.1621094 0. 6.43347633697e-22 0.
1526489372 1 11648.2138672 0. 6.43316098321e-22 0.
1526489432 1 11568.5390625 0. 6.39994954823e-22 0.
1526489492 1 11565.3759766 0. 6.40815126682e-22 0.
1526489552 1 11557.4833984 0. 6.41426945265e-22 0.
1526489587 1 11568.8369141 0. 6.42843504034e-22 0.
1526489602 1 11605.5703125 0. 6.45245841137e-22 0.
1526489642 1 11568.328125 0. 6.4387405124e-22 0.
1526489702 1 11523.8935547 0. 6.42791537721e-22 0.
1526489762 1 11516.6191406 0. 6.43812184021e-22 0.
1526489806 1 11489.4472656 0. 6.43274603772e-22 0.
1526489830 1 7750.73242188 0. 4.37073510212e-22 0.
1526489862 1 0.132979005575 0. 2.17263542383e-23 0.
1526489898 1 0.108180552721 0. 0.0 0.
1526489944 1 0.0 0. 0.0 0.
1526491763 1 0.0 0. 0.0 0.
