1526543297 1 12947.7919922 0. 4.94768912427e-22 0.
1526543357 1 14014.9277344 0. 5.36678961937e-22 0.
1526543417 1 17433.796875 0. 6.68219218298e-22 0.
1526543477 1 17341.8769531 0. 6.65904392115e-22 0.
1526543538 1 17323.0332031 0. 6.66395196105e-22 0.
1526543586 1 17286.9941406 0. 6.65780543243e-22 0.
1526543634 1 17164.84375 0. 6.62150995164e-22 0.
1526543695 1 17176.59375 0. 6.63718412025e-22 0.
1526543755 1 17156.0136719 0. 6.64080734483e-22 0.
1526543790 1 17203.4941406 0. 6.66701088083e-22 0.
1526543825 1 17211.4140625 0. 6.67841584378e-22 0.
1526543862 1 17115.2578125 0. 6.64816123531e-22 0.
1526543899 1 17097.5507812 0. 6.65134800552e-22 0.
1526543960 1 17044.5390625 0. 6.64580371774e-22 0.
1526544020 1 16925.1699219 0. 6.61384525843e-22 0.
1526544080 1 16807.4257812 0. 6.58126398297e-22 0.
1526544140 1 16741.7714844 0. 6.5690366316e-22 0.
1526544200 1 16693.6347656 0. 6.56348054041e-22 0.
1526544260 1 16654.0996094 0. 6.56086247635e-22 0.
1526544320 1 16583.6972656 0. 6.54620139987e-22 0.
1526544370 1 16589.1328125 0. 6.55872110608e-22 0.
1526544395 1 5130.15087891 0. 2.04034370427e-22 0.
1526544404 1 1273.54907227 0. 5.05138409814e-23 0.
1526544412 1 2253.85180664 0. 8.93874296318e-23 0.
1526544420 1 3997.14526367 0. 1.58365370671e-22 0.
1526544428 1 5615.00244141 0. 2.22611904769e-22 0.
1526544436 1 8886.39355469 0. 3.51973693905e-22 0.
1526544444 1 10720.5527344 0. 4.24915377919e-22 0.
1526544452 1 14309.3525391 0. 5.66916776047e-22 0.
1526544459 1 15373.7607422 0. 6.0928184047e-22 0.
1526544467 1 16613.4179688 0. 6.5852802336e-22 0.
1526544475 1 15302.3808594 0. 6.06843118088e-22 0.
1526544483 1 13986.5566406 0. 5.54676164879e-22 0.
1526544491 1 10661.5029297 0. 4.23219515677e-22 0.
1526544499 1 8561.77929688 0. 3.39768431277e-22 0.
1526544507 1 5700.78271484 0. 2.26505618089e-22 0.
1526544515 1 3860.38525391 0. 1.53344578872e-22 0.
1526544523 1 2445.42041016 0. 9.72531410475e-23 0.
1526544530 1 1273.34338379 0. 5.06630009402e-23 0.
1526544546 1 5094.38525391 0. 2.03464333258e-22 0.
1526544561 1 1452.80004883 0. 5.80102659817e-23 0.
1526544569 1 2473.33569336 0. 9.86735786079e-23 0.
1526544577 1 4125.36767578 0. 1.64357879289e-22 0.
1526544584 1 5775.50927734 0. 2.30132558394e-22 0.
1526544592 1 8923.69238281 0. 3.55102720853e-22 0.
1526544600 1 11062.6191406 0. 4.40442293686e-22 0.
1526544607 1 14968.4941406 0. 5.95405057032e-22 0.
1526544615 1 15856.4873047 0. 6.3086610806e-22 0.
1526544622 1 16663.109375 0. 6.62959307519e-22 0.
1526544630 1 14445.1796875 0. 5.75087442984e-22 0.
1526544637 1 12461.3417969 0. 4.96171148987e-22 0.
1526544645 1 8453.18457031 0. 3.3711644992e-22 0.
1526544653 1 6303.75634766 0. 2.51335230714e-22 0.
1526544660 1 3997.66577148 0. 1.59667808339e-22 0.
1526544668 1 2436.41210938 0. 9.73715287889e-23 0.
1526544676 1 1594.00598145 0. 6.3788880448e-23 0.
1526544683 1 745.435119629 0. 2.98923138977e-23 0.
1526544692 1 3553.29125977 0. 1.42533130851e-22 0.
1526544706 1 16453.796875 0. 6.56073732917e-22 0.
1526544746 1 16449.6152344 0. 6.56628110763e-22 0.
1526544806 1 16387.9804688 0. 6.55284515211e-22 0.
1526544866 1 16339.4082031 0. 6.54497364691e-22 0.
1526544920 1 16285.1132812 0. 6.53301947726e-22 0.
1526544971 1 16255.4355469 0. 6.53045683777e-22 0.
1526545018 1 16209.2470703 0. 6.52005379679e-22 0.
1526545068 1 16157.0830078 0. 6.50822302051e-22 0.
1526545128 1 16085.25 0. 6.48957794665e-22 0.
1526545173 1 16047.8339844 0. 6.48184644492e-22 0.
1526545219 1 16012.4814453 0. 6.47473278677e-22 0.
1526545279 1 15979.9003906 0. 6.4713442736e-22 0.
1526545339 1 15554.1865234 0. 6.30811847888e-22 0.
1526545399 1 13822.2324219 0. 5.61620516803e-22 0.
1526545460 1 15972.15625 0. 6.4958294337e-22 0.
1526545520 1 16304.1162109 0. 6.6407155265e-22 0.
1526545580 1 16260.8261719 0. 6.63273116447e-22 0.
1526545640 1 16228.2001953 0. 6.62937157042e-22 0.
1526545700 1 16198.0820312 0. 6.62715195314e-22 0.
1526545760 1 16162.9541016 0. 6.62293432761e-22 0.
1526545820 1 16139.4345703 0. 6.62323194075e-22 0.
1526545880 1 16099.8164062 0. 6.61703949413e-22 0.
1526545941 1 16064.1464844 0. 6.61235018908e-22 0.
1526546001 1 16027.1884766 0. 6.60664814839e-22 0.
1526546061 1 16003.2597656 0. 6.60625419826e-22 0.
1526546121 1 15968.0869141 0. 6.60174495271e-22 0.
1526546181 1 15925.1191406 0. 6.59361088168e-22 0.
1526546241 1 15884.4589844 0. 6.58644554158e-22 0.
1526546302 1 15844.8691406 0. 6.5797373983e-22 0.
1526546362 1 15827.2763672 0. 6.5820266693e-22 0.
1526546422 1 15787.7265625 0. 6.57541368902e-22 0.
1526546482 1 15759.5390625 0. 6.57327820103e-22 0.
1526546542 1 15727.6269531 0. 6.56955281956e-22 0.
1526546602 1 15705.453125 0. 6.56996503457e-22 0.
1526546662 1 15676.5175781 0. 6.56738850045e-22 0.
1526546723 1 15650.6289062 0. 6.56551048493e-22 0.
1526546783 1 15618.21875 0. 6.56155823234e-22 0.
1526546843 1 15586.4277344 0. 6.55765969948e-22 0.
1526546903 1 15556.859375 0. 6.5548266334e-22 0.
1526546963 1 15527.6748047 0. 6.55208391941e-22 0.
1526547023 1 15498.9697266 0. 6.54926769143e-22 0.
1526547083 1 15464.6767578 0. 6.54408896739e-22 0.
1526547143 1 15433.0986328 0. 6.54014331707e-22 0.
1526547204 1 15402.5234375 0. 6.53663729369e-22 0.
1526547264 1 15365.2041016 0. 6.52991850869e-22 0.
1526547324 1 15349.2910156 0. 6.53245713827e-22 0.
1526547384 1 15594.1064453 0. 6.64659885251e-22 0.
1526547424 1 15571.8720703 0. 6.64380562597e-22 0.
1526547464 1 15553.7597656 0. 6.64290995526e-22 0.
1526547524 1 15518.4228516 0. 6.63783291218e-22 0.
1526547584 1 15483.7705078 0. 6.63254846701e-22 0.
1526547644 1 15456.8525391 0. 6.63044412535e-22 0.
1526547704 1 15418.484375 0. 6.62391448752e-22 0.
1526547764 1 15399.8076172 0. 6.62548778044e-22 0.
1526547824 1 15362.3017578 0. 6.61900024093e-22 0.
1526547885 1 15330.5839844 0. 6.61518969707e-22 0.
1526547945 1 15300.4775391 0. 6.61165892047e-22 0.
1526548005 1 15265.9785156 0. 6.60608364158e-22 0.
1526548065 1 15240.0253906 0. 6.60451461805e-22 0.
1526548123 1 15217.2773438 0. 6.60433666178e-22 0.
1526548182 1 15191.6640625 0. 6.60219647453e-22 0.
1526548242 1 15157.7910156 0. 6.59701637339e-22 0.
1526548302 1 15128.8916016 0. 6.59416930635e-22 0.
1526548362 1 15096.8828125 0. 6.58999636351e-22 0.
1526548417 1 15074.5664062 0. 6.58891023556e-22 0.
1526548447 1 15058.5185547 0. 6.58622886858e-22 0.
1526548482 1 15033.9287109 0. 6.58130538991e-22 0.
1526548542 1 15005.4570312 0. 6.57824264169e-22 0.
1526548602 1 14977.4697266 0. 6.5755620842e-22 0.
1526548662 1 14948.9521484 0. 6.57285699588e-22 0.
1526548722 1 14918.7685547 0. 6.56912087453e-22 0.
1526548783 1 14891.8837891 0. 6.56668979007e-22 0.
1526548843 1 14858.609375 0. 6.56181213312e-22 0.
1526548903 1 14827.2021484 0. 6.55756628106e-22 0.
1526548963 1 14808.9423828 0. 6.5589212044e-22 0.
1526549023 1 14773.0771484 0. 6.55290780156e-22 0.
1526549083 1 14748.78125 0. 6.55196369729e-22 0.
1526549143 1 14718.4873047 0. 6.54758127601e-22 0.
1526549204 1 14690.8330078 0. 6.54475282795e-22 0.
1526549264 1 14659.7587891 0. 6.54036955434e-22 0.
1526549318 1 14631.4912109 0. 6.53638050235e-22 0.
1526549372 1 14608.7841797 0. 6.53457701759e-22 0.
1526549433 1 14575.7578125 0. 6.52926761527e-22 0.
1526549493 1 14749.7744141 0. 6.61717655824e-22 0.
1526549553 1 14768.4736328 0. 6.63618633372e-22 0.
1526549613 1 14739.2226562 0. 6.63362501764e-22 0.
1526549673 1 14716.1054688 0. 6.63344913921e-22 0.
1526549733 1 14636.6162109 0. 6.60755396034e-22 0.
1526549794 1 14086.3417969 0. 6.36861535264e-22 0.
1526549854 1 14025.3027344 0. 6.35020279842e-22 0.
1526549914 1 14614.4423828 0. 6.62629419748e-22 0.
1526549974 1 14596.0927734 0. 6.62769839851e-22 0.
1526550034 1 14683.1357422 0. 6.67744984604e-22 0.
1526550094 1 14716.5888672 0. 6.70314807288e-22 0.
1526550154 1 14692.9443359 0. 6.70276688024e-22 0.
1526550214 1 14660.7333984 0. 6.69829553983e-22 0.
1526550275 1 14625.7158203 0. 6.69262362586e-22 0.
1526550328 1 14574.9296875 0. 6.6785019648e-22 0.
1526550382 1 14543.5410156 0. 6.67318023752e-22 0.
1526550442 1 14508.3662109 0. 6.66718602415e-22 0.
1526550503 1 14482.5253906 0. 6.66533090023e-22 0.
1526550563 1 14455.9003906 0. 6.66335548641e-22 0.
1526550623 1 14430.5712891 0. 6.66150652066e-22 0.
1526550683 1 14393.2939453 0. 6.65425432987e-22 0.
1526550743 1 14353.3740234 0. 6.64580856003e-22 0.
1526550793 1 14326.1123047 0. 6.64134650509e-22 0.
1526550843 1 14309.1660156 0. 6.64184170129e-22 0.
1526550903 1 14276.7871094 0. 6.63665613105e-22 0.
1526550963 1 14239.3554688 0. 6.62931536934e-22 0.
1526550998 1 14198.4697266 0. 6.61580871419e-22 0.
1526551034 1 14212.7285156 0. 6.62835143522e-22 0.
1526551094 1 14193.0292969 0. 6.62892186646e-22 0.
1526551154 1 14172.0595703 0. 6.62885474604e-22 0.
1526551214 1 14154.0488281 0. 6.63008189497e-22 0.
1526551274 1 14130.1357422 0. 6.62916705351e-22 0.
1526551334 1 14110.7333984 0. 6.62969746657e-22 0.
1526551395 1 14079.5253906 0. 6.62505780246e-22 0.
1526551455 1 14065.5078125 0. 6.62820306109e-22 0.
1526551515 1 14020.1308594 0. 6.61629001841e-22 0.
1526551575 1 14032.6035156 0. 6.63190229256e-22 0.
1526551635 1 14020.9052734 0. 6.63593299458e-22 0.
1526551696 1 13987.1621094 0. 6.62975307824e-22 0.
1526551756 1 13956.4414062 0. 6.62486189194e-22 0.
1526551816 1 13933.8466797 0. 6.62370398184e-22 0.
1526551876 1 13911.9189453 0. 6.62316297488e-22 0.
1526551936 1 13893.421875 0. 6.62399507779e-22 0.
1526551996 1 13865.7363281 0. 6.62018166495e-22 0.
1526552056 1 13843.8583984 0. 6.61909846866e-22 0.
1526552110 1 13821.1650391 0. 6.61666005388e-22 0.
1526552163 1 13792.1777344 0. 6.61114769435e-22 0.
1526552223 1 13775.7949219 0. 6.61272748384e-22 0.
1526552283 1 13751.7226562 0. 6.61043494436e-22 0.
1526552343 1 13726.2216797 0. 6.60740995006e-22 0.
1526552403 1 13698.1708984 0. 6.60355077012e-22 0.
1526552463 1 13671.0048828 0. 6.60005244487e-22 0.
1526552524 1 13646.0068359 0. 6.59743222639e-22 0.
1526552584 1 13616.3027344 0. 6.59221775525e-22 0.
1526552644 1 13584.46875 0. 6.58621758046e-22 0.
1526552679 1 13568.9785156 0. 6.58377295936e-22 0.
1526552714 1 13556.7587891 0. 6.58368166474e-22 0.
1526552775 1 13527.8222656 0. 6.57899414341e-22 0.
1526552835 1 13505.2851562 0. 6.57697465661e-22 0.
1526552895 1 13473.2744141 0. 6.57034084831e-22 0.
1526552955 1 13456.1875 0. 6.57136447298e-22 0.
1526553015 1 13436.6875 0. 6.57095227615e-22 0.
1526553075 1 13415.9960938 0. 6.57022987919e-22 0.
1526553136 1 13386.3974609 0. 6.56475604417e-22 0.
1526553196 1 13344.9990234 0. 6.55350712885e-22 0.
1526553256 1 13338.4013672 0. 6.55938540899e-22 0.
1526553316 1 13352.8896484 0. 6.57582027604e-22 0.
1526553363 1 13333.2460938 0. 6.57316535315e-22 0.
1526553410 1 13313.2353516 0. 6.57093447513e-22 0.
1526553471 1 13301.3398438 0. 6.57458493794e-22 0.
1526553531 1 13276.203125 0. 6.5709742988e-22 0.
1526553591 1 13251.5839844 0. 6.56768681029e-22 0.
1526553651 1 13221.8544922 0. 6.56232257301e-22 0.
1526553711 1 13192.6035156 0. 6.55727238434e-22 0.
1526553771 1 13152.0800781 0. 6.54598284394e-22 0.
1526553831 1 13121.9804688 0. 6.53979605932e-22 0.
1526553892 1 13100.7314453 0. 6.53820281358e-22 0.
1526553952 1 13080.2636719 0. 6.53691566882e-22 0.
1526554012 1 13064.4814453 0. 6.53831352276e-22 0.
1526554072 1 13036.0488281 0. 6.53327162157e-22 0.
1526554132 1 13012.6552734 0. 6.53062673959e-22 0.
1526554192 1 12982.1669922 0. 6.52404669956e-22 0.
1526554252 1 12976.9912109 0. 6.53079392439e-22 0.
1526554313 1 12951.3671875 0. 6.52687922205e-22 0.
1526554373 1 12919.1240234 0. 6.51944527773e-22 0.
1526554433 1 12905.7001953 0. 6.52163271239e-22 0.
1526554493 1 12879.5019531 0. 6.51743892426e-22 0.
1526554553 1 12855.8134766 0. 6.51449223444e-22 0.
1526554594 1 12836.1269531 0. 6.51025608805e-22 0.
1526554634 1 12821.7099609 0. 6.50901170049e-22 0.
1526554695 1 12822.8916016 0. 6.5187921495e-22 0.
1526554755 1 12798.7119141 0. 6.51559161653e-22 0.
1526554815 1 12765.4667969 0. 6.50760006721e-22 0.
1526554875 1 12746.8886719 0. 6.50728813883e-22 0.
1526554935 1 12726.4697266 0. 6.50593765874e-22 0.
1526554995 1 12699.3652344 0. 6.50086523183e-22 0.
1526555055 1 12680.921875 0. 6.50054095231e-22 0.
1526555115 1 12652.2060547 0. 6.49475051541e-22 0.
1526555176 1 12626.9863281 0. 6.49045540328e-22 0.
1526555236 1 12624.171875 0. 6.49799812827e-22 0.
1526555296 1 12595.5458984 0. 6.49237913174e-22 0.
1526555356 1 12573.4599609 0. 6.49000849812e-22 0.
1526555416 1 12548.5761719 0. 6.48550256571e-22 0.
1526555476 1 12521.7402344 0. 6.48058687321e-22 0.
1526555536 1 12487.7734375 0. 6.47205266518e-22 0.
1526555597 1 12447.7558594 0. 6.45991415754e-22 0.
1526555657 1 12421.4150391 0. 6.45494386896e-22 0.
1526555717 1 12418.7861328 0. 6.46209859629e-22 0.
1526555777 1 12404.6503906 0. 6.46340854988e-22 0.
1526555838 1 12392.0703125 0. 6.46527444436e-22 0.
1526555898 1 12371.9042969 0. 6.46360420008e-22 0.
1526555958 1 12345.9873047 0. 6.45879078952e-22 0.
1526556018 1 12323.4091797 0. 6.45542925264e-22 0.
1526556078 1 12318.5146484 0. 6.46128280107e-22 0.
1526556138 1 12316.3789062 0. 6.46901147695e-22 0.
1526556199 1 12276.8398438 0. 6.45705722273e-22 0.
1526556259 1 12258.9257812 0. 6.45645824041e-22 0.
1526556297 1 12240.8095703 0. 6.45185704738e-22 0.
1526556335 1 12221.5322266 0. 6.44736565591e-22 0.
1526556395 1 12191.2958984 0. 6.43983158952e-22 0.
1526556456 1 12169.7431641 0. 6.4373104336e-22 0.
1526556516 1 12144.9492188 0. 6.43277586979e-22 0.
1526556576 1 12118.5996094 0. 6.42738229648e-22 0.
1526556636 1 12109.3789062 0. 6.43088200555e-22 0.
1526556696 1 12089.9169922 0. 6.42917901881e-22 0.
1526556756 1 12062.4648438 0. 6.42305000923e-22 0.
1526556816 1 12045.1679688 0. 6.42206576351e-22 0.
1526556877 1 12036.5566406 0. 6.42619743791e-22 0.
1526556937 1 12017.0478516 0. 6.42429618336e-22 0.
1526556997 1 11983.4394531 0. 6.41520277668e-22 0.
1526557057 1 11961.4560547 0. 6.41182327693e-22 0.
1526557117 1 11933.6162109 0. 6.40554954719e-22 0.
1526557177 1 11917.0361328 0. 6.40528553958e-22 0.
1526557238 1 11879.1767578 0. 6.39316427492e-22 0.
1526557298 1 11816.7880859 0. 6.36804525728e-22 0.
1526557350 1 11845.4921875 0. 6.39090637147e-22 0.
1526557403 1 11823.0380859 0. 6.3862302028e-22 0.
1526557464 1 11802.4892578 0. 6.38364964052e-22 0.
1526557524 1 11773.84375 0. 6.37645352986e-22 0.
1526557565 1 11842.6386719 0. 6.41897635201e-22 0.
1526557606 1 11804.6376953 0. 6.40437077919e-22 0.
1526557666 1 11781.2207031 0. 6.39998228936e-22 0.
1526557726 1 11758.0507812 0. 6.39548182378e-22 0.
1526557786 1 11746.7451172 0. 6.39796877112e-22 0.
1526557846 1 11718.2451172 0. 6.39077659259e-22 0.
1526557906 1 11690.3388672 0. 6.38403012115e-22 0.
1526557966 1 11672.6552734 0. 6.38293064665e-22 0.
1526558027 1 11652.7988281 0. 6.38046052591e-22 0.
1526558087 1 11626.1464844 0. 6.37402406809e-22 0.
1526558136 1 11634.0810547 0. 6.38502415643e-22 0.
1526558185 1 11602.7626953 0. 6.3749218018e-22 0.
1526558245 1 11562.7880859 0. 6.36088002792e-22 0.
1526558305 1 11549.2236328 0. 6.36186997308e-22 0.
1526558366 1 11547.8828125 0. 6.36910248986e-22 0.
1526558426 1 11534.6582031 0. 6.3700388496e-22 0.
1526558486 1 11526.4589844 0. 6.37383878351e-22 0.
1526558546 1 11507.5390625 0. 6.37158620495e-22 0.
1526558606 1 11473.4912109 0. 6.36074275334e-22 0.
1526558666 1 11437.3173828 0. 6.34898275332e-22 0.
1526558727 1 11421.1914062 0. 6.34846053425e-22 0.
1526558787 1 11423.046875 0. 6.35762923142e-22 0.
1526558847 1 11406.8701172 0. 6.35679227683e-22 0.
1526558907 1 11405.3613281 0. 6.36434843375e-22 0.
1526558967 1 11389.8701172 0. 6.36398059722e-22 0.
1526559027 1 11380.7509766 0. 6.36718485138e-22 0.
1526559087 1 11366.2099609 0. 6.36730981885e-22 0.
1526559147 1 11361.34375 0. 6.37323696792e-22 0.
1526559194 1 11347.5957031 0. 6.37192102491e-22 0.
1526559241 1 11330.1005859 0. 6.36866364884e-22 0.
1526559301 1 11276.1884766 0. 6.34687058303e-22 0.
1526559361 1 11245.6679688 0. 6.33767586327e-22 0.
1526559421 1 11227.4560547 0. 6.33546034826e-22 0.
1526559482 1 11204.4794922 0. 6.33069840813e-22 0.
1526559542 1 11170.8232422 0. 6.31981157503e-22 0.
1526559602 1 11151.4306641 0. 6.31695216356e-22 0.
1526559662 1 11137.2480469 0. 6.31716242048e-22 0.
1526559722 1 11113.9667969 0. 6.311999082e-22 0.
1526559782 1 11133.1083984 0. 6.3312000559e-22 0.
1526559842 1 11103.6757812 0. 6.32294344568e-22 0.
1526559902 1 11093.3867188 0. 6.32522413906e-22 0.
1526559962 1 11054.3525391 0. 6.31135804974e-22 0.
1526560023 1 11046.2646484 0. 6.31519027039e-22 0.
1526560083 1 11034.5498047 0. 6.31659728971e-22 0.
1526560143 1 11037.2480469 0. 6.32634915161e-22 0.
1526560203 1 11027.1074219 0. 6.32899576798e-22 0.
1526560263 1 11016.6337891 0. 6.33145532848e-22 0.
1526560323 1 11005.5888672 0. 6.33325236799e-22 0.
1526560384 1 10992.8066406 0. 6.33411694942e-22 0.
1526560444 1 10966.3144531 0. 6.32691252708e-22 0.
1526560504 1 10952.7636719 0. 6.32721659748e-22 0.
1526560564 1 10931.4316406 0. 6.32342243475e-22 0.
1526560624 1 10913.3085938 0. 6.32104746115e-22 0.
1526560684 1 10919.2578125 0. 6.3327544133e-22 0.
1526560744 1 10902.0078125 0. 6.33098380003e-22 0.
1526560804 1 10887.5644531 0. 6.3307127867e-22 0.
1526560864 1 10870.9726562 0. 6.32889504898e-22 0.
1526560900 1 10845.5039062 0. 6.31819132306e-22 0.
1526560935 1 10838.8378906 0. 6.31969675615e-22 0.
1526560995 1 10812.4716797 0. 6.31227071189e-22 0.
1526561055 1 10802.7597656 0. 6.31470871936e-22 0.
1526561115 1 10793.6152344 0. 6.31750566135e-22 0.
1526561176 1 10749.3486328 0. 6.29962007716e-22 0.
1526561236 1 10753.8886719 0. 6.31007557336e-22 0.
1526561296 1 10761.0419922 0. 6.32242612842e-22 0.
1526561356 1 10770.6201172 0. 6.33629581761e-22 0.
1526561416 1 10746.1005859 0. 6.33042958257e-22 0.
1526561476 1 10738.6054688 0. 6.33409745971e-22 0.
1526561536 1 10715.84375 0. 6.32908210779e-22 0.
1526561596 1 10696.8535156 0. 6.32600685176e-22 0.
1526561632 1 10700.5078125 0. 6.3326139163e-22 0.
1526561667 1 10674.1875 0. 6.32225178851e-22 0.
1526561727 1 10668.2509766 0. 6.32659966691e-22 0.
1526561787 1 10660.7353516 0. 6.33037051636e-22 0.
1526561847 1 10635.6513672 0. 6.32344753145e-22 0.
1526561907 1 10616.3486328 0. 6.32018526134e-22 0.
1526561967 1 10583.7109375 0. 6.30848857116e-22 0.
1526562028 1 10582.9921875 0. 6.31611040644e-22 0.
1526562088 1 10567.4775391 0. 6.31506299945e-22 0.
1526562148 1 10532.3310547 0. 6.30222408297e-22 0.
1526562208 1 10532.5166016 0. 6.31039455519e-22 0.
1526562268 1 10519.0605469 0. 6.31038351086e-22 0.
1526562328 1 10504.0859375 0. 6.30947436785e-22 0.
1526562388 1 10468.8535156 0. 6.29646470974e-22 0.
1526562448 1 10454.7148438 0. 6.2963379628e-22 0.
1526562508 1 10440.4726562 0. 6.29542527409e-22 0.
1526562569 1 10437.7363281 0. 6.30185344617e-22 0.
1526562629 1 10428.0263672 0. 6.30386353294e-22 0.
1526562689 1 10398.6728516 0. 6.29429369581e-22 0.
1526562745 1 10392.0917969 0. 6.2979792755e-22 0.
1526562801 1 10382.7832031 0. 6.30032552552e-22 0.
1526562862 1 10360.5175781 0. 6.29453364012e-22 0.
1526562922 1 10338.7099609 0. 6.28943014417e-22 0.
1526562982 1 10305.546875 0. 6.27749555808e-22 0.
1526563042 1 10318.3095703 0. 6.29363527818e-22 0.
1526563102 1 10286.8535156 0. 6.28245324573e-22 0.
1526563162 1 10260.7675781 0. 6.27472319521e-22 0.
1526563222 1 10257.4570312 0. 6.28076440138e-22 0.
1526563282 1 10235.6679688 0. 6.2751378532e-22 0.
1526563343 1 10224.0644531 0. 6.27618354504e-22 0.
1526563403 1 10205.8291016 0. 6.27317394989e-22 0.
1526563463 1 10183.6767578 0. 6.26736885298e-22 0.
1526563523 1 10169.5146484 0. 6.26657899732e-22 0.
1526563583 1 10140.0341797 0. 6.25640061759e-22 0.
1526563643 1 10155.1289062 0. 6.27361623696e-22 0.
1526563703 1 10143.4326172 0. 6.27457826414e-22 0.
1526563764 1 10126.984375 0. 6.27224756546e-22 0.
1526563824 1 10093.2128906 0. 6.25917877717e-22 0.
1526563884 1 10089.8300781 0. 6.2649146361e-22 0.
1526563944 1 10091.1132812 0. 6.27396435857e-22 0.
1526564004 1 10078.9023438 0. 6.27452362921e-22 0.
1526564064 1 10058.3759766 0. 6.26995650612e-22 0.
1526564124 1 10041.2285156 0. 6.26726763733e-22 0.
1526564184 1 10040.8789062 0. 6.27497820461e-22 0.
1526564245 1 10023.4833984 0. 6.2717517952e-22 0.
1526564305 1 10001.8798828 0. 6.26622988496e-22 0.
1526564365 1 9983.55859375 0. 6.26270741406e-22 0.
1526564401 1 9973.43652344 0. 6.26091423162e-22 0.
1526564437 1 9956.07324219 0. 6.25493939554e-22 0.
1526564497 1 9938.33105469 0. 6.25209979309e-22 0.
1526564557 1 9923.59960938 0. 6.25075075341e-22 0.
1526564617 1 9905.421875 0. 6.24702405869e-22 0.
1526564671 1 9874.16015625 0. 6.23446647269e-22 0.
1526564725 1 9902.12109375 0. 6.259412923e-22 0.
1526564786 1 9864.33789062 0. 6.24352318452e-22 0.
1526564846 1 9852.6171875 0. 6.24365407162e-22 0.
1526564906 1 9857.69335938 0. 6.25463497278e-22 0.
1526564966 1 9850.87695312 0. 6.25846130386e-22 0.
1526565026 1 9833.06933594 0. 6.25478900449e-22 0.
1526565087 1 9820.62988281 0. 6.2551461976e-22 0.
1526565147 1 9802.63378906 0. 6.25161816075e-22 0.
1526565207 1 9779.59375 0. 6.24500437644e-22 0.
1526565267 1 9768.33300781 0. 6.24573742221e-22 0.
1526565327 1 9754.40332031 0. 6.24447788202e-22 0.
1526565387 1 9737.67871094 0. 6.24175945011e-22 0.
1526565447 1 9726.48242188 0. 6.24256977647e-22 0.
1526565508 1 9719.92382812 0. 6.2464035288e-22 0.
1526565568 1 9702.79589844 0. 6.24331898361e-22 0.
1526565628 1 9700.73535156 0. 6.2498716329e-22 0.
1526565688 1 9664.54003906 0. 6.2341556644e-22 0.
1526565748 1 9662.23242188 0. 6.24078962339e-22 0.
1526565808 1 9666.17871094 0. 6.25126073533e-22 0.
1526565869 1 9626.12109375 0. 6.23328479218e-22 0.
1526565929 1 9639.86230469 0. 6.25016710818e-22 0.
1526565989 1 9611.22265625 0. 6.23935672135e-22 0.
1526566049 1 9596.86621094 0. 6.23790483509e-22 0.
1526566109 1 9594.06445312 0. 6.24368676515e-22 0.
1526566169 1 9597.75976562 0. 6.25423139251e-22 0.
1526566229 1 9575.69335938 0. 6.24796711069e-22 0.
1526566289 1 9565.67285156 0. 6.24916543145e-22 0.
1526566350 1 9554.69433594 0. 6.24998138556e-22 0.
1526566410 1 9539.61816406 0. 6.24814735233e-22 0.
1526566470 1 9535.18359375 0. 6.253027804e-22 0.
1526566530 1 9518.05273438 0. 6.24947586071e-22 0.
1526566590 1 9499.45703125 0. 6.24484661813e-22 0.
1526566650 1 9477.34960938 0. 6.23817216171e-22 0.
1526566710 1 9446.9453125 0. 6.2259682432e-22 0.
1526566770 1 9431.95410156 0. 6.22383617248e-22 0.
1526566831 1 9434.43847656 0. 6.23359339966e-22 0.
1526566869 1 9432.1484375 0. 6.23696695666e-22 0.
1526566908 1 9430.41796875 0. 6.24094802846e-22 0.
1526566969 1 9411.96777344 0. 6.23695901383e-22 0.
1526567006 1 9421.59375 0. 6.24795026889e-22 0.
1526567044 1 9413.73925781 0. 6.24777395818e-22 0.
1526567104 1 9394.66113281 0. 6.24299907353e-22 0.
1526567164 1 9375.96191406 0. 6.23820421129e-22 0.
1526567224 1 9371.60644531 0. 6.24313540685e-22 0.
1526567285 1 9364.66992188 0. 6.24669759072e-22 0.
1526567345 1 9351.80859375 0. 6.24622519922e-22 0.
1526567405 1 9362.28320312 0. 6.2611477276e-22 0.
1526567465 1 9358.12597656 0. 6.26605215631e-22 0.
1526567525 1 9348.15429688 0. 6.26703037949e-22 0.
1526567585 1 9315.22167969 0. 6.25331780785e-22 0.
1526567645 1 9262.94824219 0. 6.22579398514e-22 0.
1526567705 1 9238.52832031 0. 6.21725530166e-22 0.
1526567766 1 9222.37402344 0. 6.21432500867e-22 0.
1526567826 1 9206.98046875 0. 6.21190476743e-22 0.
1526567886 1 9191.58300781 0. 6.20925292194e-22 0.
1526567946 1 9164.83496094 0. 6.19883732165e-22 0.
1526568006 1 9141.69726562 0. 6.19086771068e-22 0.
1526568066 1 9115.92675781 0. 6.18133092452e-22 0.
1526568126 1 9143.38671875 0. 6.20807308782e-22 0.
1526568187 1 9126.35546875 0. 6.2042452668e-22 0.
1526568247 1 9134.68847656 0. 6.21765423433e-22 0.
1526568307 1 9120.640625 0. 6.21585363463e-22 0.
1526568367 1 9099.80566406 0. 6.20989053405e-22 0.
1526568427 1 9084.69726562 0. 6.20716809156e-22 0.
1526568487 1 9062.25585938 0. 6.19967393579e-22 0.
1526568547 1 9044.08007812 0. 6.19502413724e-22 0.
1526568608 1 9032.75976562 0. 6.19504415857e-22 0.
1526568668 1 9006.93945312 0. 6.18496647984e-22 0.
1526568728 1 9017.24414062 0. 6.19978321891e-22 0.
1526568788 1 8990.42578125 0. 6.18917178924e-22 0.
1526568848 1 8975.35351562 0. 6.18672601046e-22 0.
1526568908 1 8961.07910156 0. 6.18455565706e-22 0.
1526568969 1 8947.54003906 0. 6.18327960291e-22 0.
1526569004 1 8938.29492188 0. 6.18102686313e-22 0.
1526569039 1 8929.99121094 0. 6.18023994663e-22 0.
1526569100 1 8915.98339844 0. 6.17806695602e-22 0.
1526569160 1 8900.87695312 0. 6.1754395326e-22 0.
1526569220 1 8899.11523438 0. 6.18162190248e-22 0.
1526569280 1 8884.31933594 0. 6.17903159858e-22 0.
1526569340 1 8856.33789062 0. 6.1670864347e-22 0.
1526569400 1 8867.07617188 0. 6.18234995375e-22 0.
1526569460 1 8833.47167969 0. 6.16697498928e-22 0.
1526569521 1 8814.05859375 0. 6.16137848911e-22 0.
1526569581 1 8820.86035156 0. 6.17361686844e-22 0.
1526569641 1 8799.13476562 0. 6.16595531918e-22 0.
1526569676 1 8792.35351562 0. 6.1655833258e-22 0.
1526569712 1 8774.265625 0. 6.15772115758e-22 0.
1526569772 1 8749.62597656 0. 6.14786978379e-22 0.
1526569832 1 8727.68554688 0. 6.13974588214e-22 0.
1526569892 1 8723.59472656 0. 6.14428035126e-22 0.
1526569952 1 8729.07519531 0. 6.15565910219e-22 0.
1526570012 1 8713.74609375 0. 6.15256767225e-22 0.
1526570072 1 8697.66992188 0. 6.14869521087e-22 0.
1526570133 1 8685.32714844 0. 6.14761547208e-22 0.
1526570193 1 8680.8359375 0. 6.15199294134e-22 0.
1526570253 1 8672.06542969 0. 6.15326277296e-22 0.
1526570313 1 8662.5546875 0. 6.15455271312e-22 0.
1526570373 1 8659.19433594 0. 6.15968325905e-22 0.
1526570433 1 8640.70898438 0. 6.15420133284e-22 0.
1526570493 1 8631.40234375 0. 6.15530232669e-22 0.
1526570553 1 8611.13378906 0. 6.14857211481e-22 0.
1526570614 1 8597.33984375 0. 6.14634265737e-22 0.
1526570649 1 8583.24121094 0. 6.14027818732e-22 0.
1526570678 1 8584.43457031 0. 6.14526803056e-22 0.
1526570731 1 8567.64648438 0. 6.13991804627e-22 0.
1526570791 1 8573.90527344 0. 6.15214916671e-22 0.
1526570852 1 8553.95703125 0. 6.14534857368e-22 0.
1526570912 1 8532.1015625 0. 6.13754075922e-22 0.
1526570972 1 8544.3828125 0. 6.15381542845e-22 0.
1526571032 1 8521.7109375 0. 6.14516625672e-22 0.
1526571092 1 8507.30761719 0. 6.1426442759e-22 0.
1526571152 1 8495.60644531 0. 6.14173870452e-22 0.
1526571212 1 8485.61328125 0. 6.14177087708e-22 0.
1526571272 1 8482.20214844 0. 6.14697637863e-22 0.
1526571332 1 8482.36230469 0. 6.15496437576e-22 0.
1526571393 1 8455.40722656 0. 6.1432517524e-22 0.
1526571428 1 8444.22070312 0. 6.13957931947e-22 0.
1526571463 1 8422.17480469 0. 6.1282455694e-22 0.
1526571523 1 8412.59472656 0. 6.1286872155e-22 0.
1526571584 1 8393.15722656 0. 6.12207396696e-22 0.
1526571644 1 8381.1796875 0. 6.12096811e-22 0.
1526571704 1 8344.12304688 0. 6.10180838257e-22 0.
1526571764 1 8333.03027344 0. 6.1008984353e-22 0.
1526571824 1 8298.93554688 0. 6.08383088717e-22 0.
1526571884 1 8284.37304688 0. 6.08052421031e-22 0.
1526571945 1 8286.39355469 0. 6.08975377813e-22 0.
1526572005 1 8287.41210938 0. 6.09830435959e-22 0.
1526572065 1 8290.390625 0. 6.10758349726e-22 0.
1526572125 1 8274.58300781 0. 6.1035387712e-22 0.
1526572185 1 8264.44824219 0. 6.10377509361e-22 0.
1526572245 1 8253.97851562 0. 6.10338137477e-22 0.
1526572305 1 8240.55761719 0. 6.10125674142e-22 0.
1526572365 1 8227.29589844 0. 6.09865606731e-22 0.
1526572426 1 8212.61523438 0. 6.09562013329e-22 0.
1526572486 1 8192.97167969 0. 6.08803816962e-22 0.
1526572546 1 8160.40087891 0. 6.07128025295e-22 0.
1526572606 1 8134.62939453 0. 6.05937450974e-22 0.
1526572666 1 8128.88232422 0. 6.06276625272e-22 0.
1526572726 1 8131.05517578 0. 6.07165597163e-22 0.
1526572787 1 8127.34570312 0. 6.07667809514e-22 0.
1526572847 1 8130.89160156 0. 6.08676013816e-22 0.
1526572907 1 8097.50585938 0. 6.06922681294e-22 0.
1526572967 1 8113.93994141 0. 6.08841530555e-22 0.
1526573027 1 8070.44091797 0. 6.06309886498e-22 0.
1526573087 1 8046.66796875 0. 6.05241233692e-22 0.
1526573147 1 8036.93115234 0. 6.05194413298e-22 0.
1526573186 1 8037.36083984 0. 6.05659849758e-22 0.
1526573224 1 8043.58837891 0. 6.06604509032e-22 0.
1526573285 1 8037.30517578 0. 6.06896377608e-22 0.
1526573345 1 8032.53515625 0. 6.07243684212e-22 0.
1526573405 1 8020.07470703 0. 6.07062620717e-22 0.
1526573440 1 8012.12744141 0. 6.06875289976e-22 0.
1526573475 1 8007.09912109 0. 6.06936256833e-22 0.
1526573536 1 7995.23876953 0. 6.06758553468e-22 0.
1526573596 1 7976.63623047 0. 6.06058672116e-22 0.
1526573656 1 7968.80273438 0. 6.06225927667e-22 0.
1526573691 1 7963.08105469 0. 6.06193826134e-22 0.
1526573726 1 7957.421875 0. 6.06229758348e-22 0.
1526573787 1 7958.29101562 0. 6.07024140982e-22 0.
1526573847 1 7945.19775391 0. 6.06751554204e-22 0.
1526573907 1 7938.58544922 0. 6.06952720821e-22 0.
1526573967 1 7934.5859375 0. 6.07427211246e-22 0.
1526574027 1 7930.45898438 0. 6.07772832046e-22 0.
1526574087 1 7922.19775391 0. 6.07887692582e-22 0.
1526574148 1 7911.40917969 0. 6.07768507582e-22 0.
1526574208 1 7896.46386719 0. 6.07340106004e-22 0.
1526574268 1 7884.07714844 0. 6.07109997659e-22 0.
1526574328 1 7890.9609375 0. 6.08385930851e-22 0.
1526574388 1 7868.74804688 0. 6.07416165968e-22 0.
1526574448 1 7858.67578125 0. 6.07330551445e-22 0.
1526574508 1 7840.69775391 0. 6.06676283448e-22 0.
1526574568 1 7833.05712891 0. 6.06826843768e-22 0.
1526574629 1 7826.58447266 0. 6.07052108472e-22 0.
1526574689 1 7824.0546875 0. 6.07588872933e-22 0.
1526574749 1 7769.94824219 0. 6.04082552835e-22 0.
1526574809 1 7748.70019531 0. 6.03158912354e-22 0.
1526574869 1 7734.796875 0. 6.0279573878e-22 0.
1526574929 1 7713.56787109 0. 6.01853446716e-22 0.
1526574989 1 7557.52978516 0. 5.90379664555e-22 0.
1526575050 1 7471.84130859 0. 5.84276181296e-22 0.
1526575110 1 8001.30761719 0. 6.26464496112e-22 0.
1526575170 1 8014.39501953 0. 6.28222313171e-22 0.
1526575230 1 8001.50292969 0. 6.27977015975e-22 0.
1526575290 1 7989.00732422 0. 6.27781232286e-22 0.
1526575350 1 7980.67675781 0. 6.27875525826e-22 0.
1526575410 1 7967.76318359 0. 6.27594080541e-22 0.
1526575470 1 7955.36376953 0. 6.27367339419e-22 0.
1526575531 1 7943.04589844 0. 6.27166867235e-22 0.
1526575582 1 7933.49365234 0. 6.27038254612e-22 0.
1526575634 1 7951.4140625 0. 6.2909783694e-22 0.
1526575694 1 8458.65136719 0. 6.70231783082e-22 0.
1526575751 1 8526.29296875 0. 6.76698591224e-22 0.
1526575808 1 8468.41503906 0. 6.73190971733e-22 0.
1526575862 1 8261.86230469 0. 6.57737695119e-22 0.
1526575916 1 8135.05273438 0. 6.48602779205e-22 0.
1526575976 1 8473.97460938 0. 6.76714906054e-22 0.
1526576012 1 8463.46484375 0. 6.76518032899e-22 0.
1526576047 1 8457.62207031 0. 6.76690898379e-22 0.
1526576107 1 8443.13671875 0. 6.7657447886e-22 0.
1526576167 1 8430.89746094 0. 6.76624488519e-22 0.
1526576227 1 8421.56054688 0. 6.76957110294e-22 0.
1526576287 1 8399.70605469 0. 6.76260279311e-22 0.
1526576348 1 8384.13964844 0. 6.76086201429e-22 0.
1526576408 1 8387.69140625 0. 6.77393689963e-22 0.
1526576468 1 8745.515625 0. 7.07709110863e-22 0.
1526576528 1 8800.484375 0. 7.13850926978e-22 0.
1526576563 1 8788.40234375 0. 7.13813028186e-22 0.
1526576598 1 8777.52246094 0. 7.13996076354e-22 0.
1526576659 1 8763.39941406 0. 7.14524103878e-22 0.
1526576719 1 8746.015625 0. 7.1476769024e-22 0.
1526576759 1 8734.55761719 0. 7.1491214427e-22 0.
1526576775 1 3511.79467773 0. 2.89104257578e-22 0.
1526576784 1 590.528076172 0. 4.85398547784e-23 0.
1526576792 1 1108.31958008 0. 9.10102477119e-23 0.
1526576800 1 1904.78369141 0. 1.56233530672e-22 0.
1526576808 1 2859.68994141 0. 2.34667596776e-22 0.
1526576815 1 4437.45019531 0. 3.63835178722e-22 0.
1526576823 1 5630.41699219 0. 4.61968836927e-22 0.
1526576831 1 7394.16845703 0. 6.06498888371e-22 0.
1526576839 1 8006.58447266 0. 6.57000774023e-22 0.
1526576847 1 8712.375 0. 7.1505561059e-22 0.
1526576855 1 8091.82080078 0. 6.64404674827e-22 0.
1526576862 1 7342.6015625 0. 6.03053611637e-22 0.
1526576870 1 5808.98828125 0. 4.77496488485e-22 0.
1526576878 1 4506.31152344 0. 3.70393489952e-22 0.
1526576886 1 3184.84399414 0. 2.62084224403e-22 0.
1526576893 1 2052.64916992 0. 1.68917710027e-22 0.
1526576901 1 1353.16174316 0. 1.11484946001e-22 0.
1526576909 1 717.794616699 0. 5.92060010288e-23 0.
1526576924 1 3736.28613281 0. 3.0900265936e-22 0.
1526576939 1 987.942993164 0. 8.16174059506e-23 0.
1526576947 1 1598.45922852 0. 1.31853244998e-22 0.
1526576954 1 2522.62255859 0. 2.07753968741e-22 0.
1526576962 1 3494.86572266 0. 2.87955608224e-22 0.
1526576970 1 4982.22216797 0. 4.10237859326e-22 0.
1526576977 1 6058.51367188 0. 4.9927621352e-22 0.
1526576985 1 7559.04931641 0. 6.23036766841e-22 0.
1526576992 1 8096.58740234 0. 6.67747565738e-22 0.
1526577000 1 8671.75683594 0. 7.15501450461e-22 0.
1526577008 1 8182.41601562 0. 6.75454008353e-22 0.
1526577015 1 7597.25927734 0. 6.27325673127e-22 0.
1526577023 1 6261.96142578 0. 5.17443488672e-22 0.
1526577031 1 5082.65039062 0. 4.19958483901e-22 0.
1526577038 1 3776.3425293 0. 3.12424330274e-22 0.
1526577045 1 2615.31787109 0. 2.16443074353e-22 0.
1526577053 1 1826.52160645 0. 1.51418048998e-22 0.
1526577060 1 1062.20178223 0. 8.82446980508e-23 0.
1526577069 1 3442.63867188 0. 2.86191996307e-22 0.
1526577104 1 8649.640625 0. 7.16108326901e-22 0.
1526577151 1 8634.11035156 0. 7.1596162663e-22 0.
1526577197 1 8626.80761719 0. 7.16517068962e-22 0.
1526577255 1 8615.32910156 0. 7.16908081342e-22 0.
1526577315 1 8598.93652344 0. 7.16929380766e-22 0.
1526577375 1 8585.67675781 0. 7.17312832838e-22 0.
1526577435 1 8561.23730469 0. 7.16778787271e-22 0.
1526577471 1 941.977416992 0. 3.19769999483e-22 0.
1526577506 1 0.0 0. 0.0 0.
