1526603041 1 18944.4726562 0. 6.19681598081e-22 0.
1526603101 1 18857.0507812 0. 6.17979991793e-22 0.
1526603162 1 18885.1933594 0. 6.19896137959e-22 0.
1526603222 1 18813.5097656 0. 6.18711697904e-22 0.
1526603278 1 18798.4550781 0. 6.19204779639e-22 0.
1526603323 1 18782.6777344 0. 6.19357225822e-22 0.
1526603347 1 18732.109375 0. 6.18083886871e-22 0.
1526603362 1 18715.8476562 0. 6.17879030121e-22 0.
1526603403 1 18733.671875 0. 6.19216479834e-22 0.
1526603463 1 18559.96875 0. 6.1453662054e-22 0.
1526603521 1 18525.0390625 0. 6.14488818299e-22 0.
1526603566 1 18517.6738281 0. 6.15118823037e-22 0.
1526603599 1 18517.375 0. 6.15731474426e-22 0.
1526603645 1 18506.1679688 0. 6.1621591427e-22 0.
1526603705 1 18488.15625 0. 6.16779567137e-22 0.
1526603746 1 18466.859375 0. 6.16815157687e-22 0.
1526603786 1 18450.4550781 0. 6.17013399589e-22 0.
1526603847 1 18431.0585938 0. 6.17492486354e-22 0.
1526603907 1 18429.7324219 0. 6.18538457269e-22 0.
1526603958 1 18421.0410156 0. 6.19161577814e-22 0.
1526603985 1 6241.81542969 0. 2.1117094838e-22 0.
1526603995 1 1979.89953613 0. 6.66428013044e-23 0.
1526604003 1 3160.60571289 0. 1.06456806218e-22 0.
1526604010 1 5228.51708984 0. 1.75971728206e-22 0.
1526604018 1 7022.48779297 0. 2.36596355921e-22 0.
1526604026 1 10597.3115234 0. 3.56742280946e-22 0.
1526604034 1 12448.6494141 0. 4.19375207955e-22 0.
1526604041 1 16146.0644531 0. 5.43739560575e-22 0.
1526604049 1 17238.9804688 0. 5.80767122488e-22 0.
1526604057 1 18422.7890625 0. 6.20751429535e-22 0.
1526604065 1 17092.1582031 0. 5.76089614359e-22 0.
1526604073 1 15758.0869141 0. 5.31161919466e-22 0.
1526604081 1 12413.1757812 0. 4.18771965275e-22 0.
1526604089 1 10171.5048828 0. 3.4298143133e-22 0.
1526604097 1 7044.38085938 0. 2.37822312584e-22 0.
1526604105 1 5006.90478516 0. 1.68918040896e-22 0.
1526604113 1 3261.50415039 0. 1.10148877652e-22 0.
1526604121 1 1919.2298584 0. 6.48032788746e-23 0.
1526604136 1 5922.70751953 0. 2.01302910824e-22 0.
1526604151 1 1324.67724609 0. 4.49586316865e-23 0.
1526604159 1 2299.93823242 0. 7.79979509645e-23 0.
1526604167 1 3906.28881836 0. 1.32274469305e-22 0.
1526604174 1 5717.83300781 0. 1.93697010837e-22 0.
1526604182 1 9142.64550781 0. 3.09185107395e-22 0.
1526604189 1 11309.375 0. 3.82793338363e-22 0.
1526604197 1 15610.3085938 0. 5.27754002322e-22 0.
1526604205 1 16917.4628906 0. 5.72109414198e-22 0.
1526604212 1 18374.3984375 0. 6.21338232973e-22 0.
1526604220 1 16449.8183594 0. 5.56523927452e-22 0.
1526604227 1 14626.2382812 0. 4.94796527012e-22 0.
1526604235 1 10489.9472656 0. 3.55465618132e-22 0.
1526604243 1 8018.97119141 0. 2.71587448189e-22 0.
1526604250 1 5151.71777344 0. 1.74837980094e-22 0.
1526604258 1 3236.64306641 0. 1.09843359044e-22 0.
1526604266 1 2012.62023926 0. 6.84154531844e-23 0.
1526604273 1 1001.90264893 0. 3.41092116884e-23 0.
1526604282 1 4193.44921875 0. 1.43133354552e-22 0.
1526604296 1 18257.4140625 0. 6.1860235628e-22 0.
1526604336 1 18262.3886719 0. 6.19440894982e-22 0.
1526604396 1 18191.7246094 0. 6.18087905242e-22 0.
1526604456 1 17866.0859375 0. 6.08049215971e-22 0.
1526604516 1 17706.1425781 0. 6.03649702892e-22 0.
1526604577 1 17636.6230469 0. 6.02241244072e-22 0.
1526604637 1 17579.0644531 0. 6.01267628172e-22 0.
1526604697 1 17514.8515625 0. 6.00067011714e-22 0.
1526604757 1 17421.5703125 0. 5.97829720741e-22 0.
1526604814 1 17447.1933594 0. 5.99629726753e-22 0.
1526604872 1 17365.5488281 0. 5.97723532545e-22 0.
1526604932 1 17298.3476562 0. 5.96345896405e-22 0.
1526604992 1 17232.0410156 0. 5.94975394117e-22 0.
1526605053 1 17208.2480469 0. 5.95070499289e-22 0.
1526605113 1 17114.2363281 0. 5.92720310272e-22 0.
1526605173 1 17018.625 0. 5.90315691724e-22 0.
1526605233 1 16966.2871094 0. 5.89407884576e-22 0.
1526605293 1 16884.5097656 0. 5.8741097223e-22 0.
1526605353 1 16913.8183594 0. 5.89311180193e-22 0.
1526605413 1 16923.4296875 0. 5.90542582505e-22 0.
1526605473 1 16913.84375 0. 5.91099659581e-22 0.
1526605534 1 16887.6425781 0. 5.91051915807e-22 0.
1526605594 1 16861.5273438 0. 5.9105743426e-22 0.
1526605654 1 16789.4257812 0. 5.89401354181e-22 0.
1526605714 1 16718.7382812 0. 5.87797173546e-22 0.
1526605774 1 16666.234375 0. 5.86819739298e-22 0.
1526605834 1 16604.96875 0. 5.85504500694e-22 0.
1526605894 1 16634.8808594 0. 5.87428129754e-22 0.
1526605941 1 16671.8066406 0. 5.89385322661e-22 0.
1526605989 1 16589.1640625 0. 5.87179421241e-22 0.
1526606049 1 16552.3125 0. 5.8674076263e-22 0.
1526606109 1 16484.1816406 0. 5.85180284759e-22 0.
1526606169 1 16430.7558594 0. 5.84121827795e-22 0.
1526606229 1 16374.3232422 0. 5.82970075256e-22 0.
1526606289 1 16312.1914062 0. 5.81599856466e-22 0.
1526606350 1 16290.15625 0. 5.81653655702e-22 0.
1526606410 1 16244.8701172 0. 5.80858084843e-22 0.
1526606470 1 15858.5185547 0. 5.67841474924e-22 0.
1526606530 1 15663.7529297 0. 5.61797824768e-22 0.
1526606580 1 16152.2822266 0. 5.79812866538e-22 0.
1526606629 1 16549.3339844 0. 5.94778281714e-22 0.
1526606687 1 16984.765625 0. 6.11286441124e-22 0.
1526606745 1 16945.6210938 0. 6.10759551567e-22 0.
1526606805 1 16920.6015625 0. 6.10743111159e-22 0.
1526606865 1 16884.4238281 0. 6.10323137058e-22 0.
1526606901 1 16866.3476562 0. 6.10153816614e-22 0.
1526606911 1 16860.2324219 0. 6.10072259327e-22 0.
1526606921 1 16840.6171875 0. 6.09590489755e-22 0.
1526606944 1 16837.6191406 0. 6.09782052421e-22 0.
1526606991 1 16823.0234375 0. 6.09962168749e-22 0.
1526607052 1 16790.2265625 0. 6.09639419138e-22 0.
1526607112 1 16761.2753906 0. 6.09471132944e-22 0.
1526607172 1 16733.1894531 0. 6.09353350875e-22 0.
1526607209 1 16723.7167969 0. 6.09522257495e-22 0.
1526607245 1 16695.3457031 0. 6.09051684202e-22 0.
1526607305 1 16666.6875 0. 6.08900856379e-22 0.
1526607365 1 16627.7832031 0. 6.08317410144e-22 0.
1526607423 1 16598.8652344 0. 6.08100754947e-22 0.
1526607482 1 16573.5605469 0. 6.0804042658e-22 0.
1526607542 1 16547.2675781 0. 6.07946067278e-22 0.
1526607602 1 16511.5039062 0. 6.07468933886e-22 0.
1526607662 1 16488.2558594 0. 6.07505209885e-22 0.
1526607723 1 16456.2226562 0. 6.07196721349e-22 0.
1526607783 1 16426.6289062 0. 6.0697246757e-22 0.
1526607843 1 16381.7724609 0. 6.06158754011e-22 0.
1526607903 1 16357.9882812 0. 6.06137367996e-22 0.
1526607963 1 16324.8730469 0. 6.05782238172e-22 0.
1526608023 1 16291.3115234 0. 6.05419073517e-22 0.
1526608083 1 16269.2265625 0. 6.05435356494e-22 0.
1526608143 1 16239.9658203 0. 6.05181434176e-22 0.
1526608204 1 16205.1455078 0. 6.04727746794e-22 0.
1526608256 1 16175.0400391 0. 6.04378935065e-22 0.
1526608309 1 16156.2207031 0. 6.04399819971e-22 0.
1526608370 1 16118.1201172 0. 6.03809875882e-22 0.
1526608427 1 16104.5292969 0. 6.04132219181e-22 0.
1526608468 1 16080.3085938 0. 6.03802865601e-22 0.
1526608511 1 16058.5068359 0. 6.0357720091e-22 0.
1526608570 1 16009.0908203 0. 6.02511490218e-22 0.
1526608630 1 15978.25 0. 6.02198280178e-22 0.
1526608690 1 15963.7724609 0. 6.0250260725e-22 0.
1526608750 1 15937.3515625 0. 6.02319076348e-22 0.
1526608810 1 15908.2714844 0. 6.02077794342e-22 0.
1526608870 1 15883.8242188 0. 6.01980770124e-22 0.
1526608931 1 15852.6162109 0. 6.01614450566e-22 0.
1526608991 1 15823.0214844 0. 6.01322600363e-22 0.
1526609051 1 15786.4335938 0. 6.00784318041e-22 0.
1526609111 1 15751.8857422 0. 6.00280395261e-22 0.
1526609171 1 15715.2958984 0. 5.99721409505e-22 0.
1526609231 1 15701.3876953 0. 6.00011689353e-22 0.
1526609291 1 15661.1318359 0. 5.9929309826e-22 0.
1526609333 1 15636.3320312 0. 5.98875428972e-22 0.
1526609374 1 15603.96875 0. 5.98233844034e-22 0.
1526609434 1 15574.7402344 0. 5.9790403169e-22 0.
1526609494 1 15550.9970703 0. 5.97813283555e-22 0.
1526609555 1 15534.2792969 0. 5.9799577668e-22 0.
1526609614 1 15511.1835938 0. 5.9790962874e-22 0.
1526609674 1 15482.4902344 0. 5.97624876738e-22 0.
1526609734 1 15459.8007812 0. 5.97553612691e-22 0.
1526609794 1 15428.5722656 0. 5.97167414071e-22 0.
1526609854 1 15404.4873047 0. 5.97062291222e-22 0.
1526609914 1 15384.8378906 0. 5.97106058322e-22 0.
1526609974 1 15343.984375 0. 5.96329288962e-22 0.
1526610034 1 15324.8847656 0. 5.96388207284e-22 0.
1526610095 1 15300.9667969 0. 5.96248486436e-22 0.
1526610155 1 15281.2197266 0. 5.96263687529e-22 0.
1526610214 1 15230.5371094 0. 5.95095031129e-22 0.
1526610273 1 15221.8613281 0. 5.9555021768e-22 0.
1526610334 1 15192.0898438 0. 5.95166664279e-22 0.
1526610394 1 15161.984375 0. 5.94803607039e-22 0.
1526610454 1 15131.1894531 0. 5.94407358402e-22 0.
1526610514 1 15097.6757812 0. 5.93905019388e-22 0.
1526610574 1 15065.5009766 0. 5.93415591464e-22 0.
1526610634 1 15053.4628906 0. 5.93741980661e-22 0.
1526610694 1 15030.5537109 0. 5.93598955909e-22 0.
1526610754 1 15003.0078125 0. 5.9330225821e-22 0.
1526610815 1 14982.9765625 0. 5.9328421226e-22 0.
1526610875 1 14962.0888672 0. 5.93252419246e-22 0.
1526610935 1 14941.9892578 0. 5.93208607999e-22 0.
1526610995 1 14919.0136719 0. 5.9310673167e-22 0.
1526611055 1 14893.8603516 0. 5.9288907277e-22 0.
1526611115 1 14869.3896484 0. 5.92720767369e-22 0.
1526611175 1 14846.0146484 0. 5.9257038265e-22 0.
1526611235 1 14825.0888672 0. 5.92510475182e-22 0.
1526611295 1 14795.1738281 0. 5.92088777941e-22 0.
1526611356 1 14762.1132812 0. 5.915462561e-22 0.
1526611416 1 14735.3046875 0. 5.91279002893e-22 0.
1526611457 1 14713.4560547 0. 5.9092091679e-22 0.
1526611499 1 14696.5595703 0. 5.90776050497e-22 0.
1526611560 1 14674.9375 0. 5.90685146063e-22 0.
1526611620 1 14654.5253906 0. 5.90626982446e-22 0.
1526611680 1 14634.2070312 0. 5.90579605772e-22 0.
1526611740 1 14606.6679688 0. 5.90259605436e-22 0.
1526611800 1 14557.8652344 0. 5.89042404626e-22 0.
1526611860 1 14530.2685547 0. 5.88699687355e-22 0.
1526611920 1 14511.4482422 0. 5.88704903014e-22 0.
1526611981 1 14490.9921875 0. 5.88646961404e-22 0.
1526612021 1 14159.9736328 0. 5.75679353356e-22 0.
1526612061 1 14041.1113281 0. 5.7140858514e-22 0.
1526612121 1 13887.7021484 0. 5.65941562256e-22 0.
1526612181 1 14505.2998047 0. 5.9176428029e-22 0.
1526612223 1 14493.0097656 0. 5.91794939157e-22 0.
1526612265 1 14475.9599609 0. 5.91655908615e-22 0.
1526612326 1 14449.5478516 0. 5.91359957333e-22 0.
1526612386 1 14432.0957031 0. 5.91420087551e-22 0.
1526612434 1 14406.8515625 0. 5.91000082278e-22 0.
1526612483 1 14509.015625 0. 5.95858700994e-22 0.
1526612543 1 14626.6210938 0. 6.01535733645e-22 0.
1526612603 1 14779.7333984 0. 6.08756136201e-22 0.
1526612664 1 14809.3271484 0. 6.10933042005e-22 0.
1526612724 1 14936.5019531 0. 6.17137182515e-22 0.
1526612784 1 14908.8886719 0. 6.17001093224e-22 0.
1526612844 1 14882.6611328 0. 6.16912752805e-22 0.
1526612904 1 14859.4775391 0. 6.16927221432e-22 0.
1526612964 1 14814.2529297 0. 6.15991833787e-22 0.
1526613024 1 14795.8310547 0. 6.16133571807e-22 0.
1526613084 1 14771.3193359 0. 6.16040533665e-22 0.
1526613145 1 14782.6787109 0. 6.17396284833e-22 0.
1526613205 1 14785.5673828 0. 6.18414103362e-22 0.
1526613265 1 14752.7392578 0. 6.17914612047e-22 0.
1526613325 1 14736.5439453 0. 6.18119659744e-22 0.
1526613385 1 14724.5986328 0. 6.18505258751e-22 0.
1526613445 1 14693.5126953 0. 6.18122301513e-22 0.
1526613506 1 14661.3505859 0. 6.17647302127e-22 0.
1526613566 1 14657.8466797 0. 6.18352430368e-22 0.
1526613626 1 14617.7607422 0. 6.17529858049e-22 0.
1526613686 1 14594.5351562 0. 6.17401083766e-22 0.
1526613746 1 14559.2265625 0. 6.16763456208e-22 0.
1526613806 1 14517.0517578 0. 6.15859746785e-22 0.
1526613866 1 14498.0888672 0. 6.15956471597e-22 0.
1526613926 1 14483.9042969 0. 6.16191108866e-22 0.
1526613986 1 14473.0722656 0. 6.16588842177e-22 0.
1526614047 1 14455.9462891 0. 6.16756813388e-22 0.
1526614107 1 14427.3828125 0. 6.1642609261e-22 0.
1526614167 1 14400.9912109 0. 6.16160940772e-22 0.
1526614227 1 14381.6025391 0. 6.16204911715e-22 0.
1526614287 1 14407.9394531 0. 6.18217337315e-22 0.
1526614348 1 14369.6103516 0. 6.17447228602e-22 0.
1526614408 1 14358.8896484 0. 6.17846974373e-22 0.
1526614468 1 14337.7705078 0. 6.17805208355e-22 0.
1526614528 1 14307.8251953 0. 6.17382736629e-22 0.
1526614588 1 14278.7080078 0. 6.16970521758e-22 0.
1526614648 1 14250.5039062 0. 6.16623311924e-22 0.
1526614701 1 14234.1992188 0. 6.16678132153e-22 0.
1526614755 1 14208.4609375 0. 6.16327948122e-22 0.
1526614815 1 14172.4121094 0. 6.15620893296e-22 0.
1526614875 1 14164.7958984 0. 6.16137915764e-22 0.
1526614935 1 14138.8486328 0. 6.1584974175e-22 0.
1526614995 1 14105.6738281 0. 6.15271270805e-22 0.
1526615055 1 14080.8427734 0. 6.1504355474e-22 0.
1526615116 1 14050.4472656 0. 6.14540285743e-22 0.
1526615176 1 14014.9902344 0. 6.13845962468e-22 0.
1526615236 1 13994.4628906 0. 6.13807610968e-22 0.
1526615296 1 13997.421875 0. 6.14784962265e-22 0.
1526615356 1 14006.0097656 0. 6.16020242491e-22 0.
1526615416 1 13978.1826172 0. 6.15662702335e-22 0.
1526615477 1 13954.9345703 0. 6.15502251465e-22 0.
1526615537 1 13936.0244141 0. 6.15529229747e-22 0.
1526615597 1 13909.9501953 0. 6.15207070448e-22 0.
1526615657 1 13892.5507812 0. 6.15287787365e-22 0.
1526615717 1 13868.7402344 0. 6.15093837002e-22 0.
1526615777 1 13844.2626953 0. 6.14852436705e-22 0.
1526615837 1 13822.5576172 0. 6.14713133799e-22 0.
1526615898 1 13795.2050781 0. 6.14373207055e-22 0.
1526615946 1 13795.8857422 0. 6.1508939959e-22 0.
1526615981 1 13778.5947266 0. 6.14823936934e-22 0.
1526616028 1 13750.8496094 0. 6.14263849478e-22 0.
1526616088 1 13729.4003906 0. 6.14161139739e-22 0.
1526616148 1 13706.7568359 0. 6.14010187753e-22 0.
1526616208 1 13683.4951172 0. 6.13804338935e-22 0.
1526616268 1 13665.6005859 0. 6.1382036041e-22 0.
1526616328 1 13648.4023438 0. 6.13925267355e-22 0.
1526616389 1 13635.2578125 0. 6.14210399685e-22 0.
1526616449 1 13610.7480469 0. 6.13931738867e-22 0.
1526616491 1 13652.0976562 0. 6.16378819377e-22 0.
1526616534 1 13615.8681641 0. 6.15375666411e-22 0.
1526616594 1 13591.2304688 0. 6.15102296398e-22 0.
1526616654 1 13563.2382812 0. 6.1468125485e-22 0.
1526616714 1 13540.0068359 0. 6.14457547757e-22 0.
1526616775 1 13517.8261719 0. 6.14286567765e-22 0.
1526616835 1 13491.9208984 0. 6.13965978652e-22 0.
1526616895 1 13461.9042969 0. 6.13412049684e-22 0.
1526616955 1 13438.1914062 0. 6.13172075289e-22 0.
1526617015 1 13394.9707031 0. 6.12028079386e-22 0.
1526617066 1 13375.6015625 0. 6.11863325778e-22 0.
1526617117 1 13365.9306641 0. 6.12149712504e-22 0.
1526617177 1 13362.4804688 0. 6.12823355775e-22 0.
1526617237 1 13343.9873047 0. 6.12808258171e-22 0.
1526617297 1 13334.1904297 0. 6.13188062549e-22 0.
1526617357 1 13314.4570312 0. 6.13158735358e-22 0.
1526617396 1 13297.6640625 0. 6.12888723999e-22 0.
1526617435 1 13267.1904297 0. 6.12069617358e-22 0.
1526617495 1 13267.9501953 0. 6.12958235721e-22 0.
1526617546 1 13222.1289062 0. 6.11529938785e-22 0.
1526617597 1 13230.4208984 0. 6.12611205995e-22 0.
1526617657 1 13192.1113281 0. 6.11677082798e-22 0.
1526617717 1 13169.1708984 0. 6.11461526547e-22 0.
1526617777 1 13091.421875 0. 6.0864971054e-22 0.
1526617837 1 13036.1464844 0. 6.06900672341e-22 0.
1526617897 1 13002.6875 0. 6.0614739968e-22 0.
1526617957 1 12975.734375 0. 6.05706674548e-22 0.
1526618018 1 12937.8925781 0. 6.04735163555e-22 0.
1526618078 1 12910.5927734 0. 6.04308778491e-22 0.
1526618138 1 12898.4589844 0. 6.04588488461e-22 0.
1526618198 1 12882.9912109 0. 6.04663436864e-22 0.
1526618258 1 12865.9130859 0. 6.04694471774e-22 0.
1526618318 1 12851.4462891 0. 6.04851182736e-22 0.
1526618361 1 12842.1630859 0. 6.04974581391e-22 0.
1526618403 1 12823.4130859 0. 6.04666889778e-22 0.
1526618463 1 12805.1132812 0. 6.04633518498e-22 0.
1526618524 1 12781.7236328 0. 6.04326334956e-22 0.
1526618584 1 12770.3164062 0. 6.04612091504e-22 0.
1526618644 1 12743.4863281 0. 6.04116335454e-22 0.
1526618704 1 12730.4775391 0. 6.04313750575e-22 0.
1526618764 1 12697.9443359 0. 6.03602245537e-22 0.
1526618824 1 12732.5400391 0. 6.06069156574e-22 0.
1526618860 1 12712.28125 0. 6.05550046759e-22 0.
1526618895 1 12701.5732422 0. 6.05533338441e-22 0.
1526618955 1 12666.890625 0. 6.04709805484e-22 0.
1526619015 1 12660.0996094 0. 6.05194985873e-22 0.
1526619075 1 12641.859375 0. 6.05132994739e-22 0.
1526619135 1 12605.8193359 0. 6.04205333056e-22 0.
1526619195 1 12572.8603516 0. 6.0340483033e-22 0.
1526619256 1 12564.6982422 0. 6.03828744326e-22 0.
1526619316 1 12568.3115234 0. 6.04799350315e-22 0.
1526619376 1 12573.0556641 0. 6.05832277836e-22 0.
1526619436 1 12564.5800781 0. 6.0623160876e-22 0.
1526619496 1 12558.0400391 0. 6.06734766533e-22 0.
1526619557 1 12541.3955078 0. 6.06764733372e-22 0.
1526619617 1 12530.0878906 0. 6.07024527201e-22 0.
1526619677 1 12526.9394531 0. 6.07695244699e-22 0.
1526619737 1 12519.4355469 0. 6.08129827281e-22 0.
1526619797 1 12512.1699219 0. 6.086008887e-22 0.
1526619857 1 12514.5527344 0. 6.09531870506e-22 0.
1526619918 1 12499.0546875 0. 6.09567358037e-22 0.
1526619978 1 12483.2412109 0. 6.09641138272e-22 0.
1526620038 1 12462.7226562 0. 6.09444557918e-22 0.
1526620098 1 12452.0302734 0. 6.09740235095e-22 0.
1526620158 1 12442.6308594 0. 6.10132540724e-22 0.
1526620218 1 12441.4902344 0. 6.10914287175e-22 0.
1526620278 1 12412.0253906 0. 6.10311035693e-22 0.
1526620338 1 12385.8408203 0. 6.09810035214e-22 0.
1526620399 1 12368.5966797 0. 6.09790614318e-22 0.
1526620448 1 12351.2392578 0. 6.09608109596e-22 0.
1526620498 1 12327.6513672 0. 6.09110661881e-22 0.
1526620558 1 12312.8046875 0. 6.0919989611e-22 0.
1526620618 1 12289.0546875 0. 6.08823247353e-22 0.
1526620678 1 12274.5205078 0. 6.08898566177e-22 0.
1526620738 1 12264.5566406 0. 6.09249175098e-22 0.
1526620798 1 12244.7890625 0. 6.09062227953e-22 0.
1526620859 1 12235.5322266 0. 6.0943345865e-22 0.
1526620919 1 12218.9433594 0. 6.09461176244e-22 0.
1526620979 1 12234.6298828 0. 6.11082652333e-22 0.
1526621039 1 12201.5029297 0. 6.10273180412e-22 0.
1526621099 1 12187.7304688 0. 6.10399295558e-22 0.
1526621160 1 12174.7666016 0. 6.10581845014e-22 0.
1526621220 1 12153.3085938 0. 6.10309909001e-22 0.
1526621280 1 12138.5595703 0. 6.10394526052e-22 0.
1526621340 1 12117.2402344 0. 6.10144385157e-22 0.
1526621400 1 12106.7460938 0. 6.10462226796e-22 0.
1526621460 1 12086.9414062 0. 6.10246356082e-22 0.
1526621521 1 12065.0957031 0. 6.09944985433e-22 0.
1526621581 1 12050.5029297 0. 6.10042162599e-22 0.
1526621641 1 12023.2724609 0. 6.09473378819e-22 0.
1526621701 1 12013.0595703 0. 6.09777378674e-22 0.
1526621761 1 11986.1123047 0. 6.09224457571e-22 0.
1526621821 1 11950.5576172 0. 6.08213525976e-22 0.
1526621881 1 11933.2421875 0. 6.08143711828e-22 0.
1526621941 1 11936.609375 0. 6.09114887582e-22 0.
1526622001 1 11916.7783203 0. 6.08901109101e-22 0.
1526622062 1 11901.4238281 0. 6.08935717524e-22 0.
1526622122 1 11916.6347656 0. 6.10515222763e-22 0.
1526622182 1 11917.8652344 0. 6.11415808207e-22 0.
1526622242 1 11882.8251953 0. 6.1044861063e-22 0.
1526622302 1 11866.5615234 0. 6.1043210319e-22 0.
1526622354 1 11823.2431641 0. 6.08889308416e-22 0.
1526622405 1 11836.8798828 0. 6.10288665053e-22 0.
1526622466 1 11812.5830078 0. 6.09862329559e-22 0.
1526622526 1 11794.65625 0. 6.09765643927e-22 0.
1526622586 1 11752.7177734 0. 6.08411136537e-22 0.
1526622646 1 11727.3212891 0. 6.07908334836e-22 0.
1526622706 1 11721.3964844 0. 6.08399336821e-22 0.
1526622766 1 11704.2148438 0. 6.08319078939e-22 0.
1526622826 1 11690.7949219 0. 6.08477240384e-22 0.
1526622886 1 11659.2158203 0. 6.07645969648e-22 0.
1526622947 1 11656.7060547 0. 6.08324733569e-22 0.
1526623007 1 11632.1220703 0. 6.07852045845e-22 0.
1526623067 1 11617.6660156 0. 6.07907548013e-22 0.
1526623127 1 11591.0 0. 6.07327679853e-22 0.
1526623187 1 11576.6367188 0. 6.07383212101e-22 0.
1526623247 1 11550.9648438 0. 6.06854587351e-22 0.
1526623307 1 11560.2333984 0. 6.08151312175e-22 0.
1526623367 1 11536.953125 0. 6.07735960811e-22 0.
1526623428 1 11159.4892578 0. 5.88664288215e-22 0.
1526623488 1 11148.7109375 0. 5.88912911088e-22 0.
1526623548 1 11773.0478516 0. 6.22638917298e-22 0.
1526623608 1 11758.1542969 0. 6.22700585111e-22 0.
1526623668 1 11737.0166016 0. 6.22407003288e-22 0.
1526623728 1 11708.6484375 0. 6.2175607224e-22 0.
1526623788 1 11692.015625 0. 6.21725015762e-22 0.
1526623848 1 11679.7822266 0. 6.21903034367e-22 0.
1526623909 1 11648.5888672 0. 6.21114826696e-22 0.
1526623969 1 11643.3154297 0. 6.21654589587e-22 0.
1526624029 1 11622.7197266 0. 6.21400755306e-22 0.
1526624089 1 11601.0390625 0. 6.21086032057e-22 0.
1526624149 1 11581.7431641 0. 6.20939007113e-22 0.
1526624209 1 11563.4023438 0. 6.20809852769e-22 0.
1526624269 1 11547.5419922 0. 6.20795589472e-22 0.
1526624329 1 11527.3740234 0. 6.20547306757e-22 0.
1526624389 1 11513.3935547 0. 6.20640225635e-22 0.
1526624450 1 11538.1367188 0. 6.22807606675e-22 0.
1526624510 1 11521.0029297 0. 6.22711651192e-22 0.
1526624570 1 11503.0771484 0. 6.22595134015e-22 0.
1526624630 1 11477.2285156 0. 6.22062958997e-22 0.
1526624690 1 11460.4960938 0. 6.22000999937e-22 0.
1526624751 1 11446.7412109 0. 6.22140997596e-22 0.
1526624811 1 11424.0029297 0. 6.2174438989e-22 0.
1526624871 1 11409.8369141 0. 6.21823995368e-22 0.
1526624924 1 11393.6845703 0. 6.21667615067e-22 0.
1526624952 1 11389.4228516 0. 6.21797097976e-22 0.
1526624988 1 11383.4238281 0. 6.2200219601e-22 0.
1526625048 1 11347.5644531 0. 6.20883578347e-22 0.
1526625108 1 11316.1523438 0. 6.19989638387e-22 0.
1526625168 1 11296.5488281 0. 6.19725541904e-22 0.
1526625208 1 11282.5244141 0. 6.1948765256e-22 0.
1526625234 1 11282.2304688 0. 6.19822165906e-22 0.
1526625279 1 11269.1328125 0. 6.19730531718e-22 0.
1526625325 1 11250.5029297 0. 6.19369447233e-22 0.
1526625370 1 11239.4042969 0. 6.19396173889e-22 0.
1526625431 1 11218.9960938 0. 6.19088809247e-22 0.
1526625491 1 11204.0380859 0. 6.1907742731e-22 0.
1526625551 1 11226.8339844 0. 6.21175589575e-22 0.
1526625611 1 11198.5986328 0. 6.20431450148e-22 0.
1526625671 1 11182.7304688 0. 6.20444367738e-22 0.
1526625731 1 11173.8037109 0. 6.20786702615e-22 0.
1526625791 1 11154.0732422 0. 6.20544347876e-22 0.
1526625852 1 11133.5566406 0. 6.20203221006e-22 0.
1526625912 1 11121.5019531 0. 6.20337993093e-22 0.
1526625957 1 11104.2919922 0. 6.20020358502e-22 0.
1526626002 1 11091.9150391 0. 6.19949042113e-22 0.
1526626062 1 11068.5507812 0. 6.19467404566e-22 0.
1526626122 1 11048.7509766 0. 6.19172241412e-22 0.
1526626165 1 11036.0976562 0. 6.19062929186e-22 0.
1526626208 1 11031.921875 0. 6.19440423129e-22 0.
1526626268 1 11014.7392578 0. 6.19307498014e-22 0.
1526626328 1 10989.8349609 0. 6.18758223616e-22 0.
1526626389 1 10966.2119141 0. 6.18263899966e-22 0.
1526626449 1 10970.4072266 0. 6.19320688162e-22 0.
1526626509 1 10955.7871094 0. 6.19345204698e-22 0.
1526626569 1 10935.7412109 0. 6.19032025015e-22 0.
1526626629 1 10915.9628906 0. 6.18747404112e-22 0.
1526626689 1 10910.6523438 0. 6.19299866801e-22 0.
1526626749 1 10921.9404297 0. 6.20739964035e-22 0.
1526626809 1 10900.1005859 0. 6.20320044096e-22 0.
1526626848 1 10893.4150391 0. 6.20446580681e-22 0.
1526626887 1 10885.6826172 0. 6.20576496582e-22 0.
1526626947 1 10875.9443359 0. 6.20881323748e-22 0.
1526627000 1 10863.7714844 0. 6.20910129409e-22 0.
1526627053 1 10848.1386719 0. 6.20742033642e-22 0.
1526627113 1 10823.6318359 0. 6.2017730999e-22 0.
1526627173 1 10801.2949219 0. 6.19724486017e-22 0.
1526627233 1 10786.4726562 0. 6.19699117911e-22 0.
1526627293 1 10775.4833984 0. 6.19862255919e-22 0.
1526627354 1 10759.8671875 0. 6.1981616153e-22 0.
1526627414 1 10743.5976562 0. 6.19750009629e-22 0.
1526627474 1 10729.3085938 0. 6.19747353295e-22 0.
1526627534 1 10712.7587891 0. 6.19609808698e-22 0.
1526627594 1 10695.0966797 0. 6.1939043202e-22 0.
1526627654 1 10678.6523438 0. 6.19298803089e-22 0.
1526627714 1 10663.1914062 0. 6.19246868466e-22 0.
1526627774 1 10644.4150391 0. 6.19036450645e-22 0.
1526627835 1 10626.3457031 0. 6.18800555723e-22 0.
1526627895 1 10634.1367188 0. 6.2007109125e-22 0.
1526627955 1 10627.2802734 0. 6.20473362608e-22 0.
1526628015 1 10601.2792969 0. 6.19819780079e-22 0.
1526628075 1 10589.1201172 0. 6.19970587592e-22 0.
1526628136 1 10575.78125 0. 6.20014607589e-22 0.
1526628196 1 10557.0244141 0. 6.19763992889e-22 0.
1526628255 1 10548.3574219 0. 6.20067544792e-22 0.
1526628314 1 10534.6259766 0. 6.20073463138e-22 0.
1526628375 1 10517.9833984 0. 6.19941780265e-22 0.
1526628435 1 10496.2578125 0. 6.19500059e-22 0.
1526628495 1 10481.0771484 0. 6.19453522038e-22 0.
1526628555 1 10463.3867188 0. 6.19238595612e-22 0.
1526628615 1 10447.1201172 0. 6.19120798688e-22 0.
1526628675 1 10427.2705078 0. 6.18773651443e-22 0.
1526628734 1 10411.8554688 0. 6.18700586025e-22 0.
1526628795 1 10395.046875 0. 6.18522345221e-22 0.
1526628855 1 10387.1455078 0. 6.18885512679e-22 0.
1526628915 1 10367.3759766 0. 6.18557403356e-22 0.
1526628975 1 10348.0126953 0. 6.18238737849e-22 0.
1526629035 1 10334.5068359 0. 6.18257993608e-22 0.
1526629095 1 10323.5566406 0. 6.18421935722e-22 0.
1526629155 1 10334.4902344 0. 6.19915942354e-22 0.
1526629215 1 10316.0878906 0. 6.19646852186e-22 0.
1526629276 1 10301.1865234 0. 6.19586704155e-22 0.
1526629320 1 10289.0507812 0. 6.1944691095e-22 0.
1526629365 1 10272.7333984 0. 6.19089070852e-22 0.
1526629411 1 10258.4169922 0. 6.18846013818e-22 0.
1526629457 1 10249.2324219 0. 6.18939465051e-22 0.
1526629517 1 10233.5292969 0. 6.18818423206e-22 0.
1526629577 1 10219.3085938 0. 6.18784650175e-22 0.
1526629637 1 10197.3388672 0. 6.18272840971e-22 0.
1526629697 1 10191.9072266 0. 6.18737794305e-22 0.
1526629757 1 10172.5859375 0. 6.18393742941e-22 0.
1526629817 1 10159.9023438 0. 6.18434860995e-22 0.
1526629878 1 10142.8603516 0. 6.18248713047e-22 0.
1526629938 1 10123.3837891 0. 6.17881379514e-22 0.
1526629998 1 10110.0625 0. 6.17913004525e-22 0.
1526630058 1 10091.6962891 0. 6.17613860415e-22 0.
1526630118 1 10076.0478516 0. 6.17497647216e-22 0.
1526630178 1 10060.9853516 0. 6.17388032903e-22 0.
1526630238 1 10045.3769531 0. 6.17246475555e-22 0.
1526630298 1 10033.9414062 0. 6.17378290589e-22 0.
1526630357 1 10049.4726562 0. 6.19150070385e-22 0.
1526630416 1 10026.8056641 0. 6.18563692175e-22 0.
1526630477 1 10010.1230469 0. 6.18375731569e-22 0.
1526630537 1 9997.609375 0. 6.18435455113e-22 0.
1526630597 1 9982.60449219 0. 6.18367853456e-22 0.
1526630657 1 9967.36621094 0. 6.18267791217e-22 0.
1526630717 1 9945.77734375 0. 6.17760559793e-22 0.
1526630777 1 9934.62402344 0. 6.17877875175e-22 0.
1526630838 1 9927.35351562 0. 6.18256148053e-22 0.
1526630898 1 9902.16992188 0. 6.1751236413e-22 0.
1526630933 1 9906.08203125 0. 6.18196617736e-22 0.
1526630968 1 9898.06640625 0. 6.18201128851e-22 0.
1526631029 1 9874.87695312 0. 6.17581509407e-22 0.
1526631089 1 9859.3671875 0. 6.17477624998e-22 0.
1526631149 1 9850.10742188 0. 6.17740164397e-22 0.
1526631209 1 9834.86621094 0. 6.17579655242e-22 0.
1526631270 1 9820.59570312 0. 6.17483365851e-22 0.
1526631330 1 9810.08984375 0. 6.17624196522e-22 0.
1526631390 1 9789.79589844 0. 6.17199025803e-22 0.
1526631450 1 9775.37695312 0. 6.17108419594e-22 0.
1526631510 1 9759.578125 0. 6.16937940769e-22 0.
1526631570 1 9745.4921875 0. 6.1687178691e-22 0.
1526631630 1 9728.84472656 0. 6.16649741223e-22 0.
1526631690 1 9709.26660156 0. 6.16219214001e-22 0.
1526631751 1 9679.59082031 0. 6.15126724794e-22 0.
1526631790 1 9670.61914062 0. 6.15100433331e-22 0.
1526631823 1 9661.51269531 0. 6.14962751062e-22 0.
1526631877 1 9650.8359375 0. 6.15059569295e-22 0.
1526631938 1 9633.79785156 0. 6.14781264853e-22 0.
1526631998 1 9620.33007812 0. 6.14729153224e-22 0.
1526632058 1 9599.79296875 0. 6.1422897817e-22 0.
1526632118 1 9583.83496094 0. 6.14013782696e-22 0.
1526632178 1 9571.2265625 0. 6.14058648156e-22 0.
1526632238 1 9554.20703125 0. 6.13790714547e-22 0.
1526632273 1 9544.01855469 0. 6.1359064891e-22 0.
1526632309 1 9536.57226562 0. 6.13615734974e-22 0.
1526632369 1 9519.60351562 0. 6.13314647129e-22 0.
1526632429 1 9506.41992188 0. 6.13323160574e-22 0.
1526632489 1 9497.55859375 0. 6.13569168154e-22 0.
1526632550 1 9487.36425781 0. 6.13721563081e-22 0.
1526632604 1 9467.19238281 0. 6.13168394367e-22 0.
1526632649 1 9454.65625 0. 6.12925234493e-22 0.
1526632699 1 9442.00390625 0. 6.1277104233e-22 0.
1526632759 1 9427.58496094 0. 6.12680202404e-22 0.
1526632819 1 9423.86621094 0. 6.13234091462e-22 0.
1526632879 1 9409.36035156 0. 6.13092978881e-22 0.
1526632926 1 9395.93652344 0. 6.128489333e-22 0.
1526632948 1 4141.51123047 0. 2.71624830655e-22 0.
1526632958 1 674.198120117 0. 4.40905270031e-23 0.
1526632966 1 1265.08349609 0. 8.26791028382e-23 0.
1526632974 1 2110.27905273 0. 1.37776455021e-22 0.
1526632982 1 3234.05737305 0. 2.11292049969e-22 0.
1526632990 1 4900.93945312 0. 3.19956261002e-22 0.
1526632998 1 6186.20849609 0. 4.04127027599e-22 0.
1526633006 1 8105.35351562 0. 5.293719889e-22 0.
1526633014 1 8742.61328125 0. 5.71190362232e-22 0.
1526633021 1 9397.60449219 0. 6.14084913452e-22 0.
1526633029 1 8588.02636719 0. 5.61343291982e-22 0.
1526633037 1 7631.22900391 0. 4.98798865922e-22 0.
1526633045 1 5893.93359375 0. 3.85499630226e-22 0.
1526633053 1 4425.07226562 0. 2.89316866816e-22 0.
1526633061 1 3018.83911133 0. 1.97577249352e-22 0.
1526633069 1 1864.10998535 0. 1.21968349663e-22 0.
1526633077 1 1195.10852051 0. 7.82822401265e-23 0.
1526633085 1 598.267883301 0. 3.92308241768e-23 0.
1526633101 1 4193.34960938 0. 2.75806347332e-22 0.
1526633117 1 1087.32580566 0. 7.13119627367e-23 0.
1526633124 1 1790.51782227 0. 1.17339303251e-22 0.
1526633132 1 2766.05395508 0. 1.81079304725e-22 0.
1526633140 1 3883.46264648 0. 2.54369109072e-22 0.
1526633147 1 5507.90332031 0. 3.60531162207e-22 0.
1526633155 1 6696.19824219 0. 4.38606181157e-22 0.
1526633163 1 8320.75488281 0. 5.44956288453e-22 0.
1526633170 1 8858.32421875 0. 5.80379502218e-22 0.
1526633178 1 9381.21484375 0. 6.14847994439e-22 0.
1526633185 1 8722.90722656 0. 5.71924943128e-22 0.
1526633193 1 7936.30224609 0. 5.2044219937e-22 0.
1526633201 1 6384.36523438 0. 4.19008425578e-22 0.
1526633208 1 4968.68554688 0. 3.26070042234e-22 0.
1526633216 1 3593.44824219 0. 2.36119948213e-22 0.
1526633223 1 2394.921875 0. 1.5738844517e-22 0.
1526633231 1 1620.97119141 0. 1.06695576174e-22 0.
1526633239 1 899.910766602 0. 5.93405324391e-23 0.
1526633248 1 3477.05761719 0. 2.29489529888e-22 0.
1526633282 1 9364.10839844 0. 6.14992153114e-22 0.
1526633342 1 9353.24414062 0. 6.14952916353e-22 0.
1526633402 1 9344.81542969 0. 6.1508565834e-22 0.
1526633463 1 9298.03710938 0. 6.12696017361e-22 0.
1526633523 1 9311.67089844 0. 6.1431939395e-22 0.
1526633583 1 9281.2578125 0. 6.1299933511e-22 0.
1526633643 1 9255.796875 0. 6.12100742503e-22 0.
1526633703 1 9238.64453125 0. 6.11759217566e-22 0.
1526633764 1 9223.88183594 0. 6.11576815047e-22 0.
1526633824 1 9207.94042969 0. 6.11317354011e-22 0.
1526633884 1 9193.74902344 0. 6.11182415961e-22 0.
1526633944 1 9176.18847656 0. 6.10822545923e-22 0.
1526633992 1 8429.25878906 0. 5.62621452616e-22 0.
1526634041 1 0.200792893767 0. 1.85636965638e-22 0.
