1526696128 1 17986.3417969 0. 6.13628500053e-22 0.
1526696188 1 17874.5 0. 6.10692058415e-22 0.
1526696232 1 17816.0253906 0. 6.09292015288e-22 0.
1526696252 1 17799.3320312 0. 6.08957300517e-22 0.
1526696290 1 17783.5136719 0. 6.08813511263e-22 0.
1526696342 1 17750.8789062 0. 6.08412488922e-22 0.
1526696371 1 17784.3945312 0. 6.09869211026e-22 0.
1526696388 1 17780.1679688 0. 6.09882059121e-22 0.
1526696428 1 17651.5820312 0. 6.06087118187e-22 0.
1526696488 1 17589.96875 0. 6.0488144636e-22 0.
1526696532 1 17524.3769531 0. 6.03247980768e-22 0.
1526696550 1 17474.4003906 0. 6.01788418345e-22 0.
1526696567 1 17422.2675781 0. 6.00289964502e-22 0.
1526696610 1 17295.0175781 0. 5.96530428156e-22 0.
1526696656 1 17186.703125 0. 5.93447863892e-22 0.
1526696701 1 17118.2304688 0. 5.91727476418e-22 0.
1526696761 1 17076.78125 0. 5.91146225328e-22 0.
1526696797 1 17056.7382812 0. 5.90958758346e-22 0.
1526696832 1 17044.3925781 0. 5.91064226173e-22 0.
1526696892 1 17025.9121094 0. 5.91306891102e-22 0.
1526696952 1 17018.4921875 0. 5.91936033392e-22 0.
1526697013 1 16951.0175781 0. 5.90468850599e-22 0.
1526697048 1 16949.8535156 0. 5.90907624563e-22 0.
1526697083 1 16939.9785156 0. 5.91106584702e-22 0.
1526697143 1 16572.0195312 0. 5.79119147205e-22 0.
1526697193 1 15469.2275391 0. 5.41461382724e-22 0.
1526697241 1 16815.7285156 0. 5.89116598644e-22 0.
1526697274 1 17349.8808594 0. 6.08263625812e-22 0.
1526697284 1 6312.09423828 0. 2.22587788501e-22 0.
1526697293 1 1977.71276855 0. 6.94988849576e-23 0.
1526697301 1 3168.34375 0. 1.11364573349e-22 0.
1526697309 1 5088.06103516 0. 1.78670780935e-22 0.
1526697317 1 6838.46875 0. 2.40276289879e-22 0.
1526697325 1 10038.4052734 0. 3.52370165582e-22 0.
1526697333 1 11886.6386719 0. 4.17498621559e-22 0.
1526697341 1 15096.4550781 0. 5.29986747663e-22 0.
1526697349 1 16135.6015625 0. 5.66607730135e-22 0.
1526697357 1 17301.359375 0. 6.07574662662e-22 0.
1526697365 1 16271.7480469 0. 5.71602068738e-22 0.
1526697373 1 15136.5615234 0. 5.3175320371e-22 0.
1526697380 1 12202.03125 0. 4.29014267132e-22 0.
1526697388 1 10165.9912109 0. 3.57340481694e-22 0.
1526697396 1 7297.09960938 0. 2.56793523951e-22 0.
1526697404 1 5275.52246094 0. 1.85581988193e-22 0.
1526697412 1 3541.29345703 0. 1.24715651807e-22 0.
1526697420 1 2134.42236328 0. 7.51747695034e-23 0.
1526697435 1 5866.10742188 0. 2.07742000082e-22 0.
1526697451 1 1166.22521973 0. 4.13717349255e-23 0.
1526697458 1 1959.7166748 0. 6.94111272984e-23 0.
1526697466 1 3345.13867188 0. 1.18286413995e-22 0.
1526697474 1 5043.23876953 0. 1.78240585782e-22 0.
1526697481 1 8061.79052734 0. 2.84368291723e-22 0.
1526697489 1 10022.1113281 0. 3.53668696113e-22 0.
1526697497 1 14122.4082031 0. 4.97595776093e-22 0.
1526697504 1 15490.7871094 0. 5.45911590117e-22 0.
1526697512 1 17222.4472656 0. 6.06785839324e-22 0.
1526697520 1 15730.1640625 0. 5.54465672537e-22 0.
1526697527 1 14234.0947266 0. 5.01835294659e-22 0.
1526697535 1 10503.6992188 0. 3.70982340508e-22 0.
1526697543 1 8098.70751953 0. 2.86036870639e-22 0.
1526697550 1 5294.22753906 0. 1.87414722164e-22 0.
1526697558 1 3389.61743164 0. 1.20084086414e-22 0.
1526697565 1 2139.12646484 0. 7.59257554428e-23 0.
1526697573 1 1132.01318359 0. 4.02738843224e-23 0.
1526697582 1 4394.49316406 0. 1.56329523454e-22 0.
1526697616 1 17166.8359375 0. 6.06410781449e-22 0.
1526697677 1 17147.2910156 0. 6.06514843673e-22 0.
1526697715 1 17124.3554688 0. 6.06215778996e-22 0.
1526697754 1 17086.5117188 0. 6.05418125272e-22 0.
1526697815 1 17246.9980469 0. 6.11918566316e-22 0.
1526697872 1 17250.4101562 0. 6.12841981221e-22 0.
1526697929 1 17292.3359375 0. 6.15177654231e-22 0.
1526697977 1 17244.8984375 0. 6.14175407774e-22 0.
1526698024 1 17283.3457031 0. 6.16234615222e-22 0.
1526698078 1 17248.4433594 0. 6.15771074879e-22 0.
1526698132 1 17224.6132812 0. 6.15704478129e-22 0.
1526698192 1 17182.53125 0. 6.15124523537e-22 0.
1526698252 1 17130.4238281 0. 6.14160546483e-22 0.
1526698289 1 17099.3613281 0. 6.13568209476e-22 0.
1526698325 1 17076.609375 0. 6.13329083921e-22 0.
1526698386 1 17027.5585938 0. 6.12442587869e-22 0.
1526698446 1 16980.890625 0. 6.11661500708e-22 0.
1526698506 1 16944.1484375 0. 6.11199950485e-22 0.
1526698566 1 16897.4667969 0. 6.10441612148e-22 0.
1526698626 1 16852.7714844 0. 6.09706334971e-22 0.
1526698671 1 16824.1289062 0. 6.0929702773e-22 0.
1526698716 1 16768.2929688 0. 6.07975710778e-22 0.
1526698752 1 16681.9179688 0. 6.05327591292e-22 0.
1526698787 1 16704.0585938 0. 6.06654271835e-22 0.
1526698848 1 16673.9101562 0. 6.06423093766e-22 0.
1526698908 1 16688.7089844 0. 6.07809969281e-22 0.
1526698960 1 16727.9921875 0. 6.10006180708e-22 0.
1526698987 1 16681.3574219 0. 6.0865567754e-22 0.
1526699022 1 16658.5195312 0. 6.08419977748e-22 0.
1526699066 1 16632.3964844 0. 6.08098479175e-22 0.
1526699110 1 16613.2304688 0. 6.08040565358e-22 0.
1526699170 1 16574.4414062 0. 6.07507139959e-22 0.
1526699231 1 16515.5351562 0. 6.06223626788e-22 0.
1526699291 1 16461.0976562 0. 6.05114129812e-22 0.
1526699351 1 16433.8378906 0. 6.04994135952e-22 0.
1526699411 1 16401.3398438 0. 6.04642491053e-22 0.
1526699471 1 16354.3955078 0. 6.03778247649e-22 0.
1526699531 1 16309.4931641 0. 6.02990364265e-22 0.
1526699592 1 16256.4375 0. 6.0189093339e-22 0.
1526699652 1 16224.6328125 0. 6.01529504262e-22 0.
1526699712 1 16200.9511719 0. 6.01508173915e-22 0.
1526699772 1 16195.5136719 0. 6.02150946895e-22 0.
1526699824 1 16163.9150391 0. 6.01711449112e-22 0.
1526699875 1 16246.8642578 0. 6.05540561342e-22 0.
1526699936 1 16198.9941406 0. 6.04621320554e-22 0.
1526699996 1 16141.7421875 0. 6.03353414297e-22 0.
1526700031 1 16136.5292969 0. 6.03667409472e-22 0.
1526700062 1 16113.3486328 0. 6.03265666015e-22 0.
1526700118 1 16065.4941406 0. 6.02252244047e-22 0.
1526700178 1 16047.2822266 0. 6.02419824896e-22 0.
1526700238 1 16027.5429688 0. 6.02535292507e-22 0.
1526700298 1 15995.4570312 0. 6.02161918033e-22 0.
1526700358 1 15967.9384766 0. 6.01915695041e-22 0.
1526700418 1 15932.9257812 0. 6.01446859341e-22 0.
1526700479 1 15904.4492188 0. 6.01209703042e-22 0.
1526700539 1 15870.4228516 0. 6.00751372357e-22 0.
1526700579 1 15845.2861328 0. 6.00336635813e-22 0.
1526700600 1 15839.1689453 0. 6.00432733274e-22 0.
1526700641 1 15813.4667969 0. 6.00039133529e-22 0.
1526700702 1 15786.3857422 0. 5.99852763e-22 0.
1526700761 1 15772.4228516 0. 6.00150745173e-22 0.
1526700820 1 15775.2587891 0. 6.01126181766e-22 0.
1526700881 1 15717.6103516 0. 5.99760171287e-22 0.
1526700941 1 15678.8925781 0. 5.99127546026e-22 0.
1526701001 1 15617.6591797 0. 5.9763146808e-22 0.
1526701061 1 15592.1640625 0. 5.97454956662e-22 0.
1526701096 1 15581.9736328 0. 5.97494973863e-22 0.
1526701132 1 15578.9824219 0. 5.97906577477e-22 0.
1526701192 1 15578.6445312 0. 5.98713432614e-22 0.
1526701252 1 15555.9179688 0. 5.98662373175e-22 0.
1526701312 1 15534.1435547 0. 5.98691865989e-22 0.
1526701367 1 15505.4501953 0. 5.983506191e-22 0.
1526701408 1 15491.5166016 0. 5.9838811694e-22 0.
1526701441 1 15481.1982422 0. 5.98419301434e-22 0.
1526701488 1 15459.0673828 0. 5.98216951615e-22 0.
1526701531 1 15449.4648438 0. 5.98463242844e-22 0.
1526701575 1 15432.3613281 0. 5.98382711065e-22 0.
1526701635 1 15392.28125 0. 5.97654555438e-22 0.
1526701695 1 15367.9472656 0. 5.9756473661e-22 0.
1526701755 1 15340.6865234 0. 5.97300941641e-22 0.
1526701815 1 15381.0664062 0. 5.99698119959e-22 0.
1526701876 1 15331.4052734 0. 5.98626728274e-22 0.
1526701936 1 15297.4228516 0. 5.98124102459e-22 0.
1526701996 1 15254.5292969 0. 5.97243571825e-22 0.
1526702056 1 15230.8037109 0. 5.97162042701e-22 0.
1526702116 1 15192.4150391 0. 5.9648674934e-22 0.
1526702176 1 15167.84375 0. 5.96328553027e-22 0.
1526702236 1 15149.046875 0. 5.96414624342e-22 0.
1526702297 1 15131.390625 0. 5.96547386762e-22 0.
1526702357 1 15061.5039062 0. 5.94610050664e-22 0.
1526702410 1 15081.5888672 0. 5.96128720503e-22 0.
1526702454 1 15052.171875 0. 5.95548852021e-22 0.
1526702506 1 15036.4248047 0. 5.95610511203e-22 0.
1526702566 1 15004.6572266 0. 5.95178401504e-22 0.
1526702626 1 14963.3613281 0. 5.94350480797e-22 0.
1526702686 1 14935.3857422 0. 5.94018831473e-22 0.
1526702746 1 14922.296875 0. 5.94313265049e-22 0.
1526702806 1 14909.28125 0. 5.94630801311e-22 0.
1526702855 1 14905.0996094 0. 5.95103001514e-22 0.
1526702904 1 14883.0546875 0. 5.94891254762e-22 0.
1526702964 1 14826.2392578 0. 5.93421948339e-22 0.
1526703024 1 14773.7851562 0. 5.92108917499e-22 0.
1526703084 1 14768.3066406 0. 5.92655728582e-22 0.
1526703144 1 14787.2353516 0. 5.94208469705e-22 0.
1526703201 1 14786.9414062 0. 5.94954416934e-22 0.
1526703235 1 14773.3076172 0. 5.94865249861e-22 0.
1526703273 1 14770.4208984 0. 5.95265911378e-22 0.
1526703309 1 14778.4082031 0. 5.96043125428e-22 0.
1526703344 1 14773.4179688 0. 5.96341409565e-22 0.
1526703404 1 14760.6035156 0. 5.96626707254e-22 0.
1526703464 1 14714.09375 0. 5.95544363612e-22 0.
1526703524 1 14737.1845703 0. 5.972573217e-22 0.
1526703585 1 14680.1269531 0. 5.95781243838e-22 0.
1526703645 1 14648.7167969 0. 5.95261124546e-22 0.
1526703705 1 14621.5566406 0. 5.94973548282e-22 0.
1526703765 1 14490.3427734 0. 5.90449748323e-22 0.
1526703825 1 14439.4775391 0. 5.89117684231e-22 0.
1526703885 1 14416.9453125 0. 5.88988377219e-22 0.
1526703946 1 14384.3125 0. 5.88440234728e-22 0.
1526703981 1 14401.6376953 0. 5.89593641358e-22 0.
1526704012 1 14399.6123047 0. 5.89960589783e-22 0.
1526704069 1 14379.1210938 0. 5.89832741351e-22 0.
1526704129 1 14365.6298828 0. 5.90085290363e-22 0.
1526704190 1 14347.7773438 0. 5.90117306628e-22 0.
1526704232 1 14321.0068359 0. 5.89629576935e-22 0.
1526704275 1 14296.5302734 0. 5.89188394903e-22 0.
1526704335 1 14271.53125 0. 5.88950395547e-22 0.
1526704395 1 14216.8876953 0. 5.87459536257e-22 0.
1526704455 1 14162.6123047 0. 5.85986434092e-22 0.
1526704515 1 14155.8671875 0. 5.86482557806e-22 0.
1526704576 1 14155.7851562 0. 5.87286987017e-22 0.
1526704636 1 14160.6904297 0. 5.88244635739e-22 0.
1526704696 1 14134.9072266 0. 5.8795681827e-22 0.
1526704756 1 14109.6552734 0. 5.87689407834e-22 0.
1526704816 1 14081.4970703 0. 5.87265500649e-22 0.
1526704876 1 14058.4130859 0. 5.87057790812e-22 0.
1526704936 1 14051.8554688 0. 5.87576812938e-22 0.
1526704996 1 14011.8320312 0. 5.866953859e-22 0.
1526705057 1 13970.4365234 0. 5.85705915253e-22 0.
1526705117 1 13950.7402344 0. 5.85652055756e-22 0.
1526705177 1 13919.3320312 0. 5.85070000119e-22 0.
1526705218 1 13921.3662109 0. 5.85654190053e-22 0.
1526705258 1 13923.6376953 0. 5.86281502128e-22 0.
1526705319 1 13917.4433594 0. 5.86821279716e-22 0.
1526705379 1 13906.4394531 0. 5.8712415268e-22 0.
1526705439 1 13879.4814453 0. 5.86741994341e-22 0.
1526705499 1 13844.9160156 0. 5.8605753317e-22 0.
1526705559 1 13805.9326172 0. 5.85172865754e-22 0.
1526705619 1 13766.2763672 0. 5.8424231909e-22 0.
1526705679 1 13731.2958984 0. 5.83515424044e-22 0.
1526705740 1 13691.4316406 0. 5.82548275159e-22 0.
1526705790 1 13635.1503906 0. 5.80774861934e-22 0.
1526705840 1 13597.265625 0. 5.79802346036e-22 0.
1526705900 1 13599.8154297 0. 5.80639653497e-22 0.
1526705961 1 13776.1611328 0. 5.88934629863e-22 0.
1526706021 1 13719.6943359 0. 5.87293219229e-22 0.
1526706081 1 13703.7617188 0. 5.87407589257e-22 0.
1526706141 1 13653.0673828 0. 5.86028412089e-22 0.
1526706201 1 13625.125 0. 5.85600070167e-22 0.
1526706261 1 13649.8017578 0. 5.87434329704e-22 0.
1526706322 1 13631.9833984 0. 5.87487372111e-22 0.
1526706382 1 13583.4345703 0. 5.86167453702e-22 0.
1526706442 1 13578.0693359 0. 5.86679581465e-22 0.
1526706502 1 13548.0488281 0. 5.86138290139e-22 0.
1526706562 1 13507.0585938 0. 5.85155757621e-22 0.
1526706622 1 13462.0019531 0. 5.83980539828e-22 0.
1526706682 1 13494.7841797 0. 5.86162465019e-22 0.
1526706743 1 13443.046875 0. 5.84675796753e-22 0.
1526706803 1 13416.265625 0. 5.84300416357e-22 0.
1526706863 1 13365.0322266 0. 5.82819942588e-22 0.
1526706923 1 13356.1523438 0. 5.8321882414e-22 0.
1526706983 1 13305.4121094 0. 5.81764953613e-22 0.
1526707018 1 13297.8242188 0. 5.81874631162e-22 0.
1526707054 1 13286.9199219 0. 5.81866295635e-22 0.
1526707114 1 13249.8398438 0. 5.80993614529e-22 0.
1526707174 1 13224.8984375 0. 5.80666550724e-22 0.
1526707234 1 13229.7285156 0. 5.81630029948e-22 0.
1526707294 1 13221.4082031 0. 5.82039641458e-22 0.
1526707355 1 13138.9912109 0. 5.79189347601e-22 0.
1526707415 1 13162.9003906 0. 5.80991466791e-22 0.
1526707475 1 13135.2460938 0. 5.80510956076e-22 0.
1526707535 1 13096.0556641 0. 5.79586402729e-22 0.
1526707595 1 13054.7236328 0. 5.78527323034e-22 0.
1526707655 1 13028.8007812 0. 5.78143754044e-22 0.
1526707715 1 12997.8515625 0. 5.77529814754e-22 0.
1526707775 1 12937.7001953 0. 5.75589254597e-22 0.
1526707836 1 12917.2158203 0. 5.75461555969e-22 0.
1526707896 1 12875.2041016 0. 5.74335491428e-22 0.
1526707956 1 12851.4238281 0. 5.74013902997e-22 0.
1526708012 1 12833.7880859 0. 5.73951629904e-22 0.
1526708068 1 12825.9853516 0. 5.74321040119e-22 0.
1526708128 1 12806.7841797 0. 5.74215988387e-22 0.
1526708188 1 12787.5927734 0. 5.7409696938e-22 0.
1526708249 1 12765.5166016 0. 5.73854955037e-22 0.
1526708291 1 12741.2626953 0. 5.73314921979e-22 0.
1526708333 1 12713.6464844 0. 5.72618768621e-22 0.
1526708393 1 12695.078125 0. 5.72487470622e-22 0.
1526708454 1 12724.875 0. 5.74628702451e-22 0.
1526708514 1 12615.2490234 0. 5.7044008028e-22 0.
1526708574 1 12588.8505859 0. 5.7000656429e-22 0.
1526708634 1 12592.578125 0. 5.70955101694e-22 0.
1526708694 1 12565.0595703 0. 5.70453581556e-22 0.
1526708754 1 12577.234375 0. 5.71773351653e-22 0.
1526708814 1 12585.7978516 0. 5.72930420375e-22 0.
1526708874 1 12567.4980469 0. 5.72848147779e-22 0.
1526708935 1 12531.6572266 0. 5.71964918067e-22 0.
1526708995 1 12495.5830078 0. 5.71063050974e-22 0.
1526709055 1 12442.1640625 0. 5.69366208088e-22 0.
1526709115 1 12368.875 0. 5.66746763222e-22 0.
1526709168 1 12336.0966797 0. 5.65901654593e-22 0.
1526709222 1 12320.0009766 0. 5.65828216082e-22 0.
1526709282 1 12330.0957031 0. 5.6704138773e-22 0.
1526709342 1 12326.8613281 0. 5.67651101747e-22 0.
1526709402 1 12310.4394531 0. 5.67640608654e-22 0.
1526709462 1 12306.1689453 0. 5.68183317093e-22 0.
1526709522 1 12293.7070312 0. 5.6837462695e-22 0.
1526709583 1 12300.6894531 0. 5.69453801403e-22 0.
1526709643 1 12260.3876953 0. 5.68368221246e-22 0.
1526709703 1 12204.1015625 0. 5.66509449215e-22 0.
1526709763 1 12200.4492188 0. 5.67091402425e-22 0.
1526709823 1 12178.3554688 0. 5.66800521996e-22 0.
1526709884 1 12172.6865234 0. 5.67246515791e-22 0.
1526709944 1 12152.328125 0. 5.67073567027e-22 0.
1526710004 1 12128.6416016 0. 5.66719245781e-22 0.
1526710064 1 12126.515625 0. 5.67358165473e-22 0.
1526710124 1 12130.9492188 0. 5.68289390664e-22 0.
1526710184 1 12127.3505859 0. 5.68852932164e-22 0.
1526710244 1 12118.8740234 0. 5.69207014862e-22 0.
1526710305 1 12107.0107422 0. 5.69414469184e-22 0.
1526710365 1 12101.4501953 0. 5.69886148945e-22 0.
1526710425 1 11803.6201172 0. 5.56612576353e-22 0.
1526710485 1 12134.8925781 0. 5.72985721298e-22 0.
1526710545 1 12025.6054688 0. 5.68561732847e-22 0.
1526710605 1 12723.7714844 0. 6.02364109256e-22 0.
1526710665 1 13013.5976562 0. 6.16865386235e-22 0.
1526710725 1 12988.3232422 0. 6.16524056702e-22 0.
1526710786 1 12969.1435547 0. 6.16485012294e-22 0.
1526710846 1 12983.3300781 0. 6.18034207652e-22 0.
1526710906 1 12980.8173828 0. 6.18791101445e-22 0.
1526710941 1 12967.1035156 0. 6.18636374757e-22 0.
1526710977 1 12955.1113281 0. 6.18608363021e-22 0.
1526711037 1 12933.4589844 0. 6.1840981835e-22 0.
1526711097 1 12914.5214844 0. 6.18347781275e-22 0.
1526711157 1 12895.9609375 0. 6.18308446341e-22 0.
1526711218 1 12869.3291016 0. 6.17882790478e-22 0.
1526711278 1 12852.6630859 0. 6.17949982557e-22 0.
1526711338 1 12836.765625 0. 6.18063678961e-22 0.
1526711398 1 12817.9033203 0. 6.18004716342e-22 0.
1526711458 1 12792.1826172 0. 6.17638490913e-22 0.
1526711518 1 12769.7841797 0. 6.17388885175e-22 0.
1526711578 1 12746.8779297 0. 6.1716610201e-22 0.
1526711638 1 12731.6474609 0. 6.17237390751e-22 0.
1526711699 1 12716.0136719 0. 6.17341954295e-22 0.
1526711759 1 12685.8603516 0. 6.16738684296e-22 0.
1526711819 1 12678.8681641 0. 6.17189366519e-22 0.
1526711879 1 12699.5332031 0. 6.19057086611e-22 0.
1526711939 1 12675.0048828 0. 6.1871412094e-22 0.
1526711999 1 12648.0058594 0. 6.183164788e-22 0.
1526712059 1 12625.2832031 0. 6.18063237797e-22 0.
1526712120 1 12605.8203125 0. 6.17962783831e-22 0.
1526712180 1 12586.0146484 0. 6.17834342829e-22 0.
1526712240 1 12572.5048828 0. 6.18071154389e-22 0.
1526712300 1 12550.3818359 0. 6.17819489724e-22 0.
1526712360 1 12530.2646484 0. 6.17675183246e-22 0.
1526712420 1 12508.7519531 0. 6.17493163138e-22 0.
1526712480 1 12487.7539062 0. 6.17290659472e-22 0.
1526712540 1 12470.2724609 0. 6.1725800466e-22 0.
1526712601 1 12450.4277344 0. 6.17125488415e-22 0.
1526712661 1 12426.9462891 0. 6.16821694813e-22 0.
1526712721 1 12410.0332031 0. 6.16838481858e-22 0.
1526712781 1 12396.0693359 0. 6.16955961613e-22 0.
1526712841 1 12378.5546875 0. 6.16942879146e-22 0.
1526712901 1 12357.6328125 0. 6.16743946169e-22 0.
1526712942 1 12396.3291016 0. 6.19257183695e-22 0.
1526712983 1 12383.4560547 0. 6.19228502522e-22 0.
1526713038 1 12365.4404297 0. 6.19149630332e-22 0.
1526713092 1 12343.7363281 0. 6.1886128355e-22 0.
1526713153 1 12321.078125 0. 6.18570241621e-22 0.
1526713213 1 12303.0830078 0. 6.185479172e-22 0.
1526713273 1 12280.6582031 0. 6.18239323562e-22 0.
1526713333 1 12267.1630859 0. 6.18419703394e-22 0.
1526713393 1 12248.3613281 0. 6.18295732908e-22 0.
1526713453 1 12224.8349609 0. 6.1796080649e-22 0.
1526713514 1 12205.6025391 0. 6.17841577568e-22 0.
1526713574 1 12155.7480469 0. 6.16127209008e-22 0.
1526713634 1 12144.9160156 0. 6.16444353703e-22 0.
1526713694 1 12119.7695312 0. 6.16023491962e-22 0.
1526713754 1 12097.8076172 0. 6.15773707954e-22 0.
1526713814 1 12075.6630859 0. 6.1550973637e-22 0.
1526713874 1 12056.2695312 0. 6.15362906176e-22 0.
1526713934 1 12030.8417969 0. 6.14950371823e-22 0.
1526713993 1 12012.7519531 0. 6.14847418886e-22 0.
1526714052 1 12036.703125 0. 6.16927477355e-22 0.
1526714112 1 12022.8710938 0. 6.17083838661e-22 0.
1526714172 1 12004.0048828 0. 6.16971742065e-22 0.
1526714220 1 11995.6113281 0. 6.17247065064e-22 0.
1526714265 1 11979.2402344 0. 6.17026249811e-22 0.
1526714323 1 11960.5693359 0. 6.16909843241e-22 0.
1526714373 1 11943.8486328 0. 6.16772513856e-22 0.
1526714418 1 11930.1640625 0. 6.16702502233e-22 0.
1526714472 1 11912.1044922 0. 6.16549383751e-22 0.
1526714532 1 11893.8378906 0. 6.16454098953e-22 0.
1526714584 1 11881.0341797 0. 6.16500732935e-22 0.
1526714636 1 11868.8417969 0. 6.16616032986e-22 0.
1526714696 1 11851.2138672 0. 6.165325861e-22 0.
1526714756 1 11826.3974609 0. 6.16083165722e-22 0.
1526714816 1 11807.5136719 0. 6.15990225427e-22 0.
1526714877 1 11786.9267578 0. 6.15757109694e-22 0.
1526714937 1 11770.5957031 0. 6.15736574751e-22 0.
1526714997 1 11751.7529297 0. 6.15588603551e-22 0.
1526715057 1 11733.6835938 0. 6.15499906366e-22 0.
1526715117 1 11728.1611328 0. 6.16079788118e-22 0.
1526715177 1 11740.2246094 0. 6.17561338859e-22 0.
1526715237 1 11711.6582031 0. 6.16942910649e-22 0.
1526715298 1 11691.5703125 0. 6.16734023808e-22 0.
1526715358 1 11661.3886719 0. 6.15987242933e-22 0.
1526715404 1 11643.0146484 0. 6.15668111955e-22 0.
1526715449 1 11627.0117188 0. 6.15497189024e-22 0.
1526715510 1 11614.0517578 0. 6.15678314035e-22 0.
1526715570 1 11591.9892578 0. 6.15361388335e-22 0.
1526715630 1 11571.7490234 0. 6.15161465877e-22 0.
1526715690 1 11557.9199219 0. 6.15285614546e-22 0.
1526715750 1 11538.1132812 0. 6.15054350655e-22 0.
1526715810 1 11524.0175781 0. 6.15173127836e-22 0.
1526715870 1 11499.2216797 0. 6.14700903699e-22 0.
1526715930 1 11481.5556641 0. 6.14629426226e-22 0.
1526715991 1 11454.53125 0. 6.14035355465e-22 0.
1526716051 1 11446.7304688 0. 6.14464684209e-22 0.
1526716111 1 11429.3886719 0. 6.14375626678e-22 0.
1526716171 1 11366.640625 0. 6.1186596382e-22 0.
1526716209 1 11373.2978516 0. 6.12736717472e-22 0.
1526716248 1 11373.1875 0. 6.13297378753e-22 0.
1526716308 1 11396.9785156 0. 6.15436404334e-22 0.
1526716368 1 11373.4511719 0. 6.14986331908e-22 0.
1526716404 1 11358.6523438 0. 6.14685891603e-22 0.
1526716439 1 11351.3134766 0. 6.14841569413e-22 0.
1526716499 1 11332.4208984 0. 6.1466900104e-22 0.
1526716559 1 11313.6513672 0. 6.14512111699e-22 0.
1526716619 1 11295.2910156 0. 6.14351728297e-22 0.
1526716679 1 11281.2529297 0. 6.1446127855e-22 0.
1526716740 1 11261.0087891 0. 6.14190543003e-22 0.
1526716800 1 11247.3144531 0. 6.1427202742e-22 0.
1526716860 1 11227.0029297 0. 6.14034248808e-22 0.
1526716920 1 11209.4619141 0. 6.13919903497e-22 0.
1526716980 1 11189.7753906 0. 6.13662421923e-22 0.
1526717040 1 11174.3994141 0. 6.13656140838e-22 0.
1526717100 1 11153.8427734 0. 6.13377960121e-22 0.
1526717161 1 11143.2958984 0. 6.13622311388e-22 0.
1526717221 1 11129.8945312 0. 6.13730439204e-22 0.
1526717281 1 11105.2041016 0. 6.13198426732e-22 0.
1526717341 1 11110.2314453 0. 6.14347651893e-22 0.
1526717401 1 11112.9824219 0. 6.15354087897e-22 0.
1526717461 1 11088.7675781 0. 6.14874438605e-22 0.
1526717521 1 11070.4326172 0. 6.14702479825e-22 0.
1526717582 1 11052.3300781 0. 6.14559557365e-22 0.
1526717642 1 11035.65625 0. 6.14493986613e-22 0.
1526717702 1 11020.3828125 0. 6.14477022143e-22 0.
1526717762 1 11003.7900391 0. 6.1437551233e-22 0.
1526717822 1 10983.0957031 0. 6.14077385205e-22 0.
1526717882 1 10961.6289062 0. 6.13717794669e-22 0.
1526717942 1 10944.4980469 0. 6.13604376059e-22 0.
1526718002 1 10925.2158203 0. 6.13368166705e-22 0.
1526718055 1 10911.9375 0. 6.13329398955e-22 0.
1526718107 1 10892.9091797 0. 6.12999542733e-22 0.
1526718167 1 10871.0488281 0. 6.12605686693e-22 0.
1526718228 1 10850.0527344 0. 6.12257054198e-22 0.
1526718288 1 10838.171875 0. 6.12407337764e-22 0.
1526718328 1 10826.9248047 0. 6.12318794746e-22 0.
1526718368 1 10811.6679688 0. 6.12025256089e-22 0.
1526718428 1 10791.6542969 0. 6.1174457235e-22 0.
1526718488 1 10780.7001953 0. 6.11956162767e-22 0.
1526718548 1 10770.4648438 0. 6.1220999574e-22 0.
1526718608 1 10785.96875 0. 6.13955406085e-22 0.
1526718669 1 10765.4677734 0. 6.13659412943e-22 0.
1526718729 1 10749.4384766 0. 6.13611144506e-22 0.
1526718771 1 10729.8369141 0. 6.13083296434e-22 0.
1526718814 1 10719.3583984 0. 6.1308000984e-22 0.
1526718874 1 10702.8691406 0. 6.13002583809e-22 0.
1526718934 1 10684.4648438 0. 6.12784914018e-22 0.
1526718969 1 10639.4375 0. 6.10644254004e-22 0.
1526719005 1 10668.9023438 0. 6.1288444025e-22 0.
1526719052 1 10662.578125 0. 6.13191107459e-22 0.
1526719098 1 10637.9873047 0. 6.12448703399e-22 0.
1526719159 1 10623.7646484 0. 6.1246170233e-22 0.
1526719216 1 10600.4160156 0. 6.11953730079e-22 0.
1526719273 1 10595.3964844 0. 6.12475812793e-22 0.
1526719334 1 10575.3339844 0. 6.12152152234e-22 0.
1526719386 1 10557.9228516 0. 6.11853835262e-22 0.
1526719439 1 10553.4658203 0. 6.12297981932e-22 0.
1526719499 1 10540.7167969 0. 6.1239352456e-22 0.
1526719559 1 10533.1640625 0. 6.12810288243e-22 0.
1526719619 1 10503.2060547 0. 6.11867294776e-22 0.
1526719679 1 10506.4003906 0. 6.12874457333e-22 0.
1526719739 1 10520.8955078 0. 6.14564315496e-22 0.
1526719799 1 10514.5253906 0. 6.15025588182e-22 0.
1526719859 1 10501.84375 0. 6.15131274504e-22 0.
1526719920 1 10491.9296875 0. 6.15409377097e-22 0.
1526719980 1 10201.3125 0. 5.99207393263e-22 0.
1526720040 1 9993.63867188 0. 5.87815951541e-22 0.
1526720100 1 10544.5732422 0. 6.20981147032e-22 0.
1526720160 1 10526.96875 0. 6.20793277916e-22 0.
1526720221 1 10507.1699219 0. 6.20462472489e-22 0.
1526720281 1 10479.6708984 0. 6.19651945019e-22 0.
1526720335 1 10469.6035156 0. 6.19801602153e-22 0.
1526720364 1 10467.0869141 0. 6.20067034498e-22 0.
1526720400 1 10462.8496094 0. 6.2035465434e-22 0.
1526720456 1 10439.9697266 0. 6.1976613788e-22 0.
1526720513 1 10422.8515625 0. 6.1952760414e-22 0.
1526720553 1 10413.6601562 0. 6.19523089807e-22 0.
1526720575 1 10412.0048828 0. 6.1975513379e-22 0.
1526720618 1 10400.0146484 0. 6.19675506495e-22 0.
1526720656 1 10384.4345703 0. 6.19240396792e-22 0.
1526720676 1 10384.3974609 0. 6.1948248576e-22 0.
1526720718 1 10376.6660156 0. 6.19651887872e-22 0.
1526720778 1 10358.6474609 0. 6.19445469141e-22 0.
1526720838 1 10347.03125 0. 6.19578370854e-22 0.
1526720898 1 10330.7089844 0. 6.19445206996e-22 0.
1526720958 1 10334.5175781 0. 6.20497188411e-22 0.
1526721018 1 10331.8476562 0. 6.21194726989e-22 0.
1526721079 1 10319.4287109 0. 6.21315395058e-22 0.
1526721139 1 10299.1943359 0. 6.20947200985e-22 0.
1526721199 1 10268.5488281 0. 6.19956405626e-22 0.
1526721259 1 10264.0097656 0. 6.20522041721e-22 0.
1526721319 1 10243.0380859 0. 6.20104738575e-22 0.
1526721379 1 10221.1005859 0. 6.19622392181e-22 0.
1526721440 1 10204.5771484 0. 6.19422910166e-22 0.
1526721500 1 10191.484375 0. 6.19468324641e-22 0.
1526721560 1 10183.3652344 0. 6.19841372319e-22 0.
1526721620 1 10171.0185547 0. 6.19941433973e-22 0.
1526721680 1 10155.2216797 0. 6.19839705081e-22 0.
1526721740 1 10137.8828125 0. 6.19612968984e-22 0.
1526721800 1 10122.5351562 0. 6.1953109502e-22 0.
1526721860 1 10110.4355469 0. 6.1965310416e-22 0.
1526721910 1 10095.8642578 0. 6.19454867125e-22 0.
1526721959 1 10078.3535156 0. 6.19091922279e-22 0.
1526722019 1 10064.9179688 0. 6.1913916907e-22 0.
1526722079 1 10046.609375 0. 6.1882816876e-22 0.
1526722140 1 10054.6767578 0. 6.20150938844e-22 0.
1526722200 1 10050.3486328 0. 6.20744264629e-22 0.
1526722260 1 10034.4755859 0. 6.20623102133e-22 0.
1526722320 1 10019.6083984 0. 6.20541575884e-22 0.
1526722380 1 9999.99023438 0. 6.20159303958e-22 0.
1526722440 1 9992.73144531 0. 6.20530818523e-22 0.
1526722501 1 9974.29492188 0. 6.20205181565e-22 0.
1526722555 1 9960.51269531 0. 6.20132983132e-22 0.
1526722609 1 9952.47949219 0. 6.20376337769e-22 0.
1526722669 1 9938.70507812 0. 6.20371600632e-22 0.
1526722729 1 9917.7578125 0. 6.19910375276e-22 0.
1526722785 1 9902.43847656 0. 6.19694429738e-22 0.
1526722841 1 9897.32324219 0. 6.20132531903e-22 0.
1526722902 1 9880.55566406 0. 6.19988129957e-22 0.
1526722962 1 9865.45800781 0. 6.19899743221e-22 0.
1526723022 1 9850.56054688 0. 6.19766193012e-22 0.
1526723082 1 9837.16601562 0. 6.19704495107e-22 0.
1526723141 1 9816.36425781 0. 6.19160425884e-22 0.
1526723200 1 9803.16894531 0. 6.19090620463e-22 0.
1526723260 1 9788.26757812 0. 6.18935979975e-22 0.
1526723309 1 9776.0 0. 6.1882038428e-22 0.
1526723357 1 9761.6953125 0. 6.18619297246e-22 0.
1526723417 1 9750.82714844 0. 6.18749810836e-22 0.
1526723477 1 9731.35742188 0. 6.18301770783e-22 0.
1526723537 1 9716.99023438 0. 6.18195296163e-22 0.
1526723597 1 9700.66308594 0. 6.17947264739e-22 0.
1526723658 1 9685.46191406 0. 6.17808204436e-22 0.
1526723718 1 9673.74707031 0. 6.1788746281e-22 0.
1526723778 1 9658.03320312 0. 6.17694886411e-22 0.
1526723838 1 9640.57128906 0. 6.17386509771e-22 0.
1526723898 1 9624.08300781 0. 6.17169010898e-22 0.
1526723958 1 9608.20410156 0. 6.16958947289e-22 0.
1526724018 1 9590.74414062 0. 6.16646126134e-22 0.
1526724078 1 9578.2109375 0. 6.16685757543e-22 0.
1526724139 1 9567.25585938 0. 6.16828316894e-22 0.
1526724199 1 9549.12695312 0. 6.1649724725e-22 0.
1526724259 1 9534.7109375 0. 6.16402507932e-22 0.
1526724305 1 9525.55273438 0. 6.16431760367e-22 0.
1526724350 1 9517.72363281 0. 6.16569579679e-22 0.
1526724410 1 9498.75585938 0. 6.16199993397e-22 0.
1526724470 1 9480.74511719 0. 6.15862563825e-22 0.
1526724530 1 9466.29199219 0. 6.15750857e-22 0.
1526724591 1 9453.09472656 0. 6.15696007543e-22 0.
1526724626 1 9445.92773438 0. 6.15706374153e-22 0.
1526724636 1 9441.5625 0. 6.15540306664e-22 0.
1526724671 1 9433.47363281 0. 6.15542269542e-22 0.
1526724732 1 9421.50878906 0. 6.15562760616e-22 0.
1526724792 1 9400.26953125 0. 6.14975582915e-22 0.
1526724852 1 9387.34082031 0. 6.14962633154e-22 0.
1526724912 1 9374.65136719 0. 6.14938105225e-22 0.
1526724972 1 9364.24414062 0. 6.15054984097e-22 0.
1526725032 1 9347.96191406 0. 6.14780598875e-22 0.
1526725092 1 9334.20800781 0. 6.14676492126e-22 0.
1526725152 1 9323.9375 0. 6.14785769085e-22 0.
1526725213 1 9309.89355469 0. 6.14717378086e-22 0.
1526725273 1 9295.32714844 0. 6.14548648727e-22 0.
1526725333 1 9275.98925781 0. 6.14090689385e-22 0.
1526725393 1 9266.13476562 0. 6.14272682203e-22 0.
1526725453 1 9251.18945312 0. 6.14105433687e-22 0.
1526725513 1 9236.26367188 0. 6.13911795592e-22 0.
1526725573 1 9222.06152344 0. 6.13766482913e-22 0.
1526725634 1 9207.64941406 0. 6.13614819054e-22 0.
1526725694 1 9193.80664062 0. 6.1349961901e-22 0.
1526725754 1 9183.51660156 0. 6.13611803475e-22 0.
1526725814 1 9165.16113281 0. 6.13190518732e-22 0.
1526725874 1 9156.31835938 0. 6.13394433143e-22 0.
1526725934 1 9141.34570312 0. 6.13186699219e-22 0.
1526725994 1 9124.99707031 0. 6.12915282454e-22 0.
1526726055 1 9111.0703125 0. 6.12767738766e-22 0.
1526726115 1 9098.49023438 0. 6.12734094122e-22 0.
1526726175 1 9085.66601562 0. 6.12645604369e-22 0.
1526726235 1 9074.38378906 0. 6.12701011943e-22 0.
1526726295 1 9058.22167969 0. 6.12403831241e-22 0.
1526726355 1 9044.83496094 0. 6.12286872221e-22 0.
1526726415 1 9028.86816406 0. 6.1197383567e-22 0.
1526726476 1 9016.79199219 0. 6.11920878639e-22 0.
1526726536 1 9002.70703125 0. 6.11794522979e-22 0.
1526726583 1 8996.35351562 0. 6.12023111792e-22 0.
1526726631 1 8985.53515625 0. 6.11959911364e-22 0.
1526726691 1 8976.55273438 0. 6.12165692073e-22 0.
1526726751 1 8965.84863281 0. 6.12193261743e-22 0.
1526726811 1 8948.9609375 0. 6.11849759875e-22 0.
1526726872 1 8937.3671875 0. 6.11871104224e-22 0.
1526726932 1 8922.64257812 0. 6.11651149342e-22 0.
1526726992 1 8911.37792969 0. 6.11675826782e-22 0.
1526727052 1 8904.1328125 0. 6.11982170691e-22 0.
1526727112 1 8887.85253906 0. 6.11706353321e-22 0.
1526727172 1 8872.18554688 0. 6.11425228681e-22 0.
1526727232 1 8863.03613281 0. 6.1162262637e-22 0.
1526727293 1 8848.39941406 0. 6.11433102996e-22 0.
1526727353 1 8834.71289062 0. 6.11266332631e-22 0.
1526727413 1 8823.91503906 0. 6.11326470025e-22 0.
1526727473 1 8815.4765625 0. 6.11535441925e-22 0.
1526727533 1 8802.40625 0. 6.11407961042e-22 0.
1526727594 1 8788.34765625 0. 6.11218426204e-22 0.
1526727654 1 8778.45410156 0. 6.11303484225e-22 0.
1526727714 1 8765.82421875 0. 6.11220953728e-22 0.
1526727774 1 8752.22753906 0. 6.11088763809e-22 0.
1526727834 1 8736.23828125 0. 6.10745666241e-22 0.
1526727894 1 8722.38964844 0. 6.10556882927e-22 0.
1526727954 1 8712.82519531 0. 6.10718083179e-22 0.
1526728014 1 8700.43164062 0. 6.10660042207e-22 0.
1526728075 1 8683.13671875 0. 6.10226444406e-22 0.
1526728135 1 8672.05761719 0. 6.10236088848e-22 0.
1526728195 1 8660.18164062 0. 6.10174505917e-22 0.
1526728255 1 8646.3046875 0. 6.09969924064e-22 0.
1526728315 1 8637.20410156 0. 6.10130468305e-22 0.
1526728375 1 8623.10742188 0. 6.09943523508e-22 0.
1526728435 1 8609.6171875 0. 6.09810962863e-22 0.
1526728495 1 8596.79003906 0. 6.09686914129e-22 0.
1526728556 1 8582.46484375 0. 6.09462042946e-22 0.
1526728616 1 8571.70019531 0. 6.09488828594e-22 0.
1526728676 1 8559.3203125 0. 6.09378980109e-22 0.
1526728736 1 8546.109375 0. 6.09216158026e-22 0.
1526728796 1 8538.15332031 0. 6.09420812479e-22 0.
1526728856 1 8526.29199219 0. 6.09362520916e-22 0.
1526728917 1 8514.625 0. 6.0932849252e-22 0.
1526728977 1 8642.05957031 0. 6.1927817552e-22 0.
1526729037 1 9136.36425781 0. 6.55822001416e-22 0.
1526729097 1 9135.30078125 0. 6.56813818457e-22 0.
1526729157 1 9121.49609375 0. 6.56882527066e-22 0.
1526729217 1 8897.65234375 0. 6.41782043949e-22 0.
1526729277 1 8689.90722656 0. 6.2770633521e-22 0.
1526729337 1 9077.84863281 0. 6.56775389763e-22 0.
1526729386 1 9062.5390625 0. 6.56498007309e-22 0.
1526729435 1 9044.93554688 0. 6.56038753951e-22 0.
1526729495 1 9030.93457031 0. 6.56046752623e-22 0.
1526729556 1 9018.640625 0. 6.56173935928e-22 0.
1526729616 1 9002.29394531 0. 6.55981836543e-22 0.
1526729676 1 8985.36816406 0. 6.5576353842e-22 0.
1526729736 1 8969.55957031 0. 6.55720431449e-22 0.
1526729796 1 8954.37695312 0. 6.55620325309e-22 0.
1526729856 1 8943.92382812 0. 6.55857736769e-22 0.
1526729906 1 8926.21386719 0. 6.55439652362e-22 0.
1526729956 1 8915.0703125 0. 6.55506525642e-22 0.
1526730016 1 8897.22753906 0. 6.55291168488e-22 0.
1526730076 1 8885.30566406 0. 6.55463231998e-22 0.
1526730137 1 8871.00878906 0. 6.55451967156e-22 0.
1526730197 1 8860.82519531 0. 6.55691563305e-22 0.
1526730257 1 8845.90039062 0. 6.55619629139e-22 0.
1526730317 1 8832.96875 0. 6.55705339901e-22 0.
1526730377 1 8810.07519531 0. 6.5501268451e-22 0.
1526730437 1 8796.30273438 0. 6.54989898528e-22 0.
1526730497 1 8783.109375 0. 6.54984486867e-22 0.
1526730558 1 8768.60546875 0. 6.54917914121e-22 0.
1526730618 1 8760.06152344 0. 6.55254577275e-22 0.
1526730678 1 8741.55957031 0. 6.5489454731e-22 0.
1526730738 1 8726.20214844 0. 6.54776612555e-22 0.
1526730798 1 8709.56738281 0. 6.54501101203e-22 0.
1526730858 1 8694.9921875 0. 6.54404909299e-22 0.
1526730918 1 8678.93457031 0. 6.54178463758e-22 0.
1526730978 1 8663.67285156 0. 6.54009123909e-22 0.
1526731039 1 8648.25390625 0. 6.53840134847e-22 0.
1526731099 1 8637.66992188 0. 6.54042305021e-22 0.
1526731159 1 8621.95117188 0. 6.53862137579e-22 0.
1526731219 1 8605.15039062 0. 6.5355253023e-22 0.
1526731279 1 8590.04882812 0. 6.53391606435e-22 0.
1526731340 1 8574.78320312 0. 6.53217072287e-22 0.
1526731400 1 8559.73046875 0. 6.53041301296e-22 0.
1526731460 1 8547.68261719 0. 6.53083651932e-22 0.
1526731520 1 8530.10644531 0. 6.52745306314e-22 0.
1526731580 1 8511.62792969 0. 6.52327564469e-22 0.
1526731640 1 8502.05371094 0. 6.52582231287e-22 0.
1526731701 1 8488.79980469 0. 6.52577680584e-22 0.
1526731761 1 8470.41015625 0. 6.52111275646e-22 0.
1526731811 1 8452.10253906 0. 6.51490038292e-22 0.
1526731861 1 8448.36230469 0. 6.51999247137e-22 0.
1526731921 1 8433.11230469 0. 6.51805467729e-22 0.
1526731981 1 8419.10742188 0. 6.51707111968e-22 0.
1526732041 1 8401.84960938 0. 6.51369461737e-22 0.
1526732101 1 8388.2109375 0. 6.51287418097e-22 0.
1526732162 1 8376.1640625 0. 6.51322179305e-22 0.
1526732222 1 8362.91503906 0. 6.51249976448e-22 0.
1526732282 1 8347.48925781 0. 6.51012893719e-22 0.
1526732342 1 8334.21484375 0. 6.50975422355e-22 0.
1526732402 1 8317.33007812 0. 6.50623048093e-22 0.
1526732462 1 8300.31542969 0. 6.50216327384e-22 0.
1526732522 1 8285.9296875 0. 6.50094942489e-22 0.
1526732582 1 8269.16210938 0. 6.49733463942e-22 0.
1526732643 1 8256.62988281 0. 6.49742231266e-22 0.
1526732703 1 8243.63085938 0. 6.49719348106e-22 0.
1526732763 1 8230.94238281 0. 6.49656426436e-22 0.
1526732823 1 8221.31054688 0. 6.49871418737e-22 0.
1526732883 1 8206.17480469 0. 6.49627183908e-22 0.
1526732943 1 8190.75439453 0. 6.49361199241e-22 0.
1526733003 1 8180.82080078 0. 6.49545675092e-22 0.
1526733064 1 8168.98828125 0. 6.49582096454e-22 0.
1526733124 1 8158.03662109 0. 6.49682196054e-22 0.
1526733184 1 8145.28466797 0. 6.49652956039e-22 0.
1526733244 1 8129.95898438 0. 6.49409961072e-22 0.
1526733304 1 8115.25292969 0. 6.49195636985e-22 0.
1526733364 1 8105.30859375 0. 6.49411013865e-22 0.
1526733424 1 8090.84716797 0. 6.49243802042e-22 0.
1526733484 1 8076.57763672 0. 6.49071729692e-22 0.
1526733545 1 8065.18164062 0. 6.49142399777e-22 0.
1526733605 1 8050.49462891 0. 6.48927078212e-22 0.
1526733665 1 8034.98583984 0. 6.48667583596e-22 0.
1526733725 1 8019.64013672 0. 6.48399136559e-22 0.
1526733773 1 8006.33203125 0. 6.48040679393e-22 0.
1526733820 1 7997.18505859 0. 6.48108539701e-22 0.
1526733881 1 7985.78955078 0. 6.48146317431e-22 0.
1526733941 1 7971.98193359 0. 6.47959181517e-22 0.
1526734001 1 7959.36376953 0. 6.4786982355e-22 0.
1526734061 1 7944.90966797 0. 6.47651055827e-22 0.
1526734121 1 7930.22314453 0. 6.47399346524e-22 0.
1526734182 1 7900.94384766 0. 6.46000132056e-22 0.
1526734242 1 7904.07421875 0. 6.47170162033e-22 0.
1526734288 1 7895.39453125 0. 6.4714389076e-22 0.
1526734335 1 7884.5703125 0. 6.47021560929e-22 0.
1526734395 1 7875.5234375 0. 6.47198420821e-22 0.
1526734455 1 7859.58935547 0. 6.46855099307e-22 0.
1526734515 1 7848.81933594 0. 6.46881623137e-22 0.
1526734575 1 7835.68847656 0. 6.46788383208e-22 0.
1526734636 1 7823.74755859 0. 6.46723969142e-22 0.
1526734696 1 7809.59130859 0. 6.46495559502e-22 0.
1526734756 1 7792.97705078 0. 6.46067910896e-22 0.
1526734816 1 7778.14453125 0. 6.45804664734e-22 0.
1526734876 1 7764.78173828 0. 6.45649982674e-22 0.
1526734936 1 7753.35742188 0. 6.45640947008e-22 0.
1526734997 1 7743.44970703 0. 6.45775941592e-22 0.
1526735057 1 7734.23583984 0. 6.45952457971e-22 0.
1526735117 1 7723.75634766 0. 6.46011977837e-22 0.
1526735177 1 7707.47998047 0. 6.45573509446e-22 0.
1526735237 1 7685.30712891 0. 6.44632590735e-22 0.
1526735297 1 7671.13525391 0. 6.44405122486e-22 0.
1526735357 1 7667.55664062 0. 6.45038498342e-22 0.
1526735418 1 7654.07324219 0. 6.44848390425e-22 0.
1526735478 1 7928.29931641 0. 6.69072814212e-22 0.
1526735538 1 8049.5 0. 6.80514024734e-22 0.
1526735598 1 8034.70361328 0. 6.80443047451e-22 0.
1526735658 1 7825.10351562 0. 6.63799790379e-22 0.
1526735719 1 7685.3515625 0. 6.53015244808e-22 0.
1526735779 1 8041.42675781 0. 6.84406883564e-22 0.
1526735839 1 8028.93017578 0. 6.84513405739e-22 0.
1526735899 1 8016.19384766 0. 6.84566505943e-22 0.
1526735959 1 7997.71923828 0. 6.84158807304e-22 0.
1526736019 1 7975.82470703 0. 6.83487012934e-22 0.
1526736079 1 7969.25097656 0. 6.83999247043e-22 0.
1526736140 1 7953.44189453 0. 6.83708672769e-22 0.
1526736200 1 7941.20117188 0. 6.83783763736e-22 0.
1526736260 1 7927.05908203 0. 6.83689809464e-22 0.
1526736320 1 7912.91113281 0. 6.83597557579e-22 0.
1526736380 1 7899.94726562 0. 6.83553288944e-22 0.
1526736440 1 7886.86816406 0. 6.83532949986e-22 0.
1526736500 1 7852.48486328 0. 6.81659490478e-22 0.
1526736561 1 7845.62792969 0. 6.82165372924e-22 0.
1526736621 1 7832.48144531 0. 6.82130987202e-22 0.
1526736681 1 7818.20507812 0. 6.81973262345e-22 0.
1526736741 1 7807.14599609 0. 6.82108985155e-22 0.
1526736801 1 7791.92480469 0. 6.81856069884e-22 0.
1526736861 1 7777.55761719 0. 6.81694244547e-22 0.
1526736921 1 7764.91015625 0. 6.81652245109e-22 0.
1526736981 1 7751.91015625 0. 6.81621028751e-22 0.
1526737042 1 7734.74511719 0. 6.81209295909e-22 0.
1526737092 1 7727.00195312 0. 6.81412036735e-22 0.
1526737143 1 7716.22167969 0. 6.81383620399e-22 0.
1526737203 1 7703.37402344 0. 6.81370217576e-22 0.
1526737264 1 7685.73535156 0. 6.80892821807e-22 0.
1526737324 1 7672.27001953 0. 6.80763324943e-22 0.
1526737384 1 7656.11767578 0. 6.80383406692e-22 0.
1526737444 1 7648.00927734 0. 6.80777960149e-22 0.
1526737504 1 7633.99072266 0. 6.80616855523e-22 0.
1526737564 1 7617.39404297 0. 6.80231806883e-22 0.
1526737624 1 7604.21435547 0. 6.80140435843e-22 0.
1526737684 1 7591.76123047 0. 6.80098396474e-22 0.
1526737745 1 7578.86914062 0. 6.80020712674e-22 0.
1526737805 1 7566.20019531 0. 6.79946732829e-22 0.
1526737865 1 7554.59960938 0. 6.7997620871e-22 0.
1526737925 1 7545.43457031 0. 6.80204620583e-22 0.
1526737985 1 7534.92089844 0. 6.80362183856e-22 0.
1526738045 1 7519.69140625 0. 6.80076029771e-22 0.
1526738094 1 7510.984375 0. 6.8017960172e-22 0.
1526738122 1 7503.37646484 0. 6.79940424818e-22 0.
1526738149 1 7496.29345703 0. 6.79792012306e-22 0.
1526738196 1 7484.42480469 0. 6.79559751682e-22 0.
1526738256 1 7473.56542969 0. 6.79617012469e-22 0.
1526738316 1 7458.67089844 0. 6.79274572709e-22 0.
1526738376 1 7440.18994141 0. 6.78619025297e-22 0.
1526738437 1 7427.86230469 0. 6.78554369285e-22 0.
1526738497 1 7417.22998047 0. 6.78624454625e-22 0.
1526738557 1 7404.10693359 0. 6.78489695113e-22 0.
1526738617 1 7390.33056641 0. 6.78257547247e-22 0.
1526738677 1 7377.81982422 0. 6.78161471776e-22 0.
1526738738 1 7365.67382812 0. 6.78095411709e-22 0.
1526738798 1 7351.81640625 0. 6.77883176124e-22 0.
1526738858 1 7338.65185547 0. 6.77737627486e-22 0.
1526738918 1 7324.56884766 0. 6.77527146494e-22 0.
1526738978 1 7315.56201172 0. 6.7772829681e-22 0.
1526739038 1 7303.60498047 0. 6.77633992421e-22 0.
1526739099 1 7289.5 0. 6.77311358873e-22 0.
1526739159 1 7279.54541016 0. 6.7747517573e-22 0.
1526739219 1 7274.44775391 0. 6.78021592849e-22 0.
1526739279 1 7254.75292969 0. 6.7722289703e-22 0.
1526739339 1 7241.66015625 0. 6.77073679329e-22 0.
1526739399 1 7229.73535156 0. 6.77000615279e-22 0.
1526739459 1 7217.90722656 0. 6.7696713269e-22 0.
1526739520 1 7202.91210938 0. 6.76651756769e-22 0.
1526739580 1 7171.79980469 0. 6.74709190859e-22 0.
1526739640 1 6891.6875 0. 6.49178022727e-22 0.
1526739700 1 7020.32177734 0. 6.62601237189e-22 0.
1526739760 1 7149.51904297 0. 6.75730449292e-22 0.
1526739815 1 7141.23632812 0. 6.75947372545e-22 0.
1526739846 1 3270.23925781 0. 3.12734365147e-22 0.
1526739856 1 648.077758789 0. 6.16555253458e-23 0.
1526739864 1 1119.87219238 0. 1.06373094166e-22 0.
1526739871 1 1817.19567871 0. 1.72217518942e-22 0.
1526739879 1 2667.73901367 0. 2.53096566912e-22 0.
1526739887 1 3914.5246582 0. 3.70810876722e-22 0.
1526739895 1 4878.78417969 0. 4.62722010614e-22 0.
1526739902 1 6204.04882812 0. 5.88134721067e-22 0.
1526739910 1 6666.41992188 0. 6.32287067215e-22 0.
1526739918 1 7126.53076172 0. 6.76063668869e-22 0.
1526739926 1 6612.80224609 0. 6.27556307116e-22 0.
1526739933 1 5955.04589844 0. 5.65197312641e-22 0.
1526739941 1 4800.37158203 0. 4.56104675274e-22 0.
1526739949 1 3690.31933594 0. 3.50387783284e-22 0.
1526739957 1 2677.12426758 0. 2.5461272309e-22 0.
1526739965 1 1760.11315918 0. 1.6731426899e-22 0.
1526739972 1 1198.68945312 0. 1.14179485101e-22 0.
1526739980 1 673.898803711 0. 6.43076391554e-23 0.
1526739995 1 3456.36645508 0. 3.31219330481e-22 0.
1526740011 1 805.835205078 0. 7.6205206737e-23 0.
1526740018 1 1284.28271484 0. 1.21421399844e-22 0.
1526740025 1 1992.26281738 0. 1.88041397862e-22 0.
1526740033 1 2761.68286133 0. 2.6127326077e-22 0.
1526740040 1 3872.99243164 0. 3.66435827473e-22 0.
1526740048 1 4775.73193359 0. 4.52907748589e-22 0.
1526740055 1 6032.12744141 0. 5.72662306127e-22 0.
1526740063 1 6573.54492188 0. 6.24983184169e-22 0.
1526740071 1 7099.19970703 0. 6.75823394744e-22 0.
1526740078 1 6823.01318359 0. 6.50000261435e-22 0.
1526740086 1 6418.59667969 0. 6.11863713418e-22 0.
1526740093 1 5441.34423828 0. 5.19192273052e-22 0.
1526740100 1 4462.19726562 0. 4.25600138101e-22 0.
1526740108 1 3406.51708984 0. 3.2533586626e-22 0.
1526740115 1 2384.59814453 0. 2.27576921316e-22 0.
1526740123 1 1641.77941895 0. 1.56966603594e-22 0.
1526740130 1 984.129516602 0. 9.42126882595e-23 0.
1526740139 1 3126.61279297 0. 3.00846411058e-22 0.
1526740173 1 7083.7265625 0. 6.75907932816e-22 0.
1526740234 1 7078.28417969 0. 6.76324453033e-22 0.
1526740294 1 7066.47314453 0. 6.76085743823e-22 0.
1526740354 1 7056.47021484 0. 6.75969844981e-22 0.
1526740414 1 7054.80517578 0. 6.76754141559e-22 0.
1526740474 1 7032.12597656 0. 6.75497846392e-22 0.
1526740534 1 7016.05761719 0. 6.74995038283e-22 0.
1526740594 1 7006.20605469 0. 6.75059062908e-22 0.
1526740655 1 6994.33642578 0. 6.749244512e-22 0.
1526740715 1 6978.16015625 0. 6.74411216708e-22 0.
1526740775 1 6969.70019531 0. 6.74618588867e-22 0.
1526740835 1 6959.81591797 0. 6.74669457996e-22 0.
1526740895 1 6949.77148438 0. 6.74719320872e-22 0.
1526740955 1 6936.22021484 0. 6.74409071388e-22 0.
1526741015 1 6929.05908203 0. 6.74746919661e-22 0.
1526741076 1 6926.66845703 0. 6.75544942436e-22 0.
1526741118 1 6430.31982422 0. 6.29527278119e-22 0.
1526741161 1 0.184450745583 0. 1.46113148607e-22 0.
