1526802709 1 7791.14111328 0. 6.56247342756e-22 0.
1526802745 1 7787.27148438 0. 6.56682688322e-22 0.
1526802780 1 7777.96972656 0. 6.5661382339e-22 0.
1526802840 1 7754.34375 0. 6.55657273099e-22 0.
1526802900 1 7748.62402344 0. 6.5636541027e-22 0.
1526802951 1 7739.16015625 0. 6.56344023658e-22 0.
1526802978 1 7736.67138672 0. 6.56537784335e-22 0.
1526802992 1 7723.61181641 0. 6.55642115022e-22 0.
1526803028 1 7716.10351562 0. 6.55699296223e-22 0.
1526803088 1 7686.51171875 0. 6.54204703621e-22 0.
1526803148 1 7556.95263672 0. 6.44355887132e-22 0.
1526803194 1 7268.95898438 0. 6.20709743564e-22 0.
1526803239 1 7208.07568359 0. 6.16353680067e-22 0.
1526803299 1 7641.38720703 0. 6.54566164012e-22 0.
1526803359 1 7618.04492188 0. 6.53749747834e-22 0.
1526803420 1 7595.6015625 0. 6.52951873883e-22 0.
1526803480 1 7684.86083984 0. 6.61797501791e-22 0.
1526803540 1 7656.56152344 0. 6.60562924188e-22 0.
1526803580 1 7648.21923828 0. 6.60619446834e-22 0.
1526803620 1 7639.74853516 0. 6.60676825626e-22 0.
1526803681 1 7626.88330078 0. 6.60741236387e-22 0.
1526803741 1 7601.98974609 0. 6.597378019e-22 0.
1526803801 1 7590.59863281 0. 6.59859817791e-22 0.
1526803861 1 7578.99023438 0. 6.59947917629e-22 0.
1526803896 1 7564.51953125 0. 6.59316372635e-22 0.
1526803916 1 7549.37402344 0. 6.58382510897e-22 0.
1526803960 1 7532.47607422 0. 6.57713219404e-22 0.
1526804021 1 7507.72607422 0. 6.56657254321e-22 0.
1526804081 1 7488.73730469 0. 6.56042428011e-22 0.
1526804141 1 7469.58203125 0. 6.55388460502e-22 0.
1526804177 1 7472.24658203 0. 6.56231866371e-22 0.
1526804192 1 7452.96142578 0. 6.54780442582e-22 0.
1526804231 1 7449.91210938 0. 6.55202753931e-22 0.
1526804292 1 7434.83984375 0. 6.5488570321e-22 0.
1526804352 1 7426.03808594 0. 6.5507738119e-22 0.
1526804412 1 7391.20166016 0. 6.52960598291e-22 0.
1526804472 1 7360.91259766 0. 6.51252886355e-22 0.
1526804532 1 7347.64257812 0. 6.51042317131e-22 0.
1526804592 1 7334.26708984 0. 6.50785423145e-22 0.
1526804652 1 7321.48925781 0. 6.50601562972e-22 0.
1526804713 1 7339.515625 0. 6.53155385497e-22 0.
1526804773 1 7311.91113281 0. 6.51634317368e-22 0.
1526804833 1 7284.9609375 0. 6.50184516512e-22 0.
1526804893 1 7271.97705078 0. 6.49970685622e-22 0.
1526804953 1 7254.73583984 0. 6.49373465119e-22 0.
1526805013 1 7233.28076172 0. 6.48375937915e-22 0.
1526805073 1 7217.91650391 0. 6.47922226438e-22 0.
1526805134 1 7196.35302734 0. 6.46932362707e-22 0.
1526805194 1 7176.60205078 0. 6.46055714859e-22 0.
1526805254 1 7158.71923828 0. 6.4537059963e-22 0.
1526805314 1 7142.25146484 0. 6.44795423292e-22 0.
1526805374 1 7122.29052734 0. 6.43902520414e-22 0.
1526805434 1 7100.3359375 0. 6.42851196244e-22 0.
1526805494 1 7090.14208984 0. 6.42841824094e-22 0.
1526805554 1 7070.98291016 0. 6.42009802303e-22 0.
1526805615 1 7043.80957031 0. 6.4043515658e-22 0.
1526805675 1 7033.38867188 0. 6.40398555275e-22 0.
1526805735 1 7042.78076172 0. 6.42144004456e-22 0.
1526805795 1 7028.625 0. 6.41766506067e-22 0.
1526805855 1 7015.40820312 0. 6.41472945378e-22 0.
1526805890 1 7005.75146484 0. 6.41122847386e-22 0.
1526805919 1 6975.06787109 0. 6.38720228124e-22 0.
1526805973 1 6973.33837891 0. 6.39361285963e-22 0.
1526806033 1 6956.59228516 0. 6.38711187132e-22 0.
1526806093 1 6936.51904297 0. 6.3777399933e-22 0.
1526806153 1 6926.70898438 0. 6.3774759742e-22 0.
1526806213 1 6911.72509766 0. 6.37247188556e-22 0.
1526806274 1 6898.26806641 0. 6.36873053909e-22 0.
1526806334 1 6877.984375 0. 6.35865091979e-22 0.
1526806394 1 6858.47216797 0. 6.34936986437e-22 0.
1526806454 1 6844.93457031 0. 6.34522943166e-22 0.
1526806514 1 6828.32080078 0. 6.33858738803e-22 0.
1526806574 1 6806.72753906 0. 6.3270599866e-22 0.
1526806634 1 6824.38525391 0. 6.35225121372e-22 0.
1526806695 1 6808.02587891 0. 6.34574969735e-22 0.
1526806755 1 6820.00244141 0. 6.36589758836e-22 0.
1526806800 1 6794.78662109 0. 6.34856340165e-22 0.
1526806844 1 6781.91748047 0. 6.34292995386e-22 0.
1526806905 1 6754.03662109 0. 6.32550736272e-22 0.
1526806965 1 6733.43408203 0. 6.31478140855e-22 0.
1526807025 1 6714.44433594 0. 6.30574264488e-22 0.
1526807085 1 6699.10742188 0. 6.29976034794e-22 0.
1526807145 1 6522.79833984 0. 6.14179386888e-22 0.
1526807205 1 6340.97607422 0. 5.97934851626e-22 0.
1526807265 1 6673.59179688 0. 6.30015796306e-22 0.
1526807325 1 6875.64941406 0. 6.49994308329e-22 0.
1526807386 1 6935.6484375 0. 6.56566278067e-22 0.
1526807446 1 6923.72509766 0. 6.56341422261e-22 0.
1526807506 1 6908.51123047 0. 6.55785969531e-22 0.
1526807566 1 6897.69921875 0. 6.55645256354e-22 0.
1526807626 1 6887.32177734 0. 6.55552410018e-22 0.
1526807686 1 6873.88818359 0. 6.55192095824e-22 0.
1526807746 1 6884.45947266 0. 6.57105746456e-22 0.
1526807807 1 6873.94091797 0. 6.56986343968e-22 0.
1526807867 1 6861.62353516 0. 6.56713331813e-22 0.
1526807927 1 6846.66894531 0. 6.56166208931e-22 0.
1526807987 1 6835.22314453 0. 6.55932688121e-22 0.
1526808047 1 6822.23876953 0. 6.55577348008e-22 0.
1526808107 1 6811.21044922 0. 6.55406711617e-22 0.
1526808168 1 6797.39257812 0. 6.55001329666e-22 0.
1526808228 1 6786.22119141 0. 6.5481096161e-22 0.
1526808288 1 6772.64355469 0. 6.54395120725e-22 0.
1526808348 1 6760.90478516 0. 6.541320695e-22 0.
1526808408 1 6746.19775391 0. 6.53593135317e-22 0.
1526808468 1 6727.68798828 0. 6.52682013488e-22 0.
1526808529 1 6718.12207031 0. 6.52619258796e-22 0.
1526808589 1 6713.02929688 0. 6.52991794474e-22 0.
1526808649 1 6707.33837891 0. 6.53331990652e-22 0.
1526808709 1 6714.19482422 0. 6.54884245759e-22 0.
1526808769 1 6703.83300781 0. 6.54760254304e-22 0.
1526808829 1 6689.59765625 0. 6.54209724713e-22 0.
1526808889 1 6679.90673828 0. 6.54140820282e-22 0.
1526808949 1 6669.93261719 0. 6.54037429192e-22 0.
1526809010 1 6654.39550781 0. 6.5339141921e-22 0.
1526809051 1 6646.03369141 0. 6.53157520281e-22 0.
1526809083 1 6638.47851562 0. 6.5286452755e-22 0.
1526809133 1 6630.25683594 0. 6.52812000342e-22 0.
1526809194 1 6619.05517578 0. 6.52577770845e-22 0.
1526809254 1 6604.60742188 0. 6.52034270588e-22 0.
1526809314 1 6590.54638672 0. 6.51501850377e-22 0.
1526809374 1 6581.44042969 0. 6.51503142878e-22 0.
1526809434 1 6573.328125 0. 6.5153311698e-22 0.
1526809494 1 6560.26953125 0. 6.51093954704e-22 0.
1526809554 1 6549.515625 0. 6.50905334564e-22 0.
1526809614 1 6537.703125 0. 6.50592722749e-22 0.
1526809675 1 6528.08300781 0. 6.50482076793e-22 0.
1526809734 1 6521.31054688 0. 6.50639333378e-22 0.
1526809779 1 6534.64208984 0. 6.52626267293e-22 0.
1526809824 1 6530.80615234 0. 6.52900013908e-22 0.
1526809885 1 6518.04785156 0. 6.52483319631e-22 0.
1526809945 1 6502.29248047 0. 6.51774901171e-22 0.
1526810005 1 6495.12304688 0. 6.51924839237e-22 0.
1526810065 1 6479.54101562 0. 6.51210234003e-22 0.
1526810125 1 6474.19091797 0. 6.51535538576e-22 0.
1526810185 1 6460.88525391 0. 6.51059337653e-22 0.
1526810245 1 6450.08007812 0. 6.50848428814e-22 0.
1526810306 1 6439.31787109 0. 6.50623949819e-22 0.
1526810366 1 6429.24511719 0. 6.5046709783e-22 0.
1526810426 1 6419.38525391 0. 6.50290811376e-22 0.
1526810486 1 6405.93359375 0. 6.49780781085e-22 0.
1526810546 1 6397.55273438 0. 6.49787735292e-22 0.
1526810606 1 6383.40136719 0. 6.49191647237e-22 0.
1526810666 1 6371.71240234 0. 6.48840341064e-22 0.
1526810727 1 6359.82910156 0. 6.48459316029e-22 0.
1526810787 1 6357.15234375 0. 6.49043705248e-22 0.
1526810847 1 6362.01074219 0. 6.50438135848e-22 0.
1526810907 1 6352.93115234 0. 6.50352655932e-22 0.
1526810967 1 6344.08935547 0. 6.50284938253e-22 0.
1526811027 1 6336.09423828 0. 6.50335736397e-22 0.
1526811088 1 6324.58837891 0. 6.49992372523e-22 0.
1526811148 1 6316.01953125 0. 6.49961383749e-22 0.
1526811208 1 6304.88134766 0. 6.49666374401e-22 0.
1526811268 1 6293.27197266 0. 6.49303739219e-22 0.
1526811328 1 6278.76171875 0. 6.48657030438e-22 0.
1526811388 1 6265.28222656 0. 6.4809055635e-22 0.
1526811449 1 6257.22802734 0. 6.48070993982e-22 0.
1526811509 1 6249.20751953 0. 6.48057617146e-22 0.
1526811569 1 6240.62011719 0. 6.47993909069e-22 0.
1526811629 1 6232.01220703 0. 6.4794518147e-22 0.
1526811689 1 6221.88574219 0. 6.4771973556e-22 0.
1526811749 1 6212.80322266 0. 6.47624137474e-22 0.
1526811809 1 6202.19482422 0. 6.47344360125e-22 0.
1526811869 1 6195.94970703 0. 6.47540755182e-22 0.
1526811930 1 6208.83837891 0. 6.49732415344e-22 0.
1526811990 1 6197.57910156 0. 6.494052576e-22 0.
1526812050 1 6184.55224609 0. 6.48870012553e-22 0.
1526812110 1 6176.13476562 0. 6.48852803206e-22 0.
1526812170 1 6166.23632812 0. 6.48629506459e-22 0.
1526812230 1 6156.57763672 0. 6.48486973399e-22 0.
1526812291 1 6150.72900391 0. 6.48701773623e-22 0.
1526812351 1 6141.33496094 0. 6.4856176527e-22 0.
1526812411 1 6133.10449219 0. 6.48507283355e-22 0.
1526812471 1 6123.96826172 0. 6.48350301982e-22 0.
1526812531 1 6110.79345703 0. 6.47787265513e-22 0.
1526812591 1 6099.8515625 0. 6.47482016964e-22 0.
1526812651 1 6092.35253906 0. 6.47499993289e-22 0.
1526812711 1 6080.84716797 0. 6.47113960331e-22 0.
1526812772 1 6070.67822266 0. 6.46849315282e-22 0.
1526812832 1 6065.56005859 0. 6.47156957071e-22 0.
1526812892 1 6054.72851562 0. 6.46785194205e-22 0.
1526812952 1 6042.80859375 0. 6.46334793643e-22 0.
1526813006 1 6050.76806641 0. 6.47923659833e-22 0.
1526813048 1 6053.19384766 0. 6.48769440561e-22 0.
1526813096 1 6042.06542969 0. 6.48232147739e-22 0.
1526813156 1 6035.70654297 0. 6.4838157602e-22 0.
1526813216 1 6020.10253906 0. 6.47523515842e-22 0.
1526813276 1 6002.25976562 0. 6.46422359489e-22 0.
1526813336 1 5991.73242188 0. 6.46141135587e-22 0.
1526813397 1 5986.98388672 0. 6.46429620011e-22 0.
1526813457 1 5980.24267578 0. 6.46500353249e-22 0.
1526813517 1 5969.30712891 0. 6.46160792365e-22 0.
1526813577 1 5958.63134766 0. 6.45835027661e-22 0.
1526813637 1 5949.61767578 0. 6.45649009789e-22 0.
1526813697 1 5944.11425781 0. 6.45866328302e-22 0.
1526813757 1 5934.2265625 0. 6.45615599734e-22 0.
1526813817 1 5927.34423828 0. 6.45691629973e-22 0.
1526813878 1 5916.99462891 0. 6.45377866749e-22 0.
1526813938 1 5907.27685547 0. 6.45134519157e-22 0.
1526813998 1 5896.77832031 0. 6.44759553126e-22 0.
1526814058 1 5886.95703125 0. 6.44508118747e-22 0.
1526814118 1 5893.96191406 0. 6.46103839744e-22 0.
1526814178 1 5891.87060547 0. 6.46674129554e-22 0.
1526814238 1 5881.16455078 0. 6.46295203815e-22 0.
1526814299 1 5875.61230469 0. 6.46498898423e-22 0.
1526814359 1 5863.39794922 0. 6.4595007492e-22 0.
1526814419 1 5855.98486328 0. 6.45926006266e-22 0.
1526814479 1 5846.76660156 0. 6.45720186304e-22 0.
1526814539 1 5838.87597656 0. 6.45649408343e-22 0.
1526814599 1 5831.93554688 0. 6.45686488886e-22 0.
1526814660 1 5825.19628906 0. 6.45764494148e-22 0.
1526814720 1 5812.98144531 0. 6.45221161184e-22 0.
1526814780 1 5805.74804688 0. 6.45223024775e-22 0.
1526814840 1 5795.54638672 0. 6.44894081708e-22 0.
1526814898 1 5797.96484375 0. 6.45907684188e-22 0.
1526814957 1 5787.82568359 0. 6.45358581956e-22 0.
1526815017 1 5785.08007812 0. 6.45770287569e-22 0.
1526815077 1 5779.17138672 0. 6.45671299479e-22 0.
1526815138 1 5777.14208984 0. 6.46117821374e-22 0.
1526815198 1 5768.04736328 0. 6.45752322578e-22 0.
1526815258 1 5748.23730469 0. 6.44304264723e-22 0.
1526815318 1 5740.52539062 0. 6.44249461299e-22 0.
1526815378 1 5734.19677734 0. 6.44341555359e-22 0.
1526815438 1 5727.31103516 0. 6.44353860036e-22 0.
1526815498 1 5719.08984375 0. 6.44208219859e-22 0.
1526815558 1 5066.27392578 0. 5.72211384941e-22 0.
1526815618 1 0.0653572827578 0. 2.82265647649e-23 0.
