1526951447 1 16421.2402344 0. 5.67973669553e-22 0.
1526951507 1 17513.8867188 0. 6.06749342561e-22 0.
1526951567 1 17480.5585938 0. 6.06517693519e-22 0.
1526951628 1 17386.4335938 0. 6.04321542747e-22 0.
1526951682 1 17361.9941406 0. 6.04257060178e-22 0.
1526951727 1 17320.3496094 0. 6.03456290222e-22 0.
1526951753 1 17293.4648438 0. 6.03010150129e-22 0.
1526951768 1 17316.2988281 0. 6.04099364697e-22 0.
1526951809 1 17313.5175781 0. 6.04647549641e-22 0.
1526951869 1 17246.7519531 0. 6.03427600517e-22 0.
1526951929 1 17197.2480469 0. 6.02897588732e-22 0.
1526951989 1 17112.484375 0. 6.01107501257e-22 0.
1526952046 1 17052.5039062 0. 6.00101052354e-22 0.
1526952092 1 16975.4570312 0. 5.98205533293e-22 0.
1526952140 1 16972.2597656 0. 5.98985864303e-22 0.
1526952200 1 16881.8535156 0. 5.96934982789e-22 0.
1526952260 1 16847.1074219 0. 5.96787575448e-22 0.
1526952306 1 16837.9570312 0. 5.97180191592e-22 0.
1526952351 1 16809.5019531 0. 5.96876821281e-22 0.
1526952397 1 16767.4511719 0. 5.96107855618e-22 0.
1526952442 1 16748.5976562 0. 5.96140713127e-22 0.
1526952503 1 16819.40625 0. 5.99645656396e-22 0.
1526952563 1 16838.7929688 0. 6.01346084402e-22 0.
1526952623 1 16836.3242188 0. 6.02272607443e-22 0.
1526952683 1 16812.7695312 0. 6.02502385957e-22 0.
1526952719 1 16783.5058594 0. 6.02048025131e-22 0.
1526952729 1 16752.1992188 0. 6.01105452704e-22 0.
1526952765 1 16726.2265625 0. 6.00800458577e-22 0.
1526952826 1 16658.3515625 0. 5.99362327348e-22 0.
1526952886 1 16657.4453125 0. 6.00332276934e-22 0.
1526952946 1 16599.7519531 0. 5.99224244099e-22 0.
1526953006 1 16579.5507812 0. 5.99449281401e-22 0.
1526953066 1 16519.5878906 0. 5.9825674223e-22 0.
1526953126 1 16413.4960938 0. 5.95376125882e-22 0.
1526953186 1 16254.6767578 0. 5.90552630015e-22 0.
1526953246 1 16170.7216797 0. 5.88455623072e-22 0.
1526953287 1 16113.2246094 0. 5.86958986999e-22 0.
1526953328 1 16128.0800781 0. 5.88150161408e-22 0.
1526953368 1 16085.7753906 0. 5.87224257821e-22 0.
1526953409 1 16031.0644531 0. 5.85865557944e-22 0.
1526953469 1 16024.4189453 0. 5.86524095959e-22 0.
1526953529 1 15930.2871094 0. 5.83984195655e-22 0.
1526953589 1 15330.1357422 0. 5.6293998943e-22 0.
1526953649 1 16495.5214844 0. 6.0656316907e-22 0.
1526953694 1 17004.9960938 0. 6.25966608546e-22 0.
1526953737 1 16977.2734375 0. 6.25729523245e-22 0.
1526953797 1 16942.1523438 0. 6.25428435844e-22 0.
1526953857 1 16899.7128906 0. 6.24847086659e-22 0.
1526953917 1 16861.7519531 0. 6.24446387109e-22 0.
1526953978 1 16831.1328125 0. 6.24319977178e-22 0.
1526954038 1 16792.1230469 0. 6.23872633395e-22 0.
1526954098 1 16775.6386719 0. 6.24250017027e-22 0.
1526954158 1 16751.8808594 0. 6.24362923181e-22 0.
1526954219 1 16771.0273438 0. 6.26066338489e-22 0.
1526954279 1 16739.9140625 0. 6.25889246734e-22 0.
1526954339 1 16711.6113281 0. 6.25845517359e-22 0.
1526954399 1 16675.5039062 0. 6.25466085711e-22 0.
1526954459 1 16633.9667969 0. 6.24911320682e-22 0.
1526954519 1 16598.5566406 0. 6.24570295404e-22 0.
1526954579 1 16564.5683594 0. 6.24261404543e-22 0.
1526954640 1 16530.8828125 0. 6.23954911604e-22 0.
1526954700 1 16494.1875 0. 6.23551839222e-22 0.
1526954739 1 16477.734375 0. 6.2353534648e-22 0.
1526954779 1 16464.6210938 0. 6.23669075695e-22 0.
1526954839 1 16440.9199219 0. 6.2373046957e-22 0.
1526954899 1 16411.3632812 0. 6.2354223621e-22 0.
1526954959 1 16364.7900391 0. 6.22719863292e-22 0.
1526955019 1 16327.0751953 0. 6.22223608806e-22 0.
1526955080 1 16355.0478516 0. 6.24232812591e-22 0.
1526955140 1 16332.2041016 0. 6.24330012966e-22 0.
1526955200 1 16304.0761719 0. 6.2422288242e-22 0.
1526955260 1 16266.2519531 0. 6.23740779384e-22 0.
1526955320 1 16233.796875 0. 6.23435695613e-22 0.
1526955380 1 16195.8691406 0. 6.22933226335e-22 0.
1526955440 1 16153.3388672 0. 6.22209669034e-22 0.
1526955501 1 16118.6464844 0. 6.21806667993e-22 0.
1526955561 1 16081.8085938 0. 6.2134807914e-22 0.
1526955621 1 16064.2763672 0. 6.21592201964e-22 0.
1526955681 1 16041.3935547 0. 6.21633067693e-22 0.
1526955742 1 16006.3623047 0. 6.21165232328e-22 0.
1526955802 1 15976.8623047 0. 6.20949005139e-22 0.
1526955862 1 15943.2177734 0. 6.20566363527e-22 0.
1526955922 1 15907.9794922 0. 6.20110685139e-22 0.
1526955958 1 15892.7285156 0. 6.20028806298e-22 0.
1526955994 1 15916.7744141 0. 6.21548852572e-22 0.
1526956054 1 15905.2080078 0. 6.22066586197e-22 0.
1526956114 1 15880.8085938 0. 6.22056175459e-22 0.
1526956174 1 15848.3330078 0. 6.2170750855e-22 0.
1526956235 1 15817.9111328 0. 6.21416573151e-22 0.
1526956288 1 15773.2255859 0. 6.20466030596e-22 0.
1526956342 1 15372.8066406 0. 6.05499189543e-22 0.
1526956402 1 14835.1865234 0. 5.85240828017e-22 0.
1526956462 1 15760.3955078 0. 6.22589838096e-22 0.
1526956522 1 15725.9042969 0. 6.22151597722e-22 0.
1526956582 1 15696.0341797 0. 6.21871316935e-22 0.
1526956642 1 15658.2792969 0. 6.21269360082e-22 0.
1526956703 1 15631.5068359 0. 6.21108024212e-22 0.
1526956763 1 15603.1455078 0. 6.20895306918e-22 0.
1526956823 1 15566.5810547 0. 6.20357992883e-22 0.
1526956883 1 15569.4140625 0. 6.21393017345e-22 0.
1526956943 1 15576.8984375 0. 6.22595117636e-22 0.
1526957003 1 15527.2333984 0. 6.21538052276e-22 0.
1526957063 1 15499.9472656 0. 6.21359890168e-22 0.
1526957124 1 15482.5927734 0. 6.21557223746e-22 0.
1526957184 1 15461.5107422 0. 6.21598644795e-22 0.
1526957244 1 15436.3076172 0. 6.21482199608e-22 0.
1526957304 1 15406.3388672 0. 6.21194142953e-22 0.
1526957364 1 15388.9589844 0. 6.21385606226e-22 0.
1526957424 1 15353.0048828 0. 6.20873308304e-22 0.
1526957485 1 15328.8681641 0. 6.20806450397e-22 0.
1526957537 1 15304.5185547 0. 6.20573121853e-22 0.
1526957589 1 15288.265625 0. 6.2071679666e-22 0.
1526957650 1 15254.8251953 0. 6.20236620476e-22 0.
1526957710 1 15221.9765625 0. 6.1976836865e-22 0.
1526957770 1 15200.8330078 0. 6.19809597563e-22 0.
1526957805 1 15185.1367188 0. 6.19669056538e-22 0.
1526957815 1 15182.1728516 0. 6.19692489504e-22 0.
1526957826 1 15174.5634766 0. 6.19542516135e-22 0.
1526957836 1 15169.6083984 0. 6.19479030299e-22 0.
1526957871 1 15185.3818359 0. 6.20695995974e-22 0.
1526957931 1 15173.7207031 0. 6.21136901653e-22 0.
1526957991 1 15139.7607422 0. 6.20627929359e-22 0.
1526958052 1 15112.4931641 0. 6.2040701769e-22 0.
1526958112 1 15084.5224609 0. 6.20152339973e-22 0.
1526958172 1 15053.4667969 0. 6.197493172e-22 0.
1526958232 1 15025.7109375 0. 6.19494489812e-22 0.
1526958292 1 14998.0429688 0. 6.19262863948e-22 0.
1526958353 1 14980.1083984 0. 6.19416434485e-22 0.
1526958413 1 14962.0253906 0. 6.19554701647e-22 0.
1526958473 1 14934.8085938 0. 6.19330428892e-22 0.
1526958533 1 14905.7587891 0. 6.18995499149e-22 0.
1526958594 1 14877.7490234 0. 6.18725266218e-22 0.
1526958654 1 14834.8623047 0. 6.17822072209e-22 0.
1526958714 1 14825.5078125 0. 6.18332489539e-22 0.
1526958771 1 14790.8125 0. 6.17732741081e-22 0.
1526958829 1 14803.5097656 0. 6.19115766137e-22 0.
1526958890 1 14795.5820312 0. 6.19693778335e-22 0.
1526958950 1 14762.5507812 0. 6.192083671e-22 0.
1526959010 1 14741.5117188 0. 6.19258411332e-22 0.
1526959070 1 14714.3769531 0. 6.19007470721e-22 0.
1526959130 1 14689.0908203 0. 6.18832137102e-22 0.
1526959190 1 14660.9775391 0. 6.18540084341e-22 0.
1526959250 1 14640.8769531 0. 6.18572419618e-22 0.
1526959299 1 14621.4951172 0. 6.18450704633e-22 0.
1526959348 1 14597.6953125 0. 6.18154406934e-22 0.
1526959408 1 14555.4111328 0. 6.17211309512e-22 0.
1526959468 1 14528.1777344 0. 6.16940791377e-22 0.
1526959528 1 14511.1845703 0. 6.17096559119e-22 0.
1526959588 1 14491.8574219 0. 6.17146239656e-22 0.
1526959649 1 14463.0078125 0. 6.1678956699e-22 0.
1526959709 1 14439.1455078 0. 6.1665549728e-22 0.
1526959769 1 14417.4365234 0. 6.16595655209e-22 0.
1526959829 1 14393.7373047 0. 6.16485857433e-22 0.
1526959889 1 14365.8623047 0. 6.1615295122e-22 0.
1526959949 1 14390.2773438 0. 6.18090641755e-22 0.
1526960005 1 14374.5185547 0. 6.18229947902e-22 0.
1526960061 1 14351.1875 0. 6.18036529786e-22 0.
1526960121 1 14325.0761719 0. 6.17766926273e-22 0.
1526960181 1 14295.0957031 0. 6.17357591179e-22 0.
1526960242 1 14283.109375 0. 6.17725200192e-22 0.
1526960302 1 14255.3291016 0. 6.17361663627e-22 0.
1526960357 1 14233.9296875 0. 6.17221540573e-22 0.
1526960413 1 14212.7929688 0. 6.171351625e-22 0.
1526960474 1 14182.6777344 0. 6.16700308666e-22 0.
1526960534 1 14159.2998047 0. 6.1654708091e-22 0.
1526960594 1 14143.53125 0. 6.16723187175e-22 0.
1526960654 1 14124.6835938 0. 6.16740808647e-22 0.
1526960714 1 14100.7695312 0. 6.16590043117e-22 0.
1526960774 1 14070.2333984 0. 6.16135668798e-22 0.
1526960834 1 14046.2753906 0. 6.1596691748e-22 0.
1526960895 1 14027.7636719 0. 6.16015833337e-22 0.
1526960955 1 13995.5078125 0. 6.15437850097e-22 0.
1526961015 1 14038.578125 0. 6.18176237657e-22 0.
1526961075 1 14009.5869141 0. 6.17787646873e-22 0.
1526961135 1 13971.8789062 0. 6.17011770934e-22 0.
1526961195 1 13946.7324219 0. 6.1675608022e-22 0.
1526961256 1 13841.5371094 0. 6.12937460603e-22 0.
1526961316 1 13384.6152344 0. 5.93566017234e-22 0.
1526961376 1 13433.8876953 0. 5.96571570512e-22 0.
1526961436 1 13868.2783203 0. 6.16706287527e-22 0.
1526961496 1 13845.0742188 0. 6.16519820976e-22 0.
1526961556 1 13816.8271484 0. 6.16128874316e-22 0.
1526961615 1 13796.5273438 0. 6.16095152321e-22 0.
1526961675 1 13774.5791016 0. 6.15964527539e-22 0.
1526961735 1 13752.1748047 0. 6.15845318195e-22 0.
1526961795 1 13730.5664062 0. 6.15739525236e-22 0.
1526961855 1 13718.640625 0. 6.16075423542e-22 0.
1526961916 1 13692.3515625 0. 6.15751248299e-22 0.
1526961958 1 13675.1230469 0. 6.15606961466e-22 0.
1526962001 1 13650.6386719 0. 6.15126305701e-22 0.
1526962061 1 13631.3798828 0. 6.15145188436e-22 0.
1526962122 1 13658.5302734 0. 6.17234986448e-22 0.
1526962182 1 13640.859375 0. 6.17323278065e-22 0.
1526962242 1 13616.34375 0. 6.17062354586e-22 0.
1526962302 1 13591.84375 0. 6.16836340187e-22 0.
1526962362 1 13569.5400391 0. 6.16662861529e-22 0.
1526962422 1 13545.3115234 0. 6.16451288355e-22 0.
1526962460 1 13533.0048828 0. 6.16423566767e-22 0.
1526962498 1 13517.7167969 0. 6.16254447573e-22 0.
1526962558 1 13496.9443359 0. 6.16158076223e-22 0.
1526962618 1 13479.2246094 0. 6.16223324092e-22 0.
1526962678 1 13457.2880859 0. 6.16075719807e-22 0.
1526962738 1 13415.0722656 0. 6.15002452796e-22 0.
1526962799 1 13396.4121094 0. 6.14997960762e-22 0.
1526962859 1 13378.7802734 0. 6.15055134667e-22 0.
1526962919 1 13346.5800781 0. 6.14437955918e-22 0.
1526962979 1 13328.8017578 0. 6.14446940148e-22 0.
1526963039 1 13306.0869141 0. 6.14241769542e-22 0.
1526963099 1 13279.15625 0. 6.13842255571e-22 0.
1526963159 1 13258.4287109 0. 6.1370532763e-22 0.
1526963220 1 13235.4726562 0. 6.13513675337e-22 0.
1526963280 1 13259.8134766 0. 6.15490995783e-22 0.
1526963340 1 13245.8671875 0. 6.1569915536e-22 0.
1526963400 1 13220.4228516 0. 6.15353947512e-22 0.
1526963460 1 13199.078125 0. 6.15229971733e-22 0.
1526963520 1 13175.5146484 0. 6.14987536393e-22 0.
1526963559 1 13160.6699219 0. 6.14816726224e-22 0.
1526963576 1 13155.3105469 0. 6.14803720687e-22 0.
1526963612 1 13150.4384766 0. 6.15098983947e-22 0.
1526963671 1 13125.6796875 0. 6.14774757256e-22 0.
1526963731 1 13098.5869141 0. 6.14344107572e-22 0.
1526963791 1 13083.2646484 0. 6.14512120507e-22 0.
1526963851 1 13052.6738281 0. 6.13896655451e-22 0.
1526963911 1 13033.2568359 0. 6.13833638096e-22 0.
1526963972 1 13011.6816406 0. 6.13656763359e-22 0.
1526964032 1 12991.8867188 0. 6.13592327602e-22 0.
1526964092 1 12974.3105469 0. 6.13627983358e-22 0.
1526964152 1 12948.3378906 0. 6.13236048759e-22 0.
1526964212 1 12933.5742188 0. 6.13376310393e-22 0.
1526964272 1 12914.0283203 0. 6.1332352443e-22 0.
1526964332 1 12924.7275391 0. 6.14684376999e-22 0.
1526964392 1 12909.8339844 0. 6.14824501284e-22 0.
1526964453 1 12896.7138672 0. 6.15050040113e-22 0.
1526964513 1 12875.3798828 0. 6.1484197699e-22 0.
1526964573 1 12855.4365234 0. 6.1472513338e-22 0.
1526964633 1 12831.6748047 0. 6.14429444396e-22 0.
1526964693 1 12815.6142578 0. 6.14514195104e-22 0.
1526964753 1 12793.0195312 0. 6.14313340117e-22 0.
1526964813 1 12767.6455078 0. 6.13936793563e-22 0.
1526964873 1 12750.8994141 0. 6.13986692732e-22 0.
1526964934 1 12725.2597656 0. 6.13576957818e-22 0.
1526964994 1 12704.7988281 0. 6.13445021535e-22 0.
1526965054 1 12679.7636719 0. 6.13071902725e-22 0.
1526965114 1 12661.3125 0. 6.13033947041e-22 0.
1526965173 1 12644.6591797 0. 6.13053685748e-22 0.
1526965232 1 12625.8935547 0. 6.12956768395e-22 0.
1526965292 1 12609.3212891 0. 6.1300471651e-22 0.
1526965353 1 12581.8876953 0. 6.12509063779e-22 0.
1526965413 1 12563.8183594 0. 6.12469753061e-22 0.
1526965473 1 12561.4951172 0. 6.13199075464e-22 0.
1526965533 1 12567.3466797 0. 6.1437211066e-22 0.
1526965593 1 12547.3427734 0. 6.14229054866e-22 0.
1526965653 1 12527.2353516 0. 6.14103596308e-22 0.
1526965713 1 12507.1503906 0. 6.13958352819e-22 0.
1526965749 1 12489.3476562 0. 6.13510588111e-22 0.
1526965785 1 12487.9443359 0. 6.14022167952e-22 0.
1526965845 1 12470.2646484 0. 6.1400040615e-22 0.
1526965905 1 12445.2529297 0. 6.13617575516e-22 0.
1526965966 1 12426.7314453 0. 6.13544413235e-22 0.
1526966026 1 12404.9912109 0. 6.13330565434e-22 0.
1526966086 1 12390.4101562 0. 6.13441797798e-22 0.
1526966146 1 12371.6884766 0. 6.13354920247e-22 0.
1526966206 1 12347.0488281 0. 6.12937258803e-22 0.
1526966266 1 12320.6210938 0. 6.12455709731e-22 0.
1526966326 1 12310.1630859 0. 6.12807876095e-22 0.
1526966386 1 12285.3417969 0. 6.12412180728e-22 0.
1526966447 1 12268.4736328 0. 6.12396023989e-22 0.
1526966507 1 12261.21875 0. 6.1290893612e-22 0.
1526966567 1 12269.2763672 0. 6.14124373217e-22 0.
1526966627 1 12247.6894531 0. 6.1388966306e-22 0.
1526966687 1 12230.453125 0. 6.13869126148e-22 0.
1526966747 1 12211.3330078 0. 6.13742024009e-22 0.
1526966807 1 12190.0292969 0. 6.13514096074e-22 0.
1526966867 1 12173.4150391 0. 6.13519170382e-22 0.
1526966928 1 12153.9394531 0. 6.13380670353e-22 0.
1526966988 1 12133.0087891 0. 6.13163397243e-22 0.
1526967048 1 12115.5078125 0. 6.13085068839e-22 0.
1526967104 1 12093.75 0. 6.12787461374e-22 0.
1526967161 1 12077.0029297 0. 6.12743523285e-22 0.
1526967221 1 12055.9570312 0. 6.12537003103e-22 0.
1526967282 1 12026.7226562 0. 6.11891200287e-22 0.
1526967342 1 12020.4277344 0. 6.12408073984e-22 0.
1526967402 1 12000.1923828 0. 6.12181175844e-22 0.
1526967462 1 11664.8017578 0. 5.95897355533e-22 0.
1526967522 1 11402.3232422 0. 5.83289249551e-22 0.
1526967582 1 11941.8193359 0. 6.11726004177e-22 0.
1526967642 1 11920.4775391 0. 6.11451382269e-22 0.
1526967703 1 11906.7177734 0. 6.11611583363e-22 0.
1526967763 1 11923.4023438 0. 6.13284930465e-22 0.
1526967823 1 11910.1953125 0. 6.13458000896e-22 0.
1526967883 1 11893.2099609 0. 6.13419614812e-22 0.
1526967943 1 11876.8251953 0. 6.1343304316e-22 0.
1526968003 1 11858.0400391 0. 6.13314364797e-22 0.
1526968063 1 11837.2490234 0. 6.13079985017e-22 0.
1526968123 1 11816.1728516 0. 6.12826730387e-22 0.
1526968184 1 11793.0078125 0. 6.12469180893e-22 0.
1526968244 1 11773.7548828 0. 6.12291637841e-22 0.
1526968304 1 11756.2128906 0. 6.12221351548e-22 0.
1526968364 1 11729.1201172 0. 6.11638333474e-22 0.
1526968424 1 11707.5097656 0. 6.11365910587e-22 0.
1526968484 1 11690.71875 0. 6.1132252117e-22 0.
1526968544 1 11671.1689453 0. 6.11133974949e-22 0.
1526968604 1 11649.6416016 0. 6.10861822927e-22 0.
1526968649 1 11637.4042969 0. 6.10839973554e-22 0.
1526968694 1 11619.7431641 0. 6.10546019697e-22 0.
1526968754 1 11609.6591797 0. 6.10840826195e-22 0.
1526968791 1 11636.2431641 0. 6.12734961608e-22 0.
1526968827 1 11616.4667969 0. 6.12277174549e-22 0.
1526968888 1 11592.5332031 0. 6.11849514825e-22 0.
1526968948 1 11571.4892578 0. 6.11576290727e-22 0.
1526969008 1 11553.3789062 0. 6.11458340476e-22 0.
1526969068 1 11534.4697266 0. 6.11305585724e-22 0.
1526969128 1 11509.7949219 0. 6.10831146986e-22 0.
1526969188 1 11490.3603516 0. 6.10624556517e-22 0.
1526969248 1 11466.2382812 0. 6.10174266959e-22 0.
1526969308 1 11455.6376953 0. 6.10440775655e-22 0.
1526969369 1 11431.4697266 0. 6.09967249056e-22 0.
1526969429 1 11413.2265625 0. 6.09806777272e-22 0.
1526969489 1 11399.2900391 0. 6.09878058925e-22 0.
1526969549 1 11382.9619141 0. 6.09825793789e-22 0.
1526969609 1 11364.9755859 0. 6.09662707609e-22 0.
1526969669 1 11346.3662109 0. 6.09540763597e-22 0.
1526969730 1 11335.6591797 0. 6.09804508209e-22 0.
1526969790 1 11319.0166016 0. 6.09729378864e-22 0.
1526969850 1 11340.3027344 0. 6.11712215314e-22 0.
1526969910 1 11324.7324219 0. 6.11710544172e-22 0.
1526969970 1 11300.7646484 0. 6.11232402285e-22 0.
1526970030 1 11295.0898438 0. 6.11759409401e-22 0.
1526970090 1 11271.3339844 0. 6.11316072867e-22 0.
1526970150 1 11254.9365234 0. 6.11230859547e-22 0.
1526970211 1 11239.7373047 0. 6.11235063147e-22 0.
1526970271 1 11221.6699219 0. 6.1107095366e-22 0.
1526970331 1 11206.4570312 0. 6.11060776788e-22 0.
1526970391 1 11184.4677734 0. 6.10694457671e-22 0.
1526970451 1 11164.703125 0. 6.10445811992e-22 0.
1526970496 1 11150.9414062 0. 6.10302865356e-22 0.
1526970541 1 11133.3730469 0. 6.09987546695e-22 0.
1526970584 1 11124.3105469 0. 6.10073140628e-22 0.
1526970627 1 11113.7294922 0. 6.10111099696e-22 0.
1526970688 1 11097.2783203 0. 6.10044030918e-22 0.
1526970748 1 11077.8955078 0. 6.09790783706e-22 0.
1526970808 1 11065.578125 0. 6.09897350153e-22 0.
1526970868 1 11052.8847656 0. 6.10049694216e-22 0.
1526970928 1 11035.7958984 0. 6.09947984158e-22 0.
1526970988 1 11011.1044922 0. 6.09407071279e-22 0.
1526971048 1 11023.3623047 0. 6.10921251959e-22 0.
1526971109 1 11027.8955078 0. 6.12011676939e-22 0.
1526971169 1 11003.0048828 0. 6.11420748897e-22 0.
1526971229 1 10981.3632812 0. 6.11070116062e-22 0.
1526971289 1 10950.8896484 0. 6.10203852632e-22 0.
1526971349 1 10929.1298828 0. 6.09829632255e-22 0.
1526971409 1 10917.4228516 0. 6.10016071439e-22 0.
1526971469 1 10892.9501953 0. 6.09475134683e-22 0.
1526971505 1 10888.0078125 0. 6.09669122681e-22 0.
1526971540 1 10873.6962891 0. 6.09395041315e-22 0.
1526971600 1 10855.6201172 0. 6.09176664819e-22 0.
1526971660 1 10838.328125 0. 6.0906605199e-22 0.
1526971720 1 10823.3105469 0. 6.09063922483e-22 0.
1526971780 1 10807.9130859 0. 6.09031040619e-22 0.
1526971841 1 10792.6738281 0. 6.09023839756e-22 0.
1526971901 1 10777.1894531 0. 6.08971854825e-22 0.
1526971961 1 10758.7275391 0. 6.08758095948e-22 0.
1526972021 1 10740.9423828 0. 6.08581933206e-22 0.
1526972081 1 10724.7724609 0. 6.08517541251e-22 0.
1526972141 1 10706.0507812 0. 6.08276190761e-22 0.
1526972201 1 10706.9892578 0. 6.09170802669e-22 0.
1526972261 1 10712.6289062 0. 6.10338033343e-22 0.
1526972322 1 10687.5332031 0. 6.09749592089e-22 0.
1526972382 1 10683.9658203 0. 6.10384985247e-22 0.
1526972442 1 10658.375 0. 6.09766958686e-22 0.
1526972502 1 10642.6708984 0. 6.09712471344e-22 0.
1526972562 1 10623.5859375 0. 6.09451949208e-22 0.
1526972613 1 10604.8183594 0. 6.09079006646e-22 0.
1526972663 1 10592.9072266 0. 6.09102660685e-22 0.
1526972724 1 10583.8945312 0. 6.09409640616e-22 0.
1526972784 1 10566.5234375 0. 6.09255466278e-22 0.
1526972844 1 10550.9765625 0. 6.09164220321e-22 0.
1526972904 1 10540.5917969 0. 6.09403886014e-22 0.
1526972964 1 10519.59375 0. 6.09026458544e-22 0.
1526973024 1 10501.7587891 0. 6.08826716823e-22 0.
1526973085 1 10492.3466797 0. 6.09122542636e-22 0.
1526973145 1 10478.84375 0. 6.09158152453e-22 0.
1526973205 1 10463.4697266 0. 6.09080869662e-22 0.
1526973265 1 10445.6308594 0. 6.08887941089e-22 0.
1526973325 1 10430.7099609 0. 6.08877878603e-22 0.
1526973385 1 10432.7451172 0. 6.0979939707e-22 0.
1526973445 1 10420.9355469 0. 6.09912217237e-22 0.
1526973505 1 10399.9326172 0. 6.09531143576e-22 0.
1526973566 1 10380.4658203 0. 6.09218861982e-22 0.
1526973626 1 10370.0244141 0. 6.09413309252e-22 0.
1526973686 1 10351.390625 0. 6.0914184445e-22 0.
1526973746 1 10342.5878906 0. 6.09430519134e-22 0.
1526973806 1 10330.1552734 0. 6.09557829724e-22 0.
1526973866 1 10314.2304688 0. 6.09442997017e-22 0.
1526973927 1 10298.7060547 0. 6.09319650057e-22 0.
1526973987 1 10278.4404297 0. 6.08945633226e-22 0.
1526974047 1 10264.1396484 0. 6.08946955615e-22 0.
1526974107 1 10248.2431641 0. 6.08839292196e-22 0.
1526974167 1 10233.4619141 0. 6.08792044082e-22 0.
1526974227 1 10218.0654297 0. 6.08700621084e-22 0.
1526974287 1 10196.5966797 0. 6.08238853525e-22 0.
1526974347 1 10184.0097656 0. 6.08298602223e-22 0.
1526974407 1 10170.1455078 0. 6.082668291e-22 0.
1526974468 1 10153.4931641 0. 6.08080489689e-22 0.
1526974528 1 10131.6396484 0. 6.07604602618e-22 0.
1526974588 1 10131.6904297 0. 6.08454325862e-22 0.
1526974648 1 10135.8095703 0. 6.09534889962e-22 0.
1526974685 1 10127.3320312 0. 6.09501592287e-22 0.
1526974723 1 10123.3935547 0. 6.09847849959e-22 0.
1526974783 1 10108.8076172 0. 6.09766250385e-22 0.
1526974843 1 10089.7978516 0. 6.09464760877e-22 0.
1526974903 1 10074.0234375 0. 6.09359032168e-22 0.
1526974964 1 10055.2861328 0. 6.09096304247e-22 0.
1526975017 1 10039.7734375 0. 6.0891156917e-22 0.
1526975071 1 10025.0644531 0. 6.08762228261e-22 0.
1526975131 1 10005.5039062 0. 6.08390586642e-22 0.
1526975191 1 9987.79492188 0. 6.08135195746e-22 0.
1526975251 1 9966.54589844 0. 6.07676188314e-22 0.
1526975312 1 9951.40917969 0. 6.07588811113e-22 0.
1526975347 1 9940.24121094 0. 6.07384692728e-22 0.
1526975382 1 9930.08691406 0. 6.07293596537e-22 0.
1526975442 1 9923.25195312 0. 6.07677349388e-22 0.
1526975502 1 9896.10742188 0. 6.06816833477e-22 0.
1526975563 1 9888.12304688 0. 6.07154262148e-22 0.
1526975623 1 9879.02246094 0. 6.07444510508e-22 0.
1526975683 1 9861.49511719 0. 6.07170405497e-22 0.
1526975743 1 9845.82519531 0. 6.0701683035e-22 0.
1526975803 1 9832.38769531 0. 6.07019338468e-22 0.
1526975863 1 9845.44824219 0. 6.0865748941e-22 0.
1526975923 1 9825.23242188 0. 6.08211764741e-22 0.
1526975983 1 9808.61132812 0. 6.08022488519e-22 0.
1526976043 1 9784.45800781 0. 6.07345622066e-22 0.
1526976103 1 9779.10253906 0. 6.07869111258e-22 0.
1526976163 1 9768.85839844 0. 6.08062076324e-22 0.
1526976223 1 9750.39746094 0. 6.07747140278e-22 0.
1526976284 1 9734.51855469 0. 6.07558909992e-22 0.
1526976344 1 9722.30664062 0. 6.07612565295e-22 0.
1526976404 1 9701.2265625 0. 6.07142868203e-22 0.
1526976464 1 9687.09863281 0. 6.07062085823e-22 0.
1526976524 1 9665.82519531 0. 6.06520928974e-22 0.
1526976584 1 9645.47851562 0. 6.06069282565e-22 0.
1526976620 1 9635.30664062 0. 6.05883196426e-22 0.
1526976656 1 9637.52636719 0. 6.06562772283e-22 0.
1526976716 1 9619.06542969 0. 6.06236375955e-22 0.
1526976777 1 9598.55566406 0. 6.05773533043e-22 0.
1526976837 1 9597.296875 0. 6.06503396863e-22 0.
1526976897 1 9579.14453125 0. 6.06218493786e-22 0.
1526976957 1 9556.36035156 0. 6.05588506177e-22 0.
1526977017 1 9542.34472656 0. 6.05514202895e-22 0.
1526977077 1 9517.47558594 0. 6.04739359352e-22 0.
1526977137 1 9505.62597656 0. 6.04803305934e-22 0.
1526977197 1 9487.95117188 0. 6.04463519727e-22 0.
1526977257 1 9477.96386719 0. 6.0466314811e-22 0.
1526977309 1 9462.30761719 0. 6.04383243139e-22 0.
1526977360 1 9456.37207031 0. 6.04703399775e-22 0.
1526977421 1 9437.98730469 0. 6.04342761769e-22 0.
1526977481 1 9428.02636719 0. 6.04536545806e-22 0.
1526977541 1 9409.69628906 0. 6.04207619452e-22 0.
1526977601 1 9399.04492188 0. 6.04386485095e-22 0.
1526977661 1 9394.00878906 0. 6.0487413692e-22 0.
1526977721 1 9377.50585938 0. 6.04633913069e-22 0.
1526977781 1 9363.07324219 0. 6.04547207886e-22 0.
1526977842 1 9344.40234375 0. 6.04175976365e-22 0.
1526977902 1 9330.48828125 0. 6.0408397264e-22 0.
1526977962 1 9316.56933594 0. 6.04020990496e-22 0.
1526978022 1 9305.32421875 0. 6.04124401993e-22 0.
1526978082 1 9289.62011719 0. 6.03932097796e-22 0.
1526978142 1 9270.29199219 0. 6.0348777179e-22 0.
1526978202 1 9260.78710938 0. 6.03711011715e-22 0.
1526978263 1 9252.24707031 0. 6.03962990606e-22 0.
1526978323 1 9228.02050781 0. 6.03223381318e-22 0.
1526978383 1 9213.95507812 0. 6.0308066635e-22 0.
1526978443 1 9202.66503906 0. 6.03171156166e-22 0.
1526978503 1 9198.56347656 0. 6.03699772159e-22 0.
1526978563 1 9171.63867188 0. 6.02775326918e-22 0.
1526978624 1 9164.19335938 0. 6.03114887368e-22 0.
1526978684 1 9152.41113281 0. 6.03140864504e-22 0.
1526978744 1 9127.49902344 0. 6.02330989247e-22 0.
1526978804 1 9111.29492188 0. 6.02097217804e-22 0.
1526978864 1 9110.61328125 0. 6.02865505626e-22 0.
1526978924 1 9091.38671875 0. 6.02384045743e-22 0.
1526978984 1 9066.16894531 0. 6.01530296836e-22 0.
1526979044 1 9027.13769531 0. 5.99724327679e-22 0.
1526979104 1 9033.39453125 0. 6.00936311885e-22 0.
1526979165 1 9019.33691406 0. 6.00787847188e-22 0.
1526979225 1 9010.38769531 0. 6.01006059606e-22 0.
1526979285 1 8994.05859375 0. 6.00729104194e-22 0.
1526979345 1 8982.17480469 0. 6.00748230467e-22 0.
1526979405 1 8962.29882812 0. 6.0023038947e-22 0.
1526979445 1 8968.84667969 0. 6.01166147423e-22 0.
1526979486 1 8939.98242188 0. 5.99779523033e-22 0.
1526979546 1 8929.04882812 0. 5.99829755063e-22 0.
1526979606 1 8923.25585938 0. 6.00215591264e-22 0.
1526979667 1 8912.80761719 0. 6.00279162775e-22 0.
1526979727 1 8895.359375 0. 5.99947231476e-22 0.
1526979787 1 8873.28417969 0. 5.99244142655e-22 0.
1526979847 1 8858.9296875 0. 5.99055908225e-22 0.
1526979907 1 8852.61816406 0. 5.99398542816e-22 0.
1526979967 1 8824.90917969 0. 5.98347533844e-22 0.
1526980027 1 8820.578125 0. 5.98850472472e-22 0.
1526980087 1 8806.51660156 0. 5.98685347985e-22 0.
1526980148 1 8789.43261719 0. 5.98321637416e-22 0.
1526980208 1 8784.20410156 0. 5.98751708901e-22 0.
1526980268 1 8759.98242188 0. 5.97896359663e-22 0.
1526980328 1 8741.49511719 0. 5.97453769108e-22 0.
1526980388 1 8743.93457031 0. 5.98379141548e-22 0.
1526980448 1 8723.25878906 0. 5.97726668849e-22 0.
1526980508 1 8707.79589844 0. 5.97491201213e-22 0.
1526980569 1 8695.27734375 0. 5.97399682835e-22 0.
1526980629 1 8695.80761719 0. 5.98241012215e-22 0.
1526980689 1 8670.80078125 0. 5.97304768634e-22 0.
1526980749 1 8655.81445312 0. 5.97054045887e-22 0.
1526980809 1 8654.01660156 0. 5.97684327499e-22 0.
1526980869 1 8644.72167969 0. 5.97799500418e-22 0.
1526980929 1 8624.71289062 0. 5.97233939038e-22 0.
1526980989 1 8606.50292969 0. 5.96752910502e-22 0.
1526981050 1 8604.04882812 0. 5.97333643335e-22 0.
1526981110 1 8588.26660156 0. 5.97070566838e-22 0.
1526981170 1 8577.73730469 0. 5.97148350068e-22 0.
1526981230 1 8559.46972656 0. 5.96654870519e-22 0.
1526981290 1 8558.3203125 0. 5.97376277967e-22 0.
1526981350 1 8550.52734375 0. 5.97592848054e-22 0.
1526981411 1 8532.05761719 0. 5.97094570194e-22 0.
1526981471 1 8512.69824219 0. 5.96507097889e-22 0.
1526981514 1 8502.53710938 0. 5.9636296203e-22 0.
1526981557 1 8505.140625 0. 5.97132932194e-22 0.
1526981617 1 8486.51660156 0. 5.9660810223e-22 0.
1526981678 1 8474.55664062 0. 5.96552561844e-22 0.
1526981738 1 8452.82617188 0. 5.95769292978e-22 0.
1526981798 1 8435.86132812 0. 5.95336405672e-22 0.
1526981858 1 8426.50585938 0. 5.95468286793e-22 0.
1526981918 1 8417.67382812 0. 5.95611698098e-22 0.
1526981953 1 8415.18554688 0. 5.95855112978e-22 0.
1526981989 1 8396.75585938 0. 5.9503519276e-22 0.
1526982049 1 8376.41894531 0. 5.94336532407e-22 0.
1526982109 1 8368.93847656 0. 5.94582780703e-22 0.
1526982169 1 8358.28222656 0. 5.94618766443e-22 0.
1526982229 1 8349.50195312 0. 5.94774550258e-22 0.
1526982289 1 8333.1640625 0. 5.94369458397e-22 0.
1526982349 1 8332.23339844 0. 5.9507873228e-22 0.
1526982409 1 8312.87695312 0. 5.94483151214e-22 0.
1526982470 1 8309.79785156 0. 5.95053925595e-22 0.
1526982530 1 8298.24414062 0. 5.95009302071e-22 0.
1526982590 1 8285.75097656 0. 5.94897542343e-22 0.
1526982650 1 8270.27441406 0. 5.94548014661e-22 0.
1526982710 1 8265.83300781 0. 5.94981000597e-22 0.
1526982770 1 8248.34375 0. 5.94518090193e-22 0.
1526982830 1 8230.83203125 0. 5.94004411553e-22 0.
1526982890 1 8218.47753906 0. 5.93873262676e-22 0.
1526982951 1 8203.31835938 0. 5.93540310856e-22 0.
1526983011 1 8189.97949219 0. 5.93338535286e-22 0.
1526983048 1 8182.78369141 0. 5.9324502267e-22 0.
1526983085 1 8175.55029297 0. 5.93236066599e-22 0.
1526983145 1 8163.20751953 0. 5.9310931528e-22 0.
1526983205 1 8153.35449219 0. 5.93137729481e-22 0.
1526983265 1 8140.44091797 0. 5.9295857414e-22 0.
1526983325 1 8130.2109375 0. 5.92937143163e-22 0.
1526983385 1 8117.40869141 0. 5.92774179199e-22 0.
1526983445 1 8098.94091797 0. 5.92167352164e-22 0.
1526983506 1 8086.83007812 0. 5.92006631033e-22 0.
1526983558 1 8081.43457031 0. 5.92300190212e-22 0.
1526983611 1 8073.20654297 0. 5.92390431038e-22 0.
1526983671 1 8059.39697266 0. 5.92141913624e-22 0.
1526983732 1 8058.81103516 0. 5.92830855462e-22 0.
1526983792 1 8046.84179688 0. 5.92705629412e-22 0.
1526983852 1 8037.75683594 0. 5.92789053548e-22 0.
1526983912 1 8023.18212891 0. 5.92498293583e-22 0.
1526983972 1 8010.67089844 0. 5.9233987747e-22 0.
1526984032 1 7992.63769531 0. 5.91750277479e-22 0.
1526984067 1 7987.19287109 0. 5.91750405724e-22 0.
1526984103 1 7983.66552734 0. 5.91961126947e-22 0.
1526984163 1 7972.72607422 0. 5.91894953988e-22 0.
1526984223 1 7964.88671875 0. 5.92066390601e-22 0.
1526984283 1 7953.16162109 0. 5.91929197722e-22 0.
1526984343 1 7938.609375 0. 5.91626948251e-22 0.
1526984404 1 7914.14599609 0. 5.90578889656e-22 0.
1526984464 1 7914.79882812 0. 5.91359101664e-22 0.
1526984524 1 7902.95898438 0. 5.91232033714e-22 0.
1526984584 1 7888.48632812 0. 5.90904331472e-22 0.
1526984644 1 7873.62353516 0. 5.9055597277e-22 0.
1526984704 1 7865.02978516 0. 5.90669858908e-22 0.
1526984764 1 7857.55615234 0. 5.90848427169e-22 0.
1526984824 1 7841.60449219 0. 5.90406485731e-22 0.
1526984885 1 7829.65234375 0. 5.90279630712e-22 0.
1526984945 1 7812.77001953 0. 5.89774668697e-22 0.
1526985005 1 7815.47558594 0. 5.90713979431e-22 0.
1526985065 1 7797.70898438 0. 5.90127261407e-22 0.
1526985125 1 7780.56787109 0. 5.89562195571e-22 0.
1526985185 1 7764.93603516 0. 5.89143799412e-22 0.
1526985245 1 7758.22265625 0. 5.89346990003e-22 0.
1526985305 1 7749.95019531 0. 5.8944080657e-22 0.
1526985366 1 7745.08154297 0. 5.89837213211e-22 0.
1526985426 1 7730.55273438 0. 5.89483408137e-22 0.
1526985486 1 7722.05859375 0. 5.89586138112e-22 0.
1526985546 1 7710.29833984 0. 5.89403109725e-22 0.
1526985606 1 7702.79101562 0. 5.8956681112e-22 0.
1526985666 1 7690.02539062 0. 5.89307433501e-22 0.
1526985726 1 7677.53857422 0. 5.89058517503e-22 0.
1526985786 1 7670.18310547 0. 5.89229850125e-22 0.
1526985846 1 7817.71923828 0. 6.01324441132e-22 0.
1526985907 1 8255.93164062 0. 6.36129210424e-22 0.
1526985967 1 8259.07519531 0. 6.37377346804e-22 0.
1526986027 1 8246.19238281 0. 6.37368348028e-22 0.
1526986087 1 8013.95019531 0. 6.20360771017e-22 0.
1526986147 1 7903.97167969 0. 6.12757685341e-22 0.
1526986207 1 8243.69628906 0. 6.4003210798e-22 0.
1526986251 1 8235.40527344 0. 6.40074173116e-22 0.
1526986296 1 8225.96386719 0. 6.40052880678e-22 0.
1526986351 1 8213.80761719 0. 6.40004904304e-22 0.
1526986406 1 8202.34375 0. 6.39976144948e-22 0.
1526986467 1 8183.99365234 0. 6.39519321296e-22 0.
1526986527 1 8173.0859375 0. 6.39639797464e-22 0.
1526986587 1 8162.74804688 0. 6.3986259242e-22 0.
1526986647 1 8147.97802734 0. 6.39707299983e-22 0.
1526986707 1 8131.45507812 0. 6.39364097533e-22 0.
1526986767 1 8112.93798828 0. 6.38842047998e-22 0.
1526986828 1 8102.87792969 0. 6.3904358741e-22 0.
1526986888 1 8091.75390625 0. 6.39088559764e-22 0.
1526986948 1 8071.86474609 0. 6.38491425783e-22 0.
1526987008 1 8056.41259766 0. 6.38173043092e-22 0.
1526987068 1 8046.68945312 0. 6.38324329839e-22 0.
1526987128 1 8031.84228516 0. 6.38092123542e-22 0.
1526987188 1 8015.89599609 0. 6.37823109804e-22 0.
1526987248 1 8003.19970703 0. 6.37768802657e-22 0.
1526987309 1 7992.875 0. 6.37892278965e-22 0.
1526987368 1 7980.35498047 0. 6.37750834031e-22 0.
1526987427 1 7966.56982422 0. 6.37534773737e-22 0.
1526987487 1 7951.82714844 0. 6.37266403429e-22 0.
1526987547 1 7943.10400391 0. 6.37472981863e-22 0.
1526987607 1 7930.55761719 0. 6.3738649309e-22 0.
1526987667 1 7918.87402344 0. 6.37340631036e-22 0.
1526987727 1 7909.15917969 0. 6.37483286482e-22 0.
1526987788 1 7897.07568359 0. 6.37396661606e-22 0.
1526987848 1 7882.14453125 0. 6.37098989165e-22 0.
1526987908 1 7864.9765625 0. 6.36625134114e-22 0.
1526987968 1 7850.35742188 0. 6.36390887911e-22 0.
1526988028 1 7841.28564453 0. 6.36514188586e-22 0.
1526988088 1 7828.77294922 0. 6.36417931514e-22 0.
1526988148 1 7817.84326172 0. 6.36443813621e-22 0.
1526988208 1 7805.38671875 0. 6.36331983221e-22 0.
1526988269 1 7793.76806641 0. 6.36290541738e-22 0.
1526988329 1 7782.28222656 0. 6.36266492426e-22 0.
1526988389 1 7770.25976562 0. 6.36165122302e-22 0.
1526988449 1 7757.72314453 0. 6.36048185116e-22 0.
1526988509 1 7743.12402344 0. 6.35780877136e-22 0.
1526988569 1 7735.24169922 0. 6.36034316106e-22 0.
1526988630 1 7715.75634766 0. 6.35359415902e-22 0.
1526988690 1 7707.48193359 0. 6.35585277799e-22 0.
1526988750 1 7693.77050781 0. 6.35357852974e-22 0.
1526988810 1 7685.72314453 0. 6.3558267229e-22 0.
1526988870 1 7670.89746094 0. 6.3525194722e-22 0.
1526988931 1 7658.29541016 0. 6.35086626028e-22 0.
1526988991 1 7647.07568359 0. 6.35063265751e-22 0.
1526989051 1 7634.99755859 0. 6.34962376507e-22 0.
1526989111 1 7622.00683594 0. 6.34813889368e-22 0.
1526989171 1 7613.40478516 0. 6.35004805669e-22 0.
1526989232 1 7599.35351562 0. 6.34721641735e-22 0.
1526989292 1 7586.43701172 0. 6.34583127378e-22 0.
1526989352 1 7574.57226562 0. 6.34443611906e-22 0.
1526989412 1 7561.84716797 0. 6.34232565633e-22 0.
1526989472 1 7554.12597656 0. 6.34532582616e-22 0.
1526989532 1 7541.17138672 0. 6.34348558141e-22 0.
1526989592 1 7525.63769531 0. 6.33975970679e-22 0.
1526989652 1 7514.98583984 0. 6.3394530186e-22 0.
1526989713 1 7817.43457031 0. 6.60538796301e-22 0.
1526989773 1 7907.02246094 0. 6.69444096639e-22 0.
1526989833 1 7894.10400391 0. 6.69652191032e-22 0.
1526989893 1 7858.09521484 0. 6.67895456678e-22 0.
1526989953 1 7592.8671875 0. 6.46425536439e-22 0.
1526990013 1 7631.67822266 0. 6.51120616886e-22 0.
1526990073 1 7835.90185547 0. 6.69715121537e-22 0.
1526990133 1 7820.37304688 0. 6.69727685675e-22 0.
1526990193 1 7807.25048828 0. 6.69944733947e-22 0.
1526990254 1 7795.14501953 0. 6.70149062261e-22 0.
1526990314 1 7775.0078125 0. 6.69818828504e-22 0.
1526990374 1 7758.10791016 0. 6.69607691166e-22 0.
1526990434 1 7744.015625 0. 6.69651137173e-22 0.
1526990494 1 7729.10205078 0. 6.69545314022e-22 0.
1526990554 1 7713.20410156 0. 6.69406212385e-22 0.
1526990614 1 7704.90429688 0. 6.6993732245e-22 0.
1526990674 1 7693.18359375 0. 6.70130223327e-22 0.
1526990735 1 7678.52294922 0. 6.7010596712e-22 0.
1526990795 1 7665.41455078 0. 6.70087453268e-22 0.
1526990855 1 7651.10693359 0. 6.69978595044e-22 0.
1526990915 1 7636.27441406 0. 6.69847120904e-22 0.
1526990975 1 7622.89892578 0. 6.6980863275e-22 0.
1526991035 1 7612.37060547 0. 6.7000566422e-22 0.
1526991095 1 7597.79345703 0. 6.69868726376e-22 0.
1526991155 1 7582.52685547 0. 6.69708463672e-22 0.
1526991200 1 7570.47167969 0. 6.69502261971e-22 0.
1526991245 1 7559.96533203 0. 6.69417285073e-22 0.
1526991306 1 7547.29638672 0. 6.69418664169e-22 0.
1526991357 1 7532.06591797 0. 6.69057839207e-22 0.
1526991409 1 7521.63818359 0. 6.69104073546e-22 0.
1526991469 1 7507.33544922 0. 6.68972437883e-22 0.
1526991529 1 7495.37402344 0. 6.69081841854e-22 0.
1526991577 1 7488.74511719 0. 6.69379011667e-22 0.
1526991624 1 7475.26708984 0. 6.69107137384e-22 0.
1526991685 1 7464.18212891 0. 6.69274738895e-22 0.
1526991745 1 7449.75537109 0. 6.69137341414e-22 0.
1526991805 1 7434.88867188 0. 6.68966809424e-22 0.
1526991865 1 7418.16210938 0. 6.68599247039e-22 0.
1526991925 1 7407.96533203 0. 6.68835238246e-22 0.
1526991985 1 7386.95361328 0. 6.68133341866e-22 0.
1526992046 1 7373.92333984 0. 6.6813396845e-22 0.
1526992106 1 7364.72753906 0. 6.68443997054e-22 0.
1526992166 1 7348.87060547 0. 6.68197857581e-22 0.
1526992226 1 7338.38085938 0. 6.68369245935e-22 0.
1526992286 1 7323.03417969 0. 6.68122342773e-22 0.
1526992346 1 7308.95898438 0. 6.67964179154e-22 0.
1526992406 1 7296.6015625 0. 6.67989235133e-22 0.
1526992466 1 7284.12060547 0. 6.68009906587e-22 0.
1526992526 1 7270.16748047 0. 6.67837326019e-22 0.
1526992587 1 7249.45703125 0. 6.67053236808e-22 0.
1526992647 1 7242.09912109 0. 6.67523195965e-22 0.
1526992707 1 7226.58789062 0. 6.67198647777e-22 0.
1526992767 1 7215.34375 0. 6.67227695577e-22 0.
1526992827 1 7203.05078125 0. 6.67213822366e-22 0.
1526992887 1 7194.09326172 0. 6.67541735378e-22 0.
1526992947 1 7181.21191406 0. 6.67492396361e-22 0.
1526993007 1 7170.16113281 0. 6.67592121081e-22 0.
1526993068 1 7156.57666016 0. 6.67421052707e-22 0.
1526993128 1 7144.89013672 0. 6.67437234951e-22 0.
1526993188 1 7135.96777344 0. 6.67708708839e-22 0.
1526993248 1 7124.76953125 0. 6.67709851843e-22 0.
1526993308 1 7109.0078125 0. 6.67334587569e-22 0.
1526993368 1 7093.18847656 0. 6.66980514204e-22 0.
1526993428 1 7080.92382812 0. 6.66913674177e-22 0.
1526993488 1 7064.58496094 0. 6.66474200189e-22 0.
1526993549 1 7051.56982422 0. 6.66323262144e-22 0.
1526993609 1 7039.85595703 0. 6.66291049215e-22 0.
1526993669 1 7027.14550781 0. 6.66185325118e-22 0.
1526993716 1 7019.88769531 0. 6.66297910781e-22 0.
1526993763 1 7009.07226562 0. 6.66116043769e-22 0.
1526993816 1 6994.95751953 0. 6.6573787971e-22 0.
1526993868 1 6988.47412109 0. 6.66067301231e-22 0.
1526993928 1 6975.03125 0. 6.65857246262e-22 0.
1526993989 1 6959.97802734 0. 6.65469914838e-22 0.
1526994049 1 6943.91503906 0. 6.65074001588e-22 0.
1526994109 1 6928.57861328 0. 6.64670262547e-22 0.
1526994169 1 6915.64306641 0. 6.64466163392e-22 0.
1526994229 1 6902.87695312 0. 6.64294930921e-22 0.
1526994289 1 6890.92041016 0. 6.64218735525e-22 0.
1526994349 1 6886.39453125 0. 6.64848140038e-22 0.
1526994409 1 6873.40380859 0. 6.64646656507e-22 0.
1526994470 1 6861.04541016 0. 6.64488686452e-22 0.
1526994530 1 6846.65722656 0. 6.64164107606e-22 0.
1526994590 1 6843.65478516 0. 6.64898017552e-22 0.
1526994650 1 6827.50488281 0. 6.64414906215e-22 0.
1526994710 1 6820.21289062 0. 6.64754303127e-22 0.
1526994770 1 6808.96777344 0. 6.64682325217e-22 0.
1526994830 1 6793.93554688 0. 6.64256734967e-22 0.
1526994890 1 6784.70849609 0. 6.6436984086e-22 0.
1526994950 1 6769.14892578 0. 6.63865135919e-22 0.
1526995011 1 6768.65039062 0. 6.64744805455e-22 0.
1526995071 1 6752.51269531 0. 6.64168186464e-22 0.
1526995131 1 6748.28759766 0. 6.64660731357e-22 0.
1526995191 1 6742.96435547 0. 6.65003187318e-22 0.
1526995251 1 6735.06201172 0. 6.65165237736e-22 0.
1526995311 1 6714.08837891 0. 6.63997356316e-22 0.
1526995371 1 6697.05078125 0. 6.63386431211e-22 0.
1526995431 1 6683.59082031 0. 6.63092321882e-22 0.
1526995492 1 6669.45361328 0. 6.62728832434e-22 0.
1526995552 1 6656.43408203 0. 6.62447842578e-22 0.
1526995612 1 6640.01855469 0. 6.61875377759e-22 0.
1526995672 1 6609.62255859 0. 6.59879716631e-22 0.
1526995732 1 6608.47851562 0. 6.60784086256e-22 0.
1526995792 1 6603.27685547 0. 6.6124767529e-22 0.
1526995852 1 6597.23095703 0. 6.61673664747e-22 0.
1526995913 1 6585.21191406 0. 6.61472441612e-22 0.
1526995973 1 6570.11132812 0. 6.60984515155e-22 0.
1526996033 1 6569.36376953 0. 6.61923372627e-22 0.
1526996093 1 6559.86181641 0. 6.61994057263e-22 0.
1526996153 1 6546.80712891 0. 6.61667924846e-22 0.
1526996213 1 6534.80078125 0. 6.61461814358e-22 0.
1526996273 1 6516.28808594 0. 6.60632690457e-22 0.
1526996333 1 6516.52441406 0. 6.61632773208e-22 0.
1526996393 1 6506.48535156 0. 6.61607769944e-22 0.
1526996454 1 6495.62109375 0. 6.61490574094e-22 0.
1526996514 1 6486.53027344 0. 6.61569792302e-22 0.
1526996570 1 6476.87011719 0. 6.61507854392e-22 0.
1526996626 1 6467.63818359 0. 6.61510113606e-22 0.
1526996687 1 6453.34228516 0. 6.6103830727e-22 0.
1526996747 1 6446.703125 0. 6.61338273401e-22 0.
1526996807 1 6434.01757812 0. 6.6107144263e-22 0.
1526996867 1 6415.40722656 0. 6.60151239472e-22 0.
1526996928 1 6411.86669922 0. 6.6075402873e-22 0.
1526996988 1 6399.94726562 0. 6.60508072768e-22 0.
1526997048 1 6389.35205078 0. 6.60396162403e-22 0.
1526997108 1 6382.29052734 0. 6.60640522921e-22 0.
1526997168 1 6373.89013672 0. 6.60765906514e-22 0.
1526997228 1 6365.46630859 0. 6.60891170288e-22 0.
1526997288 1 6355.15478516 0. 6.60791818538e-22 0.
1526997348 1 6343.81787109 0. 6.60611284158e-22 0.
1526997408 1 6334.7109375 0. 6.6063011245e-22 0.
1526997469 1 6320.52441406 0. 6.60161292084e-22 0.
1526997529 1 6319.91308594 0. 6.61033428465e-22 0.
1526997589 1 6308.45019531 0. 6.60822240233e-22 0.
1526997649 1 6296.55566406 0. 6.60557135271e-22 0.
1526997709 1 6283.20800781 0. 6.60126473699e-22 0.
1526997769 1 6272.95166016 0. 6.60000749516e-22 0.
1526997804 1 6268.91210938 0. 6.60080746103e-22 0.
1526997840 1 6261.71679688 0. 6.59965068727e-22 0.
1526997900 1 6251.25244141 0. 6.59800088797e-22 0.
1526997960 1 6239.18505859 0. 6.59474409641e-22 0.
1526998020 1 6232.77050781 0. 6.59785612163e-22 0.
1526998080 1 6221.98730469 0. 6.59591362657e-22 0.
1526998141 1 6210.80078125 0. 6.59373797355e-22 0.
