1527344734 1 18763.0839844 0. 6.33207192787e-22 0.
1527344794 1 18706.4199219 0. 6.32354590654e-22 0.
1527344830 1 18671.7421875 0. 6.31771902302e-22 0.
1527344843 1 18669.8613281 0. 6.31967048788e-22 0.
1527344857 1 18668.3183594 0. 6.32174009346e-22 0.
1527344885 1 18688.3535156 0. 6.33248228871e-22 0.
1527344923 1 18592.6210938 0. 6.30463447535e-22 0.
1527344968 1 18489.3085938 0. 6.2775844206e-22 0.
1527345028 1 18395.6875 0. 6.25331315294e-22 0.
1527345064 1 18377.1347656 0. 6.25090830723e-22 0.
1527345082 1 18322.6933594 0. 6.23480424199e-22 0.
1527345125 1 18365.625 0. 6.25587538575e-22 0.
1527345185 1 18332.1074219 0. 6.25338894298e-22 0.
1527345246 1 18367.3183594 0. 6.2757521136e-22 0.
1527345281 1 18336.7871094 0. 6.27127548094e-22 0.
1527345317 1 18307.7558594 0. 6.26816596968e-22 0.
1527345363 1 18265.8027344 0. 6.26211542262e-22 0.
1527345409 1 18199.1328125 0. 6.24796069844e-22 0.
1527345463 1 18109.3925781 0. 6.22647823678e-22 0.
1527345516 1 18101.8984375 0. 6.23285703874e-22 0.
1527345577 1 18073.8144531 0. 6.23320501888e-22 0.
1527345620 1 18063.4023438 0. 6.23671715005e-22 0.
1527345663 1 18043.5683594 0. 6.23686689423e-22 0.
1527345723 1 18014.0742188 0. 6.23604932448e-22 0.
1527345784 1 17957.0839844 0. 6.22530771632e-22 0.
1527345844 1 17876.6015625 0. 6.20663843224e-22 0.
1527345893 1 17822.2734375 0. 6.19509183085e-22 0.
1527345918 1 6136.85009766 0. 2.14466100655e-22 0.
1527345928 1 1816.37646484 0. 6.32090143852e-23 0.
1527345936 1 2951.29370117 0. 1.02753166571e-22 0.
1527345944 1 4815.55126953 0. 1.67545915702e-22 0.
1527345952 1 6624.00927734 0. 2.30640284367e-22 0.
1527345960 1 9823.8828125 0. 3.41822074354e-22 0.
1527345968 1 11617.5332031 0. 4.04486864214e-22 0.
1527345975 1 15178.1708984 0. 5.28337018792e-22 0.
1527345983 1 16300.4755859 0. 5.67583190424e-22 0.
1527345991 1 17722.1464844 0. 6.171376488e-22 0.
1527345999 1 16775.6425781 0. 5.84293417952e-22 0.
1527346007 1 15622.6289062 0. 5.44180271975e-22 0.
1527346015 1 12596.6025391 0. 4.39056672173e-22 0.
1527346023 1 10454.8544922 0. 3.64297361759e-22 0.
1527346031 1 7475.28515625 0. 2.60698189335e-22 0.
1527346039 1 5380.68310547 0. 1.87559883153e-22 0.
1527346047 1 3585.32446289 0. 1.2508860761e-22 0.
1527346055 1 2146.75708008 0. 7.48830300605e-23 0.
1527346070 1 6016.25048828 0. 2.10998169858e-22 0.
1527346086 1 1525.78759766 0. 5.34991769684e-23 0.
1527346093 1 2596.46850586 0. 9.09577790573e-23 0.
1527346101 1 4280.30517578 0. 1.49750549939e-22 0.
1527346108 1 6063.06689453 0. 2.12157889487e-22 0.
1527346116 1 9669.75195312 0. 3.37818784154e-22 0.
1527346124 1 11830.9335938 0. 4.13563339023e-22 0.
1527346132 1 15864.4648438 0. 5.53998270267e-22 0.
1527346139 1 16811.8613281 0. 5.87199041761e-22 0.
1527346147 1 17807.1445312 0. 6.21907789175e-22 0.
1527346154 1 15414.1767578 0. 5.38546506588e-22 0.
1527346162 1 13465.7138672 0. 4.70403062815e-22 0.
1527346170 1 9502.48144531 0. 3.32462734983e-22 0.
1527346177 1 7049.58642578 0. 2.46530510261e-22 0.
1527346185 1 4595.16992188 0. 1.6098309284e-22 0.
1527346193 1 2758.72827148 0. 9.66782831573e-23 0.
1527346200 1 1767.56774902 0. 6.20288712772e-23 0.
1527346208 1 861.635864258 0. 3.02937578142e-23 0.
1527346217 1 4020.85742188 0. 1.41530680547e-22 0.
1527346226 1 17743.6464844 0. 6.20616765448e-22 0.
1527346249 1 17788.9472656 0. 6.22543954109e-22 0.
1527346298 1 17804.5605469 0. 6.23755736317e-22 0.
1527346358 1 17771.546875 0. 6.23453029306e-22 0.
1527346418 1 17759.8007812 0. 6.2388528648e-22 0.
1527346478 1 17748.1582031 0. 6.24312333965e-22 0.
1527346538 1 17569.9121094 0. 6.18895325274e-22 0.
1527346586 1 17457.6132812 0. 6.15576080523e-22 0.
1527346633 1 17467.2753906 0. 6.1658467434e-22 0.
1527346693 1 17406.5234375 0. 6.15246020272e-22 0.
1527346753 1 17544.6347656 0. 6.20958335054e-22 0.
1527346813 1 17487.8476562 0. 6.19792805222e-22 0.
1527346873 1 17439.7265625 0. 6.18933577363e-22 0.
1527346933 1 17375.7050781 0. 6.17465258104e-22 0.
1527346972 1 17348.2050781 0. 6.16969586795e-22 0.
1527347011 1 17324.1347656 0. 6.16682430858e-22 0.
1527347071 1 17299.5097656 0. 6.16655053255e-22 0.
1527347131 1 17289.0878906 0. 6.17154403341e-22 0.
1527347179 1 17266.0351562 0. 6.16978591748e-22 0.
1527347213 1 17242.1816406 0. 6.16575174207e-22 0.
1527347257 1 17211.984375 0. 6.16110473894e-22 0.
1527347315 1 16945.5839844 0. 6.07383933757e-22 0.
1527347375 1 16257.9414062 0. 5.83587542198e-22 0.
1527347435 1 16522.8925781 0. 5.93873316759e-22 0.
1527347495 1 17438.5175781 0. 6.27593594901e-22 0.
1527347555 1 17399.1191406 0. 6.27040155397e-22 0.
1527347616 1 17368.8945312 0. 6.26803065734e-22 0.
1527347676 1 17387.0664062 0. 6.28373112898e-22 0.
1527347736 1 17384.8476562 0. 6.29158439369e-22 0.
1527347796 1 17345.5625 0. 6.28598036453e-22 0.
1527347856 1 17309.9511719 0. 6.28187876452e-22 0.
1527347916 1 17267.2128906 0. 6.27497222251e-22 0.
1527347977 1 17240.5527344 0. 6.27410038862e-22 0.
1527348037 1 17211.0 0. 6.27217839375e-22 0.
1527348097 1 17176.9179688 0. 6.2682377515e-22 0.
1527348157 1 17131.7382812 0. 6.26071376535e-22 0.
1527348203 1 17104.9082031 0. 6.2575457204e-22 0.
1527348250 1 17060.0058594 0. 6.24786769911e-22 0.
1527348310 1 17033.4414062 0. 6.24666065027e-22 0.
1527348371 1 17014.7695312 0. 6.24832930072e-22 0.
1527348431 1 16991.3632812 0. 6.24840375707e-22 0.
1527348491 1 16961.8613281 0. 6.24595496249e-22 0.
1527348551 1 16930.6777344 0. 6.2427873094e-22 0.
1527348611 1 16897.4394531 0. 6.23884902021e-22 0.
1527348671 1 16866.6914062 0. 6.23650218022e-22 0.
1527348731 1 16889.5 0. 6.25357196797e-22 0.
1527348791 1 16863.4648438 0. 6.25230942898e-22 0.
1527348852 1 16834.6152344 0. 6.25043404034e-22 0.
1527348912 1 16795.1601562 0. 6.24448761344e-22 0.
1527348972 1 16755.796875 0. 6.23809520855e-22 0.
1527349024 1 16673.296875 0. 6.21460855703e-22 0.
1527349075 1 16667.0273438 0. 6.21981067376e-22 0.
1527349136 1 16646.734375 0. 6.22070162456e-22 0.
1527349196 1 16604.7851562 0. 6.21319958259e-22 0.
1527349256 1 16567.546875 0. 6.20790405226e-22 0.
1527349316 1 16544.15625 0. 6.20773740237e-22 0.
1527349376 1 16508.9355469 0. 6.20284047384e-22 0.
1527349436 1 16476.1796875 0. 6.19901534509e-22 0.
1527349496 1 16448.4863281 0. 6.19693925903e-22 0.
1527349557 1 16419.0585938 0. 6.19433032064e-22 0.
1527349617 1 16388.6542969 0. 6.19119496296e-22 0.
1527349677 1 16429.3652344 0. 6.21510962798e-22 0.
1527349737 1 16384.7871094 0. 6.20683530223e-22 0.
1527349797 1 16348.1669922 0. 6.20150689247e-22 0.
1527349857 1 16324.0908203 0. 6.20050215852e-22 0.
1527349905 1 16305.4345703 0. 6.1999892606e-22 0.
1527349953 1 16282.4169922 0. 6.19812861328e-22 0.
1527350013 1 16245.9433594 0. 6.19267685742e-22 0.
1527350073 1 16209.3789062 0. 6.18679644819e-22 0.
1527350133 1 16154.5087891 0. 6.17424992328e-22 0.
1527350193 1 16141.6386719 0. 6.17761155712e-22 0.
1527350254 1 16128.4208984 0. 6.18085594592e-22 0.
1527350314 1 16104.4257812 0. 6.18010747904e-22 0.
1527350374 1 16070.6767578 0. 6.17590659442e-22 0.
1527350434 1 16046.0917969 0. 6.17472103862e-22 0.
1527350494 1 16015.7939453 0. 6.17094897223e-22 0.
1527350554 1 15997.8867188 0. 6.17233141977e-22 0.
1527350614 1 15971.1357422 0. 6.17005646452e-22 0.
1527350674 1 15930.0400391 0. 6.16227816285e-22 0.
1527350734 1 15924.4472656 0. 6.16858798615e-22 0.
1527350795 1 15934.1728516 0. 6.18071409419e-22 0.
1527350855 1 15891.1933594 0. 6.17249664926e-22 0.
1527350915 1 15865.6240234 0. 6.1711155306e-22 0.
1527350975 1 15847.6611328 0. 6.17213917141e-22 0.
1527351035 1 15815.6015625 0. 6.16810247092e-22 0.
1527351071 1 15792.6914062 0. 6.16389201562e-22 0.
1527351107 1 15767.3867188 0. 6.15918760443e-22 0.
1527351167 1 15728.0048828 0. 6.1522130202e-22 0.
1527351228 1 15708.1835938 0. 6.15259038909e-22 0.
1527351288 1 15675.2958984 0. 6.14793550755e-22 0.
1527351348 1 15662.6015625 0. 6.15074427486e-22 0.
1527351408 1 15632.1816406 0. 6.14701351549e-22 0.
1527351468 1 15594.1796875 0. 6.14017592964e-22 0.
1527351528 1 15547.0058594 0. 6.12967854e-22 0.
1527351588 1 15521.0761719 0. 6.12755795486e-22 0.
1527351648 1 15491.1298828 0. 6.12397861102e-22 0.
1527351708 1 15491.4023438 0. 6.1319874178e-22 0.
1527351769 1 15524.9541016 0. 6.15341385903e-22 0.
1527351829 1 15495.3554688 0. 6.14997143472e-22 0.
1527351889 1 15469.0703125 0. 6.14814386248e-22 0.
1527351949 1 15442.5439453 0. 6.14571379591e-22 0.
1527352009 1 15050.4794922 0. 5.99781339958e-22 0.
1527352069 1 14547.1621094 0. 5.80514416467e-22 0.
1527352129 1 15476.2275391 0. 6.18335081596e-22 0.
1527352189 1 15456.8105469 0. 6.18384175953e-22 0.
1527352250 1 15431.1796875 0. 6.18168268226e-22 0.
1527352310 1 15409.3837891 0. 6.18124498783e-22 0.
1527352370 1 15382.3681641 0. 6.17805970023e-22 0.
1527352430 1 15362.5253906 0. 6.17874922908e-22 0.
1527352490 1 15333.2236328 0. 6.17499272217e-22 0.
1527352550 1 15303.6572266 0. 6.17144006261e-22 0.
1527352587 1 15297.1054688 0. 6.17382296952e-22 0.
1527352625 1 15280.3466797 0. 6.17258361809e-22 0.
1527352685 1 15251.0117188 0. 6.16897659224e-22 0.
1527352746 1 15225.0732422 0. 6.1666329911e-22 0.
1527352806 1 15199.5654297 0. 6.16446196826e-22 0.
1527352866 1 15213.3701172 0. 6.17824699786e-22 0.
1527352926 1 15215.5263672 0. 6.18741646825e-22 0.
1527352986 1 15194.8173828 0. 6.18728622104e-22 0.
1527353046 1 15164.2451172 0. 6.18303966936e-22 0.
1527353107 1 15135.4746094 0. 6.17985030732e-22 0.
1527353167 1 15111.3984375 0. 6.17853327129e-22 0.
1527353227 1 15086.7285156 0. 6.17671858158e-22 0.
1527353287 1 15062.5605469 0. 6.17463992522e-22 0.
1527353338 1 15035.8261719 0. 6.17054910211e-22 0.
1527353388 1 15011.8310547 0. 6.16784406997e-22 0.
1527353448 1 14995.6748047 0. 6.16904042818e-22 0.
1527353509 1 14969.3886719 0. 6.16634456969e-22 0.
1527353559 1 14949.9130859 0. 6.16503622953e-22 0.
1527353609 1 14926.4667969 0. 6.16229449019e-22 0.
1527353670 1 14899.5820312 0. 6.15931264103e-22 0.
1527353705 1 14890.1503906 0. 6.15961648463e-22 0.
1527353740 1 14870.3730469 0. 6.15687215443e-22 0.
1527353775 1 14852.9951172 0. 6.15411639703e-22 0.
1527353811 1 14839.6035156 0. 6.1536238172e-22 0.
1527353871 1 14815.8056641 0. 6.15173915545e-22 0.
1527353931 1 14828.4570312 0. 6.16529156898e-22 0.
1527353991 1 14825.9794922 0. 6.17250037513e-22 0.
1527354026 1 14811.9121094 0. 6.17091402405e-22 0.
1527354062 1 14800.28125 0. 6.17152779298e-22 0.
1527354122 1 14765.4482422 0. 6.16487418703e-22 0.
1527354182 1 14732.9199219 0. 6.15960733974e-22 0.
1527354242 1 14712.7636719 0. 6.15921128341e-22 0.
1527354302 1 14690.9550781 0. 6.1581489838e-22 0.
1527354362 1 14664.9541016 0. 6.1552387371e-22 0.
1527354422 1 14650.6611328 0. 6.15712506051e-22 0.
1527354483 1 14627.8242188 0. 6.15543326598e-22 0.
1527354543 1 14589.4755859 0. 6.14764489754e-22 0.
1527354603 1 14565.4863281 0. 6.1454112267e-22 0.
1527354663 1 14547.4365234 0. 6.14570299063e-22 0.
1527354723 1 14529.3271484 0. 6.14622131431e-22 0.
1527354783 1 14502.7675781 0. 6.1430374166e-22 0.
1527354843 1 14477.0527344 0. 6.14003147298e-22 0.
1527354904 1 14453.1572266 0. 6.13784833098e-22 0.
1527354964 1 14433.5869141 0. 6.13740238106e-22 0.
1527355024 1 14421.6132812 0. 6.14026550952e-22 0.
1527355084 1 14443.8017578 0. 6.15776463056e-22 0.
1527355144 1 14416.375 0. 6.15388834502e-22 0.
1527355204 1 14391.0 0. 6.15092721907e-22 0.
1527355264 1 14355.2880859 0. 6.14382555022e-22 0.
1527355312 1 14351.1621094 0. 6.14844089644e-22 0.
1527355360 1 14324.203125 0. 6.14336062281e-22 0.
1527355420 1 14305.1787109 0. 6.14327388806e-22 0.
1527355481 1 14283.2568359 0. 6.1420812557e-22 0.
1527355541 1 14263.1982422 0. 6.14173855043e-22 0.
1527355601 1 14238.8603516 0. 6.13899977756e-22 0.
1527355661 1 14217.8046875 0. 6.13790090199e-22 0.
1527355721 1 14189.2226562 0. 6.13325311766e-22 0.
1527355781 1 14159.0908203 0. 6.12806562017e-22 0.
1527355841 1 14149.0820312 0. 6.13185457326e-22 0.
1527355902 1 14113.6162109 0. 6.12420878664e-22 0.
1527355962 1 14099.1113281 0. 6.12579516278e-22 0.
1527356022 1 14068.6943359 0. 6.12046370422e-22 0.
1527356082 1 14040.5605469 0. 6.11616596984e-22 0.
1527356142 1 14016.7744141 0. 6.11344400847e-22 0.
1527356202 1 14023.5751953 0. 6.12446510984e-22 0.
1527356263 1 14023.2607422 0. 6.13228801207e-22 0.
1527356323 1 14007.1396484 0. 6.1334008716e-22 0.
1527356383 1 13991.4248047 0. 6.13449722104e-22 0.
1527356443 1 13979.2871094 0. 6.13692856172e-22 0.
1527356503 1 13953.9726562 0. 6.13378122947e-22 0.
1527356563 1 13924.5449219 0. 6.12877119322e-22 0.
1527356623 1 13901.4980469 0. 6.12640385172e-22 0.
1527356684 1 13874.1552734 0. 6.12256788957e-22 0.
1527356744 1 13848.5849609 0. 6.11915710254e-22 0.
1527356804 1 13827.8125 0. 6.11759523588e-22 0.
1527356848 1 13808.5683594 0. 6.11472846996e-22 0.
1527356892 1 13785.0576172 0. 6.11027363776e-22 0.
1527356952 1 13760.2587891 0. 6.10744210385e-22 0.
1527357012 1 13733.1865234 0. 6.10306833846e-22 0.
1527357072 1 13717.6074219 0. 6.10423821407e-22 0.
1527357132 1 13695.5146484 0. 6.10240103651e-22 0.
1527357192 1 13677.0058594 0. 6.10195706952e-22 0.
1527357253 1 13658.0390625 0. 6.10111336024e-22 0.
1527357313 1 13658.3564453 0. 6.10894934697e-22 0.
1527357373 1 13653.1503906 0. 6.11465884624e-22 0.
1527357433 1 13644.2490234 0. 6.11862050564e-22 0.
1527357493 1 13610.8867188 0. 6.11126539096e-22 0.
1527357553 1 13577.0019531 0. 6.10412894648e-22 0.
1527357613 1 13553.3779297 0. 6.10167441062e-22 0.
1527357673 1 13533.9921875 0. 6.10054451416e-22 0.
1527357734 1 13512.6435547 0. 6.09845467786e-22 0.
1527357794 1 13492.2109375 0. 6.0970075004e-22 0.
1527357854 1 13457.3720703 0. 6.08913489267e-22 0.
1527357914 1 13430.0917969 0. 6.08433748493e-22 0.
1527357956 1 13412.1650391 0. 6.08173010937e-22 0.
1527357999 1 13411.8691406 0. 6.08729918377e-22 0.
1527358059 1 13399.7314453 0. 6.08958156206e-22 0.
1527358119 1 13373.7626953 0. 6.08569290889e-22 0.
1527358179 1 13358.7255859 0. 6.08676717819e-22 0.
1527358240 1 13327.0478516 0. 6.08013262512e-22 0.
1527358300 1 13302.0029297 0. 6.0762431548e-22 0.
1527358360 1 13279.3466797 0. 6.0736241941e-22 0.
1527358420 1 13253.9765625 0. 6.06964219162e-22 0.
1527358480 1 13232.203125 0. 6.06748159499e-22 0.
1527358540 1 13227.3144531 0. 6.07280204113e-22 0.
1527358600 1 13238.8339844 0. 6.08598782906e-22 0.
1527358660 1 13215.5029297 0. 6.08292515897e-22 0.
1527358721 1 13184.0488281 0. 6.07614841052e-22 0.
1527358781 1 13150.7197266 0. 6.06843294779e-22 0.
1527358841 1 13132.9892578 0. 6.06798100211e-22 0.
1527358901 1 13114.8544922 0. 6.06729710205e-22 0.
1527358961 1 12774.4707031 0. 5.9171461257e-22 0.
1527359021 1 12385.8974609 0. 5.74517695722e-22 0.
1527359081 1 13115.3193359 0. 6.09038548001e-22 0.
1527359141 1 13130.6113281 0. 6.10559671975e-22 0.
1527359201 1 13103.0322266 0. 6.1007254192e-22 0.
1527359262 1 13081.6240234 0. 6.09860070502e-22 0.
1527359322 1 13065.6416016 0. 6.09860399678e-22 0.
1527359382 1 13044.3789062 0. 6.09656197998e-22 0.
1527359442 1 13022.2548828 0. 6.09429385062e-22 0.
1527359502 1 13008.6816406 0. 6.09555996335e-22 0.
1527359562 1 12983.1767578 0. 6.09127481034e-22 0.
1527359622 1 12967.1269531 0. 6.09174321966e-22 0.
1527359682 1 12947.1269531 0. 6.09004638638e-22 0.
1527359742 1 12982.4160156 0. 6.11448873361e-22 0.
1527359803 1 12959.5625 0. 6.11179040453e-22 0.
1527359863 1 12932.6591797 0. 6.1066820829e-22 0.
1527359923 1 12908.0283203 0. 6.10255314167e-22 0.
1527359958 1 12895.5107422 0. 6.10076809776e-22 0.
1527359993 1 12882.4707031 0. 6.09975708838e-22 0.
1527360054 1 12872.9238281 0. 6.10309105239e-22 0.
1527360114 1 12852.9804688 0. 6.10159096653e-22 0.
1527360174 1 12835.4355469 0. 6.1005417778e-22 0.
1527360235 1 12820.1289062 0. 6.10125280059e-22 0.
1527360295 1 12795.4101562 0. 6.09710266684e-22 0.
1527360355 1 12787.0761719 0. 6.10073559055e-22 0.
1527360415 1 12755.7558594 0. 6.09372617874e-22 0.
1527360475 1 12740.1259766 0. 6.0937790985e-22 0.
1527360535 1 12716.9628906 0. 6.09081494283e-22 0.
1527360595 1 12696.4589844 0. 6.08837253433e-22 0.
1527360655 1 12680.9677734 0. 6.08868196881e-22 0.
1527360716 1 12652.0722656 0. 6.08269554508e-22 0.
1527360776 1 12645.078125 0. 6.0868389885e-22 0.
1527360836 1 12634.3027344 0. 6.08933023081e-22 0.
1527360896 1 12609.0429688 0. 6.08474214293e-22 0.
1527360957 1 12626.640625 0. 6.10097529634e-22 0.
1527361011 1 12609.90625 0. 6.0998396989e-22 0.
1527361065 1 12589.1513672 0. 6.09660342838e-22 0.
1527361126 1 12572.5244141 0. 6.09642506176e-22 0.
1527361186 1 12560.6914062 0. 6.09859873843e-22 0.
1527361246 1 12543.7675781 0. 6.09818836057e-22 0.
1527361306 1 12525.0283203 0. 6.09649899753e-22 0.
1527361366 1 12502.6191406 0. 6.09381679443e-22 0.
1527361426 1 12480.7773438 0. 6.09088660991e-22 0.
1527361461 1 12485.0097656 0. 6.09707276138e-22 0.
1527361497 1 12466.5224609 0. 6.09274726237e-22 0.
1527361552 1 12445.2148438 0. 6.08918300556e-22 0.
1527361607 1 12423.3212891 0. 6.08572943473e-22 0.
1527361667 1 12403.1337891 0. 6.08355078991e-22 0.
1527361727 1 12378.3203125 0. 6.07896199898e-22 0.
1527361787 1 12358.2744141 0. 6.07651700133e-22 0.
1527361848 1 12336.8779297 0. 6.07332877783e-22 0.
1527361908 1 12333.28125 0. 6.07897377266e-22 0.
1527361968 1 12314.1386719 0. 6.07743398736e-22 0.
1527362028 1 12306.6269531 0. 6.0815636444e-22 0.
1527362088 1 12288.1328125 0. 6.07985485691e-22 0.
1527362148 1 12268.7978516 0. 6.07809104038e-22 0.
1527362208 1 12264.0585938 0. 6.08325526604e-22 0.
1527362269 1 12274.4589844 0. 6.09604024828e-22 0.
1527362329 1 12253.7050781 0. 6.09370534357e-22 0.
1527362389 1 12234.1054688 0. 6.09156799614e-22 0.
1527362449 1 12221.2226562 0. 6.09254873733e-22 0.
1527362509 1 12192.4160156 0. 6.08629815353e-22 0.
1527362569 1 12182.1513672 0. 6.08865525397e-22 0.
1527362629 1 12166.8105469 0. 6.08840356576e-22 0.
1527362689 1 12141.5410156 0. 6.08359712991e-22 0.
1527362749 1 12124.1933594 0. 6.08243880256e-22 0.
1527362810 1 12108.3789062 0. 6.08191608104e-22 0.
1527362870 1 12088.9746094 0. 6.07987949568e-22 0.
1527362930 1 12074.2617188 0. 6.08006416016e-22 0.
1527362990 1 12060.7392578 0. 6.08111761436e-22 0.
1527363050 1 12030.0791016 0. 6.07312010205e-22 0.
1527363110 1 12013.9609375 0. 6.07207614769e-22 0.
1527363170 1 12001.2607422 0. 6.07310659612e-22 0.
1527363230 1 11991.2041016 0. 6.075744028e-22 0.
1527363291 1 11982.9404297 0. 6.07891175298e-22 0.
1527363351 1 11958.015625 0. 6.07383952039e-22 0.
1527363399 1 11933.7734375 0. 6.06712201895e-22 0.
1527363448 1 11931.1240234 0. 6.0719210341e-22 0.
1527363508 1 11935.8046875 0. 6.08219489147e-22 0.
1527363568 1 11922.0224609 0. 6.0829249396e-22 0.
1527363628 1 11906.9472656 0. 6.08281400341e-22 0.
1527363689 1 11890.046875 0. 6.08215161809e-22 0.
1527363749 1 11870.2861328 0. 6.079557655e-22 0.
1527363809 1 11859.6904297 0. 6.08200474972e-22 0.
1527363869 1 11837.0029297 0. 6.0777451669e-22 0.
1527363929 1 11818.1816406 0. 6.07571859184e-22 0.
1527363989 1 11794.5615234 0. 6.07102433651e-22 0.
1527364049 1 11772.0224609 0. 6.06690661255e-22 0.
1527364109 1 11768.5761719 0. 6.07261854941e-22 0.
1527364170 1 11737.546875 0. 6.06420199272e-22 0.
1527364230 1 11726.8261719 0. 6.0661252969e-22 0.
1527364265 1 11718.7675781 0. 6.06624083845e-22 0.
1527364300 1 11706.1474609 0. 6.0641699983e-22 0.
1527364360 1 11696.0019531 0. 6.06644268312e-22 0.
1527364420 1 11677.1835938 0. 6.06398387864e-22 0.
1527364480 1 11646.2128906 0. 6.0551381669e-22 0.
1527364541 1 11622.0185547 0. 6.05007094572e-22 0.
1527364601 1 11601.5703125 0. 6.04682819829e-22 0.
1527364661 1 11582.3828125 0. 6.04424922938e-22 0.
1527364721 1 11582.5927734 0. 6.05204758786e-22 0.
1527364781 1 11579.3642578 0. 6.05783196817e-22 0.
1527364841 1 11594.2421875 0. 6.07316451767e-22 0.
1527364902 1 11572.0517578 0. 6.06940111762e-22 0.
1527364962 1 11557.1435547 0. 6.06892035813e-22 0.
1527365022 1 11547.375 0. 6.07130117289e-22 0.
1527365082 1 11521.5234375 0. 6.06536727286e-22 0.
1527365142 1 11500.6943359 0. 6.06194626996e-22 0.
1527365202 1 11486.9042969 0. 6.06227513463e-22 0.
1527365262 1 11469.6162109 0. 6.06059083688e-22 0.
1527365307 1 11461.5351562 0. 6.06192595784e-22 0.
1527365351 1 11449.3222656 0. 6.06093960991e-22 0.
1527365412 1 11428.6943359 0. 6.05748797913e-22 0.
1527365472 1 11415.3339844 0. 6.05787468575e-22 0.
1527365532 1 11407.5283203 0. 6.06108893523e-22 0.
1527365592 1 11377.3369141 0. 6.05237763228e-22 0.
1527365641 1 11349.6416016 0. 6.04357325489e-22 0.
1527365689 1 11328.3300781 0. 6.03836709649e-22 0.
1527365749 1 11313.8164062 0. 6.03794084549e-22 0.
1527365810 1 11303.8974609 0. 6.04008027668e-22 0.
1527365870 1 11275.7705078 0. 6.03225147778e-22 0.
1527365930 1 11256.4023438 0. 6.02927994125e-22 0.
1527365990 1 11232.9335938 0. 6.02401418402e-22 0.
1527366050 1 11227.0009766 0. 6.02825067816e-22 0.
1527366110 1 11219.9003906 0. 6.03159472134e-22 0.
1527366170 1 11250.6738281 0. 6.05550416958e-22 0.
1527366231 1 11231.5712891 0. 6.05297312439e-22 0.
1527366291 1 11214.8828125 0. 6.05128928476e-22 0.
1527366351 1 11192.1064453 0. 6.04624649961e-22 0.
1527366411 1 11180.9667969 0. 6.04802335085e-22 0.
1527366471 1 11160.7685547 0. 6.04460720342e-22 0.
1527366531 1 11157.3017578 0. 6.05031662547e-22 0.
1527366592 1 11136.7275391 0. 6.04640342387e-22 0.
1527366652 1 11114.7363281 0. 6.04170820575e-22 0.
1527366712 1 11093.4277344 0. 6.03768083065e-22 0.
1527366772 1 11068.4980469 0. 6.03156616008e-22 0.
1527366832 1 11040.8535156 0. 6.02379003851e-22 0.
1527366892 1 11035.5673828 0. 6.02807311765e-22 0.
1527366952 1 11045.1591797 0. 6.04067594329e-22 0.
1527367012 1 11022.3476562 0. 6.03565872718e-22 0.
1527367073 1 11012.8173828 0. 6.03810527185e-22 0.
1527367133 1 11003.7832031 0. 6.04044878682e-22 0.
1527367193 1 10996.2636719 0. 6.04366504984e-22 0.
1527367253 1 10973.3212891 0. 6.03839396535e-22 0.
1527367309 1 10951.8330078 0. 6.03341850515e-22 0.
1527367366 1 10929.2998047 0. 6.02763701902e-22 0.
1527367427 1 10923.0888672 0. 6.03136650407e-22 0.
1527367487 1 10936.8876953 0. 6.0464997239e-22 0.
1527367547 1 10911.7871094 0. 6.03985250976e-22 0.
1527367607 1 10895.7089844 0. 6.03835567326e-22 0.
1527367667 1 10885.1347656 0. 6.04023233916e-22 0.
1527367727 1 10879.7734375 0. 6.04435965952e-22 0.
1527367787 1 10860.7382812 0. 6.04114531593e-22 0.
1527367848 1 10869.3261719 0. 6.05352472696e-22 0.
1527367908 1 10843.859375 0. 6.04660981162e-22 0.
1527367968 1 10822.0458984 0. 6.04187679926e-22 0.
1527368028 1 10802.0380859 0. 6.03814071361e-22 0.
1527368088 1 10787.8583984 0. 6.03734973345e-22 0.
1527368148 1 10775.1298828 0. 6.03779194731e-22 0.
1527368208 1 10760.8955078 0. 6.03699301949e-22 0.
1527368269 1 10739.6679688 0. 6.03270283772e-22 0.
1527368329 1 10680.734375 0. 6.00710868151e-22 0.
1527368389 1 10657.2597656 0. 6.00137701064e-22 0.
1527368449 1 10651.1757812 0. 6.00525636089e-22 0.
1527368510 1 10629.2675781 0. 6.00043844068e-22 0.
1527368570 1 10613.3857422 0. 5.99863955635e-22 0.
1527368630 1 10593.1210938 0. 5.99444500549e-22 0.
1527368690 1 10577.84375 0. 5.99285810582e-22 0.
1527368750 1 10565.8662109 0. 5.993382125e-22 0.
1527368810 1 10546.6220703 0. 5.98974195998e-22 0.
1527368870 1 10564.4775391 0. 6.00698966034e-22 0.
1527368931 1 10554.6835938 0. 6.00853255184e-22 0.
1527368991 1 10533.1503906 0. 6.00354057025e-22 0.
1527369051 1 10513.3876953 0. 5.9996402337e-22 0.
1527369111 1 10490.0693359 0. 5.99384192252e-22 0.
1527369170 1 10452.2216797 0. 5.97931859208e-22 0.
1527369228 1 10422.1230469 0. 5.96906139415e-22 0.
1527369288 1 10439.1748047 0. 5.98584092044e-22 0.
1527369349 1 10427.2441406 0. 5.986097592e-22 0.
1527369409 1 10417.046875 0. 5.98784093363e-22 0.
1527369469 1 10404.3964844 0. 5.98754885291e-22 0.
1527369529 1 10397.3691406 0. 5.99099240362e-22 0.
1527369589 1 10387.8173828 0. 5.99275956096e-22 0.
1527369649 1 10374.9960938 0. 5.99286165366e-22 0.
1527369710 1 10360.6757812 0. 5.99192888319e-22 0.
1527369770 1 10350.2617188 0. 5.99346843002e-22 0.
1527369830 1 10336.7080078 0. 5.99256095154e-22 0.
1527369890 1 10320.8339844 0. 5.99069685007e-22 0.
1527369950 1 10302.5419922 0. 5.98719290767e-22 0.
1527370010 1 10282.7900391 0. 5.9826676468e-22 0.
1527370070 1 10265.0585938 0. 5.97958112239e-22 0.
1527370130 1 10241.8388672 0. 5.97318718882e-22 0.
1527370191 1 10219.5839844 0. 5.96751534187e-22 0.
1527370251 1 10237.2216797 0. 5.98502857822e-22 0.
1527370311 1 10228.7949219 0. 5.98733995434e-22 0.
1527370371 1 10219.2382812 0. 5.98893378642e-22 0.
1527370431 1 10199.2910156 0. 5.98457399237e-22 0.
1527370491 1 10206.6630859 0. 5.99594818669e-22 0.
1527370551 1 10183.8583984 0. 5.98978672487e-22 0.
1527370611 1 10166.3417969 0. 5.98705956816e-22 0.
1527370671 1 10159.0107422 0. 5.98972606091e-22 0.
1527370732 1 10136.0908203 0. 5.98356028786e-22 0.
1527370792 1 10123.0361328 0. 5.98301009157e-22 0.
1527370846 1 10106.7119141 0. 5.97994360648e-22 0.
1527370901 1 10093.6591797 0. 5.9785787302e-22 0.
1527370962 1 10096.7382812 0. 5.98777737797e-22 0.
1527371022 1 10079.9667969 0. 5.98494103436e-22 0.
1527371082 1 10056.1220703 0. 5.97778835047e-22 0.
1527371142 1 10037.7529297 0. 5.97410539458e-22 0.
1527371202 1 10026.8886719 0. 5.97485965401e-22 0.
1527371262 1 10013.8583984 0. 5.97402220689e-22 0.
1527371322 1 9972.70605469 0. 5.95640907329e-22 0.
1527371365 1 9932.94433594 0. 5.93755702408e-22 0.
1527371408 1 9972.5546875 0. 5.96640905851e-22 0.
1527371469 1 9970.9375 0. 5.97216160615e-22 0.
1527371529 1 9954.83007812 0. 5.96971174394e-22 0.
1527371589 1 9939.2265625 0. 5.9672744816e-22 0.
1527371649 1 9941.29003906 0. 5.97543996551e-22 0.
1527371709 1 9932.96484375 0. 5.97751497941e-22 0.
1527371769 1 9904.11523438 0. 5.96712273838e-22 0.
1527371830 1 9886.99707031 0. 5.96412281777e-22 0.
1527371890 1 9880.56933594 0. 5.96729497009e-22 0.
1527371950 1 9881.54101562 0. 5.97510124845e-22 0.
1527372010 1 9877.484375 0. 5.97977010064e-22 0.
1527372070 1 9851.921875 0. 5.97143582357e-22 0.
1527372130 1 9860.203125 0. 5.9834231058e-22 0.
1527372190 1 9841.20898438 0. 5.9789813538e-22 0.
1527372250 1 9825.69335938 0. 5.97682243665e-22 0.
1527372310 1 9811.3203125 0. 5.97527538373e-22 0.
1527372371 1 9795.20605469 0. 5.9723778229e-22 0.
1527372431 1 9785.11816406 0. 5.97329064571e-22 0.
1527372491 1 9780.953125 0. 5.97790790978e-22 0.
1527372551 1 9768.60546875 0. 5.97732801617e-22 0.
1527372611 1 9761.74414062 0. 5.98012864671e-22 0.
1527372671 1 9744.77832031 0. 5.97670999043e-22 0.
1527372732 1 9726.25292969 0. 5.97264565315e-22 0.
1527372792 1 9715.00488281 0. 5.97262970222e-22 0.
1527372852 1 9700.51757812 0. 5.97070740231e-22 0.
1527372912 1 9692.14746094 0. 5.97275662146e-22 0.
1527372972 1 9682.91015625 0. 5.97395376344e-22 0.
1527373032 1 9669.35546875 0. 5.97260189375e-22 0.
1527373092 1 9659.34570312 0. 5.97325019914e-22 0.
1527373152 1 9650.42675781 0. 5.97497279259e-22 0.
1527373213 1 9668.49609375 0. 5.99308854022e-22 0.
1527373273 1 9664.0546875 0. 5.9973324694e-22 0.
1527373333 1 9640.33691406 0. 5.98953200836e-22 0.
1527373393 1 9617.47558594 0. 5.98228358401e-22 0.
1527373453 1 9614.43359375 0. 5.98745191742e-22 0.
1527373501 1 9609.53808594 0. 5.99002458555e-22 0.
1527373549 1 9599.77636719 0. 5.98954222716e-22 0.
1527373609 1 9585.86523438 0. 5.98781994629e-22 0.
1527373669 1 9578.34765625 0. 5.99017057655e-22 0.
1527373729 1 9572.32226562 0. 5.99372312407e-22 0.
1527373789 1 9548.77734375 0. 5.98618627485e-22 0.
1527373849 1 9521.95214844 0. 5.97620735406e-22 0.
1527373909 1 9516.44628906 0. 5.97977671046e-22 0.
1527373969 1 9509.93457031 0. 5.98260689856e-22 0.
1527374030 1 9520.65820312 0. 5.99647072967e-22 0.
1527374090 1 9511.35449219 0. 5.99778117942e-22 0.
1527374150 1 9511.28515625 0. 6.00463920007e-22 0.
1527374210 1 9497.17675781 0. 6.00280967718e-22 0.
1527374270 1 9482.07714844 0. 6.00018688307e-22 0.
1527374330 1 9468.43945312 0. 5.99854745507e-22 0.
1527374377 1 9449.74707031 0. 5.99216803768e-22 0.
1527374424 1 9456.56347656 0. 6.00220783995e-22 0.
1527374484 1 9435.91992188 0. 5.99602607095e-22 0.
1527374544 1 9425.77246094 0. 5.99651899971e-22 0.
1527374604 1 9411.77734375 0. 5.99429072307e-22 0.
1527374665 1 9415.91015625 0. 6.00366764726e-22 0.
1527374725 1 9417.20117188 0. 6.01160778968e-22 0.
1527374785 1 9401.06835938 0. 6.0081389612e-22 0.
1527374845 1 9375.9140625 0. 5.99910952171e-22 0.
1527374905 1 9359.91113281 0. 5.99605706292e-22 0.
1527374965 1 9341.41601562 0. 5.99115401928e-22 0.
1527375025 1 9351.25195312 0. 6.00439742472e-22 0.
1527375085 1 9338.60253906 0. 6.00328094828e-22 0.
1527375146 1 9324.15527344 0. 6.00101554754e-22 0.
1527375206 1 9308.62988281 0. 5.99804463392e-22 0.
1527375266 1 9292.12792969 0. 5.99451374231e-22 0.
1527375326 1 9280.81152344 0. 5.99387950441e-22 0.
1527375386 1 9262.7109375 0. 5.98930637717e-22 0.
1527375446 1 9249.17480469 0. 5.98752013849e-22 0.
1527375506 1 9243.00097656 0. 5.99067611539e-22 0.
1527375567 1 9227.28222656 0. 5.98740866127e-22 0.
1527375627 1 9212.17285156 0. 5.98443981001e-22 0.
1527375687 1 9211.33984375 0. 5.99085771012e-22 0.
1527375747 1 9188.23632812 0. 5.98274906845e-22 0.
1527375807 1 9173.84179688 0. 5.98045185534e-22 0.
1527375867 1 9159.03515625 0. 5.97770518652e-22 0.
1527375927 1 9147.55371094 0. 5.97705884525e-22 0.
1527375988 1 9138.14160156 0. 5.97802768115e-22 0.
1527376048 1 9127.70605469 0. 5.97818093126e-22 0.
1527376108 1 9116.15332031 0. 5.97753942713e-22 0.
1527376168 1 9100.72753906 0. 5.97447013404e-22 0.
1527376228 1 9080.16992188 0. 5.96796088423e-22 0.
1527376288 1 9098.44042969 0. 5.98705361573e-22 0.
1527376348 1 9077.90625 0. 5.9803782313e-22 0.
1527376408 1 9098.45410156 0. 6.00082927732e-22 0.
1527376469 1 9076.03613281 0. 5.9931429811e-22 0.
1527376529 1 9069.29101562 0. 5.99531788431e-22 0.
1527376589 1 9061.65625 0. 5.99726494846e-22 0.
1527376649 1 9051.14746094 0. 5.99733276353e-22 0.
1527376709 1 9046.47558594 0. 6.00137454211e-22 0.
1527376769 1 9036.37792969 0. 6.00150560292e-22 0.
1527376829 1 9028.79882812 0. 6.00325524717e-22 0.
1527376890 1 9023.00585938 0. 6.00619332332e-22 0.
1527376950 1 8980.89941406 0. 5.98533455754e-22 0.
1527376985 1 8952.91113281 0. 5.97046142986e-22 0.
1527377020 1 8944.91015625 0. 5.9696814219e-22 0.
1527377081 1 8939.14160156 0. 5.97267251236e-22 0.
1527377141 1 8913.66308594 0. 5.96268355544e-22 0.
1527377201 1 8905.90039062 0. 5.96452144106e-22 0.
1527377261 1 8872.46582031 0. 5.94885077257e-22 0.
1527377321 1 8865.72558594 0. 5.95074632079e-22 0.
1527377381 1 8846.74511719 0. 5.94506969205e-22 0.
1527377441 1 8831.33984375 0. 5.94153159739e-22 0.
1527377501 1 8846.8515625 0. 5.95886666109e-22 0.
1527377562 1 8843.375 0. 5.96316539022e-22 0.
1527377622 1 8822.95996094 0. 5.9564316119e-22 0.
1527377682 1 8804.41796875 0. 5.95070171348e-22 0.
1527377742 1 8806.78027344 0. 5.95927396159e-22 0.
1527377802 1 8801.27832031 0. 5.96249318637e-22 0.
1527377862 1 8803.546875 0. 5.97082612877e-22 0.
1527377922 1 8812.296875 0. 5.98366256073e-22 0.
1527377982 1 8795.00292969 0. 5.9789732309e-22 0.
1527378043 1 8761.13378906 0. 5.96269538815e-22 0.
1527378103 1 8762.49121094 0. 5.97071287967e-22 0.
1527378163 1 8764.4296875 0. 5.97902594555e-22 0.
1527378223 1 8740.92089844 0. 5.96967992104e-22 0.
1527378283 1 8720.79394531 0. 5.96308563633e-22 0.
1527378344 1 8732.39160156 0. 5.97828612237e-22 0.
1527378404 1 8719.98339844 0. 5.97645377742e-22 0.
1527378464 1 8697.48046875 0. 5.9680808392e-22 0.
1527378524 1 8682.42089844 0. 5.96479663231e-22 0.
1527378584 1 8687.98144531 0. 5.975234134e-22 0.
1527378644 1 8663.24316406 0. 5.96477450142e-22 0.
1527378704 1 8641.3359375 0. 5.95672505586e-22 0.
1527378765 1 8643.56933594 0. 5.96512475717e-22 0.
1527378825 1 8642.46875 0. 5.97084410682e-22 0.
1527378885 1 8604.12109375 0. 5.9512932706e-22 0.
1527378945 1 8613.90039062 0. 5.96466467013e-22 0.
1527379005 1 8610.94042969 0. 5.96956925708e-22 0.
1527379065 1 8593.62011719 0. 5.96452351359e-22 0.
1527379125 1 8581.43066406 0. 5.96273118709e-22 0.
1527379185 1 8568.89160156 0. 5.96100661786e-22 0.
1527379245 1 8562.20996094 0. 5.96333274812e-22 0.
1527379306 1 8567.94921875 0. 5.97401602225e-22 0.
1527379366 1 8537.50292969 0. 5.95976480579e-22 0.
1527379424 1 8518.45703125 0. 5.95308324899e-22 0.
1527379483 1 8556.53613281 0. 5.98610175924e-22 0.
1527379544 1 8542.12988281 0. 5.98294966193e-22 0.
1527379604 1 8512.22851562 0. 5.96902997946e-22 0.
1527379664 1 8496.13574219 0. 5.96466850182e-22 0.
1527379724 1 8503.69628906 0. 5.97683133572e-22 0.
1527379784 1 8478.15429688 0. 5.96566854114e-22 0.
1527379844 1 8479.25390625 0. 5.97338536425e-22 0.
1527379904 1 8477.29589844 0. 5.978600717e-22 0.
1527379965 1 8467.65722656 0. 5.97864991593e-22 0.
1527380025 1 8443.05371094 0. 5.96830647377e-22 0.
1527380085 1 8458.64453125 0. 5.98582118889e-22 0.
1527380145 1 8439.50878906 0. 5.97932503598e-22 0.
1527380205 1 8422.96484375 0. 5.97490620508e-22 0.
1527380265 1 8409.54492188 0. 5.97231626965e-22 0.
1527380326 1 8414.49023438 0. 5.98243928053e-22 0.
1527380386 1 8379.73535156 0. 5.96468863709e-22 0.
1527380446 1 8381.92382812 0. 5.97350786527e-22 0.
1527380506 1 8368.73535156 0. 5.97069274283e-22 0.
1527380566 1 8363.3828125 0. 5.97334324397e-22 0.
1527380626 1 8368.09472656 0. 5.98319448623e-22 0.
1527380686 1 8343.3203125 0. 5.97243484097e-22 0.
1527380747 1 8324.0 0. 5.96546135016e-22 0.
1527380807 1 8330.41601562 0. 5.97682372959e-22 0.
1527380867 1 8294.86816406 0. 5.95804841422e-22 0.
1527380927 1 8279.7421875 0. 5.95387846974e-22 0.
1527380987 1 8286.12304688 0. 5.96492201843e-22 0.
1527381047 1 8266.51953125 0. 5.95783943972e-22 0.
1527381107 1 8269.48925781 0. 5.96679079248e-22 0.
1527381168 1 8266.30566406 0. 5.97153987511e-22 0.
1527381228 1 8269.14550781 0. 5.98043333421e-22 0.
1527381288 1 8257.46875 0. 5.97876543345e-22 0.
1527381348 1 8239.13769531 0. 5.97216893342e-22 0.
1527381408 1 8205.03125 0. 5.9544286836e-22 0.
1527381468 1 8218.15527344 0. 5.97052520192e-22 0.
1527381528 1 8223.44335938 0. 5.98117667685e-22 0.
1527381588 1 8207.48339844 0. 5.97638011655e-22 0.
1527381649 1 8190.85498047 0. 5.97095960303e-22 0.
1527381709 1 8175.04199219 0. 5.96614962793e-22 0.
1527381769 1 8180.03808594 0. 5.97672013216e-22 0.
1527381829 1 8198.06933594 0. 5.9966499508e-22 0.
1527381889 1 8698.45996094 0. 6.37182781129e-22 0.
1527381949 1 8759.56445312 0. 6.42573579212e-22 0.
1527382009 1 8535.02050781 0. 6.26920186246e-22 0.
1527382070 1 8156.50830078 0. 5.99932735609e-22 0.
1527382130 1 8666.25097656 0. 6.38311649708e-22 0.
1527382190 1 8900.49707031 0. 6.56405070245e-22 0.
1527382250 1 8889.73046875 0. 6.56587931873e-22 0.
1527382310 1 8874.9921875 0. 6.56366153439e-22 0.
1527382370 1 8861.12792969 0. 6.56214923465e-22 0.
1527382427 1 8851.6328125 0. 6.56378783518e-22 0.
1527382484 1 8843.76171875 0. 6.56721914531e-22 0.
1527382545 1 8822.55273438 0. 6.56036876442e-22 0.
1527382605 1 8809.46191406 0. 6.55903677511e-22 0.
1527382665 1 8795.5390625 0. 6.55706428738e-22 0.
1527382725 1 8794.80175781 0. 6.56522712687e-22 0.
1527382785 1 8782.13867188 0. 6.56436277237e-22 0.
1527382845 1 8767.21777344 0. 6.56167014975e-22 0.
1527382905 1 8750.61035156 0. 6.55755918819e-22 0.
1527382965 1 8745.25585938 0. 6.56217119208e-22 0.
1527383026 1 8725.73730469 0. 6.55604594978e-22 0.
1527383086 1 8709.58105469 0. 6.5527152694e-22 0.
1527383146 1 8706.20605469 0. 6.55828259919e-22 0.
1527383206 1 8686.72265625 0. 6.55211154055e-22 0.
1527383266 1 8676.77050781 0. 6.55299279695e-22 0.
1527383326 1 8665.99023438 0. 6.55323739393e-22 0.
1527383386 1 8653.98632812 0. 6.55273194946e-22 0.
1527383446 1 8639.6015625 0. 6.55009677567e-22 0.
1527383507 1 8623.49121094 0. 6.54660943389e-22 0.
1527383567 1 8616.67773438 0. 6.54966640362e-22 0.
1527383627 1 8601.1171875 0. 6.54622834413e-22 0.
1527383687 1 8586.26855469 0. 6.5434739168e-22 0.
1527383747 1 8574.99316406 0. 6.54290905595e-22 0.
1527383807 1 8565.08984375 0. 6.5435978675e-22 0.
1527383867 1 8552.25195312 0. 6.54205162969e-22 0.
1527383927 1 8540.0625 0. 6.54155659334e-22 0.
1527383987 1 8520.87792969 0. 6.53527751142e-22 0.
1527384025 1 8517.67480469 0. 6.53811491371e-22 0.
1527384063 1 8509.73144531 0. 6.53753397937e-22 0.
1527384123 1 8501.55761719 0. 6.53956981428e-22 0.
1527384184 1 8487.86914062 0. 6.53760124112e-22 0.
1527384244 1 8479.90234375 0. 6.53974867243e-22 0.
1527384304 1 8472.46289062 0. 6.54231242888e-22 0.
1527384364 1 8449.64550781 0. 6.53321678912e-22 0.
1527384424 1 8439.23535156 0. 6.5335792509e-22 0.
1527384484 1 8428.84179688 0. 6.53433729308e-22 0.
1527384545 1 8411.58105469 0. 6.52923844022e-22 0.
1527384605 1 8403.80371094 0. 6.53183078713e-22 0.
1527384665 1 8394.21191406 0. 6.53296925803e-22 0.
1527384725 1 8385.27734375 0. 6.53411515901e-22 0.
1527384785 1 8376.52148438 0. 6.53565809506e-22 0.
1527384845 1 8358.07519531 0. 6.52938014477e-22 0.
1527384905 1 8346.08007812 0. 6.52836620471e-22 0.
1527384965 1 8334.02734375 0. 6.52719576515e-22 0.
1527385026 1 8324.578125 0. 6.52803775509e-22 0.
1527385086 1 8312.05078125 0. 6.52675190622e-22 0.
1527385146 1 8294.74902344 0. 6.52141895087e-22 0.
1527385206 1 8277.38476562 0. 6.51622832936e-22 0.
1527385266 1 8267.12890625 0. 6.5160748165e-22 0.
1527385326 1 8254.68945312 0. 6.51457660149e-22 0.
1527385386 1 8246.61914062 0. 6.51631871178e-22 0.
1527385447 1 8234.12597656 0. 6.51511767314e-22 0.
1527385507 1 8223.359375 0. 6.5145258831e-22 0.
1527385567 1 8207.078125 0. 6.51036414316e-22 0.
1527385627 1 8208.84277344 0. 6.51998977312e-22 0.
1527385659 1 8197.8125 0. 6.51565475782e-22 0.
1527385666 1 3592.86279297 0. 2.86965677296e-22 0.
1527385675 1 598.842651367 0. 4.77673101492e-23 0.
1527385683 1 1100.95861816 0. 8.7712038523e-23 0.
1527385691 1 1788.15429688 0. 1.4229929925e-22 0.
1527385699 1 2684.3671875 0. 2.13677595855e-22 0.
1527385707 1 4091.98901367 0. 3.25477546014e-22 0.
1527385715 1 5195.96435547 0. 4.1353326568e-22 0.
1527385722 1 6846.85595703 0. 5.44722491218e-22 0.
1527385730 1 7474.39941406 0. 5.94817950718e-22 0.
1527385738 1 8193.43554688 0. 6.52136647456e-22 0.
1527385746 1 7699.73095703 0. 6.12999929565e-22 0.
1527385753 1 6998.38476562 0. 5.57213864023e-22 0.
1527385761 1 5590.90234375 0. 4.45431561754e-22 0.
1527385769 1 4334.31347656 0. 3.45249886566e-22 0.
1527385777 1 3080.30688477 0. 2.45602895507e-22 0.
1527385785 1 2002.70556641 0. 1.59681450027e-22 0.
1527385793 1 1324.38024902 0. 1.05720962558e-22 0.
1527385801 1 724.396179199 0. 5.78979249472e-23 0.
1527385816 1 3782.80151367 0. 3.02883235255e-22 0.
1527385832 1 887.773132324 0. 7.08519627749e-23 0.
1527385840 1 1474.58837891 0. 1.17611474125e-22 0.
1527385847 1 2289.79394531 0. 1.8246504996e-22 0.
1527385855 1 3234.28637695 0. 2.5791423463e-22 0.
1527385862 1 4585.86816406 0. 3.65511809816e-22 0.
1527385870 1 5570.80615234 0. 4.44326759695e-22 0.
1527385877 1 7026.65234375 0. 5.60456660025e-22 0.
1527385885 1 7578.17578125 0. 6.0468672669e-22 0.
1527385892 1 8180.05126953 0. 6.52938984223e-22 0.
1527385900 1 7781.03955078 0. 6.21228279526e-22 0.
1527385908 1 7256.14501953 0. 5.79462856384e-22 0.
1527385915 1 6018.7890625 0. 4.8095641241e-22 0.
1527385923 1 4875.40234375 0. 3.89553888936e-22 0.
1527385930 1 3597.07470703 0. 2.87682627644e-22 0.
1527385938 1 2486.31103516 0. 1.98841459482e-22 0.
1527385946 1 1718.28210449 0. 1.37579706507e-22 0.
1527385953 1 981.463989258 0. 7.86762899523e-23 0.
1527385962 1 3384.68676758 0. 2.71783564151e-22 0.
1527385997 1 8168.46191406 0. 6.53307937245e-22 0.
1527386057 1 8161.04931641 0. 6.53438817663e-22 0.
1527386117 1 8161.71386719 0. 6.54201499533e-22 0.
1527386177 1 8150.86914062 0. 6.53963610973e-22 0.
1527386237 1 8149.78857422 0. 6.54628415746e-22 0.
1527386297 1 8127.19775391 0. 6.53558817647e-22 0.
1527386357 1 8117.14941406 0. 6.5359875877e-22 0.
1527386418 1 8106.47705078 0. 6.53564250062e-22 0.
1527386478 1 8095.95703125 0. 6.53547484575e-22 0.
1527386538 1 8075.14160156 0. 6.52659070035e-22 0.
1527386598 1 8036.82177734 0. 6.50364166355e-22 0.
1527386658 1 8023.77636719 0. 6.50086736171e-22 0.
1527386718 1 8009.56787109 0. 6.49717140675e-22 0.
1527386764 1 7463.30078125 0. 6.06719677322e-22 0.
1527386810 1 0.188568532467 0. 1.39996991104e-22 0.
