1527540047 1 18128.7597656 0. 6.33232186818e-22 0.
1527540090 1 18068.453125 0. 6.31773910706e-22 0.
1527540114 1 18039.8164062 0. 6.31181841632e-22 0.
1527540130 1 18039.2871094 0. 6.31433052912e-22 0.
1527540152 1 18033.2226562 0. 6.31593044041e-22 0.
1527540197 1 17974.3984375 0. 6.30268826491e-22 0.
1527540257 1 17881.46875 0. 6.27942921771e-22 0.
1527540317 1 17775.2304688 0. 6.25103100873e-22 0.
1527540377 1 17714.5664062 0. 6.23699440017e-22 0.
1527540437 1 17581.5078125 0. 6.19832446649e-22 0.
1527540498 1 17558.3222656 0. 6.1973344188e-22 0.
1527540558 1 17522.3183594 0. 6.19152170136e-22 0.
1527540618 1 17624.8339844 0. 6.23633256395e-22 0.
1527540653 1 963.568847656 0. 2.07542433869e-22 0.
1527540668 1 0.271846413612 0. 0.0 0.
1527540693 1 0.224410623312 0. 0.0 0.
1527540739 1 0.196065098047 0. 0.0 0.
1527540800 1 0.176183015108 0. 0.0 0.
1527540860 1 0.162707328796 0. 0.0 0.
