1528280638 1 18212.2636719 0. 6.5987603194e-22 0.
1528280693 1 18155.9726562 0. 6.5889591152e-22 0.
1528280738 1 18104.8886719 0. 6.57980617386e-22 0.
1528280764 1 18079.5566406 0. 6.5755226006e-22 0.
1528280775 1 18069.3339844 0. 6.57446653964e-22 0.
1528280786 1 18050.8007812 0. 6.56986277765e-22 0.
1528280796 1 18051.2148438 0. 6.57231668013e-22 0.
1528280816 1 18024.1972656 0. 6.56673200171e-22 0.
1528280837 1 18003.0898438 0. 6.56266113381e-22 0.
1528280861 1 17989.7089844 0. 6.56295740968e-22 0.
1528280894 1 17949.1855469 0. 6.55501576787e-22 0.
1528280939 1 17907.9511719 0. 6.5488911994e-22 0.
1528281000 1 17806.5019531 0. 6.52296495179e-22 0.
1528281060 1 17694.640625 0. 6.49306225305e-22 0.
1528281115 1 17625.2050781 0. 6.47783651946e-22 0.
1528281170 1 17589.0917969 0. 6.47459581246e-22 0.
1528281205 1 17559.6308594 0. 6.46976957729e-22 0.
1528281226 1 17536.7050781 0. 6.46553512814e-22 0.
1528281271 1 17499.4785156 0. 6.45969436098e-22 0.
1528281332 1 17426.3535156 0. 6.44296933157e-22 0.
1528281392 1 17373.5117188 0. 6.43357571821e-22 0.
1528281427 1 17336.0332031 0. 6.42553858889e-22 0.
1528281462 1 16890.1367188 0. 6.26651002928e-22 0.
1528281522 1 15924.0341797 0. 5.91956067108e-22 0.
1528281568 1 17613.3886719 0. 6.55246360213e-22 0.
1528281589 1 5212.98291016 0. 1.95231334374e-22 0.
1528281599 1 1624.46594238 0. 6.06014963737e-23 0.
1528281608 1 3006.85522461 0. 1.1217594805e-22 0.
1528281617 1 4613.00195312 0. 1.71937487377e-22 0.
1528281626 1 6976.83789062 0. 2.60234127403e-22 0.
1528281634 1 9799.35449219 0. 3.65103705598e-22 0.
1528281642 1 12104.3359375 0. 4.51313460112e-22 0.
1528281651 1 15202.3261719 0. 5.66560018301e-22 0.
1528281659 1 16398.0644531 0. 6.11280673582e-22 0.
1528281667 1 17549.2050781 0. 6.54238291127e-22 0.
1528281676 1 16335.2236328 0. 6.09179346098e-22 0.
1528281684 1 15324.3876953 0. 5.71550801725e-22 0.
1528281693 1 11924.2353516 0. 4.4511032458e-22 0.
1528281701 1 10073.0 0. 3.75874103283e-22 0.
1528281709 1 6756.18066406 0. 2.52423910016e-22 0.
1528281718 1 5077.95214844 0. 1.89643662414e-22 0.
1528281726 1 3121.98925781 0. 1.16742687149e-22 0.
1528281735 1 1957.40454102 0. 7.31936753053e-23 0.
1528281751 1 5337.49072266 0. 2.00786092193e-22 0.
1528281767 1 1078.20495605 0. 4.06199652927e-23 0.
1528281775 1 2103.59667969 0. 7.90727022699e-23 0.
1528281783 1 3313.18823242 0. 1.24358791778e-22 0.
1528281791 1 5370.4609375 0. 2.01476067281e-22 0.
1528281800 1 8112.72363281 0. 3.03792678836e-22 0.
1528281808 1 10651.0019531 0. 3.99045840022e-22 0.
1528281816 1 14487.7402344 0. 5.41967739222e-22 0.
1528281824 1 16066.75 0. 6.01163118763e-22 0.
1528281833 1 17454.6171875 0. 6.52992694187e-22 0.
1528281841 1 15262.0009766 0. 5.71319024812e-22 0.
1528281849 1 13885.3261719 0. 5.19838370938e-22 0.
1528281857 1 9454.64257812 0. 3.54694958032e-22 0.
1528281865 1 7452.84082031 0. 2.79540323718e-22 0.
1528281873 1 4586.54541016 0. 1.72448669761e-22 0.
1528281881 1 3072.63476562 0. 1.1559799449e-22 0.
1528281889 1 1776.43554688 0. 6.69804316652e-23 0.
1528281898 1 994.953491211 0. 3.75988989909e-23 0.
1528281906 1 4164.39453125 0. 1.5734508945e-22 0.
1528281941 1 17403.7851562 0. 6.52808054073e-22 0.
1528282001 1 17366.6757812 0. 6.5236325848e-22 0.
1528282061 1 17317.5839844 0. 6.51529924206e-22 0.
1528282106 1 17278.0859375 0. 6.50785727913e-22 0.
1528282152 1 17470.3769531 0. 6.58809739469e-22 0.
1528282212 1 17499.6660156 0. 6.61053517035e-22 0.
1528282272 1 17509.2050781 0. 6.62463024407e-22 0.
1528282332 1 17434.5390625 0. 6.60669614443e-22 0.
1528282393 1 17398.4960938 0. 6.60351179785e-22 0.
1528282453 1 17348.0136719 0. 6.59450356568e-22 0.
1528282513 1 17299.0429688 0. 6.58623476612e-22 0.
1528282573 1 17240.5878906 0. 6.57441994835e-22 0.
1528282633 1 17183.1289062 0. 6.56287985679e-22 0.
1528282693 1 17136.3828125 0. 6.55501729137e-22 0.
1528282753 1 17072.2929688 0. 6.54054868934e-22 0.
1528282813 1 17038.5742188 0. 6.53762022623e-22 0.
1528282874 1 16992.3261719 0. 6.52979517761e-22 0.
1528282934 1 16969.8457031 0. 6.53111785335e-22 0.
1528282975 1 16962.8710938 0. 6.53502556287e-22 0.
1528283017 1 16930.6835938 0. 6.52965925608e-22 0.
1528283078 1 16881.1621094 0. 6.52028295474e-22 0.
1528283138 1 16837.6699219 0. 6.51344816992e-22 0.
1528283198 1 16827.8046875 0. 6.51979031476e-22 0.
1528283258 1 16755.8183594 0. 6.50129106836e-22 0.
1528283318 1 16534.7246094 0. 6.42571502175e-22 0.
1528283378 1 16363.9628906 0. 6.36938190576e-22 0.
1528283438 1 15540.4541016 0. 6.05953938588e-22 0.
1528283498 1 16996.7558594 0. 6.63437570492e-22 0.
1528283559 1 16988.3085938 0. 6.63916411996e-22 0.
1528283619 1 16955.546875 0. 6.63536717619e-22 0.
1528283679 1 16937.0 0. 6.63645942717e-22 0.
1528283739 1 16910.9394531 0. 6.63341841197e-22 0.
1528283799 1 16885.6542969 0. 6.63214807452e-22 0.
1528283860 1 16831.4199219 0. 6.61892449847e-22 0.
1528283920 1 16796.9941406 0. 6.6153199059e-22 0.
1528283980 1 16748.1777344 0. 6.60628692381e-22 0.
1528284040 1 16707.171875 0. 6.59984384407e-22 0.
1528284100 1 16686.1855469 0. 6.60092731954e-22 0.
1528284160 1 16711.5371094 0. 6.62121076308e-22 0.
1528284220 1 16669.3613281 0. 6.61445213494e-22 0.
1528284281 1 16585.453125 0. 6.59104698457e-22 0.
1528284341 1 16602.3007812 0. 6.60711468704e-22 0.
1528284401 1 16552.3710938 0. 6.59705449614e-22 0.
1528284461 1 16523.6992188 0. 6.59494576334e-22 0.
1528284521 1 16497.546875 0. 6.59439587882e-22 0.
1528284578 1 16448.0507812 0. 6.58359169771e-22 0.
1528284634 1 16398.8671875 0. 6.5726357729e-22 0.
1528284694 1 16383.1347656 0. 6.57609034217e-22 0.
1528284755 1 16357.640625 0. 6.57550775603e-22 0.
1528284815 1 16336.0869141 0. 6.5762028586e-22 0.
1528284875 1 16314.6806641 0. 6.57741799964e-22 0.
1528284935 1 16291.6591797 0. 6.57745440769e-22 0.
1528284995 1 16242.0107422 0. 6.56676035255e-22 0.
1528285055 1 16220.2568359 0. 6.56734703898e-22 0.
1528285115 1 16229.1171875 0. 6.58040702839e-22 0.
1528285175 1 16190.0585938 0. 6.57414995295e-22 0.
1528285236 1 16168.3349609 0. 6.57445452849e-22 0.
1528285296 1 16140.7988281 0. 6.57265156333e-22 0.
1528285356 1 16105.2207031 0. 6.56779207834e-22 0.
1528285416 1 16062.859375 0. 6.55988714042e-22 0.
1528285476 1 16041.4130859 0. 6.56081374378e-22 0.
1528285536 1 15990.1708984 0. 6.54874176568e-22 0.
1528285584 1 15968.3837891 0. 6.54719424855e-22 0.
1528285632 1 15933.7763672 0. 6.54052745392e-22 0.
1528285692 1 15898.1113281 0. 6.53499722272e-22 0.
1528285752 1 15871.4960938 0. 6.53298521493e-22 0.
1528285812 1 15849.7246094 0. 6.53345612402e-22 0.
1528285872 1 15800.5302734 0. 6.5221852821e-22 0.
1528285933 1 15775.0214844 0. 6.52108492401e-22 0.
1528285993 1 15750.2871094 0. 6.52008052305e-22 0.
1528286053 1 15719.9775391 0. 6.51690871963e-22 0.
1528286113 1 15717.5263672 0. 6.52497020194e-22 0.
1528286173 1 15716.4628906 0. 6.53359601468e-22 0.
1528286233 1 15683.3720703 0. 6.52917841905e-22 0.
1528286293 1 15641.3759766 0. 6.52096449848e-22 0.
1528286354 1 15606.6992188 0. 6.51598930116e-22 0.
1528286414 1 15583.0449219 0. 6.51529196468e-22 0.
1528286474 1 15504.3154297 0. 6.49136154639e-22 0.
1528286534 1 15018.2275391 0. 6.29702371265e-22 0.
1528286594 1 14718.9052734 0. 6.18088909655e-22 0.
1528286640 1 15561.3857422 0. 6.5400601596e-22 0.
1528286685 1 15559.1083984 0. 6.54610517452e-22 0.
1528286746 1 15526.9140625 0. 6.54182030074e-22 0.
1528286806 1 15498.1025391 0. 6.53855594454e-22 0.
1528286866 1 15463.8876953 0. 6.53352457587e-22 0.
1528286926 1 15437.3574219 0. 6.53147051308e-22 0.
1528286986 1 15412.7783203 0. 6.530059551e-22 0.
1528287039 1 15387.0556641 0. 6.52726740506e-22 0.
1528287083 1 15370.2568359 0. 6.52699953514e-22 0.
1528287135 1 15341.7832031 0. 6.52306048931e-22 0.
1528287196 1 15309.4794922 0. 6.51872534618e-22 0.
1528287256 1 15281.6904297 0. 6.51634737064e-22 0.
1528287316 1 15247.2685547 0. 6.51067050789e-22 0.
1528287374 1 15231.8789062 0. 6.51294485963e-22 0.
1528287433 1 15204.3369141 0. 6.5095023311e-22 0.
1528287493 1 15204.3369141 0. 6.51839087138e-22 0.
1528289192 1 15204.3369141 0. 6.77204528061e-22 0.
1528290892 1 0.0 0. 0.0 0.
1528290952 1 13629.2919922 0. 6.3130036018e-22 0.
1528291005 1 13613.9609375 0. 6.31323833801e-22 0.
1528291032 1 13605.5996094 0. 6.31274835365e-22 0.
1528291043 1 13599.6005859 0. 6.31166212197e-22 0.
1528291064 1 13596.0195312 0. 6.31327603789e-22 0.
1528291099 1 13590.7607422 0. 6.31581076713e-22 0.
1528291149 1 13572.6640625 0. 6.31401806695e-22 0.
1528291209 1 13546.3564453 0. 6.30991815426e-22 0.
1528291269 1 13509.7333984 0. 6.3013671433e-22 0.
1528291317 1 13479.3369141 0. 6.29374543709e-22 0.
1528291364 1 13472.4003906 0. 6.29724148242e-22 0.
1528291425 1 13446.0097656 0. 6.29320506913e-22 0.
1528291463 1 13431.3720703 0. 6.29121060279e-22 0.
1528291501 1 13425.5800781 0. 6.29356092469e-22 0.
1528291562 1 13403.8691406 0. 6.29179095994e-22 0.
1528291622 1 13379.5107422 0. 6.28856205124e-22 0.
1528291682 1 13360.4775391 0. 6.28795127266e-22 0.
1528291742 1 13344.8056641 0. 6.2886783072e-22 0.
1528291802 1 13324.9521484 0. 6.28727120309e-22 0.
1528291862 1 13318.2705078 0. 6.29239524663e-22 0.
1528291900 1 13312.1064453 0. 6.29391786722e-22 0.
1528291938 1 13292.0976562 0. 6.28976752162e-22 0.
1528291998 1 13262.3388672 0. 6.28370254457e-22 0.
1528292058 1 13237.5644531 0. 6.28007576027e-22 0.
1528292118 1 13205.3789062 0. 6.27293724128e-22 0.
1528292178 1 13181.8701172 0. 6.27002558667e-22 0.
1528292238 1 13158.0283203 0. 6.26673311741e-22 0.
1528292299 1 12944.9902344 0. 6.17319622608e-22 0.
1528292358 1 12846.984375 0. 6.13454275287e-22 0.
1528292417 1 12558.7470703 0. 6.00497215257e-22 0.
1528292478 1 13150.6748047 0. 6.29514471901e-22 0.
1528292538 1 13170.5253906 0. 6.31287150638e-22 0.
1528292598 1 13144.2900391 0. 6.30839949832e-22 0.
1528292658 1 13300.4667969 0. 6.391999074e-22 0.
1528292718 1 13339.8134766 0. 6.41998002244e-22 0.
1528292779 1 13313.9492188 0. 6.41637795036e-22 0.
1528292839 1 13319.3935547 0. 6.4276857977e-22 0.
1528292899 1 13328.6308594 0. 6.44136841423e-22 0.
1528292959 1 13300.4707031 0. 6.43674819577e-22 0.
1528293019 1 13280.4208984 0. 6.435886731e-22 0.
1528293079 1 13258.1220703 0. 6.43398361636e-22 0.
1528293139 1 13234.9648438 0. 6.43116279613e-22 0.
1528293199 1 13210.5908203 0. 6.42825204313e-22 0.
1528293260 1 13199.7275391 0. 6.43129695274e-22 0.
1528293307 1 13177.8935547 0. 6.42742974251e-22 0.
1528293354 1 13164.4423828 0. 6.42799503747e-22 0.
1528293415 1 13144.3349609 0. 6.42686343373e-22 0.
1528293475 1 13126.3935547 0. 6.42685397975e-22 0.
1528293535 1 13101.5166016 0. 6.4235337099e-22 0.
1528293595 1 13083.9238281 0. 6.42346785972e-22 0.
1528293630 1 13072.1005859 0. 6.42274410839e-22 0.
1528293665 1 13055.8916016 0. 6.42007223795e-22 0.
1528293725 1 13040.6640625 0. 6.42114930951e-22 0.
1528293786 1 13012.1083984 0. 6.41580375872e-22 0.
1528293846 1 12992.2285156 0. 6.41433496131e-22 0.
1528293906 1 12970.1074219 0. 6.41196159666e-22 0.
1528293966 1 12949.1503906 0. 6.41017881298e-22 0.
1528294001 1 12936.6855469 0. 6.40896753853e-22 0.
1528294036 1 12956.3632812 0. 6.42418792671e-22 0.
1528294096 1 12946.2089844 0. 6.42769329072e-22 0.
1528294157 1 12913.4960938 0. 6.42018849775e-22 0.
1528294217 1 12906.1308594 0. 6.42512073971e-22 0.
1528294277 1 12881.1914062 0. 6.42146223966e-22 0.
1528294337 1 12857.078125 0. 6.41807771814e-22 0.
1528294397 1 12831.9667969 0. 6.41412426584e-22 0.
1528294457 1 12814.3847656 0. 6.41392390306e-22 0.
1528294517 1 12783.3935547 0. 6.40696891942e-22 0.
1528294578 1 12763.7998047 0. 6.40584038443e-22 0.
1528294613 1 12762.5 0. 6.41006923033e-22 0.
1528294648 1 12741.9511719 0. 6.40515608842e-22 0.
1528294708 1 12722.0800781 0. 6.40361628628e-22 0.
1528294768 1 12699.7382812 0. 6.40081212225e-22 0.
1528294829 1 12677.7929688 0. 6.39817673787e-22 0.
1528294889 1 12648.4863281 0. 6.39200799733e-22 0.
1528294949 1 12634.7089844 0. 6.39381110507e-22 0.
1528295009 1 12614.4951172 0. 6.39207832438e-22 0.
1528295069 1 12593.2011719 0. 6.38958572216e-22 0.
1528295129 1 12578.7089844 0. 6.39057519931e-22 0.
1528295189 1 12549.171875 0. 6.38412865517e-22 0.
1528295249 1 12575.921875 0. 6.40619099233e-22 0.
1528295310 1 12556.0009766 0. 6.40448981294e-22 0.
1528295370 1 12514.3125 0. 6.39175004835e-22 0.
1528295430 1 12504.2451172 0. 6.39522345232e-22 0.
1528295490 1 12480.734375 0. 6.39158861142e-22 0.
1528295550 1 12463.5859375 0. 6.39116094797e-22 0.
1528295610 1 12450.6835938 0. 6.39327481427e-22 0.
1528295670 1 12429.0771484 0. 6.39075358852e-22 0.
1528295730 1 12429.9248047 0. 6.39990833262e-22 0.
1528295780 1 12411.9130859 0. 6.39771026763e-22 0.
1528295830 1 12393.1435547 0. 6.39494340204e-22 0.
1528295890 1 12369.1621094 0. 6.39104476986e-22 0.
1528295950 1 12351.0087891 0. 6.38994765786e-22 0.
1528296010 1 12335.1572266 0. 6.39015322662e-22 0.
1528296047 1 12320.6269531 0. 6.38756208082e-22 0.
1528296083 1 12300.3818359 0. 6.38247260916e-22 0.
1528296143 1 12297.0390625 0. 6.38896115594e-22 0.
1528296204 1 12272.0761719 0. 6.38438628079e-22 0.
1528296264 1 12247.5146484 0. 6.38032456104e-22 0.
1528296324 1 12225.4570312 0. 6.37700697499e-22 0.
1528296384 1 12209.4072266 0. 6.37707684531e-22 0.
1528296444 1 12179.2734375 0. 6.36973996063e-22 0.
1528296504 1 12195.6455078 0. 6.38698824789e-22 0.
1528296564 1 12189.6904297 0. 6.39217820772e-22 0.
1528296625 1 12166.7089844 0. 6.3885058486e-22 0.
1528296685 1 12152.6689453 0. 6.38971202999e-22 0.
1528296745 1 12132.9716797 0. 6.38760389338e-22 0.
1528296805 1 12110.4931641 0. 6.38415344685e-22 0.
1528296865 1 12088.7958984 0. 6.38117296817e-22 0.
1528296925 1 12070.7421875 0. 6.3798715189e-22 0.
1528296985 1 12049.7441406 0. 6.37733911244e-22 0.
1528297046 1 12039.3798828 0. 6.38006762483e-22 0.
1528297097 1 12018.7929688 0. 6.37665076897e-22 0.
1528297148 1 11997.140625 0. 6.37210323532e-22 0.
1528297208 1 11956.0839844 0. 6.35858408199e-22 0.
1528297269 1 11953.7871094 0. 6.36553518757e-22 0.
1528297329 1 11929.9570312 0. 6.3610601497e-22 0.
1528297389 1 11919.3935547 0. 6.36389226254e-22 0.
1528297449 1 11907.1933594 0. 6.36592941284e-22 0.
1528297509 1 11879.1289062 0. 6.35934326391e-22 0.
1528297569 1 11861.8535156 0. 6.3582907628e-22 0.
1528297629 1 11838.5761719 0. 6.35393232501e-22 0.
1528297689 1 11850.6054688 0. 6.36852338127e-22 0.
1528297750 1 11846.8398438 0. 6.37509775909e-22 0.
1528297810 1 11824.4228516 0. 6.37145291992e-22 0.
1528297870 1 11800.7578125 0. 6.36717831029e-22 0.
1528297930 1 11782.1035156 0. 6.36558376946e-22 0.
1528297990 1 11759.4853516 0. 6.36161938734e-22 0.
1528298050 1 11738.0380859 0. 6.35859604933e-22 0.
1528298110 1 11710.0214844 0. 6.35196472489e-22 0.
1528298170 1 11474.6972656 0. 6.23270118088e-22 0.
1528298231 1 11061.4746094 0. 6.01640265361e-22 0.
1528298276 1 11514.7138672 0. 6.26834396206e-22 0.
1528298321 1 11730.6298828 0. 6.39181824338e-22 0.
1528298381 1 11708.6318359 0. 6.38842237791e-22 0.
1528298441 1 11690.4882812 0. 6.3870158528e-22 0.
1528298501 1 11671.8144531 0. 6.38501865572e-22 0.
1528298561 1 11659.9423828 0. 6.38673006768e-22 0.
1528298621 1 11639.0302734 0. 6.38364552084e-22 0.
1528298682 1 11610.1708984 0. 6.37605116558e-22 0.
1528298742 1 11596.1708984 0. 6.37677188373e-22 0.
1528298791 1 11589.2919922 0. 6.37934015299e-22 0.
1528298841 1 11570.4892578 0. 6.37579273938e-22 0.
1528298901 1 11547.8300781 0. 6.37184121631e-22 0.
1528298961 1 11533.4521484 0. 6.37209698948e-22 0.
1528299021 1 11564.3632812 0. 6.39752593402e-22 0.
1528299082 1 11543.3359375 0. 6.39441688421e-22 0.
1528299142 1 11525.9160156 0. 6.39300855542e-22 0.
1528299202 1 11499.3691406 0. 6.38691748248e-22 0.
1528299262 1 11477.8408203 0. 6.38353556096e-22 0.
1528299322 1 11458.6787109 0. 6.38123985897e-22 0.
1528299382 1 11442.6132812 0. 6.38089339357e-22 0.
1528299442 1 11424.2861328 0. 6.37917798082e-22 0.
1528299503 1 11400.625 0. 6.37436874598e-22 0.
1528299563 1 11384.1748047 0. 6.37337828592e-22 0.
1528299623 1 11365.9101562 0. 6.37152768227e-22 0.
1528299683 1 11344.6894531 0. 6.36790558527e-22 0.
1528299743 1 11332.9882812 0. 6.36999563763e-22 0.
1528299803 1 11306.4501953 0. 6.36328561906e-22 0.
1528299864 1 11268.734375 0. 6.3502559372e-22 0.
1528299924 1 11251.0927734 0. 6.348201228e-22 0.
1528299984 1 11233.9316406 0. 6.34694857624e-22 0.
1528300044 1 11225.6679688 0. 6.35083654842e-22 0.
1528300104 1 11206.6347656 0. 6.34833303363e-22 0.
1528300164 1 11207.4384766 0. 6.35720627916e-22 0.
1528300224 1 11186.1259766 0. 6.35367141047e-22 0.
1528300285 1 11205.3115234 0. 6.37287860847e-22 0.
1528300345 1 11184.6523438 0. 6.36903587445e-22 0.
1528300405 1 11168.5839844 0. 6.36821774367e-22 0.
1528300465 1 11150.2050781 0. 6.36639033376e-22 0.
1528300525 1 11139.234375 0. 6.36848939828e-22 0.
1528300585 1 11116.5732422 0. 6.36395406992e-22 0.
1528300646 1 11100.0722656 0. 6.36315333088e-22 0.
1528300706 1 11071.5810547 0. 6.35505170041e-22 0.
1528300766 1 11068.3105469 0. 6.36144358192e-22 0.
1528300826 1 11050.7207031 0. 6.35961273896e-22 0.
1528300861 1 11036.2304688 0. 6.35591839601e-22 0.
1528300897 1 11003.2001953 0. 6.34213121029e-22 0.
1528300933 1 11007.1787109 0. 6.34901320781e-22 0.
1528300945 1 11009.5742188 0. 6.35200657299e-22 0.
1528300956 1 11012.5107422 0. 6.35527776958e-22 0.
1528300991 1 11003.5722656 0. 6.35512783661e-22 0.
1528301051 1 10984.9589844 0. 6.35269751894e-22 0.
1528301112 1 10967.7470703 0. 6.3511220189e-22 0.
1528301172 1 10945.8291016 0. 6.34634042744e-22 0.
1528301232 1 10943.6123047 0. 6.35316366523e-22 0.
1528301292 1 10927.3876953 0. 6.3522920829e-22 0.
1528301352 1 10906.2685547 0. 6.34822807903e-22 0.
1528301412 1 10889.4003906 0. 6.34659046728e-22 0.
1528301473 1 10873.8212891 0. 6.34584974893e-22 0.
1528301533 1 10873.8212891 0. 6.35414367398e-22 0.
1528301908 1 10873.8212891 0. 6.40643729207e-22 0.
1528302284 1 0.0 0. 0.0 0.
1528302344 1 10674.3339844 0. 6.34815573798e-22 0.
1528302399 1 10653.5859375 0. 6.34373029967e-22 0.
1528302429 1 10638.96875 0. 6.33848521217e-22 0.
1528302442 1 10637.3896484 0. 6.33947296718e-22 0.
1528302469 1 10626.8378906 0. 6.33698240964e-22 0.
1528302518 1 10626.4541016 0. 6.34373940466e-22 0.
1528302579 1 10602.1464844 0. 6.33732009078e-22 0.
1528302639 1 10586.8681641 0. 6.33630964911e-22 0.
1528302699 1 10359.0576172 0. 6.20831799721e-22 0.
1528302759 1 8061.53271484 0. 4.83977885137e-22 0.
1528302819 1 4273.96923828 0. 2.57198683649e-22 0.
1528302879 1 3557.7902832 0. 2.1433628839e-22 0.
1528302926 1 3570.98950195 0. 2.15296347943e-22 0.
1528302973 1 3523.01708984 0. 2.12576801903e-22 0.
1528303034 1 3562.14794922 0. 2.15159175653e-22 0.
1528303094 1 3475.82910156 0. 2.10168596593e-22 0.
1528303154 1 3460.85083008 0. 2.09474147205e-22 0.
1528303214 1 3453.45117188 0. 2.0924027873e-22 0.
1528303274 1 3413.50390625 0. 2.07024414645e-22 0.
1528303334 1 3399.11450195 0. 2.063584476e-22 0.
1528303395 1 3427.28613281 0. 2.08273457617e-22 0.
1528303449 1 3426.02734375 0. 2.08382704865e-22 0.
1528303504 1 3485.5078125 0. 2.12194505253e-22 0.
1528303539 1 3467.07202148 0. 2.1117982462e-22 0.
1528303575 1 3464.05883789 0. 2.11120664949e-22 0.
1528303636 1 3453.64624023 0. 2.10690203003e-22 0.
1528303696 1 3435.50878906 0. 2.09790418047e-22 0.
1528303756 1 3432.04614258 0. 2.09778503331e-22 0.
1528303816 1 3428.78442383 0. 2.09786147432e-22 0.
1528303862 1 3425.67578125 0. 2.09751627388e-22 0.
1528303909 1 3435.58007812 0. 2.10526525203e-22 0.
1528303955 1 3435.40649414 0. 2.10679118973e-22 0.
1528304002 1 3422.97143555 0. 2.10087616464e-22 0.
1528304041 1 3344.36499023 0. 2.05404187983e-22 0.
1528304079 1 3473.44580078 0. 2.13441447121e-22 0.
1528304140 1 3454.60839844 0. 2.12491992565e-22 0.
1528304200 1 3434.04321289 0. 2.11434249208e-22 0.
1528304260 1 3424.55395508 0. 2.11062210869e-22 0.
1528304320 1 3414.38061523 0. 2.10635211625e-22 0.
1528304380 1 3373.80541992 0. 2.08334225737e-22 0.
1528304440 1 3371.63549805 0. 2.08397297451e-22 0.
1528304500 1 3420.05053711 0. 2.11579322981e-22 0.
1528304543 1 3402.90942383 0. 2.10656387643e-22 0.
1528304585 1 3409.45947266 0. 2.11221431037e-22 0.
1528304646 1 3425.41967773 0. 2.12416286507e-22 0.
1528304706 1 3412.7121582 0. 2.11842495915e-22 0.
1528304766 1 3380.20727539 0. 2.100320709e-22 0.
1528304801 1 3365.64331055 0. 2.09232328569e-22 0.
1528304836 1 3371.14233398 0. 2.09716246087e-22 0.
1528304897 1 3371.80541992 0. 2.0996143643e-22 0.
1528304957 1 3340.07250977 0. 2.08186913867e-22 0.
1528305017 1 3341.81274414 0. 2.08502846069e-22 0.
1528305077 1 3313.71826172 0. 2.06953274076e-22 0.
1528305137 1 3300.89208984 0. 2.06369119696e-22 0.
1528305197 1 3294.53417969 0. 2.06169570697e-22 0.
1528305257 1 3289.68139648 0. 2.06061621532e-22 0.
1528305318 1 3277.69995117 0. 2.05509934847e-22 0.
1528305378 1 3314.61523438 0. 2.08024724015e-22 0.
1528305438 1 3314.79663086 0. 2.08236003963e-22 0.
1528305498 1 3315.56298828 0. 2.08499985539e-22 0.
1528305558 1 3303.95703125 0. 2.07959304168e-22 0.
1528305618 1 3244.3515625 0. 2.04410668023e-22 0.
1528305678 1 3269.85742188 0. 2.06211674132e-22 0.
1528305738 1 3269.61303711 0. 2.06385142108e-22 0.
1528305799 1 3294.86865234 0. 2.08178768067e-22 0.
1528305859 1 3326.29931641 0. 2.10368296086e-22 0.
1528305919 1 3333.30786133 0. 2.11010606068e-22 0.
1528305979 1 3280.48876953 0. 2.07879609898e-22 0.
1528306039 1 3244.08886719 0. 2.05766134411e-22 0.
1528306099 1 3267.95874023 0. 2.07481569522e-22 0.
1528306159 1 3244.71118164 0. 2.06207700798e-22 0.
1528306219 1 3237.1730957 0. 2.0592741365e-22 0.
1528306280 1 3285.14990234 0. 2.09179437387e-22 0.
1528306340 1 3275.52294922 0. 2.08765829302e-22 0.
1528306400 1 3249.63647461 0. 2.07321919685e-22 0.
1528306460 1 3256.44946289 0. 2.07950842059e-22 0.
1528306520 1 3289.30053711 0. 2.10249312346e-22 0.
1528306580 1 3268.64355469 0. 2.0913479619e-22 0.
1528306640 1 3187.40576172 0. 2.04148136675e-22 0.
1528306700 1 3209.92895508 0. 2.05790193047e-22 0.
1528306761 1 3245.72241211 0. 2.08283637645e-22 0.
1528306821 1 3222.07666016 0. 2.06970235754e-22 0.
1528306881 1 3257.52099609 0. 2.09440904314e-22 0.
1528306941 1 3242.39331055 0. 2.08670606317e-22 0.
1528307001 1 3233.70629883 0. 2.08325313637e-22 0.
1528307061 1 3223.76489258 0. 2.07883372796e-22 0.
1528307122 1 3248.81542969 0. 2.09691160466e-22 0.
1528307182 1 3204.02905273 0. 2.06996041372e-22 0.
1528307242 1 3202.26928711 0. 2.07079175055e-22 0.
1528307302 1 3187.26879883 0. 2.06320949691e-22 0.
1528307362 1 3176.32836914 0. 2.05814887154e-22 0.
1528307423 1 3156.86157227 0. 2.04752428815e-22 0.
1528307483 1 3152.81591797 0. 2.04687042924e-22 0.
1528307543 1 3147.84545898 0. 2.04562832011e-22 0.
1528307603 1 3065.61181641 0. 1.99420623884e-22 0.
1528307648 1 3013.67211914 0. 1.96183286371e-22 0.
1528307685 1 3008.23144531 0. 1.95944910947e-22 0.
1528307713 1 3032.24902344 0. 1.9757985587e-22 0.
1528307742 1 3046.47436523 0. 1.98610542155e-22 0.
1528307797 1 3068.82055664 0. 2.00240922606e-22 0.
1528307857 1 3052.67944336 0. 1.9937917454e-22 0.
1528307917 1 3117.3190918 0. 2.03788153197e-22 0.
1528307977 1 3104.29052734 0. 2.03129591922e-22 0.
1528308038 1 3102.53515625 0. 2.03208281876e-22 0.
1528308098 1 3090.06738281 0. 2.02587789164e-22 0.
1528308158 1 3049.33642578 0. 2.00108950461e-22 0.
1528308218 1 3045.71289062 0. 2.00058888492e-22 0.
1528308261 1 3045.78930664 0. 2.00197371842e-22 0.
1528308304 1 3049.51977539 0. 2.00582773354e-22 0.
1528308364 1 3021.70874023 0. 1.98939104537e-22 0.
1528308424 1 3072.62304688 0. 2.02478631625e-22 0.
1528308484 1 3016.67358398 0. 1.98996159271e-22 0.
1528308544 1 3004.26928711 0. 1.98361895979e-22 0.
1528308604 1 2994.49121094 0. 1.97912912026e-22 0.
1528308665 1 2983.94287109 0. 1.97402435544e-22 0.
1528308725 1 2951.50146484 0. 1.95446956214e-22 0.
1528308785 1 2930.32836914 0. 1.94233482044e-22 0.
1528308845 1 2915.90600586 0. 1.93448571795e-22 0.
1528308905 1 2944.43798828 0. 1.95525552411e-22 0.
1528308965 1 2956.359375 0. 1.96499589605e-22 0.
1528309025 1 2971.91381836 0. 1.97712205318e-22 0.
1528309085 1 2970.42700195 0. 1.97801806199e-22 0.
1528309121 1 1058.81091309 0. 1.53293081948e-22 0.
1528309156 1 0.149844184518 0. 0.0 0.
