1528552042 1 18160.0234375 0. 6.06003432568e-22 0.
1528552095 1 18101.3925781 0. 6.05019950355e-22 0.
1528552124 1 18085.1757812 0. 6.04958809546e-22 0.
1528552146 1 18054.6601562 0. 6.04390787555e-22 0.
1528552192 1 18005.9746094 0. 6.03657928477e-22 0.
1528552249 1 17919.3125 0. 6.01835752246e-22 0.
1528552305 1 17883.6679688 0. 6.01620377558e-22 0.
1528552344 1 17833.7285156 0. 6.00637644375e-22 0.
1528552384 1 17751.8632812 0. 5.98619508598e-22 0.
1528552444 1 17657.7636719 0. 5.96498814733e-22 0.
1528552483 1 17591.8417969 0. 5.94948058958e-22 0.
1528552523 1 17562.3457031 0. 5.94631156601e-22 0.
1528552569 1 17527.609375 0. 5.94196328952e-22 0.
1528552614 1 17509.8378906 0. 5.94390779578e-22 0.
1528552675 1 17408.4980469 0. 5.91904515239e-22 0.
1528552735 1 17007.6855469 0. 5.79182293469e-22 0.
1528552774 1 16493.7578125 0. 5.62478196795e-22 0.
1528552814 1 16416.296875 0. 5.6050909903e-22 0.
1528552874 1 17714.1738281 0. 6.05459692419e-22 0.
1528552907 1 17686.9785156 0. 6.05006766514e-22 0.
1528552915 1 5474.56445312 0. 1.88375431339e-22 0.
1528552926 1 1831.66064453 0. 6.28120460668e-23 0.
1528552934 1 3187.35180664 0. 1.09268912841e-22 0.
1528552943 1 4849.69580078 0. 1.66116476401e-22 0.
1528552951 1 6904.99121094 0. 2.3669999815e-22 0.
1528552959 1 9869.87695312 0. 3.38008174964e-22 0.
1528552968 1 12069.8876953 0. 4.13667729112e-22 0.
1528552976 1 15191.8378906 0. 5.2042096896e-22 0.
1528552985 1 16456.6855469 0. 5.63935354732e-22 0.
1528552993 1 17622.21875 0. 6.03953032565e-22 0.
1528553002 1 16457.0800781 0. 5.64182684351e-22 0.
1528553010 1 15466.3496094 0. 5.30294934655e-22 0.
1528553019 1 12196.4550781 0. 4.18509659275e-22 0.
1528553027 1 10325.8476562 0. 3.54204427589e-22 0.
1528553035 1 6994.35107422 0. 2.40221950101e-22 0.
1528553044 1 5266.41210938 0. 1.80788641908e-22 0.
1528553052 1 3254.40283203 0. 1.11860367647e-22 0.
1528553061 1 2098.64208984 0. 7.21453852161e-23 0.
1528553077 1 5542.07275391 0. 1.91507542776e-22 0.
1528553094 1 1432.98583984 0. 4.94803867921e-23 0.
1528553102 1 2538.36401367 0. 8.7557213224e-23 0.
1528553110 1 3831.93383789 0. 1.32024933829e-22 0.
1528553118 1 5870.26513672 0. 2.0223805013e-22 0.
1528553127 1 8660.37304688 0. 2.97881447763e-22 0.
1528553135 1 11120.1582031 0. 3.8272079857e-22 0.
1528553143 1 14864.2119141 0. 5.1099215186e-22 0.
1528553151 1 16278.4970703 0. 5.59798813632e-22 0.
1528553159 1 17555.9628906 0. 6.03775653456e-22 0.
1528553167 1 15452.0712891 0. 5.31879812881e-22 0.
1528553176 1 14078.8535156 0. 4.84724209121e-22 0.
1528553184 1 9753.71582031 0. 3.36506085069e-22 0.
1528553192 1 7784.35400391 0. 2.68570542892e-22 0.
1528553200 1 4844.39648438 0. 1.67512980108e-22 0.
1528553208 1 3303.93359375 0. 1.14309203212e-22 0.
1528553216 1 1987.0682373 0. 6.88787004784e-23 0.
1528553225 1 1174.11120605 0. 4.0753300639e-23 0.
1528553233 1 4424.45800781 0. 1.53632295335e-22 0.
1528553268 1 17481.0859375 0. 6.02774888021e-22 0.
1528553310 1 17476.6601562 0. 6.03224294354e-22 0.
1528553352 1 17431.2617188 0. 6.02325879573e-22 0.
1528553413 1 17371.5195312 0. 6.01217892325e-22 0.
1528553473 1 17324.3476562 0. 6.00520899693e-22 0.
1528553533 1 17268.9238281 0. 5.99513836314e-22 0.
1528553593 1 17213.1484375 0. 5.9850275158e-22 0.
1528553653 1 17158.9101562 0. 5.97556409132e-22 0.
1528553692 1 17127.7070312 0. 5.97051464921e-22 0.
1528553732 1 17085.9433594 0. 5.96166604906e-22 0.
1528553792 1 16975.2636719 0. 5.93208089382e-22 0.
1528553852 1 16580.5195312 0. 5.80262136673e-22 0.
1528553912 1 15968.9541016 0. 5.59920787667e-22 0.
1528553972 1 17169.2890625 0. 6.02600793089e-22 0.
1528554033 1 17128.6855469 0. 6.0204758242e-22 0.
1528554093 1 17111.2675781 0. 6.02305613741e-22 0.
1528554133 1 17084.6425781 0. 6.01931520019e-22 0.
1528554173 1 17063.71875 0. 6.01795571989e-22 0.
1528554234 1 17026.7128906 0. 6.01394076917e-22 0.
1528554294 1 16991.1679688 0. 6.01024572359e-22 0.
1528554354 1 16947.1152344 0. 6.00351005742e-22 0.
1528554414 1 16913.4082031 0. 6.00000913592e-22 0.
1528554464 1 16890.75 0. 5.99917198792e-22 0.
1528554515 1 16864.1679688 0. 5.99697697056e-22 0.
1528554575 1 16833.1445312 0. 5.99460695395e-22 0.
1528554635 1 16809.1386719 0. 5.99480299879e-22 0.
1528554696 1 16787.2207031 0. 5.99575936812e-22 0.
1528554756 1 16771.9355469 0. 5.99676099253e-22 0.
1528554816 1 16712.5410156 0. 5.98356611457e-22 0.
1528554876 1 16654.8730469 0. 5.97009904253e-22 0.
1528554936 1 16583.8398438 0. 5.95094093048e-22 0.
1528554996 1 16653.3496094 0. 5.98315431533e-22 0.
1528555056 1 16598.8984375 0. 5.97104739746e-22 0.
1528555116 1 16592.0292969 0. 5.97746494381e-22 0.
1528555177 1 16541.5214844 0. 5.96803660632e-22 0.
1528555237 1 16497.7304688 0. 5.96086119225e-22 0.
1528555297 1 16467.4804688 0. 5.95850536178e-22 0.
1528555349 1 16432.2714844 0. 5.95311270138e-22 0.
1528555381 1 16410.0878906 0. 5.94964479539e-22 0.
1528555422 1 16387.4042969 0. 5.94733678787e-22 0.
1528555460 1 16355.2949219 0. 5.94077527586e-22 0.
1528555474 1 16350.5527344 0. 5.94092035711e-22 0.
1528555510 1 16319.0283203 0. 5.93510866288e-22 0.
1528555571 1 16293.4765625 0. 5.93415849966e-22 0.
1528555631 1 16266.4306641 0. 5.93233095068e-22 0.
1528555691 1 16241.5927734 0. 5.93153913008e-22 0.
1528555751 1 16214.6230469 0. 5.93016197951e-22 0.
1528555811 1 16167.2041016 0. 5.92127309603e-22 0.
1528555871 1 16129.5839844 0. 5.91598999049e-22 0.
1528555931 1 16099.2265625 0. 5.91324368534e-22 0.
1528555991 1 16066.6132812 0. 5.90949040459e-22 0.
1528556052 1 16131.1123047 0. 5.94178473353e-22 0.
1528556112 1 16252.2236328 0. 5.99520203974e-22 0.
1528556172 1 16185.2480469 0. 5.97934793822e-22 0.
1528556232 1 16188.5537109 0. 5.98940186545e-22 0.
1528556292 1 16114.5908203 0. 5.9704131536e-22 0.
1528556352 1 16103.8916016 0. 5.97494340316e-22 0.
1528556412 1 16107.0683594 0. 5.98444529377e-22 0.
1528556472 1 16100.6328125 0. 5.99072196163e-22 0.
1528556533 1 16077.3320312 0. 5.99054249029e-22 0.
1528556593 1 16037.9501953 0. 5.98454498217e-22 0.
1528556635 1 16012.9541016 0. 5.98103696392e-22 0.
1528556677 1 15986.9638672 0. 5.97743846735e-22 0.
1528556737 1 15942.2792969 0. 5.96981636974e-22 0.
1528556797 1 15927.4121094 0. 5.97264552545e-22 0.
1528556857 1 15908.359375 0. 5.97413317611e-22 0.
1528556917 1 15880.9863281 0. 5.97228734837e-22 0.
1528556977 1 15846.7529297 0. 5.96816814846e-22 0.
1528557037 1 15796.1972656 0. 5.95743297587e-22 0.
1528557089 1 15818.6367188 0. 5.97288872406e-22 0.
1528557141 1 15799.8867188 0. 5.97315628833e-22 0.
1528557176 1 15777.0908203 0. 5.96891873285e-22 0.
1528557207 1 15773.8789062 0. 5.97293489613e-22 0.
1528557264 1 15754.3398438 0. 5.9734681365e-22 0.
1528557324 1 15767.4316406 0. 5.98719978945e-22 0.
1528557384 1 15723.7304688 0. 5.97892943628e-22 0.
1528557444 1 15700.2509766 0. 5.97827522842e-22 0.
1528557504 1 15663.2373047 0. 5.97291344665e-22 0.
1528557564 1 15631.5761719 0. 5.96956965628e-22 0.
1528557625 1 15589.375 0. 5.96162140932e-22 0.
1528557685 1 15579.6123047 0. 5.96629783367e-22 0.
1528557745 1 15560.6738281 0. 5.96738291715e-22 0.
1528557800 1 15503.7197266 0. 5.95334388724e-22 0.
1528557855 1 15455.3935547 0. 5.94225285064e-22 0.
1528557915 1 15432.1210938 0. 5.94148179817e-22 0.
1528557975 1 15437.3720703 0. 5.95149964392e-22 0.
1528558035 1 15424.5878906 0. 5.95494864296e-22 0.
1528558096 1 15393.7988281 0. 5.95131989593e-22 0.
1528558156 1 15401.609375 0. 5.96290860088e-22 0.
1528558216 1 15392.9189453 0. 5.96773779209e-22 0.
1528558276 1 15349.0917969 0. 5.95943776166e-22 0.
1528558336 1 15317.0078125 0. 5.95517672887e-22 0.
1528558396 1 15302.515625 0. 5.95795487491e-22 0.
1528558456 1 15269.9052734 0. 5.95354040905e-22 0.
1528558517 1 15197.0957031 0. 5.93342902038e-22 0.
1528558577 1 15172.4697266 0. 5.93182246549e-22 0.
1528558637 1 15165.4658203 0. 5.93734817658e-22 0.
1528558697 1 15158.8271484 0. 5.94273366531e-22 0.
1528558757 1 15140.4697266 0. 5.94397613688e-22 0.
1528558817 1 15113.3818359 0. 5.94162777333e-22 0.
1528558877 1 15082.9814453 0. 5.93769318562e-22 0.
1528558938 1 15062.9013672 0. 5.93830810018e-22 0.
1528558973 1 15049.5771484 0. 5.93781672904e-22 0.
1528559008 1 15037.625 0. 5.93829468189e-22 0.
1528559068 1 14998.7109375 0. 5.93088709723e-22 0.
1528559129 1 14970.8369141 0. 5.92808213325e-22 0.
1528559189 1 15005.5029297 0. 5.9503106033e-22 0.
1528559249 1 14965.5458984 0. 5.94279884764e-22 0.
1528559309 1 14933.1171875 0. 5.938216461e-22 0.
1528559369 1 14908.0810547 0. 5.93633641226e-22 0.
1528559429 1 14873.0996094 0. 5.93063570169e-22 0.
1528559464 1 14868.8105469 0. 5.93325202819e-22 0.
1528559500 1 14857.8242188 0. 5.93396859017e-22 0.
1528559560 1 14809.3339844 0. 5.92268649934e-22 0.
1528559620 1 14760.8681641 0. 5.91161444801e-22 0.
1528559680 1 14737.9882812 0. 5.91040779834e-22 0.
1528559740 1 14733.3066406 0. 5.9164673053e-22 0.
1528559800 1 14719.6621094 0. 5.91913269069e-22 0.
1528559860 1 14694.8544922 0. 5.91712978897e-22 0.
1528559921 1 14673.1357422 0. 5.91635795143e-22 0.
1528559981 1 14661.3095703 0. 5.91986123196e-22 0.
1528560041 1 14640.7910156 0. 5.91991376326e-22 0.
1528560101 1 14599.1503906 0. 5.91092716799e-22 0.
1528560161 1 14609.3222656 0. 5.92302394037e-22 0.
1528560221 1 14600.9384766 0. 5.9278120155e-22 0.
1528560281 1 14545.53125 0. 5.91348310043e-22 0.
1528560330 1 14526.9599609 0. 5.91219947246e-22 0.
1528560378 1 14505.3164062 0. 5.91003324785e-22 0.
1528560439 1 14492.8349609 0. 5.91304248281e-22 0.
1528560499 1 14489.7646484 0. 5.9196542989e-22 0.
1528560559 1 14458.6015625 0. 5.9151192217e-22 0.
1528560619 1 14439.4101562 0. 5.91537457717e-22 0.
1528560660 1 14415.7421875 0. 5.91105027595e-22 0.
1528560700 1 14400.1796875 0. 5.9104995239e-22 0.
1528560761 1 14353.2363281 0. 5.8993512045e-22 0.
1528560821 1 14309.5107422 0. 5.88921696131e-22 0.
1528560881 1 14300.2070312 0. 5.89330034571e-22 0.
1528560941 1 14283.6152344 0. 5.89467708348e-22 0.
1528561001 1 14254.0800781 0. 5.89061659626e-22 0.
1528561061 1 14221.2011719 0. 5.88503722484e-22 0.
1528561121 1 14201.1943359 0. 5.88463572819e-22 0.
1528561182 1 14190.0205078 0. 5.88789090771e-22 0.
1528561242 1 14182.5263672 0. 5.89266228901e-22 0.
1528561302 1 14193.7255859 0. 5.90553095117e-22 0.
1528561362 1 14155.8701172 0. 5.89773596504e-22 0.
1528561422 1 14114.75 0. 5.8884361645e-22 0.
1528561482 1 14094.21875 0. 5.88783252282e-22 0.
1528561529 1 14053.6435547 0. 5.87682936935e-22 0.
1528561576 1 14055.0 0. 5.88371462506e-22 0.
1528561636 1 14048.5839844 0. 5.88898607226e-22 0.
1528561696 1 14034.5898438 0. 5.89115230592e-22 0.
1528561756 1 14000.1582031 0. 5.88447256553e-22 0.
1528561816 1 13977.8515625 0. 5.88282038343e-22 0.
1528561876 1 13964.1757812 0. 5.88568183175e-22 0.
1528561936 1 13959.2265625 0. 5.8918103162e-22 0.
1528561996 1 13924.7226562 0. 5.88518619287e-22 0.
1528562057 1 13860.4277344 0. 5.86630484292e-22 0.
1528562117 1 13825.1123047 0. 5.85948283739e-22 0.
1528562177 1 13797.4912109 0. 5.85579659782e-22 0.
1528562237 1 13778.3417969 0. 5.85555513495e-22 0.
1528562297 1 13784.8466797 0. 5.86579128531e-22 0.
1528562357 1 13768.0214844 0. 5.8669939607e-22 0.
1528562417 1 13731.1806641 0. 5.85997353048e-22 0.
1528562478 1 13639.7167969 0. 5.82855462301e-22 0.
1528562538 1 13600.8808594 0. 5.81965079993e-22 0.
1528562598 1 13617.0488281 0. 5.83442851082e-22 0.
1528562640 1 13582.4677734 0. 5.82487785113e-22 0.
1528562682 1 13553.0146484 0. 5.817917698e-22 0.
1528562742 1 13536.6162109 0. 5.81823243684e-22 0.
1528562802 1 13529.6455078 0. 5.82301958584e-22 0.
1528562863 1 13521.4511719 0. 5.82752850116e-22 0.
1528562923 1 13500.8984375 0. 5.82632345479e-22 0.
1528562983 1 13517.0839844 0. 5.84127258453e-22 0.
1528563043 1 13475.3076172 0. 5.8310867155e-22 0.
1528563103 1 13462.3291016 0. 5.83319786799e-22 0.
1528563163 1 13446.1669922 0. 5.83403216678e-22 0.
1528563223 1 13425.5166016 0. 5.83283236693e-22 0.
1528563284 1 13380.3759766 0. 5.8207985189e-22 0.
1528563344 1 13358.2324219 0. 5.8190976182e-22 0.
1528563404 1 13323.7949219 0. 5.81216008448e-22 0.
1528563464 1 13313.7988281 0. 5.81559213882e-22 0.
1528563524 1 13259.7128906 0. 5.79959906651e-22 0.
1528563584 1 13261.0097656 0. 5.80776035166e-22 0.
1528563645 1 13243.7167969 0. 5.80801557352e-22 0.
1528563705 1 13246.1279297 0. 5.81681033886e-22 0.
1528563765 1 13240.4550781 0. 5.82191616376e-22 0.
1528563825 1 13194.7197266 0. 5.80961202033e-22 0.
1528563885 1 13137.7246094 0. 5.79203773511e-22 0.
1528563932 1 13113.7998047 0. 5.78763311595e-22 0.
1528563979 1 13099.1289062 0. 5.78734998932e-22 0.
1528564039 1 13113.9970703 0. 5.80178533551e-22 0.
1528564099 1 13114.1445312 0. 5.80977074586e-22 0.
1528564159 1 13084.4101562 0. 5.80421366681e-22 0.
1528564219 1 13029.9951172 0. 5.78816136765e-22 0.
1528564279 1 13045.1083984 0. 5.80276582455e-22 0.
1528564340 1 12998.7060547 0. 5.7900577289e-22 0.
1528564400 1 12965.3916016 0. 5.78303610324e-22 0.
1528564460 1 12932.6835938 0. 5.77623004702e-22 0.
1528564520 1 12903.8476562 0. 5.77094669059e-22 0.
1528564580 1 12938.7792969 0. 5.79418478581e-22 0.
1528564640 1 12936.0966797 0. 5.80106308612e-22 0.
1528564700 1 12891.7636719 0. 5.78891570582e-22 0.
1528564760 1 12835.5166016 0. 5.77128775759e-22 0.
1528564821 1 12845.2900391 0. 5.78313813431e-22 0.
1528564881 1 12840.4667969 0. 5.78899127353e-22 0.
1528564941 1 12824.9667969 0. 5.78979152409e-22 0.
1528565001 1 12807.5058594 0. 5.78994637782e-22 0.
1528565061 1 12748.8154297 0. 5.77126353312e-22 0.
1528565121 1 12710.1142578 0. 5.76164146242e-22 0.
1528565181 1 12674.1933594 0. 5.75308727809e-22 0.
1528565242 1 12707.1552734 0. 5.77584648316e-22 0.
1528565302 1 12681.1484375 0. 5.77174182042e-22 0.
1528565362 1 12639.8994141 0. 5.76072811533e-22 0.
1528565422 1 12637.3613281 0. 5.76717383538e-22 0.
1528565482 1 12613.2724609 0. 5.76403769916e-22 0.
1528565517 1 12590.2792969 0. 5.75761262639e-22 0.
1528565553 1 12566.4521484 0. 5.75183917922e-22 0.
1528565613 1 12587.1796875 0. 5.76903935235e-22 0.
1528565673 1 12552.1835938 0. 5.76112540835e-22 0.
1528565733 1 12505.4570312 0. 5.74743302398e-22 0.
1528565793 1 12495.7890625 0. 5.75071213516e-22 0.
1528565853 1 12513.1347656 0. 5.76672838088e-22 0.
1528565914 1 12469.0078125 0. 5.75397000057e-22 0.
1528565974 1 12486.1083984 0. 5.76969028304e-22 0.
1528566034 1 12488.1455078 0. 5.77843890951e-22 0.
1528566094 1 12417.9101562 0. 5.75372084777e-22 0.
1528566154 1 12399.9560547 0. 5.75336478543e-22 0.
1528566214 1 12394.4970703 0. 5.75887188321e-22 0.
1528566274 1 12380.7939453 0. 5.76046556249e-22 0.
1528566334 1 12348.8085938 0. 5.7532925696e-22 0.
1528566395 1 12323.1533203 0. 5.74912720731e-22 0.
1528566455 1 12296.65625 0. 5.74487688799e-22 0.
1528566515 1 12271.6542969 0. 5.74089147096e-22 0.
1528566575 1 12237.5195312 0. 5.73262455053e-22 0.
1528566635 1 12217.1191406 0. 5.73102403255e-22 0.
1528566695 1 12175.5791016 0. 5.71901374233e-22 0.
1528566755 1 12173.5263672 0. 5.72561123324e-22 0.
1528566815 1 12186.0292969 0. 5.73952959729e-22 0.
1528566857 1 12150.9960938 0. 5.72827257834e-22 0.
1528566898 1 12130.3027344 0. 5.72410672735e-22 0.
1528566958 1 12093.9580078 0. 5.71483071453e-22 0.
1528567018 1 12070.3076172 0. 5.71134422799e-22 0.
1528567078 1 12034.2177734 0. 5.70191177444e-22 0.
1528567139 1 12061.7167969 0. 5.72286065095e-22 0.
1528567199 1 12022.1347656 0. 5.7119859021e-22 0.
1528567259 1 12038.6796875 0. 5.72765076072e-22 0.
1528567319 1 11993.7597656 0. 5.71407728585e-22 0.
1528567354 1 11991.65625 0. 5.7171536719e-22 0.
1528567389 1 11971.4521484 0. 5.71275617184e-22 0.
1528567450 1 11942.6923828 0. 5.70655951703e-22 0.
1528567510 1 11901.2021484 0. 5.69463434635e-22 0.
1528567570 1 11873.9316406 0. 5.68920690545e-22 0.
1528567630 1 11853.6679688 0. 5.68687226629e-22 0.
1528567690 1 11833.8642578 0. 5.68500476232e-22 0.
1528567750 1 11814.4042969 0. 5.68365296097e-22 0.
1528567810 1 11788.1484375 0. 5.67873254817e-22 0.
1528567871 1 11762.2548828 0. 5.67414474052e-22 0.
1528567931 1 11765.7871094 0. 5.68359926918e-22 0.
1528567991 1 11726.3564453 0. 5.67226730042e-22 0.
1528568051 1 11716.5869141 0. 5.67486904707e-22 0.
1528568110 1 11668.6396484 0. 5.65946783929e-22 0.
1528568169 1 11639.0722656 0. 5.65276209214e-22 0.
1528568230 1 11621.3710938 0. 5.65194786103e-22 0.
1528568290 1 11593.3720703 0. 5.64601820888e-22 0.
1528568350 1 11568.4257812 0. 5.64141616458e-22 0.
1528568410 1 11559.1054688 0. 5.64471132887e-22 0.
1528568470 1 11544.9199219 0. 5.64549831844e-22 0.
1528568530 1 11512.8886719 0. 5.63752498264e-22 0.
1528568591 1 11502.0957031 0. 5.63965414637e-22 0.
1528568651 1 11452.4287109 0. 5.62243778445e-22 0.
1528568711 1 11390.4326172 0. 5.59983256805e-22 0.
1528568746 1 11386.5449219 0. 5.60204667526e-22 0.
1528568781 1 11388.6367188 0. 5.60774522322e-22 0.
1528568841 1 11403.5615234 0. 5.62269502034e-22 0.
1528568901 1 11401.5166016 0. 5.62911917241e-22 0.
1528568962 1 11379.0341797 0. 5.62588441304e-22 0.
1528569022 1 11374.5947266 0. 5.63121481878e-22 0.
1528569082 1 11383.0878906 0. 5.64310306738e-22 0.
1528569135 1 11346.9580078 0. 5.63206390459e-22 0.
1528569187 1 11319.6933594 0. 5.62537111782e-22 0.
1528569247 1 11297.375 0. 5.62150295128e-22 0.
1528569307 1 11284.6142578 0. 5.62268043184e-22 0.
1528569367 1 11257.6308594 0. 5.61678029793e-22 0.
1528569428 1 11190.2490234 0. 5.59088015078e-22 0.
1528569463 1 11166.265625 0. 5.58329698636e-22 0.
1528569498 1 11156.8291016 0. 5.58322208661e-22 0.
1528569558 1 11140.5791016 0. 5.58271017498e-22 0.
1528569619 1 11140.1484375 0. 5.5899462244e-22 0.
1528569679 1 11114.28125 0. 5.58437536013e-22 0.
1528569739 1 10989.6552734 0. 5.52926171001e-22 0.
1528569799 1 11040.4707031 0. 5.56251791166e-22 0.
1528569859 1 10914.0986328 0. 5.50598083069e-22 0.
1528569919 1 10980.4521484 0. 5.54658281337e-22 0.
1528569958 1 10920.6416016 0. 5.52043556749e-22 0.
1528569997 1 11375.6240234 0. 5.75600410183e-22 0.
1528570057 1 11861.5595703 0. 6.00902430587e-22 0.
1528570117 1 11838.2285156 0. 6.00532653986e-22 0.
1528570178 1 11818.2480469 0. 6.00360750399e-22 0.
1528570238 1 11801.5146484 0. 6.00335370008e-22 0.
1528570298 1 11804.5175781 0. 6.01322906628e-22 0.
1528570358 1 11795.4765625 0. 6.01707734675e-22 0.
1528570418 1 11784.1054688 0. 6.01935211585e-22 0.
1528570473 1 11771.7988281 0. 6.02116677603e-22 0.
1528570528 1 11750.5605469 0. 6.01788138287e-22 0.
1528570588 1 11729.4628906 0. 6.0154410267e-22 0.
1528570649 1 11713.2900391 0. 6.01552186515e-22 0.
1528570709 1 11696.8720703 0. 6.01542692238e-22 0.
1528570769 1 11678.8291016 0. 6.01442944037e-22 0.
1528570829 1 11657.6083984 0. 6.01141576632e-22 0.
1528570890 1 11638.3066406 0. 6.01005603381e-22 0.
1528570950 1 11625.2158203 0. 6.01145860541e-22 0.
1528571010 1 11607.6826172 0. 6.01067062523e-22 0.
1528571070 1 11585.2070312 0. 6.00712018087e-22 0.
1528571131 1 11567.9853516 0. 6.006676029e-22 0.
1528571191 1 11554.4960938 0. 6.00790254969e-22 0.
1528571251 1 11539.0527344 0. 6.00814546408e-22 0.
1528571311 1 11522.7900391 0. 6.00778309805e-22 0.
1528571371 1 11501.9589844 0. 6.00523601523e-22 0.
1528571431 1 11486.8017578 0. 6.00507640189e-22 0.
1528571477 1 11496.1298828 0. 6.01626426012e-22 0.
1528571523 1 11490.3105469 0. 6.02018068595e-22 0.
1528571584 1 11475.6289062 0. 6.02059860788e-22 0.
1528571644 1 11459.3076172 0. 6.02034204232e-22 0.
1528571704 1 11438.9511719 0. 6.01776142212e-22 0.
1528571764 1 11421.9404297 0. 6.01748283252e-22 0.
1528571824 1 11403.2275391 0. 6.01565164286e-22 0.
1528571884 1 11385.6572266 0. 6.01460662401e-22 0.
1528571944 1 11377.2851562 0. 6.01813171416e-22 0.
1528572004 1 11356.5302734 0. 6.01545210321e-22 0.
1528572065 1 11336.2207031 0. 6.01298939385e-22 0.
1528572125 1 11320.5859375 0. 6.01297450936e-22 0.
1528572185 1 11309.4990234 0. 6.01517823738e-22 0.
1528572245 1 11290.8964844 0. 6.01354035575e-22 0.
1528572305 1 11271.0019531 0. 6.01117396059e-22 0.
1528572365 1 11253.0 0. 6.00982845806e-22 0.
1528572426 1 11236.1699219 0. 6.00882862006e-22 0.
1528572486 1 11220.1435547 0. 6.00868938414e-22 0.
1528572546 1 11207.9570312 0. 6.01009666491e-22 0.
1528572582 1 11203.890625 0. 6.01272769586e-22 0.
1528572619 1 11221.7265625 0. 6.02752207901e-22 0.
1528572679 1 11215.0234375 0. 6.03219146878e-22 0.
1528572739 1 11195.2675781 0. 6.02997579841e-22 0.
1528572800 1 11173.6259766 0. 6.02654235214e-22 0.
1528572860 1 11157.0126953 0. 6.02629430564e-22 0.
1528572920 1 11134.3212891 0. 6.02223710309e-22 0.
1528572980 1 11120.7460938 0. 6.02305093127e-22 0.
1528573034 1 11114.8203125 0. 6.02723116429e-22 0.
1528573087 1 11099.6113281 0. 6.02633255521e-22 0.
1528573147 1 11077.0341797 0. 6.02247604821e-22 0.
1528573208 1 11061.2910156 0. 6.02188676107e-22 0.
1528573268 1 11044.0664062 0. 6.02085886257e-22 0.
1528573328 1 11030.046875 0. 6.02101741093e-22 0.
1528573388 1 11009.0732422 0. 6.01785444072e-22 0.
1528573448 1 10999.9326172 0. 6.02100473035e-22 0.
1528573509 1 10983.2617188 0. 6.02007809413e-22 0.
1528573569 1 10962.5625 0. 6.01699404662e-22 0.
1528573629 1 10940.9511719 0. 6.01334895701e-22 0.
1528573689 1 10925.1933594 0. 6.0128941397e-22 0.
1528573749 1 10916.6796875 0. 6.01640830199e-22 0.
1528573810 1 10929.1865234 0. 6.0313574129e-22 0.
1528573870 1 10914.0947266 0. 6.03148504472e-22 0.
1528573930 1 10898.0605469 0. 6.03100140079e-22 0.
1528573990 1 10877.1464844 0. 6.02756445906e-22 0.
1528574050 1 10859.4541016 0. 6.02618643133e-22 0.
1528574110 1 10849.6464844 0. 6.02909676595e-22 0.
1528574170 1 10827.1845703 0. 6.02507626214e-22 0.
1528574231 1 10807.5322266 0. 6.02243013566e-22 0.
1528574291 1 10796.7607422 0. 6.02483150281e-22 0.
1528574351 1 10782.2285156 0. 6.02493719518e-22 0.
1528574411 1 10766.4580078 0. 6.0242601942e-22 0.
1528574471 1 10746.6308594 0. 6.02138449779e-22 0.
1528574531 1 10733.2333984 0. 6.02223520771e-22 0.
1528574582 1 10719.2353516 0. 6.02114478401e-22 0.
1528574634 1 10703.0712891 0. 6.01910387662e-22 0.
1528574694 1 10684.8642578 0. 6.01707521669e-22 0.
1528574754 1 10669.0595703 0. 6.01659577996e-22 0.
1528574814 1 10652.3652344 0. 6.0153127126e-22 0.
1528574874 1 10639.4726562 0. 6.01582111843e-22 0.
1528574935 1 10615.3662109 0. 6.01077793791e-22 0.
1528574986 1 10601.2353516 0. 6.0100617244e-22 0.
1528575038 1 10598.9326172 0. 6.01547484772e-22 0.
1528575098 1 10608.8300781 0. 6.02937139302e-22 0.
1528575158 1 10589.3779297 0. 6.02644770517e-22 0.
1528575218 1 10568.5722656 0. 6.02292797406e-22 0.
1528575278 1 10557.9189453 0. 6.02537734096e-22 0.
1528575338 1 10542.6025391 0. 6.02531293092e-22 0.
1528575398 1 10529.7275391 0. 6.02646900767e-22 0.
1528575459 1 10508.1816406 0. 6.02268756651e-22 0.
1528575519 1 10490.3388672 0. 6.02099553268e-22 0.
1528575579 1 10468.8398438 0. 6.01699695824e-22 0.
1528575639 1 10451.0683594 0. 6.01496943627e-22 0.
1528575699 1 10425.7197266 0. 6.00846229583e-22 0.
1528575759 1 10404.0371094 0. 6.00383738384e-22 0.
1528575819 1 10390.2666016 0. 6.00417299712e-22 0.
1528575879 1 10378.1972656 0. 6.00585795101e-22 0.
1528575940 1 10365.4853516 0. 6.0068911735e-22 0.
1528576000 1 10345.2900391 0. 6.00363576921e-22 0.
1528576060 1 10329.4833984 0. 6.00273686663e-22 0.
1528576120 1 10315.0400391 0. 6.00241810139e-22 0.
1528576180 1 10301.3486328 0. 6.00281305675e-22 0.
1528576241 1 10281.9453125 0. 5.99964999095e-22 0.
1528576301 1 10281.6416016 0. 6.00786279852e-22 0.
1528576361 1 10288.25 0. 6.02009234975e-22 0.
1528576421 1 10262.0224609 0. 6.01314650146e-22 0.
1528576481 1 10242.2841797 0. 6.01023590079e-22 0.
1528576520 1 10236.9404297 0. 6.01241279913e-22 0.
1528576558 1 10180.671875 0. 5.98496520499e-22 0.
1528576619 1 10191.6904297 0. 5.99971447815e-22 0.
1528576679 1 9919.15429688 0. 5.84743817253e-22 0.
1528576739 1 9690.89550781 0. 5.72107695073e-22 0.
1528576799 1 10204.0253906 0. 6.03103839874e-22 0.
1528576859 1 10206.375 0. 6.04062062783e-22 0.
1528576919 1 10193.0048828 0. 6.04106464615e-22 0.
1528576980 1 10177.2597656 0. 6.03978459717e-22 0.
1528577040 1 10162.8232422 0. 6.03936333896e-22 0.
1528577098 1 10144.8369141 0. 6.03716631747e-22 0.
1528577156 1 10132.8847656 0. 6.0381318972e-22 0.
1528577216 1 10117.5322266 0. 6.03739434815e-22 0.
1528577277 1 10105.9599609 0. 6.03883410471e-22 0.
1528577337 1 10087.1582031 0. 6.0357881381e-22 0.
1528577397 1 10065.6015625 0. 6.03114718787e-22 0.
1528577457 1 10045.1503906 0. 6.026816913e-22 0.
1528577517 1 10032.0380859 0. 6.02699386602e-22 0.
1528577578 1 10047.6259766 0. 6.04438733803e-22 0.
1528577638 1 10040.6787109 0. 6.0483525991e-22 0.
1528577698 1 10025.5322266 0. 6.04758988556e-22 0.
1528577758 1 10009.2529297 0. 6.04628776902e-22 0.
1528577818 1 9997.20703125 0. 6.04744348852e-22 0.
1528577878 1 9985.32324219 0. 6.04770107079e-22 0.
1528577938 1 9969.59667969 0. 6.04636142541e-22 0.
1528577999 1 9946.93066406 0. 6.04100344378e-22 0.
1528578059 1 9929.57226562 0. 6.03884685317e-22 0.
1528578119 1 9915.8515625 0. 6.0391483688e-22 0.
1528578179 1 9902.24316406 0. 6.03903452684e-22 0.
1528578239 1 9880.421875 0. 6.03386283293e-22 0.
1528578299 1 9857.8046875 0. 6.02830201119e-22 0.
1528578359 1 9843.95800781 0. 6.02788475335e-22 0.
1528578419 1 9831.84570312 0. 6.02853985648e-22 0.
1528578480 1 9815.70410156 0. 6.02686332649e-22 0.
1528578540 1 9806.99414062 0. 6.02922701417e-22 0.
1528578600 1 9792.32324219 0. 6.02839235367e-22 0.
1528578660 1 9779.39160156 0. 6.02836609185e-22 0.
1528578721 1 9761.72753906 0. 6.02600275259e-22 0.
1528578768 1 9753.57324219 0. 6.02756896049e-22 0.
1528578816 1 9744.58496094 0. 6.02842460858e-22 0.
1528578876 1 9751.40527344 0. 6.04063291496e-22 0.
1528578936 1 9731.70507812 0. 6.03663142782e-22 0.
1528578997 1 9724.12304688 0. 6.04049806336e-22 0.
1528579057 1 9713.51757812 0. 6.04190789567e-22 0.
1528579117 1 9693.47070312 0. 6.03779555385e-22 0.
1528579177 1 9683.56054688 0. 6.03970480711e-22 0.
1528579237 1 9660.10058594 0. 6.03298960036e-22 0.
1528579297 1 9639.70800781 0. 6.02834749747e-22 0.
1528579358 1 9623.765625 0. 6.02670985133e-22 0.
1528579418 1 9614.08203125 0. 6.02906064276e-22 0.
1528579478 1 9599.43359375 0. 6.02799662629e-22 0.
1528579538 1 9587.80859375 0. 6.02863083929e-22 0.
1528579598 1 9574.87597656 0. 6.02852123501e-22 0.
1528579658 1 9557.9375 0. 6.02586185198e-22 0.
1528579718 1 9541.79101562 0. 6.02362633778e-22 0.
1528579778 1 9523.4296875 0. 6.020397027e-22 0.
1528579839 1 9500.02246094 0. 6.01342402422e-22 0.
1528579899 1 9484.88671875 0. 6.01188656129e-22 0.
1528579959 1 9475.33203125 0. 6.01385263512e-22 0.
1528580018 1 9466.72851562 0. 6.01642326829e-22 0.
1528580077 1 9454.61132812 0. 6.01663721386e-22 0.
1528580137 1 9440.43066406 0. 6.01566826638e-22 0.
1528580197 1 9461.20410156 0. 6.03691430328e-22 0.
1528580257 1 9450.45898438 0. 6.0380848678e-22 0.
1528580317 1 9433.72460938 0. 6.03565261701e-22 0.
1528580378 1 9421.69726562 0. 6.03640168245e-22 0.
1528580438 1 9289.49902344 0. 5.96097151748e-22 0.
1528580498 1 9191.79589844 0. 5.90794998857e-22 0.
1528580555 1 9149.52636719 0. 5.88948849798e-22 0.
1528580612 1 9135.1328125 0. 5.88785092096e-22 0.
1528580672 1 8889.77929688 0. 5.73764743569e-22 0.
1528580732 1 8706.13476562 0. 5.62666251059e-22 0.
1528580792 1 9121.94140625 0. 5.90318924509e-22 0.
1528580852 1 9112.36035156 0. 5.90497900606e-22 0.
1528580912 1 9091.54101562 0. 5.89960597e-22 0.
1528580973 1 9081.16894531 0. 5.90113206887e-22 0.
1528581030 1 9076.109375 0. 5.90567751215e-22 0.
1528581087 1 9065.93359375 0. 5.90649546973e-22 0.
1528581147 1 9049.57617188 0. 5.90403736635e-22 0.
1528581207 1 9034.24414062 0. 5.90240197926e-22 0.
1528581267 1 9019.26464844 0. 5.90057036672e-22 0.
1528581327 1 9008.06835938 0. 5.90137394796e-22 0.
1528581388 1 8998.02636719 0. 5.9029163122e-22 0.
1528581448 1 8984.22070312 0. 5.90170101399e-22 0.
1528581508 1 8974.23632812 0. 5.90334078158e-22 0.
1528581568 1 8959.54980469 0. 5.90178940624e-22 0.
1528581628 1 8947.65039062 0. 5.9024212547e-22 0.
1528581688 1 8933.0078125 0. 5.90083226947e-22 0.
1528581748 1 8920.93066406 0. 5.90081945228e-22 0.
1528581808 1 8906.54785156 0. 5.89972318245e-22 0.
1528581869 1 8890.13085938 0. 5.89661730503e-22 0.
1528581929 1 8882.19238281 0. 5.89961049491e-22 0.
1528581989 1 8867.87597656 0. 5.89828904154e-22 0.
1528582049 1 8854.41210938 0. 5.89766134816e-22 0.
1528582109 1 8839.10351562 0. 5.89564677007e-22 0.
1528582169 1 8823.36621094 0. 5.89291985858e-22 0.
1528582230 1 8811.74316406 0. 5.89317866225e-22 0.
1528582290 1 8796.86328125 0. 5.89131349035e-22 0.
1528582350 1 8787.91992188 0. 5.89332415385e-22 0.
1528582410 1 8773.5625 0. 5.89176142002e-22 0.
1528582470 1 8759.48632812 0. 5.89036765424e-22 0.
1528582512 1 8754.35839844 0. 5.89217471972e-22 0.
1528582554 1 8741.97753906 0. 5.88944836464e-22 0.
1528582614 1 8732.14355469 0. 5.89074993337e-22 0.
1528582674 1 8714.765625 0. 5.8871425241e-22 0.
1528582734 1 8698.24316406 0. 5.88413551258e-22 0.
1528582795 1 8689.75097656 0. 5.8862144548e-22 0.
1528582855 1 8676.50292969 0. 5.88517144556e-22 0.
1528582915 1 8668.59082031 0. 5.88771990799e-22 0.
1528582975 1 8656.25 0. 5.88749389144e-22 0.
1528583011 1 8642.00878906 0. 5.88226776295e-22 0.
1528583046 1 8645.87011719 0. 5.88956551779e-22 0.
1528583106 1 8634.20703125 0. 5.88971256374e-22 0.
1528583166 1 8617.31933594 0. 5.8865267795e-22 0.
1528583226 1 8601.10449219 0. 5.8834707096e-22 0.
1528583287 1 8592.56542969 0. 5.88570319642e-22 0.
1528583347 1 8578.91699219 0. 5.88459009774e-22 0.
1528583407 1 8567.69824219 0. 5.88457344165e-22 0.
1528583467 1 8558.9375 0. 5.88661363485e-22 0.
1528583527 1 8537.15429688 0. 5.8794564645e-22 0.
1528583587 1 8538.87109375 0. 5.88821404807e-22 0.
1528583647 1 8522.29101562 0. 5.88439405896e-22 0.
1528583708 1 8510.13378906 0. 5.88411512815e-22 0.
1528583768 1 8498.99902344 0. 5.88446435598e-22 0.
1528583828 1 8492.14746094 0. 5.88806152028e-22 0.
1528583888 1 8476.42675781 0. 5.88541087549e-22 0.
1528583948 1 8464.53808594 0. 5.88525687408e-22 0.
1528584008 1 8450.3671875 0. 5.88353442327e-22 0.
1528584069 1 8446.33691406 0. 5.88843240706e-22 0.
1528584129 1 8426.03417969 0. 5.88185851645e-22 0.
1528584189 1 8404.67871094 0. 5.87476944875e-22 0.
1528584249 1 8398.74609375 0. 5.87819124891e-22 0.
1528584309 1 8383.73730469 0. 5.87549791847e-22 0.
1528584369 1 8370.29394531 0. 5.87377992955e-22 0.
1528584429 1 8360.9140625 0. 5.87478524363e-22 0.
1528584489 1 8350.59960938 0. 5.87540274374e-22 0.
1528584549 1 8336.91210938 0. 5.87402910883e-22 0.
1528584610 1 8322.26269531 0. 5.87171549766e-22 0.
1528584670 1 8308.50097656 0. 5.8699618277e-22 0.
1528584730 1 8299.56933594 0. 5.87166191863e-22 0.
1528584765 1 8297.39746094 0. 5.87458146407e-22 0.
1528584801 1 8268.92480469 0. 5.85912192665e-22 0.
1528584862 1 8164.72753906 0. 5.79337791064e-22 0.
1528584922 1 8165.48828125 0. 5.80205797248e-22 0.
1528584982 1 8167.35693359 0. 5.81154230422e-22 0.
1528585042 1 8107.58154297 0. 5.77664114187e-22 0.
1528585102 1 8135.40917969 0. 5.8043208975e-22 0.
1528585163 1 8137.71582031 0. 5.8138725736e-22 0.
1528585223 1 8207.23046875 0. 5.87191077156e-22 0.
1528585283 1 8187.52099609 0. 5.86632972743e-22 0.
1528585343 1 8175.26269531 0. 5.86585055111e-22 0.
1528585403 1 8168.33398438 0. 5.86925972096e-22 0.
1528585463 1 8153.14404297 0. 5.86678041349e-22 0.
1528585523 1 8142.34912109 0. 5.86742438015e-22 0.
1528585584 1 8156.06982422 0. 5.8861847679e-22 0.
1528585644 1 8148.47949219 0. 5.88920762792e-22 0.
1528585691 1 8135.47998047 0. 5.88637659521e-22 0.
1528585738 1 8127.47412109 0. 5.88747978718e-22 0.
1528585798 1 8119.79638672 0. 5.89079240036e-22 0.
1528585858 1 8105.38183594 0. 5.88884157398e-22 0.
1528585918 1 8093.30371094 0. 5.88874462136e-22 0.
1528585979 1 8080.01708984 0. 5.88743858623e-22 0.
1528586039 1 8063.7734375 0. 5.88417309057e-22 0.
1528586099 1 8047.07910156 0. 5.88041499632e-22 0.
1528586154 1 8038.20166016 0. 5.88162575888e-22 0.
1528586210 1 8013.83007812 0. 5.87170421721e-22 0.
1528586270 1 8007.58886719 0. 5.87559646951e-22 0.
1528586330 1 8000.92041016 0. 5.87904145441e-22 0.
1528586388 1 7992.72167969 0. 5.88081106355e-22 0.
1528586445 1 7991.03173828 0. 5.8871914949e-22 0.
1528586505 1 7978.83740234 0. 5.88617973975e-22 0.
1528586565 1 7964.68798828 0. 5.88467679145e-22 0.
1528586625 1 8056.00244141 0. 5.96074652855e-22 0.
1528586686 1 8547.41503906 0. 6.33610141331e-22 0.
1528586746 1 8356.32421875 0. 6.20629707033e-22 0.
1528586806 1 8150.14990234 0. 6.06318873413e-22 0.
1528586867 1 8509.00097656 0. 6.34112585571e-22 0.
1528586927 1 8496.79101562 0. 6.34265051479e-22 0.
1528586987 1 8483.25683594 0. 6.34290443167e-22 0.
1528587047 1 8471.06835938 0. 6.34440611434e-22 0.
1528587102 1 8460.56445312 0. 6.34626374105e-22 0.
1528587157 1 8446.88867188 0. 6.34549714938e-22 0.
1528587218 1 8430.62011719 0. 6.34400843553e-22 0.
1528587269 1 8421.37988281 0. 6.34586053439e-22 0.
1528587320 1 8406.9296875 0. 6.34366020505e-22 0.
1528587381 1 8390.68457031 0. 6.34258880342e-22 0.
1528587441 1 8382.40625 0. 6.34669617612e-22 0.
1528587501 1 8367.1328125 0. 6.34529282318e-22 0.
1528587561 1 8352.88964844 0. 6.34446875356e-22 0.
1528587621 1 8339.11914062 0. 6.34383374137e-22 0.
1528587681 1 8325.67578125 0. 6.34377618495e-22 0.
1528587741 1 8319.16210938 0. 6.34866504341e-22 0.
1528587801 1 8298.62695312 0. 6.34324226983e-22 0.
1528587862 1 8283.30761719 0. 6.34144111427e-22 0.
1528587922 1 8269.2578125 0. 6.34089811781e-22 0.
1528587957 1 8263.953125 0. 6.3425252901e-22 0.
1528587993 1 8256.046875 0. 6.34287223848e-22 0.
1528588053 1 8241.39453125 0. 6.34148475481e-22 0.
1528588113 1 8228.37695312 0. 6.3413948989e-22 0.
1528588173 1 8211.640625 0. 6.33809821717e-22 0.
1528588233 1 8199.83886719 0. 6.33868015374e-22 0.
1528588293 1 8182.60058594 0. 6.33519757831e-22 0.
1528588353 1 8172.19726562 0. 6.33687251964e-22 0.
1528588413 1 8157.55957031 0. 6.33550792647e-22 0.
1528588474 1 8147.01513672 0. 6.33719218095e-22 0.
1528588509 1 8140.24462891 0. 6.33763078281e-22 0.
1528588544 1 8133.49365234 0. 6.33880889889e-22 0.
1528588604 1 8117.50634766 0. 6.33625437338e-22 0.
1528588664 1 8104.31689453 0. 6.33568197679e-22 0.
1528588725 1 8093.49121094 0. 6.33667595848e-22 0.
1528588785 1 8081.00585938 0. 6.33651951874e-22 0.
1528588845 1 8065.16162109 0. 6.33406829823e-22 0.
1528588905 1 8053.25537109 0. 6.33445617179e-22 0.
1528588965 1 8037.59277344 0. 6.33201336812e-22 0.
1528589025 1 8027.50097656 0. 6.33381437318e-22 0.
1528589086 1 8016.25 0. 6.33485874575e-22 0.
1528589146 1 8002.10839844 0. 6.33332822549e-22 0.
1528589206 1 7987.34082031 0. 6.33114234952e-22 0.
1528589266 1 7972.18017578 0. 6.32850564343e-22 0.
1528589326 1 7960.23046875 0. 6.32877781753e-22 0.
1528589386 1 7951.91748047 0. 6.33178499881e-22 0.
1528589447 1 7940.51269531 0. 6.33252063002e-22 0.
1528589507 1 7923.26904297 0. 6.32843182504e-22 0.
1528589567 1 7907.76416016 0. 6.32562310442e-22 0.
1528589627 1 7898.36767578 0. 6.32729333598e-22 0.
1528589687 1 7882.68212891 0. 6.32417064561e-22 0.
1528589747 1 7870.34082031 0. 6.32424871166e-22 0.
1528589807 1 7859.95263672 0. 6.32539713065e-22 0.
1528589867 1 7847.05078125 0. 6.324827804e-22 0.
1528589928 1 7839.25634766 0. 6.32808737389e-22 0.
1528589988 1 7824.06347656 0. 6.32571782812e-22 0.
1528590025 1 7820.40478516 0. 6.32816991547e-22 0.
1528590062 1 7810.23730469 0. 6.3263900812e-22 0.
1528590123 1 7794.57666016 0. 6.3235725481e-22 0.
1528590183 1 7784.51171875 0. 6.32487694603e-22 0.
1528590243 1 7770.29394531 0. 6.32284554963e-22 0.
1528590303 1 7761.0546875 0. 6.32422375563e-22 0.
1528590340 1 7751.61962891 0. 6.32220012523e-22 0.
1528590377 1 7741.38427734 0. 6.31993610074e-22 0.
1528590437 1 7724.51220703 0. 6.31566859753e-22 0.
1528590497 1 7717.76367188 0. 6.31997323695e-22 0.
1528590558 1 7705.08935547 0. 6.31936835767e-22 0.
1528590618 1 7692.59375 0. 6.31881355168e-22 0.
1528590678 1 7679.86621094 0. 6.31783905931e-22 0.
1528590738 1 7670.3125 0. 6.31933952863e-22 0.
1528590798 1 7656.14941406 0. 6.31704477464e-22 0.
1528590858 1 7646.72460938 0. 6.3187226721e-22 0.
1528590918 1 7633.66357422 0. 6.31732634003e-22 0.
1528590979 1 7623.28955078 0. 6.3184351693e-22 0.
1528591039 1 7606.76074219 0. 6.31418676581e-22 0.
1528591099 1 7598.41796875 0. 6.31684106114e-22 0.
1528591159 1 7589.57177734 0. 6.31912213134e-22 0.
1528591219 1 7875.32373047 0. 6.56837331552e-22 0.
1528591279 1 7969.18017578 0. 6.65932886556e-22 0.
1528591339 1 7824.50439453 0. 6.54924051908e-22 0.
1528591399 1 7744.25488281 0. 6.49108257823e-22 0.
1528591455 1 7697.71972656 0. 6.46569070459e-22 0.
1528591510 1 7930.18359375 0. 6.66891022838e-22 0.
1528591570 1 7916.91503906 0. 6.66905304752e-22 0.
1528591630 1 7899.52587891 0. 6.66584648331e-22 0.
1528591666 1 7890.06396484 0. 6.66399560305e-22 0.
1528591676 1 7892.0078125 0. 6.66730282777e-22 0.
1528591712 1 7883.83544922 0. 6.66692723626e-22 0.
1528591772 1 7868.19970703 0. 6.66506305713e-22 0.
1528591832 1 7852.70117188 0. 6.66257638468e-22 0.
1528591893 1 7841.546875 0. 6.66366278488e-22 0.
1528591953 1 7828.74951172 0. 6.66353145141e-22 0.
1528592013 1 7809.16357422 0. 6.65784880586e-22 0.
1528592052 1 7799.18017578 0. 6.65579741047e-22 0.
1528592090 1 7789.61572266 0. 6.65486669201e-22 0.
1528592151 1 7784.09619141 0. 6.66101074865e-22 0.
1528592211 1 7767.84814453 0. 6.65814969651e-22 0.
1528592271 1 7754.18701172 0. 6.65689293441e-22 0.
1528592306 1 7749.54589844 0. 6.6587166715e-22 0.
1528592341 1 7739.25732422 0. 6.65674621048e-22 0.
1528592401 1 7725.64648438 0. 6.65578517712e-22 0.
1528592462 1 7712.73925781 0. 6.65547456636e-22 0.
1528592522 1 7699.29589844 0. 6.65474620619e-22 0.
1528592582 1 7682.44042969 0. 6.65113290443e-22 0.
1528592642 1 7666.49072266 0. 6.64829550193e-22 0.
1528592702 1 7661.17480469 0. 6.65436143652e-22 0.
1528592762 1 7636.00439453 0. 6.64345112934e-22 0.
1528592822 1 7617.19726562 0. 6.63775532003e-22 0.
1528592883 1 7608.18994141 0. 6.64040348332e-22 0.
1528592943 1 7599.40576172 0. 6.64326292369e-22 0.
1528593003 1 7586.99023438 0. 6.64317240375e-22 0.
1528593063 1 7575.07861328 0. 6.64364887805e-22 0.
1528593123 1 7562.69970703 0. 6.64347578989e-22 0.
1528593183 1 7545.55371094 0. 6.63930545207e-22 0.
1528593243 1 7538.39208984 0. 6.64397182113e-22 0.
1528593303 1 7526.52001953 0. 6.64452746958e-22 0.
1528593364 1 7511.65478516 0. 6.64249303147e-22 0.
1528593424 1 7496.60986328 0. 6.63997329657e-22 0.
1528593484 1 7481.26806641 0. 6.63712031571e-22 0.
1528593544 1 7469.59033203 0. 6.63777138783e-22 0.
1528593604 1 7459.47949219 0. 6.63938631997e-22 0.
1528593664 1 7446.45996094 0. 6.63838228376e-22 0.
1528593724 1 7432.35302734 0. 6.6366286191e-22 0.
1528593784 1 7418.80908203 0. 6.63528007157e-22 0.
1528593845 1 7410.90478516 0. 6.63874992177e-22 0.
1528593905 1 7394.83300781 0. 6.63530685576e-22 0.
1528593965 1 7385.64501953 0. 6.63764621116e-22 0.
1528594025 1 7365.22167969 0. 6.62982980191e-22 0.
1528594085 1 7350.52050781 0. 6.62701326311e-22 0.
1528594145 1 7338.22167969 0. 6.62625501248e-22 0.
1528594184 1 7332.68554688 0. 6.62843861924e-22 0.
1528594224 1 7321.78710938 0. 6.62661520405e-22 0.
1528594284 1 7313.11816406 0. 6.62957785607e-22 0.
1528594344 1 7302.79638672 0. 6.63094606051e-22 0.
1528594404 1 7290.48828125 0. 6.63027520228e-22 0.
1528594464 1 7274.81494141 0. 6.62667801531e-22 0.
1528594524 1 7248.48242188 0. 6.6135211015e-22 0.
1528594585 1 7237.42724609 0. 6.61365640975e-22 0.
1528594645 1 7224.23876953 0. 6.61199459529e-22 0.
1528594705 1 7217.43261719 0. 6.61608616139e-22 0.
1528594765 1 7207.96240234 0. 6.61781272954e-22 0.
1528594825 1 7198.11621094 0. 6.61916342171e-22 0.
1528594885 1 7186.30761719 0. 6.61887172986e-22 0.
1528594945 1 7170.16455078 0. 6.61459239793e-22 0.
1528595005 1 7158.39501953 0. 6.61440481243e-22 0.
1528595066 1 7141.75830078 0. 6.60951461883e-22 0.
1528595126 1 7124.01074219 0. 6.60331388172e-22 0.
1528595186 1 7120.60791016 0. 6.61038517864e-22 0.
1528595246 1 7110.00292969 0. 6.61093154494e-22 0.
1528595306 1 7100.56835938 0. 6.61259427585e-22 0.
1528595366 1 7087.44335938 0. 6.61114712135e-22 0.
1528595426 1 7079.18066406 0. 6.61382002219e-22 0.
1528595486 1 7066.16162109 0. 6.61173445911e-22 0.
1528595547 1 7051.91650391 0. 6.60880101011e-22 0.
1528595607 1 7043.74951172 0. 6.61134179633e-22 0.
1528595667 1 7032.45263672 0. 6.61114142618e-22 0.
1528595727 1 7017.79199219 0. 6.60753080055e-22 0.
1528595787 1 7004.33544922 0. 6.60512187262e-22 0.
1528595847 1 6991.59912109 0. 6.60383218851e-22 0.
1528595907 1 6983.09765625 0. 6.60614019029e-22 0.
1528595968 1 6974.00488281 0. 6.6081906233e-22 0.
1528596028 1 6961.16064453 0. 6.60645424839e-22 0.
1528596088 1 6950.19580078 0. 6.60636186028e-22 0.
1528596148 1 6939.85498047 0. 6.60663200046e-22 0.
1528596208 1 6926.44580078 0. 6.60414113049e-22 0.
1528596268 1 6914.86572266 0. 6.60357034943e-22 0.
1528596328 1 6904.72021484 0. 6.60375725604e-22 0.
1528596388 1 6890.06054688 0. 6.59992656998e-22 0.
1528596449 1 6875.11962891 0. 6.5957303501e-22 0.
1528596499 1 6863.65722656 0. 6.59317861851e-22 0.
1528596549 1 6858.86230469 0. 6.59695200462e-22 0.
1528596610 1 6849.74267578 0. 6.59800361692e-22 0.
1528596670 1 6840.39160156 0. 6.59882191279e-22 0.
1528596730 1 6830.04150391 0. 6.59915160957e-22 0.
1528596790 1 6820.11474609 0. 6.59957035084e-22 0.
1528596850 1 6810.48193359 0. 6.60035872468e-22 0.
1528596910 1 6798.85449219 0. 6.59951162693e-22 0.
1528596970 1 6788.64257812 0. 6.59976905152e-22 0.
1528597031 1 6775.80859375 0. 6.59725527382e-22 0.
1528597091 1 6762.96875 0. 6.59455628358e-22 0.
1528597151 1 6749.81787109 0. 6.59191923053e-22 0.
1528597195 1 6736.62402344 0. 6.58675356117e-22 0.
1528597240 1 6738.95800781 0. 6.59614219553e-22 0.
1528597300 1 6726.28173828 0. 6.59382730355e-22 0.
1528597360 1 6716.17382812 0. 6.59420922006e-22 0.
1528597420 1 6700.52929688 0. 6.58852200483e-22 0.
1528597480 1 6688.81933594 0. 6.5869138819e-22 0.
1528597540 1 6675.17285156 0. 6.58294131217e-22 0.
1528597600 1 6664.82470703 0. 6.58283741712e-22 0.
1528597661 1 6653.20214844 0. 6.58110251928e-22 0.
1528597721 1 6646.19238281 0. 6.58423303775e-22 0.
1528597781 1 6635.97021484 0. 6.5841028141e-22 0.
1528597841 1 6626.03222656 0. 6.58417423934e-22 0.
1528597901 1 6615.16943359 0. 6.58330107172e-22 0.
1528597961 1 6605.00097656 0. 6.58315518128e-22 0.
1528598021 1 6595.74365234 0. 6.5841059769e-22 0.
1528598082 1 6585.50439453 0. 6.58335328819e-22 0.
1528598142 1 6572.58300781 0. 6.58044257068e-22 0.
1528598202 1 6563.46386719 0. 6.58131436696e-22 0.
1528598262 1 6554.18115234 0. 6.58209028775e-22 0.
1528598297 1 6544.53857422 0. 6.57732285875e-22 0.
1528598332 1 6538.19921875 0. 6.57745538051e-22 0.
1528598392 1 6532.38720703 0. 6.58125471804e-22 0.
1528598453 1 6521.95019531 0. 6.58026634562e-22 0.
1528598513 1 6511.96386719 0. 6.57999250717e-22 0.
1528598573 1 6498.23095703 0. 6.57592227505e-22 0.
1528598633 1 6491.23242188 0. 6.57776082706e-22 0.
1528598693 1 6482.32421875 0. 6.57869552023e-22 0.
1528598753 1 6469.87207031 0. 6.575970236e-22 0.
1528598813 1 6456.16210938 0. 6.57175002172e-22 0.
1528598874 1 6448.3125 0. 6.57343361914e-22 0.
1528598934 1 6439.36816406 0. 6.57430951571e-22 0.
1528598994 1 6429.46289062 0. 6.57379818386e-22 0.
1528599054 1 6416.69580078 0. 6.57048913972e-22 0.
1528599114 1 6410.09472656 0. 6.57317721324e-22 0.
1528599175 1 6398.64892578 0. 6.57107458492e-22 0.
1528599235 1 6383.15478516 0. 6.56519121917e-22 0.
1528599295 1 6372.75 0. 6.56430456277e-22 0.
1528599355 1 6361.08984375 0. 6.56170319917e-22 0.
1528599415 1 6351.04980469 0. 6.56105922882e-22 0.
1528599456 1 6344.60546875 0. 6.56054458132e-22 0.
1528599497 1 6337.65673828 0. 6.56028375253e-22 0.
1528599558 1 6330.98632812 0. 6.56271144691e-22 0.
1528599618 1 6322.36132812 0. 6.56302690089e-22 0.
1528599678 1 6312.46240234 0. 6.56229704087e-22 0.
1528599738 1 6300.79785156 0. 6.55956835256e-22 0.
1528599773 1 6289.58398438 0. 6.55293083399e-22 0.
1528599808 1 6289.63085938 0. 6.55910679278e-22 0.
1528599869 1 6283.43310547 0. 6.56194436278e-22 0.
1528599929 1 6272.17773438 0. 6.55965868166e-22 0.
1528599989 1 6262.97265625 0. 6.55939065953e-22 0.
1528600049 1 6252.51318359 0. 6.55769259932e-22 0.
1528600109 1 6240.33935547 0. 6.55405907283e-22 0.
1528600169 1 6230.59130859 0. 6.55365016509e-22 0.
1528600229 1 6219.28369141 0. 6.55068659496e-22 0.
1528600289 1 6207.53515625 0. 6.5474780323e-22 0.
1528600350 1 6200.36474609 0. 6.54886037516e-22 0.
1528600410 1 6190.76464844 0. 6.54821733801e-22 0.
1528600470 1 6178.94580078 0. 6.54507135423e-22 0.
1528600530 1 6171.63623047 0. 6.54664849678e-22 0.
1528600590 1 6159.89208984 0. 6.54348499024e-22 0.
1528600650 1 6154.39990234 0. 6.54685023888e-22 0.
1528600711 1 6146.64550781 0. 6.54814250817e-22 0.
1528600771 1 6136.76806641 0. 6.54669946418e-22 0.
1528600831 1 6127.90039062 0. 6.54661332185e-22 0.
1528600891 1 6116.36230469 0. 6.54364253371e-22 0.
1528600951 1 6106.61962891 0. 6.54246102064e-22 0.
1528601011 1 6097.72509766 0. 6.54221246179e-22 0.
1528601071 1 6086.43017578 0. 6.53956629804e-22 0.
1528601132 1 6077.57080078 0. 6.53893898128e-22 0.
1528601192 1 6070.19091797 0. 6.54008813326e-22 0.
1528601252 1 6060.30957031 0. 6.53818052561e-22 0.
1528601312 1 6049.78271484 0. 6.53575267831e-22 0.
1528601372 1 6039.09423828 0. 6.53344511439e-22 0.
1528601432 1 6029.80957031 0. 6.53270696457e-22 0.
1528601493 1 6022.41455078 0. 6.5339009396e-22 0.
1528601553 1 6010.51708984 0. 6.53000348984e-22 0.
1528601613 1 6002.83398438 0. 6.53082844566e-22 0.
1528601673 1 5995.80029297 0. 6.53227712671e-22 0.
1528601733 1 5985.33789062 0. 6.52991017165e-22 0.
1528601793 1 5963.78808594 0. 6.51541511482e-22 0.
1528601853 1 5773.64257812 0. 6.314666173e-22 0.
1528601913 1 5792.9921875 0. 6.34707633212e-22 0.
1528601974 1 5952.28271484 0. 6.52943864766e-22 0.
1528602034 1 5943.20898438 0. 6.52788238588e-22 0.
1528602094 1 5936.66601562 0. 6.52845525498e-22 0.
1528602154 1 5929.69482422 0. 6.52846715654e-22 0.
1528602214 1 5925.20556641 0. 6.53160971309e-22 0.
1528602264 1 5908.18896484 0. 6.51904091979e-22 0.
1528602290 1 2608.21972656 0. 2.91537203839e-22 0.
1528602301 1 569.682250977 0. 6.3315541843e-23 0.
1528602309 1 1056.15307617 0. 1.17128207682e-22 0.
1528602318 1 1547.14196777 0. 1.71383867749e-22 0.
1528602326 1 2358.08935547 0. 2.61215719886e-22 0.
1528602334 1 3237.29125977 0. 3.57801618393e-22 0.
1528602343 1 4155.47753906 0. 4.5974145541e-22 0.
1528602351 1 5106.76220703 0. 5.64373037376e-22 0.
1528602359 1 5537.03125 0. 6.12173132523e-22 0.
1528602368 1 5896.56591797 0. 6.51963593608e-22 0.
1528602376 1 5445.67138672 0. 6.02339917618e-22 0.
1528602385 1 5031.00146484 0. 5.56474961552e-22 0.
1528602393 1 3998.55908203 0. 4.42860248401e-22 0.
1528602402 1 3224.73583984 0. 3.56921362973e-22 0.
1528602410 1 2287.43432617 0. 2.53830235283e-22 0.
1528602418 1 1608.27832031 0. 1.78471787217e-22 0.
1528602427 1 1053.84411621 0. 1.17098756954e-22 0.
1528602435 1 644.874450684 0. 7.1747903057e-23 0.
1528602451 1 2886.14086914 0. 3.2273543104e-22 0.
1528602467 1 769.019958496 0. 8.4673411759e-23 0.
1528602476 1 1312.28515625 0. 1.44476192542e-22 0.
1528602484 1 1859.69226074 0. 2.04479643628e-22 0.
1528602492 1 2699.00268555 0. 2.97412904828e-22 0.
1528602500 1 3531.97045898 0. 3.88982785356e-22 0.
1528602508 1 4388.65722656 0. 4.84830529929e-22 0.
1528602516 1 5184.86621094 0. 5.73308630999e-22 0.
1528602524 1 5576.97265625 0. 6.17858578425e-22 0.
1528602533 1 5871.86279297 0. 6.51414706407e-22 0.
1528602541 1 5485.64746094 0. 6.09254807731e-22 0.
1528602549 1 5085.82519531 0. 5.65254717731e-22 0.
1528602557 1 4146.23144531 0. 4.6143846854e-22 0.
1528602565 1 3517.91992188 0. 3.91402608353e-22 0.
1528602573 1 2534.94287109 0. 2.82669568927e-22 0.
1528602581 1 1859.13684082 0. 2.07465552524e-22 0.
1528602589 1 1228.87939453 0. 1.37447424909e-22 0.
1528602598 1 791.331542969 0. 8.86993574154e-23 0.
1528602606 1 2698.60913086 0. 3.03419739362e-22 0.
1528602641 1 5858.08447266 0. 6.51286651223e-22 0.
1528602701 1 5853.88867188 0. 6.51674351739e-22 0.
1528602756 1 5848.21875 0. 6.51862361565e-22 0.
1528602811 1 5839.09472656 0. 6.51664198648e-22 0.
1528602871 1 5828.11865234 0. 6.5131346144e-22 0.
1528602931 1 5821.04931641 0. 6.51394358318e-22 0.
1528602992 1 5811.45703125 0. 6.51181001163e-22 0.
1528603052 1 5805.07177734 0. 6.51360827221e-22 0.
1528603112 1 5795.06835938 0. 6.51077200854e-22 0.
1528603172 1 5787.01220703 0. 6.51070087125e-22 0.
1528603232 1 5775.28955078 0. 6.50620661184e-22 0.
1528603292 1 5767.96728516 0. 6.50619207349e-22 0.
1528603352 1 5759.29345703 0. 6.50531740024e-22 0.
1528603412 1 5751.85253906 0. 6.50532632668e-22 0.
1528603449 1 4326.32128906 0. 4.9455211917e-22 0.
1528603485 1 0.125687941909 0. 0.0 0.
