1528733921 1 18373.3378906 0. 6.38094632244e-22 0.
1528733967 1 18350.9765625 0. 6.38009774219e-22 0.
1528733989 1 18326.2402344 0. 6.37476882527e-22 0.
1528734001 1 18319.4375 0. 6.37432030249e-22 0.
1528734017 1 18311.5039062 0. 6.37454694792e-22 0.
1528734058 1 18287.8730469 0. 6.37274697046e-22 0.
1528734118 1 18234.5898438 0. 6.36351788217e-22 0.
1528734153 1 18220.6054688 0. 6.36416389022e-22 0.
1528734163 1 18205.3300781 0. 6.36006217128e-22 0.
1528734199 1 18173.6191406 0. 6.35506279799e-22 0.
1528734259 1 18098.5957031 0. 6.33837461218e-22 0.
1528734319 1 18058.1230469 0. 6.33396750549e-22 0.
1528734379 1 17558.1816406 0. 6.16761679032e-22 0.
1528734424 1 17387.8632812 0. 6.11447604302e-22 0.
1528734470 1 17069.3359375 0. 6.01006910305e-22 0.
1528734530 1 18024.5214844 0. 6.35460841186e-22 0.
1528734585 1 18071.1132812 0. 6.37959654652e-22 0.
1528734640 1 18029.703125 0. 6.37373189773e-22 0.
1528734700 1 17995.4648438 0. 6.37101686856e-22 0.
1528734760 1 17960.7167969 0. 6.36806199936e-22 0.
1528734821 1 17921.8300781 0. 6.36345347596e-22 0.
1528734856 1 17906.5585938 0. 6.36333992378e-22 0.
1528734866 1 17903.5234375 0. 6.36382122378e-22 0.
1528734901 1 17866.4472656 0. 6.3562951578e-22 0.
1528734961 1 17830.0214844 0. 6.35262375914e-22 0.
1528735006 1 17788.9296875 0. 6.34498844777e-22 0.
1528735051 1 17775.8828125 0. 6.34700280373e-22 0.
1528735112 1 17727.1484375 0. 6.33876238709e-22 0.
1528735172 1 17722.2441406 0. 6.3461270775e-22 0.
1528735232 1 17684.6757812 0. 6.34180713528e-22 0.
1528735292 1 17669.4257812 0. 6.34527278482e-22 0.
1528735352 1 17620.0761719 0. 6.33638666354e-22 0.
1528735412 1 17583.8847656 0. 6.33217124641e-22 0.
1528735473 1 17518.3808594 0. 6.31771037619e-22 0.
1528735533 1 17469.3125 0. 6.30871689716e-22 0.
1528735593 1 17450.3066406 0. 6.31060052376e-22 0.
1528735653 1 17430.8769531 0. 6.31230372501e-22 0.
1528735713 1 17398.1367188 0. 6.30946726922e-22 0.
1528735773 1 17357.7617188 0. 6.3035985647e-22 0.
1528735832 1 17324.7324219 0. 6.30034099189e-22 0.
1528735891 1 17297.6660156 0. 6.2991798394e-22 0.
1528735951 1 17257.2578125 0. 6.29394442201e-22 0.
1528736011 1 17218.8320312 0. 6.28860165985e-22 0.
1528736071 1 17182.84375 0. 6.28408529889e-22 0.
1528736132 1 17134.796875 0. 6.27511194522e-22 0.
1528736189 1 17109.6621094 0. 6.2742880651e-22 0.
1528736246 1 17068.3828125 0. 6.26748950843e-22 0.
1528736306 1 17060.953125 0. 6.27335952893e-22 0.
1528736366 1 17013.7929688 0. 6.26490974644e-22 0.
1528736426 1 16975.1152344 0. 6.2592344079e-22 0.
1528736487 1 16933.4316406 0. 6.25240900776e-22 0.
1528736537 1 16607.7246094 0. 6.13950403384e-22 0.
1528736565 1 16395.6835938 0. 6.06462219894e-22 0.
1528736603 1 15791.2744141 0. 5.84714775577e-22 0.
1528736660 1 16829.5507812 0. 6.2386762475e-22 0.
1528736693 1 16837.7714844 0. 6.24621253261e-22 0.
1528736703 1 16874.3144531 0. 6.26121687696e-22 0.
1528736738 1 16956.3945312 0. 6.29676496188e-22 0.
1528736799 1 16914.3613281 0. 6.28964946858e-22 0.
1528736859 1 16879.2304688 0. 6.28506676513e-22 0.
1528736919 1 16845.5917969 0. 6.28121436395e-22 0.
1528736979 1 16829.765625 0. 6.28298092977e-22 0.
1528737039 1 16814.328125 0. 6.28423131393e-22 0.
1528737099 1 16806.109375 0. 6.28877385947e-22 0.
1528737159 1 16799.2070312 0. 6.29197805087e-22 0.
1528737220 1 16790.359375 0. 6.29601982929e-22 0.
1528737280 1 16729.6972656 0. 6.2801388153e-22 0.
1528737340 1 16669.4238281 0. 6.26593882256e-22 0.
1528737400 1 16631.90625 0. 6.26030499834e-22 0.
1528737460 1 16671.7285156 0. 6.28397677942e-22 0.
1528737520 1 16865.4609375 0. 6.36618119898e-22 0.
1528737580 1 16840.4375 0. 6.36602814307e-22 0.
1528737640 1 16823.328125 0. 6.36892435007e-22 0.
1528737701 1 16782.2148438 0. 6.36237727165e-22 0.
1528737761 1 16765.1054688 0. 6.36513469019e-22 0.
1528737821 1 16734.9042969 0. 6.36266375157e-22 0.
1528737881 1 16711.8046875 0. 6.36276426924e-22 0.
1528737941 1 16680.2128906 0. 6.35961888739e-22 0.
1528737986 1 16647.6894531 0. 6.35387750314e-22 0.
1528738031 1 16615.7714844 0. 6.34854005554e-22 0.
1528738091 1 16559.7402344 0. 6.33601443743e-22 0.
1528738151 1 16543.5742188 0. 6.33872058301e-22 0.
1528738212 1 16494.2675781 0. 6.3287490435e-22 0.
1528738272 1 16461.5703125 0. 6.3249240594e-22 0.
1528738332 1 16422.1210938 0. 6.31861526148e-22 0.
1528738392 1 16406.7539062 0. 6.3215147562e-22 0.
1528738452 1 16347.6347656 0. 6.30733405844e-22 0.
1528738513 1 16311.7460938 0. 6.30192630361e-22 0.
1528738573 1 16312.1894531 0. 6.31067173025e-22 0.
1528738633 1 16318.0878906 0. 6.32186082165e-22 0.
1528738693 1 16294.9453125 0. 6.32151498686e-22 0.
1528738753 1 16262.9775391 0. 6.31791065722e-22 0.
1528738813 1 16221.0478516 0. 6.31063443098e-22 0.
1528738874 1 16172.4394531 0. 6.30014765475e-22 0.
1528738934 1 16163.1816406 0. 6.30509777767e-22 0.
1528738994 1 16123.8798828 0. 6.29844143616e-22 0.
1528739054 1 16085.4169922 0. 6.29162792012e-22 0.
1528739089 1 16071.2392578 0. 6.29151775103e-22 0.
1528739125 1 16051.0898438 0. 6.28869869342e-22 0.
1528739185 1 16022.5390625 0. 6.28622183314e-22 0.
1528739245 1 15952.9931641 0. 6.26764505293e-22 0.
1528739305 1 15910.0605469 0. 6.25924386401e-22 0.
1528739365 1 15890.8798828 0. 6.26006359668e-22 0.
1528739426 1 15888.9570312 0. 6.26794254035e-22 0.
1528739486 1 15862.1367188 0. 6.2657626098e-22 0.
1528739546 1 15815.5380859 0. 6.25585817057e-22 0.
1528739606 1 15855.0761719 0. 6.2800554625e-22 0.
1528739643 1 15816.4462891 0. 6.2694620681e-22 0.
1528739679 1 15818.9267578 0. 6.27593697625e-22 0.
1528739739 1 15780.3378906 0. 6.26933594092e-22 0.
1528739800 1 15723.3378906 0. 6.25503383297e-22 0.
1528739860 1 15711.4130859 0. 6.25875607425e-22 0.
1528739920 1 15649.0546875 0. 6.24259941753e-22 0.
1528739980 1 15614.1777344 0. 6.23720935383e-22 0.
1528740040 1 15575.6650391 0. 6.22998189064e-22 0.
1528740100 1 15527.9033203 0. 6.21928165441e-22 0.
1528740143 1 15488.3076172 0. 6.2089925399e-22 0.
1528740185 1 15476.1513672 0. 6.21022516072e-22 0.
1528740246 1 15447.5976562 0. 6.20732593197e-22 0.
1528740306 1 15427.0244141 0. 6.20739773659e-22 0.
1528740366 1 15377.2587891 0. 6.19530216841e-22 0.
1528740427 1 15396.5087891 0. 6.21143266553e-22 0.
1528740487 1 15347.2880859 0. 6.19971726202e-22 0.
1528740547 1 15322.5244141 0. 6.19793055544e-22 0.
1528740607 1 15274.6298828 0. 6.18662521312e-22 0.
1528740667 1 15253.4375 0. 6.18663755732e-22 0.
1528740727 1 15247.9765625 0. 6.19273038663e-22 0.
1528740787 1 15230.0419922 0. 6.1936956103e-22 0.
1528740847 1 15207.0615234 0. 6.19276061976e-22 0.
1528740908 1 15172.1660156 0. 6.18652547419e-22 0.
1528740968 1 15146.5136719 0. 6.18417141392e-22 0.
1528741028 1 15023.5126953 0. 6.14220525907e-22 0.
1528741088 1 15083.3359375 0. 6.17478993511e-22 0.
1528741125 1 15058.0869141 0. 6.1690225504e-22 0.
1528741162 1 15054.2724609 0. 6.17315774381e-22 0.
1528741222 1 15008.5332031 0. 6.16242416037e-22 0.
1528741282 1 15038.0488281 0. 6.1827419089e-22 0.
1528741343 1 14973.1992188 0. 6.16440227587e-22 0.
1528741381 1 9779.74511719 0. 4.057385403e-22 0.
1528741419 1 0.248292535543 0. 0.0 0.
1528741479 1 0.202890858054 0. 0.0 0.
1528741540 1 0.187739789486 0. 0.0 0.
1528741600 1 0.0 0. 0.0 0.
1528745037 1 0.0 0. 0.0 0.
