1529996188 1 3.05119895935 0. 1.63488109204e-24 0.
1529996249 1 3.01278614998 0. 1.61634081785e-24 0.
1529996309 1 3.07650947571 0. 1.65234257869e-24 0.
1529996369 1 3.07922792435 0. 1.655633522e-24 0.
1529996404 1 3.08074140549 0. 1.65781256796e-24 0.
1529996439 1 4.13228559494 0. 2.2243202725e-24 0.
1529996500 1 7.81069564819 0. 4.20698946144e-24 0.
1529996560 1 9.46675682068 0. 5.10386980737e-24 0.
1529996620 1 9.74248027802 0. 5.25782504821e-24 0.
1529996680 1 9.84439468384 0. 5.31745475771e-24 0.
1529996740 1 9.8021068573 0. 5.30015275703e-24 0.
1529996800 1 9.85472869873 0. 5.33335594461e-24 0.
1529996856 1 9.88887214661 0. 5.35674344859e-24 0.
1529996912 1 9.78490638733 0. 5.3048035584e-24 0.
1529996972 1 9.94748973846 0. 5.39803068443e-24 0.
1529997032 1 10.1278476715 0. 5.50050245558e-24 0.
1529997092 1 10.4245138168 0. 5.66669278542e-24 0.
1529997139 1 10.4093914032 0. 5.66272606212e-24 0.
1529997185 1 10.3210039139 0. 5.61852422124e-24 0.
1529997245 1 10.4992008209 0. 5.72037935536e-24 0.
1529997303 1 10.6107387543 0. 5.78585665494e-24 0.
1529997360 1 10.4050455093 0. 5.67860791867e-24 0.
1529997420 1 10.4729442596 0. 5.7205320999e-24 0.
1529997480 1 10.4529333115 0. 5.71456704364e-24 0.
1529997529 1 10.4892940521 0. 5.73856154271e-24 0.
1529997578 1 10.5637388229 0. 5.78337922288e-24 0.
1529997639 1 10.7247266769 0. 5.8761866672e-24 0.
1529997699 1 10.7404785156 0. 5.89003120637e-24 0.
1529997759 1 10.672624588 0. 5.8576581268e-24 0.
1529997819 1 10.5764837265 0. 5.81001918666e-24 0.
1529997879 1 10.5496740341 0. 5.79985591917e-24 0.
1529997940 1 10.2557106018 0. 5.64355238111e-24 0.
1529998000 1 10.2424173355 0. 5.64067825411e-24 0.
1529998060 1 9.8098115921 0. 5.40704563661e-24 0.
1529998120 1 9.84916687012 0. 5.43291237582e-24 0.
1529998180 1 9.9006023407 0. 5.46573557048e-24 0.
1529998240 1 9.9316072464 0. 5.48695310877e-24 0.
1529998300 1 9.6375579834 0. 5.32923273555e-24 0.
1529998360 1 9.77075195312 0. 5.40706177536e-24 0.
1529998421 1 9.86770534515 0. 5.46470335012e-24 0.
1529998481 1 9.93928146362 0. 5.50889509433e-24 0.
1529998541 1 9.88905906677 0. 5.48579411792e-24 0.
1529998601 1 9.93201828003 0. 5.51359559388e-24 0.
1529998661 1 9.88810157776 0. 5.49370825897e-24 0.
1529998700 1 9.9255695343 0. 5.51744337963e-24 0.
1529998739 1 9.90573406219 0. 5.50942998835e-24 0.
1529998800 1 9.80361366272 0. 5.45677228231e-24 0.
1529998860 1 9.92835140228 0. 5.53074442333e-24 0.
1529998920 1 9.83155822754 0. 5.48103768974e-24 0.
1529998980 1 9.6151714325 0. 5.36493245463e-24 0.
1529999025 1 9.6017036438 0. 5.36034743502e-24 0.
1529999069 1 9.62298965454 0. 5.37561135069e-24 0.
1529999130 1 9.6192779541 0. 5.3776290441e-24 0.
1529999190 1 9.61354160309 0. 5.37885882465e-24 0.
1529999250 1 9.61553001404 0. 5.38360182256e-24 0.
1529999310 1 9.61877822876 0. 5.38959304888e-24 0.
1529999370 1 9.64192867279 0. 5.40688320953e-24 0.
1529999430 1 9.68124485016 0. 5.43315607615e-24 0.
1529999490 1 9.69062805176 0. 5.44247417888e-24 0.
1529999551 1 9.62773990631 0. 5.41156959365e-24 0.
1529999611 1 9.54485607147 0. 5.36903344649e-24 0.
1529999671 1 9.56395816803 0. 5.38394699999e-24 0.
1529999731 1 9.69537734985 0. 5.46192804998e-24 0.
1529999791 1 9.69348526001 0. 5.46456648027e-24 0.
1529999851 1 9.67584896088 0. 5.45892901919e-24 0.
1529999911 1 9.63189125061 0. 5.4390091673e-24 0.
1529999971 1 9.57347488403 0. 5.40990474927e-24 0.
1530000032 1 9.58595943451 0. 5.4208389403e-24 0.
1530000092 1 9.68201637268 0. 5.47905687624e-24 0.
1530000152 1 9.76073551178 0. 5.52774958084e-24 0.
1530000212 1 9.81287670135 0. 5.56120503315e-24 0.
1530000272 1 9.69348239899 0. 5.49767851926e-24 0.
1530000332 1 9.8389673233 0. 5.58417970729e-24 0.
1530000392 1 9.78581809998 0. 5.5588707862e-24 0.
1530000452 1 9.77469921112 0. 5.5561432852e-24 0.
1530000513 1 9.75391674042 0. 5.54816794323e-24 0.
1530000573 1 9.94928836823 0. 5.66356489545e-24 0.
1530000633 1 9.87645149231 0. 5.62664106753e-24 0.
1530000693 1 10.0653238297 0. 5.73808322424e-24 0.
1530000753 1 10.0484600067 0. 5.7324372235e-24 0.
1530000813 1 10.0800256729 0. 5.75471291236e-24 0.
1530000873 1 9.98488044739 0. 5.70453966693e-24 0.
1530000933 1 9.89500999451 0. 5.65784959518e-24 0.
1530000993 1 9.68757915497 0. 5.54312642039e-24 0.
1530001054 1 9.81906318665 0. 5.62190170615e-24 0.
1530001114 1 9.83019733429 0. 5.63216835654e-24 0.
1530001174 1 9.80574512482 0. 5.62158945419e-24 0.
1530001234 1 9.78747272491 0. 5.61555707818e-24 0.
1530001294 1 9.59379673004 0. 5.50847609573e-24 0.
1530001354 1 9.5826997757 0. 5.50672879797e-24 0.
1530001415 1 9.6182756424 0. 5.53083725249e-24 0.
1530001475 1 9.63532733917 0. 5.54435245829e-24 0.
1530001535 1 9.59974956512 0. 5.52782905507e-24 0.
1530001595 1 9.61052417755 0. 5.53735628032e-24 0.
1530001655 1 9.62861442566 0. 5.55242235527e-24 0.
1530001715 1 9.68095302582 0. 5.58662677541e-24 0.
1530001775 1 9.67172431946 0. 5.5850214227e-24 0.
1530001835 1 9.59356594086 0. 5.54390744498e-24 0.
1530001896 1 9.73962116241 0. 5.63192939823e-24 0.
1530001956 1 9.82294559479 0. 5.68430416458e-24 0.
1530002016 1 9.78621387482 0. 5.66661788471e-24 0.
1530002076 1 9.84227752686 0. 5.70260155974e-24 0.
1530002136 1 9.96478271484 0. 5.7777638345e-24 0.
1530002196 1 9.9523267746 0. 5.77492834715e-24 0.
1530002250 1 9.92926883698 0. 5.76476671857e-24 0.
1530002304 1 9.88143253326 0. 5.74106548576e-24 0.
1530002364 1 9.78158092499 0. 5.68695760612e-24 0.
1530002424 1 9.71146297455 0. 5.64966221385e-24 0.
1530002484 1 9.47940349579 0. 5.51854146247e-24 0.
1530002545 1 9.73339366913 0. 5.67034320033e-24 0.
1530002605 1 9.80289649963 0. 5.71482004704e-24 0.
1530002665 1 9.80591678619 0. 5.72014297298e-24 0.
1530002725 1 9.67942047119 0. 5.65050978867e-24 0.
1530002785 1 9.6961107254 0. 5.66368527981e-24 0.
1530002845 1 9.62032604218 0. 5.62347147034e-24 0.
1530002906 1 9.50436687469 0. 5.5600128954e-24 0.
1530002966 1 9.40028095245 0. 5.50269173638e-24 0.
1530003026 1 9.7885427475 0. 5.73363477187e-24 0.
1530003086 1 9.8016204834 0. 5.7450199481e-24 0.
1530003146 1 9.77945995331 0. 5.736093794e-24 0.
1530003206 1 9.85382843018 0. 5.78371888368e-24 0.
1530003266 1 9.79846286774 0. 5.75542734406e-24 0.
1530003316 1 9.76826572418 0. 5.74082203521e-24 0.
1530003344 1 9.87610721588 0. 5.80545385869e-24 0.
1530003382 1 9.8626241684 0. 5.79962406454e-24 0.
1530003442 1 9.93086338043 0. 5.84381626374e-24 0.
1530003502 1 10.2175779343 0. 6.01644860327e-24 0.
1530003562 1 10.2149934769 0. 6.01921991604e-24 0.
1530003622 1 1.35140013695 0. 7.97155137236e-25 0.
1530003682 1 0.176077187061 0. 1.04177789563e-25 0.
1530003742 1 0.177968010306 0. 1.05363952435e-25 0.
1530003802 1 0.170674994588 0. 1.01075968999e-25 0.
1530003863 1 0.0420701317489 0. 2.49250592718e-26 0.
1530003923 1 0.00945501122624 0. 5.5959824472e-27 0.
1530003983 1 0.00931523367763 0. 5.51095786834e-27 0.
1530004043 1 0.00895637832582 0. 5.31108858384e-27 0.
1530004103 1 0.00898019969463 0. 5.3148456397e-27 0.
1530004163 1 0.00936610903591 0. 5.55754999058e-27 0.
1530004223 1 0.0093367761001 0. 5.53680666085e-27 0.
1530004283 1 0.00937012862414 0. 5.56542593296e-27 0.
1530004343 1 0.0095436014235 0. 5.66768317996e-27 0.
1530004404 1 0.00918893329799 0. 5.45682077987e-27 0.
1530004464 1 0.00933769065887 0. 5.54882137036e-27 0.
1530004524 1 0.00905587244779 0. 5.39193137218e-27 0.
1530004584 1 0.00940343271941 0. 5.59875706266e-27 0.
1530004644 1 0.00913890544325 0. 5.44825745516e-27 0.
1530004704 1 0.00939244311303 0. 5.59729487436e-27 0.
1530004764 1 0.00926487799734 0. 5.52585062749e-27 0.
1530004824 1 0.00938027538359 0. 5.61394190443e-27 0.
1530004878 1 0.00904141645879 0. 5.41065568875e-27 0.
1530004907 1 0.00933334138244 0. 5.60552112716e-27 0.
1530004942 1 0.00937143340707 0. 5.60037497155e-27 0.
1530005003 1 0.00953014753759 0. 5.68639673176e-27 0.
1530005063 1 0.00917997397482 0. 5.50008298927e-27 0.
1530005123 1 0.00896472483873 0. 5.36948190416e-27 0.
1530005183 1 0.00930259376764 0. 5.57548351906e-27 0.
1530005233 1 0.00941550917923 0. 5.65296825643e-27 0.
1530005274 1 0.00903876684606 0. 5.42368971804e-27 0.
1530005314 1 0.00900287460536 0. 5.41071651816e-27 0.
1530005354 1 0.00934635661542 0. 5.62073844436e-27 0.
1530005394 1 0.00904640275985 0. 5.44618574914e-27 0.
1530005435 1 0.00889083277434 0. 5.34343488172e-27 0.
1530005475 1 0.00897481013089 0. 5.41041490813e-27 0.
1530005515 1 0.00909399986267 0. 5.46711747624e-27 0.
1530005555 1 0.00922768749297 0. 5.57275276204e-27 0.
1530005586 1 0.00892247445881 0. 5.39308558793e-27 0.
1530005616 1 0.00888718664646 0. 5.3574154623e-27 0.
1530005657 1 0.0089961476624 0. 5.42896588205e-27 0.
1530005697 1 0.00885428395122 0. 5.33977754669e-27 0.
1530005737 1 0.00945957750082 0. 5.70747904712e-27 0.
1530005777 1 0.00943368300796 0. 5.69334412313e-27 0.
1530005818 1 0.00915742665529 0. 5.52568228639e-27 0.
1530005858 1 0.00940576940775 0. 5.67873047835e-27 0.
1530005898 1 0.0088252229616 0. 5.32718393022e-27 0.
1530005938 1 0.00924547761679 0. 5.58990662901e-27 0.
1530005979 1 0.00921662058681 0. 5.57222744087e-27 0.
1530006017 1 0.00882970634848 0. 5.34543934567e-27 0.
1530006055 1 0.00906855612993 0. 5.48163417456e-27 0.
1530006095 1 0.00875100772828 0. 5.2971126897e-27 0.
1530006130 1 0.00888902321458 0. 5.37293967827e-27 0.
1530006158 1 0.0091978861019 0. 5.57610658085e-27 0.
1530006179 1 0.083554930985 0. 5.07964962022e-26 0.
1530006214 1 0.164229139686 0. 9.98536903035e-26 0.
1530006248 1 0.692513525486 0. 4.20643188954e-25 0.
1530006281 1 1.22190570831 0. 7.42367413239e-25 0.
1530006314 1 1.85885059834 0. 1.12942947153e-24 0.
1530006406 1 2.44674372673 0. 1.48764499412e-24 0.
1530006500 1 6.1264462471 0. 3.72608916772e-24 0.
1530006578 1 10.0796508789 0. 6.13360196315e-24 0.
1530006656 1 14.0639333725 0. 8.5629283688e-24 0.
1530006728 1 17.7665462494 0. 1.08233309169e-23 0.
1530006801 1 21.7257137299 0. 1.32412350184e-23 0.
1530006869 1 26.4517765045 0. 1.61328777542e-23 0.
1530006936 1 40.4572601318 0. 2.46831154732e-23 0.
1530006994 1 53.0661773682 0. 3.23867096001e-23 0.
1530007052 1 76.8086853027 0. 4.68887054773e-23 0.
1530007105 1 99.6514129639 0. 6.08534751608e-23 0.
1530007158 1 145.94241333 0. 8.9136974616e-23 0.
1530007192 1 198.366073608 0. 1.21164842173e-22 0.
1530007227 1 260.318969727 0. 1.59037234725e-22 0.
1530007252 1 331.21081543 0. 2.02332163435e-22 0.
1530007277 1 403.657989502 0. 2.46649529849e-22 0.
1530007298 1 497.212554932 0. 3.03798641295e-22 0.
1530007319 1 585.639221191 0. 3.57936148013e-22 0.
1530007335 1 703.784973145 0. 4.30111899051e-22 0.
1530007353 1 805.763000488 0. 4.92645597987e-22 0.
1530007368 1 932.741149902 0. 5.70233517475e-22 0.
1530007383 1 866.001525879 0. 5.2967424012e-22 0.
1530007399 1 809.108947754 0. 4.94995935411e-22 0.
1530007415 1 679.702148438 0. 4.1612417748e-22 0.
1530007434 1 603.159606934 0. 3.69385187257e-22 0.
1530007453 1 491.3855896 0. 3.01143195146e-22 0.
1530007476 1 424.359100342 0. 2.60151248441e-22 0.
1530007499 1 333.675872803 0. 2.04699315012e-22 0.
1530007528 1 277.740631104 0. 1.70482776137e-22 0.
1530007557 1 199.497970581 0. 1.22566425622e-22 0.
1530007599 1 154.324783325 0. 9.48812964084e-23 0.
1530007641 1 105.122802734 0. 6.46969319043e-23 0.
1530007699 1 73.3191070557 0. 4.51661644446e-23 0.
1530007757 1 51.7839775085 0. 3.19306595084e-23 0.
1530007820 1 35.2170257568 0. 2.17384676653e-23 0.
1530007883 1 27.7098007202 0. 1.71182614001e-23 0.
1530007951 1 22.2662906647 0. 1.37682891724e-23 0.
1530008018 1 17.4735794067 0. 1.08146242671e-23 0.
1530008091 1 13.9433965683 0. 8.63786936784e-24 0.
1530008164 1 9.80302047729 0. 6.07908683819e-24 0.
1530008241 1 6.57029724121 0. 4.07907387645e-24 0.
1530008320 1 3.9044110775 0. 2.42694305225e-24 0.
1530008353 1 1.4270979166 0. 8.87830777004e-25 0.
1530008387 1 0.701641499996 0. 4.36718544705e-25 0.
1530008420 1 0.186112597585 0. 1.16029025382e-25 0.
1530008456 1 0.0857738479972 0. 5.34995011584e-26 0.
1530008491 1 0.00958754122257 0. 5.97441446464e-27 0.
1530008528 1 0.00948283355683 0. 5.91553804597e-27 0.
1530008554 1 0.00965458899736 0. 6.01495342354e-27 0.
1530008595 1 0.00917121488601 0. 5.71720884003e-27 0.
1530008635 1 0.00935220625252 0. 5.82518195295e-27 0.
1530008675 1 0.00919506046921 0. 5.72931623608e-27 0.
1530008715 1 0.00913421809673 0. 5.70377733173e-27 0.
1530008756 1 0.00936623290181 0. 5.85118645412e-27 0.
1530008796 1 0.00906992889941 0. 5.65702659792e-27 0.
1530008846 1 0.00884599611163 0. 5.53256236616e-27 0.
1530008904 1 0.00888799782842 0. 5.55606623738e-27 0.
1530008963 1 0.00893332902342 0. 5.58924379083e-27 0.
1530009023 1 0.00915034301579 0. 5.73568526393e-27 0.
1530009083 1 0.00886383838952 0. 5.54952304463e-27 0.
1530009143 1 0.00878787785769 0. 5.52214832168e-27 0.
1530009204 1 0.00874911062419 0. 5.48604923847e-27 0.
1530009264 1 0.00889434665442 0. 5.58540016697e-27 0.
1530009324 1 0.34022167325 0. 2.13033626315e-25 0.
1530009384 1 101.571578979 0. 6.35967169532e-23 0.
1530009444 1 881.101257324 0. 5.51446926742e-22 0.
1530009479 1 906.802612305 0. 5.67930772936e-22 0.
1530009515 1 831.471435547 0. 5.21241536538e-22 0.
1530009575 1 584.83795166 0. 3.67447318894e-22 0.
1530009635 1 895.441650391 0. 5.62437920391e-22 0.
1530009674 1 903.257568359 0. 5.67770514322e-22 0.
1530009712 1 871.188537598 0. 5.4805113711e-22 0.
1530009773 1 900.791442871 0. 5.67331317559e-22 0.
1530009833 1 911.598876953 0. 5.74783154037e-22 0.
1530009893 1 910.856506348 0. 5.7496114295e-22 0.
1530009953 1 909.722961426 0. 5.74754540758e-22 0.
1530009996 1 909.701843262 0. 5.75190648387e-22 0.
1530010039 1 908.875610352 0. 5.75033236302e-22 0.
1530010077 1 909.202941895 0. 5.75534107961e-22 0.
1530010114 1 906.929443359 0. 5.74420755393e-22 0.
1530010174 1 907.608642578 0. 5.75461470429e-22 0.
1530010234 1 904.668884277 0. 5.74146283265e-22 0.
1530010295 1 902.954528809 0. 5.73724267327e-22 0.
1530010355 1 901.430786133 0. 5.73431070758e-22 0.
1530010392 1 899.806518555 0. 5.72822912137e-22 0.
1530010404 1 898.471862793 0. 5.7208054664e-22 0.
1530010425 1 898.997314453 0. 5.72664458302e-22 0.
1530010470 1 897.393188477 0. 5.7215048334e-22 0.
1530010520 1 896.608215332 0. 5.72213309717e-22 0.
1530010570 1 896.260681152 0. 5.72513933518e-22 0.
1530010630 1 895.60168457 0. 5.72701648969e-22 0.
1530010690 1 895.167053223 0. 5.72780428546e-22 0.
1530010737 1 894.708557129 0. 5.727803552e-22 0.
1530010784 1 893.712036133 0. 5.72409945046e-22 0.
1530010819 1 892.57220459 0. 5.71920135433e-22 0.
1530010854 1 892.304748535 0. 5.7206431118e-22 0.
1530010914 1 890.598266602 0. 5.7153081279e-22 0.
1530010974 1 888.862182617 0. 5.710432471e-22 0.
1530011035 1 887.611022949 0. 5.70867571494e-22 0.
1530011095 1 886.342224121 0. 5.70687430883e-22 0.
1530011148 1 885.555908203 0. 5.70665043644e-22 0.
1530011202 1 884.611633301 0. 5.70470377476e-22 0.
1530011262 1 884.337402344 0. 5.70703617867e-22 0.
1530011322 1 883.365356445 0. 5.70441626129e-22 0.
1530011382 1 882.470275879 0. 5.70202637199e-22 0.
1530011442 1 881.110107422 0. 5.69893140706e-22 0.
1530011502 1 879.479675293 0. 5.69464099534e-22 0.
1530011545 1 878.32244873 0. 5.69161792373e-22 0.
1530011587 1 877.817504883 0. 5.69318294145e-22 0.
1530011648 1 876.789672852 0. 5.69278046969e-22 0.
1530011708 1 876.609008789 0. 5.6953645797e-22 0.
1530011768 1 875.840637207 0. 5.69364330382e-22 0.
1530011828 1 875.871826172 0. 5.69757374499e-22 0.
1530011888 1 875.598876953 0. 5.69924046985e-22 0.
1530011948 1 874.502807617 0. 5.69644881586e-22 0.
1530012008 1 872.638916016 0. 5.68995531195e-22 0.
1530012069 1 871.884216309 0. 5.69134357782e-22 0.
1530012129 1 871.843994141 0. 5.69679572212e-22 0.
1530012189 1 871.810119629 0. 5.7009413945e-22 0.
1530012249 1 871.263000488 0. 5.70147956906e-22 0.
1530012309 1 870.81060791 0. 5.70177586018e-22 0.
1530012370 1 870.173400879 0. 5.70116183729e-22 0.
1530012430 1 868.530212402 0. 5.69388357794e-22 0.
1530012490 1 866.013549805 0. 5.68360006944e-22 0.
1530012550 1 865.155639648 0. 5.68426448984e-22 0.
1530012606 1 864.393310547 0. 5.685195872e-22 0.
1530012647 1 864.902954102 0. 5.69185689266e-22 0.
1530012693 1 863.917907715 0. 5.6881132037e-22 0.
1530012737 1 863.062866211 0. 5.68477213047e-22 0.
1530012781 1 863.257873535 0. 5.68837571261e-22 0.
1530012841 1 862.215881348 0. 5.68458648234e-22 0.
1530012901 1 862.342285156 0. 5.68856854587e-22 0.
1530012953 1 861.153381348 0. 5.68437572733e-22 0.
1530012980 1 309.837615967 0. 2.04948144837e-22 0.
1530012990 1 104.482818604 0. 6.89467991287e-23 0.
1530012999 1 176.657012939 0. 1.16642067267e-22 0.
1530013007 1 266.190246582 0. 1.75745531426e-22 0.
1530013016 1 369.951965332 0. 2.44383960695e-22 0.
1530013024 1 513.244934082 0. 3.3903245772e-22 0.
1530013032 1 617.222900391 0. 4.07872679565e-22 0.
1530013041 1 757.054748535 0. 5.00317527006e-22 0.
1530013049 1 812.196350098 0. 5.36879435573e-22 0.
1530013058 1 860.10748291 0. 5.686713651e-22 0.
1530013066 1 805.85736084 0. 5.32915778725e-22 0.
1530013075 1 754.989868164 0. 4.99302145951e-22 0.
1530013083 1 603.750915527 0. 3.99356862107e-22 0.
1530013092 1 516.745300293 0. 3.41778519582e-22 0.
1530013101 1 360.706726074 0. 2.38637917835e-22 0.
1530013109 1 278.425628662 0. 1.84141475944e-22 0.
1530013117 1 180.965255737 0. 1.19726187351e-22 0.
1530013126 1 114.741401672 0. 7.58852457457e-23 0.
1530013142 1 310.906677246 0. 2.06265190398e-22 0.
1530013158 1 81.5813446045 0. 5.41120276805e-23 0.
1530013166 1 148.470993042 0. 9.8456119119e-23 0.
1530013174 1 227.216995239 0. 1.50624421262e-22 0.
1530013183 1 333.441802979 0. 2.21060699307e-22 0.
1530013191 1 480.574737549 0. 3.18454184389e-22 0.
1530013199 1 595.658203125 0. 3.94817198619e-22 0.
1530013207 1 750.278991699 0. 4.97180108895e-22 0.
1530013215 1 808.160522461 0. 5.3562731176e-22 0.
1530013224 1 858.092590332 0. 5.68733185802e-22 0.
1530013232 1 782.438720703 0. 5.18730088116e-22 0.
1530013240 1 726.606689453 0. 4.81780067286e-22 0.
1530013248 1 548.247192383 0. 3.63749774481e-22 0.
1530013256 1 450.897827148 0. 2.99163271309e-22 0.
1530013264 1 292.021636963 0. 1.93903013016e-22 0.
1530013273 1 205.54335022 0. 1.36486091825e-22 0.
1530013281 1 121.163856506 0. 8.05039209702e-23 0.
1530013289 1 70.564743042 0. 4.69056975232e-23 0.
1530013298 1 244.046936035 0. 1.62353997765e-22 0.
1530013332 1 856.127380371 0. 5.68306711123e-22 0.
1530013393 1 855.225952148 0. 5.68255313517e-22 0.
1530013453 1 854.510559082 0. 5.6830588266e-22 0.
1530013513 1 852.477355957 0. 5.67371146075e-22 0.
1530013573 1 853.426818848 0. 5.68578918807e-22 0.
1530013633 1 851.249816895 0. 5.67635714323e-22 0.
1530013693 1 849.586975098 0. 5.67180432216e-22 0.
1530013754 1 848.217468262 0. 5.66902495379e-22 0.
1530013814 1 846.774963379 0. 5.66566998139e-22 0.
1530013874 1 845.094848633 0. 5.66069375807e-22 0.
1530013934 1 843.673278809 0. 5.65753369172e-22 0.
1530013982 1 621.992492676 0. 4.2106559578e-22 0.
1530014030 1 0.00654128706083 0. 9.17626629845e-23 0.
