1530133078 1 4.00829792023 0. 2.75642433726e-25 0.
1530133138 1 3.97155761719 0. 2.73426504825e-25 0.
1530133198 1 3.97424578667 0. 2.7398951898e-25 0.
1530133258 1 3.93300223351 0. 2.71417085163e-25 0.
1530133316 1 3.87687563896 0. 2.6788061179e-25 0.
1530133375 1 3.85856962204 0. 2.66898390913e-25 0.
1530133435 1 3.80156183243 0. 2.63246318502e-25 0.
1530133494 1 3.8051674366 0. 2.63802815066e-25 0.
1530133553 1 3.82085633278 0. 2.65177847484e-25 0.
1530133614 1 3.80576395988 0. 2.64395297829e-25 0.
1530133674 1 3.77397871017 0. 2.62490264665e-25 0.
1530133734 1 3.75549435616 0. 2.61458684541e-25 0.
1530133794 1 3.70078134537 0. 2.57936324025e-25 0.
1530133854 1 3.70122742653 0. 2.58234554823e-25 0.
1530133914 1 3.66281247139 0. 2.5578281014e-25 0.
1530133974 1 3.6863052845 0. 2.57687044986e-25 0.
1530134024 1 3.6919875145 0. 2.58357956853e-25 0.
1530134065 1 3.7185997963 0. 2.60269499718e-25 0.
1530134105 1 3.70783782005 0. 2.59742887192e-25 0.
1530134145 1 3.7075676918 0. 2.59889151726e-25 0.
1530134185 1 3.77984690666 0. 2.65111373141e-25 0.
1530134226 1 3.58325886726 0. 2.51554398699e-25 0.
1530134266 1 3.66129970551 0. 2.57163119114e-25 0.
1530134306 1 3.65624427795 0. 2.57020177506e-25 0.
1530134346 1 3.6249730587 0. 2.54944589518e-25 0.
1530134387 1 3.68502378464 0. 2.59308412057e-25 0.
1530134419 1 3.69153666496 0. 2.59919205775e-25 0.
1530134445 1 3.66857409477 0. 2.58436240159e-25 0.
1530134463 1 12.2276296616 0. 8.5870270774e-25 0.
1530134496 1 21.9689235687 0. 1.54220803191e-24 0.
1530134529 1 31.7752285004 0. 2.22925376456e-24 0.
1530134622 1 40.0888595581 0. 2.81560158653e-24 0.
1530134715 1 91.102355957 0. 6.39397190091e-24 0.
1530134793 1 139.841766357 0. 9.8181811363e-24 0.
1530134871 1 186.190689087 0. 1.30775032906e-23 0.
1530134944 1 226.014877319 0. 1.58860078064e-23 0.
1530135017 1 288.65927124 0. 2.02993711978e-23 0.
1530135084 1 311.763916016 0. 2.1942106684e-23 0.
1530135152 1 433.690612793 0. 3.05279231511e-23 0.
1530135210 1 545.801147461 0. 3.84320507646e-23 0.
1530135268 1 763.79473877 0. 5.37913974647e-23 0.
1530135321 1 976.672607422 0. 6.87955286418e-23 0.
1530135374 1 1411.84985352 0. 9.94962045096e-23 0.
1530135408 1 1891.67907715 0. 1.33278846013e-22 0.
1530135443 1 2443.24023438 0. 1.72241084094e-22 0.
1530135468 1 3005.92480469 0. 2.11878917174e-22 0.
1530135493 1 3544.37646484 0. 2.50005874486e-22 0.
1530135514 1 4408.45947266 0. 3.10909936137e-22 0.
1530135535 1 5160.07226562 0. 3.64186267225e-22 0.
1530135552 1 6133.92285156 0. 4.32926766357e-22 0.
1530135569 1 7079.05810547 0. 5.00078640666e-22 0.
1530135584 1 8270.01171875 0. 5.84158927819e-22 0.
1530135600 1 7641.90917969 0. 5.40123723159e-22 0.
1530135616 1 7168.64404297 0. 5.06793931969e-22 0.
1530135632 1 6022.71191406 0. 4.26101553988e-22 0.
1530135650 1 5291.60253906 0. 3.74389027339e-22 0.
1530135669 1 4318.53955078 0. 3.05808167077e-22 0.
1530135692 1 3725.30615234 0. 2.63832506881e-22 0.
1530135715 1 2935.25439453 0. 2.08098401998e-22 0.
1530135744 1 2427.86206055 0. 1.72195286205e-22 0.
1530135774 1 1811.30114746 0. 1.28625770324e-22 0.
1530135815 1 1393.64587402 0. 9.90489302362e-23 0.
1530135857 1 987.866271973 0. 7.03134816361e-23 0.
1530135916 1 716.783081055 0. 5.10936361453e-23 0.
1530135973 1 520.480285645 0. 3.71641391074e-23 0.
1530136036 1 369.806945801 0. 2.64532444334e-23 0.
1530136099 1 314.473571777 0. 2.25243314583e-23 0.
1530136167 1 243.828063965 0. 1.74939690021e-23 0.
1530136234 1 196.101730347 0. 1.40907938124e-23 0.
1530136307 1 158.781845093 0. 1.14289768497e-23 0.
1530136380 1 112.365325928 0. 8.10274624521e-24 0.
1530136457 1 76.4594955444 0. 5.52622340384e-24 0.
1530136536 1 41.5268135071 0. 3.00809595747e-24 0.
1530136569 1 17.1700973511 0. 1.24817349276e-24 0.
1530136602 1 9.50484848022 0. 6.91821530744e-25 0.
1530136635 1 2.91712641716 0. 2.13375167013e-25 0.
1530136666 1 2.89637494087 0. 2.11880898843e-25 0.
1530136688 1 2.91343712807 0. 2.1326329063e-25 0.
1530136728 1 2.93097996712 0. 2.14672537447e-25 0.
1530136769 1 2.9402256012 0. 2.15466324433e-25 0.
1530136809 1 2.92034649849 0. 2.1415002163e-25 0.
1530136849 1 3.02352190018 0. 2.21848447524e-25 0.
1530136890 1 2.88753056526 0. 2.11943288879e-25 0.
1530136929 1 2.89460611343 0. 2.12599151115e-25 0.
1530136969 1 2.9431271553 0. 2.16315696131e-25 0.
1530137009 1 2.91337537766 0. 2.14210828565e-25 0.
1530137050 1 2.88751268387 0. 2.12444247268e-25 0.
1530137100 1 2.90618133545 0. 2.13945857741e-25 0.
1530137160 1 2.88277578354 0. 2.12414013708e-25 0.
1530137220 1 2.88729953766 0. 2.12936450967e-25 0.
1530137280 1 72.497756958 0. 5.27460377703e-24 0.
1530137331 1 2154.15698242 0. 1.57303221123e-22 0.
1530137381 1 8026.51171875 0. 5.82096006536e-22 0.
1530137441 1 7992.45556641 0. 5.80527498221e-22 0.
1530137502 1 7966.88623047 0. 5.79580181742e-22 0.
1530137562 1 7940.94580078 0. 5.78573707324e-22 0.
1530137622 1 7922.19042969 0. 5.78094804348e-22 0.
1530137682 1 7718.88916016 0. 5.6411543505e-22 0.
1530137741 1 7472.92919922 0. 5.46944168854e-22 0.
1530137801 1 7890.86425781 0. 5.78385912069e-22 0.
1530137861 1 7919.4453125 0. 5.81461506893e-22 0.
1530137921 1 7906.35449219 0. 5.81357376297e-22 0.
1530137981 1 7891.92919922 0. 5.81195978415e-22 0.
1530138016 1 7884.77441406 0. 5.81133320491e-22 0.
1530138052 1 7877.84375 0. 5.81171516051e-22 0.
1530138112 1 7874.55517578 0. 5.81684777185e-22 0.
1530138172 1 7854.09033203 0. 5.80915789384e-22 0.
1530138232 1 7843.62158203 0. 5.80865864618e-22 0.
1530138292 1 7831.86181641 0. 5.80672258864e-22 0.
1530138352 1 7829.25244141 0. 5.81268815663e-22 0.
1530138413 1 7812.11425781 0. 5.8071308747e-22 0.
1530138466 1 7793.35205078 0. 5.80080247869e-22 0.
1530138521 1 7774.84619141 0. 5.79483374058e-22 0.
1530138581 1 7758.30322266 0. 5.79115530629e-22 0.
1530138641 1 7732.52392578 0. 5.78001521539e-22 0.
1530138693 1 7725.35693359 0. 5.78177714607e-22 0.
1530138744 1 7713.32421875 0. 5.77956305222e-22 0.
1530138804 1 7704.44873047 0. 5.78129183978e-22 0.
1530138865 1 7693.31445312 0. 5.78096062435e-22 0.
1530138925 1 7684.72021484 0. 5.7827819006e-22 0.
1530138966 1 7675.22705078 0. 5.78116801198e-22 0.
1530139008 1 7672.59912109 0. 5.78458390705e-22 0.
1530139068 1 7677.59912109 0. 5.79389041195e-22 0.
1530139114 1 7669.54394531 0. 5.79136811546e-22 0.
1530139160 1 7642.84179688 0. 5.7748509102e-22 0.
1530139220 1 7636.06445312 0. 5.7749167279e-22 0.
1530139280 1 7628.15429688 0. 5.77517977487e-22 0.
1530139340 1 7615.42626953 0. 5.7726967822e-22 0.
1530139400 1 7618.78515625 0. 5.78351621755e-22 0.
1530139461 1 7612.80273438 0. 5.78694398961e-22 0.
1530139508 1 7606.15625 0. 5.78787479516e-22 0.
1530139555 1 7601.20898438 0. 5.78932177023e-22 0.
1530139615 1 7598.36767578 0. 5.79300574227e-22 0.
1530139676 1 7591.85449219 0. 5.79289521696e-22 0.
1530139736 1 7572.01367188 0. 5.78219535578e-22 0.
1530139796 1 7548.55566406 0. 5.76912547658e-22 0.
1530139856 1 7534.28173828 0. 5.76600108776e-22 0.
1530139916 1 7527.0625 0. 5.76875081851e-22 0.
1530139976 1 7492.61572266 0. 5.74925440382e-22 0.
1530140036 1 7503.04736328 0. 5.76151597326e-22 0.
1530140096 1 7500.85302734 0. 5.76414209973e-22 0.
1530140157 1 7499.85058594 0. 5.76800868099e-22 0.
1530140217 1 7481.53369141 0. 5.75885108017e-22 0.
1530140277 1 7458.9921875 0. 5.7474384861e-22 0.
1530140337 1 7447.88232422 0. 5.74604455348e-22 0.
1530140397 1 7451.07666016 0. 5.75623083332e-22 0.
1530140457 1 7457.11914062 0. 5.76733707116e-22 0.
1530140517 1 7453.578125 0. 5.77012468067e-22 0.
1530140577 1 7441.35839844 0. 5.76537781953e-22 0.
1530140638 1 7441.35839844 0. 5.76945654662e-22 0.
1530142398 1 7441.35839844 0. 6.03955035339e-22 0.
1530144158 1 0.0 0. 0.0 0.
1530144218 1 57.3921318054 0. 4.78516785667e-24 0.
1530144257 1 57.204246521 0. 4.77178452961e-24 0.
1530144271 1 57.4448928833 0. 4.79230934537e-24 0.
1530144285 1 58.270149231 0. 4.8620270866e-24 0.
1530144303 1 58.6220970154 0. 4.891999569e-24 0.
1530144343 1 57.7290115356 0. 4.82044294229e-24 0.
1530144403 1 56.8730506897 0. 4.75306392389e-24 0.
1530144459 1 57.0192985535 0. 4.76825541265e-24 0.
1530144514 1 57.8657875061 0. 4.84199996049e-24 0.
1530144563 1 58.1940727234 0. 4.87231184348e-24 0.
1530144611 1 58.8721694946 0. 4.93184314725e-24 0.
1530144671 1 58.7921676636 0. 4.92845986406e-24 0.
1530144731 1 58.4042663574 0. 4.89951631014e-24 0.
1530144791 1 58.4820480347 0. 4.90972311557e-24 0.
1530144850 1 57.5265731812 0. 4.85494323864e-24 0.
1530144908 1 0.0547174736857 0. 0.0 0.
1530144969 1 0.0551981590688 0. 0.0 0.
1530145029 1 0.0547749437392 0. 0.0 0.
