1530633290 1 15.2893428802 0. 4.07768946834e-24 0.
1530633351 1 15.4219322205 0. 4.11770188313e-24 0.
1530633411 1 16.3724460602 0. 4.3755834141e-24 0.
1530633448 1 16.3774642944 0. 4.37883770609e-24 0.
1530633484 1 16.3091850281 0. 4.36245203677e-24 0.
1530633545 1 16.3396587372 0. 4.37339235489e-24 0.
1530633605 1 16.2710227966 0. 4.35877440066e-24 0.
1530633665 1 16.240070343 0. 4.35383768149e-24 0.
1530633725 1 16.1632499695 0. 4.33590648047e-24 0.
1530633785 1 16.2682209015 0. 4.36744110194e-24 0.
1530633845 1 16.167634964 0. 4.343302059e-24 0.
1530633906 1 16.1006774902 0. 4.32757205886e-24 0.
1530633966 1 16.1393699646 0. 4.3401317228e-24 0.
1530634026 1 16.0474510193 0. 4.31711880875e-24 0.
1530634078 1 15.9464416504 0. 4.29171934529e-24 0.
1530634112 1 12.7304229736 0. 3.42699907436e-24 0.
1530634129 1 8.50609302521 0. 2.28997404742e-24 0.
1530634139 1 9.96355724335 0. 2.68314036542e-24 0.
1530634149 1 11.196606636 0. 3.0144427812e-24 0.
1530634159 1 12.6075153351 0. 3.39492946085e-24 0.
1530634169 1 13.7272281647 0. 3.69668255133e-24 0.
1530634179 1 14.6973495483 0. 3.95873293702e-24 0.
1530634189 1 15.4133138657 0. 4.15119995724e-24 0.
1530634200 1 15.6949949265 0. 4.22735460183e-24 0.
1530634210 1 15.8460378647 0. 4.26892933906e-24 0.
1530634220 1 15.4295549393 0. 4.15687684577e-24 0.
1530634230 1 14.96052742 0. 4.03075727826e-24 0.
1530634241 1 13.8525466919 0. 3.73226663472e-24 0.
1530634251 1 12.9070444107 0. 3.47747298229e-24 0.
1530634261 1 11.435708046 0. 3.0813619262e-24 0.
1530634271 1 10.2602434158 0. 2.76448727372e-24 0.
1530634281 1 8.75358009338 0. 2.35893744547e-24 0.
1530634291 1 7.52844285965 0. 2.02920702593e-24 0.
1530634338 1 8.70146083832 0. 2.34612933631e-24 0.
1530634384 1 0.238365381956 0. 6.43115229247e-26 0.
1530634397 1 0.700592279434 0. 1.89007096444e-25 0.
1530634410 1 1.22653102875 0. 3.30913800658e-25 0.
1530634424 1 2.95424938202 0. 7.97159643339e-25 0.
1530634437 1 4.83340883255 0. 1.30391598023e-24 0.
1530634450 1 8.58509254456 0. 2.31655079334e-24 0.
1530634463 1 11.941327095 0. 3.22289370602e-24 0.
1530634477 1 14.3295793533 0. 3.86768077152e-24 0.
1530634490 1 15.7337770462 0. 4.24742844295e-24 0.
1530634503 1 13.4196872711 0. 3.62311888684e-24 0.
1530634517 1 10.6843471527 0. 2.88482717389e-24 0.
1530634530 1 6.87828159332 0. 1.85709054137e-24 0.
1530634543 1 3.82402157784 0. 1.03253750445e-24 0.
1530634557 1 2.07377815247 0. 5.60039997569e-25 0.
1530634570 1 0.863746106625 0. 2.33380829863e-25 0.
1530634583 1 0.41891336441 0. 1.13184383747e-25 0.
1530634596 1 0.140130370855 0. 3.78837812756e-26 0.
1530634629 1 6.29858970642 0. 1.70228535509e-24 0.
1530634687 1 13.3370962143 0. 3.60597679193e-24 0.
1530634748 1 10.0291976929 0. 2.71272512207e-24 0.
1530634808 1 9.98180103302 0. 2.70131183336e-24 0.
1530634868 1 9.95252513885 0. 2.69452744787e-24 0.
1530634903 1 9.90310573578 0. 2.681891508e-24 0.
1530634939 1 9.91439533234 0. 2.6854390544e-24 0.
1530634999 1 9.91494750977 0. 2.68683269911e-24 0.
1530635060 1 9.89137458801 0. 2.68155227955e-24 0.
1530635120 1 9.88280105591 0. 2.68026187442e-24 0.
1530635180 1 9.89640522003 0. 2.68512147407e-24 0.
1530635240 1 9.8896818161 0. 2.68423868489e-24 0.
1530635300 1 9.8551568985 0. 2.67585710638e-24 0.
1530635360 1 9.76752662659 0. 2.6529851263e-24 0.
1530635420 1 9.78569602966 0. 2.65869403387e-24 0.
1530635480 1 9.79563808441 0. 2.66239857496e-24 0.
1530635541 1 9.77146053314 0. 2.65670679685e-24 0.
1530635601 1 9.79616832733 0. 2.66429744036e-24 0.
1530635661 1 9.77046966553 0. 2.6581101403e-24 0.
1530635721 1 9.75735855103 0. 2.65537553932e-24 0.
1530635781 1 9.75694656372 0. 2.6563335776e-24 0.
1530635841 1 9.77655887604 0. 2.66245133998e-24 0.
1530635901 1 9.77381134033 0. 2.66266935337e-24 0.
1530635961 1 9.7566242218 0. 2.6586247194e-24 0.
1530636022 1 9.74908256531 0. 2.65751702942e-24 0.
1530636082 1 9.73375797272 0. 2.65400856312e-24 0.
1530636142 1 9.71726131439 0. 2.65035840822e-24 0.
1530636202 1 9.71012020111 0. 2.64898898849e-24 0.
1530636262 1 9.74245452881 0. 2.65889387386e-24 0.
1530636322 1 9.71545124054 0. 2.65208647637e-24 0.
1530636382 1 9.70074653625 0. 2.64889812317e-24 0.
1530636443 1 9.68702983856 0. 2.64590749695e-24 0.
1530636503 1 9.66270542145 0. 2.6399943198e-24 0.
1530636563 1 9.69265174866 0. 2.64886349189e-24 0.
1530636623 1 9.68676662445 0. 2.64809060848e-24 0.
1530636683 1 9.684258461 0. 2.64824647414e-24 0.
1530636743 1 9.66837882996 0. 2.64450996377e-24 0.
1530636803 1 9.68716335297 0. 2.65035362953e-24 0.
1530636864 1 9.67892169952 0. 2.64886558801e-24 0.
1530636924 1 9.64092540741 0. 2.63898970695e-24 0.
1530636984 1 9.64956760406 0. 2.64226419117e-24 0.
1530637044 1 9.63932991028 0. 2.64014814072e-24 0.
1530637104 1 9.63721561432 0. 2.63992317432e-24 0.
1530637164 1 9.63847160339 0. 2.64122851783e-24 0.
1530637224 1 9.62163639069 0. 2.63723693961e-24 0.
1530637285 1 9.62757205963 0. 2.63954270253e-24 0.
1530637345 1 9.6195898056 0. 2.63810291428e-24 0.
1530637405 1 9.62538528442 0. 2.64030970353e-24 0.
1530637465 1 9.6265335083 0. 2.64121865946e-24 0.
1530637525 1 9.58821773529 0. 2.63149966545e-24 0.
1530637585 1 9.59463310242 0. 2.63387005363e-24 0.
1530637645 1 9.60727977753 0. 2.63808978863e-24 0.
1530637705 1 9.53471565247 0. 2.61899216056e-24 0.
1530637765 1 9.51919746399 0. 2.61545450276e-24 0.
1530637826 1 9.5555524826 0. 2.62585277596e-24 0.
1530637886 1 9.53763389587 0. 2.62178890195e-24 0.
1530637946 1 9.54764938354 0. 2.62548714311e-24 0.
1530638006 1 9.49975967407 0. 2.61297309556e-24 0.
1530638066 1 9.53066730499 0. 2.62205615713e-24 0.
1530638126 1 9.55372333527 0. 2.62912452392e-24 0.
1530638187 1 9.54316806793 0. 2.62674021616e-24 0.
1530638247 1 9.5282497406 0. 2.62335393879e-24 0.
1530638307 1 9.49954509735 0. 2.61610664631e-24 0.
1530638367 1 9.51175403595 0. 2.62001857312e-24 0.
1530638427 1 9.47015380859 0. 2.60916831971e-24 0.
1530638487 1 9.46050262451 0. 2.60692505914e-24 0.
1530638547 1 9.45783233643 0. 2.60698851045e-24 0.
1530638608 1 9.45219230652 0. 2.60601438011e-24 0.
1530638668 1 9.45837879181 0. 2.60827980036e-24 0.
1530638728 1 9.43037414551 0. 2.60119804139e-24 0.
1530638788 1 9.41835403442 0. 2.59860755885e-24 0.
1530638848 1 9.42928028107 0. 2.60242058824e-24 0.
1530638908 1 9.4068031311 0. 2.59669831215e-24 0.
1530638968 1 9.40478420258 0. 2.59677726127e-24 0.
1530639029 1 9.40933322906 0. 2.59859682227e-24 0.
1530639089 1 9.40089702606 0. 2.5969780326e-24 0.
1530639149 1 9.36535549164 0. 2.58774219141e-24 0.
1530639209 1 9.42112445831 0. 2.60369592575e-24 0.
1530639269 1 9.38248252869 0. 2.59355265864e-24 0.
1530639329 1 9.36479282379 0. 2.58933672862e-24 0.
1530639389 1 9.377161026 0. 2.59333619196e-24 0.
1530639450 1 9.3489112854 0. 2.58601885061e-24 0.
1530639510 1 9.34700202942 0. 2.58618678235e-24 0.
1530639570 1 9.34704780579 0. 2.58685135971e-24 0.
1530639630 1 9.34191894531 0. 2.58609847425e-24 0.
1530639690 1 9.30729675293 0. 2.57734372181e-24 0.
1530639750 1 9.30239391327 0. 2.57635929421e-24 0.
1530639811 1 9.28446960449 0. 2.57213795656e-24 0.
1530639871 1 9.28710842133 0. 2.57362185954e-24 0.
1530639931 1 9.28288936615 0. 2.57324005213e-24 0.
1530639991 1 9.27485561371 0. 2.57165845082e-24 0.
1530640051 1 9.28115558624 0. 2.57376976729e-24 0.
1530640111 1 9.27594184875 0. 2.57302875341e-24 0.
1530640171 1 9.25834751129 0. 2.56884508289e-24 0.
1530640231 1 9.26675891876 0. 2.57175864541e-24 0.
1530640292 1 9.28165054321 0. 2.57664445365e-24 0.
1530640352 1 9.23620510101 0. 2.56466128563e-24 0.
1530640412 1 9.28384113312 0. 2.57836541964e-24 0.
1530640472 1 9.27111148834 0. 2.57536884197e-24 0.
1530640532 1 9.23120975494 0. 2.56486285971e-24 0.
1530640592 1 9.23401641846 0. 2.56641151894e-24 0.
1530640652 1 9.23778629303 0. 2.56798700499e-24 0.
1530640712 1 9.22326660156 0. 2.5646606615e-24 0.
1530640772 1 9.18894100189 0. 2.55575799246e-24 0.
1530640833 1 9.2208442688 0. 2.56533447225e-24 0.
1530640893 1 9.21524715424 0. 2.56435482709e-24 0.
1530640953 1 9.19391822815 0. 2.55901189911e-24 0.
1530641013 1 9.19896125793 0. 2.56099549104e-24 0.
1530641073 1 9.2059545517 0. 2.56348745959e-24 0.
1530641133 1 9.18233108521 0. 2.55776956924e-24 0.
1530641193 1 9.17936897278 0. 2.5575577246e-24 0.
1530641253 1 9.15851688385 0. 2.55212763622e-24 0.
1530641313 1 9.16429138184 0. 2.55426304315e-24 0.
1530641374 1 9.16682434082 0. 2.55557036382e-24 0.
1530641434 1 9.16449451447 0. 2.55534707982e-24 0.
1530641494 1 9.15754508972 0. 2.55406450085e-24 0.
1530641554 1 9.14092063904 0. 2.54995605452e-24 0.
1530641614 1 9.16846752167 0. 2.55819381233e-24 0.
1530641674 1 9.13290119171 0. 2.54892787641e-24 0.
1530641734 1 9.14254951477 0. 2.55228897219e-24 0.
1530641794 1 9.11929130554 0. 2.54655489804e-24 0.
1530641855 1 9.1071434021 0. 2.54352505758e-24 0.
1530641915 1 9.12143802643 0. 2.54816736021e-24 0.
1530641975 1 9.12183380127 0. 2.54902822125e-24 0.
1530642035 1 9.10500526428 0. 2.54512123807e-24 0.
1530642095 1 9.0984249115 0. 2.54381026735e-24 0.
1530642155 1 9.07350921631 0. 2.53741488084e-24 0.
1530642215 1 9.06782817841 0. 2.53673325512e-24 0.
1530642276 1 9.07774829865 0. 2.53981590052e-24 0.
1530642336 1 9.06109619141 0. 2.53593654238e-24 0.
1530642396 1 9.07962322235 0. 2.5418167894e-24 0.
1530642456 1 9.0819644928 0. 2.54268032043e-24 0.
1530642516 1 9.07548713684 0. 2.54164854552e-24 0.
1530642576 1 9.03628158569 0. 2.53143122846e-24 0.
1530642636 1 9.03416633606 0. 2.53146391072e-24 0.
1530642696 1 9.02733039856 0. 2.53027415838e-24 0.
1530642756 1 9.04117679596 0. 2.53466514546e-24 0.
1530642817 1 9.03453826904 0. 2.53330112854e-24 0.
1530642877 1 9.00181102753 0. 2.52478118224e-24 0.
1530642937 1 8.98880958557 0. 2.52146796667e-24 0.
1530642997 1 8.99673557281 0. 2.52450016978e-24 0.
1530643057 1 8.95917320251 0. 2.51425751095e-24 0.
1530643117 1 8.95737457275 0. 2.51461679259e-24 0.
1530643177 1 8.9625120163 0. 2.51658260737e-24 0.
1530643237 1 8.96166324615 0. 2.51682071109e-24 0.
1530643298 1 8.95245933533 0. 2.51492030798e-24 0.
1530643358 1 8.86175632477 0. 2.48975687339e-24 0.
1530643418 1 8.14873123169 0. 2.29026428986e-24 0.
1530643478 1 8.90929031372 0. 2.50480085032e-24 0.
1530643538 1 9.14727592468 0. 2.57219914605e-24 0.
1530643598 1 9.81239700317 0. 2.75961015282e-24 0.
1530643658 1 9.86356258392 0. 2.7744422579e-24 0.
1530643718 1 9.86088562012 0. 2.77453225073e-24 0.
1530643778 1 9.87753105164 0. 2.77989634744e-24 0.
1530643839 1 9.86069774628 0. 2.77579386184e-24 0.
1530643899 1 9.85210037231 0. 2.7738921985e-24 0.
1530643959 1 9.85008907318 0. 2.77361952673e-24 0.
1530644019 1 9.85687351227 0. 2.77596202166e-24 0.
1530644079 1 9.84718704224 0. 2.77400258139e-24 0.
1530644139 1 9.85052776337 0. 2.77578090625e-24 0.
1530644199 1 9.84177589417 0. 2.77393663174e-24 0.
1530644260 1 9.83955478668 0. 2.77394793659e-24 0.
1530644320 1 9.81238174438 0. 2.76680441515e-24 0.
1530644380 1 9.80311012268 0. 2.76472471417e-24 0.
1530644440 1 9.79141235352 0. 2.76201094893e-24 0.
1530644500 1 9.79076194763 0. 2.76217914193e-24 0.
1530644560 1 9.78891563416 0. 2.76229953189e-24 0.
1530644621 1 9.76190280914 0. 2.75521560576e-24 0.
1530644681 1 9.75594043732 0. 2.75404989003e-24 0.
1530644741 1 9.74348068237 0. 2.75137697389e-24 0.
1530644801 1 9.75154399872 0. 2.75433096908e-24 0.
1530644861 1 9.76412963867 0. 2.75860906948e-24 0.
1530644921 1 9.7585439682 0. 2.75755769125e-24 0.
1530644982 1 9.75424289703 0. 2.75659880946e-24 0.
1530645042 1 9.73193740845 0. 2.75115825583e-24 0.
1530645102 1 9.71196556091 0. 2.74604720906e-24 0.
1530645162 1 9.74360084534 0. 2.75564022126e-24 0.
1530645222 1 9.74093818665 0. 2.7555939504e-24 0.
1530645282 1 9.72700214386 0. 2.75203968477e-24 0.
1530645342 1 9.72054100037 0. 2.7509244919e-24 0.
1530645402 1 9.72063446045 0. 2.75162416673e-24 0.
1530645453 1 9.71409702301 0. 2.7502716211e-24 0.
1530645503 1 9.74475765228 0. 2.75954162563e-24 0.
1530645563 1 9.70830535889 0. 2.74968388207e-24 0.
1530645624 1 9.68961524963 0. 2.74490870976e-24 0.
1530645684 1 9.68446731567 0. 2.74424101362e-24 0.
1530645744 1 9.71147060394 0. 2.75247923547e-24 0.
1530645804 1 9.70777988434 0. 2.75186064565e-24 0.
1530645864 1 9.67222213745 0. 2.742165555e-24 0.
1530645924 1 9.63348865509 0. 2.7318047674e-24 0.
1530645984 1 9.65026760101 0. 2.73730153196e-24 0.
1530646045 1 9.66493988037 0. 2.74223701333e-24 0.
1530646105 1 9.66290283203 0. 2.74231812225e-24 0.
1530646165 1 9.64848327637 0. 2.7385503516e-24 0.
1530646225 1 9.63011169434 0. 2.73402867063e-24 0.
1530646285 1 9.62584972382 0. 2.73315092818e-24 0.
1530646345 1 9.60831069946 0. 2.72909922477e-24 0.
1530646405 1 9.60660076141 0. 2.72912421458e-24 0.
1530646465 1 9.62015247345 0. 2.73339566955e-24 0.
1530646526 1 9.59794139862 0. 2.72778980758e-24 0.
1530646586 1 9.60141658783 0. 2.72933605281e-24 0.
1530646646 1 9.59387874603 0. 2.72768542119e-24 0.
1530646706 1 9.57821178436 0. 2.72402026617e-24 0.
1530646766 1 9.5609588623 0. 2.71979488039e-24 0.
1530646827 1 9.56314086914 0. 2.72084701927e-24 0.
1530646887 1 9.56270885468 0. 2.72116538442e-24 0.
1530646947 1 9.56911849976 0. 2.72372530059e-24 0.
1530647007 1 9.58031177521 0. 2.72740887164e-24 0.
1530647067 1 9.56863498688 0. 2.72469167519e-24 0.
1530647127 1 9.5494966507 0. 2.72006443792e-24 0.
1530647187 1 9.52643299103 0. 2.71401441439e-24 0.
1530647247 1 9.51665401459 0. 2.71169113524e-24 0.
1530647308 1 9.51135444641 0. 2.71074757625e-24 0.
1530647368 1 9.502825737 0. 2.70885852699e-24 0.
1530647428 1 9.50020503998 0. 2.70871151547e-24 0.
1530647488 1 9.49512767792 0. 2.70801363746e-24 0.
1530647548 1 9.48861789703 0. 2.70647679025e-24 0.
1530647608 1 9.49074172974 0. 2.70771748161e-24 0.
1530647668 1 9.48674964905 0. 2.70701396378e-24 0.
1530647729 1 9.46961116791 0. 2.70271054721e-24 0.
1530647789 1 9.4919462204 0. 2.70942426847e-24 0.
1530647849 1 9.49051094055 0. 2.70972799526e-24 0.
1530647909 1 9.48787975311 0. 2.70961938153e-24 0.
1530647969 1 9.50125694275 0. 2.7139469996e-24 0.
1530648029 1 9.45990467072 0. 2.70274511793e-24 0.
1530648090 1 9.44868564606 0. 2.70009296712e-24 0.
1530648150 1 9.43143939972 0. 2.69561873523e-24 0.
1530648210 1 9.45036792755 0. 2.70147846703e-24 0.
1530648270 1 9.44105052948 0. 2.699257666e-24 0.
1530648330 1 9.42051124573 0. 2.6936971021e-24 0.
1530648390 1 9.44712352753 0. 2.70200106544e-24 0.
1530648451 1 9.40777587891 0. 2.69139510919e-24 0.
1530648511 1 9.40744018555 0. 2.69168961538e-24 0.
1530648571 1 9.38662433624 0. 2.68625401252e-24 0.
1530648631 1 9.39226818085 0. 2.6885651961e-24 0.
1530648691 1 9.39758396149 0. 2.69039268352e-24 0.
1530648751 1 9.37142276764 0. 2.6833871182e-24 0.
1530648812 1 9.39017868042 0. 2.68937992105e-24 0.
1530648872 1 9.38022232056 0. 2.68689372084e-24 0.
1530648932 1 9.35927963257 0. 2.68149014261e-24 0.
1530648992 1 9.36860942841 0. 2.68449486345e-24 0.
1530649052 1 9.36602497101 0. 2.68449856976e-24 0.
1530649112 1 9.37540721893 0. 2.68773105002e-24 0.
1530649173 1 9.36268901825 0. 2.68474818117e-24 0.
1530649233 1 9.34826374054 0. 2.68102184861e-24 0.
1530649293 1 9.32401561737 0. 2.67459554867e-24 0.
1530649353 1 9.33156967163 0. 2.67758299267e-24 0.
1530649413 1 9.32904434204 0. 2.67713633301e-24 0.
1530649473 1 9.33783340454 0. 2.68030189934e-24 0.
1530649533 1 9.3061208725 0. 2.67144011259e-24 0.
1530649593 1 9.30553817749 0. 2.67163021568e-24 0.
1530649654 1 9.3057718277 0. 2.67241037369e-24 0.
1530649714 1 9.29358768463 0. 2.66969626452e-24 0.
1530649774 1 9.2810754776 0. 2.66653396193e-24 0.
1530649834 1 9.28511333466 0. 2.66818531194e-24 0.
1530649894 1 9.29494667053 0. 2.67147677348e-24 0.
1530649954 1 9.28810310364 0. 2.67008137084e-24 0.
1530650014 1 9.28788757324 0. 2.67057617312e-24 0.
1530650074 1 9.29493522644 0. 2.67299795992e-24 0.
1530650135 1 9.28477668762 0. 2.67052276548e-24 0.
1530650195 1 9.27678108215 0. 2.66867953668e-24 0.
1530650255 1 9.25689888 0. 2.66341280833e-24 0.
1530650315 1 9.24087047577 0. 2.65954457353e-24 0.
1530650375 1 8.80132198334 0. 2.53350473093e-24 0.
1530650435 1 8.81696224213 0. 2.53850775765e-24 0.
1530650495 1 9.19092655182 0. 2.64682844396e-24 0.
1530650555 1 9.16555404663 0. 2.63998593799e-24 0.
1530650615 1 9.61323070526 0. 2.76908629666e-24 0.
1530650676 1 10.1277475357 0. 2.91790766691e-24 0.
1530650736 1 10.1320533752 0. 2.91947420665e-24 0.
1530650796 1 10.1273641586 0. 2.91873771944e-24 0.
1530650856 1 10.1134061813 0. 2.91519186915e-24 0.
1530650916 1 10.1100435257 0. 2.91471163325e-24 0.
1530650976 1 10.1071910858 0. 2.91436359549e-24 0.
1530651036 1 10.1030550003 0. 2.91368006013e-24 0.
1530651096 1 10.0828552246 0. 2.90831487311e-24 0.
1530651157 1 10.0747652054 0. 2.90631312068e-24 0.
1530651217 1 10.0651807785 0. 2.90410088914e-24 0.
1530651277 1 10.0512943268 0. 2.90052880414e-24 0.
1530651337 1 10.0330114365 0. 2.89559473216e-24 0.
1530651397 1 10.0336675644 0. 2.89646615553e-24 0.
1530651457 1 10.0304002762 0. 2.89599857682e-24 0.
1530651517 1 10.0162382126 0. 2.8921476697e-24 0.
1530651577 1 10.0252895355 0. 2.89553157933e-24 0.
1530651637 1 10.0402946472 0. 2.90037865857e-24 0.
1530651698 1 10.026227951 0. 2.89659129816e-24 0.
1530651758 1 10.0127792358 0. 2.89328815423e-24 0.
1530651818 1 10.005988121 0. 2.89184439304e-24 0.
1530651878 1 9.98415184021 0. 2.88597285717e-24 0.
1530651938 1 9.98317527771 0. 2.88600346477e-24 0.
1530651998 1 9.98768424988 0. 2.88789941773e-24 0.
1530652059 1 9.99190139771 0. 2.88960948487e-24 0.
1530652119 1 9.97463607788 0. 2.88497355753e-24 0.
1530652179 1 9.97158145905 0. 2.88482449175e-24 0.
1530652239 1 9.98902511597 0. 2.89031714175e-24 0.
1530652299 1 9.96858596802 0. 2.88479872333e-24 0.
1530652359 1 9.96812343597 0. 2.88522133699e-24 0.
1530652419 1 9.95749950409 0. 2.88264076782e-24 0.
1530652479 1 9.96152496338 0. 2.88446268646e-24 0.
1530652539 1 9.9555644989 0. 2.8827840677e-24 0.
1530652600 1 9.95880508423 0. 2.88414136358e-24 0.
1530652660 1 9.95797252655 0. 2.88436583419e-24 0.
1530652720 1 9.94053649902 0. 2.8800107511e-24 0.
1530652780 1 9.91409301758 0. 2.87249196731e-24 0.
1530652840 1 9.92445850372 0. 2.87598128277e-24 0.
1530652900 1 9.92639541626 0. 2.87728277014e-24 0.
1530652960 1 9.89373397827 0. 2.86809042294e-24 0.
1530653020 1 9.90347099304 0. 2.87150839725e-24 0.
1530653081 1 9.90543937683 0. 2.87251320391e-24 0.
1530653141 1 9.88267040253 0. 2.86630148094e-24 0.
1530653201 1 9.88377571106 0. 2.86710428549e-24 0.
1530653261 1 9.88377094269 0. 2.86754815191e-24 0.
1530653321 1 9.87924385071 0. 2.86688172116e-24 0.
1530653381 1 9.87706756592 0. 2.86660786376e-24 0.
1530653441 1 9.87449932098 0. 2.86655076011e-24 0.
1530653501 1 9.85606193542 0. 2.8617287418e-24 0.
1530653562 1 9.8405714035 0. 2.85751607376e-24 0.
1530653622 1 9.82707595825 0. 2.85429525872e-24 0.
1530653682 1 9.82793903351 0. 2.85490370357e-24 0.
1530653742 1 9.82992553711 0. 2.85604682787e-24 0.
1530653802 1 9.82331943512 0. 2.85428767545e-24 0.
1530653862 1 9.79659366608 0. 2.84728150744e-24 0.
1530653922 1 9.78198432922 0. 2.84350384552e-24 0.
1530653982 1 9.78657817841 0. 2.84530880691e-24 0.
1530654043 1 9.78068351746 0. 2.84403956483e-24 0.
1530654103 1 9.76720333099 0. 2.84043364486e-24 0.
1530654163 1 9.75815010071 0. 2.83830322305e-24 0.
1530654223 1 9.74844455719 0. 2.83579132237e-24 0.
1530654283 1 9.75160598755 0. 2.83724773734e-24 0.
1530654334 1 9.74249839783 0. 2.83489508271e-24 0.
1530654384 1 9.74943733215 0. 2.83743917775e-24 0.
1530654445 1 9.73238658905 0. 2.83267459656e-24 0.
1530654505 1 9.72185516357 0. 2.83010437416e-24 0.
1530654565 1 9.71280288696 0. 2.82793862729e-24 0.
1530654625 1 9.6916475296 0. 2.82201156933e-24 0.
1530654685 1 9.69590568542 0. 2.82380461275e-24 0.
1530654745 1 9.68566894531 0. 2.82119912367e-24 0.
1530654805 1 9.69708061218 0. 2.82488279585e-24 0.
1530654865 1 9.68104171753 0. 2.82079574039e-24 0.
1530654925 1 9.68527603149 0. 2.82212261429e-24 0.
1530654986 1 9.68985557556 0. 2.82391156244e-24 0.
1530655046 1 9.68442249298 0. 2.82289560292e-24 0.
1530655106 1 9.67441272736 0. 2.82035265887e-24 0.
1530655166 1 9.66935157776 0. 2.81942379039e-24 0.
1530655226 1 9.65255451202 0. 2.81500996906e-24 0.
1530655286 1 9.65690517426 0. 2.81689513181e-24 0.
1530655347 1 9.65124893188 0. 2.81524319801e-24 0.
1530655407 1 9.63147258759 0. 2.80992345673e-24 0.
1530655467 1 9.62895965576 0. 2.80952140732e-24 0.
1530655527 1 9.63768482208 0. 2.81265043679e-24 0.
1530655587 1 9.64575862885 0. 2.81543426935e-24 0.
1530655647 1 9.61802959442 0. 2.80789498992e-24 0.
1530655707 1 9.62349414825 0. 2.80969563574e-24 0.
1530655767 1 9.60720252991 0. 2.8053724617e-24 0.
1530655828 1 9.6013917923 0. 2.80436834985e-24 0.
1530655888 1 9.60443878174 0. 2.80566482826e-24 0.
1530655948 1 9.58711624146 0. 2.80113287508e-24 0.
1530656008 1 9.57074737549 0. 2.79692645784e-24 0.
1530656068 1 9.56268310547 0. 2.79477336112e-24 0.
1530656104 1 9.56615829468 0. 2.79593712406e-24 0.
1530656141 1 9.57162952423 0. 2.79816770799e-24 0.
1530656190 1 9.55779266357 0. 2.79437152584e-24 0.
1530656215 1 9.58298969269 0. 2.80190007082e-24 0.
1530656251 1 9.55397319794 0. 2.79371875432e-24 0.
1530656312 1 9.54044628143 0. 2.79027170047e-24 0.
1530656372 1 9.53412437439 0. 2.78876804236e-24 0.
1530656432 1 9.54760742188 0. 2.79332176545e-24 0.
1530656492 1 9.53323364258 0. 2.78957022823e-24 0.
1530656552 1 9.52056503296 0. 2.78621484418e-24 0.
1530656612 1 9.51492500305 0. 2.78510775268e-24 0.
1530656672 1 9.49788951874 0. 2.78068432692e-24 0.
1530656732 1 9.49934005737 0. 2.78137829758e-24 0.
1530656791 1 9.499127388 0. 2.78177454381e-24 0.
1530656849 1 9.51026725769 0. 2.78541732972e-24 0.
1530656909 1 9.50780677795 0. 2.78509739784e-24 0.
1530656969 1 9.48212337494 0. 2.77789026226e-24 0.
1530657009 1 9.48703861237 0. 2.7798609938e-24 0.
1530657048 1 9.4851360321 0. 2.77950687549e-24 0.
1530657088 1 9.46811485291 0. 2.77471519153e-24 0.
1530657104 1 9.46936988831 0. 2.77522873693e-24 0.
1530657141 1 9.4662771225 0. 2.7745660868e-24 0.
1530657201 1 9.46180534363 0. 2.77359070635e-24 0.
1530657261 1 9.44468021393 0. 2.76897032025e-24 0.
1530657321 1 9.42857456207 0. 2.76458237312e-24 0.
1530657378 1 9.43278121948 0. 2.76628464342e-24 0.
1530657435 1 9.41826343536 0. 2.76247668964e-24 0.
1530657495 1 9.4230670929 0. 2.76432655379e-24 0.
1530657555 1 9.43399143219 0. 2.76805370917e-24 0.
1530657615 1 9.4033908844 0. 2.7594458451e-24 0.
1530657675 1 9.39186286926 0. 2.75647859885e-24 0.
1530657735 1 9.38951206207 0. 2.75623555595e-24 0.
1530657795 1 9.39727115631 0. 2.75895772176e-24 0.
1530657856 1 9.41240978241 0. 2.76378352089e-24 0.
1530657916 1 9.38535499573 0. 2.75618711291e-24 0.
1530657976 1 9.38392829895 0. 2.75636479225e-24 0.
1530658036 1 9.37449359894 0. 2.7539970855e-24 0.
1530658096 1 9.36442089081 0. 2.75145795589e-24 0.
1530658156 1 9.33043193817 0. 2.74177867914e-24 0.
1530658216 1 9.34087276459 0. 2.74517606317e-24 0.
1530658276 1 9.34429073334 0. 2.74648141129e-24 0.
1530658337 1 9.34198951721 0. 2.74632353692e-24 0.
1530658397 1 9.34371376038 0. 2.7471287767e-24 0.
1530658457 1 9.31956577301 0. 2.74048366457e-24 0.
1530658517 1 9.30829524994 0. 2.7375921297e-24 0.
1530658577 1 9.30480194092 0. 2.73704215772e-24 0.
1530658637 1 9.31002998352 0. 2.73906379977e-24 0.
1530658697 1 9.29193592072 0. 2.73398582593e-24 0.
1530658758 1 9.28632831573 0. 2.73267835159e-24 0.
1530658818 1 9.29373550415 0. 2.73530437418e-24 0.
1530658878 1 9.2950220108 0. 2.73606728525e-24 0.
1530658938 1 9.28378200531 0. 2.73301570887e-24 0.
1530658998 1 9.2596654892 0. 2.72652116045e-24 0.
1530659058 1 9.25111293793 0. 2.7241396744e-24 0.
1530659118 1 9.24368095398 0. 2.72245757135e-24 0.
1530659178 1 9.24813270569 0. 2.72421257063e-24 0.
1530659239 1 9.23530769348 0. 2.72081922479e-24 0.
1530659299 1 8.69537067413 0. 2.56238067161e-24 0.
1530659359 1 8.98313236237 0. 2.6473187546e-24 0.
1530659419 1 9.21609401703 0. 2.71658894924e-24 0.
1530659479 1 9.20975494385 0. 2.7148947833e-24 0.
1530659539 1 9.29530525208 0. 2.74040432287e-24 0.
1530659599 1 9.69540882111 0. 2.85857630421e-24 0.
1530659659 1 9.90155887604 0. 2.91980721836e-24 0.
1530659719 1 9.90614891052 0. 2.92135599756e-24 0.
1530659780 1 9.89682102203 0. 2.91887756871e-24 0.
1530659840 1 9.86595916748 0. 2.91003492051e-24 0.
1530659900 1 9.87615203857 0. 2.91345847483e-24 0.
1530659960 1 9.86336421967 0. 2.90989348882e-24 0.
1530660020 1 9.85694503784 0. 2.90833606708e-24 0.
1530660080 1 9.84748363495 0. 2.90595591562e-24 0.
1530660140 1 9.85208320618 0. 2.90773515767e-24 0.
1530660201 1 9.8445110321 0. 2.90581805858e-24 0.
1530660261 1 9.83384895325 0. 2.9029998502e-24 0.
1530660321 1 9.82744789124 0. 2.9016748363e-24 0.
1530660381 1 9.82278728485 0. 2.90044887362e-24 0.
1530660441 1 9.82943916321 0. 2.90302745428e-24 0.
1530660501 1 9.82052898407 0. 2.90054044558e-24 0.
1530660561 1 9.8170633316 0. 2.89982614893e-24 0.
1530660622 1 9.80962085724 0. 2.89816434839e-24 0.
1530660682 1 9.79337406158 0. 2.89378982736e-24 0.
1530660742 1 9.79028224945 0. 2.89326782013e-24 0.
1530660802 1 9.79025173187 0. 2.89380112049e-24 0.
1530660862 1 9.79465484619 0. 2.895282149e-24 0.
1530660922 1 9.7839717865 0. 2.89245072446e-24 0.
1530660982 1 9.77657794952 0. 2.89057024067e-24 0.
1530661042 1 9.76363754272 0. 2.88716482628e-24 0.
1530661103 1 9.75461959839 0. 2.88505021159e-24 0.
1530661163 1 9.75518131256 0. 2.88556112847e-24 0.
1530661223 1 9.74297332764 0. 2.88205608577e-24 0.
1530661283 1 9.74701881409 0. 2.88341615628e-24 0.
1530661343 1 9.74800682068 0. 2.88429936346e-24 0.
1530661403 1 9.74291992188 0. 2.88296972305e-24 0.
1530661463 1 9.73538589478 0. 2.88131880566e-24 0.
1530661523 1 9.7366399765 0. 2.88211070669e-24 0.
1530661583 1 9.7139339447 0. 2.87589868321e-24 0.
1530661644 1 9.71611690521 0. 2.87693055969e-24 0.
1530661704 1 9.71475028992 0. 2.87699380595e-24 0.
1530661764 1 9.69490814209 0. 2.87117025326e-24 0.
1530661824 1 9.69247722626 0. 2.87104005233e-24 0.
1530661884 1 9.69897079468 0. 2.87315234796e-24 0.
1530661944 1 9.69425582886 0. 2.87192763849e-24 0.
1530662004 1 9.68614959717 0. 2.86990500158e-24 0.
1530662064 1 9.6677532196 0. 2.86467977324e-24 0.
1530662125 1 9.68333721161 0. 2.8699156342e-24 0.
1530662185 1 9.68912124634 0. 2.87189362493e-24 0.
1530662245 1 9.67138004303 0. 2.86675620332e-24 0.
1530662305 1 9.66574954987 0. 2.86563690956e-24 0.
1530662365 1 9.65585899353 0. 2.86301215241e-24 0.
1530662425 1 9.65885734558 0. 2.86448366082e-24 0.
1530662485 1 9.65678119659 0. 2.86414865619e-24 0.
1530662545 1 9.64964389801 0. 2.86233218414e-24 0.
1530662606 1 9.64164638519 0. 2.86015660545e-24 0.
1530662666 1 9.63048267365 0. 2.85733034842e-24 0.
1530662726 1 9.62673568726 0. 2.85659739314e-24 0.
1530662786 1 9.6169757843 0. 2.85391342099e-24 0.
1530662846 1 9.6140794754 0. 2.85339367625e-24 0.
1530662906 1 9.62466526031 0. 2.85704436352e-24 0.
1530662966 1 9.61343765259 0. 2.85395344006e-24 0.
1530663026 1 9.60964107513 0. 2.85325896171e-24 0.
1530663086 1 9.60719776154 0. 2.85284219757e-24 0.
1530663147 1 9.60507297516 0. 2.85252035112e-24 0.
1530663207 1 9.60555171967 0. 2.85275560646e-24 0.
1530663267 1 9.59059524536 0. 2.84878807376e-24 0.
1530663327 1 9.58920764923 0. 2.84889718362e-24 0.
1530663362 1 9.60237503052 0. 2.85276608167e-24 0.
1530663372 1 9.58368587494 0. 2.84742969784e-24 0.
1530663408 1 9.58600139618 0. 2.84833024778e-24 0.
1530663468 1 9.57511425018 0. 2.8455415789e-24 0.
1530663503 1 9.58490657806 0. 2.84804844934e-24 0.
1530663538 1 9.57799243927 0. 2.84662115666e-24 0.
1530663598 1 9.57277965546 0. 2.8454907794e-24 0.
1530663658 1 9.55941772461 0. 2.84185035577e-24 0.
1530663718 1 9.5518693924 0. 2.83990398601e-24 0.
1530663779 1 9.54356861115 0. 2.83799914937e-24 0.
1530663839 1 9.54009914398 0. 2.83708414319e-24 0.
1530663899 1 9.55034828186 0. 2.84073808927e-24 0.
1530663959 1 9.53278446198 0. 2.83570007677e-24 0.
1530664006 1 9.52991676331 0. 2.83543464658e-24 0.
1530664052 1 9.53371620178 0. 2.83675122475e-24 0.
1530664112 1 9.53064441681 0. 2.8360644517e-24 0.
1530664173 1 9.5198392868 0. 2.83337479137e-24 0.
1530664233 1 9.50185203552 0. 2.82824447767e-24 0.
1530664293 1 9.49338817596 0. 2.82608484052e-24 0.
1530664328 1 9.51591300964 0. 2.83314196763e-24 0.
1530664340 1 9.49372577667 0. 2.82655585499e-24 0.
1530664376 1 9.48289203644 0. 2.82359246667e-24 0.
1530664437 1 9.48155498505 0. 2.82362583226e-24 0.
1530664497 1 9.47905254364 0. 2.8230835145e-24 0.
1530664557 1 9.47277545929 0. 2.82144963103e-24 0.
1530664617 1 9.47758769989 0. 2.82337005009e-24 0.
1530664678 1 9.46220111847 0. 2.81909501776e-24 0.
1530664738 1 9.44917201996 0. 2.81554100852e-24 0.
1530664798 1 9.45770645142 0. 2.8185635354e-24 0.
1530664858 1 9.45641517639 0. 2.81842817527e-24 0.
1530664918 1 9.44271945953 0. 2.81468519445e-24 0.
1530664978 1 9.44395160675 0. 2.81529324897e-24 0.
1530665038 1 9.4380531311 0. 2.81403768595e-24 0.
1530665098 1 9.42874145508 0. 2.81153878771e-24 0.
1530665159 1 9.42991256714 0. 2.81234958192e-24 0.
1530665219 1 9.43482780457 0. 2.814086294e-24 0.
1530665279 1 9.43079566956 0. 2.81340315398e-24 0.
1530665339 1 9.42132759094 0. 2.8108949229e-24 0.
1530665399 1 9.40410137177 0. 2.80581181136e-24 0.
1530665459 1 9.3992099762 0. 2.80488510648e-24 0.
1530665520 1 9.39589977264 0. 2.80434617297e-24 0.
1530665580 1 9.39632320404 0. 2.80457931781e-24 0.
1530665640 1 9.39325332642 0. 2.80412066749e-24 0.
1530665700 1 9.39063072205 0. 2.80349690624e-24 0.
1530665760 1 9.3689699173 0. 2.79739687711e-24 0.
1530665820 1 9.36180400848 0. 2.7955243886e-24 0.
1530665880 1 9.37147045135 0. 2.7988947183e-24 0.
1530665941 1 9.36093997955 0. 2.79607484682e-24 0.
1530666001 1 9.36530685425 0. 2.797537424e-24 0.
1530666061 1 9.35135650635 0. 2.7937772253e-24 0.
1530666121 1 9.34371376038 0. 2.79157287239e-24 0.
1530666181 1 9.34435367584 0. 2.79244882967e-24 0.
1530666241 1 9.33330345154 0. 2.78956298882e-24 0.
1530666301 1 9.33185195923 0. 2.78946258016e-24 0.
1530666361 1 9.33252429962 0. 2.79004188732e-24 0.
1530666421 1 9.31061267853 0. 2.7836546457e-24 0.
1530666482 1 9.30720329285 0. 2.78274576562e-24 0.
1530666542 1 9.31226158142 0. 2.78480373171e-24 0.
1530666589 1 9.30522727966 0. 2.78290913182e-24 0.
1530666636 1 9.30888080597 0. 2.78412583256e-24 0.
1530666696 1 9.31183624268 0. 2.78557394525e-24 0.
1530666756 1 9.29716110229 0. 2.78177846578e-24 0.
1530666816 1 9.30054187775 0. 2.78284360989e-24 0.
1530666876 1 9.28335189819 0. 2.77799181613e-24 0.
1530666936 1 9.27310180664 0. 2.77531017909e-24 0.
1530666996 1 9.26799297333 0. 2.77391489069e-24 0.
1530667056 1 9.26323890686 0. 2.77292752504e-24 0.
1530667103 1 9.27383613586 0. 2.77625746213e-24 0.
1530667150 1 9.26080036163 0. 2.77266033796e-24 0.
1530667211 1 9.26062965393 0. 2.77298088828e-24 0.
1530667271 1 9.25738334656 0. 2.7722285681e-24 0.
1530667331 1 9.24187850952 0. 2.76820881855e-24 0.
1530667391 1 9.24896526337 0. 2.7701814513e-24 0.
1530667451 1 9.2486038208 0. 2.77059168228e-24 0.
1530667511 1 9.23526954651 0. 2.76683538576e-24 0.
1530667571 1 9.23535251617 0. 2.7671798258e-24 0.
1530667631 1 9.2283821106 0. 2.76540347209e-24 0.
1530667692 1 9.22648906708 0. 2.76506507331e-24 0.
1530667752 1 9.22304534912 0. 2.76464933794e-24 0.
1530667812 1 9.21814632416 0. 2.76339884948e-24 0.
1530667872 1 9.22445106506 0. 2.76540371888e-24 0.
1530667932 1 9.20688056946 0. 2.76088546527e-24 0.
1530667992 1 9.21418571472 0. 2.7634118067e-24 0.
1530668052 1 9.21587181091 0. 2.7639819672e-24 0.
1530668112 1 9.20457458496 0. 2.76088394682e-24 0.
1530668173 1 9.19746398926 0. 2.75915146608e-24 0.
1530668233 1 9.19094181061 0. 2.75752377149e-24 0.
1530668293 1 9.19218921661 0. 2.75836901853e-24 0.
1530668353 1 9.18845748901 0. 2.75757950141e-24 0.
1530668413 1 9.18429756165 0. 2.75685376492e-24 0.
1530668474 1 9.18688011169 0. 2.75791312749e-24 0.
1530668534 1 9.17105960846 0. 2.75355165795e-24 0.
1530668594 1 9.16437625885 0. 2.7517790923e-24 0.
1530668654 1 9.17458343506 0. 2.75510549429e-24 0.
1530668714 1 9.16101169586 0. 2.75141764481e-24 0.
1530668774 1 9.15750789642 0. 2.75058547559e-24 0.
1530668834 1 9.16171455383 0. 2.75212486686e-24 0.
1530668894 1 9.15426921844 0. 2.75043209098e-24 0.
1530668955 1 9.15856933594 0. 2.75186029537e-24 0.
1530669015 1 9.14868545532 0. 2.74920816378e-24 0.
1530669075 1 9.14775085449 0. 2.74934260634e-24 0.
1530669135 1 9.15283966064 0. 2.7509762696e-24 0.
1530669195 1 9.14168262482 0. 2.74823501281e-24 0.
1530669255 1 9.14174175262 0. 2.74847074188e-24 0.
1530669316 1 9.1227722168 0. 2.74290317412e-24 0.
1530669376 1 9.12578105927 0. 2.74395433192e-24 0.
1530669436 1 9.11958122253 0. 2.74242168176e-24 0.
1530669496 1 9.12987327576 0. 2.74591054929e-24 0.
1530669556 1 9.12328720093 0. 2.7442988723e-24 0.
1530669616 1 9.10834884644 0. 2.73998938669e-24 0.
1530669676 1 9.11196136475 0. 2.7413261255e-24 0.
1530669737 1 9.11082649231 0. 2.74153947689e-24 0.
1530669797 1 9.1008939743 0. 2.73868256853e-24 0.
1530669857 1 9.09541702271 0. 2.73743071514e-24 0.
1530669917 1 9.09852218628 0. 2.73860371172e-24 0.
1530669977 1 9.0933713913 0. 2.7375711244e-24 0.
1530670037 1 9.09735965729 0. 2.73880853321e-24 0.
1530670097 1 9.09797286987 0. 2.73920096393e-24 0.
1530670158 1 9.09115695953 0. 2.73764794227e-24 0.
1530670218 1 9.07431221008 0. 2.73293863212e-24 0.
1530670278 1 9.06133842468 0. 2.72917181041e-24 0.
1530670338 1 9.06964111328 0. 2.7322107482e-24 0.
1530670398 1 8.8611164093 0. 2.66955672756e-24 0.
1530670459 1 8.6058588028 0. 2.59319741158e-24 0.
1530670519 1 9.07412719727 0. 2.73471818571e-24 0.
1530670579 1 9.05951118469 0. 2.73044888605e-24 0.
1530670639 1 9.18499469757 0. 2.76842586733e-24 0.
1530670699 1 9.30507850647 0. 2.80512988226e-24 0.
1530670759 1 9.32476806641 0. 2.81099388358e-24 0.
1530670819 1 9.29525852203 0. 2.80239359587e-24 0.
1530670879 1 9.2874994278 0. 2.80035362317e-24 0.
1530670940 1 9.30265522003 0. 2.80520127794e-24 0.
1530671000 1 9.30097007751 0. 2.80481654279e-24 0.
1530671060 1 9.28561306 0. 2.80039435144e-24 0.
1530671120 1 9.29012203217 0. 2.80206076528e-24 0.
1530671180 1 8.84150218964 0. 2.66708428901e-24 0.
1530671240 1 8.8168182373 0. 2.65995918483e-24 0.
1530671300 1 9.07550048828 0. 2.73824376865e-24 0.
1530671361 1 9.2892780304 0. 2.80286074568e-24 0.
1530671421 1 9.29696941376 0. 2.80557763895e-24 0.
1530671481 1 9.28935241699 0. 2.80338705624e-24 0.
1530671541 1 9.27848529816 0. 2.80051226846e-24 0.
1530671601 1 9.27292823792 0. 2.79905208326e-24 0.
1530671661 1 9.29211711884 0. 2.80511734603e-24 0.
1530671721 1 9.27351284027 0. 2.79953603133e-24 0.
1530671781 1 9.26867485046 0. 2.79845338105e-24 0.
1530671842 1 9.26854324341 0. 2.79850092696e-24 0.
1530671902 1 9.2677898407 0. 2.79842401974e-24 0.
1530671962 1 9.26436328888 0. 2.79780846835e-24 0.
1530672022 1 9.2590045929 0. 2.796198789e-24 0.
1530672082 1 9.23953723907 0. 2.79054101054e-24 0.
1530672142 1 9.23436737061 0. 2.78925141438e-24 0.
1530672202 1 9.22888088226 0. 2.78782529098e-24 0.
1530672263 1 9.23381519318 0. 2.78976141375e-24 0.
1530672323 1 9.22764968872 0. 2.78805212243e-24 0.
1530672383 1 9.23564815521 0. 2.79084617207e-24 0.
1530672443 1 9.23229503632 0. 2.78987870274e-24 0.
1530672503 1 9.22833824158 0. 2.78903619364e-24 0.
1530672563 1 9.21372032166 0. 2.78487802513e-24 0.
1530672623 1 9.21368598938 0. 2.78499134009e-24 0.
1530672683 1 9.21519374847 0. 2.78567130923e-24 0.
1530672744 1 9.215508461 0. 2.78596325318e-24 0.
1530672804 1 9.20367336273 0. 2.78266619786e-24 0.
1530672864 1 9.1962556839 0. 2.78073833567e-24 0.
1530672924 1 9.19836044312 0. 2.78187685805e-24 0.
1530672984 1 9.20039463043 0. 2.78267567042e-24 0.
1530673044 1 9.1930398941 0. 2.78070451405e-24 0.
1530673104 1 9.18808937073 0. 2.7796699678e-24 0.
1530673164 1 9.19322395325 0. 2.78123501114e-24 0.
1530673224 1 9.17032051086 0. 2.77477767601e-24 0.
1530673285 1 9.17476940155 0. 2.77631129464e-24 0.
1530673345 1 9.17332649231 0. 2.77608414536e-24 0.
1530673405 1 9.16776847839 0. 2.77452867573e-24 0.
1530673465 1 9.15808391571 0. 2.77188541155e-24 0.
1530673525 1 9.15545654297 0. 2.77146529451e-24 0.
1530673585 1 9.14626598358 0. 2.7689434187e-24 0.
1530673645 1 9.14276409149 0. 2.76811799369e-24 0.
1530673705 1 9.15583992004 0. 2.77224827544e-24 0.
1530673766 1 9.14428138733 0. 2.76891160784e-24 0.
1530673826 1 9.14043998718 0. 2.76801258256e-24 0.
1530673886 1 9.13729858398 0. 2.76722313957e-24 0.
1530673946 1 9.13213825226 0. 2.76599926469e-24 0.
1530674006 1 9.12589168549 0. 2.76423321003e-24 0.
1530674066 1 9.12161445618 0. 2.76321970002e-24 0.
1530674126 1 9.12531089783 0. 2.76468729802e-24 0.
1530674186 1 9.11748790741 0. 2.76260762389e-24 0.
1530674246 1 9.11912536621 0. 2.76352068875e-24 0.
1530674307 1 9.11889076233 0. 2.76366319518e-24 0.
1530674367 1 9.10295295715 0. 2.75892687935e-24 0.
1530674427 1 9.0995092392 0. 2.75822948249e-24 0.
1530674487 1 9.09400177002 0. 2.75677246429e-24 0.
1530674547 1 9.11437511444 0. 2.76344034843e-24 0.
1530674607 1 9.09366989136 0. 2.75745470111e-24 0.
1530674667 1 9.08967781067 0. 2.75638678798e-24 0.
1530674727 1 9.08048343658 0. 2.75378770279e-24 0.
1530674787 1 9.07702255249 0. 2.75291405576e-24 0.
1530674848 1 9.0713968277 0. 2.75148443687e-24 0.
1530674908 1 9.07076644897 0. 2.75160337124e-24 0.
1530674968 1 9.07093143463 0. 2.75192158337e-24 0.
1530675028 1 9.05965614319 0. 2.74845978951e-24 0.
1530675088 1 9.05568981171 0. 2.74757567456e-24 0.
1530675148 1 9.06453037262 0. 2.75047295637e-24 0.
1530675209 1 9.07275104523 0. 2.75314925128e-24 0.
1530675269 1 9.05042171478 0. 2.74663143522e-24 0.
1530675329 1 9.05140018463 0. 2.74695456132e-24 0.
1530675389 1 9.05536174774 0. 2.74849900495e-24 0.
1530675449 1 9.04855823517 0. 2.74680073117e-24 0.
1530675509 1 9.03406047821 0. 2.74250768104e-24 0.
1530675569 1 9.03745937347 0. 2.74376329897e-24 0.
1530675630 1 9.03468704224 0. 2.7431607067e-24 0.
1530675690 1 9.03446578979 0. 2.74343448212e-24 0.
1530675750 1 9.02520847321 0. 2.74104956827e-24 0.
1530675810 1 9.02568435669 0. 2.74138440569e-24 0.
1530675870 1 9.02317237854 0. 2.74108775985e-24 0.
1530675930 1 9.02004432678 0. 2.74041569205e-24 0.
1530675990 1 9.00660228729 0. 2.73640376064e-24 0.
1530676050 1 9.01665496826 0. 2.73965644159e-24 0.
1530676111 1 9.00915241241 0. 2.73747864869e-24 0.
1530676171 1 9.00670433044 0. 2.73699539863e-24 0.
1530676231 1 8.99553585052 0. 2.73397689903e-24 0.
1530676291 1 9.00175189972 0. 2.73605116223e-24 0.
1530676351 1 8.99970912933 0. 2.73566461677e-24 0.
1530676411 1 8.98668384552 0. 2.73191710362e-24 0.
1530676471 1 8.98250102997 0. 2.73074608557e-24 0.
1530676531 1 8.98317813873 0. 2.73129316732e-24 0.
1530676592 1 8.98005771637 0. 2.73066663855e-24 0.
1530676652 1 8.97651576996 0. 2.73000653593e-24 0.
1530676712 1 8.97807025909 0. 2.73066443271e-24 0.
1530676772 1 8.9685087204 0. 2.7279493698e-24 0.
1530676832 1 8.96266841888 0. 2.72631034619e-24 0.
1530676892 1 8.96854019165 0. 2.72824354875e-24 0.
1530676952 1 8.96996498108 0. 2.72877167973e-24 0.
1530677012 1 8.95704746246 0. 2.72519495277e-24 0.
1530677073 1 8.95169258118 0. 2.72369032627e-24 0.
1530677133 1 8.95160484314 0. 2.72416916653e-24 0.
1530677193 1 8.95105743408 0. 2.72410660744e-24 0.
1530677253 1 8.943318367 0. 2.72190255502e-24 0.
1530677313 1 8.9320936203 0. 2.71880177543e-24 0.
1530677373 1 8.93443965912 0. 2.71949299164e-24 0.
1530677433 1 8.93463230133 0. 2.72008893602e-24 0.
1530677493 1 8.92519187927 0. 2.71752594681e-24 0.
1530677554 1 8.93448448181 0. 2.72032346656e-24 0.
1530677614 1 8.92645454407 0. 2.71819266316e-24 0.
1530677674 1 8.91849422455 0. 2.71605067595e-24 0.
1530677734 1 8.91640281677 0. 2.71580504841e-24 0.
1530677794 1 8.90739631653 0. 2.71316095856e-24 0.
1530677854 1 8.90936183929 0. 2.71392805753e-24 0.
1530677914 1 8.90809345245 0. 2.71373671915e-24 0.
1530677975 1 8.89875030518 0. 2.71106988166e-24 0.
1530678035 1 8.90440559387 0. 2.71269786273e-24 0.
1530678095 1 8.89319515228 0. 2.70972020705e-24 0.
1530678155 1 8.89328289032 0. 2.71001206616e-24 0.
1530678215 1 8.88938617706 0. 2.70890914823e-24 0.
1530678256 1 8.89112758636 0. 2.70967327893e-24 0.
1530678274 1 8.89611053467 0. 2.71127929291e-24 0.
1530678311 1 8.8827085495 0. 2.70731513475e-24 0.
1530678371 1 8.88281440735 0. 2.70753220096e-24 0.
1530678431 1 8.87630081177 0. 2.70600973447e-24 0.
1530678491 1 8.86642456055 0. 2.70304214048e-24 0.
1530678551 1 8.86574649811 0. 2.70322415942e-24 0.
1530678611 1 8.87110614777 0. 2.70511369875e-24 0.
1530678671 1 8.85936832428 0. 2.7020000403e-24 0.
1530678731 1 8.86936187744 0. 2.70523092413e-24 0.
1530678792 1 8.85842323303 0. 2.70206470076e-24 0.
1530678849 1 8.84836864471 0. 2.69909563531e-24 0.
1530678906 1 8.84656047821 0. 2.69879448808e-24 0.
1530678966 1 8.844830513 0. 2.69836190992e-24 0.
1530679026 1 8.845454216 0. 2.69873906432e-24 0.
1530679086 1 8.8429441452 0. 2.69835529977e-24 0.
1530679146 1 8.83514976501 0. 2.69611882668e-24 0.
1530679206 1 8.83765029907 0. 2.69699285822e-24 0.
1530679267 1 8.82678794861 0. 2.69405079565e-24 0.
1530679327 1 8.82876205444 0. 2.69480552989e-24 0.
1530679387 1 8.82198143005 0. 2.6931985939e-24 0.
1530679447 1 8.8235244751 0. 2.69366138832e-24 0.
1530679507 1 8.80668544769 0. 2.68884271068e-24 0.
1530679567 1 8.81574821472 0. 2.69199996805e-24 0.
1530679628 1 8.8114900589 0. 2.69096511529e-24 0.
1530679688 1 8.80273151398 0. 2.68849993693e-24 0.
1530679748 1 8.8037071228 0. 2.68886406935e-24 0.
1530679808 1 8.80305194855 0. 2.6889511192e-24 0.
1530679868 1 8.80065155029 0. 2.68837202906e-24 0.
1530679928 1 8.79449748993 0. 2.68677989213e-24 0.
1530679988 1 8.79931640625 0. 2.68855995811e-24 0.
1530680048 1 8.78326129913 0. 2.68388888963e-24 0.
1530680108 1 8.78740882874 0. 2.68508808714e-24 0.
1530680169 1 8.78538131714 0. 2.68482355497e-24 0.
1530680229 1 8.77462768555 0. 2.68170406692e-24 0.
1530680289 1 8.77454948425 0. 2.68211956802e-24 0.
1530680349 1 8.78367328644 0. 2.68510538076e-24 0.
1530680409 1 8.77501106262 0. 2.68257763181e-24 0.
1530680469 1 8.7794675827 0. 2.68414988084e-24 0.
1530680529 1 8.76605224609 0. 2.68030459823e-24 0.
1530680589 1 8.75909614563 0. 2.67824650735e-24 0.
1530680649 1 8.7635717392 0. 2.67991747173e-24 0.
1530680710 1 8.75088119507 0. 2.6762762233e-24 0.
1530680770 1 8.74195957184 0. 2.67350720068e-24 0.
1530680830 1 8.74599647522 0. 2.67503815139e-24 0.
1530680890 1 8.74607086182 0. 2.67520193016e-24 0.
1530680950 1 8.73959159851 0. 2.67350178811e-24 0.
1530681010 1 8.73790073395 0. 2.67298880373e-24 0.
1530681071 1 8.73803424835 0. 2.67332261162e-24 0.
1530681131 1 8.72165584564 0. 2.66843558731e-24 0.
1530681191 1 8.72222614288 0. 2.66904863061e-24 0.
1530681251 1 8.72840976715 0. 2.67087291704e-24 0.
1530681311 1 8.72908210754 0. 2.67159384399e-24 0.
1530681371 1 8.71909141541 0. 2.66840042089e-24 0.
1530681431 1 8.7116985321 0. 2.66642068858e-24 0.
1530681491 1 8.71288108826 0. 2.66687905652e-24 0.
1530681551 1 8.70613574982 0. 2.66514827366e-24 0.
1530681612 1 8.70353603363 0. 2.66450534943e-24 0.
1530681672 1 8.70194911957 0. 2.66403644187e-24 0.
1530681732 1 8.71036434174 0. 2.66674891343e-24 0.
1530681792 1 8.70251655579 0. 2.66455810399e-24 0.
1530681852 1 8.6993970871 0. 2.66378199558e-24 0.
1530681912 1 8.69437980652 0. 2.66256252119e-24 0.
1530681972 1 8.6895980835 0. 2.66144003619e-24 0.
1530682032 1 8.68192005157 0. 2.65908902096e-24 0.
1530682093 1 8.68607616425 0. 2.6606529426e-24 0.
1530682153 1 8.68555927277 0. 2.6607422521e-24 0.
1530682213 1 8.68466377258 0. 2.66061162782e-24 0.
1530682273 1 8.68437099457 0. 2.66063443722e-24 0.
1530682333 1 8.67444419861 0. 2.65783517709e-24 0.
1530682393 1 8.67798233032 0. 2.65893021028e-24 0.
1530682453 1 8.67848110199 0. 2.65940360958e-24 0.
1530682513 1 8.67155361176 0. 2.65775478957e-24 0.
1530682574 1 8.67664527893 0. 2.65951160124e-24 0.
1530682634 1 8.65775585175 0. 2.65396195008e-24 0.
1530682694 1 8.65863990784 0. 2.65463576534e-24 0.
1530682754 1 8.65737533569 0. 2.65446031512e-24 0.
1530682814 1 8.65310764313 0. 2.65338918782e-24 0.
1530682868 1 8.65535640717 0. 2.65420820647e-24 0.
1530682904 1 7.31197166443 0. 2.24301229874e-24 0.
1530682920 1 5.47693920135 0. 1.68078650318e-24 0.
1530682930 1 6.13964080811 0. 1.88411259447e-24 0.
1530682940 1 6.68670892715 0. 2.05136374187e-24 0.
1530682950 1 7.27921199799 0. 2.23320972171e-24 0.
1530682960 1 7.72939157486 0. 2.37110130423e-24 0.
1530682970 1 8.13925743103 0. 2.49705963842e-24 0.
1530682981 1 8.40032196045 0. 2.57682100052e-24 0.
1530682991 1 8.57484531403 0. 2.63026014626e-24 0.
1530683001 1 8.64295768738 0. 2.65202362545e-24 0.
1530683011 1 8.52133560181 0. 2.61404072097e-24 0.
1530683021 1 8.36901760101 0. 2.56739683221e-24 0.
1530683032 1 7.9772105217 0. 2.4471899771e-24 0.
1530683042 1 7.64715671539 0. 2.34646346611e-24 0.
1530683052 1 7.0507311821 0. 2.16380072964e-24 0.
1530683062 1 6.46807575226 0. 1.98502863109e-24 0.
1530683072 1 5.81427001953 0. 1.78471128717e-24 0.
1530683082 1 5.32744073868 0. 1.63550195745e-24 0.
1530683128 1 5.61912584305 0. 1.72479806071e-24 0.
1530683174 1 0.773362219334 0. 2.37800729348e-25 0.
1530683188 1 1.54539847374 0. 4.74957781925e-25 0.
1530683201 1 2.2740380764 0. 6.98729032192e-25 0.
1530683214 1 3.59526515007 0. 1.10430358477e-24 0.
1530683227 1 4.85299110413 0. 1.49057322435e-24 0.
1530683241 1 6.32070302963 0. 1.94032784656e-24 0.
1530683254 1 7.52717208862 0. 2.31065551769e-24 0.
1530683267 1 8.21178340912 0. 2.52061893678e-24 0.
1530683280 1 8.65208435059 0. 2.65607464206e-24 0.
1530683294 1 8.07641220093 0. 2.47953388128e-24 0.
1530683307 1 7.37805652618 0. 2.26567444291e-24 0.
1530683320 1 5.95848083496 0. 1.82966010483e-24 0.
1530683333 1 4.67242670059 0. 1.43525950033e-24 0.
1530683347 1 3.24776816368 0. 9.98089639533e-25 0.
1530683360 1 2.08094382286 0. 6.40160489511e-25 0.
1530683373 1 1.24124324322 0. 3.81798729971e-25 0.
1530683386 1 0.641041755676 0. 1.97269206971e-25 0.
1530683419 1 4.6702132225 0. 1.43454400417e-24 0.
1530683477 1 8.62267684937 0. 2.64793633149e-24 0.
1530683538 1 8.60865211487 0. 2.64383388731e-24 0.
1530683598 1 8.60433101654 0. 2.64268075544e-24 0.
1530683658 1 8.60503578186 0. 2.64292657115e-24 0.
1530683718 1 8.59774208069 0. 2.64101605264e-24 0.
1530683778 1 8.59982776642 0. 2.64159672986e-24 0.
1530683838 1 8.59440994263 0. 2.64032421496e-24 0.
1530683898 1 8.59821987152 0. 2.64160946381e-24 0.
1530683959 1 8.5961561203 0. 2.64111901013e-24 0.
1530684019 1 8.58256435394 0. 2.63722953357e-24 0.
1530684074 1 8.57977199554 0. 2.63652201582e-24 0.
1530684106 1 8.5870923996 0. 2.63882691557e-24 0.
1530684142 1 8.58960914612 0. 2.63964452309e-24 0.
1530684203 1 8.58700942993 0. 2.63895396543e-24 0.
1530684263 1 8.57629966736 0. 2.63565761756e-24 0.
1530684323 1 8.57419300079 0. 2.63518628553e-24 0.
1530684383 1 8.57391738892 0. 2.63515861362e-24 0.
1530684443 1 8.57667827606 0. 2.63626636858e-24 0.
1530684503 1 8.56432628632 0. 2.63273784831e-24 0.
1530684563 1 8.5609998703 0. 2.63179187839e-24 0.
1530684623 1 8.56459712982 0. 2.63320987622e-24 0.
1530684684 1 8.57056999207 0. 2.63533777043e-24 0.
1530684732 1 8.55941581726 0. 2.63223668526e-24 0.
1530684781 1 8.56051254272 0. 2.63254740395e-24 0.
1530684841 1 8.56780910492 0. 2.63492345854e-24 0.
1530684901 1 8.546916008 0. 2.62863832637e-24 0.
1530684961 1 8.53845119476 0. 2.62617754023e-24 0.
1530685021 1 8.55141925812 0. 2.63050350726e-24 0.
1530685081 1 8.54631900787 0. 2.628934497e-24 0.
1530685141 1 8.53970241547 0. 2.62737087081e-24 0.
1530685202 1 8.53778171539 0. 2.62685253989e-24 0.
1530685262 1 8.53337574005 0. 2.62565038372e-24 0.
1530685322 1 8.52398681641 0. 2.62307318081e-24 0.
1530685382 1 8.52971839905 0. 2.62473974205e-24 0.
1530685442 1 8.51776123047 0. 2.62136349281e-24 0.
1530685502 1 8.53094005585 0. 2.62580295809e-24 0.
1530685562 1 8.51992988586 0. 2.62230176698e-24 0.
1530685622 1 8.51391124725 0. 2.62074892236e-24 0.
1530685683 1 8.51434230804 0. 2.62100830896e-24 0.
1530685743 1 8.5148639679 0. 2.62147895293e-24 0.
1530685803 1 8.51082134247 0. 2.62036208004e-24 0.
1530685863 1 8.50069522858 0. 2.61722544285e-24 0.
1530685924 1 8.49747180939 0. 2.6164473242e-24 0.
1530685984 1 8.49881076813 0. 2.61719982136e-24 0.
1530686044 1 8.49872493744 0. 2.61718489245e-24 0.
1530686084 1 8.49287414551 0. 2.61567873536e-24 0.
1530686100 1 8.50506877899 0. 2.61944309362e-24 0.
1530686136 1 8.4885559082 0. 2.61434005847e-24 0.
1530686196 1 8.47132492065 0. 2.60938152769e-24 0.
1530686256 1 8.48862266541 0. 2.61506373818e-24 0.
1530686316 1 8.47808933258 0. 2.61208175919e-24 0.
1530686376 1 8.46528244019 0. 2.60880970341e-24 0.
1530686437 1 8.48528957367 0. 2.61539343066e-24 0.
1530686497 1 8.50617790222 0. 2.62208495907e-24 0.
1530686557 1 8.46633148193 0. 2.61037842767e-24 0.
1530686617 1 8.47252464294 0. 2.61241230712e-24 0.
1530686677 1 8.48466110229 0. 2.61687257601e-24 0.
1530686737 1 8.44755363464 0. 2.60570300781e-24 0.
1530686797 1 8.44470119476 0. 2.60494710687e-24 0.
1530686857 1 8.43842315674 0. 2.60313585459e-24 0.
1530686917 1 8.44926357269 0. 2.60652462648e-24 0.
1530686978 1 8.43238353729 0. 2.60142890025e-24 0.
1530687038 1 8.43598651886 0. 2.6030115456e-24 0.
1530687098 1 8.43328857422 0. 2.60248318577e-24 0.
1530687158 1 8.43511295319 0. 2.60297509748e-24 0.
1530687218 1 8.43413066864 0. 2.60279291081e-24 0.
1530687253 1 5.51024866104 0. 2.6032388102e-24 0.
1530687282 1 -0.000884594162926 0. 0.0 0.
