1531079616 1 5.42536115646 0. 2.01525271568e-25 0.
1531079674 1 5.28125524521 0. 1.96394555238e-25 0.
1531079732 1 5.18516492844 0. 1.93039302522e-25 0.
1531079792 1 4.98371601105 0. 1.85756210202e-25 0.
1531079852 1 4.9094824791 0. 1.83205731216e-25 0.
1531079912 1 4.76539993286 0. 1.78020036716e-25 0.
1531079973 1 4.66789579391 0. 1.7460971833e-25 0.
1531080033 1 4.61843442917 0. 1.72928625865e-25 0.
1531080093 1 4.46710014343 0. 1.67462631482e-25 0.
1531080134 1 4.44026136398 0. 1.6657555763e-25 0.
1531080160 1 4.42610502243 0. 1.66118668685e-25 0.
1531080178 1 16.6860122681 0. 6.23978525439e-25 0.
1531080212 1 29.2475795746 0. 1.09354207546e-24 0.
1531080244 1 42.1150054932 0. 1.5737476024e-24 0.
1531080337 1 55.1148796082 0. 2.06172882932e-24 0.
1531080430 1 133.088684082 0. 4.97219016535e-24 0.
1531080508 1 209.207519531 0. 7.82092478545e-24 0.
1531080586 1 287.611541748 0. 1.07564754219e-23 0.
1531080659 1 357.335266113 0. 1.33748585902e-23 0.
1531080731 1 440.881835938 0. 1.65117139686e-23 0.
1531080799 1 527.630187988 0. 1.97752702878e-23 0.
1531080867 1 779.663391113 0. 2.92144264103e-23 0.
1531080925 1 1034.85119629 0. 3.87881246056e-23 0.
1531080982 1 1455.57275391 0. 5.45513473911e-23 0.
1531081035 1 1930.72106934 0. 7.23687360321e-23 0.
1531081088 1 2879.35009766 0. 1.07897455734e-22 0.
1531081123 1 3913.05810547 0. 1.46580310838e-22 0.
1531081157 1 5050.54443359 0. 1.89207102159e-22 0.
1531081182 1 6513.63916016 0. 2.43922695421e-22 0.
1531081208 1 7900.87060547 0. 2.95947417944e-22 0.
1531081229 1 9694.06933594 0. 3.63004222164e-22 0.
1531081250 1 11375.9013672 0. 4.26141863643e-22 0.
1531081267 1 13418.2158203 0. 5.02556994164e-22 0.
1531081281 1 13473.5351562 0. 5.04839572118e-22 0.
1531081285 1 16309.9296875 0. 6.11096790841e-22 0.
1531081299 1 16817.9042969 0. 6.30297471486e-22 0.
1531081314 1 16144.0615234 0. 6.05342573331e-22 0.
1531081330 1 15477.1523438 0. 5.80617404456e-22 0.
1531081346 1 13175.1025391 0. 4.94762356538e-22 0.
1531081365 1 11832.3535156 0. 4.44518207262e-22 0.
1531081384 1 9714.31835938 0. 3.65407674585e-22 0.
1531081407 1 8369.43359375 0. 3.15000915724e-22 0.
1531081430 1 6544.91845703 0. 2.46687808594e-22 0.
1531081459 1 5475.01464844 0. 2.06544306148e-22 0.
1531081489 1 4016.21679688 0. 1.51768895901e-22 0.
1531081530 1 3007.13085938 0. 1.138169403e-22 0.
1531081572 1 2081.171875 0. 7.89235523211e-23 0.
1531081630 1 1461.73730469 0. 5.55567551726e-23 0.
1531081688 1 1019.37792969 0. 3.88206440666e-23 0.
1531081751 1 711.199584961 0. 2.71490427056e-23 0.
1531081814 1 546.046508789 0. 2.08809891139e-23 0.
1531081854 1 460.194580078 0. 1.76210107705e-23 0.
1531081918 1 470.540924072 0. 1.80350182755e-23 0.
1531081950 1 378.976501465 0. 1.45402291089e-23 0.
1531082022 1 291.972106934 0. 1.12252287791e-23 0.
1531082095 1 198.881896973 0. 7.66145711501e-24 0.
1531082173 1 122.313354492 0. 4.7254467e-24 0.
1531082251 1 60.7008285522 0. 2.35093789328e-24 0.
1531082285 1 23.5565319061 0. 9.15627057639e-25 0.
1531082318 1 11.6550121307 0. 4.53755773229e-25 0.
1531082351 1 3.1155898571 0. 1.2173751155e-25 0.
1531082383 1 3.04285979271 0. 1.18978695861e-25 0.
1531082415 1 3.00885605812 0. 1.17700584582e-25 0.
1531082461 1 3.0002040863 0. 1.17415849181e-25 0.
1531082507 1 3.00665378571 0. 1.17769515435e-25 0.
1531082567 1 3.02508234978 0. 1.18572503229e-25 0.
1531082627 1 3.01789093018 0. 1.18409628359e-25 0.
1531082687 1 3.01071834564 0. 1.18221866885e-25 0.
1531082747 1 4252.41162109 0. 1.64667294392e-22 0.
1531082807 1 15748.7529297 0. 6.05904090237e-22 0.
1531082868 1 15742.9111328 0. 6.067353075e-22 0.
1531082928 1 16445.2792969 0. 6.34757059609e-22 0.
1531082967 1 16436.3984375 0. 6.35091395053e-22 0.
1531082983 1 3304.45336914 0. 1.2864130898e-22 0.
1531082994 1 178.37979126 0. 6.95191891088e-24 0.
1531083002 1 368.351928711 0. 1.43270601443e-23 0.
1531083010 1 568.685546875 0. 2.21030074453e-23 0.
1531083019 1 1055.21191406 0. 4.09643866182e-23 0.
1531083027 1 1580.0402832 0. 6.1297421317e-23 0.
1531083035 1 2544.95654297 0. 9.86926420538e-23 0.
1531083043 1 3708.05566406 0. 1.43689719909e-22 0.
1531083052 1 5146.46582031 0. 1.99470037103e-22 0.
1531083060 1 7188.07177734 0. 2.78404311916e-22 0.
1531083068 1 8948.02539062 0. 3.46736591004e-22 0.
1531083076 1 11459.9169922 0. 4.43843216586e-22 0.
1531083085 1 13060.4130859 0. 5.06036558407e-22 0.
1531083093 1 15082.9267578 0. 5.84321058947e-22 0.
1531083101 1 15784.5556641 0. 6.11607807964e-22 0.
1531083110 1 16358.9570312 0. 6.33995537027e-22 0.
1531083118 1 15492.2773438 0. 6.0056147827e-22 0.
1531083126 1 14765.9775391 0. 5.72500004179e-22 0.
1531083135 1 12509.4365234 0. 4.8528214329e-22 0.
1531083143 1 11094.8066406 0. 4.30390974359e-22 0.
1531083151 1 8507.83789062 0. 3.3031301896e-22 0.
1531083159 1 7003.57568359 0. 2.71867110379e-22 0.
1531083168 1 4955.94726562 0. 1.92565240786e-22 0.
1531083176 1 3656.26367188 0. 1.42067444973e-22 0.
1531083184 1 2465.26123047 0. 9.58832458403e-23 0.
1531083193 1 1609.15100098 0. 6.26146769543e-23 0.
1531083201 1 1032.77392578 0. 4.02248385937e-23 0.
1531083209 1 603.954040527 0. 2.35520497243e-23 0.
1531083218 1 375.97845459 0. 1.46771344213e-23 0.
1531083226 1 199.673995972 0. 7.80833482648e-24 0.
1531083244 1 3157.03515625 0. 1.23587661739e-22 0.
1531083262 1 3.36775541306 0. 1.33939096192e-25 0.
1531083270 1 13.3093671799 0. 5.2753046091e-25 0.
1531083278 1 23.6525020599 0. 9.36881592663e-25 0.
1531083286 1 80.8695907593 0. 3.19167827705e-24 0.
1531083295 1 138.879272461 0. 5.47678124059e-24 0.
1531083303 1 376.274108887 0. 1.47871348657e-23 0.
1531083311 1 646.295227051 0. 2.53754157631e-23 0.
1531083319 1 1462.93676758 0. 5.72860993786e-23 0.
1531083327 1 2383.29736328 0. 9.32054830229e-23 0.
1531083336 1 4140.22021484 0. 1.61760008957e-22 0.
1531083344 1 6689.07324219 0. 2.60859641129e-22 0.
1531083352 1 9079.82421875 0. 3.54237812323e-22 0.
1531083360 1 13031.0820312 0. 5.07578256405e-22 0.
1531083369 1 14609.1777344 0. 5.69216020257e-22 0.
1531083377 1 16260.6777344 0. 6.33467922745e-22 0.
1531083385 1 14160.4355469 0. 5.52096059878e-22 0.
1531083393 1 12716.3544922 0. 4.95915839314e-22 0.
1531083402 1 8437.59960938 0. 3.29817093831e-22 0.
1531083410 1 6368.80712891 0. 2.48951654931e-22 0.
1531083418 1 3646.13452148 0. 1.42891776545e-22 0.
1531083427 1 2213.46557617 0. 8.68546442032e-23 0.
1531083435 1 1237.30944824 0. 4.86457163704e-23 0.
1531083443 1 587.010498047 0. 2.3150284553e-23 0.
1531083451 1 314.809051514 0. 1.24360470222e-23 0.
1531083460 1 123.538887024 0. 4.89992898757e-24 0.
1531083468 1 65.393119812 0. 2.59731775484e-24 0.
1531083476 1 19.2561187744 0. 7.68580878407e-25 0.
1531083484 1 9.61011791229 0. 3.83918229395e-25 0.
1531083492 1 2.96659088135 0. 1.18994103134e-25 0.
1531083502 1 2130.80859375 0. 8.38775022097e-23 0.
1531083538 1 16181.7519531 0. 6.32544311618e-22 0.
1531083598 1 16156.8154297 0. 6.3257192598e-22 0.
1531083658 1 16111.1376953 0. 6.31794505266e-22 0.
1531083718 1 16045.9404297 0. 6.30246108311e-22 0.
1531083779 1 16046.7958984 0. 6.31121811831e-22 0.
1531083839 1 15965.3125 0. 6.2880542245e-22 0.
1531083899 1 15900.5292969 0. 6.27106607195e-22 0.
1531083959 1 15896.9169922 0. 6.27696221209e-22 0.
1531084019 1 15924.6035156 0. 6.29693753023e-22 0.
1531084079 1 15872.1972656 0. 6.284488925e-22 0.
1531084139 1 15822.6523438 0. 6.2748756181e-22 0.
1531084199 1 15782.1132812 0. 6.26860904026e-22 0.
1531084260 1 15725.8740234 0. 6.25631917608e-22 0.
1531084320 1 15710.7148438 0. 6.26011938231e-22 0.
1531084380 1 15658.5400391 0. 6.2490645507e-22 0.
1531084420 1 15622.7792969 0. 6.24099893169e-22 0.
1531084460 1 15598.6103516 0. 6.23791559167e-22 0.
1531084521 1 15614.1542969 0. 6.25371894676e-22 0.
1531084581 1 15786.6484375 0. 6.33279373249e-22 0.
1531084641 1 15731.1728516 0. 6.32145304661e-22 0.
1531084701 1 15702.4355469 0. 6.32008047986e-22 0.
1531084748 1 15664.1728516 0. 6.3126763321e-22 0.
1531084796 1 15621.6054688 0. 6.30368731857e-22 0.
1531084856 1 15587.6611328 0. 6.30010066503e-22 0.
1531084916 1 15552.8808594 0. 6.29592162901e-22 0.
1531084977 1 15499.6875 0. 6.2849290541e-22 0.
1531085025 1 15455.171875 0. 6.27477268429e-22 0.
1531085074 1 15416.6132812 0. 6.26705967474e-22 0.
1531085134 1 15427.4580078 0. 6.28120463324e-22 0.
1531085195 1 15351.1289062 0. 6.25999846263e-22 0.
1531085255 1 15311.1767578 0. 6.25367807717e-22 0.
1531085315 1 15273.5273438 0. 6.2480647632e-22 0.
1531085375 1 15254.5380859 0. 6.25011550075e-22 0.
1531085435 1 15222.2548828 0. 6.24607786683e-22 0.
1531085495 1 15184.2216797 0. 6.24010555566e-22 0.
1531085555 1 15148.0224609 0. 6.23475126496e-22 0.
1531085615 1 15124.6591797 0. 6.23497775406e-22 0.
1531085676 1 15080.7070312 0. 6.22633775947e-22 0.
1531085736 1 15044.4765625 0. 6.22082458532e-22 0.
1531085796 1 14984.8535156 0. 6.20572548306e-22 0.
1531085856 1 14989.0146484 0. 6.21706192263e-22 0.
1531085916 1 14913.2363281 0. 6.1950369268e-22 0.
1531085976 1 14873.4619141 0. 6.18835850982e-22 0.
1531086036 1 14843.3681641 0. 6.18533494783e-22 0.
1531086097 1 14817.5146484 0. 6.1837432135e-22 0.
1531086157 1 14784.6650391 0. 6.17941691496e-22 0.
1531086217 1 14738.9853516 0. 6.16933121676e-22 0.
1531086277 1 14737.8554688 0. 6.17820357595e-22 0.
1531086337 1 14648.7714844 0. 6.15028399705e-22 0.
1531086397 1 14600.3544922 0. 6.1389256634e-22 0.
1531086457 1 14554.2646484 0. 6.12892353651e-22 0.
1531086517 1 14589.7529297 0. 6.15276122112e-22 0.
1531086578 1 14517.1191406 0. 6.13152221144e-22 0.
1531086638 1 14484.8515625 0. 6.12709080708e-22 0.
1531086698 1 14433.9013672 0. 6.11452458809e-22 0.
1531086758 1 14395.5878906 0. 6.10734829584e-22 0.
1531086818 1 14363.1923828 0. 6.10246673976e-22 0.
1531086878 1 14337.7607422 0. 6.10039603498e-22 0.
1531086938 1 14304.2294922 0. 6.09518923446e-22 0.
1531086998 1 14254.1660156 0. 6.08285522007e-22 0.
1531087059 1 14248.515625 0. 6.08947140808e-22 0.
1531087114 1 13824.0058594 0. 5.91585487724e-22 0.
1531087149 1 14595.4238281 0. 6.25027262491e-22 0.
1531087173 1 13394.3359375 0. 5.74067185734e-22 0.
1531087217 1 14730.4980469 0. 6.31915280117e-22 0.
1531087278 1 14949.3740234 0. 6.42199553545e-22 0.
1531087338 1 14919.7783203 0. 6.41882455663e-22 0.
1531087398 1 14883.7109375 0. 6.41262648137e-22 0.
1531087458 1 14855.0390625 0. 6.40984152759e-22 0.
1531087518 1 14889.2275391 0. 6.43392464073e-22 0.
1531087578 1 14844.4726562 0. 6.424222362e-22 0.
1531087638 1 14819.4814453 0. 6.42301923318e-22 0.
1531087698 1 14789.9511719 0. 6.41954395903e-22 0.
1531087759 1 14753.9267578 0. 6.41315572066e-22 0.
1531087819 1 14729.7216797 0. 6.41188363147e-22 0.
1531087879 1 14705.8808594 0. 6.41075487366e-22 0.
1531087929 1 14672.8457031 0. 6.40406188923e-22 0.
1531087959 1 14655.4833984 0. 6.40088328175e-22 0.
1531087974 1 14652.9101562 0. 6.40243009031e-22 0.
1531088009 1 14640.9814453 0. 6.40253049542e-22 0.
1531088069 1 14607.0869141 0. 6.39671758081e-22 0.
1531088129 1 14572.7900391 0. 6.39064590775e-22 0.
1531088165 1 14554.5146484 0. 6.38781941122e-22 0.
1531088175 1 14558.0136719 0. 6.39095008173e-22 0.
1531088210 1 14543.8427734 0. 6.39046693841e-22 0.
1531088270 1 14503.3701172 0. 6.3818393297e-22 0.
1531088330 1 14498.4228516 0. 6.38842279373e-22 0.
1531088391 1 14462.9765625 0. 6.38200130898e-22 0.
1531088451 1 14434.1035156 0. 6.37842166826e-22 0.
1531088511 1 14460.2900391 0. 6.39910294056e-22 0.
1531088571 1 14429.0283203 0. 6.39454822337e-22 0.
1531088631 1 14398.984375 0. 6.39051999234e-22 0.
1531088691 1 14379.4638672 0. 6.39093464032e-22 0.
1531088751 1 14340.8222656 0. 6.38309575774e-22 0.
1531088811 1 14311.9453125 0. 6.37930193026e-22 0.
1531088872 1 14289.7597656 0. 6.37845418967e-22 0.
1531088932 1 14267.8681641 0. 6.37737091959e-22 0.
1531088992 1 14241.0947266 0. 6.37437726097e-22 0.
1531089052 1 14203.7587891 0. 6.36684192636e-22 0.
1531089112 1 14178.9511719 0. 6.3645896206e-22 0.
1531089154 1 14161.3945312 0. 6.36273241641e-22 0.
1531089196 1 14134.7158203 0. 6.35728760577e-22 0.
1531089256 1 14116.5742188 0. 6.35773924268e-22 0.
1531089316 1 14078.8886719 0. 6.34975330595e-22 0.
1531089376 1 14069.1748047 0. 6.35447199486e-22 0.
1531089436 1 14035.4833984 0. 6.34794032844e-22 0.
1531089496 1 14044.453125 0. 6.36094938902e-22 0.
1531089557 1 14024.8535156 0. 6.36148589543e-22 0.
1531089617 1 13995.0654297 0. 6.35717277235e-22 0.
1531089677 1 13967.7421875 0. 6.35355486414e-22 0.
1531089737 1 13948.8037109 0. 6.35370664128e-22 0.
1531089797 1 13921.9541016 0. 6.35046154002e-22 0.
1531089857 1 13895.0341797 0. 6.34707767296e-22 0.
1531089917 1 13866.1523438 0. 6.34279670649e-22 0.
1531089978 1 13840.0693359 0. 6.33973979529e-22 0.
1531090038 1 13806.9990234 0. 6.33364898424e-22 0.
1531090098 1 13773.1650391 0. 6.32687773792e-22 0.
1531090158 1 13761.3222656 0. 6.33031886554e-22 0.
1531090219 1 13727.8134766 0. 6.32355542736e-22 0.
1531090279 1 13700.7626953 0. 6.31991750338e-22 0.
1531090339 1 13669.9492188 0. 6.31480797092e-22 0.
1531090399 1 13646.2363281 0. 6.31214111168e-22 0.
1531090459 1 13618.8203125 0. 6.30803801596e-22 0.
1531090519 1 13599.6035156 0. 6.30821370447e-22 0.
1531090579 1 13600.7109375 0. 6.31747749448e-22 0.
1531090639 1 13587.8330078 0. 6.32043548162e-22 0.
1531090700 1 13575.8076172 0. 6.32389430422e-22 0.
1531090760 1 13544.3232422 0. 6.31811326696e-22 0.
1531090820 1 13519.2158203 0. 6.31523533029e-22 0.
1531090880 1 13496.3789062 0. 6.3133490075e-22 0.
1531090940 1 13467.2753906 0. 6.30836328589e-22 0.
1531091000 1 13427.8632812 0. 6.29858938423e-22 0.
1531091060 1 13411.7753906 0. 6.29972844699e-22 0.
1531091121 1 13383.4189453 0. 6.29525984131e-22 0.
1531091181 1 13367.3378906 0. 6.29629464793e-22 0.
1531091241 1 13331.8896484 0. 6.2882537033e-22 0.
1531091301 1 13300.921875 0. 6.28244878608e-22 0.
1531091339 1 13283.1933594 0. 6.27908590976e-22 0.
1531091376 1 13277.5917969 0. 6.28235067287e-22 0.
1531091436 1 13253.5283203 0. 6.27938583827e-22 0.
1531091496 1 13226.1914062 0. 6.27509060361e-22 0.
1531091541 1 13195.1308594 0. 6.26668488285e-22 0.
1531091586 1 13197.7070312 0. 6.27416976508e-22 0.
1531091647 1 13163.6376953 0. 6.2667399518e-22 0.
1531091685 1 13152.125 0. 6.26656230744e-22 0.
1531091723 1 13186.7695312 0. 6.28851124924e-22 0.
1531091784 1 13152.7285156 0. 6.28133155887e-22 0.
1531091820 1 13134.3603516 0. 6.27766914913e-22 0.
1531091857 1 13121.3837891 0. 6.27713687589e-22 0.
1531091917 1 13079.1484375 0. 6.26542370247e-22 0.
1531091977 1 13075.8359375 0. 6.27246729496e-22 0.
1531092038 1 13034.1845703 0. 6.26124147624e-22 0.
1531092098 1 13005.9833984 0. 6.25657422455e-22 0.
1531092158 1 12975.8466797 0. 6.25080163407e-22 0.
1531092218 1 12950.6376953 0. 6.24709501112e-22 0.
1531092278 1 12929.1875 0. 6.24524960871e-22 0.
1531092338 1 12905.9111328 0. 6.24249253717e-22 0.
1531092399 1 12884.8320312 0. 6.2405762183e-22 0.
1531092459 1 12870.03125 0. 6.2421687141e-22 0.
1531092519 1 12841.890625 0. 6.23692928619e-22 0.
1531092579 1 12813.4091797 0. 6.23172181011e-22 0.
1531092639 1 12784.0263672 0. 6.22598399436e-22 0.
1531092699 1 12756.5771484 0. 6.22140847439e-22 0.
1531092759 1 12755.1748047 0. 6.22945661082e-22 0.
1531092819 1 12766.7949219 0. 6.24375522059e-22 0.
1531092880 1 12732.4775391 0. 6.23541606551e-22 0.
1531092940 1 12704.6630859 0. 6.23054400255e-22 0.
1531093000 1 12675.9677734 0. 6.2249603122e-22 0.
1531093051 1 12657.1269531 0. 6.22304005771e-22 0.
1531093101 1 12636.109375 0. 6.22014922647e-22 0.
1531093162 1 12621.5078125 0. 6.22129460334e-22 0.
1531093222 1 12600.9716797 0. 6.21950684144e-22 0.
1531093282 1 12595.9873047 0. 6.22562160576e-22 0.
1531093342 1 12563.5097656 0. 6.2183210405e-22 0.
1531093402 1 12548.0097656 0. 6.21891452177e-22 0.
1531093462 1 12510.6318359 0. 6.20870460353e-22 0.
1531093522 1 12484.96875 0. 6.20438976125e-22 0.
1531093583 1 12476.9003906 0. 6.20860590015e-22 0.
1531093643 1 12446.8515625 0. 6.20196436964e-22 0.
1531093703 1 12430.3027344 0. 6.20250342179e-22 0.
1531093763 1 12413.8339844 0. 6.20267551108e-22 0.
1531093823 1 12390.1025391 0. 6.19910858132e-22 0.
1531093883 1 12367.6679688 0. 6.19647403719e-22 0.
1531093943 1 12379.7158203 0. 6.21070471949e-22 0.
1531094004 1 12367.4921875 0. 6.21331486076e-22 0.
1531094064 1 12331.8583984 0. 6.20415621346e-22 0.
1531094124 1 12323.734375 0. 6.20822470841e-22 0.
1531094184 1 12303.8476562 0. 6.20654393838e-22 0.
1531094244 1 12291.3808594 0. 6.20883504402e-22 0.
1531094304 1 12274.3544922 0. 6.20856961365e-22 0.
1531094365 1 12289.0693359 0. 6.22453384957e-22 0.
1531094425 1 12270.9599609 0. 6.22408068281e-22 0.
1531094485 1 12252.3193359 0. 6.2233306459e-22 0.
1531094545 1 12231.8710938 0. 6.22129367627e-22 0.
1531094605 1 12218.1689453 0. 6.22305612819e-22 0.
1531094665 1 12196.9082031 0. 6.2208428437e-22 0.
1531094725 1 12177.53125 0. 6.21917423332e-22 0.
1531094785 1 12162.3037109 0. 6.21957290849e-22 0.
1531094846 1 12144.90625 0. 6.2190982695e-22 0.
1531094906 1 12125.1425781 0. 6.21741568611e-22 0.
1531094966 1 12006.0751953 0. 6.164930315e-22 0.
1531095026 1 11824.5039062 0. 6.07984548774e-22 0.
1531095086 1 11601.5595703 0. 5.97399650707e-22 0.
1531095146 1 12258.8339844 0. 6.31972095961e-22 0.
1531095206 1 12238.4257812 0. 6.3178220392e-22 0.
1531095266 1 12250.078125 0. 6.33259502888e-22 0.
1531095321 1 12244.7519531 0. 6.3380079443e-22 0.
1531095361 1 12226.9765625 0. 6.33484607482e-22 0.
1531095407 1 12218.8388672 0. 6.33718764047e-22 0.
1531095467 1 12196.34375 0. 6.33469116865e-22 0.
1531095527 1 12175.2109375 0. 6.33215906386e-22 0.
1531095587 1 12135.890625 0. 6.32066205725e-22 0.
1531095647 1 12122.6494141 0. 6.32227001721e-22 0.
1531095708 1 12102.90625 0. 6.32087264828e-22 0.
1531095768 1 12078.1318359 0. 6.31652831501e-22 0.
1531095828 1 12061.7089844 0. 6.31678534295e-22 0.
1531095888 1 12042.6435547 0. 6.31539265238e-22 0.
1531095948 1 12018.8876953 0. 6.31151624754e-22 0.
1531096008 1 12009.2138672 0. 6.31505104265e-22 0.
1531096068 1 11983.15625 0. 6.31045050695e-22 0.
1531096128 1 11961.4296875 0. 6.30754250939e-22 0.
1531096189 1 11952.1201172 0. 6.31112638748e-22 0.
1531096249 1 11966.3066406 0. 6.32729631593e-22 0.
1531096309 1 11942.6044922 0. 6.32375598498e-22 0.
1531096369 1 11926.6982422 0. 6.32383504383e-22 0.
1531096429 1 11909.5625 0. 6.32333177587e-22 0.
1531096489 1 11893.5859375 0. 6.32340079416e-22 0.
1531096549 1 11874.3574219 0. 6.32208422262e-22 0.
1531096609 1 11855.2236328 0. 6.32053673348e-22 0.
1531096670 1 11831.2246094 0. 6.31639690261e-22 0.
1531096730 1 11816.6455078 0. 6.31725807906e-22 0.
1531096771 1 11806.6386719 0. 6.31754714173e-22 0.
1531096812 1 11788.1748047 0. 6.31367871484e-22 0.
1531096872 1 11769.8242188 0. 6.31274309347e-22 0.
1531096932 1 11755.3544922 0. 6.31372374332e-22 0.
1531096992 1 11733.0419922 0. 6.31065493018e-22 0.
1531097052 1 11712.1142578 0. 6.30778760166e-22 0.
1531097112 1 11688.8759766 0. 6.30374215941e-22 0.
1531097173 1 11665.3759766 0. 6.29981722466e-22 0.
1531097233 1 11657.9345703 0. 6.30404928899e-22 0.
1531097293 1 11643.9785156 0. 6.30543094342e-22 0.
1531097353 1 11625.3720703 0. 6.30397744237e-22 0.
1531097398 1 11617.1416016 0. 6.30572825029e-22 0.
1531097444 1 11627.8173828 0. 6.31824446358e-22 0.
1531097504 1 11609.8398438 0. 6.31721701659e-22 0.
1531097564 1 11587.3378906 0. 6.31375464375e-22 0.
1531097625 1 11564.4726562 0. 6.31008031706e-22 0.
1531097685 1 11550.5800781 0. 6.31116929616e-22 0.
1531097745 1 11531.9248047 0. 6.30961652666e-22 0.
1531097805 1 11514.0595703 0. 6.30871776853e-22 0.
1531097865 1 11494.6181641 0. 6.3064730124e-22 0.
1531097925 1 11470.7480469 0. 6.30260139299e-22 0.
1531097985 1 11455.1738281 0. 6.30199707635e-22 0.
1531098045 1 11430.1376953 0. 6.29661727928e-22 0.
1531098106 1 11413.1699219 0. 6.29626170317e-22 0.
1531098166 1 11393.5976562 0. 6.29441078376e-22 0.
1531098226 1 11378.9160156 0. 6.2947192641e-22 0.
1531098286 1 11353.1689453 0. 6.28937345927e-22 0.
1531098347 1 11332.8251953 0. 6.28631893962e-22 0.
1531098407 1 11312.1513672 0. 6.2832987138e-22 0.
1531098452 1 11300.5273438 0. 6.28348055939e-22 0.
1531098498 1 11283.9697266 0. 6.28066255481e-22 0.
1531098558 1 11263.5136719 0. 6.27774150895e-22 0.
1531098618 1 11295.2773438 0. 6.30386868835e-22 0.
1531098679 1 11270.1171875 0. 6.29859418469e-22 0.
1531098739 1 11246.0966797 0. 6.29362629402e-22 0.
1531098799 1 11234.2705078 0. 6.29563045001e-22 0.
1531098859 1 11218.7841797 0. 6.29585189806e-22 0.
1531098919 1 11197.6640625 0. 6.29267399712e-22 0.
1531098979 1 11179.8583984 0. 6.29147848992e-22 0.
1531099039 1 11153.9111328 0. 6.28529516654e-22 0.
1531099100 1 11133.0078125 0. 6.28217686289e-22 0.
1531099160 1 11112.7539062 0. 6.27949601313e-22 0.
1531099220 1 11090.2949219 0. 6.27508739468e-22 0.
1531099262 1 8291.18457031 0. 4.79421587897e-22 0.
1531099305 1 0.190295144916 0. 0.0 0.
1531099365 1 0.162481710315 0. 0.0 0.
