1531300220 1 16489.6933594 0. 5.99099911113e-22 0.
1531300265 1 16407.9765625 0. 5.96989620185e-22 0.
1531300310 1 16302.3134766 0. 5.94179961412e-22 0.
1531300357 1 16263.1845703 0. 5.93558441329e-22 0.
1531300404 1 16206.7314453 0. 5.92281994402e-22 0.
1531300464 1 16190.2705078 0. 5.92820908787e-22 0.
1531300525 1 16140.7597656 0. 5.9217301287e-22 0.
1531300585 1 16050.8964844 0. 5.90300330817e-22 0.
1531300645 1 15992.7128906 0. 5.895893385e-22 0.
1531300705 1 15575.0576172 0. 5.75774647964e-22 0.
1531300765 1 14424.6171875 0. 5.34870175685e-22 0.
1531300817 1 15320.1328125 0. 5.69294892167e-22 0.
1531300845 1 5433.91210938 0. 2.03427259911e-22 0.
1531300855 1 1806.43615723 0. 6.74192163844e-23 0.
1531300864 1 3052.15307617 0. 1.13893521264e-22 0.
1531300872 1 4594.43798828 0. 1.71242628664e-22 0.
1531300881 1 6399.13330078 0. 2.38645718606e-22 0.
1531300889 1 9168.96484375 0. 3.41547199298e-22 0.
1531300897 1 11207.3564453 0. 4.17802424237e-22 0.
1531300906 1 13955.2695312 0. 5.19920138211e-22 0.
1531300914 1 15099.2539062 0. 5.6273892079e-22 0.
1531300923 1 16228.3408203 0. 6.04869797122e-22 0.
1531300931 1 15268.8896484 0. 5.69336790164e-22 0.
1531300940 1 14401.1054688 0. 5.37146015527e-22 0.
1531300948 1 11467.8818359 0. 4.28199909488e-22 0.
1531300957 1 9815.09179688 0. 3.66434008243e-22 0.
1531300965 1 6841.80419922 0. 2.55806200308e-22 0.
1531300974 1 5177.3515625 0. 1.93532216029e-22 0.
1531300982 1 3293.46850586 0. 1.23309056511e-22 0.
1531300991 1 2154.60180664 0. 8.06856619944e-23 0.
1531301007 1 5520.15087891 0. 2.07849343412e-22 0.
1531301023 1 1535.44750977 0. 5.77896493349e-23 0.
1531301031 1 2620.16137695 0. 9.85112532485e-23 0.
1531301039 1 3826.39550781 0. 1.43689065504e-22 0.
1531301048 1 5589.97802734 0. 2.09899751654e-22 0.
1531301056 1 8197.35058594 0. 3.07275722579e-22 0.
1531301064 1 10335.6152344 0. 3.87663992186e-22 0.
1531301072 1 13506.0136719 0. 5.05949770825e-22 0.
1531301080 1 14812.3535156 0. 5.55113791476e-22 0.
1531301088 1 16179.8115234 0. 6.064174501e-22 0.
1531301096 1 14794.4609375 0. 5.55010363388e-22 0.
1531301105 1 13663.2822266 0. 5.12838704159e-22 0.
1531301113 1 10126.7617188 0. 3.80937725372e-22 0.
1531301121 1 8310.77050781 0. 3.12697810253e-22 0.
1531301129 1 5530.29296875 0. 2.08626585923e-22 0.
1531301138 1 3929.3503418 0. 1.48370537228e-22 0.
1531301146 1 2440.9140625 0. 9.23699317286e-23 0.
1531301154 1 1477.31445312 0. 5.60135216623e-23 0.
1531301163 1 4669.20410156 0. 1.77046967073e-22 0.
1531301197 1 15968.4101562 0. 6.00926089225e-22 0.
1531301257 1 15459.9580078 0. 5.8305105063e-22 0.
1531301318 1 15580.4970703 0. 5.8899886065e-22 0.
1531301378 1 13550.8515625 0. 5.13686276354e-22 0.
1531301414 1 8894.09570312 0. 3.37767640605e-22 0.
1531301435 1 5326.65527344 0. 2.02700487743e-22 0.
1531301481 1 1428.20874023 0. 5.4617817156e-23 0.
1531301519 1 823.410400391 0. 3.15664618537e-23 0.
1531301550 1 682.309387207 0. 2.61914220275e-23 0.
1531301602 1 693.992126465 0. 2.66674148698e-23 0.
1531301662 1 704.616577148 0. 2.70984601335e-23 0.
1531301722 1 709.092895508 0. 2.72862689204e-23 0.
1531301783 1 699.079101562 0. 2.69164575848e-23 0.
1531301843 1 688.123352051 0. 2.65108241668e-23 0.
1531301903 1 712.206848145 0. 2.74512437331e-23 0.
1531301963 1 722.790649414 0. 2.78730430662e-23 0.
1531302023 1 697.363037109 0. 2.69106634825e-23 0.
1531302083 1 695.40435791 0. 2.68500942197e-23 0.
1531302143 1 701.155822754 0. 2.70844095102e-23 0.
1531302204 1 706.48034668 0. 2.73044095577e-23 0.
1531302264 1 707.971313477 0. 2.73765612921e-23 0.
1531302324 1 674.792602539 0. 2.61105228127e-23 0.
1531302384 1 699.987365723 0. 2.70953619485e-23 0.
1531302444 1 702.203491211 0. 2.71953353515e-23 0.
1531302504 1 704.256652832 0. 2.72883659788e-23 0.
1531302565 1 704.645080566 0. 2.73162954498e-23 0.
1531302625 1 703.656860352 0. 2.72921345973e-23 0.
1531302685 1 703.755371094 0. 2.73103546544e-23 0.
1531302745 1 704.150512695 0. 2.73390980394e-23 0.
1531302805 1 701.750854492 0. 2.72618033657e-23 0.
1531302865 1 705.260192871 0. 2.74120944405e-23 0.
1531302926 1 687.59552002 0. 2.67409057733e-23 0.
1531302986 1 704.389892578 0. 2.74059834307e-23 0.
1531303046 1 708.713134766 0. 2.75870195292e-23 0.
1531303106 1 686.529052734 0. 2.67387887902e-23 0.
1531303166 1 704.667663574 0. 2.74573804758e-23 0.
1531303226 1 708.126281738 0. 2.76060414598e-23 0.
1531303286 1 706.237304688 0. 2.75462691567e-23 0.
1531303346 1 703.002807617 0. 2.74340536757e-23 0.
1531303407 1 700.318969727 0. 2.73442022839e-23 0.
1531303467 1 702.199645996 0. 2.74305440768e-23 0.
1531303527 1 689.390014648 0. 2.69447283367e-23 0.
1531303587 1 696.722473145 0. 2.72438181791e-23 0.
1531303647 1 695.419677734 0. 2.72056001885e-23 0.
1531303707 1 704.521484375 0. 2.75746408374e-23 0.
1531303768 1 705.094299316 0. 2.76104758367e-23 0.
1531303828 1 700.475463867 0. 2.74437399072e-23 0.
1531303888 1 705.233886719 0. 2.76423944097e-23 0.
1531303948 1 700.155334473 0. 2.74565058518e-23 0.
1531304008 1 698.443725586 0. 2.74028729594e-23 0.
1531304069 1 688.531921387 0. 2.70277952206e-23 0.
1531304129 1 697.266662598 0. 2.7382106611e-23 0.
1531304189 1 697.462585449 0. 2.74028152193e-23 0.
1531304249 1 705.244262695 0. 2.77217568001e-23 0.
1531304309 1 701.407043457 0. 2.75838790309e-23 0.
1531304369 1 702.537231445 0. 2.76397039146e-23 0.
1531304430 1 702.465942383 0. 2.76493208357e-23 0.
1531304490 1 703.69732666 0. 2.77106231311e-23 0.
1531304550 1 704.017211914 0. 2.77361009553e-23 0.
1531304610 1 707.352111816 0. 2.78816353678e-23 0.
1531304670 1 706.118347168 0. 2.78457901721e-23 0.
1531304730 1 703.708312988 0. 2.77629723962e-23 0.
1531304790 1 702.402648926 0. 2.77232845387e-23 0.
1531304850 1 705.848144531 0. 2.78729606694e-23 0.
1531304911 1 685.311828613 0. 2.70771222591e-23 0.
1531304948 1 697.098999023 0. 2.75476340184e-23 0.
1531304985 1 692.586975098 0. 2.73790481868e-23 0.
1531305046 1 692.319091797 0. 2.73811045146e-23 0.
1531305106 1 693.436828613 0. 2.74366021854e-23 0.
1531305166 1 688.39855957 0. 2.72517755701e-23 0.
1531305226 1 694.599487305 0. 2.75084118745e-23 0.
1531305286 1 685.680725098 0. 2.71674540978e-23 0.
1531305346 1 692.850402832 0. 2.74630875002e-23 0.
1531305406 1 694.665466309 0. 2.75481191689e-23 0.
1531305467 1 685.976257324 0. 2.72155313274e-23 0.
1531305527 1 686.947875977 0. 2.72645999989e-23 0.
1531305587 1 685.46673584 0. 2.72183835079e-23 0.
1531305647 1 690.823486328 0. 2.74427404314e-23 0.
1531305707 1 695.618713379 0. 2.76454828592e-23 0.
1531305767 1 694.85546875 0. 2.76278635079e-23 0.
1531305827 1 698.066223145 0. 2.77660950868e-23 0.
1531305888 1 688.563659668 0. 2.74007015492e-23 0.
1531305948 1 693.377746582 0. 2.7604865236e-23 0.
1531306008 1 699.518310547 0. 2.78619174322e-23 0.
1531306068 1 694.416687012 0. 2.76716887621e-23 0.
1531306128 1 698.77557373 0. 2.78578158266e-23 0.
1531306188 1 697.763977051 0. 2.78299452492e-23 0.
1531306249 1 691.030212402 0. 2.75733493108e-23 0.
1531306309 1 689.573852539 0. 2.75277400355e-23 0.
1531306369 1 685.387634277 0. 2.73720211538e-23 0.
1531306429 1 686.819030762 0. 2.74398517443e-23 0.
1531306489 1 696.460021973 0. 2.78362900609e-23 0.
1531306549 1 691.886474609 0. 2.7666916271e-23 0.
1531306609 1 707.135009766 0. 2.8287351679e-23 0.
1531306670 1 709.383056641 0. 2.83900434527e-23 0.
1531306730 1 705.895202637 0. 2.82631559212e-23 0.
1531306790 1 699.971069336 0. 2.80381525091e-23 0.
1531306850 1 702.460266113 0. 2.81486129541e-23 0.
1531306910 1 697.383239746 0. 2.79566681421e-23 0.
1531306970 1 691.993530273 0. 2.77533525941e-23 0.
1531307030 1 688.607788086 0. 2.76291945579e-23 0.
1531307091 1 694.290222168 0. 2.78688037909e-23 0.
1531307151 1 702.514892578 0. 2.82101993731e-23 0.
1531307211 1 720.664245605 0. 2.89480623209e-23 0.
1531307271 1 689.188964844 0. 2.77007034172e-23 0.
1531307331 1 693.56451416 0. 2.78871960255e-23 0.
1531307391 1 691.682861328 0. 2.78226156602e-23 0.
1531307452 1 693.3515625 0. 2.79018475711e-23 0.
1531307512 1 697.407836914 0. 2.80758205677e-23 0.
1531307572 1 688.20123291 0. 2.77198071287e-23 0.
1531307632 1 699.839904785 0. 2.81986151045e-23 0.
1531307692 1 713.840881348 0. 2.8772245362e-23 0.
1531307752 1 708.450378418 0. 2.85676679434e-23 0.
1531307812 1 696.156005859 0. 2.80854107853e-23 0.
1531307873 1 692.574401855 0. 2.79530593275e-23 0.
1531307933 1 687.171569824 0. 2.77466227938e-23 0.
1531307993 1 686.918701172 0. 2.77479109225e-23 0.
1531308053 1 687.276184082 0. 2.7774754564e-23 0.
1531308113 1 690.184631348 0. 2.79032871716e-23 0.
1531308173 1 693.511657715 0. 2.80492940096e-23 0.
1531308233 1 698.655151367 0. 2.82671467603e-23 0.
1531308293 1 701.195129395 0. 2.83814236961e-23 0.
1531308353 1 681.391723633 0. 2.75944860383e-23 0.
1531308414 1 707.283935547 0. 2.8651488855e-23 0.
1531308474 1 695.719055176 0. 2.81959863782e-23 0.
1531308534 1 697.206848145 0. 2.82652446502e-23 0.
1531308594 1 706.184875488 0. 2.86398632997e-23 0.
1531308654 1 713.723999023 0. 2.89555706527e-23 0.
1531308714 1 687.574707031 0. 2.79092013337e-23 0.
1531308775 1 695.358886719 0. 2.82355486424e-23 0.
1531308835 1 714.984191895 0. 2.9043215456e-23 0.
1531308895 1 697.885925293 0. 2.83619983166e-23 0.
1531308955 1 690.93347168 0. 2.80908275907e-23 0.
1531309015 1 715.750610352 0. 2.91094709883e-23 0.
1531309076 1 688.964477539 0. 2.80348901393e-23 0.
1531309136 1 711.627441406 0. 2.89661147972e-23 0.
1531309196 1 688.679199219 0. 2.80470690476e-23 0.
1531309256 1 686.814697266 0. 2.79827694019e-23 0.
1531309316 1 703.067565918 0. 2.86540549858e-23 0.
1531309376 1 702.495910645 0. 2.86432525471e-23 0.
1531309436 1 693.25982666 0. 2.82786696899e-23 0.
1531309496 1 713.422363281 0. 2.91106946908e-23 0.
1531309557 1 697.525695801 0. 2.84757983723e-23 0.
1531309617 1 691.270446777 0. 2.82340571442e-23 0.
1531309677 1 696.803833008 0. 2.84707908377e-23 0.
1531309737 1 708.067810059 0. 2.89424076992e-23 0.
1531309797 1 692.564819336 0. 2.83219263338e-23 0.
1531309857 1 698.864135742 0. 2.85909714918e-23 0.
1531309918 1 694.772583008 0. 2.84353037185e-23 0.
1531309978 1 697.073730469 0. 2.85404098779e-23 0.
1531310038 1 687.459106445 0. 2.81585303402e-23 0.
1531310098 1 705.388122559 0. 2.89008457504e-23 0.
1531310158 1 705.238830566 0. 2.89068510654e-23 0.
1531310218 1 688.745849609 0. 2.82434423916e-23 0.
1531310278 1 691.95526123 0. 2.83846199637e-23 0.
1531310339 1 709.219726562 0. 2.91020458333e-23 0.
1531310399 1 709.373840332 0. 2.91207907886e-23 0.
1531310459 1 692.918762207 0. 2.84590890844e-23 0.
1531310519 1 698.550415039 0. 2.87014015134e-23 0.
1531310579 1 704.166503906 0. 2.89431904006e-23 0.
1531310639 1 705.601989746 0. 2.90126265242e-23 0.
1531310699 1 695.316894531 0. 2.8604342696e-23 0.
1531310760 1 695.16784668 0. 2.86086361336e-23 0.
1531310820 1 703.653869629 0. 2.89677323868e-23 0.
1531310880 1 710.322509766 0. 2.92526091972e-23 0.
1531310940 1 709.208679199 0. 2.92185828175e-23 0.
1531311000 1 704.926696777 0. 2.90542924927e-23 0.
1531311060 1 709.804077148 0. 2.92647882256e-23 0.
1531311121 1 706.848510742 0. 2.91557397044e-23 0.
1531311181 1 696.247802734 0. 2.87313658012e-23 0.
1531311241 1 712.088439941 0. 2.93944237189e-23 0.
1531311301 1 700.901367188 0. 2.89459722645e-23 0.
1531311361 1 700.68170166 0. 2.89473943973e-23 0.
1531311421 1 701.022460938 0. 2.89703281333e-23 0.
1531311481 1 702.74987793 0. 2.90535381626e-23 0.
1531311542 1 694.51763916 0. 2.87251564153e-23 0.
1531311602 1 704.452148438 0. 2.91466731548e-23 0.
1531311662 1 707.885131836 0. 2.92997602479e-23 0.
1531311722 1 708.364929199 0. 2.93298242004e-23 0.
1531311782 1 709.627319336 0. 2.93925274135e-23 0.
1531311842 1 705.982971191 0. 2.92527074252e-23 0.
1531311902 1 708.182250977 0. 2.93535343113e-23 0.
1531311963 1 715.999145508 0. 2.96884661074e-23 0.
1531312023 1 691.421447754 0. 2.86853218518e-23 0.
1531312083 1 710.52154541 0. 2.9485652112e-23 0.
1531312143 1 705.428955078 0. 2.92874892325e-23 0.
1531312203 1 704.407897949 0. 2.92578004452e-23 0.
1531312263 1 695.7265625 0. 2.89102304697e-23 0.
1531312323 1 704.778503418 0. 2.92952965559e-23 0.
1531312383 1 715.514221191 0. 2.97510695001e-23 0.
1531312444 1 707.036560059 0. 2.94096675093e-23 0.
1531312504 1 706.922729492 0. 2.9414548395e-23 0.
1531312564 1 712.03314209 0. 2.96381210443e-23 0.
1531312624 1 692.668762207 0. 2.88457346427e-23 0.
1531312684 1 706.417724609 0. 2.94282043933e-23 0.
1531312744 1 706.069763184 0. 2.94237393789e-23 0.
1531312804 1 705.327209473 0. 2.94046000626e-23 0.
1531312865 1 698.050231934 0. 2.91115970278e-23 0.
1531312925 1 692.034912109 0. 2.88718118576e-23 0.
1531312985 1 694.050476074 0. 2.89650504884e-23 0.
1531313045 1 691.988464355 0. 2.88908206775e-23 0.
1531313105 1 696.239990234 0. 2.9077963975e-23 0.
1531313165 1 696.525085449 0. 2.90994518901e-23 0.
1531313226 1 694.051147461 0. 2.90078718172e-23 0.
1531313286 1 694.794311523 0. 2.90498006662e-23 0.
1531313346 1 698.382141113 0. 2.92098206985e-23 0.
1531313406 1 703.545837402 0. 2.94363572634e-23 0.
1531313466 1 712.31060791 0. 2.98122761541e-23 0.
1531313526 1 690.661560059 0. 2.89204089444e-23 0.
1531313586 1 701.711669922 0. 2.93905208489e-23 0.
1531313647 1 700.010009766 0. 2.93301314371e-23 0.
1531313707 1 701.782348633 0. 2.94148343752e-23 0.
1531313767 1 702.968444824 0. 2.94736536123e-23 0.
1531313827 1 704.190795898 0. 2.95354385994e-23 0.
1531313887 1 711.002807617 0. 2.98312440079e-23 0.
1531313947 1 692.592712402 0. 2.90722604589e-23 0.
1531314007 1 696.818481445 0. 2.92600797995e-23 0.
1531314068 1 692.816589355 0. 2.91034073888e-23 0.
1531314128 1 697.015625 0. 2.92896821953e-23 0.
1531314188 1 701.579711914 0. 2.94916019799e-23 0.
1531314248 1 703.654785156 0. 2.95883166957e-23 0.
1531314308 1 707.350891113 0. 2.97533498238e-23 0.
1531314368 1 709.471557617 0. 2.9854086084e-23 0.
1531314428 1 713.692382812 0. 3.00408486221e-23 0.
1531314489 1 711.12902832 0. 2.99439046581e-23 0.
1531314549 1 712.952514648 0. 3.00305531626e-23 0.
1531314609 1 715.81072998 0. 3.01614335966e-23 0.
1531314669 1 703.288391113 0. 2.9647196689e-23 0.
1531314729 1 697.11907959 0. 2.93984348529e-23 0.
1531314789 1 692.75579834 0. 2.9225313406e-23 0.
1531314849 1 705.154785156 0. 2.97565695133e-23 0.
1531314909 1 698.02532959 0. 2.94671591545e-23 0.
1531314970 1 696.205688477 0. 2.94007367335e-23 0.
1531315030 1 698.645812988 0. 2.95139032211e-23 0.
1531315090 1 694.454650879 0. 2.93487406976e-23 0.
1531315150 1 696.501586914 0. 2.94455926137e-23 0.
1531315210 1 699.817382812 0. 2.95945493762e-23 0.
1531315270 1 681.115966797 0. 2.88161034826e-23 0.
1531315331 1 700.883361816 0. 2.96604723826e-23 0.
1531315391 1 706.515563965 0. 2.99084414883e-23 0.
1531315451 1 701.996154785 0. 2.97279741144e-23 0.
1531315511 1 692.526611328 0. 2.93387677246e-23 0.
1531315571 1 701.019836426 0. 2.97081031097e-23 0.
1531315631 1 699.935058594 0. 2.96719863831e-23 0.
1531315692 1 691.599914551 0. 2.93306337803e-23 0.
1531315752 1 701.096923828 0. 2.97422042699e-23 0.
1531315812 1 712.802856445 0. 3.02469471734e-23 0.
1531315872 1 683.118408203 0. 2.90015376064e-23 0.
1531315932 1 705.30090332 0. 2.99504131932e-23 0.
1531315992 1 698.221862793 0. 2.96606318505e-23 0.
1531316052 1 693.030151367 0. 2.94495896542e-23 0.
1531316113 1 691.320739746 0. 2.93869318759e-23 0.
1531316173 1 690.201782227 0. 2.93499862909e-23 0.
1531316233 1 686.685424805 0. 2.92119204971e-23 0.
1531316293 1 675.887573242 0. 2.87642683282e-23 0.
1531316353 1 696.291381836 0. 2.96395848176e-23 0.
1531316414 1 697.18762207 0. 2.9688729956e-23 0.
1531316474 1 687.475952148 0. 2.92867595072e-23 0.
1531316534 1 706.880065918 0. 3.01212922138e-23 0.
1531316594 1 694.134094238 0. 2.95915264578e-23 0.
1531316654 1 709.418151855 0. 3.02513763406e-23 0.
1531316714 1 689.868835449 0. 2.94309849443e-23 0.
1531316774 1 695.77154541 0. 2.96919986493e-23 0.
1531316835 1 689.083496094 0. 2.94195870451e-23 0.
1531316895 1 685.818054199 0. 2.92909287629e-23 0.
1531316955 1 692.557006836 0. 2.95887167471e-23 0.
1531317015 1 696.682617188 0. 2.97736595618e-23 0.
1531317075 1 694.986999512 0. 2.97124635793e-23 0.
1531317136 1 693.243774414 0. 2.96454665386e-23 0.
1531317196 1 692.94909668 0. 2.9643256305e-23 0.
1531317256 1 696.83392334 0. 2.98182905396e-23 0.
1531317316 1 707.413391113 0. 3.02802387496e-23 0.
1531317376 1 707.937133789 0. 3.03126772613e-23 0.
1531317436 1 706.948425293 0. 3.02819493542e-23 0.
1531317497 1 706.866088867 0. 3.02862538284e-23 0.
1531317557 1 709.73248291 0. 3.04190225611e-23 0.
1531317617 1 699.862670898 0. 3.00062073396e-23 0.
1531317677 1 706.221374512 0. 3.02895629412e-23 0.
1531317737 1 705.910339355 0. 3.02875869931e-23 0.
1531317797 1 700.906799316 0. 3.00850572443e-23 0.
1531317857 1 697.813049316 0. 2.99621925084e-23 0.
1531317918 1 696.092102051 0. 2.98988287244e-23 0.
1531317978 1 700.364257812 0. 3.00912194219e-23 0.
1531318038 1 690.461608887 0. 2.96767018313e-23 0.
1531318098 1 694.588745117 0. 2.98649537211e-23 0.
1531318159 1 701.084655762 0. 3.01529749133e-23 0.
1531318219 1 696.878234863 0. 2.99818355041e-23 0.
1531318279 1 701.903625488 0. 3.02067966489e-23 0.
1531318339 1 702.179443359 0. 3.02295606066e-23 0.
1531318399 1 704.236877441 0. 3.03266591715e-23 0.
1531318459 1 702.849243164 0. 3.02755402736e-23 0.
1531318519 1 705.76159668 0. 3.04112063646e-23 0.
1531318579 1 697.360229492 0. 3.00598333671e-23 0.
1531318640 1 697.203491211 0. 3.00629380639e-23 0.
1531318700 1 695.737854004 0. 3.00097975524e-23 0.
1531318760 1 709.770751953 0. 3.06224753444e-23 0.
1531318820 1 700.240722656 0. 3.02225197986e-23 0.
1531318880 1 700.954711914 0. 3.02634768257e-23 0.
1531318940 1 686.352294922 0. 2.96438221948e-23 0.
1531319000 1 700.301208496 0. 3.02546309212e-23 0.
1531319060 1 698.061279297 0. 3.0167051663e-23 0.
1531319121 1 706.579711914 0. 3.05438092876e-23 0.
1531319181 1 709.709777832 0. 3.06889625492e-23 0.
1531319241 1 703.609313965 0. 3.04368861994e-23 0.
1531319301 1 700.809814453 0. 3.03274094798e-23 0.
1531319361 1 695.764221191 0. 3.01194847224e-23 0.
1531319421 1 690.225952148 0. 2.98925840644e-23 0.
1531319481 1 685.783630371 0. 2.97137819529e-23 0.
1531319541 1 692.083618164 0. 2.99952379405e-23 0.
1531319602 1 702.424743652 0. 3.04515915093e-23 0.
1531319662 1 708.137451172 0. 3.07087234808e-23 0.
1531319722 1 706.218444824 0. 3.06367651283e-23 0.
1531319782 1 703.780334473 0. 3.05399627081e-23 0.
1531319842 1 701.026062012 0. 3.04314763342e-23 0.
1531319902 1 700.760925293 0. 3.04303754895e-23 0.
1531319962 1 701.715454102 0. 3.04844470362e-23 0.
1531320023 1 697.161499023 0. 3.02947335259e-23 0.
1531320083 1 684.570495605 0. 2.97611970812e-23 0.
1531320143 1 714.094970703 0. 3.1052269089e-23 0.
1531320203 1 701.626220703 0. 3.05226844939e-23 0.
1531320264 1 692.811645508 0. 3.01495016463e-23 0.
1531320324 1 693.354248047 0. 3.01811246822e-23 0.
1531320384 1 698.761230469 0. 3.04248373686e-23 0.
1531320444 1 705.470458984 0. 3.07233388011e-23 0.
1531320504 1 707.380371094 0. 3.08144281901e-23 0.
1531320564 1 690.7890625 0. 3.01049767445e-23 0.
1531320624 1 707.353881836 0. 3.08353438204e-23 0.
1531320685 1 696.993164062 0. 3.03967911807e-23 0.
1531320745 1 694.312255859 0. 3.02886548593e-23 0.
1531320805 1 709.987548828 0. 3.09770749514e-23 0.
1531320865 1 687.302856445 0. 3.00003131859e-23 0.
1531320925 1 708.076599121 0. 3.09141111406e-23 0.
1531320985 1 698.316101074 0. 3.04980833166e-23 0.
1531321046 1 701.823486328 0. 3.06612885318e-23 0.
1531321106 1 706.294555664 0. 3.08649237536e-23 0.
1531321166 1 698.133789062 0. 3.05189885285e-23 0.
1531321226 1 695.675842285 0. 3.04202710713e-23 0.
1531321286 1 729.096618652 0. 3.18874326258e-23 0.
1531321347 1 690.794189453 0. 3.02275394659e-23 0.
1531321407 1 695.443847656 0. 3.04395379291e-23 0.
1531321467 1 688.710510254 0. 3.01544763833e-23 0.
1531321527 1 703.731872559 0. 3.08178375077e-23 0.
1531321587 1 694.559204102 0. 3.04283551994e-23 0.
1531321647 1 710.591186523 0. 3.11375667026e-23 0.
1531321707 1 679.891967773 0. 2.98060419303e-23 0.
1531321767 1 703.27911377 0. 3.08365864997e-23 0.
1531321828 1 690.569274902 0. 3.02914294371e-23 0.
1531321888 1 701.016296387 0. 3.07559127557e-23 0.
1531321948 1 705.801757812 0. 3.09741205526e-23 0.
1531322008 1 673.831420898 0. 2.95858597588e-23 0.
1531322068 1 712.030517578 0. 3.12669557216e-23 0.
1531322128 1 706.574890137 0. 3.10374397908e-23 0.
1531322188 1 697.371337891 0. 3.064331066e-23 0.
1531322248 1 697.738647461 0. 3.06674030187e-23 0.
1531322309 1 704.442016602 0. 3.09700341759e-23 0.
1531322369 1 695.200866699 0. 3.05741125487e-23 0.
1531322429 1 694.408081055 0. 3.0548556378e-23 0.
1531322489 1 702.402770996 0. 3.0909402737e-23 0.
1531322549 1 705.821655273 0. 3.1068968949e-23 0.
1531322609 1 694.794799805 0. 3.05950859791e-23 0.
1531322669 1 692.236755371 0. 3.04905198758e-23 0.
1531322730 1 696.362609863 0. 3.06803758388e-23 0.
1531322790 1 694.105712891 0. 3.05928354002e-23 0.
1531322850 1 692.213439941 0. 3.05172865103e-23 0.
1531322910 1 706.187988281 0. 3.11385172928e-23 0.
1531322970 1 689.48059082 0. 3.04145404195e-23 0.
1531323030 1 701.124023438 0. 3.09339981016e-23 0.
1531323090 1 698.256958008 0. 3.08175898819e-23 0.
1531323150 1 709.060302734 0. 3.13032611709e-23 0.
1531323211 1 695.663391113 0. 3.07239524847e-23 0.
1531323271 1 703.688842773 0. 3.1085500233e-23 0.
1531323331 1 706.795532227 0. 3.12312250958e-23 0.
1531323391 1 697.776794434 0. 3.08444478184e-23 0.
1531323451 1 698.241943359 0. 3.08751110045e-23 0.
1531323511 1 701.631713867 0. 3.10336940942e-23 0.
1531323571 1 694.434814453 0. 3.07256458046e-23 0.
1531323631 1 697.407043457 0. 3.08657000076e-23 0.
1531323692 1 698.887695312 0. 3.09415492133e-23 0.
1531323752 1 696.33392334 0. 3.08369640475e-23 0.
1531323812 1 707.499816895 0. 3.13408990598e-23 0.
1531323872 1 695.425415039 0. 3.08172635432e-23 0.
1531323932 1 690.28125 0. 3.05993380262e-23 0.
1531323992 1 697.499389648 0. 3.09270472338e-23 0.
1531324052 1 694.327392578 0. 3.07953287784e-23 0.
1531324113 1 708.232910156 0. 3.1417450016e-23 0.
1531324173 1 703.108337402 0. 3.12000763468e-23 0.
1531324233 1 699.565612793 0. 3.10524394154e-23 0.
1531324293 1 691.744140625 0. 3.07155906479e-23 0.
1531324353 1 715.321899414 0. 3.17668859587e-23 0.
1531324413 1 704.320556641 0. 3.12896640458e-23 0.
1531324474 1 703.396606445 0. 3.12578673424e-23 0.
1531324534 1 701.420532227 0. 3.11799157485e-23 0.
1531324594 1 677.864868164 0. 3.01452160205e-23 0.
1531324654 1 699.936401367 0. 3.11315146517e-23 0.
1531324714 1 699.362243652 0. 3.11152106175e-23 0.
1531324775 1 701.093933105 0. 3.12014192889e-23 0.
1531324835 1 698.227294922 0. 3.10829574725e-23 0.
1531324895 1 694.352416992 0. 3.09208678458e-23 0.
1531324955 1 701.947692871 0. 3.12667612021e-23 0.
1531325015 1 690.094909668 0. 3.07497685976e-23 0.
1531325075 1 691.434814453 0. 3.08183210838e-23 0.
1531325135 1 691.739440918 0. 3.0839876785e-23 0.
1531325195 1 691.925354004 0. 3.08594927772e-23 0.
1531325256 1 692.300476074 0. 3.08856366972e-23 0.
1531325316 1 694.350280762 0. 3.09865549241e-23 0.
1531325376 1 697.599304199 0. 3.11397686815e-23 0.
1531325436 1 696.367553711 0. 3.10930870781e-23 0.
1531325496 1 704.695129395 0. 3.14739474262e-23 0.
1531325557 1 690.428527832 0. 3.08486078228e-23 0.
1531325617 1 704.716369629 0. 3.14930828987e-23 0.
1531325677 1 698.99609375 0. 3.12474874867e-23 0.
1531325737 1 688.786071777 0. 3.08004432261e-23 0.
1531325797 1 698.01361084 0. 3.1219933176e-23 0.
1531325857 1 707.570617676 0. 3.16565066843e-23 0.
1531325917 1 694.539855957 0. 3.10838900752e-23 0.
1531325978 1 713.428649902 0. 3.19368369853e-23 0.
1531326038 1 676.463012695 0. 3.02957533623e-23 0.
1531326098 1 702.566162109 0. 3.14702391946e-23 0.
1531326158 1 699.260314941 0. 3.1333392468e-23 0.
1531326218 1 702.564331055 0. 3.14895476934e-23 0.
1531326278 1 696.591918945 0. 3.12318265656e-23 0.
1531326338 1 694.983093262 0. 3.11692607884e-23 0.
1531326399 1 706.674560547 0. 3.17001529013e-23 0.
1531326459 1 699.156677246 0. 3.13727913993e-23 0.
1531326519 1 698.200927734 0. 3.13395091042e-23 0.
1531326579 1 686.817810059 0. 3.08393328801e-23 0.
1531326639 1 688.505004883 0. 3.09234454338e-23 0.
1531326699 1 692.569946289 0. 3.11156627442e-23 0.
1531326759 1 693.755737305 0. 3.11781487631e-23 0.
1531326820 1 701.01776123 0. 3.15126004753e-23 0.
1531326880 1 699.370727539 0. 3.14469738811e-23 0.
1531326940 1 711.544677734 0. 3.20021472418e-23 0.
1531327000 1 695.154846191 0. 3.12758136745e-23 0.
1531327060 1 703.847961426 0. 3.16757241564e-23 0.
1531327120 1 704.58013916 0. 3.17169345896e-23 0.
1531327180 1 703.581054688 0. 3.16832767122e-23 0.
1531327241 1 688.65625 0. 3.10226544406e-23 0.
1531327301 1 703.514709473 0. 3.16960729941e-23 0.
1531327361 1 685.301330566 0. 3.08887503378e-23 0.
1531327421 1 699.882507324 0. 3.15668477492e-23 0.
1531327481 1 702.280822754 0. 3.16907620255e-23 0.
1531327541 1 693.459655762 0. 3.13190944842e-23 0.
1531327602 1 703.767272949 0. 3.18095856749e-23 0.
1531327662 1 704.97454834 0. 3.18901738062e-23 0.
1531327722 1 697.856628418 0. 3.15978319351e-23 0.
1531327782 1 697.303283691 0. 3.1600559132e-23 0.
1531327842 1 694.258850098 0. 3.14902067561e-23 0.
1531327902 1 694.700439453 0. 3.15357004452e-23 0.
1531327962 1 693.965332031 0. 3.15295157586e-23 0.
1531328023 1 692.385925293 0. 3.14830201952e-23 0.
1531328083 1 697.912902832 0. 3.1760538501e-23 0.
1531328143 1 699.493835449 0. 3.18600148501e-23 0.
1531328203 1 702.296386719 0. 3.20143406645e-23 0.
1531328263 1 687.323608398 0. 3.13593516867e-23 0.
1531328323 1 707.21270752 0. 3.22906631577e-23 0.
1531328383 1 691.583129883 0. 3.1607425922e-23 0.
1531328444 1 699.749694824 0. 3.20043506154e-23 0.
1531328504 1 702.083435059 0. 3.21379404715e-23 0.
1531328564 1 691.053833008 0. 3.16598146351e-23 0.
1531328624 1 693.068786621 0. 3.17771843086e-23 0.
1531328684 1 694.392944336 0. 3.18634812171e-23 0.
1531328744 1 698.740783691 0. 3.20884788702e-23 0.
1531328804 1 699.590881348 0. 3.21538292425e-23 0.
1531328864 1 701.264404297 0. 3.22554136621e-23 0.
1531328925 1 705.197631836 0. 3.24628536284e-23 0.
1531328985 1 699.707885742 0. 3.22370824468e-23 0.
1531329045 1 700.182800293 0. 3.22848063331e-23 0.
1531329105 1 696.590332031 0. 3.21460233791e-23 0.
1531329165 1 702.510559082 0. 3.24455217587e-23 0.
1531329225 1 696.743469238 0. 3.22058808806e-23 0.
1531329285 1 693.902709961 0. 3.20988452894e-23 0.
1531329345 1 694.693786621 0. 3.21607844712e-23 0.
1531329406 1 700.045898438 0. 3.24351681787e-23 0.
1531329466 1 697.632019043 0. 3.23493364269e-23 0.
1531329526 1 702.489990234 0. 3.25994838999e-23 0.
1531329586 1 694.332214355 0. 3.22478494204e-23 0.
1531329646 1 691.04284668 0. 3.21218909288e-23 0.
1531329706 1 699.477478027 0. 3.25394857041e-23 0.
1531329766 1 701.488952637 0. 3.26607712182e-23 0.
1531329805 1 677.894958496 0. 3.15815029711e-23 0.
1531329844 1 705.088134766 0. 3.28608811412e-23 0.
1531329904 1 705.273193359 0. 3.2896352188e-23 0.
1531329965 1 694.602966309 0. 3.24256152477e-23 0.
1531330025 1 703.962646484 0. 3.28876303043e-23 0.
1531330085 1 706.956848145 0. 3.30525666535e-23 0.
1531330145 1 707.397216797 0. 3.30982611081e-23 0.
1531330205 1 698.789611816 0. 3.2723836255e-23 0.
1531330265 1 695.695495605 0. 3.26048484354e-23 0.
1531330325 1 688.761291504 0. 3.23070655348e-23 0.
1531330386 1 701.411743164 0. 3.29238477853e-23 0.
1531330446 1 705.306762695 0. 3.3132652584e-23 0.
1531330506 1 700.972900391 0. 3.29546955377e-23 0.
1531330566 1 706.19732666 0. 3.32263312653e-23 0.
1531330626 1 711.430969238 0. 3.34967599184e-23 0.
1531330686 1 705.070373535 0. 3.32241049996e-23 0.
1531330746 1 688.369140625 0. 3.2465455702e-23 0.
1531330806 1 691.65435791 0. 3.26451317538e-23 0.
1531330867 1 700.020568848 0. 3.30648717624e-23 0.
1531330927 1 702.614929199 0. 3.32131710061e-23 0.
1531330987 1 693.343322754 0. 3.28029813409e-23 0.
1531331047 1 688.537963867 0. 3.26017518991e-23 0.
1531331107 1 692.477661133 0. 3.28123492011e-23 0.
1531331167 1 693.590454102 0. 3.2890959034e-23 0.
1531331227 1 689.15838623 0. 3.27067383334e-23 0.
1531331287 1 697.131103516 0. 3.31104226809e-23 0.
1531331348 1 686.439880371 0. 3.26312500112e-23 0.
1531331408 1 698.319641113 0. 3.32187043112e-23 0.
1531331468 1 699.939697266 0. 3.33200474379e-23 0.
1531331528 1 699.388061523 0. 3.3320788264e-23 0.
1531331589 1 693.448059082 0. 3.30661334569e-23 0.
1531331649 1 698.639892578 0. 3.33350666291e-23 0.
1531331709 1 696.192321777 0. 3.324498466e-23 0.
1531331769 1 697.870666504 0. 3.33509504493e-23 0.
1531331830 1 706.471008301 0. 3.37844011582e-23 0.
1531331890 1 697.398193359 0. 3.33809740089e-23 0.
1531331950 1 691.782287598 0. 3.31391340854e-23 0.
1531332010 1 687.544677734 0. 3.29620717167e-23 0.
1531332070 1 702.711120605 0. 3.37114888925e-23 0.
1531332130 1 705.047302246 0. 3.38503735386e-23 0.
1531332191 1 706.403686523 0. 3.39416720496e-23 0.
1531332251 1 706.155700684 0. 3.39567717567e-23 0.
1531332311 1 702.016174316 0. 3.37841961637e-23 0.
1531332371 1 709.372070312 0. 3.41631443399e-23 0.
1531332431 1 695.417907715 0. 3.35179832199e-23 0.
1531332492 1 699.087219238 0. 3.37193893283e-23 0.
1531332552 1 695.668395996 0. 3.35811090559e-23 0.
1531332612 1 684.768981934 0. 3.30822380668e-23 0.
1531332672 1 697.762512207 0. 3.37334420238e-23 0.
1531332732 1 702.323242188 0. 3.39782142834e-23 0.
1531332792 1 699.176940918 0. 3.38533086762e-23 0.
1531332852 1 707.332580566 0. 3.42726613636e-23 0.
1531332912 1 698.769104004 0. 3.38864746265e-23 0.
1531332972 1 705.82232666 0. 3.42526193743e-23 0.
1531333033 1 707.460266113 0. 3.43583878808e-23 0.
1531333093 1 704.049804688 0. 3.42194654499e-23 0.
1531333153 1 707.584533691 0. 3.44172532737e-23 0.
1531333213 1 696.034057617 0. 3.3883880792e-23 0.
1531333273 1 685.932250977 0. 3.34184321514e-23 0.
1531333333 1 708.918579102 0. 3.45626078479e-23 0.
1531333393 1 697.250183105 0. 3.40207234772e-23 0.
1531333454 1 697.017944336 0. 3.40330030511e-23 0.
1531333514 1 701.77911377 0. 3.42904308993e-23 0.
1531333574 1 701.653625488 0. 3.43113897308e-23 0.
1531333634 1 684.336791992 0. 3.34940745198e-23 0.
1531333694 1 701.10345459 0. 3.43368637038e-23 0.
1531333754 1 692.82611084 0. 3.39583067847e-23 0.
1531333814 1 691.242492676 0. 3.39089719199e-23 0.
1531333875 1 690.630615234 0. 3.39047750313e-23 0.
1531333935 1 697.442016602 0. 3.42631507492e-23 0.
1531333995 1 684.58416748 0. 3.36607068869e-23 0.
1531334055 1 688.739746094 0. 3.38879388677e-23 0.
1531334115 1 695.909484863 0. 3.42653565301e-23 0.
1531334175 1 691.761657715 0. 3.40883566862e-23 0.
1531334235 1 694.872131348 0. 3.42670854145e-23 0.
1531334295 1 705.138977051 0. 3.47971154349e-23 0.
1531334356 1 698.178649902 0. 3.44804314863e-23 0.
1531334416 1 689.055786133 0. 3.40578225907e-23 0.
1531334476 1 703.195068359 0. 3.47805553961e-23 0.
1531334536 1 703.977355957 0. 3.48455024118e-23 0.
1531334596 1 701.703613281 0. 3.47606911073e-23 0.
1531334656 1 708.584289551 0. 3.51293689939e-23 0.
1531334717 1 696.019836426 0. 3.45345255449e-23 0.
1531334777 1 696.812866211 0. 3.4601377503e-23 0.
1531334837 1 697.196899414 0. 3.46461263873e-23 0.
1531334897 1 693.733642578 0. 3.45020889504e-23 0.
1531334957 1 689.293273926 0. 3.4308785655e-23 0.
1531335017 1 703.659057617 0. 3.50464122098e-23 0.
1531335078 1 691.62713623 0. 3.44758415639e-23 0.
1531335138 1 696.72277832 0. 3.47569533277e-23 0.
1531335198 1 696.05279541 0. 3.47478340491e-23 0.
1531335258 1 695.507019043 0. 3.47473592234e-23 0.
1531335318 1 703.792236328 0. 3.51858566707e-23 0.
1531335378 1 702.686279297 0. 3.51571582551e-23 0.
1531335439 1 705.08782959 0. 3.53063686889e-23 0.
1531335499 1 712.188293457 0. 3.5688206859e-23 0.
1531335559 1 695.801635742 0. 3.48977241756e-23 0.
1531335619 1 708.562255859 0. 3.55609165691e-23 0.
1531335679 1 711.00201416 0. 3.57094516941e-23 0.
1531335739 1 699.908630371 0. 3.51813386725e-23 0.
1531335799 1 698.801330566 0. 3.51548863914e-23 0.
1531335860 1 698.5546875 0. 3.51682177327e-23 0.
1531335920 1 698.754394531 0. 3.52039474775e-23 0.
1531335980 1 685.349609375 0. 3.45570118634e-23 0.
1531336040 1 696.589660645 0. 3.51485241856e-23 0.
1531336100 1 688.018371582 0. 3.47426422007e-23 0.
1531336160 1 697.906738281 0. 3.5266136512e-23 0.
1531336220 1 703.37298584 0. 3.55690262244e-23 0.
1531336281 1 691.666687012 0. 3.50056216184e-23 0.
1531336341 1 694.764465332 0. 3.51889679629e-23 0.
1531336401 1 699.029724121 0. 3.54305903035e-23 0.
1531336461 1 701.997009277 0. 3.56068630997e-23 0.
1531336521 1 707.790466309 0. 3.59274536748e-23 0.
1531336581 1 701.421081543 0. 3.56324593044e-23 0.
1531336641 1 694.502807617 0. 3.53077449199e-23 0.
1531336702 1 699.583068848 0. 3.55919414198e-23 0.
1531336762 1 701.364318848 0. 3.57111324613e-23 0.
1531336822 1 699.984619141 0. 3.56695055603e-23 0.
1531336882 1 699.282104492 0. 3.56600204652e-23 0.
1531336942 1 694.014221191 0. 3.54164062937e-23 0.
1531337002 1 717.352722168 0. 3.66334864466e-23 0.
1531337063 1 700.868713379 0. 3.58204542923e-23 0.
1531337123 1 689.979003906 0. 3.52931224036e-23 0.
1531337183 1 696.069763184 0. 3.56297814142e-23 0.
1531337243 1 679.604919434 0. 3.48165553851e-23 0.
1531337303 1 711.928894043 0. 3.64931968576e-23 0.
1531337363 1 699.796020508 0. 3.58992090888e-23 0.
1531337423 1 702.191467285 0. 3.60484511965e-23 0.
1531337483 1 709.103088379 0. 3.64295464208e-23 0.
1531337544 1 691.764892578 0. 3.55701303384e-23 0.
1531337604 1 690.585510254 0. 3.55373994835e-23 0.
1531337640 1 611.583374023 0. 3.14889796962e-23 0.
1531337677 1 0.121625244617 0. 0.0 0.
1531337737 1 0.118721738458 0. 0.0 0.
1531337797 1 0.118569806218 0. 0.0 0.
1531337857 1 0.117214970291 0. 0.0 0.
1531337917 1 0.117060743272 0. 0.0 0.
1531337977 1 0.116341531277 0. 0.0 0.
1531338038 1 0.116207674146 0. 0.0 0.
1531338098 1 0.117066092789 0. 0.0 0.
