1531348060 1 17758.5273438 0. 6.14843899678e-22 0.
1531348095 1 17704.9316406 0. 6.13876864107e-22 0.
1531348111 1 17676.9804688 0. 6.13490799463e-22 0.
1531348152 1 17611.0820312 0. 6.12606051921e-22 0.
1531348212 1 17448.7636719 0. 6.08949372445e-22 0.
1531348253 1 17367.1503906 0. 6.07272085653e-22 0.
1531348289 1 17325.0390625 0. 6.06958398601e-22 0.
1531348321 1 5796.23730469 0. 2.04154816056e-22 0.
1531348332 1 2061.23266602 0. 7.24815406248e-23 0.
1531348340 1 3373.23974609 0. 1.1862519067e-22 0.
1531348348 1 5222.57470703 0. 1.83540237058e-22 0.
1531348357 1 7282.18115234 0. 2.56065351698e-22 0.
1531348365 1 10251.6601562 0. 3.60295541897e-22 0.
1531348374 1 12296.4550781 0. 4.32370617645e-22 0.
1531348382 1 15300.8037109 0. 5.37926686097e-22 0.
1531348391 1 16387.5019531 0. 5.76345180852e-22 0.
1531348399 1 17349.2773438 0. 6.10332846064e-22 0.
1531348408 1 16001.6787109 0. 5.6322685738e-22 0.
1531348417 1 14977.5654297 0. 5.27345055114e-22 0.
1531348425 1 11749.1337891 0. 4.14017144909e-22 0.
1531348433 1 9903.34179688 0. 3.48996082044e-22 0.
1531348442 1 6723.55078125 0. 2.37205307932e-22 0.
1531348451 1 5047.43164062 0. 1.78071810833e-22 0.
1531348459 1 3193.77880859 0. 1.12802910165e-22 0.
1531348467 1 2005.14123535 0. 7.08476805265e-23 0.
1531348483 1 5984.48144531 0. 2.12142451223e-22 0.
1531348499 1 1988.96032715 0. 7.05368168116e-23 0.
1531348508 1 3215.55126953 0. 1.13986273176e-22 0.
1531348516 1 4815.22802734 0. 1.70551498e-22 0.
1531348524 1 6923.71240234 0. 2.4523881407e-22 0.
1531348532 1 9973.21582031 0. 3.52899438871e-22 0.
1531348541 1 12224.3779297 0. 4.32728419542e-22 0.
1531348549 1 15581.296875 0. 5.51172754846e-22 0.
1531348557 1 16572.5742188 0. 5.86484329116e-22 0.
1531348566 1 17414.7070312 0. 6.16403363852e-22 0.
1531348574 1 15121.0947266 0. 5.3560808258e-22 0.
1531348582 1 13659.3388672 0. 4.83997715578e-22 0.
1531348590 1 9682.91894531 0. 3.43650143871e-22 0.
1531348598 1 7713.99121094 0. 2.73846239246e-22 0.
1531348606 1 4976.77392578 0. 1.76983626364e-22 0.
1531348615 1 3383.59936523 0. 1.20404263644e-22 0.
1531348623 1 2074.23095703 0. 7.39128731334e-23 0.
1531348631 1 1234.3762207 0. 4.40454117469e-23 0.
1531348640 1 4286.69970703 0. 1.52986933556e-22 0.
1531348674 1 17353.4433594 0. 6.16641283856e-22 0.
1531348734 1 17257.7480469 0. 6.14488253025e-22 0.
1531348795 1 17190.4765625 0. 6.1329361265e-22 0.
1531348855 1 17158.1601562 0. 6.13175094479e-22 0.
1531348915 1 17159.4003906 0. 6.1453638256e-22 0.
1531348975 1 17020.0761719 0. 6.10713621649e-22 0.
1531349015 1 16915.5214844 0. 6.07812059644e-22 0.
1531349054 1 16872.5898438 0. 6.07131468101e-22 0.
1531349115 1 16813.7441406 0. 6.06293387114e-22 0.
1531349175 1 17011.6738281 0. 6.14641509002e-22 0.
1531349235 1 15136.9892578 0. 5.4813850388e-22 0.
1531349295 1 11744.1826172 0. 4.26330435378e-22 0.
1531349355 1 6011.95751953 0. 2.18917064266e-22 0.
1531349415 1 3127.62207031 0. 1.14197807768e-22 0.
1531349475 1 1321.3302002 0. 4.83921980052e-23 0.
1531349536 1 1032.7376709 0. 3.78888384253e-23 0.
1531349596 1 774.329284668 0. 2.84605770976e-23 0.
1531349656 1 771.615478516 0. 2.83935622157e-23 0.
1531349716 1 792.1640625 0. 2.91816290187e-23 0.
1531349776 1 683.085510254 0. 2.51985409836e-23 0.
1531349836 1 634.415344238 0. 2.34313093537e-23 0.
1531349896 1 626.212341309 0. 2.31550740574e-23 0.
1531349957 1 626.528442383 0. 2.31910872316e-23 0.
1531350017 1 1083.890625 0. 4.01122033801e-23 0.
1531350077 1 7599.27050781 0. 2.808376485e-22 0.
1531350135 1 11027.2294922 0. 4.07748982265e-22 0.
1531350178 1 3544.48706055 0. 1.31342730024e-22 0.
1531350224 1 1001.39331055 0. 3.72259476509e-23 0.
1531350284 1 736.224487305 0. 2.74146965515e-23 0.
1531350339 1 698.793334961 0. 2.60476938464e-23 0.
1531350384 1 698.944458008 0. 2.60733948359e-23 0.
1531350435 1 700.522338867 0. 2.61537506821e-23 0.
1531350495 1 692.397644043 0. 2.58765998614e-23 0.
1531350555 1 697.764526367 0. 2.61045861629e-23 0.
1531350615 1 708.263183594 0. 2.6524323969e-23 0.
1531350676 1 707.222717285 0. 2.65133366636e-23 0.
1531350736 1 700.402770996 0. 2.62856961653e-23 0.
1531350796 1 693.240905762 0. 2.60431975192e-23 0.
1531350856 1 690.675048828 0. 2.59736750083e-23 0.
1531350916 1 691.334411621 0. 2.60236782641e-23 0.
1531350976 1 695.058898926 0. 2.61901070015e-23 0.
1531351037 1 700.247314453 0. 2.64117945328e-23 0.
1531351097 1 697.067687988 0. 2.63192482599e-23 0.
1531351157 1 691.098510742 0. 2.61206782093e-23 0.
1531351217 1 688.917663574 0. 2.6063216528e-23 0.
1531351277 1 691.183532715 0. 2.61760217927e-23 0.
1531351337 1 700.219787598 0. 2.65432623775e-23 0.
1531351397 1 702.203125 0. 2.66430933434e-23 0.
1531351457 1 705.009094238 0. 2.67752965034e-23 0.
1531351518 1 696.647460938 0. 2.64856642946e-23 0.
1531351578 1 702.766967773 0. 2.67437589748e-23 0.
1531351638 1 708.863952637 0. 2.70016729351e-23 0.
1531351698 1 706.06237793 0. 2.6921231863e-23 0.
1531351758 1 702.081176758 0. 2.67947044597e-23 0.
1531351818 1 691.793884277 0. 2.6428585644e-23 0.
1531351878 1 706.671875 0. 2.70211598367e-23 0.
1531351939 1 711.827941895 0. 2.72434741172e-23 0.
1531351999 1 695.962219238 0. 2.66640380344e-23 0.
1531352059 1 687.669067383 0. 2.63718994938e-23 0.
1531352119 1 695.895568848 0. 2.67119423518e-23 0.
1531352179 1 695.579162598 0. 2.67255172307e-23 0.
1531352239 1 692.721801758 0. 2.66406658212e-23 0.
1531352299 1 695.903442383 0. 2.67877743986e-23 0.
1531352360 1 697.830200195 0. 2.68874021114e-23 0.
1531352420 1 692.428527832 0. 2.67035854137e-23 0.
1531352480 1 693.362915039 0. 2.67635256459e-23 0.
1531352540 1 703.050048828 0. 2.71619948894e-23 0.
1531352600 1 700.125305176 0. 2.70745850452e-23 0.
1531352661 1 688.53326416 0. 2.66517397478e-23 0.
1531352721 1 694.62121582 0. 2.6910953259e-23 0.
1531352781 1 703.577575684 0. 2.72815345115e-23 0.
1531352841 1 699.296142578 0. 2.71418228333e-23 0.
1531352901 1 700.394470215 0. 2.72090464113e-23 0.
1531352961 1 710.454162598 0. 2.76255389806e-23 0.
1531353021 1 698.573425293 0. 2.71882752875e-23 0.
1531353082 1 705.747070312 0. 2.74928412057e-23 0.
1531353142 1 701.828186035 0. 2.7366802099e-23 0.
1531353202 1 698.681518555 0. 2.72688781095e-23 0.
1531353262 1 705.551879883 0. 2.75618236922e-23 0.
1531353322 1 689.54699707 0. 2.69622078217e-23 0.
1531353382 1 691.639526367 0. 2.70688106255e-23 0.
1531353442 1 718.598815918 0. 2.81466638803e-23 0.
1531353502 1 694.203735352 0. 2.72188644194e-23 0.
1531353563 1 698.803039551 0. 2.74225413102e-23 0.
1531353623 1 699.876098633 0. 2.74883654116e-23 0.
1531353683 1 695.643310547 0. 2.73474878673e-23 0.
1531353743 1 695.045593262 0. 2.73490029556e-23 0.
1531353803 1 691.39263916 0. 2.72289810851e-23 0.
1531353863 1 696.747619629 0. 2.74639257174e-23 0.
1531353923 1 702.349975586 0. 2.77090986865e-23 0.
1531353984 1 698.099182129 0. 2.75657616184e-23 0.
1531354044 1 700.902099609 0. 2.77014404917e-23 0.
1531354104 1 690.721557617 0. 2.73241982488e-23 0.
1531354164 1 689.943054199 0. 2.73162239515e-23 0.
1531354224 1 693.441040039 0. 2.74772686134e-23 0.
1531354284 1 701.610656738 0. 2.78255692049e-23 0.
1531354345 1 702.240112305 0. 2.78743613751e-23 0.
1531354405 1 688.888366699 0. 2.73688451148e-23 0.
1531354465 1 689.485351562 0. 2.74163390361e-23 0.
1531354525 1 693.815673828 0. 2.76117867744e-23 0.
1531354585 1 703.357299805 0. 2.80159750516e-23 0.
1531354645 1 702.963256836 0. 2.8023936324e-23 0.
1531354705 1 695.171386719 0. 2.77376559879e-23 0.
1531354766 1 690.839599609 0. 2.75892269443e-23 0.
1531354826 1 695.82598877 0. 2.78132715375e-23 0.
1531354886 1 697.518737793 0. 2.79040291105e-23 0.
1531354946 1 701.790466309 0. 2.80988627545e-23 0.
1531355006 1 707.390686035 0. 2.83469701017e-23 0.
1531355066 1 698.43560791 0. 2.80138520874e-23 0.
1531355126 1 696.309997559 0. 2.79514357197e-23 0.
1531355187 1 695.348388672 0. 2.79378756821e-23 0.
1531355247 1 698.974975586 0. 2.81068205252e-23 0.
1531355307 1 700.450134277 0. 2.81898451152e-23 0.
1531355367 1 704.665100098 0. 2.83833280923e-23 0.
1531355427 1 698.452270508 0. 2.81577531908e-23 0.
1531355487 1 701.658569336 0. 2.83101424158e-23 0.
1531355547 1 699.067871094 0. 2.8231176747e-23 0.
1531355608 1 700.94934082 0. 2.83295890984e-23 0.
1531355668 1 701.801208496 0. 2.8388384433e-23 0.
1531355728 1 705.041503906 0. 2.85435931886e-23 0.
1531355788 1 705.516967773 0. 2.85857910261e-23 0.
1531355848 1 702.140686035 0. 2.84742370146e-23 0.
1531355908 1 703.282348633 0. 2.85448044747e-23 0.
1531355968 1 695.62310791 0. 2.82579718129e-23 0.
1531356029 1 700.269226074 0. 2.84705357905e-23 0.
1531356089 1 708.624084473 0. 2.8832581891e-23 0.
1531356149 1 702.13671875 0. 2.85936892222e-23 0.
1531356209 1 693.970336914 0. 2.82875669706e-23 0.
1531356269 1 696.245239258 0. 2.84061122161e-23 0.
1531356329 1 703.678955078 0. 2.87331162931e-23 0.
1531356389 1 707.249755859 0. 2.89050181903e-23 0.
1531356449 1 694.798461914 0. 2.84214343559e-23 0.
1531356510 1 699.204101562 0. 2.86271075717e-23 0.
1531356570 1 700.799865723 0. 2.87172970754e-23 0.
1531356630 1 709.161560059 0. 2.90845430854e-23 0.
1531356690 1 710.681762695 0. 2.9172259185e-23 0.
1531356750 1 705.536804199 0. 2.8987229456e-23 0.
1531356810 1 708.217895508 0. 2.91224222047e-23 0.
1531356870 1 696.305847168 0. 2.86564310647e-23 0.
1531356931 1 696.21081543 0. 2.86778527637e-23 0.
1531356991 1 705.066223145 0. 2.906609676e-23 0.
1531357051 1 698.937011719 0. 2.88393169286e-23 0.
1531357088 1 688.393798828 0. 2.8418706467e-23 0.
1531357112 1 694.850769043 0. 2.86941205917e-23 0.
1531357157 1 703.449035645 0. 2.9068040274e-23 0.
1531357218 1 707.22064209 0. 2.92497445847e-23 0.
1531357278 1 708.940246582 0. 2.93449306763e-23 0.
1531357338 1 690.315917969 0. 2.8600239023e-23 0.
1531357398 1 695.065734863 0. 2.88221026438e-23 0.
1531357458 1 694.366943359 0. 2.88175647757e-23 0.
1531357518 1 698.328491211 0. 2.90058012323e-23 0.
1531357578 1 702.662658691 0. 2.9211035144e-23 0.
1531357621 1 704.058959961 0. 2.92875266739e-23 0.
1531357663 1 703.596557617 0. 2.92848931069e-23 0.
1531357723 1 707.081665039 0. 2.94528334029e-23 0.
1531357783 1 707.666503906 0. 2.95018061317e-23 0.
1531357844 1 704.923034668 0. 2.94137175005e-23 0.
1531357904 1 692.446960449 0. 2.89178676793e-23 0.
1531357964 1 697.559631348 0. 2.91550054505e-23 0.
1531358024 1 703.093017578 0. 2.94113676862e-23 0.
1531358084 1 691.068359375 0. 2.89343049951e-23 0.
1531358144 1 706.617858887 0. 2.96097818122e-23 0.
1531358204 1 710.726379395 0. 2.98065942087e-23 0.
1531358265 1 691.629211426 0. 2.9031089758e-23 0.
1531358325 1 702.425476074 0. 2.95073965554e-23 0.
1531358385 1 696.871337891 0. 2.92997120591e-23 0.
1531358445 1 691.619628906 0. 2.91041865553e-23 0.
1531358505 1 701.569396973 0. 2.95463290871e-23 0.
1531358565 1 712.411315918 0. 3.00267652777e-23 0.
1531358625 1 710.40814209 0. 2.99672416173e-23 0.
1531358685 1 711.186035156 0. 3.00241172723e-23 0.
1531358745 1 698.54107666 0. 2.95163685161e-23 0.
1531358806 1 687.773742676 0. 2.90873425328e-23 0.
1531358866 1 705.326782227 0. 2.98519187057e-23 0.
1531358926 1 696.685302734 0. 2.95122758319e-23 0.
1531358986 1 700.492431641 0. 2.96973213394e-23 0.
1531359046 1 700.874694824 0. 2.9739287365e-23 0.
1531359106 1 702.673583984 0. 2.98395499212e-23 0.
1531359165 1 703.667724609 0. 2.9906274591e-23 0.
1531359225 1 708.711425781 0. 3.01455708543e-23 0.
1531359285 1 707.368530273 0. 3.01139683984e-23 0.
1531359345 1 705.980529785 0. 3.00798970394e-23 0.
1531359406 1 683.622253418 0. 2.91543475173e-23 0.
1531359466 1 713.538513184 0. 3.04528639481e-23 0.
1531359526 1 691.068603516 0. 2.95190571452e-23 0.
1531359586 1 698.204956055 0. 2.98471431357e-23 0.
1531359646 1 690.526245117 0. 2.95454097292e-23 0.
1531359706 1 705.227539062 0. 3.01981281549e-23 0.
1531359767 1 694.986022949 0. 2.97854426882e-23 0.
1531359827 1 693.851013184 0. 2.97625505565e-23 0.
1531359887 1 695.959350586 0. 2.98783694353e-23 0.
1531359947 1 701.411682129 0. 3.01356997092e-23 0.
1531360007 1 689.082397461 0. 2.96313326471e-23 0.
1531360067 1 708.747253418 0. 3.05014837472e-23 0.
1531360127 1 687.634216309 0. 2.96199668601e-23 0.
1531360188 1 688.758850098 0. 2.96922292286e-23 0.
1531360248 1 692.990600586 0. 2.9898721468e-23 0.
1531360308 1 701.543457031 0. 3.02922755634e-23 0.
1531360368 1 689.852783203 0. 2.98127998957e-23 0.
1531360428 1 693.668945312 0. 3.00036504649e-23 0.
1531360488 1 700.496948242 0. 3.03222910387e-23 0.
1531360548 1 707.226074219 0. 3.06371503867e-23 0.
1531360608 1 703.148681641 0. 3.04853454736e-23 0.
1531360669 1 701.467529297 0. 3.04388211457e-23 0.
1531360729 1 696.011535645 0. 3.02281710124e-23 0.
1531360789 1 696.606384277 0. 3.02777793058e-23 0.
1531360849 1 701.69543457 0. 3.05232868317e-23 0.
1531360909 1 708.992004395 0. 3.08634577283e-23 0.
1531360969 1 694.788330078 0. 3.02718520372e-23 0.
1531361029 1 698.150634766 0. 3.04426879733e-23 0.
1531361089 1 701.140991211 0. 3.05979657607e-23 0.
1531361150 1 702.781921387 0. 3.06936278551e-23 0.
1531361210 1 687.223510742 0. 3.00399673819e-23 0.
1531361270 1 690.665405273 0. 3.02135839093e-23 0.
1531361330 1 696.026977539 0. 3.04716252135e-23 0.
1531361390 1 693.856445312 0. 3.04024415094e-23 0.
1531361450 1 700.880554199 0. 3.07355504944e-23 0.
1531361510 1 701.68359375 0. 3.07949107177e-23 0.
1531361570 1 696.934509277 0. 3.06126190993e-23 0.
1531361631 1 695.124328613 0. 3.0559395748e-23 0.
1531361691 1 700.426513672 0. 3.08181305464e-23 0.
1531361751 1 690.764038086 0. 3.04183084005e-23 0.
1531361811 1 692.551086426 0. 3.0521272967e-23 0.
1531361871 1 703.879272461 0. 3.1044900851e-23 0.
1531361931 1 704.778015137 0. 3.11093631271e-23 0.
1531361991 1 705.039245605 0. 3.11455200559e-23 0.
1531362052 1 704.350280762 0. 3.1142432725e-23 0.
1531362112 1 697.137145996 0. 3.08497903695e-23 0.
1531362172 1 698.232788086 0. 3.09228839364e-23 0.
1531362232 1 694.00982666 0. 3.07614934848e-23 0.
1531362292 1 717.825378418 0. 3.18406362128e-23 0.
1531362352 1 690.253295898 0. 3.06467742734e-23 0.
1531362412 1 693.850036621 0. 3.08303957766e-23 0.
1531362472 1 688.61730957 0. 3.06223815257e-23 0.
1531362532 1 698.648925781 0. 3.10916744913e-23 0.
1531362593 1 691.394897461 0. 3.07951309503e-23 0.
1531362653 1 709.518310547 0. 3.1626983802e-23 0.
1531362713 1 700.762390137 0. 3.12623188542e-23 0.
1531362773 1 707.38079834 0. 3.15815212375e-23 0.
1531362833 1 700.130737305 0. 3.12838781475e-23 0.
1531362893 1 712.665466309 0. 3.18679703689e-23 0.
1531362954 1 686.025817871 0. 3.07053317252e-23 0.
1531363014 1 695.973815918 0. 3.11746376381e-23 0.
1531363074 1 716.226623535 0. 3.21043526336e-23 0.
1531363134 1 699.571350098 0. 3.13849014375e-23 0.
1531363194 1 704.518798828 0. 3.16311932047e-23 0.
1531363254 1 705.984436035 0. 3.17203806118e-23 0.
1531363314 1 700.809082031 0. 3.15159927036e-23 0.
1531363374 1 710.80291748 0. 3.19891481793e-23 0.
1531363435 1 701.883728027 0. 3.16142571564e-23 0.
1531363495 1 692.703796387 0. 3.12258691728e-23 0.
1531363555 1 697.950744629 0. 3.14877250274e-23 0.
1531363615 1 701.461914062 0. 3.16724969549e-23 0.
1531363675 1 702.220336914 0. 3.17313750046e-23 0.
1531363736 1 700.557861328 0. 3.16810522822e-23 0.
1531363796 1 697.385803223 0. 3.15623664522e-23 0.
1531363856 1 699.218322754 0. 3.16709605123e-23 0.
1531363916 1 702.145996094 0. 3.18278721767e-23 0.
1531363976 1 701.329650879 0. 3.18175212614e-23 0.
1531364036 1 705.881835938 0. 3.20490385487e-23 0.
1531364096 1 706.448852539 0. 3.21008683939e-23 0.
1531364157 1 709.112548828 0. 3.22463578408e-23 0.
1531364217 1 711.115112305 0. 3.23635789431e-23 0.
1531364277 1 710.651855469 0. 3.23686727208e-23 0.
1531364337 1 687.211975098 0. 3.13266689576e-23 0.
1531364397 1 690.05065918 0. 3.1481338696e-23 0.
1531364457 1 691.621276855 0. 3.15778808735e-23 0.
1531364517 1 693.133239746 0. 3.16717269736e-23 0.
1531364577 1 690.537109375 0. 3.15783034326e-23 0.
1531364638 1 689.066101074 0. 3.15366323405e-23 0.
1531364698 1 688.389648438 0. 3.15290008654e-23 0.
1531364758 1 700.454528809 0. 3.21067346365e-23 0.
1531364818 1 703.771911621 0. 3.22843936113e-23 0.
1531364878 1 698.925842285 0. 3.2087864397e-23 0.
1531364938 1 699.926757812 0. 3.21594169327e-23 0.
1531364998 1 703.968078613 0. 3.23692778225e-23 0.
1531365059 1 705.608032227 0. 3.24711971797e-23 0.
1531365119 1 711.439819336 0. 3.27654481705e-23 0.
1531365179 1 702.874450684 0. 3.23980167525e-23 0.
1531365239 1 709.22668457 0. 3.27171335559e-23 0.
1531365299 1 716.643249512 0. 3.30830004346e-23 0.
1531365359 1 698.506103516 0. 3.22746608485e-23 0.
1531365419 1 709.32232666 0. 3.27980756623e-23 0.
1531365480 1 711.376098633 0. 3.2919168081e-23 0.
1531365540 1 709.843811035 0. 3.2874798921e-23 0.
1531365600 1 709.474365234 0. 3.28848204017e-23 0.
1531365660 1 705.051574707 0. 3.27073158831e-23 0.
1531365720 1 689.565612793 0. 3.20158886423e-23 0.
1531365780 1 688.394958496 0. 3.19870465025e-23 0.
1531365840 1 686.995300293 0. 3.19472128328e-23 0.
1531365901 1 690.042053223 0. 3.21140380855e-23 0.
1531365961 1 711.202331543 0. 3.31230103198e-23 0.
1531366021 1 707.902587891 0. 3.29947815509e-23 0.
1531366081 1 706.087890625 0. 3.29359934243e-23 0.
1531366141 1 708.550842285 0. 3.30776192286e-23 0.
1531366202 1 689.65222168 0. 3.22234610609e-23 0.
1531366262 1 701.202270508 0. 3.27870374297e-23 0.
1531366322 1 710.199645996 0. 3.32320183002e-23 0.
1531366382 1 709.723754883 0. 3.32356046282e-23 0.
1531366442 1 704.72644043 0. 3.30282784229e-23 0.
1531366502 1 683.728088379 0. 3.20741009205e-23 0.
1531366563 1 700.710754395 0. 3.28935779289e-23 0.
1531366623 1 694.276550293 0. 3.26185253154e-23 0.
1531366683 1 706.422424316 0. 3.32151089312e-23 0.
1531366743 1 693.41217041 0. 3.26316349547e-23 0.
1531366803 1 697.61529541 0. 3.28522605923e-23 0.
1531366864 1 694.302185059 0. 3.27206593522e-23 0.
1531366924 1 691.379882812 0. 3.26084690166e-23 0.
1531366984 1 689.998840332 0. 3.25702057835e-23 0.
1531367044 1 683.370666504 0. 3.22833387339e-23 0.
1531367104 1 708.22076416 0. 3.34821674679e-23 0.
1531367164 1 695.80871582 0. 3.29224649136e-23 0.
1531367224 1 692.179138184 0. 3.27771436283e-23 0.
1531367285 1 691.48815918 0. 3.27712662502e-23 0.
1531367345 1 700.090332031 0. 3.32046884688e-23 0.
1531367405 1 708.294189453 0. 3.36185833559e-23 0.
1531367465 1 705.669311523 0. 3.3520856044e-23 0.
1531367526 1 706.311157227 0. 3.35769173953e-23 0.
1531367586 1 708.318237305 0. 3.36974765466e-23 0.
1531367646 1 709.482910156 0. 3.37784924364e-23 0.
1531367706 1 718.558959961 0. 3.42370516087e-23 0.
1531367766 1 699.153930664 0. 3.3340256375e-23 0.
1531367827 1 711.484191895 0. 3.39534908737e-23 0.
1531367887 1 696.777954102 0. 3.32791091556e-23 0.
1531367947 1 708.659301758 0. 3.38706501748e-23 0.
1531368007 1 714.054199219 0. 3.41534926892e-23 0.
1531368067 1 695.433898926 0. 3.32919126049e-23 0.
1531368127 1 693.824829102 0. 3.32408134227e-23 0.
1531368188 1 693.772644043 0. 3.32651455083e-23 0.
1531368248 1 693.947143555 0. 3.32994226546e-23 0.
1531368308 1 697.688659668 0. 3.35032747396e-23 0.
1531368368 1 695.191589355 0. 3.34109756448e-23 0.
1531368428 1 698.438110352 0. 3.35925108567e-23 0.
1531368488 1 711.669433594 0. 3.42525080037e-23 0.
1531368548 1 690.924987793 0. 3.32831680424e-23 0.
1531368608 1 708.824401855 0. 3.41704168471e-23 0.
1531368669 1 708.314758301 0. 3.41738189838e-23 0.
1531368729 1 707.59173584 0. 3.41656033724e-23 0.
1531368789 1 707.942443848 0. 3.42097221416e-23 0.
1531368849 1 707.945129395 0. 3.42358567229e-23 0.
1531368909 1 708.635131836 0. 3.42946581859e-23 0.
1531368969 1 702.108337402 0. 3.40052699504e-23 0.
1531369030 1 708.668701172 0. 3.43481654211e-23 0.
1531369090 1 706.120788574 0. 3.42519474766e-23 0.
1531369150 1 711.089172363 0. 3.45192298676e-23 0.
1531369210 1 692.340637207 0. 3.36389508178e-23 0.
1531369270 1 690.562744141 0. 3.35796188836e-23 0.
1531369330 1 692.245178223 0. 3.36880495897e-23 0.
1531369390 1 689.634277344 0. 3.35876852773e-23 0.
1531369451 1 691.507446289 0. 3.37049236034e-23 0.
1531369511 1 695.864074707 0. 3.39451395297e-23 0.
1531369571 1 700.907287598 0. 3.42158865418e-23 0.
1531369631 1 694.974914551 0. 3.39536976749e-23 0.
1531369691 1 700.862487793 0. 3.4268030875e-23 0.
1531369751 1 704.413513184 0. 3.44670496898e-23 0.
1531369811 1 706.117248535 0. 3.45767345359e-23 0.
1531369872 1 705.176757812 0. 3.45583235345e-23 0.
1531369932 1 707.598937988 0. 3.47043339772e-23 0.
1531369992 1 699.624450684 0. 3.43416732467e-23 0.
1531370052 1 704.28112793 0. 3.4595759187e-23 0.
1531370112 1 704.94519043 0. 3.46561161228e-23 0.
1531370172 1 697.062561035 0. 3.42964711234e-23 0.
1531370233 1 700.206420898 0. 3.44778322247e-23 0.
1531370293 1 711.557983398 0. 3.50629549511e-23 0.
1531370353 1 701.760437012 0. 3.46094942439e-23 0.
1531370413 1 692.74041748 0. 3.41923170293e-23 0.
1531370448 1 694.9453125 0. 3.43157441798e-23 0.
1531370483 1 691.569641113 0. 3.41660037523e-23 0.
1531370544 1 692.867919922 0. 3.42559273481e-23 0.
1531370604 1 704.076416016 0. 3.48363188231e-23 0.
1531370664 1 704.653808594 0. 3.48910703313e-23 0.
1531370724 1 703.648803711 0. 3.48673227359e-23 0.
1531370784 1 700.17565918 0. 3.47231745802e-23 0.
1531370844 1 695.516967773 0. 3.45182203111e-23 0.
1531370904 1 688.568481445 0. 3.42004627918e-23 0.
1531370965 1 702.866943359 0. 3.49345735833e-23 0.
1531371025 1 711.945007324 0. 3.54128188816e-23 0.
1531371085 1 707.457336426 0. 3.52176636316e-23 0.
1531371145 1 696.980529785 0. 3.47256946961e-23 0.
1531371205 1 699.572631836 0. 3.48812197311e-23 0.
1531371265 1 697.824768066 0. 3.48216098853e-23 0.
1531371325 1 690.516601562 0. 3.44839759739e-23 0.
1531371386 1 696.615112305 0. 3.48155559976e-23 0.
1531371446 1 686.17767334 0. 3.43194083188e-23 0.
1531371506 1 705.56262207 0. 3.531363807e-23 0.
1531371566 1 712.291625977 0. 3.56761244489e-23 0.
1531371626 1 712.862304688 0. 3.5733730397e-23 0.
1531371686 1 696.438049316 0. 3.4940569839e-23 0.
1531371746 1 696.802490234 0. 3.49852719694e-23 0.
1531371806 1 690.160766602 0. 3.46792970781e-23 0.
1531371867 1 690.407409668 0. 3.47172657577e-23 0.
1531371927 1 714.021240234 0. 3.59298543863e-23 0.
1531371987 1 692.751831055 0. 3.48908727103e-23 0.
1531372047 1 701.776733398 0. 3.53707471023e-23 0.
1531372107 1 706.649291992 0. 3.56424443865e-23 0.
1531372167 1 694.08605957 0. 3.50383400478e-23 0.
1531372228 1 700.831787109 0. 3.54053922259e-23 0.
1531372288 1 703.448242188 0. 3.55646215347e-23 0.
1531372348 1 700.863708496 0. 3.54609061108e-23 0.
1531372408 1 704.650146484 0. 3.56796691036e-23 0.
1531372469 1 709.656677246 0. 3.59601003966e-23 0.
1531372529 1 697.133239746 0. 3.53535560942e-23 0.
1531372589 1 700.106872559 0. 3.55307605841e-23 0.
1531372649 1 698.206970215 0. 3.54618286784e-23 0.
1531372709 1 693.942810059 0. 3.52731506066e-23 0.
1531372770 1 699.480224609 0. 3.5582119758e-23 0.
1531372830 1 689.763122559 0. 3.51154047219e-23 0.
1531372890 1 689.263122559 0. 3.51161728236e-23 0.
1531372950 1 694.346801758 0. 3.54016367541e-23 0.
1531373010 1 686.32824707 0. 3.50202927059e-23 0.
1531373071 1 705.27520752 0. 3.60101355945e-23 0.
1531373131 1 697.553771973 0. 3.56456046668e-23 0.
1531373191 1 692.117431641 0. 3.53965332907e-23 0.
1531373251 1 691.405273438 0. 3.53868956542e-23 0.
1531373312 1 704.922851562 0. 3.61042309324e-23 0.
1531373372 1 699.988708496 0. 3.58780099133e-23 0.
1531373432 1 702.910766602 0. 3.60550328817e-23 0.
1531373492 1 702.470336914 0. 3.60639268117e-23 0.
1531373552 1 698.237182617 0. 3.58739163464e-23 0.
1531373612 1 693.556274414 0. 3.56599462151e-23 0.
1531373672 1 693.103271484 0. 3.5664504668e-23 0.
1531373732 1 692.275817871 0. 3.56495339014e-23 0.
1531373793 1 691.115356445 0. 3.56165957553e-23 0.
1531373853 1 687.272155762 0. 3.54479258113e-23 0.
1531373913 1 695.139770508 0. 3.58806557827e-23 0.
1531373973 1 704.933898926 0. 3.64120742188e-23 0.
1531374033 1 705.268798828 0. 3.64571777051e-23 0.
1531374093 1 704.742004395 0. 3.6455797014e-23 0.
1531374154 1 696.01940918 0. 3.60349834572e-23 0.
1531374214 1 689.680786133 0. 3.57352775923e-23 0.
1531374274 1 688.487426758 0. 3.56992793562e-23 0.
1531374334 1 697.542297363 0. 3.61969621457e-23 0.
1531374394 1 700.207885742 0. 3.63617075739e-23 0.
1531374454 1 689.592590332 0. 3.5841219696e-23 0.
1531374514 1 705.872009277 0. 3.67112481274e-23 0.
1531374575 1 705.566955566 0. 3.67247923814e-23 0.
1531374635 1 708.639953613 0. 3.69112216096e-23 0.
1531374695 1 706.770324707 0. 3.68406674888e-23 0.
1531374755 1 703.440917969 0. 3.66946606965e-23 0.
1531374815 1 688.988586426 0. 3.59687081513e-23 0.
1531374875 1 685.373046875 0. 3.58076737442e-23 0.
1531374935 1 696.11328125 0. 3.6394620032e-23 0.
1531374995 1 703.036254883 0. 3.67848265099e-23 0.
1531375056 1 702.334350586 0. 3.67763311012e-23 0.
1531375116 1 703.953674316 0. 3.68879131012e-23 0.
1531375176 1 704.336547852 0. 3.69345375741e-23 0.
1531375236 1 699.188232422 0. 3.66945485761e-23 0.
1531375296 1 696.380004883 0. 3.65748485691e-23 0.
1531375356 1 698.600036621 0. 3.67197469176e-23 0.
1531375416 1 706.11517334 0. 3.71412344051e-23 0.
1531375477 1 706.691101074 0. 3.72016143363e-23 0.
1531375537 1 705.129699707 0. 3.71468105723e-23 0.
1531375597 1 702.291564941 0. 3.70242801908e-23 0.
1531375657 1 702.597839355 0. 3.70686967618e-23 0.
1531375717 1 707.594787598 0. 3.73617910473e-23 0.
1531375777 1 703.11138916 0. 3.71522058191e-23 0.
1531375838 1 698.963867188 0. 3.69615071721e-23 0.
1531375898 1 694.113464355 0. 3.67340354902e-23 0.
1531375958 1 694.208618164 0. 3.67672048471e-23 0.
1531376018 1 708.606445312 0. 3.75568113853e-23 0.
1531376078 1 704.144470215 0. 3.73500672586e-23 0.
1531376138 1 702.088867188 0. 3.72694268176e-23 0.
1531376198 1 694.483764648 0. 3.68935660713e-23 0.
1531376258 1 698.355712891 0. 3.7125927146e-23 0.
1531376318 1 704.396911621 0. 3.74738478219e-23 0.
1531376379 1 698.217834473 0. 3.7172439859e-23 0.
1531376439 1 699.658874512 0. 3.72782483136e-23 0.
1531376499 1 698.065856934 0. 3.72204511271e-23 0.
1531376559 1 698.978515625 0. 3.72964212013e-23 0.
1531376619 1 698.517456055 0. 3.73002705407e-23 0.
1531376679 1 703.674316406 0. 3.76032273928e-23 0.
1531376740 1 708.807250977 0. 3.79031155447e-23 0.
1531376800 1 707.729248047 0. 3.78740162195e-23 0.
1531376860 1 712.518310547 0. 3.81584187728e-23 0.
1531376920 1 691.779785156 0. 3.70781061816e-23 0.
1531376980 1 690.819763184 0. 3.70550859333e-23 0.
1531377040 1 709.411621094 0. 3.80777173695e-23 0.
1531377100 1 686.64239502 0. 3.68869256277e-23 0.
1531377161 1 693.90020752 0. 3.73036009942e-23 0.
1531377221 1 702.108825684 0. 3.77722591474e-23 0.
1531377281 1 702.324951172 0. 3.78119753217e-23 0.
1531377341 1 700.667785645 0. 3.77506091014e-23 0.
1531377401 1 702.208679199 0. 3.78634136933e-23 0.
1531377461 1 700.593322754 0. 3.78063272377e-23 0.
1531377522 1 707.60723877 0. 3.82134530068e-23 0.
1531377582 1 709.199707031 0. 3.83266798965e-23 0.
1531377642 1 712.070251465 0. 3.85098926408e-23 0.
1531377702 1 698.279602051 0. 3.77951418955e-23 0.
1531377762 1 690.041687012 0. 3.73792719659e-23 0.
1531377822 1 698.685241699 0. 3.78727234121e-23 0.
1531377882 1 704.473388672 0. 3.82160720315e-23 0.
1531377942 1 689.351806641 0. 3.74263058311e-23 0.
1531378003 1 688.508178711 0. 3.74072091274e-23 0.
1531378063 1 687.256652832 0. 3.73674329543e-23 0.
1531378123 1 691.778625488 0. 3.76416729216e-23 0.
1531378183 1 694.737731934 0. 3.78292992974e-23 0.
1531378243 1 694.27331543 0. 3.78340919731e-23 0.
1531378303 1 694.391540527 0. 3.7869917589e-23 0.
1531378364 1 694.406982422 0. 3.78989465048e-23 0.
1531378424 1 697.627502441 0. 3.8102049388e-23 0.
1531378484 1 694.630249023 0. 3.79672444171e-23 0.
1531378544 1 688.647277832 0. 3.7669653181e-23 0.
1531378604 1 687.120605469 0. 3.76139945273e-23 0.
1531378664 1 688.387939453 0. 3.77109307301e-23 0.
1531378724 1 691.253356934 0. 3.78954469128e-23 0.
1531378785 1 692.053894043 0. 3.79690398255e-23 0.
1531378845 1 695.367919922 0. 3.8178485853e-23 0.
1531378905 1 693.912841797 0. 3.81247861514e-23 0.
1531378965 1 696.239624023 0. 3.828198872e-23 0.
1531379025 1 685.309143066 0. 3.77103289812e-23 0.
1531379085 1 695.785461426 0. 3.83148654645e-23 0.
1531379145 1 693.44732666 0. 3.82149534377e-23 0.
1531379205 1 693.186889648 0. 3.82292474752e-23 0.
1531379266 1 688.652587891 0. 3.80090791209e-23 0.
1531379326 1 700.452392578 0. 3.86859050371e-23 0.
1531379386 1 702.011291504 0. 3.8799250491e-23 0.
1531379446 1 688.27911377 0. 3.80732774354e-23 0.
1531379506 1 681.893249512 0. 3.77474050973e-23 0.
1531379566 1 705.150085449 0. 3.90618772371e-23 0.
1531379626 1 706.056640625 0. 3.91417394279e-23 0.
1531379686 1 713.881591797 0. 3.96024466033e-23 0.
1531379747 1 703.168945312 0. 3.90396368445e-23 0.
1531379807 1 710.671569824 0. 3.94834287011e-23 0.
1531379867 1 704.708312988 0. 3.91835132334e-23 0.
1531379927 1 701.167602539 0. 3.90166624426e-23 0.
1531379987 1 705.876403809 0. 3.93066213757e-23 0.
1531380047 1 706.248718262 0. 3.93571356078e-23 0.
1531380108 1 703.283691406 0. 3.9222064908e-23 0.
1531380168 1 698.230407715 0. 3.89707309786e-23 0.
1531380228 1 699.907043457 0. 3.90909396398e-23 0.
1531380288 1 701.96307373 0. 3.92326428096e-23 0.
1531380348 1 686.886230469 0. 3.84215905766e-23 0.
1531380408 1 700.732788086 0. 3.92228758286e-23 0.
1531380468 1 687.316589355 0. 3.85036348975e-23 0.
1531380529 1 702.036437988 0. 3.93538355307e-23 0.
1531380589 1 690.24029541 0. 3.87243304296e-23 0.
1531380649 1 698.68548584 0. 3.92267784282e-23 0.
1531380709 1 696.520019531 0. 3.91338557895e-23 0.
1531380769 1 693.575012207 0. 3.89973422927e-23 0.
1531380829 1 698.674499512 0. 3.93116353407e-23 0.
1531380890 1 700.34564209 0. 3.94359439561e-23 0.
1531380950 1 703.979919434 0. 3.96693229694e-23 0.
1531381010 1 704.29473877 0. 3.97164922138e-23 0.
1531381070 1 681.77142334 0. 3.84805777127e-23 0.
1531381130 1 703.646728516 0. 3.97398885491e-23 0.
1531381190 1 706.249572754 0. 3.99151357995e-23 0.
1531381250 1 734.235717773 0. 4.15232265161e-23 0.
1531381311 1 684.020629883 0. 3.87211619506e-23 0.
1531381361 1 681.942016602 0. 3.86288938558e-23 0.
1531381412 1 708.487487793 0. 4.0153354499e-23 0.
1531381473 1 710.46697998 0. 4.02963499517e-23 0.
1531381533 1 684.429260254 0. 3.88498773897e-23 0.
1531381593 1 709.255859375 0. 4.02838975404e-23 0.
1531381653 1 708.39831543 0. 4.02655336296e-23 0.
1531381713 1 707.36315918 0. 4.02374017187e-23 0.
1531381773 1 702.051757812 0. 3.99681229152e-23 0.
1531381833 1 710.176635742 0. 4.04584426243e-23 0.
1531381893 1 700.1875 0. 3.99217028862e-23 0.
1531381954 1 692.582458496 0. 3.95181002625e-23 0.
1531382014 1 695.291992188 0. 3.97026066957e-23 0.
1531382074 1 691.171936035 0. 3.94968171656e-23 0.
1531382134 1 709.229858398 0. 4.05565140069e-23 0.
1531382194 1 712.109008789 0. 4.07503633235e-23 0.
1531382255 1 689.851074219 0. 3.95107359832e-23 0.
1531382315 1 692.014282227 0. 3.96649738121e-23 0.
1531382375 1 692.915222168 0. 3.97452949048e-23 0.
1531382436 1 709.801818848 0. 4.07403199298e-23 0.
1531382496 1 710.064208984 0. 4.0785859429e-23 0.
1531382556 1 707.167602539 0. 4.06492166358e-23 0.
1531382616 1 706.98034668 0. 4.06673286312e-23 0.
1531382676 1 707.741699219 0. 4.07404895075e-23 0.
1531382736 1 714.456848145 0. 4.11573120467e-23 0.
1531382796 1 686.315979004 0. 3.95714523042e-23 0.
1531382856 1 704.429382324 0. 4.064203032e-23 0.
1531382917 1 704.562194824 0. 4.06787752276e-23 0.
1531382977 1 699.725646973 0. 4.04298253171e-23 0.
1531383037 1 704.360412598 0. 4.07290619681e-23 0.
1531383097 1 696.579528809 0. 4.03089506994e-23 0.
1531383157 1 709.71661377 0. 4.10974078624e-23 0.
1531383217 1 707.027099609 0. 4.09714859049e-23 0.
1531383277 1 694.868591309 0. 4.02968095183e-23 0.
1531383337 1 693.243713379 0. 4.0232531839e-23 0.
1531383397 1 692.020141602 0. 4.01938092772e-23 0.
1531383458 1 692.572570801 0. 4.02560080221e-23 0.
1531383518 1 691.241088867 0. 4.02096964179e-23 0.
1531383578 1 697.820922852 0. 4.06214013201e-23 0.
1531383638 1 699.820861816 0. 4.07654789254e-23 0.
1531383698 1 703.690063477 0. 4.10208053623e-23 0.
1531383758 1 703.837585449 0. 4.1058958065e-23 0.
1531383818 1 698.378845215 0. 4.0772955095e-23 0.
1531383879 1 701.918212891 0. 4.10060802271e-23 0.
1531383939 1 700.598144531 0. 4.09589428518e-23 0.
1531383999 1 702.554382324 0. 4.11049710654e-23 0.
1531384059 1 708.108154297 0. 4.14605161357e-23 0.
1531384119 1 682.379699707 0. 3.99895166598e-23 0.
1531384179 1 704.304382324 0. 4.13003867478e-23 0.
1531384239 1 706.099609375 0. 4.14350128502e-23 0.
1531384300 1 707.69921875 0. 4.15578039519e-23 0.
1531384360 1 705.264648438 0. 4.14485606708e-23 0.
1531384420 1 707.081787109 0. 4.15857972346e-23 0.
1531384480 1 704.25213623 0. 4.14499743298e-23 0.
1531384540 1 689.671813965 0. 4.06249917105e-23 0.
1531384600 1 698.451049805 0. 4.11702626154e-23 0.
1531384661 1 702.421447754 0. 4.14356122013e-23 0.
1531384721 1 699.78503418 0. 4.13116419024e-23 0.
1531384781 1 705.666809082 0. 4.16887199435e-23 0.
1531384841 1 703.542785645 0. 4.15933976475e-23 0.
1531384901 1 695.641906738 0. 4.1158965397e-23 0.
1531384962 1 696.700134277 0. 4.12523742559e-23 0.
1531385022 1 709.070922852 0. 4.20127402788e-23 0.
1531385082 1 708.872375488 0. 4.20308926588e-23 0.
1531385142 1 701.110900879 0. 4.16016379194e-23 0.
1531385202 1 705.785888672 0. 4.19094558679e-23 0.
1531385262 1 691.986755371 0. 4.11247213224e-23 0.
1531385322 1 689.386352539 0. 4.09996926669e-23 0.
1531385383 1 688.299255371 0. 4.09656961689e-23 0.
1531385443 1 698.85357666 0. 4.1622333892e-23 0.
1531385503 1 694.018676758 0. 4.13643843192e-23 0.
1531385563 1 686.222839355 0. 4.09318280251e-23 0.
1531385623 1 694.410400391 0. 4.14490413546e-23 0.
1531385683 1 699.223449707 0. 4.1764911816e-23 0.
1531385744 1 697.364746094 0. 4.16851470321e-23 0.
1531385804 1 694.728881836 0. 4.15590766763e-23 0.
1531385864 1 692.134033203 0. 4.14321548083e-23 0.
1531385924 1 688.289306641 0. 4.12334971054e-23 0.
1531385984 1 708.945983887 0. 4.2498414108e-23 0.
1531386044 1 708.814758301 0. 4.25214397818e-23 0.
1531386104 1 706.931274414 0. 4.24409419637e-23 0.
1531386164 1 708.508056641 0. 4.25678633064e-23 0.
1531386225 1 707.43572998 0. 4.25328663667e-23 0.
1531386285 1 707.92779541 0. 4.2594816005e-23 0.
1531386345 1 700.615905762 0. 4.21871447239e-23 0.
1531386405 1 699.425964355 0. 4.21450037549e-23 0.
1531386465 1 704.890380859 0. 4.25033454286e-23 0.
1531386525 1 703.939208984 0. 4.24790432857e-23 0.
1531386585 1 700.234191895 0. 4.22886522318e-23 0.
1531386646 1 697.288757324 0. 4.21405691592e-23 0.
1531386706 1 700.286682129 0. 4.23512596093e-23 0.
1531386766 1 700.586181641 0. 4.24018979766e-23 0.
1531386826 1 702.671936035 0. 4.25595440201e-23 0.
1531386886 1 707.331359863 0. 4.28720037629e-23 0.
1531386946 1 704.768859863 0. 4.27496774798e-23 0.
1531387006 1 706.346679688 0. 4.28775399164e-23 0.
1531387067 1 710.72833252 0. 4.31741794027e-23 0.
1531387127 1 702.837341309 0. 4.27279995512e-23 0.
1531387187 1 696.262634277 0. 4.23613498432e-23 0.
1531387247 1 687.374206543 0. 4.1851200168e-23 0.
1531387307 1 686.125427246 0. 4.18072266209e-23 0.
1531387368 1 704.523193359 0. 4.29549535766e-23 0.
1531387428 1 708.970153809 0. 4.32567754343e-23 0.
1531387488 1 709.075683594 0. 4.32954268376e-23 0.
1531387548 1 708.670715332 0. 4.33037103679e-23 0.
1531387608 1 713.843322754 0. 4.36502900391e-23 0.
1531387668 1 695.533325195 0. 4.25667605172e-23 0.
1531387729 1 705.704162598 0. 4.32197858532e-23 0.
1531387789 1 697.727294922 0. 4.27633930554e-23 0.
1531387849 1 696.932861328 0. 4.27437513581e-23 0.
1531387909 1 699.256530762 0. 4.29189842829e-23 0.
1531387969 1 699.938903809 0. 4.29922601459e-23 0.
1531388029 1 692.005981445 0. 4.25355435601e-23 0.
1531388089 1 701.813964844 0. 4.31675278271e-23 0.
1531388149 1 701.422973633 0. 4.31737150824e-23 0.
1531388210 1 702.445251465 0. 4.32671261276e-23 0.
1531388270 1 702.169128418 0. 4.32832518298e-23 0.
1531388330 1 703.418518066 0. 4.3389082388e-23 0.
1531388390 1 706.224609375 0. 4.35963689028e-23 0.
1531388450 1 704.828613281 0. 4.35422522862e-23 0.
1531388510 1 701.047790527 0. 4.33413060147e-23 0.
1531388570 1 697.683410645 0. 4.31659268665e-23 0.
1531388630 1 702.389404297 0. 4.34875591399e-23 0.
1531388691 1 692.899475098 0. 4.29324535301e-23 0.
1531388751 1 688.976806641 0. 4.27213092648e-23 0.
1531388811 1 697.170898438 0. 4.32603502066e-23 0.
1531388871 1 698.68157959 0. 4.33845143681e-23 0.
1531388931 1 701.540344238 0. 4.35956841041e-23 0.
1531388991 1 704.265136719 0. 4.37946437746e-23 0.
1531389051 1 700.069213867 0. 4.35686116166e-23 0.
1531389111 1 698.585998535 0. 4.35067798624e-23 0.
1531389172 1 697.772399902 0. 4.34884007929e-23 0.
1531389232 1 693.315917969 0. 4.32400693657e-23 0.
1531389292 1 690.303527832 0. 4.30854471581e-23 0.
1531389352 1 687.869750977 0. 4.29664443546e-23 0.
1531389412 1 696.564331055 0. 4.35394562851e-23 0.
1531389472 1 694.848266602 0. 4.34652503196e-23 0.
1531389532 1 697.423400879 0. 4.36571063032e-23 0.
1531389593 1 702.364379883 0. 4.39975319139e-23 0.
1531389653 1 700.207092285 0. 4.38938649716e-23 0.
1531389713 1 690.588867188 0. 4.33250699615e-23 0.
1531389773 1 691.476745605 0. 4.34128850228e-23 0.
1531389834 1 709.128479004 0. 4.45510862607e-23 0.
1531389894 1 707.392333984 0. 4.44736348482e-23 0.
1531389954 1 706.670227051 0. 4.4461512349e-23 0.
1531390014 1 709.390441895 0. 4.46644770438e-23 0.
1531390055 1 712.727600098 0. 4.4893859141e-23 0.
1531390095 1 693.032958984 0. 4.36805294426e-23 0.
1531390156 1 689.663452148 0. 4.3498866717e-23 0.
1531390216 1 692.844238281 0. 4.37299109014e-23 0.
1531390276 1 703.576477051 0. 4.44384884689e-23 0.
1531390336 1 687.588439941 0. 4.34620799034e-23 0.
1531390396 1 701.2421875 0. 4.43538926114e-23 0.
1531390456 1 699.420776367 0. 4.42732283375e-23 0.
1531390516 1 702.199523926 0. 4.44809697375e-23 0.
1531390576 1 701.98815918 0. 4.44993127835e-23 0.
1531390637 1 708.450134277 0. 4.4941688234e-23 0.
1531390697 1 705.81640625 0. 4.48080022816e-23 0.
1531390757 1 709.611938477 0. 4.50800978975e-23 0.
1531390817 1 692.883239746 0. 4.40534195694e-23 0.
1531390877 1 692.333312988 0. 4.40516456698e-23 0.
1531390937 1 708.208068848 0. 4.50892123545e-23 0.
1531390997 1 703.992004395 0. 4.48560719382e-23 0.
1531391058 1 690.130737305 0. 4.40065607558e-23 0.
1531391118 1 694.929138184 0. 4.43444917903e-23 0.
1531391178 1 709.199707031 0. 4.52848548824e-23 0.
1531391238 1 709.239135742 0. 4.53209149772e-23 0.
1531391298 1 698.750732422 0. 4.46856360448e-23 0.
1531391358 1 702.660705566 0. 4.49659486906e-23 0.
1531391418 1 701.973144531 0. 4.49541245515e-23 0.
1531391478 1 706.897094727 0. 4.53021441604e-23 0.
1531391539 1 695.623840332 0. 4.46155010835e-23 0.
1531391599 1 701.254211426 0. 4.50079095195e-23 0.
1531391659 1 701.207336426 0. 4.50374021148e-23 0.
1531391719 1 702.252929688 0. 4.51348643047e-23 0.
1531391779 1 706.039123535 0. 4.54117700972e-23 0.
1531391839 1 707.959716797 0. 4.55668167316e-23 0.
1531391899 1 708.609191895 0. 4.56424018567e-23 0.
1531391960 1 710.605834961 0. 4.58039925513e-23 0.
1531392020 1 694.758544922 0. 4.48215945652e-23 0.
1531392080 1 706.731384277 0. 4.56230583954e-23 0.
1531392140 1 709.260559082 0. 4.58185624879e-23 0.
1531392200 1 703.906921387 0. 4.5508223829e-23 0.
1531392260 1 701.218383789 0. 4.5367224979e-23 0.
1531392321 1 690.339172363 0. 4.46974407386e-23 0.
1531392381 1 690.522644043 0. 4.47419253608e-23 0.
1531392441 1 688.831542969 0. 4.46672632171e-23 0.
1531392501 1 686.343261719 0. 4.45387958232e-23 0.
1531392561 1 691.828125 0. 4.49253771188e-23 0.
1531392621 1 695.487670898 0. 4.51961441078e-23 0.
1531392682 1 699.182617188 0. 4.54684728539e-23 0.
1531392742 1 703.729858398 0. 4.57952493701e-23 0.
1531392802 1 692.806884766 0. 4.51206722565e-23 0.
1531392862 1 694.213745117 0. 4.52442854141e-23 0.
1531392922 1 694.173522949 0. 4.52721270944e-23 0.
1531392982 1 698.367858887 0. 4.55781199528e-23 0.
1531393042 1 700.781311035 0. 4.57672233128e-23 0.
1531393102 1 698.543518066 0. 4.56565457249e-23 0.
1531393163 1 701.920471191 0. 4.59084813237e-23 0.
1531393223 1 706.950683594 0. 4.62694459735e-23 0.
1531393283 1 705.503356934 0. 4.62084469735e-23 0.
1531393343 1 705.958374023 0. 4.62712782132e-23 0.
1531393403 1 707.10369873 0. 4.63783433942e-23 0.
1531393464 1 710.493408203 0. 4.66331318379e-23 0.
1531393524 1 702.616577148 0. 4.6151789128e-23 0.
1531393584 1 690.943664551 0. 4.54207438363e-23 0.
1531393644 1 676.661987305 0. 4.45210153573e-23 0.
1531393704 1 696.503112793 0. 4.58526496692e-23 0.
1531393764 1 699.005432129 0. 4.60490261909e-23 0.
1531393824 1 699.694091797 0. 4.6127244824e-23 0.
1531393885 1 706.21105957 0. 4.65908864588e-23 0.
1531393945 1 694.170654297 0. 4.58332613653e-23 0.
1531394005 1 695.427246094 0. 4.59466608009e-23 0.
1531394065 1 699.957214355 0. 4.62777641168e-23 0.
1531394125 1 697.848327637 0. 4.61734601023e-23 0.
1531394186 1 702.856750488 0. 4.65410342949e-23 0.
1531394246 1 694.481811523 0. 4.60221161901e-23 0.
1531394306 1 699.127197266 0. 4.63603491383e-23 0.
1531394366 1 694.384338379 0. 4.60807942941e-23 0.
1531394426 1 710.318054199 0. 4.71692551008e-23 0.
1531394486 1 699.379089355 0. 4.64788198016e-23 0.
1531394546 1 686.853088379 0. 4.56814781555e-23 0.
1531394606 1 711.429443359 0. 4.73472182539e-23 0.
1531394667 1 691.621154785 0. 4.60682278938e-23 0.
1531394727 1 693.528747559 0. 4.62245472693e-23 0.
1531394787 1 692.58605957 0. 4.61947761724e-23 0.
1531394847 1 693.139465332 0. 4.6262967069e-23 0.
1531394907 1 689.154846191 0. 4.6033684287e-23 0.
1531394967 1 688.306152344 0. 4.60079610751e-23 0.
1531395028 1 698.282714844 0. 4.67087232071e-23 0.
1531395088 1 696.876464844 0. 4.66499303909e-23 0.
1531395148 1 697.18182373 0. 4.67024958468e-23 0.
1531395208 1 700.416809082 0. 4.6949511491e-23 0.
1531395268 1 685.158081055 0. 4.59640317385e-23 0.
1531395328 1 704.065551758 0. 4.72598784427e-23 0.
1531395389 1 703.891296387 0. 4.72850154704e-23 0.
1531395449 1 703.202331543 0. 4.72720751038e-23 0.
1531395509 1 705.546081543 0. 4.7465413305e-23 0.
1531395569 1 691.950805664 0. 4.6587520011e-23 0.
1531395629 1 698.01159668 0. 4.7028161223e-23 0.
1531395689 1 697.434326172 0. 4.70205834943e-23 0.
1531395750 1 699.10925293 0. 4.71672969182e-23 0.
1531395810 1 699.015258789 0. 4.71940902179e-23 0.
1531395870 1 697.914855957 0. 4.715422629e-23 0.
1531395930 1 699.613586426 0. 4.73014736445e-23 0.
1531395990 1 692.088989258 0. 4.68294298093e-23 0.
1531396050 1 703.814025879 0. 4.76544374961e-23 0.
1531396110 1 698.647521973 0. 4.7338981605e-23 0.
1531396170 1 702.552429199 0. 4.7636838193e-23 0.
1531396231 1 700.650817871 0. 4.75413850682e-23 0.
1531396291 1 681.899353027 0. 4.65436952954e-23 0.
1531396351 1 0.121819794178 0. 0.0 0.
1531396412 1 0.119812741876 0. 0.0 0.
1531396472 1 0.118943840265 0. 0.0 0.
1531396532 1 0.0 0. 0.0 0.
1531398336 1 0.0 0. 0.0 0.
