1531866493 1 7226.60693359 0. 6.39923577719e-22 0.
1531866528 1 7213.04638672 0. 6.39996138864e-22 0.
1531866554 1 7203.17675781 0. 6.40384847279e-22 0.
1531866597 1 7177.51416016 0. 6.40089712364e-22 0.
1531866650 1 7163.70703125 0. 6.41272616229e-22 0.
1531866710 1 7141.58496094 0. 6.41952717803e-22 0.
1531866770 1 7120.08642578 0. 6.42513415338e-22 0.
1531866830 1 7104.36914062 0. 6.43127450009e-22 0.
1531866891 1 7072.82421875 0. 6.42624963577e-22 0.
1531866926 1 7065.58154297 0. 6.42936282394e-22 0.
1531866961 1 7058.03173828 0. 6.4335452378e-22 0.
1531867021 1 7049.30273438 0. 6.44397669693e-22 0.
1531867081 1 7054.30224609 0. 6.4687186324e-22 0.
1531867142 1 6994.48242188 0. 6.43413591252e-22 0.
1531867177 1 6983.8671875 0. 6.43575865664e-22 0.
1531867212 1 6969.62451172 0. 6.43399536081e-22 0.
1531867272 1 6950.23242188 0. 6.43393318432e-22 0.
1531867332 1 6923.30566406 0. 6.4275555199e-22 0.
1531867392 1 6877.16357422 0. 6.40404071488e-22 0.
1531867438 1 6851.46435547 0. 6.39438225455e-22 0.
1531867468 1 6853.73242188 0. 6.40604717416e-22 0.
1531867514 1 6853.70605469 0. 6.41970652161e-22 0.
1531867574 1 6849.04589844 0. 6.43341852374e-22 0.
1531867634 1 6845.90625 0. 6.4482846315e-22 0.
1531867669 1 6841.75488281 0. 6.45430896178e-22 0.
1531867704 1 6823.91992188 0. 6.44748618187e-22 0.
1531867764 1 6666.04052734 0. 6.31451061709e-22 0.
1531867824 1 6584.35595703 0. 6.25260080883e-22 0.
1531867885 1 6588.90332031 0. 6.27294036992e-22 0.
1531867945 1 6577.16113281 0. 6.27851600717e-22 0.
1531868005 1 6529.97070312 0. 6.24942101984e-22 0.
1531868065 1 6505.70996094 0. 6.24134532348e-22 0.
1531868125 1 6334.63818359 0. 6.091541982e-22 0.
1531868185 1 6291.89404297 0. 6.0658175323e-22 0.
1531868245 1 6592.27294922 0. 6.36875355064e-22 0.
1531868306 1 6828.25097656 0. 6.61235935244e-22 0.
1531868366 1 6815.47216797 0. 6.61584934915e-22 0.
1531868426 1 6803.37207031 0. 6.61943844617e-22 0.
1531868487 1 6811.64941406 0. 6.64229397722e-22 0.
1531868547 1 6795.52099609 0. 6.64116209356e-22 0.
1531868607 1 6781.29980469 0. 6.64173024759e-22 0.
1531868667 1 6766.34521484 0. 6.64126793015e-22 0.
1531868708 1 6754.74658203 0. 6.63919909851e-22 0.
1531868750 1 6744.56054688 0. 6.6389073364e-22 0.
1531868810 1 6724.25878906 0. 6.63260625597e-22 0.
1531868870 1 6713.89697266 0. 6.63581467781e-22 0.
1531868930 1 6705.26611328 0. 6.64088931994e-22 0.
1531868990 1 6706.59619141 0. 6.65586027214e-22 0.
1531869050 1 6687.01367188 0. 6.64979571788e-22 0.
1531869111 1 6669.15087891 0. 6.64505634124e-22 0.
1531869146 1 6660.93603516 0. 6.6438619927e-22 0.
1531869181 1 6650.29345703 0. 6.64123716889e-22 0.
1531869241 1 6635.01464844 0. 6.6389345386e-22 0.
1531869301 1 6619.65869141 0. 6.63625344993e-22 0.
1531869361 1 6603.34716797 0. 6.63239372063e-22 0.
1531869422 1 6589.28710938 0. 6.63081872616e-22 0.
1531869482 1 6571.96875 0. 6.62594737042e-22 0.
1531869542 1 6549.69824219 0. 6.61549844958e-22 0.
1531869602 1 6545.76367188 0. 6.62341482315e-22 0.
1531869662 1 6541.18066406 0. 6.6312238478e-22 0.
1531869722 1 6512.77636719 0. 6.61455767105e-22 0.
1531869782 1 6509.87109375 0. 6.6235700223e-22 0.
1531869842 1 6491.04101562 0. 6.61634643608e-22 0.
1531869903 1 6474.88378906 0. 6.61184912873e-22 0.
1531869963 1 6460.14941406 0. 6.60851464694e-22 0.
1531870023 1 6440.54248047 0. 6.60002880179e-22 0.
1531870083 1 6426.92822266 0. 6.59740212539e-22 0.
1531870143 1 6415.29882812 0. 6.59670086051e-22 0.
1531870203 1 6402.71240234 0. 6.59516158246e-22 0.
1531870263 1 6380.33886719 0. 6.58346197209e-22 0.
1531870324 1 6377.31542969 0. 6.59156943971e-22 0.
1531870380 1 6356.35302734 0. 6.58054992036e-22 0.
1531870438 1 6363.48681641 0. 6.59831803886e-22 0.
1531870498 1 6345.96240234 0. 6.59096630846e-22 0.
1531870558 1 6330.64355469 0. 6.58617249497e-22 0.
1531870618 1 6319.22802734 0. 6.58540198098e-22 0.
1531870678 1 6297.64648438 0. 6.57381313065e-22 0.
1531870738 1 6278.55419922 0. 6.56471242927e-22 0.
1531870798 1 6275.17431641 0. 6.57149759927e-22 0.
1531870859 1 6263.98095703 0. 6.57051615334e-22 0.
1531870919 1 6252.23730469 0. 6.56869744105e-22 0.
1531870979 1 6237.46533203 0. 6.56390530418e-22 0.
1531871039 1 6218.22070312 0. 6.55410298728e-22 0.
1531871099 1 6209.49414062 0. 6.55551051437e-22 0.
1531871159 1 6170.72998047 0. 6.52489841003e-22 0.
1531871219 1 6029.60253906 0. 6.38575836651e-22 0.
1531871280 1 5796.50341797 0. 6.14894345728e-22 0.
1531871340 1 6186.04541016 0. 6.57153655406e-22 0.
1531871400 1 6244.27929688 0. 6.64398918902e-22 0.
1531871460 1 6237.65527344 0. 6.64729895101e-22 0.
1531871520 1 6225.40380859 0. 6.64426466117e-22 0.
1531871580 1 6212.12597656 0. 6.64036422338e-22 0.
1531871641 1 6219.25585938 0. 6.65827165483e-22 0.
1531871701 1 6214.06201172 0. 6.66305600998e-22 0.
1531871761 1 6202.0234375 0. 6.66021647914e-22 0.
1531871818 1 6190.34521484 0. 6.65770490197e-22 0.
1531871875 1 6182.34570312 0. 6.65902339113e-22 0.
1531871935 1 6168.99414062 0. 6.65502044053e-22 0.
1531871996 1 6158.36572266 0. 6.6535401551e-22 0.
1531872056 1 6146.33105469 0. 6.65061613227e-22 0.
1531872116 1 6136.28417969 0. 6.64983305068e-22 0.
1531872176 1 6120.72509766 0. 6.64279115841e-22 0.
1531872236 1 6115.21728516 0. 6.64680085069e-22 0.
1531872296 1 6117.77050781 0. 6.65947970435e-22 0.
1531872357 1 6113.47314453 0. 6.6651496356e-22 0.
1531872417 1 6101.79150391 0. 6.66254289071e-22 0.
1531872477 1 6090.41064453 0. 6.65988821082e-22 0.
1531872537 1 6078.81835938 0. 6.65723046377e-22 0.
1531872597 1 6066.24365234 0. 6.65364578114e-22 0.
1531872657 1 6055.22753906 0. 6.65154079982e-22 0.
1531872717 1 6045.48046875 0. 6.65084955457e-22 0.
1531872778 1 6034.21582031 0. 6.64864121678e-22 0.
1531872838 1 6024.30224609 0. 6.64761356155e-22 0.
1531872898 1 6013.42822266 0. 6.64509747759e-22 0.
1531872958 1 6000.89257812 0. 6.64089717683e-22 0.
1531873018 1 5989.52636719 0. 6.63812524512e-22 0.
1531873078 1 5981.57568359 0. 6.63919291394e-22 0.
1531873138 1 5971.15722656 0. 6.63766382682e-22 0.
1531873198 1 5960.11865234 0. 6.63474605217e-22 0.
1531873259 1 5966.83886719 0. 6.65200686359e-22 0.
1531873319 1 5957.98291016 0. 6.65158815959e-22 0.
1531873379 1 5945.01660156 0. 6.64686854689e-22 0.
1531873439 1 5932.98730469 0. 6.64300799126e-22 0.
1531873499 1 5920.97705078 0. 6.63914650409e-22 0.
1531873559 1 5910.72119141 0. 6.6371095929e-22 0.
1531873619 1 5900.82763672 0. 6.63582286126e-22 0.
1531873679 1 5889.87890625 0. 6.63291024643e-22 0.
1531873722 1 5877.11279297 0. 6.62533778648e-22 0.
1531873765 1 5870.05712891 0. 6.62414029014e-22 0.
1531873825 1 5854.78076172 0. 6.61685323855e-22 0.
1531873885 1 5851.02001953 0. 6.62207769487e-22 0.
1531873946 1 5834.63916016 0. 6.61281478944e-22 0.
1531874006 1 5824.31152344 0. 6.61009123387e-22 0.
1531874066 1 5816.48339844 0. 6.61042842303e-22 0.
1531874126 1 5802.03417969 0. 6.60367996237e-22 0.
1531874186 1 5797.65576172 0. 6.60813663995e-22 0.
1531874224 1 5790.90429688 0. 6.60607718464e-22 0.
1531874261 1 5785.34765625 0. 6.60569813583e-22 0.
1531874321 1 5779.18505859 0. 6.60795722334e-22 0.
1531874381 1 5785.56738281 0. 6.62465005686e-22 0.
1531874441 1 5769.70947266 0. 6.61574772792e-22 0.
1531874500 1 5758.21679688 0. 6.61147204103e-22 0.
1531874536 1 5734.97753906 0. 6.59000454112e-22 0.
1531874574 1 5754.15429688 0. 6.61791464716e-22 0.
1531874634 1 5738.51171875 0. 6.6094647858e-22 0.
1531874694 1 5729.21630859 0. 6.6080333721e-22 0.
1531874754 1 5723.1171875 0. 6.60992314169e-22 0.
1531874814 1 5715.79150391 0. 6.61069634785e-22 0.
1531874875 1 5706.56787109 0. 6.60909424255e-22 0.
1531874935 1 5698.42138672 0. 6.60856044436e-22 0.
1531874995 1 5684.48681641 0. 6.60150788572e-22 0.
1531875049 1 5671.65429688 0. 6.5947222799e-22 0.
1531875104 1 5666.19970703 0. 6.59674353946e-22 0.
1531875164 1 5668.68066406 0. 6.60866201827e-22 0.
1531875224 1 5650.30078125 0. 6.59646720506e-22 0.
1531875284 1 5645.72509766 0. 6.60019608304e-22 0.
1531875344 1 5646.76318359 0. 6.61017850925e-22 0.
1531875404 1 5651.92041016 0. 6.62520805818e-22 0.
1531875464 1 5633.26171875 0. 6.61273033137e-22 0.
1531875524 1 5625.82519531 0. 6.61303218191e-22 0.
1531875585 1 5612.96191406 0. 6.60683239917e-22 0.
1531875645 1 5607.45361328 0. 6.60935509496e-22 0.
1531875705 1 5601.09619141 0. 6.61088114829e-22 0.
1531875765 1 5593.39990234 0. 6.61086493459e-22 0.
1531875825 1 5580.83984375 0. 6.60461217986e-22 0.
1531875885 1 5574.15673828 0. 6.60562410499e-22 0.
1531875922 1 5569.88867188 0. 6.60593179752e-22 0.
1531875958 1 5557.18261719 0. 6.59672956548e-22 0.
1531876018 1 5559.31591797 0. 6.60830771598e-22 0.
1531876078 1 5545.90380859 0. 6.6011684194e-22 0.
1531876138 1 5536.20166016 0. 6.59855104757e-22 0.
1531876198 1 5528.95849609 0. 6.59850888568e-22 0.
1531876259 1 5519.04931641 0. 6.59521310809e-22 0.
1531876319 1 5514.265625 0. 6.59851405258e-22 0.
1531876379 1 5506.77929688 0. 6.5985473842e-22 0.
1531876439 1 5498.29394531 0. 6.5972519695e-22 0.
1531876499 1 5493.04931641 0. 6.59970533563e-22 0.
1531876559 1 5489.35791016 0. 6.60355697608e-22 0.
1531876620 1 5493.4609375 0. 6.61772407911e-22 0.
1531876680 1 5484.84375 0. 6.61607960415e-22 0.
1531876740 1 5475.50537109 0. 6.61359942006e-22 0.
1531876800 1 5465.35302734 0. 6.61013920316e-22 0.
1531876860 1 5449.37304688 0. 6.5992131531e-22 0.
1531876920 1 5433.40234375 0. 6.58875470216e-22 0.
1531876980 1 5427.20166016 0. 6.58984567997e-22 0.
1531877040 1 5416.71337891 0. 6.58587546261e-22 0.
1531877101 1 5410.24023438 0. 6.58642308543e-22 0.
1531877161 1 5394.05273438 0. 6.57545188861e-22 0.
1531877221 1 5396.16015625 0. 6.58667175843e-22 0.
1531877281 1 5381.39794922 0. 6.57736182212e-22 0.
1531877341 1 5375.24121094 0. 6.57859763555e-22 0.
1531877380 1 5371.58447266 0. 6.57959777644e-22 0.
1531877420 1 5365.04296875 0. 6.57754683829e-22 0.
1531877480 1 5358.99853516 0. 6.57903016353e-22 0.
1531877540 1 5347.45507812 0. 6.57316840802e-22 0.
1531877600 1 5339.46289062 0. 6.57178453497e-22 0.
1531877660 1 5326.85302734 0. 6.56494372354e-22 0.
1531877721 1 5329.47314453 0. 6.57643691286e-22 0.
1531877781 1 5332.39892578 0. 6.58860106612e-22 0.
1531877841 1 5197.27783203 0. 6.43011439566e-22 0.
1531877901 1 5032.17578125 0. 6.23415791763e-22 0.
1531877961 1 5332.92919922 0. 6.61450271444e-22 0.
1531878021 1 5340.72607422 0. 6.63103555345e-22 0.
1531878081 1 5334.92138672 0. 6.63140032585e-22 0.
1531878141 1 5327.57128906 0. 6.62847361814e-22 0.
1531878202 1 5318.18310547 0. 6.62322732949e-22 0.
1531878262 1 5322.04248047 0. 6.63547686965e-22 0.
1531878322 1 5306.875 0. 6.62351452426e-22 0.
1531878382 1 5295.66162109 0. 6.61777544076e-22 0.
1531878442 1 5278.12548828 0. 6.60448287781e-22 0.
1531878502 1 5262.75 0. 6.5937001415e-22 0.
1531878562 1 5250.71386719 0. 6.58731695832e-22 0.
1531878622 1 5242.14160156 0. 6.58521402991e-22 0.
1531878683 1 5233.36376953 0. 6.58258365475e-22 0.
1531878726 1 4146.49365234 0. 5.23470441808e-22 0.
1531878771 1 0.0624336339533 0. 5.21424627517e-23 0.
