1532030359 1 18498.6269531 0. 6.29602903841e-22 0.
1532030407 1 18447.3496094 0. 6.28850446048e-22 0.
1532030429 1 18392.9101562 0. 6.27507390092e-22 0.
1532030465 1 18321.0175781 0. 6.26116973268e-22 0.
1532030503 1 18244.5800781 0. 6.2444956185e-22 0.
1532030541 1 18215.3027344 0. 6.245486501e-22 0.
1532030601 1 18162.4179688 0. 6.24416734796e-22 0.
1532030661 1 18143.8496094 0. 6.25392345755e-22 0.
1532030721 1 18002.6777344 0. 6.22236454395e-22 0.
1532030782 1 17945.9316406 0. 6.21903312807e-22 0.
1532030842 1 17865.8515625 0. 6.20686029412e-22 0.
1532030902 1 17656.9765625 0. 6.14891352095e-22 0.
1532030962 1 16776.078125 0. 5.85647609079e-22 0.
1532031022 1 17224.5332031 0. 6.0265598774e-22 0.
1532031057 1 18040.4296875 0. 6.31881436604e-22 0.
1532031092 1 18032.6542969 0. 6.32489475779e-22 0.
1532031153 1 17983.0742188 0. 6.32143707155e-22 0.
1532031213 1 17935.4277344 0. 6.31841357905e-22 0.
1532031273 1 17879.1757812 0. 6.31176909904e-22 0.
1532031321 1 17832.8867188 0. 6.30586908478e-22 0.
1532031369 1 17787.6113281 0. 6.30002159333e-22 0.
1532031429 1 17757.0703125 0. 6.30214427342e-22 0.
1532031489 1 17695.7558594 0. 6.29296497494e-22 0.
1532031549 1 17656.1777344 0. 6.29088439633e-22 0.
1532031609 1 17602.5488281 0. 6.28347883665e-22 0.
1532031669 1 17539.1953125 0. 6.27286508627e-22 0.
1532031730 1 17533.765625 0. 6.28279036554e-22 0.
1532031790 1 17635.9570312 0. 6.33153540229e-22 0.
1532031850 1 17605.9667969 0. 6.33312973011e-22 0.
1532031910 1 17550.203125 0. 6.32489982682e-22 0.
1532031970 1 17514.734375 0. 6.32391192611e-22 0.
1532032030 1 17487.4453125 0. 6.32567625144e-22 0.
1532032085 1 17449.7695312 0. 6.32256960788e-22 0.
1532032140 1 17409.0703125 0. 6.31874402799e-22 0.
1532032200 1 17364.4003906 0. 6.31416816492e-22 0.
1532032260 1 17322.5 0. 6.31004381917e-22 0.
1532032321 1 17280.5 0. 6.30580467041e-22 0.
1532032377 1 17226.2832031 0. 6.29636701314e-22 0.
1532032434 1 17185.3320312 0. 6.2917723049e-22 0.
1532032494 1 17146.2539062 0. 6.28842759844e-22 0.
1532032554 1 17085.9277344 0. 6.27738910519e-22 0.
1532032614 1 17027.9160156 0. 6.26654678248e-22 0.
1532032675 1 16976.3476562 0. 6.25828352721e-22 0.
1532032728 1 16943.5 0. 6.25544559849e-22 0.
1532032781 1 16960.2480469 0. 6.27093364692e-22 0.
1532032841 1 16896.5527344 0. 6.25793967316e-22 0.
1532032901 1 16861.6582031 0. 6.25602046777e-22 0.
1532032961 1 16815.0039062 0. 6.24902759412e-22 0.
1532033022 1 16728.4121094 0. 6.227185828e-22 0.
1532033082 1 16411.7773438 0. 6.1198664096e-22 0.
1532033142 1 14560.5439453 0. 5.44083373915e-22 0.
1532033202 1 17078.03125 0. 6.38877188278e-22 0.
1532033262 1 17064.9140625 0. 6.39437055105e-22 0.
1532033322 1 17019.4433594 0. 6.3879120035e-22 0.
1532033382 1 16988.1757812 0. 6.38657870055e-22 0.
1532033442 1 16955.9882812 0. 6.38498844412e-22 0.
1532033503 1 16902.0214844 0. 6.37470625132e-22 0.
1532033563 1 16881.8769531 0. 6.37781320181e-22 0.
1532033623 1 16917.3164062 0. 6.40197327215e-22 0.
1532033683 1 16874.6621094 0. 6.39632997056e-22 0.
1532033743 1 16829.5957031 0. 6.38935804115e-22 0.
1532033803 1 16794.5234375 0. 6.38647048505e-22 0.
1532033863 1 16756.4023438 0. 6.38202263691e-22 0.
1532033899 1 16740.28125 0. 6.3817445636e-22 0.
1532033934 1 16706.4804688 0. 6.37524300067e-22 0.
1532033994 1 16667.4082031 0. 6.37049287099e-22 0.
1532034054 1 16637.1054688 0. 6.36905132654e-22 0.
1532034114 1 16606.7207031 0. 6.36736448478e-22 0.
1532034174 1 16575.0625 0. 6.36515814694e-22 0.
1532034234 1 16555.4589844 0. 6.36809916407e-22 0.
1532034295 1 16502.5644531 0. 6.35761627476e-22 0.
1532034343 1 16469.7734375 0. 6.3528006783e-22 0.
1532034391 1 16428.2089844 0. 6.34485358309e-22 0.
1532034451 1 16462.546875 0. 6.36803274646e-22 0.
1532034511 1 16437.5898438 0. 6.36834903775e-22 0.
1532034571 1 16392.6582031 0. 6.36116001515e-22 0.
1532034631 1 16363.2880859 0. 6.36011240664e-22 0.
1532034692 1 16327.4404297 0. 6.35565064981e-22 0.
1532034752 1 16300.2509766 0. 6.35484106237e-22 0.
1532034812 1 16268.5146484 0. 6.3523424981e-22 0.
1532034872 1 16229.5839844 0. 6.34699781633e-22 0.
1532034932 1 16191.2490234 0. 6.34169147652e-22 0.
1532034992 1 16126.4130859 0. 6.32623780109e-22 0.
1532035052 1 16090.6308594 0. 6.32184619457e-22 0.
1532035112 1 16083.1982422 0. 6.32848642852e-22 0.
1532035173 1 16060.9482422 0. 6.32961226594e-22 0.
1532035233 1 16036.3935547 0. 6.32976638814e-22 0.
1532035293 1 16012.8310547 0. 6.33102316091e-22 0.
1532035332 1 16042.8916016 0. 6.3488425126e-22 0.
1532035371 1 16009.6816406 0. 6.3423276264e-22 0.
1532035432 1 15974.5351562 0. 6.33807894857e-22 0.
1532035492 1 15885.4511719 0. 6.31209518797e-22 0.
1532035552 1 15852.6074219 0. 6.30822767687e-22 0.
1532035593 1 15834.6064453 0. 6.30764355952e-22 0.
1532035635 1 15851.8183594 0. 6.3212260679e-22 0.
1532035695 1 15817.8652344 0. 6.3168421957e-22 0.
1532035733 1 15805.9648438 0. 6.31757028296e-22 0.
1532035771 1 15782.3564453 0. 6.31451082475e-22 0.
1532035831 1 15737.8046875 0. 6.30604824896e-22 0.
1532035891 1 15696.109375 0. 6.2984494045e-22 0.
1532035951 1 15650.2314453 0. 6.28958009159e-22 0.
1532036012 1 15598.5791016 0. 6.27764345139e-22 0.
1532036072 1 15559.6113281 0. 6.27097671184e-22 0.
1532036126 1 15519.0136719 0. 6.26300970328e-22 0.
1532036180 1 15481.5693359 0. 6.25600779294e-22 0.
1532036240 1 15445.2148438 0. 6.25022302892e-22 0.
1532036300 1 15447.6708984 0. 6.26049312244e-22 0.
1532036361 1 15438.4140625 0. 6.2662831409e-22 0.
1532036421 1 15418.8095703 0. 6.26757814386e-22 0.
1532036481 1 15405.265625 0. 6.27097504711e-22 0.
1532036541 1 15381.7617188 0. 6.27040628717e-22 0.
1532036601 1 15337.0683594 0. 6.2612785787e-22 0.
1532036661 1 15320.8310547 0. 6.2634854343e-22 0.
1532036722 1 15269.7216797 0. 6.25156457305e-22 0.
1532036782 1 15205.8203125 0. 6.23468517203e-22 0.
1532036842 1 15164.4326172 0. 6.2266390547e-22 0.
1532036902 1 15143.9765625 0. 6.22719832809e-22 0.
1532036962 1 15098.8095703 0. 6.2177370047e-22 0.
1532037022 1 15093.7607422 0. 6.22456508873e-22 0.
1532037082 1 15034.4404297 0. 6.20912049894e-22 0.
1532037118 1 15019.1259766 0. 6.20788043229e-22 0.
1532037153 1 15003.2900391 0. 6.20700873885e-22 0.
1532037213 1 14977.8193359 0. 6.20502323772e-22 0.
1532037273 1 14951.5185547 0. 6.20316249127e-22 0.
1532037334 1 14958.4716797 0. 6.21489968238e-22 0.
1532037394 1 14901.7646484 0. 6.19993059922e-22 0.
1532037454 1 14571.5039062 0. 6.07128322572e-22 0.
1532037514 1 14035.6835938 0. 5.8569176879e-22 0.
1532037574 1 15185.2070312 0. 6.34486825702e-22 0.
1532037634 1 15158.7578125 0. 6.34309422515e-22 0.
1532037671 1 8515.31738281 0. 3.58727126541e-22 0.
1532037707 1 0.238531261683 0. 0.0 0.
