1532284337 1 19054.9941406 0. 6.25021807782e-22 0.
1532284380 1 19012.0488281 0. 6.24621649976e-22 0.
1532284400 1 18961.6757812 0. 6.23491235244e-22 0.
1532284438 1 18914.40625 0. 6.23153754215e-22 0.
1532284498 1 18864.421875 0. 6.22948272613e-22 0.
1532284558 1 18764.9570312 0. 6.21037339507e-22 0.
1532284618 1 18830.3730469 0. 6.24812762098e-22 0.
1532284653 1 18754.3847656 0. 6.2302346399e-22 0.
1532284688 1 18674.4726562 0. 6.21419997503e-22 0.
1532284749 1 18595.9707031 0. 6.20401724925e-22 0.
1532284809 1 18516.4726562 0. 6.19288084057e-22 0.
1532284869 1 18422.0058594 0. 6.17718011633e-22 0.
1532284904 1 18376.5 0. 6.1706405391e-22 0.
1532284925 1 18341.3847656 0. 6.16407182054e-22 0.
1532284970 1 18332.2207031 0. 6.17122236782e-22 0.
1532285031 1 18259.5390625 0. 6.16091891522e-22 0.
1532285091 1 18233.4707031 0. 6.16526175401e-22 0.
1532285151 1 18154.0507812 0. 6.15077546125e-22 0.
1532285211 1 18086.2910156 0. 6.13850832951e-22 0.
1532285271 1 18024.2890625 0. 6.12781006978e-22 0.
1532285331 1 17824.2695312 0. 6.07005555837e-22 0.
1532285392 1 16647.8066406 0. 5.68103795385e-22 0.
1532285452 1 17855.0117188 0. 6.10091966427e-22 0.
1532285512 1 18377.3457031 0. 6.28964825773e-22 0.
1532285547 1 18361.6367188 0. 6.28994720912e-22 0.
1532285561 1 18351.5566406 0. 6.28920753177e-22 0.
1532285581 1 18324.5878906 0. 6.28304685464e-22 0.
1532285598 1 18296.9414062 0. 6.27661097235e-22 0.
1532285617 1 18289.6113281 0. 6.2778344046e-22 0.
1532285660 1 18346.1738281 0. 6.30462623982e-22 0.
1532285720 1 18262.6660156 0. 6.28647419271e-22 0.
1532285780 1 18236.125 0. 6.28818364301e-22 0.
1532285824 1 18185.8339844 0. 6.27818729139e-22 0.
1532285863 1 18164.8652344 0. 6.27759454728e-22 0.
1532285910 1 18201.0703125 0. 6.29802829923e-22 0.
1532285962 1 18147.4375 0. 6.28844059299e-22 0.
1532286003 1 18105.2246094 0. 6.28057799451e-22 0.
1532286044 1 18080.4042969 0. 6.27949136013e-22 0.
1532286104 1 18034.0195312 0. 6.27355308656e-22 0.
1532286164 1 17992.3574219 0. 6.26904605629e-22 0.
1532286224 1 17940.2304688 0. 6.26089368884e-22 0.
1532286284 1 17897.7558594 0. 6.25572067431e-22 0.
1532286345 1 17844.5117188 0. 6.2473809107e-22 0.
1532286405 1 17796.5332031 0. 6.24024702435e-22 0.
1532286445 1 17751.8789062 0. 6.23106821659e-22 0.
1532286471 1 17746.3554688 0. 6.23344087851e-22 0.
1532286515 1 17732.3496094 0. 6.23584827082e-22 0.
1532286576 1 17663.8535156 0. 6.22136943516e-22 0.
1532286636 1 17633.5820312 0. 6.22019175658e-22 0.
1532286696 1 17637.59375 0. 6.23110544425e-22 0.
1532286756 1 17580.0761719 0. 6.22055413865e-22 0.
1532286816 1 17531.3378906 0. 6.2129489123e-22 0.
1532286876 1 17481.5683594 0. 6.20458583534e-22 0.
1532286924 1 17463.0175781 0. 6.2054093382e-22 0.
1532286971 1 17444.0644531 0. 6.20636278833e-22 0.
1532287031 1 17415.1855469 0. 6.20538020233e-22 0.
1532287091 1 17366.5507812 0. 6.19804072004e-22 0.
1532287151 1 17316.5332031 0. 6.18926581024e-22 0.
1532287212 1 17299.25 0. 6.19266831642e-22 0.
1532287272 1 17248.0742188 0. 6.1836659152e-22 0.
1532287332 1 17204.1542969 0. 6.17736732247e-22 0.
1532287392 1 17158.8105469 0. 6.17023760953e-22 0.
1532287452 1 17109.7363281 0. 6.16195816164e-22 0.
1532287512 1 17047.0488281 0. 6.14843745204e-22 0.
1532287572 1 17020.4980469 0. 6.14800317436e-22 0.
1532287633 1 17013.3105469 0. 6.15444606752e-22 0.
1532287693 1 16953.6972656 0. 6.14227473794e-22 0.
1532287740 1 16906.3964844 0. 6.13235743206e-22 0.
1532287788 1 16876.7382812 0. 6.12882777244e-22 0.
1532287823 1 16862.515625 0. 6.12869061185e-22 0.
1532287858 1 16858.7675781 0. 6.13326359841e-22 0.
1532287919 1 16796.1015625 0. 6.11936315509e-22 0.
1532287979 1 16759.9394531 0. 6.1151673593e-22 0.
1532288039 1 16691.4082031 0. 6.09908232224e-22 0.
1532288099 1 16666.9667969 0. 6.09901691513e-22 0.
1532288159 1 16632.0664062 0. 6.09538468145e-22 0.
1532288219 1 16626.6210938 0. 6.10246792631e-22 0.
1532288279 1 16596.6015625 0. 6.10020923856e-22 0.
1532288340 1 16546.5214844 0. 6.09061740421e-22 0.
1532288400 1 16490.0722656 0. 6.07870038656e-22 0.
1532288460 1 16427.3300781 0. 6.06390724418e-22 0.
1532288520 1 16409.0273438 0. 6.06608660173e-22 0.
1532288580 1 16076.2734375 0. 5.95168390557e-22 0.
1532288640 1 15481.1738281 0. 5.74157959784e-22 0.
1532288700 1 16304.7226562 0. 6.05333658646e-22 0.
1532288760 1 16908.8671875 0. 6.28678763474e-22 0.
1532288821 1 16875.765625 0. 6.28358165517e-22 0.
1532288881 1 16840.8554688 0. 6.28006450348e-22 0.
1532288941 1 16814.3730469 0. 6.27928557637e-22 0.
1532289001 1 16786.4335938 0. 6.27769446017e-22 0.
1532289061 1 16752.6152344 0. 6.27419893052e-22 0.
1532289121 1 16715.7871094 0. 6.26970560036e-22 0.
1532289181 1 16680.9375 0. 6.26559610299e-22 0.
1532289241 1 16653.6269531 0. 6.26464327315e-22 0.
1532289302 1 16629.1445312 0. 6.26459411168e-22 0.
1532289362 1 16597.4355469 0. 6.26160059557e-22 0.
1532289422 1 16565.4257812 0. 6.25877870895e-22 0.
1532289482 1 16550.3222656 0. 6.26203601612e-22 0.
1532289542 1 16569.6328125 0. 6.27849609863e-22 0.
1532289602 1 16529.8535156 0. 6.27270988729e-22 0.
1532289662 1 16476.6386719 0. 6.26153855758e-22 0.
1532289713 1 16452.9433594 0. 6.26003011906e-22 0.
1532289762 1 16428.5 0. 6.25813679451e-22 0.
1532289820 1 16387.4746094 0. 6.2509778135e-22 0.
1532289880 1 16360.6386719 0. 6.24986070987e-22 0.
1532289941 1 16350.1953125 0. 6.25467009633e-22 0.
1532290001 1 16322.7724609 0. 6.25318816215e-22 0.
1532290061 1 16296.0087891 0. 6.25194397977e-22 0.
1532290121 1 16273.3808594 0. 6.25226368561e-22 0.
1532290181 1 16239.2138672 0. 6.24808948988e-22 0.
1532290242 1 16213.7734375 0. 6.2471216234e-22 0.
1532290302 1 16189.9404297 0. 6.24660747624e-22 0.
1532290362 1 16167.6982422 0. 6.24665047308e-22 0.
1532290422 1 16175.9443359 0. 6.25890589962e-22 0.
1532290482 1 16174.6347656 0. 6.26727487141e-22 0.
1532290542 1 16141.6708984 0. 6.26324308045e-22 0.
1532290603 1 16114.7509766 0. 6.26133784893e-22 0.
1532290663 1 16090.3144531 0. 6.2606591057e-22 0.
1532290723 1 16059.2802734 0. 6.25730167594e-22 0.
1532290783 1 16021.1435547 0. 6.2518876093e-22 0.
1532290821 1 16014.8720703 0. 6.25479689607e-22 0.
1532290859 1 15987.3955078 0. 6.24994551463e-22 0.
1532290919 1 15961.5644531 0. 6.24829499265e-22 0.
1532290979 1 15928.2402344 0. 6.24440908748e-22 0.
1532291039 1 15898.8310547 0. 6.24169255551e-22 0.
1532291099 1 15879.3662109 0. 6.2428643296e-22 0.
1532291160 1 15854.2636719 0. 6.24174243614e-22 0.
1532291220 1 15820.8144531 0. 6.23730742089e-22 0.
1532291280 1 15789.8603516 0. 6.23382074449e-22 0.
1532291340 1 15769.3349609 0. 6.23452199595e-22 0.
1532291400 1 15748.15625 0. 6.23474321967e-22 0.
1532291460 1 15763.0585938 0. 6.24940459483e-22 0.
1532291520 1 15739.6640625 0. 6.24917345509e-22 0.
1532291581 1 15723.9580078 0. 6.25151777301e-22 0.
1532291641 1 15696.4902344 0. 6.24950059431e-22 0.
1532291701 1 15659.0546875 0. 6.24344604742e-22 0.
1532291761 1 15632.6113281 0. 6.24138225651e-22 0.
1532291821 1 15600.0664062 0. 6.237575876e-22 0.
1532291881 1 15580.0917969 0. 6.23848507473e-22 0.
1532291941 1 15547.5986328 0. 6.23430052592e-22 0.
1532292002 1 15528.6503906 0. 6.23534072267e-22 0.
1532292059 1 15491.5703125 0. 6.22872619683e-22 0.
1532292102 1 15481.0839844 0. 6.23052757604e-22 0.
1532292147 1 15465.1933594 0. 6.23088522417e-22 0.
1532292207 1 15428.4482422 0. 6.22514229594e-22 0.
1532292267 1 14922.6357422 0. 6.02967230325e-22 0.
1532292328 1 14730.8271484 0. 5.96063732167e-22 0.
1532292388 1 15366.2646484 0. 6.22584631625e-22 0.
1532292448 1 15305.7734375 0. 6.20994357375e-22 0.
1532292508 1 15299.78125 0. 6.21628456757e-22 0.
1532292568 1 15309.8203125 0. 6.2292306847e-22 0.
1532292628 1 15298.6884766 0. 6.23341095797e-22 0.
1532292688 1 15280.2685547 0. 6.23452813396e-22 0.
1532292748 1 15253.4785156 0. 6.2324865324e-22 0.
1532292809 1 15229.734375 0. 6.23152333975e-22 0.
1532292869 1 15207.15625 0. 6.23113173465e-22 0.
1532292929 1 15171.3662109 0. 6.22493260157e-22 0.
1532292989 1 15149.4306641 0. 6.22481982803e-22 0.
1532293049 1 15112.5146484 0. 6.21820343942e-22 0.
1532293109 1 15092.0625 0. 6.21838423335e-22 0.
1532293169 1 15070.71875 0. 6.21826330712e-22 0.
1532293229 1 15041.7724609 0. 6.21536387522e-22 0.
1532293289 1 15020.2460938 0. 6.2150173845e-22 0.
1532293350 1 14984.4082031 0. 6.20859539706e-22 0.
1532293410 1 14944.21875 0. 6.20037190748e-22 0.
1532293470 1 14919.7089844 0. 6.19880377568e-22 0.
1532293519 1 14972.2216797 0. 6.22775033287e-22 0.
1532293568 1 14946.3955078 0. 6.22415871801e-22 0.
1532293629 1 14915.8632812 0. 6.22047246618e-22 0.
1532293689 1 14893.9560547 0. 6.22006531778e-22 0.
1532293749 1 14861.9423828 0. 6.21556795973e-22 0.
1532293809 1 14842.8974609 0. 6.21629940294e-22 0.
1532293869 1 14819.5302734 0. 6.21482666412e-22 0.
1532293929 1 14781.2636719 0. 6.20743858614e-22 0.
1532293989 1 14760.6064453 0. 6.20738995738e-22 0.
1532294050 1 14723.9306641 0. 6.20035839038e-22 0.
1532294110 1 14690.7929688 0. 6.19486653073e-22 0.
1532294170 1 14663.9394531 0. 6.19222769498e-22 0.
1532294230 1 14636.6601562 0. 6.18967622e-22 0.
1532294290 1 14613.6630859 0. 6.18822437784e-22 0.
1532294350 1 14588.8388672 0. 6.18641071487e-22 0.
1532294410 1 14566.0820312 0. 6.18499012305e-22 0.
1532294471 1 14535.7128906 0. 6.18062984776e-22 0.
1532294509 1 14514.8310547 0. 6.1770810294e-22 0.
1532294547 1 14541.7539062 0. 6.19425658843e-22 0.
1532294607 1 14531.4306641 0. 6.19841458349e-22 0.
1532294668 1 14501.8974609 0. 6.19453790283e-22 0.
1532294728 1 14479.9912109 0. 6.19392097317e-22 0.
1532294788 1 14456.1298828 0. 6.1923454303e-22 0.
1532294848 1 14440.5810547 0. 6.19463349508e-22 0.
1532294908 1 14410.9423828 0. 6.1904310756e-22 0.
1532294968 1 14389.3134766 0. 6.18974654891e-22 0.
1532295029 1 14370.2685547 0. 6.18988676676e-22 0.
1532295089 1 14341.625 0. 6.18622019509e-22 0.
1532295149 1 14319.2363281 0. 6.18497904504e-22 0.
1532295209 1 14294.8828125 0. 6.18296873484e-22 0.
1532295269 1 14261.1933594 0. 6.17695996994e-22 0.
1532295329 1 14235.0742188 0. 6.1740092921e-22 0.
1532295389 1 14192.7265625 0. 6.16406903792e-22 0.
1532295444 1 14162.0292969 0. 6.15845205909e-22 0.
1532295476 1 14150.3027344 0. 6.15758473171e-22 0.
1532295513 1 14146.8828125 0. 6.16135272692e-22 0.
1532295573 1 14148.9619141 0. 6.17077649027e-22 0.
1532295633 1 14174.2041016 0. 6.19034410977e-22 0.
1532295693 1 14132.8037109 0. 6.18086354195e-22 0.
1532295754 1 14114.2412109 0. 6.18143626078e-22 0.
1532295814 1 14084.7333984 0. 6.17703439374e-22 0.
1532295874 1 14057.6074219 0. 6.1735330933e-22 0.
1532295934 1 14033.3789062 0. 6.17190883108e-22 0.
1532295969 1 14027.2207031 0. 6.17465740644e-22 0.
1532296004 1 13995.9287109 0. 6.16598060153e-22 0.
1532296065 1 13997.9130859 0. 6.17534436984e-22 0.
1532296125 1 13960.1337891 0. 6.16700040794e-22 0.
1532296185 1 13933.0048828 0. 6.1632445838e-22 0.
1532296245 1 13902.9912109 0. 6.15835614606e-22 0.
1532296305 1 13876.0917969 0. 6.15493672906e-22 0.
1532296365 1 13853.3193359 0. 6.15337269732e-22 0.
1532296426 1 13830.1601562 0. 6.15138530605e-22 0.
1532296486 1 13799.0839844 0. 6.1461835263e-22 0.
1532296521 1 13777.6875 0. 6.1411659395e-22 0.
1532296556 1 13776.7070312 0. 6.14599610315e-22 0.
1532296616 1 13759.25 0. 6.14645530887e-22 0.
1532296668 1 13745.9638672 0. 6.14777892852e-22 0.
1532296719 1 13754.1425781 0. 6.15870395885e-22 0.
1532296780 1 13710.2753906 0. 6.14764493063e-22 0.
1532296840 1 13685.7128906 0. 6.14507568685e-22 0.
1532296900 1 13671.4912109 0. 6.14707083653e-22 0.
1532296960 1 13658.6494141 0. 6.14955166718e-22 0.
1532297020 1 13645.4658203 0. 6.15192211945e-22 0.
1532297080 1 13620.9414062 0. 6.14938472595e-22 0.
1532297140 1 13605.2958984 0. 6.15087823181e-22 0.
1532297201 1 13578.140625 0. 6.14711514004e-22 0.
1532297236 1 13571.5439453 0. 6.14843952333e-22 0.
1532297271 1 13554.2763672 0. 6.14604802175e-22 0.
1532297331 1 13513.2695312 0. 6.13550825765e-22 0.
1532297392 1 13475.9238281 0. 6.12688873199e-22 0.
1532297452 1 13457.0058594 0. 6.12646581017e-22 0.
1532297512 1 13423.7236328 0. 6.11943094245e-22 0.
1532297572 1 13423.1787109 0. 6.12760009145e-22 0.
1532297632 1 13405.5234375 0. 6.12821808967e-22 0.
1532297692 1 13384.8115234 0. 6.12691624433e-22 0.
1532297753 1 13400.4658203 0. 6.14238165395e-22 0.
1532297813 1 13377.9248047 0. 6.14076942043e-22 0.
1532297873 1 13343.6386719 0. 6.13367100715e-22 0.
1532297933 1 13284.0585938 0. 6.11442226228e-22 0.
1532297993 1 13290.5244141 0. 6.12593873151e-22 0.
1532298053 1 13262.7558594 0. 6.12133982056e-22 0.
1532298113 1 13257.8486328 0. 6.12719976739e-22 0.
1532298173 1 13236.0576172 0. 6.12559258018e-22 0.
1532298234 1 13214.7050781 0. 6.12403016091e-22 0.
1532298294 1 13189.1884766 0. 6.1206047814e-22 0.
1532298354 1 13158.2314453 0. 6.11462035612e-22 0.
1532298414 1 13150.3925781 0. 6.11917841093e-22 0.
1532298474 1 13076.7597656 0. 6.09319787242e-22 0.
1532298534 1 13051.8203125 0. 6.08987298318e-22 0.
1532298595 1 13038.3496094 0. 6.0917615607e-22 0.
1532298655 1 13025.21875 0. 6.09376977979e-22 0.
1532298715 1 13014.7568359 0. 6.09711570804e-22 0.
1532298775 1 12988.9814453 0. 6.09328098408e-22 0.
1532298835 1 12961.3291016 0. 6.08830452406e-22 0.
1532298883 1 12956.1806641 0. 6.09234392603e-22 0.
1532298932 1 12965.6347656 0. 6.1034640255e-22 0.
1532298992 1 12915.0351562 0. 6.08805717495e-22 0.
1532299052 1 12891.0283203 0. 6.08487205677e-22 0.
1532299112 1 12843.9101562 0. 6.07085121874e-22 0.
1532299172 1 12824.3925781 0. 6.06980426148e-22 0.
1532299233 1 12820.1513672 0. 6.07584547642e-22 0.
1532299293 1 12813.4658203 0. 6.08116366954e-22 0.
1532299353 1 12791.2226562 0. 6.07875652584e-22 0.
1532299393 1 12776.2910156 0. 6.07677797986e-22 0.
1532299432 1 12769.3574219 0. 6.07959542634e-22 0.
1532299493 1 12749.96875 0. 6.07820203263e-22 0.
1532299553 1 12723.0107422 0. 6.07367734107e-22 0.
1532299613 1 12713.9511719 0. 6.0775042435e-22 0.
1532299673 1 12666.8886719 0. 6.06285753721e-22 0.
1532299733 1 12628.9628906 0. 6.05305974375e-22 0.
1532299793 1 12585.1083984 0. 6.03987288749e-22 0.
1532299853 1 12615.9013672 0. 6.06261194639e-22 0.
1532299914 1 12590.4492188 0. 6.05834130455e-22 0.
1532299974 1 12505.0761719 0. 6.02528553482e-22 0.
1532300034 1 12318.0410156 0. 5.94352743575e-22 0.
1532300094 1 11972.4677734 0. 5.78524617301e-22 0.
1532300154 1 12791.2636719 0. 6.18881803114e-22 0.
1532300209 1 12778.0986328 0. 6.18970161912e-22 0.
1532300263 1 12769.9863281 0. 6.19305987389e-22 0.
1532300323 1 12785.0732422 0. 6.20885768115e-22 0.
1532300383 1 12765.6875 0. 6.20795123936e-22 0.
1532300443 1 12750.9443359 0. 6.20907114978e-22 0.
1532300503 1 12733.3574219 0. 6.20892856597e-22 0.
1532300563 1 12708.75 0. 6.20550759881e-22 0.
1532300624 1 12686.8613281 0. 6.2031900951e-22 0.
1532300682 1 12667.1425781 0. 6.20185022362e-22 0.
1532300741 1 12655.5605469 0. 6.20437329033e-22 0.
1532300801 1 12630.5556641 0. 6.20067821159e-22 0.
1532300851 1 12606.6503906 0. 6.19605726925e-22 0.
1532300902 1 12588.2548828 0. 6.19405525086e-22 0.
1532300962 1 12562.0966797 0. 6.18933872146e-22 0.
1532301022 1 12547.9882812 0. 6.19053876776e-22 0.
1532301082 1 12527.3037109 0. 6.18866087967e-22 0.
1532301143 1 12513.8125 0. 6.19016302308e-22 0.
1532301203 1 12495.8125 0. 6.18970010776e-22 0.
1532301263 1 12507.1669922 0. 6.20358937699e-22 0.
1532301323 1 12513.0439453 0. 6.21509896433e-22 0.
1532301383 1 12496.2070312 0. 6.21526305393e-22 0.
1532301443 1 12470.8867188 0. 6.21097877411e-22 0.
1532301503 1 12448.9921875 0. 6.20846355783e-22 0.
1532301563 1 12426.1455078 0. 6.20545336882e-22 0.
1532301623 1 12386.8613281 0. 6.19423618801e-22 0.
1532301684 1 12356.8623047 0. 6.18722767734e-22 0.
1532301744 1 12358.3671875 0. 6.19630914006e-22 0.
1532301804 1 12333.5585938 0. 6.19239822907e-22 0.
1532301864 1 12313.9111328 0. 6.19076170981e-22 0.
1532301924 1 12296.9228516 0. 6.19051447484e-22 0.
1532301984 1 12278.3398438 0. 6.18940566447e-22 0.
1532302044 1 12257.8916016 0. 6.18748712945e-22 0.
1532302105 1 12238.8623047 0. 6.18636329752e-22 0.
1532302165 1 12213.921875 0. 6.18178973841e-22 0.
1532302225 1 12200.5996094 0. 6.18353459723e-22 0.
1532302285 1 12181.0576172 0. 6.18189763164e-22 0.
1532302345 1 12159.8193359 0. 6.17928557798e-22 0.
1532302405 1 12150.9072266 0. 6.18329495517e-22 0.
1532302465 1 12171.6582031 0. 6.20220423874e-22 0.
1532302510 1 12150.5830078 0. 6.19757581955e-22 0.
1532302555 1 12133.1396484 0. 6.1947848648e-22 0.
1532302615 1 12122.8447266 0. 6.19800524593e-22 0.
1532302675 1 12096.1035156 0. 6.19257171554e-22 0.
1532302736 1 12081.0458984 0. 6.19323612442e-22 0.
1532302796 1 12067.3173828 0. 6.19438283742e-22 0.
1532302856 1 12042.2255859 0. 6.18985633637e-22 0.
1532302916 1 12028.8095703 0. 6.19113657615e-22 0.
1532302976 1 12007.6533203 0. 6.188775306e-22 0.
1532303036 1 11986.7255859 0. 6.18622709591e-22 0.
1532303097 1 11965.6748047 0. 6.18351502251e-22 0.
1532303157 1 11950.0683594 0. 6.18361357858e-22 0.
1532303217 1 11936.140625 0. 6.18451726509e-22 0.
1532303277 1 11924.7685547 0. 6.18706878909e-22 0.
1532303337 1 11909.0234375 0. 6.18701730306e-22 0.
1532303397 1 11881.2744141 0. 6.18073104677e-22 0.
1532303457 1 11866.5830078 0. 6.18110497626e-22 0.
1532303517 1 11846.8242188 0. 6.17912452308e-22 0.
1532303577 1 11834.0429688 0. 6.18047325807e-22 0.
1532303638 1 11825.1435547 0. 6.18386285425e-22 0.
1532303698 1 11836.4853516 0. 6.1980235784e-22 0.
1532303758 1 11813.3554688 0. 6.19419807635e-22 0.
1532303818 1 11805.2197266 0. 6.19831277377e-22 0.
1532303878 1 11782.4814453 0. 6.19440415261e-22 0.
1532303938 1 11761.9150391 0. 6.19165906726e-22 0.
1532303998 1 11743.7841797 0. 6.19014647176e-22 0.
1532304059 1 11719.1962891 0. 6.18542301276e-22 0.
1532304119 1 11707.6787109 0. 6.187671677e-22 0.
1532304179 1 11698.8027344 0. 6.19120869891e-22 0.
1532304239 1 11677.9501953 0. 6.18846460009e-22 0.
1532304299 1 11665.6474609 0. 6.19027471238e-22 0.
1532304359 1 11644.9638672 0. 6.18751062526e-22 0.
1532304399 1 11632.7451172 0. 6.18629638906e-22 0.
1532304440 1 11612.9462891 0. 6.18113070779e-22 0.
1532304500 1 11602.3691406 0. 6.18346957651e-22 0.
1532304560 1 11580.8125 0. 6.18030858389e-22 0.
1532304621 1 11563.7558594 0. 6.17928786628e-22 0.
1532304681 1 11548.8193359 0. 6.17944656767e-22 0.
1532304741 1 11532.9443359 0. 6.17899213752e-22 0.
1532304801 1 11512.9921875 0. 6.17667763984e-22 0.
1532304861 1 11500.5117188 0. 6.1781940233e-22 0.
1532304921 1 11517.9306641 0. 6.19565707742e-22 0.
1532304982 1 11500.8623047 0. 6.19442154543e-22 0.
1532305042 1 11476.9824219 0. 6.18957243421e-22 0.
1532305102 1 11459.2929688 0. 6.18799569681e-22 0.
1532305162 1 11445.4970703 0. 6.18890497792e-22 0.
1532305222 1 11429.2949219 0. 6.18838681686e-22 0.
1532305282 1 11415.1621094 0. 6.18868327368e-22 0.
1532305342 1 11399.4365234 0. 6.18827015969e-22 0.
1532305402 1 11379.1298828 0. 6.18540567158e-22 0.
1532305463 1 11358.9541016 0. 6.18260681123e-22 0.
1532305523 1 11346.7861328 0. 6.18408504723e-22 0.
1532305583 1 11333.0664062 0. 6.18462328133e-22 0.
1532305643 1 11310.7382812 0. 6.18080742502e-22 0.
1532305703 1 11296.2382812 0. 6.18092550289e-22 0.
1532305754 1 11288.8457031 0. 6.18369678383e-22 0.
1532305805 1 11268.8398438 0. 6.17991706671e-22 0.
1532305866 1 11253.7607422 0. 6.1793616071e-22 0.
1532305926 1 11234.1005859 0. 6.1767076342e-22 0.
1532305986 1 11217.1142578 0. 6.17522412224e-22 0.
1532306046 1 11197.9228516 0. 6.17231413372e-22 0.
1532306106 1 11184.6572266 0. 6.17317538922e-22 0.
1532306166 1 11210.0107422 0. 6.19548152138e-22 0.
1532306226 1 11182.0625 0. 6.18832656651e-22 0.
1532306287 1 11168.1689453 0. 6.18885132933e-22 0.
1532306347 1 11151.3847656 0. 6.18784038621e-22 0.
1532306384 1 11142.7480469 0. 6.18784845518e-22 0.
1532306421 1 11131.2578125 0. 6.18693883243e-22 0.
1532306481 1 11111.0195312 0. 6.18377088361e-22 0.
1532306542 1 11090.7890625 0. 6.18069649419e-22 0.
1532306602 1 11083.0595703 0. 6.18460563458e-22 0.
1532306662 1 11061.5625 0. 6.18059130889e-22 0.
1532306722 1 11048.5097656 0. 6.18150041079e-22 0.
1532306782 1 11029.7041016 0. 6.17886953297e-22 0.
1532306842 1 11019.6425781 0. 6.18123703022e-22 0.
1532306902 1 11000.8828125 0. 6.17885399542e-22 0.
1532306962 1 10985.8525391 0. 6.1782795564e-22 0.
1532307023 1 10970.3759766 0. 6.17789562285e-22 0.
1532307083 1 10955.1650391 0. 6.17738167469e-22 0.
1532307143 1 10925.5283203 0. 6.16863385744e-22 0.
1532307203 1 10919.1933594 0. 6.17279177156e-22 0.
1532307263 1 10906.8242188 0. 6.1737986817e-22 0.
1532307323 1 10892.8867188 0. 6.17423514075e-22 0.
1532307383 1 10873.9355469 0. 6.1718364337e-22 0.
1532307443 1 10866.6591797 0. 6.17609844731e-22 0.
1532307504 1 10879.9482422 0. 6.19177689418e-22 0.
1532307564 1 10860.1767578 0. 6.18851126161e-22 0.
1532307624 1 10858.1953125 0. 6.19532963721e-22 0.
1532307684 1 10837.3583984 0. 6.19170885546e-22 0.
1532307744 1 10818.8027344 0. 6.1889849027e-22 0.
1532307804 1 10797.2080078 0. 6.18495296389e-22 0.
1532307865 1 10779.4580078 0. 6.18275631796e-22 0.
1532307925 1 10765.9960938 0. 6.18326170639e-22 0.
1532307985 1 10747.5068359 0. 6.18078191444e-22 0.
1532308045 1 10726.9404297 0. 6.17716062061e-22 0.
1532308105 1 10706.9111328 0. 6.17369464022e-22 0.
1532308164 1 10709.6123047 0. 6.18305518236e-22 0.
1532308223 1 10688.8583984 0. 6.17894923412e-22 0.
1532308283 1 10676.7822266 0. 6.17990759315e-22 0.
1532308343 1 10660.1962891 0. 6.17812519757e-22 0.
1532308403 1 10644.7197266 0. 6.17739585233e-22 0.
1532308463 1 10625.7148438 0. 6.1743838833e-22 0.
1532308524 1 10607.9326172 0. 6.1723388791e-22 0.
1532308584 1 10598.8027344 0. 6.17493204783e-22 0.
1532308644 1 10581.6630859 0. 6.17312877364e-22 0.
1532308704 1 10566.9726562 0. 6.17262062666e-22 0.
1532308764 1 10584.7304688 0. 6.1909990063e-22 0.
1532308824 1 10566.7509766 0. 6.18853980603e-22 0.
1532308885 1 10546.5205078 0. 6.18485551364e-22 0.
1532308945 1 10517.1601562 0. 6.17566450903e-22 0.
1532309005 1 10512.8173828 0. 6.18090509372e-22 0.
1532309065 1 10499.3203125 0. 6.18114743939e-22 0.
1532309125 1 10490.2929688 0. 6.18377461328e-22 0.
1532309185 1 10478.9541016 0. 6.18464101042e-22 0.
1532309245 1 10464.3818359 0. 6.18417664758e-22 0.
1532309306 1 10447.2128906 0. 6.18199176204e-22 0.
1532309366 1 10432.8291016 0. 6.18140042498e-22 0.
1532309426 1 10410.3505859 0. 6.17612222321e-22 0.
1532309486 1 10366.2587891 0. 6.15824911344e-22 0.
1532309546 1 10362.2714844 0. 6.16375774842e-22 0.
1532309606 1 10345.8330078 0. 6.16156439275e-22 0.
1532309666 1 10328.8916016 0. 6.15918049892e-22 0.
1532309726 1 10317.3720703 0. 6.16013292493e-22 0.
1532309787 1 10291.7402344 0. 6.15297381494e-22 0.
1532309847 1 10287.7050781 0. 6.15829367097e-22 0.
1532309907 1 10277.5634766 0. 6.16007253256e-22 0.
1532309967 1 10263.7294922 0. 6.15961695733e-22 0.
1532310027 1 10249.4609375 0. 6.15916540897e-22 0.
1532310087 1 10260.1054688 0. 6.17341677341e-22 0.
1532310148 1 10261.9179688 0. 6.18237811931e-22 0.
1532310208 1 10246.5146484 0. 6.18120781967e-22 0.
1532310268 1 10233.1679688 0. 6.1810475184e-22 0.
1532310328 1 10226.5458984 0. 6.18490010064e-22 0.
1532310366 1 10213.0810547 0. 6.18158799118e-22 0.
1532310404 1 10203.203125 0. 6.18089924657e-22 0.
1532310464 1 10189.1484375 0. 6.18029941152e-22 0.
1532310524 1 10174.9384766 0. 6.17950157451e-22 0.
1532310584 1 10152.7099609 0. 6.17417612885e-22 0.
1532310644 1 10144.6005859 0. 6.1771720165e-22 0.
1532310705 1 10131.1083984 0. 6.17671135106e-22 0.
1532310765 1 10112.2841797 0. 6.17311812512e-22 0.
1532310825 1 10101.0019531 0. 6.17384664735e-22 0.
1532310885 1 10082.3720703 0. 6.17033692083e-22 0.
1532310945 1 10069.4443359 0. 6.1703421267e-22 0.
1532311005 1 10056.6943359 0. 6.1705803854e-22 0.
1532311065 1 10045.3935547 0. 6.1715941654e-22 0.
1532311126 1 10029.4072266 0. 6.16971882346e-22 0.
1532311186 1 10008.2724609 0. 6.16428328244e-22 0.
1532311246 1 10009.7128906 0. 6.17300678569e-22 0.
1532311306 1 9988.60546875 0. 6.16799436969e-22 0.
1532311366 1 9973.57519531 0. 6.16655334131e-22 0.
1532311426 1 9956.61523438 0. 6.16383938207e-22 0.
1532311487 1 9958.97167969 0. 6.17318305386e-22 0.
1532311547 1 9953.43457031 0. 6.17743601496e-22 0.
1532311607 1 9935.12207031 0. 6.17397156263e-22 0.
1532311667 1 9938.38769531 0. 6.18396925261e-22 0.
1532311727 1 9921.69433594 0. 6.18162549996e-22 0.
1532311787 1 9903.35253906 0. 6.17818806615e-22 0.
1532311848 1 9881.60546875 0. 6.17199786017e-22 0.
1532311884 1 9871.88183594 0. 6.17011315465e-22 0.
1532311921 1 9867.22167969 0. 6.17248066967e-22 0.
1532311981 1 9844.80761719 0. 6.16651406872e-22 0.
1532312041 1 9843.1640625 0. 6.17326313806e-22 0.
1532312101 1 9825.5859375 0. 6.17017286888e-22 0.
1532312161 1 9812.73339844 0. 6.16978906793e-22 0.
1532312222 1 9797.10546875 0. 6.16798705278e-22 0.
1532312282 1 9784.06542969 0. 6.16763267448e-22 0.
1532312342 1 9768.04785156 0. 6.16549237501e-22 0.
1532312402 1 9752.71289062 0. 6.1632826733e-22 0.
1532312462 1 9731.58496094 0. 6.15782841735e-22 0.
1532312522 1 9704.14355469 0. 6.14817996076e-22 0.
1532312582 1 9692.70898438 0. 6.14883463097e-22 0.
1532312643 1 9681.84082031 0. 6.14967522642e-22 0.
1532312703 1 9671.82226562 0. 6.15114533204e-22 0.
1532312740 1 9660.99023438 0. 6.14908191966e-22 0.
1532312778 1 9655.25 0. 6.15049276858e-22 0.
1532312838 1 9659.09960938 0. 6.16066278129e-22 0.
1532312898 1 9665.27929688 0. 6.17244865569e-22 0.
1532312958 1 9637.75585938 0. 6.16285780976e-22 0.
1532313018 1 9630.23925781 0. 6.16589105651e-22 0.
1532313079 1 9611.58300781 0. 6.16182619205e-22 0.
1532313139 1 9535.42578125 0. 6.12049446779e-22 0.
1532313199 1 9295.29589844 0. 5.97365625475e-22 0.
1532313259 1 9299.19726562 0. 5.98421893509e-22 0.
1532313319 1 9626.578125 0. 6.2020496892e-22 0.
1532313379 1 9615.81445312 0. 6.20323855712e-22 0.
1532313439 1 9606.57714844 0. 6.20526919636e-22 0.
1532313499 1 9592.01464844 0. 6.20345046039e-22 0.
1532313559 1 9575.85644531 0. 6.20071091898e-22 0.
1532313620 1 9561.28125 0. 6.19915106638e-22 0.
1532313680 1 9546.77148438 0. 6.19741410763e-22 0.
1532313740 1 9530.45800781 0. 6.19492804927e-22 0.
1532313800 1 9520.54394531 0. 6.19663140228e-22 0.
1532313836 1 9515.41503906 0. 6.19753538514e-22 0.
1532313872 1 9505.77441406 0. 6.19649106739e-22 0.
1532313933 1 9493.05175781 0. 6.19621805325e-22 0.
1532313993 1 9475.9140625 0. 6.19239415484e-22 0.
1532314053 1 9464.74511719 0. 6.19272093117e-22 0.
1532314113 1 9453.5078125 0. 6.1931738651e-22 0.
1532314173 1 9439.78808594 0. 6.19186571295e-22 0.
1532314233 1 9418.32910156 0. 6.18567281571e-22 0.
1532314293 1 9415.265625 0. 6.19149859059e-22 0.
1532314353 1 9431.55175781 0. 6.20998742665e-22 0.
1532314413 1 9420.19042969 0. 6.21041824968e-22 0.
1532314474 1 9408.26660156 0. 6.21052355282e-22 0.
1532314534 1 9388.94726562 0. 6.2057200496e-22 0.
1532314594 1 9373.32421875 0. 6.20342978687e-22 0.
1532314654 1 9360.64941406 0. 6.20278686153e-22 0.
1532314714 1 9347.87890625 0. 6.20215836851e-22 0.
1532314774 1 9333.65722656 0. 6.20052728582e-22 0.
1532314834 1 9318.90527344 0. 6.19878881871e-22 0.
1532314895 1 9313.99121094 0. 6.20330436371e-22 0.
1532314955 1 9298.88671875 0. 6.20087150399e-22 0.
1532315015 1 9295.46972656 0. 6.20630107413e-22 0.
1532315075 1 9278.5234375 0. 6.20260863055e-22 0.
1532315135 1 9256.95996094 0. 6.19616445754e-22 0.
1532315195 1 9243.47070312 0. 6.1949751112e-22 0.
1532315255 1 9230.28320312 0. 6.19413959677e-22 0.
1532315292 1 9222.86523438 0. 6.1938725726e-22 0.
1532315329 1 9218.84082031 0. 6.19602837254e-22 0.
1532315389 1 9205.32226562 0. 6.19515850358e-22 0.
1532315449 1 9195.14746094 0. 6.19579753382e-22 0.
1532315487 1 9183.00976562 0. 6.19234431002e-22 0.
1532315525 1 9174.41796875 0. 6.19159799527e-22 0.
1532315585 1 9163.80957031 0. 6.19204113357e-22 0.
1532315646 1 9148.32910156 0. 6.18921029839e-22 0.
1532315706 1 9133.41699219 0. 6.18684951772e-22 0.
1532315766 1 9125.63867188 0. 6.18915883323e-22 0.
1532315826 1 9144.69921875 0. 6.20997595047e-22 0.
1532315886 1 9128.30761719 0. 6.20690309403e-22 0.
1532315946 1 9117.87695312 0. 6.20742373819e-22 0.
1532316006 1 9103.22363281 0. 6.205358769e-22 0.
1532316067 1 9096.03417969 0. 6.20814481597e-22 0.
1532316127 1 9080.76757812 0. 6.20569784811e-22 0.
1532316187 1 9065.85449219 0. 6.20340606226e-22 0.
1532316247 1 9048.63867188 0. 6.19962452657e-22 0.
1532316307 1 9033.13476562 0. 6.19695487994e-22 0.
1532316367 1 9016.89160156 0. 6.19392623592e-22 0.
1532316427 1 8998.96484375 0. 6.18938593586e-22 0.
1532316487 1 8991.74121094 0. 6.19230280355e-22 0.
1532316548 1 8982.15332031 0. 6.19372109072e-22 0.
1532316608 1 8967.26367188 0. 6.19100531039e-22 0.
1532316668 1 8956.0390625 0. 6.19099600213e-22 0.
1532316728 1 8946.55175781 0. 6.19211452156e-22 0.
1532316788 1 8931.984375 0. 6.18988030442e-22 0.
1532316848 1 8917.83398438 0. 6.18800828535e-22 0.
1532316908 1 8897.69140625 0. 6.18152104514e-22 0.
1532316968 1 8880.54980469 0. 6.17747194187e-22 0.
1532317029 1 8867.17773438 0. 6.17576902277e-22 0.
1532317089 1 8859.40429688 0. 6.17822116354e-22 0.
1532317149 1 8844.58886719 0. 6.17533084242e-22 0.
1532317209 1 8844.85253906 0. 6.1827648836e-22 0.
1532317269 1 8853.5859375 0. 6.19689670484e-22 0.
1532317329 1 8844.43554688 0. 6.19854805192e-22 0.
1532317389 1 8837.00976562 0. 6.20120014278e-22 0.
1532317449 1 8820.63085938 0. 6.19742731293e-22 0.
1532317510 1 8805.74902344 0. 6.19478889431e-22 0.
1532317560 1 8790.68945312 0. 6.19062111008e-22 0.
1532317611 1 8786.58300781 0. 6.19454019535e-22 0.
1532317650 1 8779.26171875 0. 6.19399053687e-22 0.
1532317688 1 8770.07910156 0. 6.19261670233e-22 0.
1532317748 1 8760.47070312 0. 6.19354027001e-22 0.
1532317808 1 8748.67578125 0. 6.19319765989e-22 0.
1532317868 1 8736.82128906 0. 6.19232585178e-22 0.
1532317929 1 8720.62011719 0. 6.1886702027e-22 0.
1532317989 1 8711.64355469 0. 6.18995863545e-22 0.
1532318049 1 8688.77050781 0. 6.18145406556e-22 0.
1532318109 1 8676.49023438 0. 6.17938906367e-22 0.
1532318169 1 8675.97167969 0. 6.18637632998e-22 0.
1532318229 1 8666.33984375 0. 6.1860614825e-22 0.
1532318289 1 8658.79101562 0. 6.18741430824e-22 0.
1532318349 1 8648.27246094 0. 6.1865578375e-22 0.
1532318410 1 8628.13671875 0. 6.17987037767e-22 0.
1532318470 1 8612.34472656 0. 6.17614349923e-22 0.
1532318530 1 8596.3515625 0. 6.17222929604e-22 0.
1532318590 1 8585.20214844 0. 6.17191678669e-22 0.
1532318650 1 8573.08007812 0. 6.1704816152e-22 0.
1532318710 1 8559.58789062 0. 6.16880601891e-22 0.
1532318770 1 8540.58496094 0. 6.1627308235e-22 0.
1532318831 1 8522.44628906 0. 6.15720905625e-22 0.
1532318891 1 8510.73632812 0. 6.15673545097e-22 0.
1532318944 1 7544.73681641 0. 5.52408412449e-22 0.
1532318997 1 0.196890160441 0. 0.0 0.
