1533137031 1 13761.0419922 0. 6.0228297885e-22 0.
1533137062 1 13712.9609375 0. 6.00960340252e-22 0.
1533137074 1 13702.9453125 0. 6.00892274116e-22 0.
1533137109 1 13709.1162109 0. 6.02371718219e-22 0.
1533137144 1 13684.6162109 0. 6.02181036354e-22 0.
1533137170 1 13661.8447266 0. 6.02170008768e-22 0.
1533137199 1 13640.1328125 0. 6.0212248982e-22 0.
1533137230 1 13626.2695312 0. 6.02562338743e-22 0.
1533137281 1 13611.7138672 0. 6.03241459366e-22 0.
1533137342 1 13558.1845703 0. 6.02544262455e-22 0.
1533137402 1 13597.8642578 0. 6.06015870047e-22 0.
1533137462 1 13555.4306641 0. 6.05829779422e-22 0.
1533137522 1 13495.9775391 0. 6.04923636662e-22 0.
1533137559 1 13473.6796875 0. 6.0490221029e-22 0.
1533137596 1 13419.7451172 0. 6.03480552595e-22 0.
1533137656 1 13307.5654297 0. 6.00038711115e-22 0.
1533137692 1 13279.2822266 0. 5.99609257557e-22 0.
1533137715 1 13249.8085938 0. 5.98914966019e-22 0.
1533137763 1 13237.1503906 0. 5.99375912592e-22 0.
1533137824 1 13195.3681641 0. 5.98680337451e-22 0.
1533137865 1 13147.9111328 0. 5.9728186651e-22 0.
1533137906 1 13147.0253906 0. 5.98037839299e-22 0.
1533137966 1 13099.4335938 0. 5.96874645923e-22 0.
1533138026 1 12804.7490234 0. 5.84450539921e-22 0.
1533138086 1 12281.9111328 0. 5.61644747589e-22 0.
1533138146 1 13218.1386719 0. 6.05209312058e-22 0.
1533138207 1 13203.6621094 0. 6.05523990359e-22 0.
1533138267 1 13185.6220703 0. 6.05653211246e-22 0.
1533138327 1 13191.5292969 0. 6.06894349629e-22 0.
1533138387 1 13360.65625 0. 6.15756167875e-22 0.
1533138447 1 13420.5634766 0. 6.19600013256e-22 0.
1533138507 1 13497.8798828 0. 6.2438872269e-22 0.
1533138567 1 13461.3652344 0. 6.23883591e-22 0.
1533138627 1 13543.2607422 0. 6.28871255e-22 0.
1533138688 1 13488.4433594 0. 6.27523415836e-22 0.
1533138748 1 13443.2558594 0. 6.26557249994e-22 0.
1533138808 1 13442.0732422 0. 6.27649490576e-22 0.
1533138843 1 13409.6210938 0. 6.2676547091e-22 0.
1533138861 1 13398.7207031 0. 6.26651090901e-22 0.
1533138905 1 13351.1914062 0. 6.25222543044e-22 0.
1533138965 1 13342.5986328 0. 6.25950850567e-22 0.
1533139025 1 13301.2685547 0. 6.25067240881e-22 0.
1533139085 1 13275.8847656 0. 6.24952956704e-22 0.
1533139145 1 13219.8046875 0. 6.23436321962e-22 0.
1533139181 1 13241.9404297 0. 6.25093802728e-22 0.
1533139216 1 13240.6015625 0. 6.25680079891e-22 0.
1533139276 1 13174.4248047 0. 6.23635708653e-22 0.
1533139336 1 13157.2333984 0. 6.23894742987e-22 0.
1533139396 1 13164.2255859 0. 6.25296472125e-22 0.
1533139456 1 13150.9482422 0. 6.25756050098e-22 0.
1533139517 1 13075.8388672 0. 6.23335065515e-22 0.
1533139577 1 13091.1074219 0. 6.25126768067e-22 0.
1533139637 1 13025.7744141 0. 6.23090071832e-22 0.
1533139697 1 13023.9443359 0. 6.24056510744e-22 0.
1533139757 1 13016.4726562 0. 6.24729148773e-22 0.
1533139817 1 12971.0185547 0. 6.23614431035e-22 0.
1533139852 1 12952.0449219 0. 6.23299268745e-22 0.
1533139877 1 12910.5117188 0. 6.21767781812e-22 0.
1533139926 1 12944.2949219 0. 6.24200919161e-22 0.
1533139986 1 12898.5146484 0. 6.23055123154e-22 0.
1533140046 1 12851.15625 0. 6.2178876254e-22 0.
1533140106 1 12850.9638672 0. 6.22772307848e-22 0.
1533140167 1 12827.3613281 0. 6.22657294729e-22 0.
1533140227 1 12806.28125 0. 6.22629769094e-22 0.
1533140287 1 12764.0458984 0. 6.21557046763e-22 0.
1533140347 1 12486.2919922 0. 6.09066290244e-22 0.
1533140396 1 12640.5957031 0. 6.17425778955e-22 0.
1533140426 1 11186.4550781 0. 5.47114023224e-22 0.
1533140468 1 12822.2275391 0. 6.27485846167e-22 0.
1533140522 1 12967.1621094 0. 6.35461320114e-22 0.
1533140552 1 4671.48242188 0. 2.30835979413e-22 0.
1533140563 1 1244.21777344 0. 6.12909090906e-23 0.
1533140572 1 2139.28930664 0. 1.05296953738e-22 0.
1533140581 1 3380.86181641 0. 1.66167689558e-22 0.
1533140590 1 4753.91357422 0. 2.33771409309e-22 0.
1533140599 1 7074.98974609 0. 3.47405808619e-22 0.
1533140608 1 8630.40625 0. 4.24126504794e-22 0.
1533140617 1 11062.5390625 0. 5.43269238274e-22 0.
1533140626 1 11945.3681641 0. 5.86923633732e-22 0.
1533140635 1 12909.5751953 0. 6.34419115765e-22 0.
1533140644 1 12115.8925781 0. 5.95823245271e-22 0.
1533140653 1 11291.2773438 0. 5.55480244024e-22 0.
1533140662 1 9088.79101562 0. 4.47759781506e-22 0.
1533140671 1 7468.57128906 0. 3.67963336344e-22 0.
1533140677 1 7188.546875 0. 3.54263828021e-22 0.
1533140682 1 4006.88842773 0. 1.97793456915e-22 0.
1533140686 1 3775.81079102 0. 1.86426046365e-22 0.
1533140690 1 3783.57397461 0. 1.86830902435e-22 0.
1533140697 1 2596.43579102 0. 1.28433796819e-22 0.
1533140703 1 1504.6472168 0. 7.45360953384e-23 0.
1533140706 1 1504.63952637 0. 7.45337421502e-23 0.
1533140710 1 1505.5703125 0. 7.45861604813e-23 0.
1533140724 1 4732.41357422 0. 2.35059659672e-22 0.
1533140740 1 1149.89746094 0. 5.7167873017e-23 0.
1533140746 1 1156.9855957 0. 5.75291797427e-23 0.
1533140751 1 2545.05102539 0. 1.2611152781e-22 0.
1533140758 1 3157.78173828 0. 1.56326549903e-22 0.
1533140767 1 4527.38574219 0. 2.24048164287e-22 0.
1533140775 1 6854.12255859 0. 3.38429123424e-22 0.
1533140784 1 8238.234375 0. 4.06978853041e-22 0.
1533140793 1 11042.7080078 0. 5.44761474165e-22 0.
1533140802 1 11905.5546875 0. 5.87484890117e-22 0.
1533140811 1 12875.9707031 0. 6.35326502759e-22 0.
1533140819 1 11822.2890625 0. 5.83738704414e-22 0.
1533140827 1 10775.484375 0. 5.32200402416e-22 0.
1533140832 1 10771.4560547 0. 5.32085647671e-22 0.
1533140838 1 7784.80566406 0. 3.85280260755e-22 0.
1533140846 1 6523.61816406 0. 3.2287510462e-22 0.
1533140854 1 4418.87402344 0. 2.19301911392e-22 0.
1533140863 1 2960.21606445 0. 1.47062015256e-22 0.
1533140872 1 1910.51635742 0. 9.51503671905e-23 0.
1533140881 1 1068.83947754 0. 5.34042894543e-23 0.
1533140888 1 2165.56518555 0. 1.08022284031e-22 0.
1533140898 1 12777.8115234 0. 6.31873703329e-22 0.
1533140914 1 12858.3652344 0. 6.36107361122e-22 0.
1533140953 1 12833.3544922 0. 6.35523940919e-22 0.
1533141013 1 12813.1728516 0. 6.35530285533e-22 0.
1533141073 1 12779.5683594 0. 6.34855291547e-22 0.
1533141134 1 12752.8730469 0. 6.34605137397e-22 0.
1533141194 1 12727.9980469 0. 6.34391625205e-22 0.
1533141254 1 12693.7373047 0. 6.33745178852e-22 0.
1533141314 1 12682.8183594 0. 6.34240393918e-22 0.
1533141374 1 12681.9072266 0. 6.35170448214e-22 0.
1533141434 1 12677.1855469 0. 6.35931219364e-22 0.
1533141495 1 12654.7539062 0. 6.35848954852e-22 0.
1533141555 1 12638.9267578 0. 6.36086931238e-22 0.
1533141603 1 12610.5058594 0. 6.35476277147e-22 0.
1533141651 1 12597.0097656 0. 6.35610980599e-22 0.
1533141701 1 12577.3115234 0. 6.35444027374e-22 0.
1533141751 1 12539.7470703 0. 6.3441244488e-22 0.
1533141811 1 12530.9316406 0. 6.34997449993e-22 0.
1533141871 1 12500.0097656 0. 6.34442631811e-22 0.
1533141931 1 12471.0761719 0. 6.3398659688e-22 0.
1533141972 1 12456.9169922 0. 6.33904952311e-22 0.
1533141993 1 12450.1650391 0. 6.3391366065e-22 0.
1533142034 1 12432.3886719 0. 6.33758734896e-22 0.
1533142095 1 12417.6464844 0. 6.34001466955e-22 0.
1533142155 1 12383.3134766 0. 6.33205993092e-22 0.
1533142215 1 12360.8515625 0. 6.33025395633e-22 0.
1533142275 1 12337.5830078 0. 6.32847100226e-22 0.
1533142335 1 12361.3564453 0. 6.35120153269e-22 0.
1533142395 1 12344.1220703 0. 6.35212898574e-22 0.
1533142455 1 12318.3740234 0. 6.34899093738e-22 0.
1533142516 1 12299.8525391 0. 6.34916220129e-22 0.
1533142576 1 12273.2871094 0. 6.34549705307e-22 0.
1533142636 1 12253.578125 0. 6.34538287667e-22 0.
1533142696 1 12225.2402344 0. 6.3404565013e-22 0.
1533142756 1 12201.3007812 0. 6.33839158705e-22 0.
1533142816 1 12173.3369141 0. 6.33373315804e-22 0.
1533142862 1 12157.4365234 0. 6.33273362167e-22 0.
1533142907 1 12145.6308594 0. 6.33404363791e-22 0.
1533142967 1 12135.5283203 0. 6.33859921485e-22 0.
1533143028 1 12108.7099609 0. 6.33419764323e-22 0.
1533143088 1 12091.0859375 0. 6.33463130747e-22 0.
1533143148 1 12054.7177734 0. 6.32542799785e-22 0.
1533143185 1 12047.8603516 0. 6.32725193444e-22 0.
1533143223 1 12037.9189453 0. 6.32901395218e-22 0.
1533143270 1 12013.1171875 0. 6.32358698922e-22 0.
1533143306 1 12000.3662109 0. 6.32272582724e-22 0.
1533143356 1 11979.5205078 0. 6.31982826026e-22 0.
1533143416 1 11978.1679688 0. 6.32891875208e-22 0.
1533143476 1 11866.0527344 0. 6.27914701289e-22 0.
1533143536 1 11559.421875 0. 6.12776508527e-22 0.
1533143597 1 11491.6425781 0. 6.10159118601e-22 0.
1533143657 1 11956.3886719 0. 6.35665766069e-22 0.
1533143717 1 11930.4697266 0. 6.35232987676e-22 0.
1533143777 1 11913.1044922 0. 6.35281801714e-22 0.
1533143837 1 11892.8554688 0. 6.35159314389e-22 0.
1533143897 1 11867.9951172 0. 6.34820096487e-22 0.
1533143957 1 11844.8515625 0. 6.34541557841e-22 0.
1533144017 1 11818.0478516 0. 6.34054115786e-22 0.
1533144078 1 11798.7441406 0. 6.33998435326e-22 0.
1533144138 1 11786.0224609 0. 6.34280183021e-22 0.
1533144198 1 11762.4863281 0. 6.33977463977e-22 0.
1533144258 1 11737.5195312 0. 6.33602401104e-22 0.
1533144318 1 11716.4619141 0. 6.33433699225e-22 0.
1533144373 1 11701.3564453 0. 6.3348877134e-22 0.
1533144428 1 11678.0361328 0. 6.33104128801e-22 0.
1533144488 1 11667.6796875 0. 6.33518310945e-22 0.
1533144548 1 11674.1630859 0. 6.34843566987e-22 0.
1533144608 1 11653.1132812 0. 6.34658627322e-22 0.
1533144668 1 11631.6962891 0. 6.34448378821e-22 0.
1533144728 1 11610.5634766 0. 6.34255830396e-22 0.
1533144789 1 11590.6582031 0. 6.34133946378e-22 0.
1533144849 1 11567.0107422 0. 6.33808814376e-22 0.
1533144909 1 11539.9970703 0. 6.33293306987e-22 0.
1533144969 1 11521.7958984 0. 6.33228868242e-22 0.
1533145029 1 11513.4707031 0. 6.33735390958e-22 0.
1533145089 1 11486.1367188 0. 6.3319750997e-22 0.
1533145150 1 11470.6992188 0. 6.33283475947e-22 0.
1533145210 1 11446.2753906 0. 6.32919884607e-22 0.
1533145270 1 11419.2216797 0. 6.32367535211e-22 0.
1533145330 1 11400.6191406 0. 6.32262114955e-22 0.
1533145390 1 11378.4824219 0. 6.31964010836e-22 0.
1533145429 1 11363.7939453 0. 6.31717076154e-22 0.
1533145448 1 11359.3623047 0. 6.31778354465e-22 0.
1533145466 1 11353.1181641 0. 6.31713585719e-22 0.
1533145484 1 11352.0947266 0. 6.31947805833e-22 0.
1533145501 1 11342.9355469 0. 6.31697838259e-22 0.
1533145515 1 11345.9365234 0. 6.32066492123e-22 0.
1533145527 1 11341.3955078 0. 6.32025985982e-22 0.
1533145541 1 11337.1083984 0. 6.31986694329e-22 0.
1533145553 1 11334.6650391 0. 6.32048065155e-22 0.
1533145563 1 11332.2539062 0. 6.32045465034e-22 0.
1533145574 1 11329.59375 0. 6.32076259926e-22 0.
1533145588 1 11318.8925781 0. 6.31685821682e-22 0.
1533145626 1 11350.6904297 0. 6.34108692679e-22 0.
1533145686 1 11317.0078125 0. 6.33199893443e-22 0.
1533145746 1 11305.1806641 0. 6.3345275068e-22 0.
1533145806 1 11276.0322266 0. 6.32778650723e-22 0.
1533145855 1 11260.8105469 0. 6.32661658572e-22 0.
1533145878 1 11253.1425781 0. 6.32584517356e-22 0.
1533145894 1 11252.5654297 0. 6.32830479297e-22 0.
1533145912 1 11240.1494141 0. 6.32425625066e-22 0.
1533145925 1 11232.2021484 0. 6.32132028621e-22 0.
1533145935 1 11202.9970703 0. 6.30679855931e-22 0.
1533145946 1 11227.8476562 0. 6.32252594941e-22 0.
1533145966 1 11238.2753906 0. 6.33169918254e-22 0.
1533146009 1 11216.7490234 0. 6.32630127821e-22 0.
1533146069 1 11190.3359375 0. 6.321334542e-22 0.
1533146129 1 11178.0820312 0. 6.32351897116e-22 0.
1533146190 1 11157.6386719 0. 6.3212215334e-22 0.
1533146228 1 11148.1015625 0. 6.32128702169e-22 0.
1533146243 1 11144.4765625 0. 6.32202038264e-22 0.
1533146257 1 11138.4140625 0. 6.32049336572e-22 0.
1533146279 1 11128.046875 0. 6.31829453858e-22 0.
1533146326 1 11105.8251953 0. 6.31338920356e-22 0.
1533146361 1 11079.8798828 0. 6.30403881571e-22 0.
1533146377 1 11098.4667969 0. 6.31720335834e-22 0.
1533146418 1 11081.5136719 0. 6.31361345119e-22 0.
1533146478 1 11052.1689453 0. 6.30622913821e-22 0.
1533146538 1 11038.5087891 0. 6.30761457643e-22 0.
1533146599 1 11014.9394531 0. 6.30347726289e-22 0.
1533146659 1 10984.4882812 0. 6.29531833947e-22 0.
1533146719 1 11009.5400391 0. 6.31881932447e-22 0.
1533146779 1 10986.1611328 0. 6.31492175796e-22 0.
1533146839 1 10972.1347656 0. 6.3163102255e-22 0.
1533146899 1 10963.5664062 0. 6.32077697184e-22 0.
1533146959 1 10943.8046875 0. 6.31841549838e-22 0.
1533147020 1 10919.2167969 0. 6.31379259213e-22 0.
1533147080 1 10900.7431641 0. 6.31232143083e-22 0.
1533147140 1 10880.0410156 0. 6.3093871346e-22 0.
1533147200 1 10860.6445312 0. 6.30757749165e-22 0.
1533147260 1 10838.9208984 0. 6.30435737842e-22 0.
1533147320 1 10811.3251953 0. 6.29732136372e-22 0.
1533147380 1 10800.0722656 0. 6.29992697823e-22 0.
1533147440 1 10785.7089844 0. 6.30098101196e-22 0.
1533147501 1 10762.6611328 0. 6.29678822143e-22 0.
1533147561 1 10746.5771484 0. 6.29651744396e-22 0.
1533147621 1 10726.7265625 0. 6.29413221774e-22 0.
1533147672 1 10716.2451172 0. 6.29559989204e-22 0.
1533147723 1 10702.7148438 0. 6.2955736607e-22 0.
1533147784 1 10550.8261719 0. 6.21506379309e-22 0.
1533147844 1 10362.1054688 0. 6.11361698651e-22 0.
1533147904 1 10267.2851562 0. 6.06688646376e-22 0.
1533147964 1 10676.71875 0. 6.31668073426e-22 0.
1533148024 1 10654.1640625 0. 6.31231271251e-22 0.
1533148084 1 10661.3076172 0. 6.32551667658e-22 0.
1533148144 1 10659.1416016 0. 6.3333606442e-22 0.
1533148186 1 10630.2451172 0. 6.32259063529e-22 0.
1533148208 1 10635.1357422 0. 6.32899146086e-22 0.
1533148249 1 10626.9306641 0. 6.33073687494e-22 0.
1533148310 1 10611.6884766 0. 6.33096370155e-22 0.
1533148370 1 10596.703125 0. 6.33117088887e-22 0.
1533148430 1 10576.3916016 0. 6.32831346303e-22 0.
1533148465 1 10569.2919922 0. 6.32908171258e-22 0.
1533148476 1 10565.2265625 0. 6.32828945359e-22 0.
1533148512 1 10555.9414062 0. 6.3286107063e-22 0.
1533148573 1 10539.2402344 0. 6.3277150824e-22 0.
1533148633 1 10515.890625 0. 6.32277646429e-22 0.
1533148693 1 10490.3613281 0. 6.31665248863e-22 0.
1533148753 1 10481.3212891 0. 6.32019255026e-22 0.
1533148813 1 10462.8095703 0. 6.31853109432e-22 0.
1533148873 1 10444.9716797 0. 6.31707033553e-22 0.
1533148934 1 10424.8388672 0. 6.31398416981e-22 0.
1533148994 1 10409.7382812 0. 6.31382831261e-22 0.
1533149054 1 10409.5458984 0. 6.32297552374e-22 0.
1533149114 1 10411.5625 0. 6.33317433888e-22 0.
1533149174 1 10384.6972656 0. 6.32613694999e-22 0.
1533149234 1 10366.0800781 0. 6.32394442255e-22 0.
1533149295 1 10354.4414062 0. 6.32607748874e-22 0.
1533149355 1 10336.4619141 0. 6.3242029988e-22 0.
1533149415 1 10319.0537109 0. 6.32281486848e-22 0.
1533149475 1 10301.5419922 0. 6.32135134543e-22 0.
1533149535 1 10282.8359375 0. 6.31872326372e-22 0.
1533149595 1 10265.3164062 0. 6.316402406e-22 0.
1533149655 1 10245.2509766 0. 6.31398763948e-22 0.
1533149716 1 10226.5507812 0. 6.3115345763e-22 0.
1533149776 1 10211.4326172 0. 6.31138722777e-22 0.
1533149836 1 10187.8232422 0. 6.30573641582e-22 0.
1533149896 1 10172.3037109 0. 6.30510615617e-22 0.
1533149956 1 10150.1787109 0. 6.30071220944e-22 0.
1533150017 1 10134.6855469 0. 6.29999683953e-22 0.
1533150077 1 10110.4658203 0. 6.29396978164e-22 0.
1533150137 1 10104.21875 0. 6.29890703993e-22 0.
1533150197 1 10090.4287109 0. 6.29932343831e-22 0.
1533150236 1 10079.7802734 0. 6.29821402968e-22 0.
1533150274 1 10084.4775391 0. 6.30716922274e-22 0.
1533150334 1 10085.1669922 0. 6.31713881989e-22 0.
1533150395 1 10064.8447266 0. 6.31376169665e-22 0.
1533150432 1 10061.1201172 0. 6.31691604489e-22 0.
1533150471 1 10047.2275391 0. 6.31445878255e-22 0.
1533150531 1 10028.8994141 0. 6.31199843927e-22 0.
1533150591 1 10003.9619141 0. 6.30523195723e-22 0.
1533150651 1 9996.43652344 0. 6.3095594365e-22 0.
1533150686 1 9979.99804688 0. 6.30404904945e-22 0.
1533150722 1 9968.88378906 0. 6.30277785338e-22 0.
1533150782 1 9946.94042969 0. 6.29784452147e-22 0.
1533150842 1 9937.98046875 0. 6.30120397615e-22 0.
1533150902 1 9914.08300781 0. 6.29517056945e-22 0.
1533150962 1 9907.10449219 0. 6.29995181404e-22 0.
1533151005 1 7627.89892578 0. 5.00100131093e-22 0.
1533151048 1 0.185434311628 0. 0.0 0.
1533151108 1 0.15854524076 0. 0.0 0.
