1533692877 1 16913.234375 0. 6.84343293212e-22 0.
1533692936 1 16880.2578125 0. 6.84424422268e-22 0.
1533692994 1 16767.7246094 0. 6.81253997471e-22 0.
1533693038 1 16763.5136719 0. 6.82153819303e-22 0.
1533693082 1 16722.8964844 0. 6.81367491127e-22 0.
1533693142 1 16657.3828125 0. 6.79908758798e-22 0.
1533693202 1 16631.8925781 0. 6.80243665022e-22 0.
1533693262 1 16528.1777344 0. 6.7725564121e-22 0.
1533693322 1 16505.3769531 0. 6.7773986534e-22 0.
1533693372 1 16444.6132812 0. 6.76417389265e-22 0.
1533693422 1 16394.96875 0. 6.75525646568e-22 0.
1533693479 1 16347.2167969 0. 6.74858183501e-22 0.
1533693537 1 16285.125 0. 6.73554225935e-22 0.
1533693597 1 16209.5615234 0. 6.71718042613e-22 0.
1533693657 1 16142.9863281 0. 6.7023433657e-22 0.
1533693717 1 16072.1552734 0. 6.68541264651e-22 0.
1533693777 1 16007.0400391 0. 6.67063906628e-22 0.
1533693837 1 15979.2099609 0. 6.67121919082e-22 0.
1533693886 1 15913.4013672 0. 6.65321351577e-22 0.
1533693935 1 15890.9541016 0. 6.65367016144e-22 0.
1533693995 1 15874.8945312 0. 6.65885335447e-22 0.
1533694055 1 16026.2041016 0. 6.73473871371e-22 0.
1533694115 1 15892.3183594 0. 6.69068487134e-22 0.
1533694175 1 15928.0351562 0. 6.7185250823e-22 0.
1533694236 1 15871.1943359 0. 6.70788023677e-22 0.
1533694296 1 15823.5117188 0. 6.70129726295e-22 0.
1533694356 1 15716.2353516 0. 6.67010441211e-22 0.
1533694416 1 15701.8193359 0. 6.67719246091e-22 0.
1533694476 1 15650.9970703 0. 6.66892800792e-22 0.
1533694536 1 15548.5263672 0. 6.63978475431e-22 0.
1533694596 1 15486.5576172 0. 6.62633727756e-22 0.
1533694656 1 15416.6191406 0. 6.60940651676e-22 0.
1533694699 1 15263.6806641 0. 6.55293899501e-22 0.
1533694743 1 15393.9091797 0. 6.61751250619e-22 0.
1533694803 1 15289.2880859 0. 6.58405514833e-22 0.
1533694863 1 15223.5625 0. 6.56732250621e-22 0.
1533694923 1 15151.3554688 0. 6.54768346689e-22 0.
1533694984 1 15141.5556641 0. 6.55475439149e-22 0.
1533695044 1 15096.5175781 0. 6.54624830229e-22 0.
1533695104 1 15018.4726562 0. 6.52361874077e-22 0.
1533695145 1 14936.1171875 0. 6.49493612679e-22 0.
1533695186 1 14906.9775391 0. 6.48984806425e-22 0.
1533695246 1 14848.3652344 0. 6.47520061505e-22 0.
1533695306 1 14812.5800781 0. 6.47036910796e-22 0.
1533695366 1 14780.6601562 0. 6.4673371955e-22 0.
1533695427 1 14717.7773438 0. 6.45042234038e-22 0.
1533695487 1 14653.2001953 0. 6.43275430343e-22 0.
1533695547 1 14618.9824219 0. 6.42815070098e-22 0.
1533695607 1 14589.7734375 0. 6.42554057775e-22 0.
1533695667 1 14538.7480469 0. 6.41358433485e-22 0.
1533695727 1 14543.8222656 0. 6.42591854111e-22 0.
1533695788 1 14490.3144531 0. 6.41281910638e-22 0.
1533695848 1 14419.7714844 0. 6.39183160821e-22 0.
1533695908 1 14360.4951172 0. 6.3758206184e-22 0.
1533695969 1 14311.9570312 0. 6.36402448739e-22 0.
1533696029 1 14248.6435547 0. 6.34588822077e-22 0.
1533696089 1 14238.0605469 0. 6.35098021994e-22 0.
1533696149 1 14178.7724609 0. 6.33449043835e-22 0.
1533696209 1 14123.4726562 0. 6.31933473592e-22 0.
1533696269 1 14123.9052734 0. 6.32960058146e-22 0.
1533696329 1 14035.9287109 0. 6.30004933021e-22 0.
1533696376 1 13988.1533203 0. 6.28599741528e-22 0.
1533696423 1 13960.8515625 0. 6.28150173973e-22 0.
1533696483 1 13929.9902344 0. 6.27729105591e-22 0.
1533696543 1 13869.0683594 0. 6.25938074873e-22 0.
1533696588 1 13805.6777344 0. 6.23762678535e-22 0.
1533696633 1 13780.59375 0. 6.23372136779e-22 0.
1533696693 1 13585.2587891 0. 6.15461058769e-22 0.
1533696754 1 14206.9599609 0. 6.44668984095e-22 0.
1533696814 1 13842.4863281 0. 6.28988282358e-22 0.
1533696874 1 15535.5859375 0. 7.07012731744e-22 0.
1533696934 1 15506.3837891 0. 7.06828941762e-22 0.
1533696970 1 15484.8173828 0. 7.06478357888e-22 0.
1533697005 1 15464.5898438 0. 7.0627100656e-22 0.
1533697065 1 15423.6542969 0. 7.05535749273e-22 0.
1533697125 1 15392.0195312 0. 7.05230978181e-22 0.
1533697186 1 15414.8447266 0. 7.07407325622e-22 0.
1533697246 1 15382.2441406 0. 7.07020306499e-22 0.
1533697306 1 15338.1220703 0. 7.06110915742e-22 0.
1533697366 1 15309.6191406 0. 7.05937406732e-22 0.
1533697426 1 15271.5791016 0. 7.05288984604e-22 0.
1533697486 1 15238.4296875 0. 7.04852486178e-22 0.
1533697546 1 15208.2246094 0. 7.04567353402e-22 0.
1533697597 1 15187.3710938 0. 7.04539868864e-22 0.
1533697649 1 15156.0390625 0. 7.04027563685e-22 0.
1533697709 1 15123.6279297 0. 7.03625565887e-22 0.
1533697769 1 15094.3574219 0. 7.03348237989e-22 0.
1533697829 1 15054.4228516 0. 7.02578916461e-22 0.
1533697873 1 15040.6943359 0. 7.02709818926e-22 0.
1533697916 1 15018.4697266 0. 7.02486208644e-22 0.
1533697977 1 14985.7509766 0. 7.02051172419e-22 0.
1533698037 1 14956.4023438 0. 7.01744117053e-22 0.
1533698097 1 14921.7207031 0. 7.01222451209e-22 0.
1533698158 1 14913.6494141 0. 7.01910800971e-22 0.
1533698218 1 14912.4277344 0. 7.03002599061e-22 0.
1533698278 1 14876.8984375 0. 7.02379482129e-22 0.
1533698338 1 14847.2119141 0. 7.02041221169e-22 0.
1533698398 1 14812.3671875 0. 7.01529953271e-22 0.
1533698458 1 14784.4199219 0. 7.01290920413e-22 0.
1533698518 1 14753.3037109 0. 7.00871056921e-22 0.
1533698579 1 14727.0234375 0. 7.00737209189e-22 0.
1533698639 1 14689.2783203 0. 7.00012668199e-22 0.
1533698699 1 14663.0996094 0. 6.99825437089e-22 0.
1533698759 1 14631.4414062 0. 6.9937907612e-22 0.
1533698819 1 14600.0751953 0. 6.98932696128e-22 0.
1533698880 1 14557.6650391 0. 6.97974698779e-22 0.
1533698932 1 14539.3720703 0. 6.98007306598e-22 0.
1533698984 1 14511.1191406 0. 6.97564501098e-22 0.
1533699042 1 14481.8779297 0. 6.97187483159e-22 0.
1533699100 1 14445.8710938 0. 6.96439133443e-22 0.
1533699160 1 14414.3447266 0. 6.95956615306e-22 0.
1533699220 1 14429.2490234 0. 6.97728305869e-22 0.
1533699280 1 14401.2949219 0. 6.97477198692e-22 0.
1533699340 1 14369.1982422 0. 6.96999378999e-22 0.
1533699400 1 14343.0849609 0. 6.9679899143e-22 0.
1533699461 1 14306.3515625 0. 6.9606432084e-22 0.
1533699521 1 14269.5068359 0. 6.95312573883e-22 0.
1533699581 1 14245.703125 0. 6.95168128045e-22 0.
1533699641 1 14213.8867188 0. 6.94653179464e-22 0.
1533699701 1 14166.5361328 0. 6.93358432168e-22 0.
1533699761 1 14125.9902344 0. 6.92371924338e-22 0.
1533699821 1 14109.5839844 0. 6.92629285465e-22 0.
1533699881 1 14085.2626953 0. 6.92453017871e-22 0.
1533699941 1 14063.0234375 0. 6.92378814022e-22 0.
1533700002 1 14012.109375 0. 6.90906017719e-22 0.
1533700051 1 14010.2685547 0. 6.91657794535e-22 0.
1533700100 1 13981.5351562 0. 6.91069850932e-22 0.
1533700160 1 13963.5009766 0. 6.91189338728e-22 0.
1533700220 1 13944.84375 0. 6.91302258241e-22 0.
1533700280 1 13982.5068359 0. 6.94225976573e-22 0.
1533700340 1 13937.6425781 0. 6.93039895561e-22 0.
1533700401 1 13911.2949219 0. 6.92755032868e-22 0.
1533700461 1 13872.5009766 0. 6.91866870912e-22 0.
1533700521 1 13847.375 0. 6.91624316677e-22 0.
1533700581 1 13826.2714844 0. 6.91606386659e-22 0.
1533700641 1 13800.28125 0. 6.91304993565e-22 0.
1533700701 1 13760.1513672 0. 6.90320929286e-22 0.
1533700761 1 13753.4707031 0. 6.91014548579e-22 0.
1533700821 1 13702.7802734 0. 6.89476036601e-22 0.
1533700882 1 13689.1621094 0. 6.89843556596e-22 0.
1533700942 1 13650.6894531 0. 6.88907714658e-22 0.
1533701002 1 13619.9648438 0. 6.8837764469e-22 0.
1533701057 1 13603.2714844 0. 6.88465143117e-22 0.
1533701105 1 13580.3164062 0. 6.88122907629e-22 0.
1533701159 1 13551.2900391 0. 6.87564505024e-22 0.
1533701219 1 13509.1416016 0. 6.86406111105e-22 0.
1533701279 1 13503.359375 0. 6.87110747035e-22 0.
1533701339 1 13483.9345703 0. 6.87105610636e-22 0.
1533701399 1 13471.5058594 0. 6.87481420795e-22 0.
1533701459 1 13445.3955078 0. 6.87181432736e-22 0.
1533701519 1 13420.1025391 0. 6.86894521726e-22 0.
1533701580 1 13390.4160156 0. 6.86369677662e-22 0.
1533701640 1 13347.9296875 0. 6.85200714938e-22 0.
1533701700 1 13319.9492188 0. 6.84760972148e-22 0.
1533701760 1 13284.3574219 0. 6.83915098714e-22 0.
1533701820 1 13245.078125 0. 6.829104222e-22 0.
1533701881 1 13224.6044922 0. 6.82846596509e-22 0.
1533701941 1 13153.4902344 0. 6.80170544666e-22 0.
1533702001 1 13177.5888672 0. 6.82421555254e-22 0.
1533702061 1 13138.7890625 0. 6.8142833558e-22 0.
1533702104 1 13112.234375 0. 6.80747909202e-22 0.
1533702148 1 13103.6523438 0. 6.80976841701e-22 0.
1533702208 1 13069.0527344 0. 6.80192424518e-22 0.
1533702269 1 13028.6455078 0. 6.79071872622e-22 0.
1533702329 1 13005.4736328 0. 6.78863194436e-22 0.
1533702389 1 12980.7929688 0. 6.78569832899e-22 0.
1533702449 1 12978.9697266 0. 6.79438795129e-22 0.
1533702509 1 12977.5751953 0. 6.80360902873e-22 0.
1533702569 1 12979.2275391 0. 6.81482993163e-22 0.
1533702629 1 12953.9589844 0. 6.81111501044e-22 0.
1533702689 1 12915.3310547 0. 6.80076964654e-22 0.
1533702749 1 12879.6376953 0. 6.79237935018e-22 0.
1533702809 1 12846.0380859 0. 6.78480693427e-22 0.
1533702869 1 12798.5244141 0. 6.76944229043e-22 0.
1533702930 1 12812.9003906 0. 6.78718652715e-22 0.
1533702990 1 12765.5625 0. 6.77224723365e-22 0.
1533703050 1 12738.1445312 0. 6.76754571317e-22 0.
1533703110 1 12723.5820312 0. 6.76939014595e-22 0.
1533703170 1 12689.5664062 0. 6.7608226587e-22 0.
1533703230 1 12655.6445312 0. 6.75250105387e-22 0.
1533703275 1 12630.9863281 0. 6.74631568266e-22 0.
1533703306 1 12616.8017578 0. 6.74418728084e-22 0.
1533703354 1 12599.0625 0. 6.7425551016e-22 0.
1533703414 1 12575.7734375 0. 6.73993221274e-22 0.
1533703474 1 12543.6269531 0. 6.73238146131e-22 0.
1533703535 1 12549.28125 0. 6.74545989925e-22 0.
1533703595 1 12511.4091797 0. 6.7349560036e-22 0.
1533703655 1 12513.9882812 0. 6.74579004692e-22 0.
1533703715 1 12477.6660156 0. 6.73623008168e-22 0.
1533703775 1 12453.0380859 0. 6.73266182927e-22 0.
1533703835 1 12434.5429688 0. 6.73239633624e-22 0.
1533703895 1 12405.6992188 0. 6.72658688124e-22 0.
1533703955 1 12364.3388672 0. 6.71397489465e-22 0.
1533704016 1 12324.71875 0. 6.70212714555e-22 0.
1533704076 1 12292.3251953 0. 6.69387916218e-22 0.
1533704136 1 12254.1582031 0. 6.68263656045e-22 0.
1533704196 1 12239.4609375 0. 6.6844911128e-22 0.
1533704249 1 12201.6621094 0. 6.67251831394e-22 0.
1533704303 1 12165.5234375 0. 6.66125404681e-22 0.
1533704363 1 12156.8291016 0. 6.66608340425e-22 0.
1533704423 1 12152.7802734 0. 6.67342516321e-22 0.
1533704483 1 11844.4208984 0. 6.51343214414e-22 0.
1533704543 1 11399.1484375 0. 6.278311266e-22 0.
1533704604 1 11518.5595703 0. 6.35216783474e-22 0.
1533704664 1 12423.0410156 0. 6.86089642665e-22 0.
1533704724 1 12393.9501953 0. 6.85484993768e-22 0.
1533704784 1 12399.5068359 0. 6.86801510137e-22 0.
1533704844 1 12400.5263672 0. 6.87856507965e-22 0.
1533704904 1 12374.1494141 0. 6.87403707191e-22 0.
1533704964 1 12351.1123047 0. 6.87147340434e-22 0.
1533705024 1 12327.2861328 0. 6.86851199694e-22 0.
1533705085 1 12300.8486328 0. 6.86361101631e-22 0.
1533705145 1 12272.9345703 0. 6.8580436736e-22 0.
1533705205 1 12253.015625 0. 6.8567195044e-22 0.
1533705265 1 12233.5 0. 6.85603190001e-22 0.
1533705325 1 12206.6367188 0. 6.85095961921e-22 0.
1533705385 1 12185.6425781 0. 6.84900187096e-22 0.
1533705436 1 12172.5527344 0. 6.85028392702e-22 0.
1533705463 1 12160.6835938 0. 6.8476948047e-22 0.
1533705490 1 12149.3740234 0. 6.84635859804e-22 0.
1533705516 1 12138.2773438 0. 6.84397705433e-22 0.
1533705546 1 12130.6914062 0. 6.84500828338e-22 0.
1533705601 1 12105.6474609 0. 6.83936447091e-22 0.
1533705661 1 12081.6181641 0. 6.83584184821e-22 0.
1533705721 1 12061.6660156 0. 6.83478706226e-22 0.
1533705781 1 12035.796875 0. 6.82991892601e-22 0.
1533705842 1 12019.9960938 0. 6.8307922393e-22 0.
1533705902 1 12029.7402344 0. 6.84630284084e-22 0.
1533705962 1 12012.9951172 0. 6.84693010895e-22 0.
1533706022 1 11977.9755859 0. 6.83688295049e-22 0.
1533706082 1 11958.2636719 0. 6.8356911144e-22 0.
1533706125 1 11942.203125 0. 6.83389511254e-22 0.
1533706168 1 11928.6064453 0. 6.83328010791e-22 0.
1533706229 1 11907.6914062 0. 6.83110639993e-22 0.
1533706289 1 11889.2646484 0. 6.83067752183e-22 0.
1533706349 1 11864.3496094 0. 6.82665167373e-22 0.
1533706409 1 11844.0859375 0. 6.82507048946e-22 0.
1533706469 1 11822.8398438 0. 6.82305461986e-22 0.
1533706529 1 11809.3554688 0. 6.82442816311e-22 0.
1533706590 1 11782.9833984 0. 6.81956442757e-22 0.
1533706650 1 11759.6699219 0. 6.81601472729e-22 0.
1533706710 1 11741.5703125 0. 6.81520817042e-22 0.
1533706753 1 11721.3583984 0. 6.81008875935e-22 0.
1533706796 1 11712.2597656 0. 6.81226219453e-22 0.
1533706856 1 11687.7490234 0. 6.80789437464e-22 0.
1533706916 1 11666.3173828 0. 6.80532934124e-22 0.
1533706976 1 11641.2001953 0. 6.8005955451e-22 0.
1533707036 1 11629.2382812 0. 6.80335660153e-22 0.
1533707096 1 11639.1640625 0. 6.81916643426e-22 0.
1533707157 1 11612.0888672 0. 6.81353732114e-22 0.
1533707217 1 11592.6347656 0. 6.81163490944e-22 0.
1533707277 1 11573.6621094 0. 6.81013449618e-22 0.
1533707337 1 11551.6982422 0. 6.80747766159e-22 0.
1533707397 1 11527.2363281 0. 6.80306043431e-22 0.
1533707457 1 11500.1689453 0. 6.79739153666e-22 0.
1533707517 1 11473.7792969 0. 6.79169396287e-22 0.
1533707577 1 11440.5751953 0. 6.78197851637e-22 0.
1533707638 1 11436.7548828 0. 6.78997160582e-22 0.
1533707698 1 11419.7382812 0. 6.7895822049e-22 0.
1533707758 1 11396.1044922 0. 6.78537686728e-22 0.
1533707818 1 11375.6123047 0. 6.78313977703e-22 0.
1533707861 1 11359.0664062 0. 6.78023481269e-22 0.
1533707904 1 11342.0556641 0. 6.77722511916e-22 0.
1533707964 1 11322.7509766 0. 6.77551677142e-22 0.
1533708024 1 11296.1201172 0. 6.76945277257e-22 0.
1533708084 1 11276.8085938 0. 6.76760975672e-22 0.
1533708144 1 11255.6806641 0. 6.7647624782e-22 0.
1533708194 1 11233.4960938 0. 6.75976675242e-22 0.
1533708244 1 11260.2216797 0. 6.78435756709e-22 0.
1533708304 1 11226.5078125 0. 6.77372439066e-22 0.
1533708365 1 11221.8837891 0. 6.78091045905e-22 0.
1533708425 1 11207.5351562 0. 6.78214168024e-22 0.
1533708485 1 11189.4335938 0. 6.78101170957e-22 0.
1533708545 1 11168.5537109 0. 6.77841678707e-22 0.
1533708605 1 11144.3691406 0. 6.77377194344e-22 0.
1533708665 1 11124.9013672 0. 6.7718310727e-22 0.
1533708726 1 11103.8945312 0. 6.76919310819e-22 0.
1533708786 1 11080.6298828 0. 6.76513499122e-22 0.
1533708846 1 11063.8808594 0. 6.76461981046e-22 0.
1533708906 1 11045.1455078 0. 6.7629920173e-22 0.
1533708963 1 11019.4501953 0. 6.75653890583e-22 0.
1533709019 1 10992.5859375 0. 6.749324169e-22 0.
1533709064 1 10984.0839844 0. 6.7512107953e-22 0.
1533709109 1 10954.6992188 0. 6.74055397869e-22 0.
1533709158 1 10938.2519531 0. 6.73831299849e-22 0.
1533709207 1 10917.1425781 0. 6.73320014776e-22 0.
1533709267 1 10917.2275391 0. 6.74336033143e-22 0.
1533709327 1 10897.3339844 0. 6.74123372349e-22 0.
1533709387 1 10917.1044922 0. 6.76344319857e-22 0.
1533709447 1 10891.2841797 0. 6.7573804339e-22 0.
1533709507 1 10870.2978516 0. 6.75417646707e-22 0.
1533709568 1 10849.4882812 0. 6.75126328654e-22 0.
1533709628 1 10833.6816406 0. 6.75146124548e-22 0.
1533709688 1 10818.7880859 0. 6.75211808574e-22 0.
1533709748 1 10799.40625 0. 6.74967014596e-22 0.
1533709808 1 10782.6455078 0. 6.74912143821e-22 0.
1533709858 1 10757.7695312 0. 6.74169782935e-22 0.
1533709908 1 10760.4306641 0. 6.75140459486e-22 0.
1533709951 1 10740.0947266 0. 6.74525975067e-22 0.
1533709969 1 10733.28125 0. 6.74404104525e-22 0.
1533709982 1 10730.0009766 0. 6.74403236104e-22 0.
1533709994 1 10726.2773438 0. 6.74389764254e-22 0.
1533710005 1 10717.2578125 0. 6.74001632336e-22 0.
1533710015 1 10712.9648438 0. 6.73905691189e-22 0.
1533710042 1 10701.21875 0. 6.73588923127e-22 0.
1533710093 1 10695.4072266 0. 6.74069864729e-22 0.
1533710128 1 10680.0859375 0. 6.73637962576e-22 0.
1533710164 1 10669.1748047 0. 6.73590936213e-22 0.
1533710224 1 10645.9150391 0. 6.73081486397e-22 0.
1533710284 1 10623.4990234 0. 6.72695654547e-22 0.
1533710344 1 10598.546875 0. 6.7211266531e-22 0.
1533710387 1 10583.0195312 0. 6.71775124056e-22 0.
1533710430 1 10569.3144531 0. 6.71611361173e-22 0.
1533710468 1 10563.9111328 0. 6.71828907651e-22 0.
1533710505 1 10553.3164062 0. 6.71795983702e-22 0.
1533710550 1 10537.3427734 0. 6.71503178074e-22 0.
1533710595 1 10529.0966797 0. 6.71724161653e-22 0.
1533710655 1 10541.9052734 0. 6.73551949565e-22 0.
1533710716 1 10526.5429688 0. 6.73547201979e-22 0.
1533710776 1 10499.7871094 0. 6.72818567323e-22 0.
1533710836 1 10493.0634766 0. 6.73370213649e-22 0.
1533710896 1 10474.0742188 0. 6.73119954659e-22 0.
1533710956 1 10455.4160156 0. 6.72891955112e-22 0.
1533711016 1 10428.7851562 0. 6.72149435683e-22 0.
1533711077 1 10410.4804688 0. 6.7194571295e-22 0.
1533711137 1 10399.7890625 0. 6.72225118566e-22 0.
1533711197 1 10380.7714844 0. 6.71988208971e-22 0.
1533711257 1 10364.0751953 0. 6.71910808995e-22 0.
1533711317 1 10351.3193359 0. 6.72059438826e-22 0.
1533711377 1 10335.7441406 0. 6.72033822542e-22 0.
1533711437 1 10318.4833984 0. 6.71871475153e-22 0.
1533711497 1 10297.5634766 0. 6.71482125448e-22 0.
1533711558 1 10273.6865234 0. 6.708971514e-22 0.
1533711618 1 10254.0634766 0. 6.7058540348e-22 0.
1533711678 1 10231.2998047 0. 6.70080670243e-22 0.
1533711722 1 10231.8867188 0. 6.70826922657e-22 0.
1533711766 1 10219.4384766 0. 6.70736261228e-22 0.
1533711827 1 10212.84375 0. 6.7128318414e-22 0.
1533711879 1 10215.2480469 0. 6.72301962325e-22 0.
1533711928 1 10193.5771484 0. 6.71658780964e-22 0.
1533711985 1 10183.6484375 0. 6.71904160576e-22 0.
1533712045 1 10167.2890625 0. 6.71802490036e-22 0.
1533712105 1 10148.0898438 0. 6.71519343858e-22 0.
1533712165 1 10128.4042969 0. 6.71174250824e-22 0.
1533712225 1 10114.6337891 0. 6.71248135927e-22 0.
1533712285 1 10095.0742188 0. 6.70943126389e-22 0.
1533712346 1 10078.7509766 0. 6.70810806883e-22 0.
1533712406 1 10062.5703125 0. 6.70719866104e-22 0.
1533712466 1 10046.203125 0. 6.70618381299e-22 0.
1533712526 1 10033.5009766 0. 6.70741067075e-22 0.
1533712586 1 10007.6591797 0. 6.69977829578e-22 0.
1533712646 1 10001.2148438 0. 6.70511619975e-22 0.
1533712706 1 9974.19628906 0. 6.69657084049e-22 0.
1533712767 1 9954.42773438 0. 6.69292044514e-22 0.
1533712827 1 9942.04882812 0. 6.6942386373e-22 0.
1533712887 1 9931.23339844 0. 6.69659063593e-22 0.
1533712947 1 9915.43652344 0. 6.69550930722e-22 0.
1533713007 1 9893.27246094 0. 6.6903584848e-22 0.
1533713067 1 9876.57519531 0. 6.68876545651e-22 0.
1533713127 1 9883.70019531 0. 6.70301286611e-22 0.
1533713188 1 9871.68457031 0. 6.7046143959e-22 0.
1533713248 1 9848.38964844 0. 6.6988669562e-22 0.
1533713308 1 9832.64257812 0. 6.69776753671e-22 0.
1533713368 1 9819.89941406 0. 6.69829938351e-22 0.
1533713428 1 9805.38671875 0. 6.69780513882e-22 0.
1533713488 1 9792.77148438 0. 6.69880299668e-22 0.
1533713548 1 9774.34375 0. 6.69603328682e-22 0.
1533713606 1 9754.78515625 0. 6.69193906389e-22 0.
1533713664 1 9738.69238281 0. 6.69042806417e-22 0.
1533713724 1 9718.97070312 0. 6.68630704157e-22 0.
1533713784 1 9699.46679688 0. 6.6823898039e-22 0.
1533713844 1 9696.10839844 0. 6.68944460595e-22 0.
1533713905 1 9680.22753906 0. 6.68817175264e-22 0.
1533713965 1 9656.01464844 0. 6.68089594386e-22 0.
1533714020 1 9634.05761719 0. 6.67453124697e-22 0.
1533714075 1 9616.09472656 0. 6.67096167813e-22 0.
1533714135 1 9596.98242188 0. 6.66727906925e-22 0.
1533714195 1 9575.83398438 0. 6.66238484283e-22 0.
1533714255 1 9558.46386719 0. 6.65976419142e-22 0.
1533714315 1 9541.28808594 0. 6.6574206141e-22 0.
1533714375 1 9537.14648438 0. 6.66361971036e-22 0.
1533714436 1 9548.01464844 0. 6.6812756458e-22 0.
1533714496 1 9516.0625 0. 6.66859824254e-22 0.
1533714556 1 9516.58203125 0. 6.67872887102e-22 0.
1533714616 1 9486.71289062 0. 6.66794582428e-22 0.
1533714676 1 9472.91699219 0. 6.66788670104e-22 0.
1533714736 1 9453.97753906 0. 6.66382464783e-22 0.
1533714796 1 9436.14257812 0. 6.66088261983e-22 0.
1533714857 1 9413.61523438 0. 6.65472037301e-22 0.
1533714917 1 9401.98828125 0. 6.65607821352e-22 0.
1533714977 1 9382.98535156 0. 6.65205396127e-22 0.
1533715037 1 9357.14355469 0. 6.64320286728e-22 0.
1533715097 1 9353.11523438 0. 6.64983533029e-22 0.
1533715157 1 9342.4296875 0. 6.65184473578e-22 0.
1533715217 1 9312.203125 0. 6.63985653996e-22 0.
1533715278 1 9291.21972656 0. 6.63409636506e-22 0.
1533715313 1 9287.94042969 0. 6.63704162978e-22 0.
1533715348 1 9274.05761719 0. 6.63307417583e-22 0.
1533715409 1 9260.55175781 0. 6.63254899235e-22 0.
1533715469 1 9235.82421875 0. 6.62444548679e-22 0.
1533715529 1 9237.83886719 0. 6.63539790214e-22 0.
1533715589 1 9212.39257812 0. 6.62669819092e-22 0.
1533715649 1 9190.14257812 0. 6.61994953343e-22 0.
1533715709 1 9169.40429688 0. 6.61426027616e-22 0.
1533715769 1 9186.9453125 0. 6.63623317267e-22 0.
1533715830 1 9164.60253906 0. 6.62985042997e-22 0.
1533715890 1 9157.11621094 0. 6.63392586325e-22 0.
1533715931 1 9142.4375 0. 6.6295230916e-22 0.
1533715973 1 9125.71972656 0. 6.62450463265e-22 0.
1533716033 1 9117.46582031 0. 6.62779400233e-22 0.
1533716093 1 9287.34472656 0. 6.76159317255e-22 0.
1533716154 1 9780.66796875 0. 7.13527353102e-22 0.
1533716214 1 9738.06933594 0. 7.11851363687e-22 0.
1533716274 1 9478.40234375 0. 6.94217533507e-22 0.
1533716334 1 9275.859375 0. 6.80656874619e-22 0.
1533716394 1 9829.19335938 0. 7.2260751371e-22 0.
1533716454 1 9835.93066406 0. 7.2445703837e-22 0.
1533716515 1 9816.06542969 0. 7.24354520102e-22 0.
1533716575 1 9786.9453125 0. 7.23538310094e-22 0.
1533716635 1 9765.18066406 0. 7.23255096055e-22 0.
1533716695 1 9752.609375 0. 7.2363941741e-22 0.
1533716755 1 9735.55175781 0. 7.23726517324e-22 0.
1533716815 1 9709.63085938 0. 7.23106362951e-22 0.
1533716875 1 9692.07617188 0. 7.23110547823e-22 0.
1533716935 1 9665.35351562 0. 7.22418501079e-22 0.
1533716996 1 9652.67089844 0. 7.2277843119e-22 0.
1533717056 1 9630.3359375 0. 7.22408757882e-22 0.
1533717116 1 9614.59863281 0. 7.22531374783e-22 0.
1533717176 1 9593.59960938 0. 7.22261868972e-22 0.
1533717236 1 9569.20410156 0. 7.217325701e-22 0.
1533717296 1 9553.61621094 0. 7.21840183443e-22 0.
1533717357 1 9532.91308594 0. 7.21560517346e-22 0.
1533717417 1 9518.88085938 0. 7.21806077094e-22 0.
1533717477 1 9499.23730469 0. 7.21614044035e-22 0.
1533717537 1 9479.57226562 0. 7.21377840122e-22 0.
1533717597 1 9458.16796875 0. 7.20993530058e-22 0.
1533717657 1 9445.05175781 0. 7.21299792362e-22 0.
1533717718 1 9422.58398438 0. 7.20846208485e-22 0.
1533717778 1 9398.98339844 0. 7.20313370894e-22 0.
1533717838 1 9389.81738281 0. 7.20919890096e-22 0.
1533717898 1 9371.8515625 0. 7.20810237263e-22 0.
1533717958 1 9353.62402344 0. 7.20691613948e-22 0.
1533718018 1 9342.16894531 0. 7.21061464089e-22 0.
1533718078 1 9323.29785156 0. 7.20850753411e-22 0.
1533718139 1 9298.93457031 0. 7.20236998133e-22 0.
1533718199 1 9276.51953125 0. 7.19771569715e-22 0.
1533718259 1 9262.15722656 0. 7.19896554587e-22 0.
1533718319 1 9243.21875 0. 7.19653388066e-22 0.
1533718379 1 9226.46191406 0. 7.19586112704e-22 0.
1533718439 1 9209.61914062 0. 7.19491391464e-22 0.
1533718499 1 9192.09863281 0. 7.19369061806e-22 0.
1533718559 1 9169.39160156 0. 7.18782215217e-22 0.
1533718619 1 9162.40039062 0. 7.19415248834e-22 0.
1533718680 1 9138.95507812 0. 7.18847735098e-22 0.
1533718740 1 9128.5546875 0. 7.19247028091e-22 0.
1533718800 1 9103.49707031 0. 7.18513524356e-22 0.
1533718860 1 9089.89355469 0. 7.18651186112e-22 0.
1533718920 1 9071.61132812 0. 7.18396577915e-22 0.
1533718980 1 9056.31054688 0. 7.18400537626e-22 0.
1533719041 1 9031.87695312 0. 7.17649584122e-22 0.
1533719101 1 9019.0625 0. 7.17804460085e-22 0.
1533719161 1 9003.51269531 0. 7.17766673343e-22 0.
1533719221 1 8986.58886719 0. 7.17635764935e-22 0.
1533719281 1 8967.35644531 0. 7.17324029525e-22 0.
1533719341 1 8953.6328125 0. 7.17412722839e-22 0.
1533719401 1 8932.18359375 0. 7.16893073062e-22 0.
1533719461 1 8916.05664062 0. 7.16783383826e-22 0.
1533719522 1 8899.26855469 0. 7.16644612422e-22 0.
1533719582 1 8886.84472656 0. 7.16788530332e-22 0.
1533719642 1 8877.29589844 0. 7.17217210304e-22 0.
1533719702 1 8853.40136719 0. 7.16477391968e-22 0.
1533719762 1 8842.59179688 0. 7.16757627133e-22 0.
1533719822 1 8820.32714844 0. 7.16168372586e-22 0.
1533719857 1 8821.69238281 0. 7.16898872366e-22 0.
1533719893 1 8806.58789062 0. 7.16484016327e-22 0.
1533719953 1 8780.61230469 0. 7.15536765314e-22 0.
1533720013 1 8769.30761719 0. 7.15796694095e-22 0.
1533720074 1 8752.82617188 0. 7.15617169475e-22 0.
1533720134 1 8733.94042969 0. 7.15262866169e-22 0.
1533720194 1 8725.55859375 0. 7.15716906216e-22 0.
1533720254 1 8708.70410156 0. 7.15490887328e-22 0.
1533720314 1 8690.36132812 0. 7.15158881376e-22 0.
1533720374 1 8676.24902344 0. 7.15205068669e-22 0.
1533720434 1 8663.70410156 0. 7.15312603582e-22 0.
1533720495 1 8647.26757812 0. 7.15123358152e-22 0.
1533720555 1 8621.59082031 0. 7.14176762714e-22 0.
1533720615 1 8611.08300781 0. 7.1443626782e-22 0.
1533720675 1 8592.6796875 0. 7.14080779292e-22 0.
1533720735 1 8570.08007812 0. 7.13433410459e-22 0.
1533720796 1 8568.64355469 0. 7.14593432229e-22 0.
1533720856 1 8551.28808594 0. 7.14404038487e-22 0.
1533720916 1 8524.79980469 0. 7.13393029728e-22 0.
1533720976 1 8519.05175781 0. 7.14162069937e-22 0.
1533721036 1 8503.13183594 0. 7.1403835705e-22 0.
1533721096 1 8487.58691406 0. 7.13918454769e-22 0.
1533721156 1 8463.72460938 0. 7.1304061485e-22 0.
1533721217 1 8456.66894531 0. 7.13526327369e-22 0.
1533721277 1 8440.89160156 0. 7.13346488259e-22 0.
1533721337 1 8424.06347656 0. 7.13084286668e-22 0.
1533721397 1 8410.31347656 0. 7.13074029388e-22 0.
1533721457 1 8385.703125 0. 7.12125324354e-22 0.
1533721517 1 8372.46679688 0. 7.12144643521e-22 0.
1533721577 1 8351.87988281 0. 7.11516859788e-22 0.
1533721637 1 8338.8984375 0. 7.11521132746e-22 0.
1533721673 1 8326.78710938 0. 7.11111432151e-22 0.
1533721708 1 8318.37011719 0. 7.11089398757e-22 0.
1533721768 1 8298.29492188 0. 7.1046121553e-22 0.
1533721828 1 8280.12792969 0. 7.09999193666e-22 0.
1533721889 1 8259.46582031 0. 7.0932664293e-22 0.
1533721949 1 8243.2265625 0. 7.09056925715e-22 0.
1533722009 1 8216.66601562 0. 7.07903230274e-22 0.
1533722069 1 8211.49902344 0. 7.08536564174e-22 0.
1533722129 1 8192.76074219 0. 7.08054510697e-22 0.
1533722189 1 8175.96191406 0. 7.0768639076e-22 0.
1533722249 1 8159.99951172 0. 7.07385945248e-22 0.
1533722309 1 8142.6328125 0. 7.06974767217e-22 0.
1533722369 1 8127.79589844 0. 7.06789337183e-22 0.
1533722430 1 8108.87109375 0. 7.06221737203e-22 0.
1533722490 1 8110.30957031 0. 7.07417618245e-22 0.
1533722550 1 8074.57910156 0. 7.0543183296e-22 0.
1533722610 1 8060.54003906 0. 7.05295877587e-22 0.
1533722670 1 8047.05664062 0. 7.05210854728e-22 0.
1533722730 1 8048.2109375 0. 7.06394432127e-22 0.
1533722790 1 8029.46875 0. 7.05779390333e-22 0.
1533722850 1 8019.16894531 0. 7.05916894265e-22 0.
1533722911 1 8008.11474609 0. 7.06015498491e-22 0.
1533722971 1 7997.3984375 0. 7.0615919722e-22 0.
1533723031 1 7984.78173828 0. 7.06187383618e-22 0.
1533723091 1 7974.14697266 0. 7.06361822264e-22 0.
1533723151 1 7966.07080078 0. 7.06730060348e-22 0.
1533723212 1 7951.21923828 0. 7.06514041373e-22 0.
1533723272 1 7938.50634766 0. 7.06426714726e-22 0.
1533723332 1 7926.23095703 0. 7.06396893679e-22 0.
1533723392 1 7908.71240234 0. 7.05871496356e-22 0.
1533723452 1 7892.03613281 0. 7.05465951158e-22 0.
1533723512 1 7877.03759766 0. 7.05190413656e-22 0.
1533723572 1 7865.31054688 0. 7.05181927987e-22 0.
1533723623 1 7856.62451172 0. 7.05283988458e-22 0.
1533723673 1 7845.03515625 0. 7.05156233498e-22 0.
1533723734 1 7825.84179688 0. 7.04520761233e-22 0.
1533723794 1 7819.11962891 0. 7.04977502024e-22 0.
1533723854 1 7803.16650391 0. 7.0460181739e-22 0.
1533723914 1 7797.43310547 0. 7.05148074201e-22 0.
1533723974 1 7780.98974609 0. 7.04746610817e-22 0.
1533724034 1 7761.93408203 0. 7.04098653092e-22 0.
1533724095 1 7744.69824219 0. 7.03590367032e-22 0.
1533724155 1 7734.31494141 0. 7.036941976e-22 0.
1533724215 1 7723.23388672 0. 7.03734575387e-22 0.
1533724275 1 7709.51904297 0. 7.03565737522e-22 0.
1533724335 1 7693.14501953 0. 7.03124018072e-22 0.
1533724395 1 7685.50439453 0. 7.03462462156e-22 0.
1533724455 1 7671.97021484 0. 7.03253327174e-22 0.
1533724516 1 7665.54150391 0. 7.03676209944e-22 0.
1533724576 1 7644.01953125 0. 7.02734892876e-22 0.
1533724636 1 7633.97265625 0. 7.02841039112e-22 0.
1533724696 1 7616.96923828 0. 7.0231923406e-22 0.
1533724756 1 7598.55859375 0. 7.01670226304e-22 0.
1533724816 1 7592.66894531 0. 7.02147400529e-22 0.
1533724877 1 7572.10205078 0. 7.01305935918e-22 0.
1533724937 1 7567.31298828 0. 7.0189705441e-22 0.
1533724997 1 7558.01660156 0. 7.02051312791e-22 0.
1533725057 1 7538.11621094 0. 7.01275190958e-22 0.
1533725117 1 7530.34082031 0. 7.01563383082e-22 0.
1533725177 1 7511.63867188 0. 7.00853791659e-22 0.
1533725237 1 7507.80957031 0. 7.01513796353e-22 0.
1533725297 1 7479.00390625 0. 6.99878246303e-22 0.
1533725358 1 7481.75439453 0. 7.01176081714e-22 0.
1533725418 1 7462.76708984 0. 7.00446509667e-22 0.
1533725478 1 7448.02978516 0. 7.00089968007e-22 0.
1533725513 1 7420.62890625 0. 6.98101405649e-22 0.
1533725548 1 7435.79394531 0. 7.00147062904e-22 0.
1533725608 1 7424.16552734 0. 7.00058937531e-22 0.
1533725657 1 7412.26416016 0. 6.99737626991e-22 0.
1533725706 1 7398.23193359 0. 6.99255681959e-22 0.
1533725766 1 7401.90136719 0. 7.0059441872e-22 0.
1533725826 1 7381.4296875 0. 6.99680919575e-22 0.
1533725880 1 7369.49414062 0. 6.99458905013e-22 0.
1533725934 1 7358.42285156 0. 6.99325082751e-22 0.
1533725994 1 7342.53613281 0. 6.98815488783e-22 0.
1533726054 1 7326.88085938 0. 6.9836486713e-22 0.
1533726114 1 7312.04052734 0. 6.97944969356e-22 0.
1533726173 1 7301.86376953 0. 6.97966756283e-22 0.
1533726232 1 7293.97119141 0. 6.98193385636e-22 0.
1533726292 1 7271.70458984 0. 6.97053066051e-22 0.
1533726352 1 7270.35986328 0. 6.97926992473e-22 0.
1533726398 1 7252.49462891 0. 6.96957608106e-22 0.
1533726444 1 7235.78857422 0. 6.96115321511e-22 0.
1533726504 1 7229.35791016 0. 6.96496532031e-22 0.
1533726564 1 7210.83935547 0. 6.95764519471e-22 0.
1533726624 1 7194.23681641 0. 6.95170533904e-22 0.
1533726685 1 7182.47363281 0. 6.95030201867e-22 0.
1533726745 1 7169.66650391 0. 6.94804651244e-22 0.
1533726805 1 7158.68994141 0. 6.94719798488e-22 0.
1533726865 1 7146.00976562 0. 6.94467777397e-22 0.
1533726925 1 7113.578125 0. 6.92282457569e-22 0.
1533726985 1 7129.82958984 0. 6.94851932703e-22 0.
1533727045 1 7110.51171875 0. 6.93987681126e-22 0.
1533727106 1 7095.63378906 0. 6.93530247683e-22 0.
1533727166 1 7090.65966797 0. 6.94033004054e-22 0.
1533727226 1 7080.21630859 0. 6.93979695844e-22 0.
1533727286 1 7064.21386719 0. 6.93437341341e-22 0.
1533727346 1 7043.76904297 0. 6.92441198723e-22 0.
1533727406 1 7051.58105469 0. 6.94141862247e-22 0.
1533727467 1 7027.49267578 0. 6.92774709427e-22 0.
1533727527 1 7012.71337891 0. 6.92274065935e-22 0.
1533727587 1 6998.70410156 0. 6.91869069815e-22 0.
1533727647 1 6995.40722656 0. 6.92536804139e-22 0.
1533727707 1 6975.85009766 0. 6.91594023369e-22 0.
1533727767 1 6962.84716797 0. 6.91291667307e-22 0.
1533727827 1 6950.75878906 0. 6.91064538504e-22 0.
1533727887 1 7095.63818359 0. 7.06525579255e-22 0.
1533727948 1 7311.62841797 0. 7.29334249686e-22 0.
1533728008 1 7098.26513672 0. 7.09239261295e-22 0.
1533728068 1 6997.51416016 0. 7.00260896936e-22 0.
1533728128 1 7344.8828125 0. 7.36170738954e-22 0.
1533728188 1 7335.22509766 0. 7.36427633222e-22 0.
1533728248 1 7325.49707031 0. 7.36662500956e-22 0.
1533728308 1 7313.02197266 0. 7.36598096291e-22 0.
1533728369 1 7297.63867188 0. 7.3629404507e-22 0.
1533728429 1 7290.28955078 0. 7.3673866825e-22 0.
1533728489 1 7273.67138672 0. 7.36290983938e-22 0.
1533728549 1 7260.72851562 0. 7.36180338314e-22 0.
1533728609 1 7244.74951172 0. 7.35735993447e-22 0.
1533728669 1 7234.82519531 0. 7.35908430509e-22 0.
1533728729 1 7216.7890625 0. 7.35247521682e-22 0.
1533728789 1 7204.17138672 0. 7.3515990031e-22 0.
1533728849 1 7193.93164062 0. 7.35259328268e-22 0.
1533728910 1 7180.4296875 0. 7.35059257658e-22 0.
1533728970 1 7170.73339844 0. 7.35252608828e-22 0.
1533729030 1 7154.25976562 0. 7.34711658533e-22 0.
1533729090 1 7141.48535156 0. 7.34570368174e-22 0.
1533729150 1 7132.11474609 0. 7.34746077114e-22 0.
1533729210 1 7119.68310547 0. 7.34583470941e-22 0.
1533729270 1 7108.4609375 0. 7.34598669944e-22 0.
1533729330 1 7094.34472656 0. 7.34321880898e-22 0.
1533729391 1 7081.484375 0. 7.34118820938e-22 0.
1533729451 1 7072.45458984 0. 7.34340921891e-22 0.
1533729511 1 7055.28369141 0. 7.33708563802e-22 0.
1533729571 1 7040.20019531 0. 7.33307281754e-22 0.
1533729631 1 7030.91210938 0. 7.33483267236e-22 0.
1533729691 1 7021.20556641 0. 7.33603355106e-22 0.
1533729751 1 7003.43945312 0. 7.32874712217e-22 0.
1533729811 1 6988.22460938 0. 7.32464512443e-22 0.
1533729872 1 6976.43115234 0. 7.32363976564e-22 0.
1533729932 1 6966.390625 0. 7.3248996275e-22 0.
1533729992 1 6956.58789062 0. 7.32607419766e-22 0.
1533730052 1 6944.00146484 0. 7.32446235114e-22 0.
1533730112 1 6929.49267578 0. 7.32085985751e-22 0.
1533730172 1 6912.54101562 0. 7.31465998457e-22 0.
1533730232 1 6903.96435547 0. 7.3168012001e-22 0.
1533730292 1 6895.11132812 0. 7.31812426325e-22 0.
1533730353 1 6882.23828125 0. 7.31568409619e-22 0.
1533730413 1 6870.44091797 0. 7.31410897244e-22 0.
1533730473 1 6857.53173828 0. 7.31187439715e-22 0.
1533730533 1 6845.38964844 0. 7.30994945832e-22 0.
1533730593 1 6831.49365234 0. 7.30668544225e-22 0.
1533730653 1 6822.90869141 0. 7.30884564624e-22 0.
1533730693 1 6815.70019531 0. 7.30833858259e-22 0.
1533730734 1 6810.32275391 0. 7.31046163097e-22 0.
1533730794 1 6798.35498047 0. 7.30903653275e-22 0.
1533730855 1 6786.05908203 0. 7.30723594133e-22 0.
1533730915 1 6767.67773438 0. 7.29858777611e-22 0.
1533730975 1 6759.84912109 0. 7.30113248872e-22 0.
1533731035 1 6747.56933594 0. 7.29908697067e-22 0.
1533731095 1 6737.47900391 0. 7.29940340888e-22 0.
1533731155 1 6723.29248047 0. 7.29510946737e-22 0.
1533731215 1 6714.63476562 0. 7.29670355064e-22 0.
1533731276 1 6699.90673828 0. 7.29208621823e-22 0.
1533731336 1 6688.58349609 0. 7.29077342318e-22 0.
1533731396 1 6674.82714844 0. 7.28657481756e-22 0.
1533731456 1 6665.03222656 0. 7.28701746585e-22 0.
1533731516 1 6654.59912109 0. 7.28592637406e-22 0.
1533731577 1 6644.72363281 0. 7.28597680762e-22 0.
1533731637 1 6632.13378906 0. 7.28346915589e-22 0.
1533731697 1 6622.27392578 0. 7.28363655419e-22 0.
1533731757 1 6612.86816406 0. 7.28422911092e-22 0.
1533731817 1 6597.93115234 0. 7.2789870951e-22 0.
1533731878 1 6586.01708984 0. 7.2770943366e-22 0.
1533731938 1 6576.73193359 0. 7.2774304994e-22 0.
1533731998 1 6562.06201172 0. 7.27239152e-22 0.
1533732058 1 6548.02050781 0. 7.26747916783e-22 0.
1533732118 1 6540.51025391 0. 7.27009070616e-22 0.
1533732179 1 6533.47119141 0. 7.27281295448e-22 0.
1533732239 1 6522.15429688 0. 7.27062783703e-22 0.
1533732299 1 6509.81982422 0. 7.26740237746e-22 0.
1533732359 1 6497.65576172 0. 7.26494798608e-22 0.
1533732419 1 6485.41259766 0. 7.26220567784e-22 0.
1533732479 1 6478.671875 0. 7.26544433897e-22 0.
1533732539 1 6463.92919922 0. 7.25910398856e-22 0.
1533732599 1 6374.82177734 0. 7.16747647214e-22 0.
1533732660 1 6285.96044922 0. 7.07664407281e-22 0.
1533732720 1 6180.50390625 0. 6.96745668136e-22 0.
1533732780 1 6136.29248047 0. 6.9285246793e-22 0.
1533732841 1 6260.52246094 0. 7.08153348412e-22 0.
1533732901 1 6373.54101562 0. 7.22222331687e-22 0.
1533732961 1 6303.35742188 0. 7.15387550026e-22 0.
1533733021 1 6082.98876953 0. 6.91185160549e-22 0.
1533733081 1 6288.03369141 0. 7.15852655849e-22 0.
1533733142 1 6361.40039062 0. 7.25198365796e-22 0.
1533733202 1 6353.24804688 0. 7.25296967058e-22 0.
1533733262 1 6340.74951172 0. 7.24855122401e-22 0.
1533733322 1 6331.59863281 0. 7.24798113971e-22 0.
1533733382 1 6321.33691406 0. 7.24629532198e-22 0.
1533733442 1 6309.06494141 0. 7.24235013277e-22 0.
1533733502 1 6297.71142578 0. 7.23971301252e-22 0.
1533733563 1 6288.68945312 0. 7.23941038111e-22 0.
1533733623 1 6281.54199219 0. 7.24159110556e-22 0.
1533733683 1 6269.54394531 0. 7.23745796103e-22 0.
1533733743 1 6261.16455078 0. 7.23741803433e-22 0.
1533733803 1 6252.90966797 0. 7.2380279171e-22 0.
1533733863 1 6239.81396484 0. 7.23293637941e-22 0.
1533733923 1 6229.171875 0. 7.23044108803e-22 0.
1533733984 1 6221.01269531 0. 7.23101758927e-22 0.
1533734044 1 6207.56494141 0. 7.22541420959e-22 0.
1533734104 1 6198.72900391 0. 7.22513432192e-22 0.
1533734164 1 6188.54589844 0. 7.22368925235e-22 0.
1533734224 1 6178.77001953 0. 7.22234913303e-22 0.
1533734284 1 6166.10791016 0. 7.21750580782e-22 0.
1533734344 1 6157.1171875 0. 7.21729561149e-22 0.
1533734405 1 6146.30273438 0. 7.21425006968e-22 0.
1533734465 1 6133.79833984 0. 7.20975100871e-22 0.
1533734525 1 6126.05810547 0. 7.20983844064e-22 0.
1533734585 1 6112.58789062 0. 7.20414483895e-22 0.
1533734645 1 6103.15917969 0. 7.20294452684e-22 0.
1533734705 1 6097.00634766 0. 7.20576077647e-22 0.
1533734765 1 6086.171875 0. 7.20263350145e-22 0.
1533734825 1 6081.32958984 0. 7.20683941609e-22 0.
1533734886 1 6069.89306641 0. 7.20307139487e-22 0.
1533734946 1 6058.78564453 0. 7.19963689856e-22 0.
1533735006 1 6049.71240234 0. 7.19849264203e-22 0.
1533735066 1 6038.52490234 0. 7.19513678828e-22 0.
1533735126 1 6027.54541016 0. 7.19158187875e-22 0.
1533735186 1 6020.11816406 0. 7.19230388953e-22 0.
1533735247 1 6008.86083984 0. 7.18883695394e-22 0.
1533735307 1 6000.42773438 0. 7.18868013754e-22 0.
1533735367 1 5990.71484375 0. 7.18711299989e-22 0.
1533735427 1 5980.44482422 0. 7.18477063147e-22 0.
1533735487 1 5969.64648438 0. 7.18185492834e-22 0.
1533735547 1 5959.40820312 0. 7.17886166104e-22 0.
1533735607 1 5953.25683594 0. 7.18101906856e-22 0.
1533735667 1 5943.81591797 0. 7.17895086939e-22 0.
1533735728 1 5934.99072266 0. 7.17804516993e-22 0.
1533735788 1 5924.89599609 0. 7.17549697298e-22 0.
1533735848 1 5916.62890625 0. 7.17545278915e-22 0.
1533735908 1 5907.62548828 0. 7.174134837e-22 0.
1533735968 1 5899.15039062 0. 7.17355219148e-22 0.
1533736010 1 5893.66845703 0. 7.1733962696e-22 0.
1533736051 1 5887.46679688 0. 7.17289570062e-22 0.
1533736111 1 5879.2109375 0. 7.17260587775e-22 0.
1533736171 1 5872.13623047 0. 7.1732133585e-22 0.
1533736232 1 5860.45263672 0. 7.16855235051e-22 0.
1533736292 1 5851.20996094 0. 7.16678428073e-22 0.
1533736352 1 5841.69091797 0. 7.1646405094e-22 0.
1533736412 1 5833.10351562 0. 7.16363688144e-22 0.
1533736472 1 5823.796875 0. 7.16151795196e-22 0.
1533736532 1 5814.74853516 0. 7.16017686908e-22 0.
1533736574 1 5809.078125 0. 7.15962726897e-22 0.
1533736593 1 2697.71557617 0. 3.35881238278e-22 0.
1533736604 1 436.071960449 0. 5.44462213621e-23 0.
1533736612 1 782.997619629 0. 9.7370598983e-23 0.
1533736621 1 1246.2434082 0. 1.54532445876e-22 0.
1533736630 1 1889.62780762 0. 2.34112126154e-22 0.
1533736639 1 2837.74853516 0. 3.50800840041e-22 0.
1533736648 1 3631.62817383 0. 4.49098887579e-22 0.
1533736656 1 4787.28662109 0. 5.91219165888e-22 0.
1533736665 1 5278.23144531 0. 6.5197530274e-22 0.
1533736675 1 5794.57910156 0. 7.15651958501e-22 0.
1533736684 1 5436.40673828 0. 6.71700487659e-22 0.
1533736693 1 5014.75488281 0. 6.19682421017e-22 0.
1533736701 1 3980.24829102 0. 4.92494291882e-22 0.
1533736710 1 3175.93920898 0. 3.92927880018e-22 0.
1533736718 1 2354.48706055 0. 2.9186668321e-22 0.
1533736727 1 1517.92932129 0. 1.88320070903e-22 0.
1533736736 1 1029.06787109 0. 1.2799557811e-22 0.
1533736746 1 581.555419922 0. 7.255938124e-23 0.
1533736762 1 2816.86865234 0. 3.51169673507e-22 0.
1533736779 1 760.37890625 0. 9.38870081084e-23 0.
1533736788 1 1219.76733398 0. 1.50468154755e-22 0.
1533736797 1 1803.94165039 0. 2.22137470572e-22 0.
1533736806 1 2506.06640625 0. 3.09158820711e-22 0.
1533736815 1 3358.85424805 0. 4.14289412828e-22 0.
1533736823 1 4192.95849609 0. 5.18264704615e-22 0.
1533736831 1 5012.93115234 0. 6.19948498293e-22 0.
1533736840 1 5391.64160156 0. 6.67571238044e-22 0.
1533736849 1 5778.46337891 0. 7.16225719214e-22 0.
1533736857 1 5535.37695312 0. 6.86443107077e-22 0.
1533736866 1 5203.91308594 0. 6.45640204762e-22 0.
1533736875 1 4406.47216797 0. 5.47016187613e-22 0.
1533736883 1 3645.5078125 0. 4.52354009564e-22 0.
1533736892 1 2785.07250977 0. 3.45952444554e-22 0.
1533736901 1 1985.09338379 0. 2.46431015399e-22 0.
1533736910 1 1393.26306152 0. 1.73342651918e-22 0.
1533736918 1 854.63659668 0. 1.0652155113e-22 0.
1533736928 1 2396.75952148 0. 2.99761218152e-22 0.
1533736962 1 5758.81982422 0. 7.15330286329e-22 0.
1533737023 1 5756.25537109 0. 7.15940748489e-22 0.
1533737083 1 5754.13818359 0. 7.16531449561e-22 0.
1533737143 1 5741.70458984 0. 7.157921471e-22 0.
1533737203 1 5729.4140625 0. 7.15158220669e-22 0.
1533737263 1 5722.89257812 0. 7.15192694891e-22 0.
1533737324 1 5711.66552734 0. 7.14764602283e-22 0.
1533737384 1 5701.73291016 0. 7.14497834702e-22 0.
1533737444 1 5688.30517578 0. 7.13794383837e-22 0.
1533737498 1 5678.25634766 0. 7.13406893442e-22 0.
1533737553 1 5670.79052734 0. 7.13389864161e-22 0.
1533737613 1 5659.48876953 0. 7.13006905113e-22 0.
1533737673 1 5649.30859375 0. 7.1259718696e-22 0.
1533737733 1 5636.42626953 0. 7.11964761673e-22 0.
1533737793 1 5624.33837891 0. 7.1139554539e-22 0.
1533737853 1 5617.27636719 0. 7.11531271192e-22 0.
1533737913 1 5601.68945312 0. 7.10548133832e-22 0.
1533737974 1 5581.44091797 0. 7.08953268505e-22 0.
1533738034 1 5574.9765625 0. 7.09134727626e-22 0.
1533738094 1 5569.59228516 0. 7.09464112858e-22 0.
1533738154 1 5563.05517578 0. 7.0962628262e-22 0.
1533738214 1 5556.64599609 0. 7.0981447559e-22 0.
1533738274 1 5544.81835938 0. 7.09221776837e-22 0.
1533738335 1 5531.45947266 0. 7.0856860662e-22 0.
1533738395 1 5521.55419922 0. 7.08195460769e-22 0.
1533738455 1 5514.53369141 0. 7.08227003975e-22 0.
1533738515 1 5506.73730469 0. 7.08121504809e-22 0.
1533738575 1 5497.20166016 0. 7.07830564982e-22 0.
1533738635 1 5486.43066406 0. 7.07389688256e-22 0.
1533738695 1 5475.75390625 0. 7.06974848678e-22 0.
1533738756 1 5465.70214844 0. 7.06622121409e-22 0.
1533738816 1 5461.20556641 0. 7.06947090887e-22 0.
1533738876 1 5455.19335938 0. 7.07110218442e-22 0.
1533738936 0 0.0 0. 0.0 0.
1533738996 0 0.0 0. 0.0 0.
1533739056 0 0.0 0. 0.0 0.
1533739116 0 0.0 0. 0.0 0.
1533739177 0 0.0 0. 0.0 0.
1533739237 0 0.0 0. 0.0 0.
1533739297 0 0.0 0. 0.0 0.
1533739357 0 0.0 0. 0.0 0.
1533739417 0 0.0 0. 0.0 0.
1533739477 0 0.0 0. 0.0 0.
1533739537 0 0.0 0. 0.0 0.
1533739597 0 0.0 0. 0.0 0.
1533739657 0 0.0 0. 0.0 0.
1533739718 0 0.0 0. 0.0 0.
1533739778 1 5356.44824219 0. 7.0819260403e-22 0.
1533739813 1 5352.34960938 0. 7.08106568911e-22 0.
1533739823 1 5351.07324219 0. 7.0811606498e-22 0.
1533739859 1 5347.05615234 0. 7.0813495688e-22 0.
1533739919 1 5336.57861328 0. 7.07656923343e-22 0.
1533739979 1 5327.95703125 0. 7.07385664522e-22 0.
1533740039 1 5316.43798828 0. 7.06777976751e-22 0.
1533740099 1 5307.25146484 0. 7.06450729073e-22 0.
1533740159 1 5298.49609375 0. 7.06196182762e-22 0.
1533740220 1 5287.17480469 0. 7.05607605664e-22 0.
1533740280 1 5278.15234375 0. 7.0529277093e-22 0.
1533740340 1 5273.73291016 0. 7.05576830447e-22 0.
1533740400 1 5266.07324219 0. 7.05489701314e-22 0.
1533740460 1 5256.35839844 0. 7.05097360379e-22 0.
1533740520 1 5246.46484375 0. 7.04726049539e-22 0.
1533740580 1 5236.66308594 0. 7.04310388107e-22 0.
1533740640 1 5227.65869141 0. 7.04015018301e-22 0.
1533740700 1 5216.25976562 0. 7.03385939301e-22 0.
1533740761 1 5206.96337891 0. 7.03060347516e-22 0.
1533740821 1 5197.40576172 0. 7.02729719396e-22 0.
1533740881 1 5187.20410156 0. 7.0225803744e-22 0.
1533740941 1 5183.25146484 0. 7.02643018621e-22 0.
1533741001 1 5171.5703125 0. 7.02027213236e-22 0.
1533741061 1 5159.13134766 0. 7.01273180903e-22 0.
1533741121 1 5149.23486328 0. 7.00885656474e-22 0.
1533741181 1 5139.64453125 0. 7.00513893852e-22 0.
1533741242 1 5135.1484375 0. 7.00836539739e-22 0.
1533741302 1 5127.76318359 0. 7.00751642531e-22 0.
1533741362 1 5118.52832031 0. 7.00391702697e-22 0.
1533741399 1 4115.1328125 0. 5.78662413691e-22 0.
1533741437 1 0.166991919279 0. 0.0 0.
1533741498 1 0.1514198035 0. 0.0 0.
