1534162436 1 18058.3984375 0. 6.25625233127e-22 0.
1534162485 1 18036.7578125 0. 6.25987212137e-22 0.
1534162545 1 17957.9589844 0. 6.24705197369e-22 0.
1534162606 1 17887.0214844 0. 6.23594794061e-22 0.
1534162666 1 17809.6074219 0. 6.22141087842e-22 0.
1534162725 1 17739.015625 0. 6.21035224717e-22 0.
1534162784 1 17695.4746094 0. 6.20794241832e-22 0.
1534162845 1 17564.5996094 0. 6.17648487914e-22 0.
1534162905 1 17163.5507812 0. 6.04940319813e-22 0.
1534162965 1 16184.4248047 0. 5.71790569312e-22 0.
1534163025 1 17663.578125 0. 6.25271719838e-22 0.
1534163085 1 17682.359375 0. 6.27327374264e-22 0.
1534163141 1 17621.2734375 0. 6.26441895039e-22 0.
1534163198 1 17566.2636719 0. 6.25756879445e-22 0.
1534163258 1 17493.3105469 0. 6.24476141078e-22 0.
1534163293 1 17451.9941406 0. 6.23761410296e-22 0.
1534163305 1 17438.3808594 0. 6.23565941411e-22 0.
1534163343 1 17397.7734375 0. 6.22918617303e-22 0.
1534163403 1 17331.6054688 0. 6.2181808485e-22 0.
1534163438 1 17285.8398438 0. 6.20886202714e-22 0.
1534163473 1 17253.7070312 0. 6.20526113215e-22 0.
1534163534 1 17184.2402344 0. 6.19269427637e-22 0.
1534163594 1 17111.2128906 0. 6.17872231073e-22 0.
1534163654 1 17046.6445312 0. 6.16753192822e-22 0.
1534163714 1 16989.7285156 0. 6.15873549862e-22 0.
1534163774 1 16928.5253906 0. 6.14846499525e-22 0.
1534163834 1 16866.6621094 0. 6.13780327061e-22 0.
1534163895 1 16815.7246094 0. 6.13146670377e-22 0.
1534163955 1 16759.53125 0. 6.12225178247e-22 0.
1534164015 1 16691.3632812 0. 6.10861740364e-22 0.
1534164075 1 16642.8730469 0. 6.10203250764e-22 0.
1534164135 1 16585.6171875 0. 6.09194127773e-22 0.
1534164195 1 16543.59375 0. 6.0872541373e-22 0.
1534164255 1 16496.2324219 0. 6.08007486597e-22 0.
1534164315 1 16421.7832031 0. 6.06301703698e-22 0.
1534164352 1 16394.1640625 0. 6.05873214585e-22 0.
1534164371 1 16389.6933594 0. 6.06050215013e-22 0.
1534164415 1 16365.1396484 0. 6.05878329701e-22 0.
1534164475 1 16317.4638672 0. 6.05109999672e-22 0.
1534164535 1 16378.6904297 0. 6.08363503093e-22 0.
1534164596 1 16613.0820312 0. 6.18219697634e-22 0.
1534164656 1 16525.7050781 0. 6.16070041534e-22 0.
1534164691 1 16488.7265625 0. 6.15307730716e-22 0.
1534164726 1 16454.5664062 0. 6.14679568217e-22 0.
1534164768 1 16420.0097656 0. 6.14070059226e-22 0.
1534164809 1 16391.4472656 0. 6.13775109276e-22 0.
1534164870 1 16317.4013672 0. 6.12030468609e-22 0.
1534164930 1 16327.6103516 0. 6.13397446983e-22 0.
1534164990 1 16260.40625 0. 6.1192724751e-22 0.
1534165026 1 16247.1884766 0. 6.12073021449e-22 0.
1534165063 1 16228.375 0. 6.12046232416e-22 0.
1534165123 1 16190.328125 0. 6.1157844922e-22 0.
1534165183 1 16207.9560547 0. 6.13290076072e-22 0.
1534165244 1 16183.6845703 0. 6.13352889176e-22 0.
1534165304 1 16134.5576172 0. 6.12529642985e-22 0.
1534165364 1 16108.2402344 0. 6.12531894948e-22 0.
1534165424 1 16066.2304688 0. 6.11918229995e-22 0.
1534165484 1 16072.8115234 0. 6.13188379238e-22 0.
1534165544 1 16054.4472656 0. 6.13464291869e-22 0.
1534165604 1 16025.7226562 0. 6.13380726961e-22 0.
1534165664 1 16002.1855469 0. 6.13513723585e-22 0.
1534165724 1 15963.2216797 0. 6.13082368307e-22 0.
1534165785 1 15932.7421875 0. 6.12875725286e-22 0.
1534165845 1 15803.2128906 0. 6.0883120541e-22 0.
1534165905 1 15566.5039062 0. 6.00663764436e-22 0.
1534165965 1 14849.5751953 0. 5.74098793287e-22 0.
1534166025 1 16162.4980469 0. 6.25669886472e-22 0.
1534166085 1 16376.8261719 0. 6.34961664934e-22 0.
1534166126 1 16350.8925781 0. 6.34599517673e-22 0.
1534166166 1 16331.7021484 0. 6.3457935659e-22 0.
1534166227 1 16299.7197266 0. 6.34343652232e-22 0.
1534166287 1 16268.0839844 0. 6.34075903646e-22 0.
1534166347 1 16242.8115234 0. 6.34113110032e-22 0.
1534166407 1 16215.1298828 0. 6.34027788174e-22 0.
1534166452 1 16198.8496094 0. 6.34116341592e-22 0.
1534166496 1 16169.4658203 0. 6.337161601e-22 0.
1534166557 1 16129.6230469 0. 6.33135380161e-22 0.
1534166617 1 16096.7021484 0. 6.32785115716e-22 0.
1534166677 1 16064.9863281 0. 6.32509815078e-22 0.
1534166737 1 16030.9912109 0. 6.32134301809e-22 0.
1534166797 1 15999.5205078 0. 6.31870721312e-22 0.
1534166857 1 15960.3310547 0. 6.31298444513e-22 0.
1534166918 1 15942.0126953 0. 6.31546113812e-22 0.
1534166978 1 15906.5732422 0. 6.31125976701e-22 0.
1534167038 1 15884.4726562 0. 6.31184006899e-22 0.
1534167098 1 15849.2851562 0. 6.30755158418e-22 0.
1534167158 1 15808.4677734 0. 6.30119059453e-22 0.
1534167218 1 15786.4931641 0. 6.30193567698e-22 0.
1534167279 1 15755.4248047 0. 6.29881771304e-22 0.
1534167339 1 15728.4384766 0. 6.29747879479e-22 0.
1534167399 1 15694.7167969 0. 6.29319295196e-22 0.
1534167459 1 15666.0654297 0. 6.29129080351e-22 0.
1534167519 1 15619.5078125 0. 6.28194516233e-22 0.
1534167579 1 15588.7167969 0. 6.27917286287e-22 0.
1534167640 1 15562.4130859 0. 6.27803276214e-22 0.
1534167700 1 15541.3466797 0. 6.27876033638e-22 0.
1534167750 1 15518.4648438 0. 6.27734732288e-22 0.
1534167801 1 15495.0224609 0. 6.27578677083e-22 0.
1534167862 1 15453.8984375 0. 6.26860589579e-22 0.
1534167922 1 15418.1269531 0. 6.2635185426e-22 0.
1534167982 1 15391.6259766 0. 6.26212954375e-22 0.
1534168028 1 15353.8007812 0. 6.25383629986e-22 0.
1534168075 1 15353.2939453 0. 6.26109067912e-22 0.
1534168135 1 15327.5986328 0. 6.25992380939e-22 0.
1534168196 1 15293.3144531 0. 6.25518234147e-22 0.
1534168256 1 15220.7441406 0. 6.23462747708e-22 0.
1534168316 1 15222.8945312 0. 6.24475011563e-22 0.
1534168376 1 15190.2021484 0. 6.24070641677e-22 0.
1534168436 1 15166.3798828 0. 6.24018839173e-22 0.
1534168496 1 15140.2724609 0. 6.23883707238e-22 0.
1534168556 1 15110.90625 0. 6.23580118636e-22 0.
1534168617 1 15076.7568359 0. 6.23111217893e-22 0.
1534168677 1 15046.9111328 0. 6.22786378423e-22 0.
1534168737 1 15013.7949219 0. 6.2234148037e-22 0.
1534168797 1 14986.8886719 0. 6.2214705307e-22 0.
1534168857 1 14958.8554688 0. 6.21911665048e-22 0.
1534168917 1 14937.4091797 0. 6.21934234363e-22 0.
1534168967 1 14912.5996094 0. 6.21649007446e-22 0.
1534169016 1 14891.2851562 0. 6.21513969163e-22 0.
1534169077 1 14857.5947266 0. 6.21017819907e-22 0.
1534169128 1 14841.9619141 0. 6.21137924575e-22 0.
1534169180 1 14805.1005859 0. 6.20380034039e-22 0.
1534169241 1 14778.1806641 0. 6.20169815398e-22 0.
1534169301 1 14753.9765625 0. 6.20039309331e-22 0.
1534169361 1 14719.5947266 0. 6.19515015937e-22 0.
1534169421 1 14706.3056641 0. 6.19845589598e-22 0.
1534169481 1 14674.1806641 0. 6.19398107529e-22 0.
1534169542 1 14637.0458984 0. 6.18728635377e-22 0.
1534169602 1 14586.7089844 0. 6.1749927648e-22 0.
1534169662 1 14567.546875 0. 6.17573413749e-22 0.
1534169722 1 14541.6708984 0. 6.17374418127e-22 0.
1534169782 1 14517.2753906 0. 6.17235382647e-22 0.
1534169842 1 14472.6416016 0. 6.16228295719e-22 0.
1534169903 1 14456.0205078 0. 6.16387702161e-22 0.
1534169938 1 14438.9736328 0. 6.16158333726e-22 0.
1534169973 1 14409.6191406 0. 6.15451854559e-22 0.
1534170034 1 14374.5986328 0. 6.14848064131e-22 0.
1534170094 1 14344.7070312 0. 6.14440422313e-22 0.
1534170154 1 14345.7246094 0. 6.15361950439e-22 0.
1534170214 1 14301.1083984 0. 6.14340247847e-22 0.
1534170274 1 14275.2724609 0. 6.14057968667e-22 0.
1534170334 1 14232.2597656 0. 6.13074953462e-22 0.
1534170395 1 14231.1035156 0. 6.13893877179e-22 0.
1534170455 1 14215.6171875 0. 6.14109112047e-22 0.
1534170515 1 14180.6162109 0. 6.13457459024e-22 0.
1534170575 1 14149.7685547 0. 6.13001504401e-22 0.
1534170635 1 14123.9208984 0. 6.12753704467e-22 0.
1534170695 1 14091.4326172 0. 6.12184152897e-22 0.
1534170755 1 14069.3730469 0. 6.12091516633e-22 0.
1534170815 1 14167.0390625 0. 6.17238091508e-22 0.
1534170876 1 14161.4667969 0. 6.17995156386e-22 0.
1534170936 1 13633.9882812 0. 5.95985543384e-22 0.
1534170996 1 13629.4140625 0. 5.96717033056e-22 0.
1534171056 1 14375.7138672 0. 6.30346171976e-22 0.
1534171116 1 14351.8769531 0. 6.30281125784e-22 0.
1534171176 1 14346.7226562 0. 6.31025590969e-22 0.
1534171236 1 14352.2597656 0. 6.3226400914e-22 0.
1534171297 1 14327.1601562 0. 6.32124497419e-22 0.
1534171357 1 14299.1132812 0. 6.31845393577e-22 0.
1534171417 1 14284.7705078 0. 6.3216458556e-22 0.
1534171477 1 14256.9746094 0. 6.31927617173e-22 0.
1534171537 1 14226.5830078 0. 6.31529930723e-22 0.
1534171597 1 14192.9941406 0. 6.30996378164e-22 0.
1534171657 1 14167.6660156 0. 6.3083117703e-22 0.
1534171718 1 14151.9482422 0. 6.31066948192e-22 0.
1534171778 1 14127.2509766 0. 6.309015263e-22 0.
1534171838 1 14146.3378906 0. 6.32718333576e-22 0.
1534171898 1 14129.2617188 0. 6.3290974051e-22 0.
1534171933 1 14110.7070312 0. 6.3260065847e-22 0.
1534171968 1 14095.4199219 0. 6.32534635373e-22 0.
1534172028 1 14069.3408203 0. 6.32334113389e-22 0.
1534172089 1 14041.5488281 0. 6.32052604146e-22 0.
1534172149 1 14016.4091797 0. 6.3188764823e-22 0.
1534172209 1 13989.9238281 0. 6.31669668673e-22 0.
1534172244 1 13970.0556641 0. 6.31339031927e-22 0.
1534172279 1 13958.9873047 0. 6.3141798589e-22 0.
1534172339 1 13934.4472656 0. 6.3121783615e-22 0.
1534172400 1 13907.1933594 0. 6.30936154479e-22 0.
1534172460 1 13887.6376953 0. 6.30994363793e-22 0.
1534172508 1 13857.6171875 0. 6.3037614538e-22 0.
1534172557 1 13844.9511719 0. 6.30610899767e-22 0.
1534172617 1 13818.1279297 0. 6.3036440354e-22 0.
1534172677 1 13789.3203125 0. 6.30002538563e-22 0.
1534172737 1 13765.6972656 0. 6.29871631088e-22 0.
1534172797 1 13738.5908203 0. 6.29548498058e-22 0.
1534172858 1 13747.8886719 0. 6.30940958812e-22 0.
1534172918 1 13737.0361328 0. 6.31409253157e-22 0.
1534172978 1 13716.2548828 0. 6.31439916688e-22 0.
1534173038 1 13688.2841797 0. 6.3106017476e-22 0.
1534173075 1 13669.6152344 0. 6.30786163109e-22 0.
1534173112 1 13656.1699219 0. 6.30812127335e-22 0.
1534173173 1 13627.9394531 0. 6.30448049581e-22 0.
1534173233 1 13607.8974609 0. 6.30469079641e-22 0.
1534173293 1 13580.5195312 0. 6.30139796444e-22 0.
1534173353 1 13550.5673828 0. 6.29702627952e-22 0.
1534173414 1 13529.3417969 0. 6.29682819851e-22 0.
1534173474 1 13506.1796875 0. 6.29543814594e-22 0.
1534173509 1 13484.7753906 0. 6.29088689652e-22 0.
1534173544 1 13474.3671875 0. 6.29181600532e-22 0.
1534173604 1 13453.3505859 0. 6.29137893163e-22 0.
1534173665 1 13429.9248047 0. 6.28959658917e-22 0.
1534173725 1 13410.5634766 0. 6.28980304535e-22 0.
1534173785 1 13387.2734375 0. 6.28844407323e-22 0.
1534173845 1 13389.4023438 0. 6.29870490558e-22 0.
1534173905 1 13394.9091797 0. 6.31065911363e-22 0.
1534173965 1 13371.9150391 0. 6.30905698668e-22 0.
1534174025 1 13337.9199219 0. 6.30273791055e-22 0.
1534174086 1 13307.2001953 0. 6.29780764815e-22 0.
1534174146 1 13280.375 0. 6.29456582957e-22 0.
1534174206 1 13243.5986328 0. 6.28687733495e-22 0.
1534174266 1 13214.5380859 0. 6.28244233245e-22 0.
1534174326 1 13194.5878906 0. 6.28241857571e-22 0.
1534174386 1 13173.5292969 0. 6.2817034805e-22 0.
1534174446 1 13142.2988281 0. 6.27591407042e-22 0.
1534174507 1 13113.0292969 0. 6.27144811038e-22 0.
1534174567 1 13084.3310547 0. 6.2669710035e-22 0.
1534174627 1 13059.015625 0. 6.26417920621e-22 0.
1534174687 1 13033.8388672 0. 6.2616375981e-22 0.
1534174730 1 13018.3916016 0. 6.26083195806e-22 0.
1534174774 1 12998.140625 0. 6.25810101523e-22 0.
1534174834 1 12975.0478516 0. 6.25636491314e-22 0.
1534174894 1 12985.7167969 0. 6.27083648591e-22 0.
1534174954 1 12968.5537109 0. 6.27181742298e-22 0.
1534175014 1 12932.4306641 0. 6.26376272565e-22 0.
1534175074 1 12904.7685547 0. 6.25976826048e-22 0.
1534175135 1 12883.5 0. 6.25891640957e-22 0.
1534175195 1 12851.4765625 0. 6.25262744138e-22 0.
1534175255 1 12822.1015625 0. 6.24768065222e-22 0.
1534175315 1 12800.0683594 0. 6.24676517674e-22 0.
1534175375 1 12782.8427734 0. 6.24750455531e-22 0.
1534175435 1 12748.6552734 0. 6.24011382733e-22 0.
1534175495 1 12708.3759766 0. 6.22982032717e-22 0.
1534175555 1 12692.8613281 0. 6.23133311802e-22 0.
1534175615 1 12672.4394531 0. 6.23055801228e-22 0.
1534175676 1 12648.0351562 0. 6.22773354957e-22 0.
1534175736 1 12636.4277344 0. 6.23135268901e-22 0.
1534175796 1 12607.4990234 0. 6.22647309309e-22 0.
1534175856 1 12579.7744141 0. 6.22185107235e-22 0.
1534175908 1 12559.7675781 0. 6.21970172473e-22 0.
1534175959 1 12619.6308594 0. 6.25746088291e-22 0.
1534176019 1 12577.1201172 0. 6.24567846657e-22 0.
1534176080 1 12548.5703125 0. 6.2410149242e-22 0.
1534176140 1 12538.9238281 0. 6.24547241714e-22 0.
1534176200 1 12515.2832031 0. 6.24325678178e-22 0.
1534176260 1 12487.8369141 0. 6.23876097816e-22 0.
1534176320 1 12466.4453125 0. 6.23694164819e-22 0.
1534176380 1 12438.1181641 0. 6.2321604049e-22 0.
1534176440 1 12387.1650391 0. 6.21617870558e-22 0.
1534176501 1 12361.9472656 0. 6.21283136503e-22 0.
1534176561 1 12337.5615234 0. 6.2097359e-22 0.
1534176621 1 12317.8759766 0. 6.20893472008e-22 0.
1534176681 1 12293.7333984 0. 6.20624006292e-22 0.
1534176741 1 12269.9697266 0. 6.20359046062e-22 0.
1534176801 1 12230.2373047 0. 6.1928754738e-22 0.
1534176849 1 12234.6328125 0. 6.20211999979e-22 0.
1534176897 1 12206.2265625 0. 6.19520237452e-22 0.
1534176957 1 12183.8457031 0. 6.19312216394e-22 0.
1534177017 1 12174.234375 0. 6.1972523854e-22 0.
1534177077 1 12203.1318359 0. 6.22097735249e-22 0.
1534177138 1 12182.4414062 0. 6.21992158292e-22 0.
1534177198 1 11844.5244141 0. 6.05674378264e-22 0.
1534177258 1 11498.0478516 0. 5.88876954955e-22 0.
1534177318 1 12304.8476562 0. 6.31093947508e-22 0.
1534177378 1 12304.59375 0. 6.32053158068e-22 0.
1534177438 1 12288.0283203 0. 6.32135154732e-22 0.
1534177498 1 12272.5126953 0. 6.32272615429e-22 0.
1534177558 1 12246.9189453 0. 6.3188826642e-22 0.
1534177619 1 12221.8134766 0. 6.31513535071e-22 0.
1534177679 1 12203.6464844 0. 6.31561836827e-22 0.
1534177739 1 12186.6083984 0. 6.31631584174e-22 0.
1534177799 1 12161.8017578 0. 6.3128344042e-22 0.
1534177859 1 12140.8242188 0. 6.31117458345e-22 0.
1534177919 1 12121.296875 0. 6.31040796084e-22 0.
1534177979 1 12103.7333984 0. 6.31064925473e-22 0.
1534178039 1 12081.7021484 0. 6.30861120316e-22 0.
1534178075 1 12064.765625 0. 6.30510391323e-22 0.
1534178110 1 12061.2851562 0. 6.3092650056e-22 0.
1534178170 1 12082.3486328 0. 6.33007303731e-22 0.
1534178230 1 12053.3349609 0. 6.32447637887e-22 0.
1534178291 1 12036.7324219 0. 6.32559058681e-22 0.
1534178351 1 12015.0722656 0. 6.3234828141e-22 0.
1534178411 1 11993.9980469 0. 6.32174658659e-22 0.
1534178471 1 11978.5410156 0. 6.32294660026e-22 0.
1534178531 1 11959.8876953 0. 6.32242290924e-22 0.
1534178591 1 11935.6425781 0. 6.31875000971e-22 0.
1534178651 1 11914.6748047 0. 6.31725230531e-22 0.
1534178712 1 11894.8476562 0. 6.31612954545e-22 0.
1534178772 1 11874.4638672 0. 6.31478549164e-22 0.
1534178832 1 11852.9482422 0. 6.31280133935e-22 0.
1534178892 1 11830.4980469 0. 6.31010860869e-22 0.
1534178952 1 11799.0195312 0. 6.30320730482e-22 0.
1534179012 1 11782.2539062 0. 6.30329064211e-22 0.
1534179072 1 11757.3144531 0. 6.29934858233e-22 0.
1534179132 1 11737.28125 0. 6.29798429784e-22 0.
1534179193 1 11754.2441406 0. 6.31635913211e-22 0.
1534179253 1 11755.8574219 0. 6.32678858057e-22 0.
1534179313 1 11740.3662109 0. 6.32783751769e-22 0.
1534179373 1 11724.6279297 0. 6.32878590193e-22 0.
1534179433 1 11703.4248047 0. 6.32698081821e-22 0.
1534179493 1 11679.4941406 0. 6.3232136736e-22 0.
1534179553 1 11662.8183594 0. 6.32343130806e-22 0.
1534179614 1 11645.5429688 0. 6.32342425394e-22 0.
1534179674 1 11621.1513672 0. 6.31968513134e-22 0.
1534179734 1 11598.9667969 0. 6.31677787665e-22 0.
1534179794 1 11578.0595703 0. 6.31497157043e-22 0.
1534179855 1 11562.9736328 0. 6.31638027636e-22 0.
1534179915 1 11543.8925781 0. 6.31552466792e-22 0.
1534179975 1 11520.6152344 0. 6.3120888065e-22 0.
1534180035 1 11499.8837891 0. 6.31013399526e-22 0.
1534180095 1 11481.0253906 0. 6.30876202492e-22 0.
1534180155 1 11465.2724609 0. 6.30962093487e-22 0.
1534180215 1 11440.515625 0. 6.30540149545e-22 0.
1534180275 1 11430.7373047 0. 6.30973595384e-22 0.
1534180336 1 11447.9980469 0. 6.32898971907e-22 0.
1534180396 1 11428.8046875 0. 6.3282326584e-22 0.
1534180456 1 11406.8212891 0. 6.32576689986e-22 0.
1534180516 1 11397.1894531 0. 6.32971343836e-22 0.
1534180576 1 11383.3486328 0. 6.33185930258e-22 0.
1534180636 1 11364.0986328 0. 6.3305526803e-22 0.
1534180696 1 11335.5039062 0. 6.32378515661e-22 0.
1534180756 1 11317.1611328 0. 6.32320534597e-22 0.
1534180817 1 11298.6035156 0. 6.32218905899e-22 0.
1534180877 1 11278.0283203 0. 6.3202502774e-22 0.
1534180933 1 11258.0683594 0. 6.31789321302e-22 0.
1534180989 1 11238.5009766 0. 6.31574493756e-22 0.
1534181049 1 11222.1308594 0. 6.31582158962e-22 0.
1534181109 1 11201.3466797 0. 6.31337986764e-22 0.
1534181169 1 11177.296875 0. 6.30932032288e-22 0.
1534181229 1 11161.9052734 0. 6.30994616389e-22 0.
1534181289 1 11137.8085938 0. 6.3058363586e-22 0.
1534181340 1 11123.0839844 0. 6.30552473397e-22 0.
1534181391 1 11123.3359375 0. 6.31396170475e-22 0.
1534181452 1 11134.7998047 0. 6.33002799504e-22 0.
1534181512 1 11114.3330078 0. 6.32811136378e-22 0.
1534181572 1 11095.875 0. 6.32687240945e-22 0.
1534181632 1 11070.4345703 0. 6.32155571197e-22 0.
1534181692 1 11052.5068359 0. 6.32100647776e-22 0.
1534181728 1 11043.6748047 0. 6.32079683135e-22 0.
1534181764 1 11032.5791016 0. 6.32100029677e-22 0.
1534181824 1 11018.0634766 0. 6.32232438554e-22 0.
1534181885 1 10999.3222656 0. 6.32123729528e-22 0.
1534181945 1 10979.1533203 0. 6.31883838869e-22 0.
1534182005 1 10958.6347656 0. 6.31675550621e-22 0.
1534182065 1 10937.8964844 0. 6.31412231281e-22 0.
1534182125 1 10917.9775391 0. 6.31193024596e-22 0.
1534182185 1 10900.9375 0. 6.31129323618e-22 0.
1534182245 1 10880.2470703 0. 6.30850320735e-22 0.
1534182305 1 10867.6650391 0. 6.31068177971e-22 0.
1534182366 1 10844.6894531 0. 6.30691790029e-22 0.
1534182426 1 10832.5996094 0. 6.30923530785e-22 0.
1534182486 1 10808.0859375 0. 6.30444639203e-22 0.
1534182546 1 10830.8427734 0. 6.32696469316e-22 0.
1534182606 1 10816.453125 0. 6.32812649077e-22 0.
1534182666 1 10798.8955078 0. 6.32763254386e-22 0.
1534182726 1 10781.3349609 0. 6.32628278167e-22 0.
1534182762 1 10768.3134766 0. 6.32398021048e-22 0.
1534182797 1 10759.3945312 0. 6.32512111732e-22 0.
1534182857 1 10737.8857422 0. 6.32204959911e-22 0.
1534182917 1 10718.8330078 0. 6.32025319237e-22 0.
1534182977 1 10698.7216797 0. 6.31777441126e-22 0.
1534183037 1 10683.5634766 0. 6.3182510598e-22 0.
1534183097 1 10667.6142578 0. 6.31794970135e-22 0.
1534183154 1 10643.0751953 0. 6.31241116065e-22 0.
1534183210 1 10626.2578125 0. 6.31135595714e-22 0.
1534183270 1 10610.1484375 0. 6.31115586865e-22 0.
1534183330 1 10588.4677734 0. 6.30742192732e-22 0.
1534183390 1 10571.5263672 0. 6.30721524251e-22 0.
1534183451 1 10547.6806641 0. 6.30263699595e-22 0.
1534183511 1 10536.4052734 0. 6.30513228448e-22 0.
1534183571 1 10521.3876953 0. 6.30546664204e-22 0.
1534183631 1 10506.0029297 0. 6.3050821445e-22 0.
1534183691 1 10515.3486328 0. 6.31999398739e-22 0.
1534183751 1 10510.5439453 0. 6.32659094689e-22 0.
1534183811 1 10491.6845703 0. 6.32510802783e-22 0.
1534183871 1 10475.1181641 0. 6.32442259908e-22 0.
1534183932 1 10458.6835938 0. 6.32401982645e-22 0.
1534183992 1 10441.6064453 0. 6.32314088442e-22 0.
1534184052 1 10428.9306641 0. 6.32481739563e-22 0.
1534184112 1 10409.9365234 0. 6.32260566045e-22 0.
1534184172 1 10108.859375 0. 6.14894529696e-22 0.
1534184232 1 9885.26074219 0. 6.02188589813e-22 0.
1534184292 1 10363.6523438 0. 6.32297624174e-22 0.
1534184352 1 10346.6474609 0. 6.32193157419e-22 0.
1534184413 1 10326.4746094 0. 6.31903324355e-22 0.
1534184473 1 10306.5966797 0. 6.31605326183e-22 0.
1534184533 1 10291.5683594 0. 6.31629537369e-22 0.
1534184593 1 10271.2050781 0. 6.3130170049e-22 0.
1534184653 1 10257.3105469 0. 6.31354625266e-22 0.
1534184713 1 10233.2900391 0. 6.30835703542e-22 0.
1534184774 1 10219.9580078 0. 6.31015294051e-22 0.
1534184834 1 10207.1669922 0. 6.31141116117e-22 0.
1534184875 1 10233.4316406 0. 6.33445720344e-22 0.
1534184917 1 10223.4794922 0. 6.33518055988e-22 0.
1534184977 1 10202.1357422 0. 6.33154695173e-22 0.
1534185037 1 10176.4150391 0. 6.32613826973e-22 0.
1534185087 1 10170.7705078 0. 6.33015152244e-22 0.
1534185137 1 10158.0849609 0. 6.32914685483e-22 0.
1534185197 1 10140.7460938 0. 6.32840892097e-22 0.
1534185257 1 10121.5097656 0. 6.32681766253e-22 0.
1534185317 1 10111.9697266 0. 6.33039223997e-22 0.
1534185378 1 10093.2207031 0. 6.32822809547e-22 0.
1534185438 1 10077.0302734 0. 6.32776795921e-22 0.
1534185498 1 10057.9433594 0. 6.32505430869e-22 0.
1534185558 1 10039.6992188 0. 6.32334925241e-22 0.
1534185618 1 10028.3896484 0. 6.3255123627e-22 0.
1534185678 1 10007.8730469 0. 6.32222757836e-22 0.
1534185738 1 9993.43945312 0. 6.3223831253e-22 0.
1534185798 1 9976.44921875 0. 6.32085038538e-22 0.
1534185859 1 9955.0 0. 6.3165275565e-22 0.
1534185919 1 9941.79003906 0. 6.31706836557e-22 0.
1534185979 1 9926.00585938 0. 6.31630775287e-22 0.
1534186039 1 9938.8984375 0. 6.33334458121e-22 0.
1534186099 1 9929.61621094 0. 6.33698305001e-22 0.
1534186159 1 9911.49902344 0. 6.33552700652e-22 0.
1534186219 1 9895.30175781 0. 6.33502354442e-22 0.
1534186279 1 9880.578125 0. 6.33458789271e-22 0.
1534186340 1 9864.90625 0. 6.33440258941e-22 0.
1534186400 1 9847.19726562 0. 6.33183360969e-22 0.
1534186460 1 9831.13964844 0. 6.33102102845e-22 0.
1534186520 1 9815.65136719 0. 6.33029695789e-22 0.
1534186580 1 9797.58105469 0. 6.3271365169e-22 0.
1534186640 1 9784.55273438 0. 6.32830983815e-22 0.
1534186700 1 9766.98730469 0. 6.32623268034e-22 0.
1534186761 1 9750.77929688 0. 6.32535850722e-22 0.
1534186821 1 9729.35449219 0. 6.32083080664e-22 0.
1534186881 1 9716.6328125 0. 6.32187977704e-22 0.
1534186941 1 9699.79589844 0. 6.32017853834e-22 0.
1534186990 1 9687.25878906 0. 6.31945063555e-22 0.
1534187038 1 9673.04882812 0. 6.31778145811e-22 0.
1534187099 1 9662.25 0. 6.32016302442e-22 0.
1534187159 1 9644.79492188 0. 6.31797451749e-22 0.
1534187219 1 9625.37792969 0. 6.31467614436e-22 0.
1534187279 1 9649.88085938 0. 6.34006436814e-22 0.
1534187339 1 9629.80761719 0. 6.33654825335e-22 0.
1534187399 1 9611.265625 0. 6.33393387169e-22 0.
1534187460 1 9593.59179688 0. 6.33211330706e-22 0.
1534187520 1 9576.90527344 0. 6.33025172248e-22 0.
1534187580 1 9560.98828125 0. 6.32900100135e-22 0.
1534187640 1 9541.84082031 0. 6.32587500893e-22 0.
1534187700 1 9525.29882812 0. 6.32438265764e-22 0.
1534187760 1 9512.42089844 0. 6.32545565395e-22 0.
1534187821 1 9498.39355469 0. 6.32515677869e-22 0.
1534187881 1 9481.83203125 0. 6.32365969289e-22 0.
1534187929 1 9465.36425781 0. 6.32010772629e-22 0.
1534187978 1 9450.39941406 0. 6.31773242126e-22 0.
1534188038 1 9440.5703125 0. 6.32008892866e-22 0.
1534188098 1 9422.453125 0. 6.3170233633e-22 0.
1534188159 1 9405.859375 0. 6.31558202729e-22 0.
1534188219 1 9394.83398438 0. 6.31750163144e-22 0.
1534188279 1 9380.7578125 0. 6.31715994967e-22 0.
1534188339 1 9363.29003906 0. 6.31468824885e-22 0.
1534188399 1 9348.06640625 0. 6.3135481848e-22 0.
1534188459 1 9334.51269531 0. 6.31362066279e-22 0.
1534188519 1 9352.26269531 0. 6.33480665251e-22 0.
1534188555 1 9335.73632812 0. 6.3288675615e-22 0.
1534188590 1 9331.109375 0. 6.33179645472e-22 0.
1534188650 1 9312.47070312 0. 6.32851804785e-22 0.
1534188710 1 9299.92089844 0. 6.32945883298e-22 0.
1534188765 1 9281.79492188 0. 6.32564647109e-22 0.
1534188819 1 9266.83007812 0. 6.32432707463e-22 0.
1534188880 1 9252.421875 0. 6.32402496858e-22 0.
1534188924 1 9241.84667969 0. 6.32325948945e-22 0.
1534188968 1 9226.44042969 0. 6.320066916e-22 0.
1534189028 1 9216.18554688 0. 6.32257773601e-22 0.
1534189088 1 9199.03613281 0. 6.32010456976e-22 0.
1534189127 1 9193.56738281 0. 6.32167913291e-22 0.
1534189157 1 9182.75488281 0. 6.31931744145e-22 0.
1534189208 1 9166.79394531 0. 6.31635009008e-22 0.
1534189268 1 9149.30273438 0. 6.31382998886e-22 0.
1534189328 1 9135.68359375 0. 6.3137412098e-22 0.
1534189388 1 9124.6171875 0. 6.31557391795e-22 0.
1534189449 1 9106.19433594 0. 6.31202468183e-22 0.
1534189509 1 9089.7578125 0. 6.31012726324e-22 0.
1534189569 1 9077.54003906 0. 6.31034099157e-22 0.
1534189629 1 9060.140625 0. 6.30729803895e-22 0.
1534189689 1 9051.59375 0. 6.31064098729e-22 0.
1534189749 1 9061.93359375 0. 6.32724365388e-22 0.
1534189809 1 9048.18066406 0. 6.32760546158e-22 0.
1534189869 1 9007.39550781 0. 6.30893604545e-22 0.
1534189930 1 9012.23730469 0. 6.3219335495e-22 0.
1534189978 1 9008.13964844 0. 6.3264121598e-22 0.
1534190027 1 8995.30175781 0. 6.3255705004e-22 0.
1534190087 1 8976.26855469 0. 6.32169943273e-22 0.
1534190147 1 8963.70117188 0. 6.32213710509e-22 0.
1534190207 1 8954.41210938 0. 6.32480549754e-22 0.
1534190268 1 8938.23925781 0. 6.32278542974e-22 0.
1534190328 1 8929.70898438 0. 6.32619300971e-22 0.
1534190388 1 8907.68847656 0. 6.31997346528e-22 0.
1534190448 1 8887.33300781 0. 6.31496246906e-22 0.
1534190508 1 8882.2109375 0. 6.32052459345e-22 0.
1534190568 1 8870.59667969 0. 6.32126686963e-22 0.
1534190628 1 8852.58203125 0. 6.31787231546e-22 0.
1534190689 1 8843.33886719 0. 6.32075910552e-22 0.
1534190749 1 8829.13867188 0. 6.31976031642e-22 0.
1534190809 1 8813.734375 0. 6.31819527778e-22 0.
1534190869 1 8794.609375 0. 6.31350834758e-22 0.
1534190929 1 8787.27539062 0. 6.3175196414e-22 0.
1534190990 1 8779.58398438 0. 6.32130336407e-22 0.
1534191050 1 8783.75292969 0. 6.33392777945e-22 0.
1534191110 1 8766.1328125 0. 6.33057342582e-22 0.
1534191170 1 8748.23046875 0. 6.32719243834e-22 0.
1534191230 1 8743.77050781 0. 6.33348323077e-22 0.
1534191290 1 8723.86132812 0. 6.32874249603e-22 0.
1534191351 1 8704.88867188 0. 6.32442876859e-22 0.
1534191401 1 8701.70117188 0. 6.32998839103e-22 0.
1534191452 1 8683.3125 0. 6.32488473507e-22 0.
1534191512 1 8721.97558594 0. 6.36223301489e-22 0.
1534191572 1 9268.49121094 0. 6.77446201908e-22 0.
1534191632 1 9307.52734375 0. 6.81740935044e-22 0.
1534191692 1 9156.57324219 0. 6.72079513707e-22 0.
1534191753 1 8916.62109375 0. 6.55660325933e-22 0.
1534191813 1 9074.86621094 0. 6.68735241338e-22 0.
1534191873 1 9226.51757812 0. 6.81153142516e-22 0.
1534191933 1 9218.67382812 0. 6.81861366102e-22 0.
1534191993 1 9194.40722656 0. 6.81332083298e-22 0.
1534192053 1 9170.83203125 0. 6.80845722619e-22 0.
1534192113 1 9158.72851562 0. 6.81187032678e-22 0.
1534192173 1 9132.06054688 0. 6.80463074305e-22 0.
1534192214 1 9119.79199219 0. 6.80369173798e-22 0.
1534192256 1 9111.57714844 0. 6.80688718725e-22 0.
1534192316 1 9093.3125 0. 6.80603444372e-22 0.
1534192376 1 9073.48730469 0. 6.80326551875e-22 0.
1534192436 1 9058.47753906 0. 6.80432369753e-22 0.
1534192496 1 9019.91601562 0. 6.78770274782e-22 0.
1534192556 1 9007.0859375 0. 6.7905837937e-22 0.
1534192617 1 8987.57714844 0. 6.78810119716e-22 0.
1534192677 1 8968.73535156 0. 6.78633025439e-22 0.
1534192737 1 8948.33789062 0. 6.78345253597e-22 0.
1534192797 1 8933.44433594 0. 6.78415110923e-22 0.
1534192857 1 8914.18359375 0. 6.78179474842e-22 0.
1534192917 1 8898.71289062 0. 6.78220527976e-22 0.
1534192977 1 8885.02636719 0. 6.78393845807e-22 0.
1534193037 1 8870.54492188 0. 6.78473995617e-22 0.
1534193098 1 8857.84570312 0. 6.78742635639e-22 0.
1534193158 1 8840.50488281 0. 6.78629629063e-22 0.
1534193218 1 8830.07519531 0. 6.79030236584e-22 0.
1534193278 1 8811.04492188 0. 6.7879766248e-22 0.
1534193338 1 8792.56054688 0. 6.78580010217e-22 0.
1534193398 1 8778.82128906 0. 6.78728241018e-22 0.
1534193458 1 8766.48828125 0. 6.78958781422e-22 0.
1534193518 1 8745.97167969 0. 6.78575948551e-22 0.
1534193579 1 8728.51171875 0. 6.78426270627e-22 0.
1534193639 1 8710.55175781 0. 6.78244487702e-22 0.
1534193683 1 8702.2578125 0. 6.78434259745e-22 0.
1534193728 1 8693.671875 0. 6.78699105445e-22 0.
1534193788 1 8674.27636719 0. 6.78365368695e-22 0.
1534193848 1 8657.98828125 0. 6.78247596708e-22 0.
1534193908 1 8637.046875 0. 6.77782193232e-22 0.
1534193968 1 8620.39453125 0. 6.77688047677e-22 0.
1534194029 1 8608.43652344 0. 6.7798354883e-22 0.
1534194089 1 8594.6171875 0. 6.78071846292e-22 0.
1534194149 1 8580.56933594 0. 6.78171542931e-22 0.
1534194209 1 8559.52539062 0. 6.77688452698e-22 0.
1534194269 1 8546.68945312 0. 6.77850437802e-22 0.
1534194329 1 8533.84179688 0. 6.77991669565e-22 0.
1534194389 1 8515.84960938 0. 6.7771293234e-22 0.
1534194449 1 8495.50878906 0. 6.77280257122e-22 0.
1534194510 1 8479.78808594 0. 6.77168334061e-22 0.
1534194570 1 8466.14453125 0. 6.7726200743e-22 0.
1534194630 1 8449.0234375 0. 6.77062948691e-22 0.
1534194690 1 8440.05371094 0. 6.77471157624e-22 0.
1534194750 1 8424.1015625 0. 6.77356284596e-22 0.
1534194799 1 8406.7578125 0. 6.76904646281e-22 0.
1534194848 1 8395.15820312 0. 6.76903144136e-22 0.
1534194908 1 8379.03027344 0. 6.76765787804e-22 0.
1534194969 1 8361.65722656 0. 6.76492469397e-22 0.
1534195029 1 8343.66601562 0. 6.76181063082e-22 0.
1534195089 1 8333.00390625 0. 6.76491944427e-22 0.
1534195149 1 8314.48242188 0. 6.76152470344e-22 0.
1534195209 1 8299.01757812 0. 6.76066393099e-22 0.
1534195269 1 8290.84472656 0. 6.76528023608e-22 0.
1534195329 1 8275.29101562 0. 6.76405259541e-22 0.
1534195390 1 8259.41796875 0. 6.76240145648e-22 0.
1534195425 1 8251.01660156 0. 6.7616184674e-22 0.
1534195460 1 8240.74707031 0. 6.76076395802e-22 0.
1534195520 1 8225.37304688 0. 6.75907326988e-22 0.
1534195581 1 8209.36523438 0. 6.75736778325e-22 0.
1534195641 1 8197.24121094 0. 6.75881381069e-22 0.
1534195701 1 8172.20361328 0. 6.74975373437e-22 0.
1534195761 1 8166.74023438 0. 6.75648055736e-22 0.
1534195821 1 8151.08105469 0. 6.75491683276e-22 0.
1534195881 1 8137.30371094 0. 6.75468286977e-22 0.
1534195941 1 8120.07421875 0. 6.75136853069e-22 0.
1534196001 1 8105.58496094 0. 6.75084508465e-22 0.
1534196062 1 8089.26416016 0. 6.74860243593e-22 0.
1534196122 1 8074.51953125 0. 6.74758312913e-22 0.
1534196182 1 8062.43164062 0. 6.74890636004e-22 0.
1534196242 1 8045.99658203 0. 6.74630893174e-22 0.
1534196302 1 8034.81591797 0. 6.74821248965e-22 0.
1534196362 1 8014.43164062 0. 6.74238173827e-22 0.
1534196422 1 8003.46728516 0. 6.74426351092e-22 0.
1534196482 1 7990.22021484 0. 6.7446577343e-22 0.
1534196542 1 7976.57763672 0. 6.74405031435e-22 0.
1534196603 1 7962.23681641 0. 6.74312342874e-22 0.
1534196663 1 7947.82666016 0. 6.7423252422e-22 0.
1534196723 1 7929.95947266 0. 6.73815406271e-22 0.
1534196783 1 7925.88476562 0. 6.74540145237e-22 0.
1534196843 1 7905.73095703 0. 6.73946233506e-22 0.
1534196903 1 7893.2265625 0. 6.73975269822e-22 0.
1534196957 1 7879.19921875 0. 6.73723485219e-22 0.
1534197010 1 7870.80029297 0. 6.73984860021e-22 0.
1534197070 1 7854.15234375 0. 6.73644829744e-22 0.
1534197130 1 7840.60791016 0. 6.73565623248e-22 0.
1534197190 1 7821.88378906 0. 6.73065052047e-22 0.
1534197251 1 7808.68652344 0. 6.73048129329e-22 0.
1534197311 1 7795.22363281 0. 6.72978659423e-22 0.
1534197371 1 7780.52832031 0. 6.72817671606e-22 0.
1534197417 1 7764.84863281 0. 6.72275182541e-22 0.
1534197463 1 7762.01318359 0. 6.7285613767e-22 0.
1534197524 1 7745.41845703 0. 6.72528733289e-22 0.
1534197584 1 7732.47900391 0. 6.72491485553e-22 0.
1534197644 1 7720.25097656 0. 6.7250740437e-22 0.
1534197704 1 7705.44482422 0. 6.72271813888e-22 0.
1534197764 1 7692.14111328 0. 6.72177130842e-22 0.
1534197824 1 7675.29638672 0. 6.71797631421e-22 0.
1534197884 1 7666.65185547 0. 6.72077705559e-22 0.
1534197944 1 7653.57763672 0. 6.72020176436e-22 0.
1534198004 1 7629.28955078 0. 6.70981730158e-22 0.
1534198065 1 7620.89453125 0. 6.71295062036e-22 0.
1534198125 1 7607.55419922 0. 6.71210181273e-22 0.
1534198185 1 7591.66650391 0. 6.7088994442e-22 0.
1534198245 1 7580.10546875 0. 6.70929729993e-22 0.
1534198305 1 7567.00878906 0. 6.70827237673e-22 0.
1534198365 1 7554.39648438 0. 6.70791184134e-22 0.
1534198425 1 7544.11816406 0. 6.7098339345e-22 0.
1534198486 1 7527.58642578 0. 6.70590604986e-22 0.
1534198546 1 7518.58349609 0. 6.7088416626e-22 0.
1534198606 1 7499.54150391 0. 6.70298839678e-22 0.
1534198666 1 7482.41748047 0. 6.69854558828e-22 0.
1534198726 1 7470.71630859 0. 6.69856202365e-22 0.
1534198786 1 7455.59667969 0. 6.69555788533e-22 0.
1534198846 1 7443.41650391 0. 6.69553480582e-22 0.
1534198907 1 7427.75927734 0. 6.69207973268e-22 0.
1534198967 1 7417.87060547 0. 6.69365501737e-22 0.
1534199027 1 7403.87939453 0. 6.69121565975e-22 0.
1534199087 1 7393.99609375 0. 6.6926427755e-22 0.
1534199147 1 7383.09716797 0. 6.69330433712e-22 0.
1534199207 1 7371.55224609 0. 6.6930645413e-22 0.
1534199267 1 7356.31298828 0. 6.68940116676e-22 0.
1534199327 1 7345.79833984 0. 6.69048020343e-22 0.
1534199388 1 7329.02685547 0. 6.68543636814e-22 0.
1534199448 1 7321.32714844 0. 6.68880253297e-22 0.
1534199508 1 7302.99316406 0. 6.68267154683e-22 0.
1534199563 1 7288.83300781 0. 6.67941982055e-22 0.
1534199619 1 7276.15869141 0. 6.67762110622e-22 0.
1534199679 1 7378.40673828 0. 6.78203075253e-22 0.
1534199739 1 7660.7734375 0. 7.05461990051e-22 0.
1534199799 1 7554.26416016 0. 6.96965402786e-22 0.
1534199860 1 7379.26318359 0. 6.81779722378e-22 0.
1534199920 1 7406.35351562 0. 6.85817917425e-22 0.
1534199980 1 7602.88525391 0. 7.05135945301e-22 0.
1534200040 1 7584.98779297 0. 7.04734962422e-22 0.
1534200100 1 7572.46289062 0. 7.04819193815e-22 0.
1534200160 1 7555.71142578 0. 7.04513334811e-22 0.
1534200221 1 7539.42333984 0. 7.04280813227e-22 0.
1534200281 1 7525.05078125 0. 7.04185594384e-22 0.
1534200341 1 7511.19189453 0. 7.04143946946e-22 0.
1534200401 1 7492.80957031 0. 7.0368126714e-22 0.
1534200461 1 7478.89160156 0. 7.03547108327e-22 0.
1534200521 1 7464.51708984 0. 7.03425556084e-22 0.
1534200581 1 7450.79394531 0. 7.0337607692e-22 0.
1534200641 1 7436.28271484 0. 7.03241105443e-22 0.
1534200702 1 7418.84912109 0. 7.02831669148e-22 0.
1534200762 1 7407.484375 0. 7.0295708433e-22 0.
1534200822 1 7395.00097656 0. 7.03016448147e-22 0.
1534200882 1 7382.20996094 0. 7.03037523308e-22 0.
1534200942 1 7368.3515625 0. 7.02949029166e-22 0.
1534201003 1 7353.24609375 0. 7.02711941651e-22 0.
1534201063 1 7342.70068359 0. 7.02952681605e-22 0.
1534201123 1 7326.58837891 0. 7.02627027123e-22 0.
1534201183 1 7312.3203125 0. 7.0249703019e-22 0.
1534201243 1 7297.90625 0. 7.02324880445e-22 0.
1534201303 1 7285.22851562 0. 7.02285992125e-22 0.
1534201364 1 7270.16796875 0. 7.02056756112e-22 0.
1534201424 1 7256.66503906 0. 7.01963800433e-22 0.
1534201484 1 7242.23291016 0. 7.01795791213e-22 0.
1534201544 1 7229.74658203 0. 7.01784923552e-22 0.
1534201605 1 7213.83105469 0. 7.01412803525e-22 0.
1534201665 1 7199.77587891 0. 7.01305586559e-22 0.
1534201725 1 7187.52441406 0. 7.0133402413e-22 0.
1534201785 1 7172.27490234 0. 7.01071822997e-22 0.
1534201845 1 7161.01416016 0. 7.01153796767e-22 0.
1534201905 1 7153.46240234 0. 7.0158810612e-22 0.
1534201965 1 7138.60449219 0. 7.01307888815e-22 0.
1534202025 1 7121.98681641 0. 7.00856193347e-22 0.
1534202086 1 7110.55859375 0. 7.00907353404e-22 0.
1534202146 1 7098.76416016 0. 7.00929972629e-22 0.
1534202206 1 7086.36425781 0. 7.0087206235e-22 0.
1534202266 1 7075.52587891 0. 7.00960142244e-22 0.
1534202326 1 7059.39257812 0. 7.00551031298e-22 0.
1534202386 1 7040.86865234 0. 6.99880193424e-22 0.
1534202446 1 7028.90527344 0. 6.99884860093e-22 0.
1534202506 1 7017.86865234 0. 6.9994833029e-22 0.
1534202567 1 7003.48193359 0. 6.99705934538e-22 0.
1534202627 1 6994.08056641 0. 6.9989505982e-22 0.
1534202675 1 6983.41259766 0. 6.99765632592e-22 0.
1534202715 1 6975.62841797 0. 6.99764910136e-22 0.
1534202766 1 6961.41162109 0. 6.9932713969e-22 0.
1534202827 1 6952.47119141 0. 6.99628021929e-22 0.
1534202887 1 6938.33007812 0. 6.99361119838e-22 0.
1534202947 1 6922.796875 0. 6.9896731247e-22 0.
1534203007 1 6912.95068359 0. 6.99147291654e-22 0.
1534203067 1 6897.10595703 0. 6.98686886789e-22 0.
1534203127 1 6887.00878906 0. 6.98788486909e-22 0.
1534203187 1 6868.00878906 0. 6.97996982065e-22 0.
1534203248 1 6857.71142578 0. 6.98091804951e-22 0.
1534203308 1 6848.26171875 0. 6.98302845757e-22 0.
1534203368 1 6834.32519531 0. 6.980095636e-22 0.
1534203428 1 6823.70800781 0. 6.98074612128e-22 0.
1534203488 1 6807.02001953 0. 6.97499916181e-22 0.
1534203523 1 6802.70849609 0. 6.97691743911e-22 0.
1534203559 1 6794.296875 0. 6.97582748858e-22 0.
1534203619 1 6782.76611328 0. 6.97505099941e-22 0.
1534203679 1 6768.54248047 0. 6.97154948094e-22 0.
1534203739 1 6760.23828125 0. 6.97396357835e-22 0.
1534203799 1 6745.70019531 0. 6.97048328445e-22 0.
1534203859 1 6732.29199219 0. 6.96814948232e-22 0.
1534203919 1 6721.36328125 0. 6.9678929939e-22 0.
1534203980 1 6708.57373047 0. 6.96571901157e-22 0.
1534204040 1 6696.75537109 0. 6.96484247652e-22 0.
1534204100 1 6686.03857422 0. 6.96504514161e-22 0.
1534204160 1 6674.21777344 0. 6.96430765526e-22 0.
1534204220 1 6661.59326172 0. 6.96215015619e-22 0.
1534204280 1 6648.41015625 0. 6.96001636816e-22 0.
1534204340 1 6638.64355469 0. 6.96106225036e-22 0.
1534204401 1 6626.62304688 0. 6.95973570218e-22 0.
1534204461 1 6614.78515625 0. 6.9589719673e-22 0.
1534204521 1 6600.39111328 0. 6.95498221297e-22 0.
1534204581 1 6587.31787109 0. 6.95268249114e-22 0.
1534204641 1 6579.30419922 0. 6.95537487694e-22 0.
1534204701 1 6569.61132812 0. 6.95638615392e-22 0.
1534204761 1 6557.44775391 0. 6.95472501998e-22 0.
1534204821 1 6544.1328125 0. 6.95198212409e-22 0.
1534204882 1 6531.42822266 0. 6.94951415738e-22 0.
1534204942 1 6521.71044922 0. 6.95031711649e-22 0.
1534205002 1 6511.75097656 0. 6.9508497792e-22 0.
1534205062 1 6498.50976562 0. 6.94804190112e-22 0.
1534205122 1 6485.07177734 0. 6.9445336956e-22 0.
1534205182 1 6475.52539062 0. 6.94544261422e-22 0.
1534205242 1 6464.74609375 0. 6.94441400974e-22 0.
1534205302 1 6451.82373047 0. 6.94171697604e-22 0.
1534205363 1 6438.49707031 0. 6.93843768834e-22 0.
1534205412 1 6427.29443359 0. 6.93535348838e-22 0.
1534205462 1 6421.28076172 0. 6.93761338537e-22 0.
1534205522 1 6410.30859375 0. 6.93638531959e-22 0.
1534205582 1 6377.53320312 0. 6.91304122361e-22 0.
1534205642 1 6380.17871094 0. 6.92680690248e-22 0.
1534205702 1 6375.45751953 0. 6.93244076613e-22 0.
1534205762 1 6364.27001953 0. 6.93067837403e-22 0.
1534205822 1 6351.11083984 0. 6.92723223793e-22 0.
1534205883 1 6340.37792969 0. 6.92644144287e-22 0.
1534205943 1 6331.15527344 0. 6.92829853112e-22 0.
1534205978 1 6323.25341797 0. 6.92596075866e-22 0.
1534205996 1 6316.95117188 0. 6.92312525697e-22 0.
1534206039 1 6314.05029297 0. 6.92691734433e-22 0.
1534206100 1 6301.66845703 0. 6.92418880234e-22 0.
1534206160 1 6293.22900391 0. 6.92567203116e-22 0.
1534206220 1 6282.85693359 0. 6.92504588084e-22 0.
1534206280 1 6268.734375 0. 6.92026688833e-22 0.
1534206340 1 6259.12402344 0. 6.91987554518e-22 0.
1534206400 1 6246.35009766 0. 6.91646433612e-22 0.
1534206460 1 6237.56835938 0. 6.91742879825e-22 0.
1534206514 1 5734.02685547 0. 6.43964252836e-22 0.
1534206568 1 0.173724964261 0. 0.0 0.
1534206628 1 0.15636472404 0. 0.0 0.
