1534540465 1 16099.4326172 0. 5.38868974769e-22 0.
1534540501 1 16116.1132812 0. 5.40010468957e-22 0.
1534540511 1 16373.4716797 0. 5.48883327585e-22 0.
1534540546 1 17337.3261719 0. 5.82049155929e-22 0.
1534540606 1 19020.7070312 0. 6.39797792128e-22 0.
1534540667 1 19019.8984375 0. 6.40922191349e-22 0.
1534540727 1 18982.7578125 0. 6.40899151175e-22 0.
1534540787 1 18989.3339844 0. 6.42348873249e-22 0.
1534540847 1 18966.21875 0. 6.42502665514e-22 0.
1534540907 1 18932.2714844 0. 6.42496571076e-22 0.
1534540967 1 18928.3808594 0. 6.43418322757e-22 0.
1534541027 1 18864.5136719 0. 6.42418732194e-22 0.
1534541087 1 18829.6328125 0. 6.42379424552e-22 0.
1534541148 1 18799.6992188 0. 6.42582744192e-22 0.
1534541208 1 18751.7089844 0. 6.42090403714e-22 0.
1534541268 1 18710.4570312 0. 6.41796937996e-22 0.
1534541328 1 18656.6113281 0. 6.41065755131e-22 0.
1534541388 1 18625.9042969 0. 6.41155594858e-22 0.
1534541433 1 18571.96875 0. 6.40097611407e-22 0.
1534541477 1 18552.0605469 0. 6.40238247549e-22 0.
1534541538 1 18512.1171875 0. 6.3995250755e-22 0.
1534541570 1 18499.1230469 0. 6.40068122305e-22 0.
1534541579 1 5958.20361328 0. 2.06947006899e-22 0.
1534541590 1 1902.32104492 0. 6.59521499213e-23 0.
1534541599 1 3079.16894531 0. 1.06755220258e-22 0.
1534541608 1 4999.97851562 0. 1.73237729939e-22 0.
1534541617 1 6761.64111328 0. 2.343866604e-22 0.
1534541627 1 10153.5986328 0. 3.51758002474e-22 0.
1534541636 1 11997.1386719 0. 4.15836961357e-22 0.
1534541645 1 15625.7119141 0. 5.41504902786e-22 0.
1534541654 1 16704.171875 0. 5.79051375017e-22 0.
1534541663 1 18391.5585938 0. 6.37708401511e-22 0.
1534541672 1 17499.9765625 0. 6.06943823821e-22 0.
1534541682 1 16505.2675781 0. 5.72568098641e-22 0.
1534541691 1 13455.8964844 0. 4.67060148494e-22 0.
1534541700 1 11415.0195312 0. 3.96172945157e-22 0.
1534541709 1 8274.16796875 0. 2.8743837652e-22 0.
1534541718 1 6096.03466797 0. 2.11717743494e-22 0.
1534541727 1 4067.02124023 0. 1.41389427022e-22 0.
1534541737 1 2516.52075195 0. 8.74941504999e-23 0.
1534541753 1 5731.05908203 0. 1.99906876371e-22 0.
1534541770 1 1456.84692383 0. 5.08954246873e-23 0.
1534541779 1 2471.9387207 0. 8.62663898977e-23 0.
1534541788 1 4183.70849609 0. 1.45842523905e-22 0.
1534541796 1 6018.08642578 0. 2.09775770376e-22 0.
1534541805 1 9788.40332031 0. 3.40784468821e-22 0.
1534541814 1 11513.03125 0. 4.00976530355e-22 0.
1534541823 1 15847.2050781 0. 5.51498577348e-22 0.
1534541831 1 16914.296875 0. 5.88804847634e-22 0.
1534541840 1 18294.9394531 0. 6.3685288553e-22 0.
1534541849 1 16240.9296875 0. 5.65521915585e-22 0.
1534541858 1 14622.6679688 0. 5.09190959633e-22 0.
1534541867 1 10639.6806641 0. 3.70906309477e-22 0.
1534541876 1 8077.43798828 0. 2.8152918586e-22 0.
1534541884 1 5340.41699219 0. 1.86430978283e-22 0.
1534541893 1 3339.75073242 0. 1.16639904808e-22 0.
1534541902 1 2175.42114258 0. 7.60777266719e-23 0.
1534541911 1 1120.79223633 0. 3.92636798522e-23 0.
1534541921 1 4149.06640625 0. 1.45381561548e-22 0.
1534541956 1 18272.9277344 0. 6.37863343913e-22 0.
1534542017 1 18233.359375 0. 6.37480202759e-22 0.
1534542072 1 18190.2988281 0. 6.36917403576e-22 0.
1534542128 1 18170.3007812 0. 6.3717059792e-22 0.
1534542188 1 18223.984375 0. 6.40056626207e-22 0.
1534542248 1 18138.1933594 0. 6.38045801211e-22 0.
1534542308 1 17701.1210938 0. 6.23683363177e-22 0.
1534542369 1 16791.5429688 0. 5.92643391685e-22 0.
1534542429 1 18148.0976562 0. 6.41467471266e-22 0.
1534542489 1 18193.1445312 0. 6.44116324043e-22 0.
1534542549 1 18149.8730469 0. 6.4362377199e-22 0.
1534542609 1 18117.2304688 0. 6.43488362838e-22 0.
1534542669 1 18163.5136719 0. 6.46188093384e-22 0.
1534542729 1 18109.4042969 0. 6.45296493052e-22 0.
1534542789 1 18066.3398438 0. 6.44781260878e-22 0.
1534542849 1 18030.6855469 0. 6.4456555206e-22 0.
1534542910 1 17987.2011719 0. 6.44029330084e-22 0.
1534542970 1 17955.3808594 0. 6.43882559015e-22 0.
1534543030 1 17907.5800781 0. 6.43221840122e-22 0.
1534543090 1 17877.1230469 0. 6.43140312894e-22 0.
1534543150 1 17833.0371094 0. 6.42591094288e-22 0.
1534543189 1 17813.1425781 0. 6.42484468896e-22 0.
1534543228 1 17787.9863281 0. 6.42282718234e-22 0.
1534543288 1 17750.0507812 0. 6.41934324548e-22 0.
1534543348 1 17790.4179688 0. 6.44425250665e-22 0.
1534543408 1 17747.2089844 0. 6.43870997093e-22 0.
1534543469 1 17702.0371094 0. 6.43266955203e-22 0.
1534543529 1 17676.0898438 0. 6.43378166788e-22 0.
1534543589 1 17635.375 0. 6.42925400285e-22 0.
1534543649 1 17602.6464844 0. 6.42733799388e-22 0.
1534543709 1 17560.2207031 0. 6.4219387809e-22 0.
1534543769 1 17524.9316406 0. 6.419120289e-22 0.
1534543829 1 17488.1132812 0. 6.41541030314e-22 0.
1534543889 1 17451.8164062 0. 6.41211925292e-22 0.
1534543949 1 17415.2988281 0. 6.40883633828e-22 0.
1534544010 1 17376.0136719 0. 6.40420276342e-22 0.
1534544070 1 17332.7792969 0. 6.39822154686e-22 0.
1534544106 1 17309.0429688 0. 6.39471249521e-22 0.
1534544142 1 17333.9042969 0. 6.41067710912e-22 0.
1534544194 1 17330.0058594 0. 6.41775344021e-22 0.
1534544247 1 17295.9707031 0. 6.41385762943e-22 0.
1534544307 1 17264.2460938 0. 6.41219947956e-22 0.
1534544367 1 17215.40625 0. 6.4039143773e-22 0.
1534544427 1 17185.4570312 0. 6.40268765766e-22 0.
1534544487 1 17153.7578125 0. 6.40093745369e-22 0.
1534544547 1 17112.0019531 0. 6.39552064696e-22 0.
1534544608 1 17069.5683594 0. 6.38929932546e-22 0.
1534544668 1 17012.703125 0. 6.37781043827e-22 0.
1534544728 1 16977.9824219 0. 6.37422481468e-22 0.
1534544788 1 16953.3085938 0. 6.37480019938e-22 0.
1534544848 1 16921.3867188 0. 6.37245659195e-22 0.
1534544908 1 16894.1386719 0. 6.37179826064e-22 0.
1534544969 1 16840.4707031 0. 6.36155981565e-22 0.
1534545028 1 16805.2871094 0. 6.35801013962e-22 0.
1534545088 1 16808.6445312 0. 6.36894736589e-22 0.
1534545148 1 16789.4804688 0. 6.37153766007e-22 0.
1534545208 1 16764.3867188 0. 6.3716383134e-22 0.
1534545268 1 16730.9492188 0. 6.36819215559e-22 0.
1534545313 1 16715.1816406 0. 6.36904917217e-22 0.
1534545357 1 16679.0839844 0. 6.36247739491e-22 0.
1534545417 1 16666.90625 0. 6.36772380676e-22 0.
1534545477 1 16619.015625 0. 6.35903406998e-22 0.
1534545537 1 16579.5585938 0. 6.35349881029e-22 0.
1534545597 1 16546.4765625 0. 6.35027096509e-22 0.
1534545657 1 16521.109375 0. 6.35000590228e-22 0.
1534545702 1 16501.890625 0. 6.3494852973e-22 0.
1534545747 1 16468.5898438 0. 6.34359754523e-22 0.
1534545792 1 16460.7265625 0. 6.34785205902e-22 0.
1534545837 1 16426.4121094 0. 6.34173083337e-22 0.
1534545897 1 16404.9160156 0. 6.34283539681e-22 0.
1534545957 1 16392.6171875 0. 6.34747566775e-22 0.
1534546018 1 15978.3837891 0. 6.19660509048e-22 0.
1534546078 1 15372.4746094 0. 5.97102840712e-22 0.
1534546138 1 16371.1484375 0. 6.3677312339e-22 0.
1534546198 1 16386.0214844 0. 6.38349181347e-22 0.
1534546258 1 16355.0576172 0. 6.38083225736e-22 0.
1534546318 1 16324.9951172 0. 6.37869533534e-22 0.
1534546353 1 16305.6005859 0. 6.37630941716e-22 0.
1534546364 1 16302.4853516 0. 6.37656406014e-22 0.
1534546399 1 16284.3271484 0. 6.37546988127e-22 0.
1534546459 1 16252.6005859 0. 6.37223222473e-22 0.
1534546519 1 16215.4121094 0. 6.3673051351e-22 0.
1534546579 1 16186.1845703 0. 6.36513083895e-22 0.
1534546639 1 16150.8144531 0. 6.36055045437e-22 0.
1534546700 1 16123.5722656 0. 6.35941869229e-22 0.
1534546760 1 16098.9931641 0. 6.35931190397e-22 0.
1534546820 1 16066.2451172 0. 6.35569430003e-22 0.
1534546880 1 16034.5166016 0. 6.35225788744e-22 0.
1534546915 1 16093.5566406 0. 6.38073875057e-22 0.
1534546950 1 16062.7275391 0. 6.37453323586e-22 0.
1534547010 1 16027.1962891 0. 6.37005252284e-22 0.
1534547071 1 15996.1689453 0. 6.36697003433e-22 0.
1534547131 1 15956.7509766 0. 6.3606151381e-22 0.
1534547191 1 15923.3701172 0. 6.3567302564e-22 0.
1534547251 1 15885.8378906 0. 6.35115597284e-22 0.
1534547289 1 15869.1611328 0. 6.34990721565e-22 0.
1534547327 1 15845.1816406 0. 6.34680919109e-22 0.
1534547387 1 15829.0390625 0. 6.34984996157e-22 0.
1534547447 1 15794.2480469 0. 6.34527299175e-22 0.
1534547507 1 15753.2880859 0. 6.33830946373e-22 0.
1534547567 1 15724.3076172 0. 6.33593768436e-22 0.
1534547627 1 15698.4199219 0. 6.33447176192e-22 0.
1534547680 1 15678.4736328 0. 6.3342886097e-22 0.
1534547732 1 15655.9228516 0. 6.33325873097e-22 0.
1534547792 1 15614.1425781 0. 6.325654291e-22 0.
1534547852 1 15598.2949219 0. 6.32827991797e-22 0.
1534547912 1 15621.7939453 0. 6.34726973244e-22 0.
1534547972 1 15598.7402344 0. 6.34734084953e-22 0.
1534548032 1 15572.0292969 0. 6.34615568537e-22 0.
1534548092 1 15544.6845703 0. 6.34413006719e-22 0.
1534548153 1 15511.7001953 0. 6.33993094775e-22 0.
1534548213 1 15478.796875 0. 6.33568333322e-22 0.
1534548273 1 15444.3876953 0. 6.33101903829e-22 0.
1534548333 1 15429.4296875 0. 6.3341684041e-22 0.
1534548393 1 15390.4375 0. 6.32723303033e-22 0.
1534548453 1 15358.2109375 0. 6.32313595097e-22 0.
1534548511 1 15328.7607422 0. 6.31982442607e-22 0.
1534548569 1 15309.3242188 0. 6.32064946855e-22 0.
1534548629 1 15279.5009766 0. 6.3177559072e-22 0.
1534548689 1 15252.7353516 0. 6.31570494658e-22 0.
1534548749 1 15228.6367188 0. 6.31491944894e-22 0.
1534548809 1 15198.0800781 0. 6.31114790902e-22 0.
1534548869 1 15197.2958984 0. 6.32004785796e-22 0.
1534548930 1 15210.8271484 0. 6.334582979e-22 0.
1534548990 1 15170.5253906 0. 6.32688843979e-22 0.
1534549050 1 15140.7490234 0. 6.32381130457e-22 0.
1534549110 1 15096.7451172 0. 6.31466871848e-22 0.
1534549170 1 15089.1835938 0. 6.32061067317e-22 0.
1534549230 1 15055.9619141 0. 6.31583806227e-22 0.
1534549290 1 15025.2226562 0. 6.31188298588e-22 0.
1534549351 1 14995.9140625 0. 6.30860609471e-22 0.
1534549411 1 14962.8574219 0. 6.30367942327e-22 0.
1534549471 1 14938.1162109 0. 6.30240068977e-22 0.
1534549530 1 14907.859375 0. 6.29843819389e-22 0.
1534549589 1 14891.1162109 0. 6.30032968475e-22 0.
1534549649 1 14862.8085938 0. 6.29747894281e-22 0.
1534549710 1 14834.2392578 0. 6.29446350178e-22 0.
1534549770 1 14808.0996094 0. 6.29210246878e-22 0.
1534549830 1 14774.1689453 0. 6.28633574603e-22 0.
1534549890 1 14803.7119141 0. 6.30830778025e-22 0.
1534549950 1 14777.2646484 0. 6.3060982402e-22 0.
1534550010 1 14738.8105469 0. 6.29929368124e-22 0.
1534550070 1 14709.890625 0. 6.2959789922e-22 0.
1534550129 1 14675.640625 0. 6.29038287241e-22 0.
1534550187 1 14645.2900391 0. 6.28616231059e-22 0.
1534550248 1 14611.3066406 0. 6.28018375983e-22 0.
1534550308 1 14577.0371094 0. 6.27455939424e-22 0.
1534550368 1 14562.2304688 0. 6.27734211092e-22 0.
1534550428 1 14529.6347656 0. 6.27205254808e-22 0.
1534550473 1 14505.5390625 0. 6.26822055096e-22 0.
1534550517 1 14497.6191406 0. 6.27156853589e-22 0.
1534550577 1 14473.9082031 0. 6.27022911294e-22 0.
1534550630 1 14448.3496094 0. 6.26683189452e-22 0.
1534550682 1 14419.3583984 0. 6.26224946135e-22 0.
1534550742 1 14383.9091797 0. 6.25596163391e-22 0.
1534550803 1 14370.390625 0. 6.25895886543e-22 0.
1534550863 1 14333.6806641 0. 6.25209195899e-22 0.
1534550923 1 14356.3818359 0. 6.27068539266e-22 0.
1534550983 1 14339.4150391 0. 6.27235261236e-22 0.
1534551043 1 14318.8046875 0. 6.27235697355e-22 0.
1534551078 1 14303.9423828 0. 6.27077822578e-22 0.
1534551113 1 14283.1171875 0. 6.26746441811e-22 0.
1534551174 1 14257.8457031 0. 6.26530112949e-22 0.
1534551234 1 14210.0673828 0. 6.25337770858e-22 0.
1534551294 1 14205.3535156 0. 6.259845097e-22 0.
1534551354 1 14161.671875 0. 6.24969307586e-22 0.
1534551414 1 14137.1162109 0. 6.24785914109e-22 0.
1534551474 1 14112.8955078 0. 6.24603935282e-22 0.
1534551535 1 14085.7480469 0. 6.2425058619e-22 0.
1534551595 1 14045.0576172 0. 6.23337971075e-22 0.
1534551655 1 14023.8457031 0. 6.23292367279e-22 0.
1534551715 1 14009.6162109 0. 6.23578818898e-22 0.
1534551758 1 13998.8222656 0. 6.23716045995e-22 0.
1534551800 1 13943.9746094 0. 6.21944163806e-22 0.
1534551861 1 13922.7802734 0. 6.21900118129e-22 0.
1534551921 1 13942.1132812 0. 6.23608586915e-22 0.
1534551981 1 13948.1923828 0. 6.24780050319e-22 0.
1534552042 1 13925.0644531 0. 6.24650984066e-22 0.
1534552089 1 13914.0712891 0. 6.2487709778e-22 0.
1534552137 1 13881.5400391 0. 6.24155496692e-22 0.
1534552197 1 13850.1298828 0. 6.23672257295e-22 0.
1534552258 1 13831.2851562 0. 6.23702390902e-22 0.
1534552318 1 13804.0048828 0. 6.23360779884e-22 0.
1534552378 1 13763.3496094 0. 6.22391259788e-22 0.
1534552438 1 13730.3447266 0. 6.21753325814e-22 0.
1534552498 1 13712.0830078 0. 6.21832091437e-22 0.
1534552558 1 13692.4394531 0. 6.21821746529e-22 0.
1534552595 1 13678.3291016 0. 6.21673958643e-22 0.
1534552614 1 13670.9667969 0. 6.21615992325e-22 0.
1534552655 1 13644.0 0. 6.21023767168e-22 0.
1534552715 1 13602.4306641 0. 6.20022850264e-22 0.
1534552775 1 13575.5791016 0. 6.19653891808e-22 0.
1534552835 1 13554.8583984 0. 6.19569499156e-22 0.
1534552895 1 13229.8613281 0. 6.05569139061e-22 0.
1534552956 1 12812.9472656 0. 5.87334996705e-22 0.
1534553016 1 13412.7734375 0. 6.15655019627e-22 0.
1534553076 1 13558.1074219 0. 6.23211631631e-22 0.
1534553136 1 13606.4912109 0. 6.26311334581e-22 0.
1534553196 1 13579.3095703 0. 6.2594627656e-22 0.
1534553256 1 13553.4482422 0. 6.25601860693e-22 0.
1534553316 1 13530.5107422 0. 6.25414874604e-22 0.
1534553376 1 13518.5283203 0. 6.25733279359e-22 0.
1534553436 1 13487.1757812 0. 6.25146680785e-22 0.
1534553485 1 13464.578125 0. 6.24788007479e-22 0.
1534553533 1 13458.6337891 0. 6.25239702108e-22 0.
1534553593 1 13429.0498047 0. 6.24736238113e-22 0.
1534553654 1 13396.6328125 0. 6.2407762947e-22 0.
1534553714 1 13366.2841797 0. 6.2353644193e-22 0.
1534553774 1 13348.2802734 0. 6.23581060972e-22 0.
1534553834 1 13320.4941406 0. 6.23174054436e-22 0.
1534553894 1 13294.1279297 0. 6.22813355558e-22 0.
1534553954 1 13274.9033203 0. 6.22790986129e-22 0.
1534554014 1 13251.0859375 0. 6.22528076172e-22 0.
1534554075 1 13234.1914062 0. 6.22601761581e-22 0.
1534554135 1 13216.3476562 0. 6.22618739388e-22 0.
1534554195 1 13198.4082031 0. 6.22611995362e-22 0.
1534554255 1 13171.6992188 0. 6.22242559901e-22 0.
1534554315 1 13139.7753906 0. 6.2160738921e-22 0.
1534554375 1 13127.4931641 0. 6.21878977413e-22 0.
1534554435 1 13106.4794922 0. 6.21742059423e-22 0.
1534554495 1 13083.6728516 0. 6.21527618423e-22 0.
1534554556 1 13055.8603516 0. 6.21097259749e-22 0.
1534554616 1 13033.8496094 0. 6.20923056428e-22 0.
1534554675 1 13019.5957031 0. 6.21062350615e-22 0.
1534554734 1 12998.2470703 0. 6.2088322794e-22 0.
1534554794 1 12978.6015625 0. 6.20784344948e-22 0.
1534554854 1 12958.0791016 0. 6.20654840802e-22 0.
1534554914 1 12938.1552734 0. 6.20577584329e-22 0.
1534554975 1 12913.6591797 0. 6.20259628796e-22 0.
1534555035 1 12892.4892578 0. 6.20067864239e-22 0.
1534555087 1 12873.2060547 0. 6.19877536264e-22 0.
1534555139 1 12855.0791016 0. 6.19739102783e-22 0.
1534555199 1 12830.6269531 0. 6.194178459e-22 0.
1534555259 1 12808.5478516 0. 6.19204564301e-22 0.
1534555320 1 12785.2128906 0. 6.18938546261e-22 0.
1534555380 1 12767.1318359 0. 6.18936426811e-22 0.
1534555440 1 12745.1708984 0. 6.18708488979e-22 0.
1534555500 1 12727.4941406 0. 6.18703026158e-22 0.
1534555560 1 12700.0917969 0. 6.1822635368e-22 0.
1534555621 1 12677.2421875 0. 6.17962421288e-22 0.
1534555681 1 12658.8427734 0. 6.17935486674e-22 0.
1534555741 1 12640.8427734 0. 6.17871219228e-22 0.
1534555801 1 12612.6494141 0. 6.17346628673e-22 0.
1534555861 1 12595.6855469 0. 6.17340814016e-22 0.
1534555921 1 12571.5087891 0. 6.1702143249e-22 0.
1534555981 1 12547.4833984 0. 6.16685084789e-22 0.
1534556042 1 12536.7333984 0. 6.16974821965e-22 0.
1534556077 1 12518.5371094 0. 6.16545142294e-22 0.
1534556112 1 12507.9306641 0. 6.16565766128e-22 0.
1534556172 1 12487.4765625 0. 6.16384404517e-22 0.
1534556233 1 12467.7119141 0. 6.16245142315e-22 0.
1534556293 1 12442.4169922 0. 6.15836397099e-22 0.
1534556353 1 12430.0039062 0. 6.16064013414e-22 0.
1534556413 1 12403.0625 0. 6.15588370481e-22 0.
1534556473 1 12376.8271484 0. 6.15126061424e-22 0.
1534556534 1 12366.4042969 0. 6.1543834537e-22 0.
1534556594 1 12346.1396484 0. 6.15251171621e-22 0.
1534556654 1 12327.4804688 0. 6.15147682914e-22 0.
1534556714 1 12308.5400391 0. 6.15025212492e-22 0.
1534556774 1 12287.9179688 0. 6.14829473301e-22 0.
1534556834 1 12273.8125 0. 6.14974138851e-22 0.
1534556894 1 12250.3349609 0. 6.14639643585e-22 0.
1534556954 1 12230.5576172 0. 6.14490299504e-22 0.
1534556991 1 12216.0839844 0. 6.14245081556e-22 0.
1534557028 1 12208.2246094 0. 6.14375351616e-22 0.
1534557088 1 12186.8964844 0. 6.1410603553e-22 0.
1534557148 1 12162.6083984 0. 6.13711434668e-22 0.
1534557208 1 12141.8046875 0. 6.13471521104e-22 0.
1534557268 1 12120.3046875 0. 6.13213204803e-22 0.
1534557329 1 12098.6650391 0. 6.12949694719e-22 0.
1534557389 1 12082.7226562 0. 6.1296826117e-22 0.
1534557449 1 12062.8505859 0. 6.12822394551e-22 0.
1534557489 1 12058.5087891 0. 6.13150106194e-22 0.
1534557529 1 12039.0615234 0. 6.12744648633e-22 0.
1534557589 1 12020.03125 0. 6.12614597382e-22 0.
1534557649 1 12006.1425781 0. 6.12722748328e-22 0.
1534557710 1 11984.7539062 0. 6.12461477221e-22 0.
1534557770 1 11965.2958984 0. 6.12264933373e-22 0.
1534557830 1 11948.9619141 0. 6.12240877504e-22 0.
1534557890 1 11928.7558594 0. 6.12024103819e-22 0.
1534557950 1 11904.5498047 0. 6.11623863323e-22 0.
1534558010 1 11893.8671875 0. 6.11897736061e-22 0.
1534558071 1 11876.3574219 0. 6.11827121339e-22 0.
1534558131 1 11859.4658203 0. 6.11741541746e-22 0.
1534558191 1 11841.8828125 0. 6.11652541342e-22 0.
1534558251 1 11816.9814453 0. 6.11171403488e-22 0.
1534558311 1 11795.8144531 0. 6.10879169168e-22 0.
1534558371 1 11778.5322266 0. 6.10813215775e-22 0.
1534558431 1 11760.7490234 0. 6.10706018669e-22 0.
1534558491 1 11742.9208984 0. 6.10650374464e-22 0.
1534558552 1 11720.0273438 0. 6.10273264693e-22 0.
1534558612 1 11703.7431641 0. 6.10206169186e-22 0.
1534558672 1 11684.1816406 0. 6.10012615454e-22 0.
1534558732 1 11664.4560547 0. 6.09774792894e-22 0.
1534558792 1 11649.9931641 0. 6.09813804673e-22 0.
1534558852 1 11636.265625 0. 6.09889935042e-22 0.
1534558912 1 11620.3271484 0. 6.09872245564e-22 0.
1534558972 1 11601.5888672 0. 6.09702116891e-22 0.
1534559033 1 11582.4111328 0. 6.09533945819e-22 0.
1534559072 1 11576.3603516 0. 6.09691961907e-22 0.
1534559111 1 11557.1582031 0. 6.09236913594e-22 0.
1534559172 1 11537.9228516 0. 6.09055790593e-22 0.
1534559232 1 11522.1396484 0. 6.09008130493e-22 0.
1534559292 1 11502.3037109 0. 6.08767872608e-22 0.
1534559352 1 11485.6923828 0. 6.0869004365e-22 0.
1534559412 1 11463.3242188 0. 6.08328041838e-22 0.
1534559472 1 11450.1474609 0. 6.08397949009e-22 0.
1534559532 1 11434.8212891 0. 6.08384536216e-22 0.
1534559592 1 11416.9189453 0. 6.08233123837e-22 0.
1534559653 1 11393.1982422 0. 6.07785066045e-22 0.
1534559713 1 11382.5419922 0. 6.08023176403e-22 0.
1534559773 1 11364.3544922 0. 6.07870637477e-22 0.
1534559833 1 11347.8222656 0. 6.07764376554e-22 0.
1534559893 1 11328.7890625 0. 6.07510284626e-22 0.
1534559953 1 11313.1035156 0. 6.07489887386e-22 0.
1534560013 1 11292.2724609 0. 6.0717542073e-22 0.
1534560073 1 11280.1728516 0. 6.072831794e-22 0.
1534560134 1 11261.5390625 0. 6.07073205579e-22 0.
1534560194 1 11248.7675781 0. 6.07207502368e-22 0.
1534560254 1 11225.8867188 0. 6.06760017738e-22 0.
1534560314 1 11212.8486328 0. 6.06855781894e-22 0.
1534560374 1 11199.34375 0. 6.06910097813e-22 0.
1534560434 1 11181.4648438 0. 6.06756380278e-22 0.
1534560495 1 11164.6123047 0. 6.06607055329e-22 0.
1534560555 1 11149.7705078 0. 6.06628822227e-22 0.
1534560615 1 11131.0419922 0. 6.0639664833e-22 0.
1534560675 1 11111.1953125 0. 6.060898697e-22 0.
1534560718 1 11098.7363281 0. 6.05978620375e-22 0.
1534560761 1 11077.7568359 0. 6.05369947354e-22 0.
1534560821 1 11062.4794922 0. 6.05322397703e-22 0.
1534560882 1 11044.6445312 0. 6.05152076106e-22 0.
1534560942 1 11036.3828125 0. 6.0546836599e-22 0.
1534561002 1 11148.3847656 0. 6.12461029621e-22 0.
1534561062 1 11188.3964844 0. 6.15557368246e-22 0.
1534561122 1 11186.2138672 0. 6.16308733062e-22 0.
1534561182 1 11225.3144531 0. 6.19345318573e-22 0.
1534561242 1 11226.9541016 0. 6.20333656663e-22 0.
1534561302 1 11225.7285156 0. 6.21163565307e-22 0.
1534561363 1 11206.9375 0. 6.21027862163e-22 0.
1534561423 1 11184.3232422 0. 6.20686160286e-22 0.
1534561483 1 11047.4443359 0. 6.13952158552e-22 0.
1534561543 1 10712.6708984 0. 5.96216483143e-22 0.
1534561603 1 10862.5625 0. 6.05382881927e-22 0.
1534561663 1 11152.9824219 0. 6.2243955403e-22 0.
1534561723 1 11134.0039062 0. 6.22244690684e-22 0.
1534561783 1 11115.1552734 0. 6.22084853612e-22 0.
1534561844 1 11099.4423828 0. 6.22114969085e-22 0.
1534561904 1 11075.3896484 0. 6.21641481352e-22 0.
1534561964 1 11049.8144531 0. 6.21082518482e-22 0.
1534562024 1 11038.6982422 0. 6.21335473718e-22 0.
1534562084 1 11023.7773438 0. 6.21377164961e-22 0.
1534562144 1 11004.1171875 0. 6.21094143174e-22 0.
1534562204 1 10989.9121094 0. 6.21146531766e-22 0.
1534562264 1 10965.5449219 0. 6.20654246429e-22 0.
1534562325 1 10948.5322266 0. 6.20581810516e-22 0.
1534562385 1 10925.7158203 0. 6.20144684523e-22 0.
1534562445 1 10913.0712891 0. 6.20284051589e-22 0.
1534562505 1 10932.0947266 0. 6.22264958649e-22 0.
1534562565 1 10911.3486328 0. 6.21969923031e-22 0.
1534562625 1 10896.9003906 0. 6.2203077564e-22 0.
1534562685 1 10878.1152344 0. 6.21822495664e-22 0.
1534562745 1 10869.9414062 0. 6.22243981774e-22 0.
1534562806 1 10847.4638672 0. 6.21853963845e-22 0.
1534562866 1 10834.6806641 0. 6.21981168682e-22 0.
1534562926 1 10815.6611328 0. 6.21774978621e-22 0.
1534562986 1 10797.9833984 0. 6.21657218946e-22 0.
1534563046 1 10779.1103516 0. 6.21437896202e-22 0.
1534563107 1 10762.1044922 0. 6.21304699488e-22 0.
1534563167 1 10752.4130859 0. 6.21626909633e-22 0.
1534563227 1 10730.1630859 0. 6.21195543181e-22 0.
1534563287 1 10702.3730469 0. 6.20480458357e-22 0.
1534563347 1 10685.4970703 0. 6.20363731355e-22 0.
1534563407 1 10671.0605469 0. 6.20402876219e-22 0.
1534563467 1 10656.5195312 0. 6.20418310755e-22 0.
1534563521 1 10634.6914062 0. 6.19904710521e-22 0.
1534563575 1 10631.9716797 0. 6.20520935812e-22 0.
1534563636 1 10642.1259766 0. 6.22002789589e-22 0.
1534563696 1 10622.2392578 0. 6.21712142091e-22 0.
1534563753 1 10610.5537109 0. 6.2185150668e-22 0.
1534563810 1 10597.9824219 0. 6.21946905892e-22 0.
1534563870 1 10580.5400391 0. 6.218147822e-22 0.
1534563930 1 10562.0302734 0. 6.21575812564e-22 0.
1534563990 1 10544.8417969 0. 6.21417174845e-22 0.
1534564050 1 10527.0703125 0. 6.212273652e-22 0.
1534564111 1 10506.6279297 0. 6.2088749368e-22 0.
1534564171 1 10493.9326172 0. 6.21000954032e-22 0.
1534564231 1 10473.9326172 0. 6.20700814225e-22 0.
1534564291 1 10457.0117188 0. 6.20571968448e-22 0.
1534564352 1 10431.1992188 0. 6.19923187386e-22 0.
1534564412 1 10422.6923828 0. 6.20271368376e-22 0.
1534564472 1 10398.6367188 0. 6.19730879405e-22 0.
1534564532 1 10387.2080078 0. 6.19902937772e-22 0.
1534564592 1 10371.1181641 0. 6.19807758792e-22 0.
1534564652 1 10351.3779297 0. 6.19495639832e-22 0.
1534564713 1 10334.5498047 0. 6.19355927578e-22 0.
1534564773 1 10314.7753906 0. 6.1903166622e-22 0.
1534564833 1 10289.1259766 0. 6.18333970815e-22 0.
1534564893 1 10311.5898438 0. 6.20556219649e-22 0.
1534564953 1 10301.7119141 0. 6.20831090841e-22 0.
1534564996 1 10291.6103516 0. 6.20787803735e-22 0.
1534565040 1 10273.7490234 0. 6.20400435956e-22 0.
1534565100 1 10265.2177734 0. 6.20757907765e-22 0.
1534565160 1 10243.7910156 0. 6.20289357521e-22 0.
1534565220 1 10220.7382812 0. 6.19758923102e-22 0.
1534565280 1 10207.6357422 0. 6.19827636068e-22 0.
1534565341 1 10183.6738281 0. 6.19231151515e-22 0.
1534565401 1 10176.0771484 0. 6.19632870089e-22 0.
1534565455 1 10158.4345703 0. 6.19288945396e-22 0.
1534565509 1 10141.4726562 0. 6.19016664386e-22 0.
1534565569 1 10141.2607422 0. 6.19841416786e-22 0.
1534565629 1 10120.5888672 0. 6.19449133772e-22 0.
1534565690 1 10094.6884766 0. 6.18728027034e-22 0.
1534565750 1 10088.4228516 0. 6.19193337616e-22 0.
1534565810 1 10059.4863281 0. 6.18313797327e-22 0.
1534565870 1 10051.1123047 0. 6.18650984587e-22 0.
1534565930 1 10030.1923828 0. 6.18188036587e-22 0.
1534565990 1 10008.9072266 0. 6.17715163803e-22 0.
1534566051 1 10000.2070312 0. 6.18003626428e-22 0.
1534566111 1 9986.61132812 0. 6.18010706388e-22 0.
1534566171 1 9992.49511719 0. 6.19240005213e-22 0.
1534566231 1 9990.62304688 0. 6.19985200381e-22 0.
1534566291 1 9981.10351562 0. 6.2024634391e-22 0.
1534566351 1 9959.29394531 0. 6.19785621941e-22 0.
1534566411 1 9938.36425781 0. 6.1935901088e-22 0.
1534566471 1 9934.08398438 0. 6.19964052428e-22 0.
1534566532 1 9909.69726562 0. 6.19305467483e-22 0.
1534566592 1 9889.90429688 0. 6.18901444839e-22 0.
1534566652 1 9876.50976562 0. 6.18900353531e-22 0.
1534566712 1 9867.26074219 0. 6.19181764748e-22 0.
1534566772 1 9853.54882812 0. 6.19169879874e-22 0.
1534566832 1 9836.19238281 0. 6.18930427699e-22 0.
1534566892 1 9819.30273438 0. 6.18717255372e-22 0.
1534566952 1 9800.15820312 0. 6.18347870437e-22 0.
1534567000 1 9789.98535156 0. 6.18367429894e-22 0.
1534567048 1 9774.99121094 0. 6.18112386291e-22 0.
1534567108 1 9762.39648438 0. 6.18149848683e-22 0.
1534567169 1 9748.40039062 0. 6.18100434698e-22 0.
1534567229 1 9732.90722656 0. 6.17993462444e-22 0.
1534567289 1 9722.11328125 0. 6.18141559685e-22 0.
1534567349 1 9709.04394531 0. 6.18168142342e-22 0.
1534567409 1 9692.29394531 0. 6.17923689925e-22 0.
1534567469 1 9709.36230469 0. 6.19880784445e-22 0.
1534567529 1 9686.05566406 0. 6.19261430467e-22 0.
1534567586 1 9680.21289062 0. 6.19686728483e-22 0.
1534567642 1 9661.72265625 0. 6.19322894253e-22 0.
1534567702 1 9644.359375 0. 6.19040759202e-22 0.
1534567763 1 9630.75 0. 6.19036831124e-22 0.
1534567823 1 9615.58886719 0. 6.18963395858e-22 0.
1534567883 1 9593.58398438 0. 6.18380021242e-22 0.
1534567943 1 9579.16601562 0. 6.18303638107e-22 0.
1534568003 1 9561.1328125 0. 6.17979612551e-22 0.
1534568063 1 9555.72949219 0. 6.18484047309e-22 0.
1534568124 1 9541.07226562 0. 6.18396440759e-22 0.
1534568184 1 9523.87402344 0. 6.18097254432e-22 0.
1534568244 1 9508.72070312 0. 6.17961237727e-22 0.
1534568304 1 9494.10742188 0. 6.17873074525e-22 0.
1534568364 1 9480.66503906 0. 6.17859231918e-22 0.
1534568424 1 9463.88476562 0. 6.1761950449e-22 0.
1534568484 1 9450.65039062 0. 6.17571448946e-22 0.
1534568544 1 9435.90820312 0. 6.17417893591e-22 0.
1534568605 1 9316.06933594 0. 6.10414448203e-22 0.
1534568665 1 9084.56152344 0. 5.96024867866e-22 0.
1534568725 1 9138.47167969 0. 6.00414501047e-22 0.
1534568785 1 9391.0390625 0. 6.1781811139e-22 0.
1534568845 1 9379.06445312 0. 6.17880157743e-22 0.
1534568905 1 9382.97949219 0. 6.18999258019e-22 0.
1534568965 1 9374.59472656 0. 6.19313798121e-22 0.
1534569026 1 9361.70410156 0. 6.19293805314e-22 0.
1534569086 1 9349.4296875 0. 6.1931023911e-22 0.
1534569146 1 9333.86914062 0. 6.19100815446e-22 0.
1534569206 1 9318.56738281 0. 6.18958555321e-22 0.
1534569266 1 9302.01074219 0. 6.18705445759e-22 0.
1534569326 1 9287.41992188 0. 6.18594615188e-22 0.
1534569386 1 9273.2265625 0. 6.18504937789e-22 0.
1534569446 1 9260.40917969 0. 6.18517047786e-22 0.
1534569507 1 9244.06542969 0. 6.18274582853e-22 0.
1534569567 1 9233.81445312 0. 6.18447444753e-22 0.
1534569627 1 9219.50195312 0. 6.18314214667e-22 0.
1534569687 1 9204.48730469 0. 6.18139811961e-22 0.
1534569747 1 9191.22753906 0. 6.18047125395e-22 0.
1534569798 1 9177.21777344 0. 6.17837075263e-22 0.
1534569850 1 9169.3828125 0. 6.18049994027e-22 0.
1534569910 1 9152.13574219 0. 6.17724116981e-22 0.
1534569971 1 9138.171875 0. 6.17647802575e-22 0.
1534570031 1 9124.25292969 0. 6.17541083358e-22 0.
1534570091 1 9132.08886719 0. 6.18967480984e-22 0.
1534570151 1 9121.81640625 0. 6.19135352577e-22 0.
1534570211 1 9112.14550781 0. 6.19300321938e-22 0.
1534570271 1 9098.20410156 0. 6.1920263214e-22 0.
1534570327 1 9078.66894531 0. 6.18664471645e-22 0.
1534570383 1 9069.09082031 0. 6.18809243755e-22 0.
1534570443 1 9055.18945312 0. 6.18715022976e-22 0.
1534570503 1 9039.06640625 0. 6.18453935107e-22 0.
1534570563 1 9026.52539062 0. 6.18430935646e-22 0.
1534570623 1 9012.23144531 0. 6.18300817901e-22 0.
1534570684 1 8995.98339844 0. 6.18046860297e-22 0.
1534570744 1 8984.04296875 0. 6.1806718541e-22 0.
1534570804 1 8971.84277344 0. 6.18084658688e-22 0.
1534570864 1 8958.03613281 0. 6.18000549802e-22 0.
1534570924 1 8947.82714844 0. 6.18120906515e-22 0.
1534570984 1 8930.14257812 0. 6.17765209597e-22 0.
1534571045 1 8919.56152344 0. 6.17867109767e-22 0.
1534571105 1 8903.73632812 0. 6.17588519438e-22 0.
1534571165 1 8891.19824219 0. 6.17564366999e-22 0.
1534571225 1 8875.91113281 0. 6.17334463031e-22 0.
1534571285 1 8862.87304688 0. 6.17262694645e-22 0.
1534571345 1 8850.95800781 0. 6.17259338884e-22 0.
1534571405 1 8841.44042969 0. 6.17446261642e-22 0.
1534571465 1 8856.80175781 0. 6.19369713307e-22 0.
1534571526 1 8842.06054688 0. 6.19197328542e-22 0.
1534571586 1 8822.46777344 0. 6.18675464589e-22 0.
1534571646 1 8814.84082031 0. 6.18990664361e-22 0.
1534571706 1 8797.46875 0. 6.18614721677e-22 0.
1534571766 1 8782.33007812 0. 6.1841391591e-22 0.
1534571826 1 8769.52734375 0. 6.18340027944e-22 0.
1534571887 1 8756.6484375 0. 6.18313361758e-22 0.
1534571932 1 8746.54492188 0. 6.18198731844e-22 0.
1534571977 1 8740.83105469 0. 6.18473510602e-22 0.
1534572038 1 8728.06640625 0. 6.18430923547e-22 0.
1534572098 1 8712.38574219 0. 6.18138121528e-22 0.
1534572158 1 8696.31445312 0. 6.17787409479e-22 0.
1534572218 1 8684.78515625 0. 6.1780309688e-22 0.
1534572278 1 8669.66992188 0. 6.17574564919e-22 0.
1534572338 1 8656.625 0. 6.17463141113e-22 0.
1534572399 1 8640.32128906 0. 6.17120900962e-22 0.
1534572459 1 8625.91015625 0. 6.16950652309e-22 0.
1534572519 1 8611.86230469 0. 6.16815626534e-22 0.
1534572579 1 8598.97753906 0. 6.16721769246e-22 0.
1534572640 1 8584.51757812 0. 6.16507584086e-22 0.
1534572700 1 8571.29394531 0. 6.16357722917e-22 0.
1534572760 1 8568.4140625 0. 6.16997217917e-22 0.
1534572820 1 8562.47167969 0. 6.17447487348e-22 0.
1534572880 1 8461.796875 0. 6.11078140699e-22 0.
1534572940 1 8383.24414062 0. 6.06278177224e-22 0.
1534573000 1 8393.66015625 0. 6.079376154e-22 0.
1534573060 1 8375.55371094 0. 6.07458476826e-22 0.
1534573121 1 8368.21972656 0. 6.07783372733e-22 0.
1534573181 1 8367.57714844 0. 6.08587203926e-22 0.
1534573241 1 8352.55761719 0. 6.08364941501e-22 0.
1534573301 1 8345.05761719 0. 6.08689688625e-22 0.
1534573361 1 8330.79296875 0. 6.085591585e-22 0.
1534573421 1 8312.94628906 0. 6.08145974691e-22 0.
1534573481 1 8297.9375 0. 6.0793414846e-22 0.
1534573541 1 8458.13085938 0. 6.20592673873e-22 0.
1534573602 1 8895.85742188 0. 6.53958501077e-22 0.
1534573662 1 8883.91699219 0. 6.54332346281e-22 0.
1534573722 1 8865.5625 0. 6.54245682633e-22 0.
1534573782 1 8850.66503906 0. 6.54370088532e-22 0.
1534573842 1 8832.58203125 0. 6.54239504583e-22 0.
1534573902 1 8810.10058594 0. 6.5381435669e-22 0.
1534573938 1 8775.28125 0. 6.51884338534e-22 0.
1534573973 1 8546.39648438 0. 6.35632591432e-22 0.
1534574033 1 8440.6875 0. 6.28902253024e-22 0.
1534574093 1 8784.22460938 0. 6.5565210108e-22 0.
1534574153 1 8773.52246094 0. 6.56036230284e-22 0.
1534574213 1 8755.29589844 0. 6.558642494e-22 0.
1534574274 1 8734.32910156 0. 6.55432137667e-22 0.
1534574334 1 8623.93847656 0. 6.48459349916e-22 0.
1534574394 1 8560.35839844 0. 6.4501567751e-22 0.
1534574454 1 8536.45898438 0. 6.44366037589e-22 0.
1534574514 1 8518.80273438 0. 6.4423565548e-22 0.
1534574574 1 8505.86132812 0. 6.44462699798e-22 0.
1534574635 1 8489.28613281 0. 6.44396262775e-22 0.
1534574695 1 8468.93652344 0. 6.43967332813e-22 0.
1534574755 1 8455.01074219 0. 6.4405961624e-22 0.
1534574815 1 8437.41113281 0. 6.43809393457e-22 0.
1534574875 1 8419.33203125 0. 6.43564792412e-22 0.
1534574935 1 8406.99609375 0. 6.43779405028e-22 0.
1534574995 1 8393.26855469 0. 6.43862658839e-22 0.
1534575055 1 8376.13769531 0. 6.43726354285e-22 0.
1534575116 1 8360.65136719 0. 6.43726398146e-22 0.
1534575176 1 8344.94140625 0. 6.43692434344e-22 0.
1534575236 1 8330.18261719 0. 6.43660019779e-22 0.
1534575296 1 8310.27050781 0. 6.43218544243e-22 0.
1534575356 1 8294.2421875 0. 6.43103491864e-22 0.
1534575416 1 8275.37597656 0. 6.42811046355e-22 0.
1534575476 1 8262.59667969 0. 6.42944663826e-22 0.
1534575513 1 8252.43457031 0. 6.42818420631e-22 0.
1534575549 1 8243.80371094 0. 6.42890148661e-22 0.
1534575610 1 8225.28613281 0. 6.42578350368e-22 0.
1534575670 1 8213.30273438 0. 6.42762106812e-22 0.
1534575730 1 8196.12109375 0. 6.42587678379e-22 0.
1534575790 1 8184.96630859 0. 6.42860838926e-22 0.
1534575850 1 8167.88330078 0. 6.42578009387e-22 0.
1534575910 1 8152.75488281 0. 6.42497480903e-22 0.
1534575970 1 8134.52734375 0. 6.42177449678e-22 0.
1534576031 1 8118.38037109 0. 6.42031036363e-22 0.
1534576091 1 8107.62744141 0. 6.42304158412e-22 0.
1534576151 1 8087.33935547 0. 6.41811481318e-22 0.
1534576211 1 8073.43261719 0. 6.41807459217e-22 0.
1534576271 1 8056.0703125 0. 6.41551881253e-22 0.
1534576331 1 8041.06298828 0. 6.41460248517e-22 0.
1534576391 1 8025.23632812 0. 6.41298105063e-22 0.
1534576451 1 8007.27050781 0. 6.40958219857e-22 0.
1534576511 1 8001.39599609 0. 6.41560222534e-22 0.
1534576572 1 7986.38183594 0. 6.4147460163e-22 0.
1534576632 1 7973.54248047 0. 6.41567459823e-22 0.
1534576692 1 7955.98046875 0. 6.41281038558e-22 0.
1534576752 1 7940.81347656 0. 6.41182781905e-22 0.
1534576812 1 7929.35449219 0. 6.41361367777e-22 0.
1534576872 1 7917.17089844 0. 6.41468676684e-22 0.
1534576932 1 7901.63037109 0. 6.41277157745e-22 0.
1534576992 1 7884.13330078 0. 6.4092906281e-22 0.
1534577053 1 7869.63720703 0. 6.40848028053e-22 0.
1534577113 1 7850.37841797 0. 6.40382667849e-22 0.
1534577173 1 7835.51416016 0. 6.40320099334e-22 0.
1534577233 1 7822.31787109 0. 6.40337962137e-22 0.
1534577293 1 7810.08349609 0. 6.40445234783e-22 0.
1534577353 1 7798.94775391 0. 6.40568860365e-22 0.
1534577413 1 7785.18310547 0. 6.40497765041e-22 0.
1534577451 1 7777.12353516 0. 6.40488377301e-22 0.
1534577488 1 7768.01367188 0. 6.40442837956e-22 0.
1534577548 1 7750.80078125 0. 6.40063507625e-22 0.
1534577608 1 7736.57128906 0. 6.40002407512e-22 0.
1534577669 1 7716.2265625 0. 6.39428700136e-22 0.
1534577729 1 7699.76367188 0. 6.39175574379e-22 0.
1534577789 1 7689.06542969 0. 6.39388287801e-22 0.
1534577849 1 7673.66015625 0. 6.39198894843e-22 0.
1534577909 1 7658.88769531 0. 6.3899874051e-22 0.
1534577969 1 7644.70117188 0. 6.38854217019e-22 0.
1534578029 1 7620.65136719 0. 6.37951785316e-22 0.
1534578089 1 7609.05859375 0. 6.38085893427e-22 0.
1534578149 1 7592.1015625 0. 6.37748962181e-22 0.
1534578210 1 7580.92041016 0. 6.37899726017e-22 0.
1534578270 1 7566.04638672 0. 6.37718705557e-22 0.
1534578330 1 7554.95898438 0. 6.37850709267e-22 0.
1534578390 1 7542.8203125 0. 6.37906252189e-22 0.
1534578450 1 7528.42431641 0. 6.3774131624e-22 0.
1534578510 1 7509.30859375 0. 6.37168291081e-22 0.
1534578570 1 7496.34667969 0. 6.37120779965e-22 0.
1534578630 1 7481.91552734 0. 6.36980039489e-22 0.
1534578691 1 7468.47412109 0. 6.36894931812e-22 0.
1534578751 1 7588.60302734 0. 6.48219779554e-22 0.
1534578811 1 7838.25732422 0. 6.70861123258e-22 0.
1534578871 1 7700.14990234 0. 6.60330569964e-22 0.
1534578931 1 7648.05908203 0. 6.56952377236e-22 0.
1534578991 1 7572.62207031 0. 6.51995890577e-22 0.
1534579051 1 7815.59960938 0. 6.74068011692e-22 0.
1534579111 1 7800.44091797 0. 6.74046271637e-22 0.
1534579172 1 7785.81689453 0. 6.74128165997e-22 0.
1534579232 1 7768.65722656 0. 6.73969520941e-22 0.
1534579292 1 7749.64111328 0. 6.73616873098e-22 0.
1534579352 1 7733.95849609 0. 6.73560137633e-22 0.
1534579412 1 7716.61132812 0. 6.73332599642e-22 0.
1534579473 1 7698.65869141 0. 6.73118677251e-22 0.
1534579533 1 7682.08496094 0. 6.72964434634e-22 0.
1534579593 1 7662.79394531 0. 6.72580663489e-22 0.
1534579653 1 7645.85107422 0. 6.72414568373e-22 0.
1534579713 1 7630.10644531 0. 6.72307854372e-22 0.
1534579773 1 7613.52880859 0. 6.72142091068e-22 0.
1534579833 1 7595.72949219 0. 6.71849763234e-22 0.
1534579893 1 7580.48632812 0. 6.71770677724e-22 0.
1534579954 1 7564.55078125 0. 6.71670493203e-22 0.
1534580014 1 7550.06835938 0. 6.71685060473e-22 0.
1534580074 1 7535.00390625 0. 6.71599527199e-22 0.
1534580134 1 7518.45947266 0. 6.71385617513e-22 0.
1534580194 1 7501.46289062 0. 6.71140514346e-22 0.
1534580255 1 7484.49511719 0. 6.70921408063e-22 0.
1534580315 1 7468.11669922 0. 6.70753251344e-22 0.
1534580375 1 7451.31982422 0. 6.70517865946e-22 0.
1534580435 1 7436.22851562 0. 6.7044137646e-22 0.
1534580495 1 7420.32324219 0. 6.70265511871e-22 0.
1534580555 1 7408.73876953 0. 6.70448789286e-22 0.
1534580615 1 7390.14404297 0. 6.69977255362e-22 0.
1534580675 1 7378.45898438 0. 6.70181889263e-22 0.
1534580736 1 7364.29199219 0. 6.7014394109e-22 0.
1534580796 1 7347.05859375 0. 6.69833400101e-22 0.
1534580856 1 7341.03564453 0. 6.70539064594e-22 0.
1534580916 1 7326.62988281 0. 6.70506649522e-22 0.
1534580976 1 7313.61425781 0. 6.70546723905e-22 0.
1534581036 1 7292.37841797 0. 6.69845569747e-22 0.
1534581097 1 7288.31787109 0. 6.70686200088e-22 0.
1534581157 1 7272.96875 0. 6.70511443985e-22 0.
1534581212 1 7256.07666016 0. 6.70106513596e-22 0.
1534581268 1 7244.31494141 0. 6.70219376691e-22 0.
1534581329 1 7229.60791016 0. 6.70146295158e-22 0.
1534581389 1 7211.04833984 0. 6.69636942664e-22 0.
1534581449 1 7198.70849609 0. 6.69710494329e-22 0.
1534581509 1 7183.04492188 0. 6.69513075447e-22 0.
1534581569 1 7170.91357422 0. 6.69633064727e-22 0.
1534581630 1 7156.34912109 0. 6.69477310383e-22 0.
1534581690 1 7141.65478516 0. 6.69338006951e-22 0.
1534581750 1 7129.54199219 0. 6.69444563586e-22 0.
1534581810 1 7113.59179688 0. 6.69143720367e-22 0.
1534581870 1 7097.49707031 0. 6.68829895178e-22 0.
1534581930 1 7082.13916016 0. 6.68659880116e-22 0.
1534581991 1 7070.32714844 0. 6.68745411756e-22 0.
1534582051 1 7056.88378906 0. 6.68688409719e-22 0.
1534582111 1 7042.18310547 0. 6.68507888828e-22 0.
1534582171 1 7026.80761719 0. 6.68259984987e-22 0.
1534582231 1 7014.62304688 0. 6.68302731351e-22 0.
1534582291 1 6999.99658203 0. 6.68154418025e-22 0.
1534582351 1 6987.92041016 0. 6.68183597522e-22 0.
1534582411 1 6972.94873047 0. 6.67980482991e-22 0.
1534582472 1 6957.14013672 0. 6.67683732142e-22 0.
1534582532 1 6941.55908203 0. 6.67390423903e-22 0.
1534582592 1 6929.42529297 0. 6.67415082091e-22 0.
1534582652 1 6915.72314453 0. 6.67342748755e-22 0.
1534582712 1 6900.6328125 0. 6.6710993967e-22 0.
1534582772 1 6889.74414062 0. 6.67192840314e-22 0.
1534582832 1 6873.43408203 0. 6.66795419524e-22 0.
1534582892 1 6862.43798828 0. 6.66934676568e-22 0.
1534582953 1 6848.45068359 0. 6.66798853314e-22 0.
1534583013 1 6834.55957031 0. 6.66683637642e-22 0.
1534583073 1 6819.55419922 0. 6.66440966114e-22 0.
1534583122 1 6812.17724609 0. 6.66700456528e-22 0.
1534583165 1 6778.80078125 0. 6.64329492274e-22 0.
1534583220 1 6779.66650391 0. 6.65530598845e-22 0.
1534583280 1 6774.34179688 0. 6.66233486329e-22 0.
1534583340 1 6758.92626953 0. 6.65895072939e-22 0.
1534583400 1 6747.125 0. 6.6590096019e-22 0.
1534583460 1 6729.03515625 0. 6.65357041053e-22 0.
1534583520 1 6716.83496094 0. 6.65287381434e-22 0.
1534583580 1 6707.50341797 0. 6.6553422594e-22 0.
1534583640 1 6694.80615234 0. 6.65440541247e-22 0.
1534583701 1 6682.41796875 0. 6.65418930601e-22 0.
1534583761 1 6674.45214844 0. 6.65770269534e-22 0.
1534583821 1 6658.6875 0. 6.65360740674e-22 0.
1534583881 1 6649.80175781 0. 6.6560148201e-22 0.
1534583941 1 6640.28808594 0. 6.6580087105e-22 0.
1534584001 1 6630.79492188 0. 6.65984039185e-22 0.
1534584061 1 6618.19628906 0. 6.65852156224e-22 0.
1534584121 1 6608.06933594 0. 6.65996890701e-22 0.
1534584182 1 6598.57617188 0. 6.66211305036e-22 0.
1534584242 1 6582.53564453 0. 6.65760648715e-22 0.
1534584302 1 6572.22460938 0. 6.658608036e-22 0.
1534584362 1 6561.50195312 0. 6.65892764182e-22 0.
1534584422 1 6550.35742188 0. 6.65919336919e-22 0.
1534584482 1 6543.54980469 0. 6.66299353907e-22 0.
1534584542 1 6527.68701172 0. 6.6585140007e-22 0.
1534584602 1 6518.37353516 0. 6.660146764e-22 0.
1534584663 1 6504.96582031 0. 6.65794397276e-22 0.
1534584723 1 6489.85253906 0. 6.65371928622e-22 0.
1534584783 1 6481.83789062 0. 6.6568500454e-22 0.
1534584843 1 6469.88623047 0. 6.65610713584e-22 0.
1534584903 1 6460.79296875 0. 6.65782394852e-22 0.
1534584963 1 6448.91503906 0. 6.65650831632e-22 0.
1534585023 1 6437.84228516 0. 6.65536033253e-22 0.
1534585083 1 6423.16699219 0. 6.65116306962e-22 0.
1534585143 1 6413.95166016 0. 6.6529395924e-22 0.
1534585204 1 6404.62548828 0. 6.65428135902e-22 0.
1534585264 1 6389.08007812 0. 6.64922490315e-22 0.
1534585324 1 6376.30322266 0. 6.64651845134e-22 0.
1534585384 1 6368.75341797 0. 6.64967124046e-22 0.
1534585444 1 6358.98388672 0. 6.65011532139e-22 0.
1534585504 1 6348.06494141 0. 6.64993442372e-22 0.
1534585564 1 6336.61230469 0. 6.6490738824e-22 0.
1534585608 1 6327.19238281 0. 6.64745549375e-22 0.
1534585652 1 6317.29248047 0. 6.64548919106e-22 0.
1534585713 1 6308.47802734 0. 6.64694714366e-22 0.
1534585773 1 6293.05810547 0. 6.64221343516e-22 0.
1534585833 1 6282.60986328 0. 6.64175536632e-22 0.
1534585893 1 6270.58984375 0. 6.64012849737e-22 0.
1534585953 1 6263.11181641 0. 6.64193163875e-22 0.
1534586014 1 6254.07617188 0. 6.64287449737e-22 0.
1534586074 1 6241.90820312 0. 6.64072713128e-22 0.
1534586134 1 6228.13769531 0. 6.63697638431e-22 0.
1534586194 1 6217.60595703 0. 6.63637534432e-22 0.
1534586254 1 6206.63085938 0. 6.63544756439e-22 0.
1534586314 1 6194.88964844 0. 6.63378661038e-22 0.
1534586375 1 6185.63085938 0. 6.63457025705e-22 0.
1534586435 1 6177.1796875 0. 6.636316255e-22 0.
1534586495 1 6167.65722656 0. 6.63599883175e-22 0.
1534586555 1 6155.68896484 0. 6.63380099348e-22 0.
1534586615 1 6147.63525391 0. 6.63638543674e-22 0.
1534586675 1 6138.84277344 0. 6.63783795022e-22 0.
1534586736 1 6125.89404297 0. 6.63524514161e-22 0.
1534586778 1 6119.83740234 0. 6.63555557917e-22 0.
1534586820 1 6108.83691406 0. 6.63141275596e-22 0.
1534586880 1 6093.95410156 0. 6.62574981645e-22 0.
1534586940 1 6087.99511719 0. 6.62896391191e-22 0.
1534587000 1 6080.26953125 0. 6.6309651364e-22 0.
1534587060 1 6070.62402344 0. 6.63155350459e-22 0.
1534587120 1 6057.46728516 0. 6.62733692263e-22 0.
1534587181 1 6043.03417969 0. 6.62295380169e-22 0.
1534587241 1 6029.9140625 0. 6.61940686736e-22 0.
1534587301 1 6017.83251953 0. 6.61659196489e-22 0.
1534587361 1 6013.77099609 0. 6.62263392585e-22 0.
1534587421 1 6004.38720703 0. 6.62269381668e-22 0.
1534587456 1 2675.83447266 0. 2.99939572075e-22 0.
1534587467 1 562.436279297 0. 6.29245131619e-23 0.
1534587476 1 947.369812012 0. 1.05599935702e-22 0.
1534587485 1 1468.06530762 0. 1.63041235149e-22 0.
1534587494 1 2127.68017578 0. 2.36237251841e-22 0.
1534587503 1 3128.29858398 0. 3.46313318305e-22 0.
1534587512 1 3930.35229492 0. 4.35439926792e-22 0.
1534587521 1 5018.89550781 0. 5.55003978768e-22 0.
1534587530 1 5540.5859375 0. 6.12876398315e-22 0.
1534587538 1 5989.02880859 0. 6.62393652429e-22 0.
1534587547 1 5665.93701172 0. 6.2699918399e-22 0.
1534587556 1 5230.74414062 0. 5.78945275437e-22 0.
1534587565 1 4318.03662109 0. 4.78768372423e-22 0.
1534587574 1 3450.66040039 0. 3.82527454511e-22 0.
1534587583 1 2602.52954102 0. 2.89274041621e-22 0.
1534587592 1 1760.0814209 0. 1.95674025072e-22 0.
1534587601 1 1240.24145508 0. 1.38332133013e-22 0.
1534587610 1 729.152404785 0. 8.15787885218e-23 0.
1534587627 1 3003.20605469 0. 3.36485346893e-22 0.
1534587644 1 998.170471191 0. 1.095464879e-22 0.
1534587653 1 1507.69042969 0. 1.65609186568e-22 0.
1534587662 1 2214.73583984 0. 2.42910238903e-22 0.
1534587671 1 2894.99707031 0. 3.18703466087e-22 0.
1534587680 1 3909.06835938 0. 4.30568282095e-22 0.
1534587689 1 4559.32226562 0. 5.03723786054e-22 0.
1534587698 1 5439.74853516 0. 6.02059784495e-22 0.
1534587706 1 5699.76220703 0. 6.31917670656e-22 0.
1534587715 1 5955.03955078 0. 6.61339232559e-22 0.
1534587724 1 5598.33886719 0. 6.2227591705e-22 0.
1534587732 1 5134.86816406 0. 5.71086847773e-22 0.
1534587741 1 4302.82666016 0. 4.7909603263e-22 0.
1534587750 1 3472.35913086 0. 3.86277722207e-22 0.
1534587759 1 2637.8293457 0. 2.93950044428e-22 0.
1534587767 1 1843.53405762 0. 2.05263736206e-22 0.
1534587776 1 1311.75097656 0. 1.4650548779e-22 0.
1534587785 1 781.335083008 0. 8.751334595e-23 0.
1534587794 1 2255.81469727 0. 2.54290480401e-22 0.
1534587829 1 5938.58544922 0. 6.61244032706e-22 0.
1534587889 1 5926.84765625 0. 6.60924238882e-22 0.
1534587949 1 5917.70263672 0. 6.60857251504e-22 0.
1534588009 1 5905.93701172 0. 6.60460935981e-22 0.
1534588070 1 5900.39160156 0. 6.60761186565e-22 0.
1534588130 1 5897.10449219 0. 6.61314465794e-22 0.
1534588190 1 5882.0703125 0. 6.60715893655e-22 0.
1534588250 1 5873.69775391 0. 6.60792009764e-22 0.
1534588310 1 5866.86376953 0. 6.61101147351e-22 0.
1534588370 1 5857.26611328 0. 6.61100740769e-22 0.
1534588406 1 5852.88720703 0. 6.61180902936e-22 0.
1534588441 1 5845.81201172 0. 6.61038069163e-22 0.
1534588501 1 5838.65722656 0. 6.61301409436e-22 0.
1534588562 1 5828.41064453 0. 6.61213701466e-22 0.
1534588622 1 5808.38378906 0. 6.60073298198e-22 0.
1534588682 1 5779.08056641 0. 6.57881331783e-22 0.
1534588742 1 5761.73583984 0. 6.56958257844e-22 0.
1534588802 1 5741.09960938 0. 6.55714369215e-22 0.
1534588862 1 5730.63867188 0. 6.554561293e-22 0.
1534588912 1 5717.17285156 0. 6.5481869738e-22 0.
1534588962 1 5715.92919922 0. 6.55526921508e-22 0.
1534589002 1 5716.98339844 0. 6.5627102057e-22 0.
1534589041 1 5706.57861328 0. 6.55786982361e-22 0.
1534589101 1 5681.04638672 0. 6.53921611596e-22 0.
1534589161 1 5651.48730469 0. 6.51565406109e-22 0.
1534589199 1 5637.01220703 0. 6.50398021146e-22 0.
1534589236 1 5628.51074219 0. 6.50167287842e-22 0.
1534589296 1 5632.74609375 0. 6.5157416386e-22 0.
1534589357 1 5629.57519531 0. 6.52220774253e-22 0.
1534589417 1 5622.93261719 0. 6.5248411379e-22 0.
1534589477 1 5611.29833984 0. 6.52163488284e-22 0.
1534589537 1 5617.35595703 0. 6.53791641311e-22 0.
1534589597 1 5607.24853516 0. 6.53669489635e-22 0.
1534589657 1 5614.93896484 0. 6.55558177392e-22 0.
1534589717 1 5607.99023438 0. 6.55689777055e-22 0.
1534589777 1 5590.72753906 0. 6.54728915533e-22 0.
1534589838 1 5587.66064453 0. 6.55326690772e-22 0.
1534589898 1 5575.87597656 0. 6.5490966759e-22 0.
1534589958 1 5559.18017578 0. 6.5398602671e-22 0.
1534590018 1 5553.02832031 0. 6.54284426718e-22 0.
1534590078 1 5542.109375 0. 6.53985858572e-22 0.
1534590138 1 5536.24316406 0. 6.54241971233e-22 0.
1534590198 1 5516.10888672 0. 6.52822937501e-22 0.
1534590258 1 5509.29736328 0. 6.53013525846e-22 0.
1534590318 1 5495.33886719 0. 6.5233311825e-22 0.
1534590379 1 5484.14160156 0. 6.51881246669e-22 0.
1534590439 1 5473.06445312 0. 6.51562977881e-22 0.
1534590499 1 5458.63085938 0. 6.50869291378e-22 0.
1534590559 1 5442.26416016 0. 6.49858071401e-22 0.
1534590614 1 5421.34912109 0. 6.48282822616e-22 0.
1534590669 1 5423.28515625 0. 6.49356345871e-22 0.
1534590729 1 5416.79443359 0. 6.49496969292e-22 0.
1534590789 1 5397.19726562 0. 6.48105926535e-22 0.
1534590850 1 5403.13232422 0. 6.49720452801e-22 0.
1534590910 1 5395.15380859 0. 6.49744200024e-22 0.
1534590970 1 5390.40527344 0. 6.501111828e-22 0.
1534591030 1 5385.66113281 0. 6.50468119756e-22 0.
1534591090 1 5381.00195312 0. 6.50784999614e-22 0.
1534591150 1 5381.29785156 0. 6.51633339873e-22 0.
1534591210 1 5374.27001953 0. 6.51763702772e-22 0.
1534591270 1 5356.15234375 0. 6.50495934339e-22 0.
1534591331 1 5351.5703125 0. 6.50914873222e-22 0.
1534591391 1 5345.59472656 0. 6.51144072742e-22 0.
1534591451 1 5328.79736328 0. 6.50090106627e-22 0.
1534591511 1 49.6394462585 0. 3.76671548638e-21 0.
