1535254008 1 18260.9023438 0. 6.14422241673e-22 0.
1535254044 1 18166.4609375 0. 6.11915937913e-22 0.
1535254066 1 18103.484375 0. 6.10216389903e-22 0.
1535254101 1 17961.7910156 0. 6.06155532633e-22 0.
1535254151 1 17786.5546875 0. 6.01217036442e-22 0.
1535254201 1 17786.9765625 0. 6.02170053832e-22 0.
1535254251 1 17636.4609375 0. 5.97910160797e-22 0.
1535254311 1 17472.4199219 0. 5.93516782574e-22 0.
1535254371 1 17547.8652344 0. 5.96997223992e-22 0.
1535254432 1 17509.5039062 0. 5.96754163596e-22 0.
1535254492 1 17548.3554688 0. 5.99062719653e-22 0.
1535254552 1 17489.9765625 0. 5.98232818129e-22 0.
1535254612 1 17436.7988281 0. 5.97594209478e-22 0.
1535254672 1 17354.65625 0. 5.95953166093e-22 0.
1535254722 1 17335.2890625 0. 5.9626691861e-22 0.
1535254773 1 17339.4707031 0. 5.97333069496e-22 0.
1535254832 1 17305.1582031 0. 5.97237061811e-22 0.
1535254867 1 5022.07958984 0. 1.74298556997e-22 0.
1535254878 1 1368.73010254 0. 4.7385745404e-23 0.
1535254886 1 2412.25610352 0. 8.35040509521e-23 0.
1535254894 1 3851.14868164 0. 1.33222714054e-22 0.
1535254903 1 5611.84912109 0. 1.94227940618e-22 0.
1535254911 1 8340.35253906 0. 2.88449849823e-22 0.
1535254920 1 10461.7119141 0. 3.62043873228e-22 0.
1535254929 1 13706.1542969 0. 4.74151373812e-22 0.
1535254937 1 15295.7675781 0. 5.29346324037e-22 0.
1535254946 1 17130.0292969 0. 5.92835984126e-22 0.
1535254955 1 16811.7207031 0. 5.81970818297e-22 0.
1535254963 1 16320.2441406 0. 5.65082458972e-22 0.
1535254972 1 13586.3613281 0. 4.7067693491e-22 0.
1535254980 1 11907.1962891 0. 4.12485106487e-22 0.
1535254989 1 8575.92285156 0. 2.97357178422e-22 0.
1535254998 1 6688.35644531 0. 2.31831998053e-22 0.
1535255006 1 4363.12060547 0. 1.51393609646e-22 0.
1535255015 1 2936.91503906 0. 1.018963542e-22 0.
1535255031 1 6555.28613281 0. 2.28319997166e-22 0.
1535255047 1 2271.08203125 0. 7.90560503034e-23 0.
1535255056 1 3765.91381836 0. 1.31035520927e-22 0.
1535255064 1 5748.13671875 0. 1.99805268642e-22 0.
1535255072 1 7895.328125 0. 2.74553881695e-22 0.
1535255081 1 11736.7373047 0. 4.07654547275e-22 0.
1535255089 1 13834.4375 0. 4.80769239787e-22 0.
1535255098 1 16855.390625 0. 5.855428114e-22 0.
1535255106 1 17101.8632812 0. 5.94256304662e-22 0.
1535255114 1 17110.6542969 0. 5.94715463543e-22 0.
1535255122 1 14073.2138672 0. 4.89519941869e-22 0.
1535255131 1 12167.9609375 0. 4.23217503971e-22 0.
1535255139 1 8096.82373047 0. 2.82067583246e-22 0.
1535255147 1 6106.03564453 0. 2.1268530687e-22 0.
1535255155 1 3739.55029297 0. 1.30480587448e-22 0.
1535255164 1 2362.41601562 0. 8.24889205313e-23 0.
1535255172 1 1420.63220215 0. 4.96751354754e-23 0.
1535255180 1 762.514892578 0. 2.6712112372e-23 0.
1535255189 1 3580.07470703 0. 1.25377017238e-22 0.
1535255224 1 16348.4189453 0. 5.69780970504e-22 0.
1535255284 1 15822.8291016 0. 5.52400595267e-22 0.
1535255344 1 17414.6308594 0. 6.08860177899e-22 0.
1535255404 1 17791.6308594 0. 6.23117493487e-22 0.
1535255465 1 17791.2832031 0. 6.24239483239e-22 0.
1535255525 1 17784.5292969 0. 6.25152192601e-22 0.
1535255585 1 17850.7167969 0. 6.28612793977e-22 0.
1535255645 1 17804.34375 0. 6.28041270662e-22 0.
1535255705 1 17766.9824219 0. 6.27829370372e-22 0.
1535255765 1 17790.6738281 0. 6.2975727784e-22 0.
1535255825 1 17763.1035156 0. 6.29929504618e-22 0.
1535255885 1 17720.1953125 0. 6.29621111684e-22 0.
1535255946 1 17677.8027344 0. 6.29332890179e-22 0.
1535255998 1 17647.1425781 0. 6.29215876593e-22 0.
1535256049 1 17617.3574219 0. 6.29100049513e-22 0.
1535256110 1 17572.7792969 0. 6.2858240277e-22 0.
1535256170 1 17537.7207031 0. 6.28373068814e-22 0.
1535256230 1 17510.90625 0. 6.2848691512e-22 0.
1535256290 1 17473.4375 0. 6.28147755654e-22 0.
1535256350 1 17439.6347656 0. 6.27971703131e-22 0.
1535256411 1 17394.0507812 0. 6.27334413767e-22 0.
1535256471 1 17417.0566406 0. 6.29211862219e-22 0.
1535256531 1 17387.6386719 0. 6.29191932924e-22 0.
1535256586 1 17346.8164062 0. 6.28663950395e-22 0.
1535256641 1 17313.4863281 0. 6.28414768602e-22 0.
1535256701 1 17285.9941406 0. 6.28402772277e-22 0.
1535256762 1 17246.9179688 0. 6.2797526878e-22 0.
1535256822 1 17204.1894531 0. 6.2741422778e-22 0.
1535256882 1 17172.0742188 0. 6.27243500356e-22 0.
1535256942 1 17135.3203125 0. 6.26893016252e-22 0.
1535256979 1 17106.7753906 0. 6.26478886447e-22 0.
1535257016 1 17091.6328125 0. 6.26567896688e-22 0.
1535257076 1 17041.4199219 0. 6.25697422232e-22 0.
1535257136 1 17009.3945312 0. 6.25507443693e-22 0.
1535257196 1 16983.0742188 0. 6.255246205e-22 0.
1535257257 1 16955.4921875 0. 6.25511806436e-22 0.
1535257317 1 16949.59375 0. 6.26255946385e-22 0.
1535257377 1 16954.7734375 0. 6.2744682531e-22 0.
1535257437 1 16920.8476562 0. 6.27179398071e-22 0.
1535257497 1 16876.1015625 0. 6.26517495823e-22 0.
1535257553 1 16840.0175781 0. 6.26096866815e-22 0.
1535257610 1 16810.1992188 0. 6.25895170816e-22 0.
1535257670 1 16770.7382812 0. 6.2538855095e-22 0.
1535257730 1 16744.625 0. 6.25372408582e-22 0.
1535257790 1 16710.90625 0. 6.25073892318e-22 0.
1535257825 1 16685.7519531 0. 6.24688231608e-22 0.
1535257836 1 16678.6601562 0. 6.24575513004e-22 0.
1535257871 1 16666.5214844 0. 6.24735839135e-22 0.
1535257931 1 16637.8632812 0. 6.24577971064e-22 0.
1535257991 1 16614.7070312 0. 6.24617792551e-22 0.
1535258051 1 16582.5898438 0. 6.24348454497e-22 0.
1535258112 1 16158.7421875 0. 6.09327476494e-22 0.
1535258172 1 15604.8505859 0. 5.89391320056e-22 0.
1535258232 1 16516.2167969 0. 6.24678108582e-22 0.
1535258292 1 16484.5078125 0. 6.24409737254e-22 0.
1535258352 1 16463.2167969 0. 6.24513121563e-22 0.
1535258412 1 16487.6914062 0. 6.2640797407e-22 0.
1535258473 1 16453.5683594 0. 6.26052343779e-22 0.
1535258533 1 16419.5253906 0. 6.25665379808e-22 0.
1535258586 1 16377.2236328 0. 6.24917391812e-22 0.
1535258636 1 12704.3232422 0. 4.87279774064e-22 0.
1535258693 1 0.24234507978 0. 1.32067837956e-25 0.
