1535622254 1 18313.9746094 0. 5.94138810349e-22 0.
1535622290 1 18315.1660156 0. 5.94946487597e-22 0.
1535622326 1 18301.8476562 0. 5.95308646495e-22 0.
1535622380 1 18168.2148438 0. 5.92157241577e-22 0.
1535622435 1 18133.0605469 0. 5.92153926058e-22 0.
1535622495 1 18062.5878906 0. 5.909125951e-22 0.
1535622555 1 18010.4296875 0. 5.90423896565e-22 0.
1535622605 1 17943.0957031 0. 5.89106261513e-22 0.
1535622643 1 17756.140625 0. 5.83771773791e-22 0.
1535622690 1 17592.3164062 0. 5.79413055167e-22 0.
1535622751 1 17476.5898438 0. 5.76819793521e-22 0.
1535622811 1 17323.59375 0. 5.72938900092e-22 0.
1535622871 1 17059.5527344 0. 5.65355330967e-22 0.
1535622931 1 16721.0898438 0. 5.55386986341e-22 0.
1535622991 1 18170.9707031 0. 6.04674597565e-22 0.
1535623051 1 18125.3964844 0. 6.04414088917e-22 0.
1535623111 1 18078.2421875 0. 6.04076480252e-22 0.
1535623172 1 18026.9941406 0. 6.03589697286e-22 0.
1535623232 1 17986.2480469 0. 6.03476549532e-22 0.
1535623273 1 17968.2363281 0. 6.03704734421e-22 0.
1535623314 1 17929.7226562 0. 6.03235469662e-22 0.
1535623374 1 17880.6484375 0. 6.02771686933e-22 0.
1535623434 1 17829.703125 0. 6.0224002435e-22 0.
1535623494 1 17765.1640625 0. 6.01228770019e-22 0.
1535623554 1 17763.7871094 0. 6.0232842762e-22 0.
1535623614 1 17778.1269531 0. 6.04035321938e-22 0.
1535623674 1 17732.6933594 0. 6.03646000204e-22 0.
1535623735 1 17671.1367188 0. 6.02679545041e-22 0.
1535623795 1 17628.5097656 0. 6.02369609392e-22 0.
1535623855 1 17591.6015625 0. 6.02265367274e-22 0.
1535623909 1 17564.9667969 0. 6.02354262433e-22 0.
1535623964 1 17528.78125 0. 6.02143076451e-22 0.
1535624024 1 17082.0605469 0. 5.87859152108e-22 0.
1535624084 1 16410.6269531 0. 5.65784545632e-22 0.
1535624144 1 17423.4609375 0. 6.01751910022e-22 0.
1535624204 1 17452.8730469 0. 6.03886293722e-22 0.
1535624249 1 17412.125 0. 6.03286127767e-22 0.
1535624294 1 17395.9453125 0. 6.03523722955e-22 0.
1535624342 1 17405.6386719 0. 6.04698095676e-22 0.
1535624390 1 17396.2636719 0. 6.05272723622e-22 0.
1535624450 1 17364.28125 0. 6.05259794882e-22 0.
1535624510 1 17322.40625 0. 6.04874443998e-22 0.
1535624570 1 17277.3125 0. 6.04348440078e-22 0.
1535624630 1 17228.8613281 0. 6.03734286691e-22 0.
1535624690 1 17186.78125 0. 6.03309779925e-22 0.
1535624750 1 17152.4414062 0. 6.03142907966e-22 0.
1535624810 1 17129.859375 0. 6.03380076799e-22 0.
1535624871 1 17097.6464844 0. 6.03282580758e-22 0.
1535624931 1 17104.1171875 0. 6.04582663077e-22 0.
1535624991 1 17077.3632812 0. 6.04726148323e-22 0.
1535625051 1 17037.6757812 0. 6.04351937581e-22 0.
1535625111 1 16974.8632812 0. 6.03135479642e-22 0.
1535625172 1 16943.4941406 0. 6.03055858174e-22 0.
1535625232 1 16918.9160156 0. 6.03222426277e-22 0.
1535625280 1 16893.9726562 0. 6.03159257917e-22 0.
1535625328 1 16880.7988281 0. 6.0350762334e-22 0.
1535625389 1 16857.3515625 0. 6.03682494058e-22 0.
1535625449 1 16812.7265625 0. 6.03126630121e-22 0.
1535625509 1 16776.9980469 0. 6.02843282176e-22 0.
1535625569 1 16730.5136719 0. 6.02179695305e-22 0.
1535625629 1 16692.7558594 0. 6.01797341555e-22 0.
1535625689 1 16642.6171875 0. 6.00993375398e-22 0.
1535625749 1 16666.71875 0. 6.02873175671e-22 0.
1535625793 1 16635.734375 0. 6.02470967565e-22 0.
1535625830 1 16612.7890625 0. 6.02280435328e-22 0.
1535625884 1 16577.8964844 0. 6.01902596088e-22 0.
1535625944 1 16548.0078125 0. 6.01811086252e-22 0.
1535626004 1 16518.1621094 0. 6.01715140737e-22 0.
1535626064 1 16466.9921875 0. 6.00840629569e-22 0.
1535626121 1 16414.1445312 0. 5.99815445458e-22 0.
1535626178 1 16364.9921875 0. 5.98944592957e-22 0.
1535626238 1 16333.0517578 0. 5.98738313743e-22 0.
1535626298 1 16333.1982422 0. 5.997238686e-22 0.
1535626358 1 16312.4189453 0. 5.99931595667e-22 0.
1535626419 1 16270.59375 0. 5.99344087117e-22 0.
1535626479 1 16239.6083984 0. 5.99170989157e-22 0.
1535626539 1 16222.7832031 0. 5.99510475966e-22 0.
1535626599 1 16212.4394531 0. 6.00128659646e-22 0.
1535626659 1 16164.5986328 0. 5.99311166376e-22 0.
1535626719 1 16126.3779297 0. 5.98847011899e-22 0.
1535626780 1 16095.7021484 0. 5.98692433354e-22 0.
1535626840 1 16075.4335938 0. 5.9891154249e-22 0.
1535626900 1 16035.703125 0. 5.98378582676e-22 0.
1535626960 1 15995.9638672 0. 5.97811058484e-22 0.
1535627020 1 15964.5185547 0. 5.97587786611e-22 0.
1535627055 1 15944.5146484 0. 5.97372234168e-22 0.
1535627091 1 15922.8867188 0. 5.97171597814e-22 0.
1535627151 1 15887.6904297 0. 5.96754738613e-22 0.
1535627211 1 15861.9941406 0. 5.96722138101e-22 0.
1535627271 1 15833.0351562 0. 5.96565944196e-22 0.
1535627331 1 15837.0898438 0. 5.97649398914e-22 0.
1535627391 1 15802.859375 0. 5.97291236835e-22 0.
1535627452 1 15759.9267578 0. 5.96598014518e-22 0.
1535627512 1 15779.2753906 0. 5.98272882908e-22 0.
1535627572 1 15751.0664062 0. 5.98139543584e-22 0.
1535627627 1 15688.8115234 0. 5.96598147843e-22 0.
1535627682 1 15659.2607422 0. 5.96335379779e-22 0.
1535627742 1 15553.7050781 0. 5.93212353456e-22 0.
1535627802 1 15194.4189453 0. 5.80410435689e-22 0.
1535627862 1 15100.5996094 0. 5.77691693962e-22 0.
1535627923 1 15772.9257812 0. 6.043374354e-22 0.
1535627983 1 15745.1337891 0. 6.04183479188e-22 0.
1535628043 1 15721.765625 0. 6.04246663915e-22 0.
1535628103 1 15687.5205078 0. 6.03856987886e-22 0.
1535628163 1 15640.2246094 0. 6.02968760436e-22 0.
1535628223 1 15621.3066406 0. 6.03188609424e-22 0.
1535628283 1 15586.1396484 0. 6.0275140948e-22 0.
1535628343 1 15617.5029297 0. 6.04909170442e-22 0.
1535628404 1 15592.0322266 0. 6.04809853783e-22 0.
1535628464 1 15553.8056641 0. 6.04277542928e-22 0.
1535628524 1 15527.8378906 0. 6.04210116862e-22 0.
1535628584 1 15507.3916016 0. 6.04334715359e-22 0.
1535628644 1 15476.9755859 0. 6.04085791418e-22 0.
1535628689 1 15452.7255859 0. 6.03806725748e-22 0.
1535628733 1 15433.3037109 0. 6.03752183723e-22 0.
1535628793 1 15406.3730469 0. 6.03600173604e-22 0.
1535628854 1 15381.8222656 0. 6.0358837944e-22 0.
1535628914 1 15345.1640625 0. 6.03046995755e-22 0.
1535628974 1 15315.8320312 0. 6.0279712656e-22 0.
1535629025 1 15280.4423828 0. 6.02175218365e-22 0.
1535629075 1 15267.7519531 0. 6.02436465192e-22 0.
1535629135 1 15240.0175781 0. 6.02251712605e-22 0.
1535629196 1 15216.8300781 0. 6.02263471782e-22 0.
1535629256 1 15223.6708984 0. 6.03441990633e-22 0.
1535629316 1 15220.3808594 0. 6.04202204398e-22 0.
1535629376 1 15179.1162109 0. 6.03455369842e-22 0.
1535629436 1 15161.4179688 0. 6.0366201756e-22 0.
1535629496 1 15136.6435547 0. 6.03557787441e-22 0.
1535629556 1 15110.2128906 0. 6.03418603617e-22 0.
1535629616 1 15069.6699219 0. 6.02718871366e-22 0.
1535629677 1 15046.3408203 0. 6.02678162748e-22 0.
1535629737 1 15023.1923828 0. 6.02642238531e-22 0.
1535629797 1 14996.9931641 0. 6.02494550886e-22 0.
1535629835 1 14981.625 0. 6.0240835169e-22 0.
1535629874 1 14964.0732422 0. 6.02290436343e-22 0.
1535629934 1 14942.9541016 0. 6.02350981997e-22 0.
1535629994 1 14902.7597656 0. 6.01631934166e-22 0.
1535630054 1 14877.8535156 0. 6.01523012392e-22 0.
1535630115 1 14847.0908203 0. 6.0115923302e-22 0.
1535630175 1 14824.6035156 0. 6.0118262121e-22 0.
1535630235 1 14859.8759766 0. 6.03484978917e-22 0.
1535630295 1 14825.1865234 0. 6.02960071318e-22 0.
1535630355 1 14786.8535156 0. 6.02300218365e-22 0.
1535630415 1 14771.5566406 0. 6.0257922646e-22 0.
1535630475 1 14739.5351562 0. 6.02168021943e-22 0.
1535630535 1 14730.4111328 0. 6.02715711553e-22 0.
1535630596 1 14684.2587891 0. 6.01715566333e-22 0.
1535630656 1 14657.6591797 0. 6.01517698214e-22 0.
1535630716 1 14635.9433594 0. 6.0150924048e-22 0.
1535630776 1 14603.7929688 0. 6.01069246447e-22 0.
1535630836 1 14586.6396484 0. 6.01221241695e-22 0.
1535630896 1 14548.6591797 0. 6.00520006e-22 0.
1535630956 1 14545.9082031 0. 6.012826711e-22 0.
1535631017 1 14514.3085938 0. 6.00832435079e-22 0.
1535631054 1 14498.2607422 0. 6.00695238856e-22 0.
1535631092 1 14484.1699219 0. 6.00707676913e-22 0.
1535631152 1 14452.765625 0. 6.00280570454e-22 0.
1535631212 1 14482.0576172 0. 6.02394751083e-22 0.
1535631272 1 14449.2148438 0. 6.01903589989e-22 0.
1535631333 1 14417.8769531 0. 6.01461163617e-22 0.
1535631393 1 14399.9804688 0. 6.01624846062e-22 0.
1535631453 1 14388.0126953 0. 6.01990851371e-22 0.
1535631513 1 14365.7744141 0. 6.0195229638e-22 0.
1535631573 1 14339.0791016 0. 6.01705420361e-22 0.
1535631633 1 14310.4306641 0. 6.01359971439e-22 0.
1535631693 1 14292.8652344 0. 6.01525293084e-22 0.
1535631754 1 14255.7294922 0. 6.00833419533e-22 0.
1535631814 1 14223.6005859 0. 6.00378345955e-22 0.
1535631874 1 14190.3632812 0. 5.99848952624e-22 0.
1535631934 1 14158.1464844 0. 5.99335590595e-22 0.
1535631994 1 14140.7871094 0. 5.99467610768e-22 0.
1535632054 1 14123.9453125 0. 5.99593926024e-22 0.
1535632115 1 14103.5556641 0. 5.99634551451e-22 0.
1535632175 1 14091.4394531 0. 6.00016333598e-22 0.
1535632235 1 14098.9013672 0. 6.01206017017e-22 0.
1535632295 1 14073.4560547 0. 6.01007800981e-22 0.
1535632355 1 14051.2578125 0. 6.00918754977e-22 0.
1535632411 1 14032.8896484 0. 6.00903880143e-22 0.
1535632466 1 14015.5390625 0. 6.00975542593e-22 0.
1535632527 1 13998.75 0. 6.01124243798e-22 0.
1535632587 1 13962.4160156 0. 6.00406099079e-22 0.
1535632647 1 13934.3251953 0. 6.00082875832e-22 0.
1535632707 1 13904.5771484 0. 5.99694819549e-22 0.
1535632767 1 13879.9873047 0. 5.99525098758e-22 0.
1535632827 1 13857.1132812 0. 5.99405563331e-22 0.
1535632888 1 13833.5556641 0. 5.99238093354e-22 0.
1535632948 1 13807.0878906 0. 5.98951454833e-22 0.
1535633008 1 13781.3544922 0. 5.98688697792e-22 0.
1535633068 1 13758.0791016 0. 5.98519947914e-22 0.
1535633128 1 13737.3095703 0. 5.98478095935e-22 0.
1535633188 1 13744.0185547 0. 5.99678576508e-22 0.
1535633248 1 13720.0537109 0. 5.99588321726e-22 0.
1535633309 1 13701.0185547 0. 5.9971155706e-22 0.
1535633369 1 13676.6826172 0. 5.99574311213e-22 0.
1535633429 1 13650.0244141 0. 5.99312443174e-22 0.
1535633489 1 13624.6103516 0. 5.99084609703e-22 0.
1535633549 1 13591.1865234 0. 5.98519643977e-22 0.
1535633609 1 13576.3867188 0. 5.98739060189e-22 0.
1535633669 1 13536.7441406 0. 5.97941941999e-22 0.
1535633705 1 13518.9365234 0. 5.97618665383e-22 0.
1535633740 1 13503.9833984 0. 5.97477032893e-22 0.
1535633800 1 13479.8564453 0. 5.97216617818e-22 0.
1535633860 1 13451.7587891 0. 5.96776197628e-22 0.
1535633920 1 13422.9785156 0. 5.96338263134e-22 0.
1535633981 1 13400.5419922 0. 5.96162539305e-22 0.
1535634041 1 13368.1591797 0. 5.95559589539e-22 0.
1535634076 1 13383.6445312 0. 5.96705699922e-22 0.
1535634111 1 13344.609375 0. 5.95489347198e-22 0.
1535634171 1 13324.9609375 0. 5.95433528263e-22 0.
1535634231 1 13335.9208984 0. 5.96758779784e-22 0.
1535634291 1 13322.0068359 0. 5.96989450907e-22 0.
1535634352 1 13284.046875 0. 5.96132721035e-22 0.
1535634412 1 13261.3730469 0. 5.9598416818e-22 0.
1535634472 1 12988.1035156 0. 5.8452954411e-22 0.
1535634532 1 12573.6943359 0. 5.66700768125e-22 0.
1535634592 1 13277.9521484 0. 5.99245394399e-22 0.
1535634652 1 13299.4550781 0. 6.01059057231e-22 0.
1535634712 1 13284.8193359 0. 6.01274509565e-22 0.
1535634773 1 13258.7353516 0. 6.00937421196e-22 0.
1535634833 1 13238.2939453 0. 6.00893502919e-22 0.
1535634893 1 13219.25 0. 6.0086444432e-22 0.
1535634953 1 13187.6416016 0. 6.00283615029e-22 0.
1535635013 1 13168.0888672 0. 6.00210256263e-22 0.
1535635073 1 13141.7246094 0. 5.99869639779e-22 0.
1535635133 1 13119.2050781 0. 5.99674799657e-22 0.
1535635193 1 13105.484375 0. 5.99874728428e-22 0.
1535635254 1 13082.078125 0. 5.99619506314e-22 0.
1535635300 1 13081.2265625 0. 6.00262518335e-22 0.
1535635346 1 13086.0761719 0. 6.01152153767e-22 0.
1535635407 1 13070.0527344 0. 6.01285327043e-22 0.
1535635467 1 13054.2119141 0. 6.01408398036e-22 0.
1535635527 1 13031.1494141 0. 6.01207195789e-22 0.
1535635587 1 13012.7744141 0. 6.01229213763e-22 0.
1535635647 1 12988.9394531 0. 6.00980712959e-22 0.
1535635707 1 12954.8125 0. 6.00246788507e-22 0.
1535635767 1 12925.1240234 0. 5.99714795571e-22 0.
1535635828 1 12911.0791016 0. 5.99925731529e-22 0.
1535635888 1 12894.0400391 0. 5.99998468273e-22 0.
1535635942 1 12882.203125 0. 6.00217349825e-22 0.
1535635996 1 12865.7324219 0. 6.00281291165e-22 0.
1535636031 1 12853.5986328 0. 6.00196821503e-22 0.
1535636067 1 12836.3251953 0. 5.99907144768e-22 0.
1535636127 1 12810.8613281 0. 5.99612491623e-22 0.
1535636187 1 12775.4111328 0. 5.98841216606e-22 0.
1535636247 1 12752.7236328 0. 5.98666087858e-22 0.
1535636307 1 12723.0322266 0. 5.98139934228e-22 0.
1535636367 1 12741.1015625 0. 5.99895521569e-22 0.
1535636427 1 12726.5009766 0. 6.0014778495e-22 0.
1535636487 1 12707.6767578 0. 6.00124497472e-22 0.
1535636547 1 12685.0615234 0. 5.99931368388e-22 0.
1535636608 1 12657.9287109 0. 5.99532022285e-22 0.
1535636668 1 12630.9501953 0. 5.9913515625e-22 0.
1535636728 1 12609.8261719 0. 5.9903005574e-22 0.
1535636784 1 12573.8886719 0. 5.98107145645e-22 0.
1535636841 1 12554.0849609 0. 5.97946108867e-22 0.
1535636901 1 12537.2734375 0. 5.97974647525e-22 0.
1535636961 1 12530.2402344 0. 5.98495033193e-22 0.
1535637021 1 12502.8554688 0. 5.9806977788e-22 0.
1535637082 1 12485.5625 0. 5.98053497664e-22 0.
1535637142 1 12461.8496094 0. 5.97793444464e-22 0.
1535637202 1 12449.25 0. 5.98033062874e-22 0.
1535637262 1 12422.2929688 0. 5.9756388776e-22 0.
1535637322 1 12400.2910156 0. 5.9732179685e-22 0.
1535637382 1 12388.1953125 0. 5.97566905542e-22 0.
1535637442 1 12381.0302734 0. 5.98064236335e-22 0.
1535637502 1 12385.8886719 0. 5.99146592625e-22 0.
1535637563 1 12365.7128906 0. 5.98992949895e-22 0.
1535637623 1 12340.3945312 0. 5.98619898901e-22 0.
1535637683 1 12319.2207031 0. 5.98435719114e-22 0.
1535637743 1 12292.6992188 0. 5.97961145729e-22 0.
1535637803 1 12286.8505859 0. 5.98536329054e-22 0.
1535637859 1 12262.2158203 0. 5.98126259181e-22 0.
1535637915 1 12242.0302734 0. 5.97921937712e-22 0.
1535637975 1 12216.0595703 0. 5.97507155074e-22 0.
1535638035 1 12186.4296875 0. 5.96928022504e-22 0.
1535638095 1 12166.0869141 0. 5.96746189405e-22 0.
1535638155 1 12139.0478516 0. 5.96263463665e-22 0.
1535638207 1 12122.2636719 0. 5.96132871162e-22 0.
1535638259 1 12106.4970703 0. 5.96098169376e-22 0.
1535638320 1 12080.5361328 0. 5.9565491994e-22 0.
1535638380 1 12063.6328125 0. 5.95687339029e-22 0.
1535638440 1 12040.7451172 0. 5.95397984634e-22 0.
1535638500 1 12020.6923828 0. 5.95242088202e-22 0.
1535638561 1 12045.1728516 0. 5.97294197795e-22 0.
1535638621 1 12026.5761719 0. 5.97214721774e-22 0.
1535638681 1 12005.7080078 0. 5.97005743376e-22 0.
1535638741 1 11978.7382812 0. 5.96522148603e-22 0.
1535638801 1 11957.4765625 0. 5.96318563188e-22 0.
1535638861 1 11936.2246094 0. 5.96090594004e-22 0.
1535638921 1 11915.0400391 0. 5.95858486821e-22 0.
1535638982 1 11906.2148438 0. 5.96248013687e-22 0.
1535639042 1 11882.8125 0. 5.95937786493e-22 0.
1535639102 1 11858.1542969 0. 5.95542001338e-22 0.
1535639162 1 11841.9199219 0. 5.95542295829e-22 0.
1535639222 1 11812.6865234 0. 5.94870310395e-22 0.
1535639282 1 11787.0058594 0. 5.94456257584e-22 0.
1535639342 1 11768.5791016 0. 5.94378117688e-22 0.
1535639402 1 11747.7880859 0. 5.94159205744e-22 0.
1535639463 1 11726.5390625 0. 5.93886703177e-22 0.
1535639523 1 11706.8701172 0. 5.93728247389e-22 0.
1535639583 1 11682.9677734 0. 5.93307975857e-22 0.
1535639643 1 11680.5830078 0. 5.94030679391e-22 0.
1535639703 1 11685.140625 0. 5.95115823846e-22 0.
1535639763 1 11659.125 0. 5.94648890296e-22 0.
1535639824 1 11628.3642578 0. 5.93890370122e-22 0.
1535639861 1 11621.4326172 0. 5.93988526125e-22 0.
1535639899 1 11598.3408203 0. 5.93437238783e-22 0.
1535639959 1 11580.8398438 0. 5.933748354e-22 0.
1535640020 1 11571.4726562 0. 5.93767500647e-22 0.
1535640080 1 11552.8720703 0. 5.93640106403e-22 0.
1535640140 1 11543.921875 0. 5.94017111094e-22 0.
1535640200 1 11515.0644531 0. 5.9336159207e-22 0.
1535640260 1 11494.6005859 0. 5.93122767304e-22 0.
1535640320 1 11471.0351562 0. 5.92755654415e-22 0.
1535640381 1 11441.9980469 0. 5.92105965986e-22 0.
1535640441 1 11416.7011719 0. 5.91613821194e-22 0.
1535640501 1 11399.5039062 0. 5.91553237335e-22 0.
1535640561 1 11383.859375 0. 5.91560531763e-22 0.
1535640621 1 11363.03125 0. 5.91315450743e-22 0.
1535640681 1 11345.8554688 0. 5.91269008186e-22 0.
1535640741 1 11335.6650391 0. 5.9155807309e-22 0.
1535640801 1 11326.5332031 0. 5.9189223862e-22 0.
1535640862 1 11347.8310547 0. 5.93852648363e-22 0.
1535640922 1 11311.4072266 0. 5.9278914288e-22 0.
1535640982 1 11287.6132812 0. 5.92384177922e-22 0.
1535641042 1 11266.0195312 0. 5.9206713157e-22 0.
1535641102 1 11249.1289062 0. 5.92004399375e-22 0.
1535641162 1 11230.9746094 0. 5.9185267693e-22 0.
1535641222 1 11214.2236328 0. 5.91800397917e-22 0.
1535641283 1 11208.140625 0. 5.92315559375e-22 0.
1535641343 1 11181.2841797 0. 5.91729594895e-22 0.
1535641397 1 11161.9755859 0. 5.91450087483e-22 0.
1535641452 1 11128.3095703 0. 5.90433340732e-22 0.
1535641513 1 11131.421875 0. 5.91432673416e-22 0.
1535641573 1 11116.8945312 0. 5.914567614e-22 0.
1535641633 1 11106.4462891 0. 5.91746527726e-22 0.
1535641693 1 11099.6826172 0. 5.92212805517e-22 0.
1535641753 1 11077.1318359 0. 5.9183649305e-22 0.
1535641813 1 11053.7236328 0. 5.91419506504e-22 0.
1535641873 1 11034.5673828 0. 5.91232216149e-22 0.
1535641934 1 11008.4472656 0. 5.90635762678e-22 0.
1535641994 1 11026.9257812 0. 5.9243850689e-22 0.
1535642054 1 11012.9277344 0. 5.92523100109e-22 0.
1535642114 1 10982.3261719 0. 5.91743421142e-22 0.
1535642174 1 10959.9667969 0. 5.91342356599e-22 0.
1535642234 1 10951.7050781 0. 5.9173746114e-22 0.
1535642295 1 10923.7255859 0. 5.9105673427e-22 0.
1535642355 1 10908.4384766 0. 5.91026870276e-22 0.
1535642415 1 10891.2558594 0. 5.90919593952e-22 0.
1535642475 1 10872.8154297 0. 5.9072812644e-22 0.
1535642535 1 10861.8417969 0. 5.90971591983e-22 0.
1535642595 1 10858.0556641 0. 5.91565936432e-22 0.
1535642655 1 10833.8007812 0. 5.91041333698e-22 0.
1535642716 1 10811.4453125 0. 5.90631878071e-22 0.
1535642776 1 10797.6591797 0. 5.90726268841e-22 0.
1535642836 1 10778.6513672 0. 5.90511855264e-22 0.
1535642896 1 10742.9824219 0. 5.89357111535e-22 0.
1535642956 1 10735.9179688 0. 5.89805382162e-22 0.
1535643016 1 10725.5292969 0. 5.90041864041e-22 0.
1535643076 1 10682.2851562 0. 5.88486316844e-22 0.
1535643137 1 10448.6552734 0. 5.76369924998e-22 0.
1535643197 1 10222.7128906 0. 5.64692292633e-22 0.
1535643250 1 10715.9160156 0. 5.92628880732e-22 0.
1535643303 1 10790.9267578 0. 5.97549299837e-22 0.
1535643363 1 10778.0488281 0. 5.97654507192e-22 0.
1535643424 1 10762.3134766 0. 5.97623519077e-22 0.
1535643484 1 10746.515625 0. 5.97558492868e-22 0.
1535643544 1 10761.4482422 0. 5.99210589028e-22 0.
1535643604 1 10749.8417969 0. 5.99429080806e-22 0.
1535643664 1 10736.5947266 0. 5.9950898446e-22 0.
1535643724 1 10722.8671875 0. 5.99580077604e-22 0.
1535643766 1 10715.6894531 0. 5.99730863706e-22 0.
1535643808 1 10703.203125 0. 5.99644212303e-22 0.
1535643868 1 10679.8242188 0. 5.99167902011e-22 0.
1535643928 1 10661.5253906 0. 5.9897424724e-22 0.
1535643988 1 10646.2080078 0. 5.98961847532e-22 0.
1535644049 1 10627.0244141 0. 5.98714931748e-22 0.
1535644109 1 10610.3417969 0. 5.98607219003e-22 0.
1535644169 1 10598.3242188 0. 5.98775889057e-22 0.
1535644229 1 10578.9628906 0. 5.98536243393e-22 0.
1535644289 1 10559.2236328 0. 5.98237068912e-22 0.
1535644349 1 10569.046875 0. 5.99643649748e-22 0.
1535644410 1 10570.6748047 0. 6.00588973047e-22 0.
1535644470 1 10548.3554688 0. 6.0017305891e-22 0.
1535644530 1 10530.4296875 0. 5.99961570271e-22 0.
1535644590 1 10512.2021484 0. 5.99771622715e-22 0.
1535644650 1 10497.1347656 0. 5.99777157589e-22 0.
1535644710 1 10481.5947266 0. 5.99721506394e-22 0.
1535644771 1 10456.7822266 0. 5.99151004953e-22 0.
1535644831 1 10443.40625 0. 5.99209333208e-22 0.
1535644891 1 10432.0771484 0. 5.9938934869e-22 0.
1535644951 1 10416.5859375 0. 5.99323619703e-22 0.
1535645011 1 10395.7109375 0. 5.98950891849e-22 0.
1535645071 1 10379.6708984 0. 5.98891278367e-22 0.
1535645131 1 10362.6533203 0. 5.98742089912e-22 0.
1535645192 1 10346.1464844 0. 5.98632316629e-22 0.
1535645252 1 10329.9052734 0. 5.98509081519e-22 0.
1535645312 1 10313.1796875 0. 5.98383513501e-22 0.
1535645372 1 10298.4052734 0. 5.98353629925e-22 0.
1535645432 1 10285.1523438 0. 5.98432970682e-22 0.
1535645492 1 10269.2373047 0. 5.98308315169e-22 0.
1535645553 1 10284.9023438 0. 6.000636352e-22 0.
1535645613 1 10271.4130859 0. 6.00153851195e-22 0.
1535645673 1 10252.8720703 0. 5.99919124319e-22 0.
1535645733 1 10231.4511719 0. 5.99531323459e-22 0.
1535645793 1 10215.9560547 0. 5.99472182908e-22 0.
1535645845 1 10206.4599609 0. 5.99642270901e-22 0.
1535645873 1 10194.5273438 0. 5.99308439498e-22 0.
1535645908 1 10191.4326172 0. 5.99684818847e-22 0.
1535645968 1 10174.6689453 0. 5.99518763849e-22 0.
1535646028 1 10162.5068359 0. 5.99633682368e-22 0.
1535646088 1 10144.3291016 0. 5.99417515968e-22 0.
1535646149 1 10125.96875 0. 5.99145390727e-22 0.
1535646209 1 10106.2490234 0. 5.98787895538e-22 0.
1535646269 1 10090.5371094 0. 5.98735667184e-22 0.
1535646329 1 10067.5244141 0. 5.98206775258e-22 0.
1535646389 1 10057.1376953 0. 5.98418186142e-22 0.
1535646449 1 10041.0048828 0. 5.98283992891e-22 0.
1535646509 1 10026.3417969 0. 5.98244951807e-22 0.
1535646569 1 10015.3359375 0. 5.98423983812e-22 0.
1535646629 1 10002.2392578 0. 5.98470324909e-22 0.
1535646690 1 9984.23632812 0. 5.98228275332e-22 0.
1535646750 1 9970.12207031 0. 5.9821512303e-22 0.
1535646810 1 9965.19726562 0. 5.98753956845e-22 0.
1535646855 1 9967.73535156 0. 5.99531337053e-22 0.
1535646901 1 9953.83496094 0. 5.99372020697e-22 0.
1535646961 1 9934.64257812 0. 5.9903040582e-22 0.
1535647021 1 9917.60742188 0. 5.98844957867e-22 0.
1535647081 1 9899.13574219 0. 5.98587624958e-22 0.
1535647142 1 9889.80371094 0. 5.98846120167e-22 0.
1535647202 1 9877.4140625 0. 5.98951586107e-22 0.
1535647262 1 9864.80761719 0. 5.99024420729e-22 0.
1535647322 1 9845.20703125 0. 5.98681400177e-22 0.
1535647382 1 9831.23535156 0. 5.98699817477e-22 0.
1535647442 1 9818.74609375 0. 5.98753973624e-22 0.
1535647503 1 9798.66894531 0. 5.98381504891e-22 0.
1535647563 1 9784.23535156 0. 5.98326926845e-22 0.
1535647623 1 9765.60742188 0. 5.98009135298e-22 0.
1535647683 1 9749.97558594 0. 5.97863443756e-22 0.
1535647743 1 9734.40625 0. 5.9776099947e-22 0.
1535647803 1 9726.13085938 0. 5.98061663619e-22 0.
1535647859 1 9712.48925781 0. 5.97998883943e-22 0.
1535647915 1 9698.51171875 0. 5.97896722158e-22 0.
1535647976 1 9678.7734375 0. 5.97542041154e-22 0.
1535648036 1 9662.73144531 0. 5.97389780958e-22 0.
1535648096 1 9662.63085938 0. 5.98168161917e-22 0.
1535648156 1 9663.375 0. 5.99060686057e-22 0.
1535648216 1 9648.25585938 0. 5.98959486992e-22 0.
1535648276 1 9633.13476562 0. 5.98874326537e-22 0.
1535648336 1 9618.82128906 0. 5.98848207307e-22 0.
1535648397 1 9604.09570312 0. 5.98764616328e-22 0.
1535648457 1 9592.46679688 0. 5.98875480669e-22 0.
1535648517 1 9579.64550781 0. 5.98886051073e-22 0.
1535648577 1 9567.69824219 0. 5.98956890892e-22 0.
1535648637 1 9553.21875 0. 5.98876904604e-22 0.
1535648697 1 9530.11523438 0. 5.9824598234e-22 0.
1535648758 1 9515.44726562 0. 5.98127243617e-22 0.
1535648818 1 9497.51269531 0. 5.97823031134e-22 0.
1535648878 1 9477.73535156 0. 5.97412664471e-22 0.
1535648938 1 9463.56933594 0. 5.97357042089e-22 0.
1535648998 1 9446.17382812 0. 5.97061717449e-22 0.
1535649058 1 9432.80957031 0. 5.97043625244e-22 0.
1535649119 1 9423.79589844 0. 5.97267887743e-22 0.
1535649179 1 9412.22265625 0. 5.97333950363e-22 0.
1535649239 1 9393.68652344 0. 5.97011859659e-22 0.
1535649299 1 9380.80957031 0. 5.97011274384e-22 0.
1535649359 1 9346.24707031 0. 5.9563262979e-22 0.
1535649419 1 9218.66113281 0. 5.883678055e-22 0.
1535649479 1 9221.86914062 0. 5.89471108828e-22 0.
1535649539 1 9206.95703125 0. 5.89343920657e-22 0.
1535649592 1 9197.09179688 0. 5.8944953901e-22 0.
1535649645 1 9147.921875 0. 5.87047340519e-22 0.
1535649705 1 9047.11425781 0. 5.81515547147e-22 0.
1535649765 1 9034.53710938 0. 5.81572139965e-22 0.
1535649825 1 9003.49609375 0. 5.8042796791e-22 0.
1535649885 1 8974.06835938 0. 5.79378578766e-22 0.
1535649945 1 8721.25195312 0. 5.63883041301e-22 0.
1535650006 1 8665.78515625 0. 5.61125316478e-22 0.
1535650066 1 8961.609375 0. 5.81098340859e-22 0.
1535650126 1 8947.42382812 0. 5.81012145832e-22 0.
1535650186 1 8936.29589844 0. 5.81131748625e-22 0.
1535650246 1 8921.98828125 0. 5.81029469271e-22 0.
1535650306 1 8911.37695312 0. 5.81196102216e-22 0.
1535650367 1 8897.27050781 0. 5.81102444004e-22 0.
1535650427 1 8882.11328125 0. 5.80949939892e-22 0.
1535650487 1 8865.73535156 0. 5.80764002081e-22 0.
1535650547 1 8852.80957031 0. 5.80752464052e-22 0.
1535650607 1 8868.65625 0. 5.82671661005e-22 0.
1535650667 1 8856.859375 0. 5.82780519427e-22 0.
1535650727 1 8840.96777344 0. 5.82559642984e-22 0.
1535650788 1 8824.25488281 0. 5.82339983552e-22 0.
1535650848 1 8812.57324219 0. 5.82417667647e-22 0.
1535650908 1 8797.00292969 0. 5.82257535559e-22 0.
1535650968 1 8785.24121094 0. 5.82318618937e-22 0.
1535651028 1 8771.08203125 0. 5.82214477943e-22 0.
1535651088 1 8756.84179688 0. 5.82140153085e-22 0.
1535651149 1 8744.42089844 0. 5.82162913467e-22 0.
1535651209 1 8730.45996094 0. 5.82077183157e-22 0.
1535651269 1 8716.16699219 0. 5.81967067713e-22 0.
1535651330 1 8703.12695312 0. 5.81926765579e-22 0.
1535651390 1 8687.62207031 0. 5.8174522207e-22 0.
1535651450 1 8670.97558594 0. 5.81506630207e-22 0.
1535651510 1 8659.66894531 0. 5.81587284357e-22 0.
1535651570 1 8648.19238281 0. 5.81670492401e-22 0.
1535651631 1 8635.8671875 0. 5.81675070953e-22 0.
1535651691 1 8620.39648438 0. 5.81459084725e-22 0.
1535651751 1 8616.41992188 0. 5.82042572601e-22 0.
1535651811 1 8629.30761719 0. 5.83785247027e-22 0.
1535651871 1 8611.46875 0. 5.83438646871e-22 0.
1535651931 1 8595.13574219 0. 5.83178680165e-22 0.
1535651991 1 8583.23535156 0. 5.83266328517e-22 0.
1535652051 1 8563.00292969 0. 5.82767256523e-22 0.
1535652112 1 8546.53515625 0. 5.82488437377e-22 0.
1535652172 1 8540.58203125 0. 5.8294864362e-22 0.
1535652232 1 8524.00488281 0. 5.82683310801e-22 0.
1535652292 1 8512.00097656 0. 5.82718294815e-22 0.
1535652352 1 8495.83007812 0. 5.82475762221e-22 0.
1535652412 1 8485.41601562 0. 5.82631482849e-22 0.
1535652472 1 8475.43066406 0. 5.82761282855e-22 0.
1535652532 1 8459.95214844 0. 5.82550254824e-22 0.
1535652593 1 8440.1015625 0. 5.82084531592e-22 0.
1535652653 1 8428.38476562 0. 5.82127597126e-22 0.
1535652713 1 8416.46972656 0. 5.8215551671e-22 0.
1535652773 1 8400.89453125 0. 5.81933170268e-22 0.
1535652833 1 8392.33886719 0. 5.82145354038e-22 0.
1535652893 1 8375.37402344 0. 5.81822835387e-22 0.
1535652954 1 8367.56445312 0. 5.82099635872e-22 0.
1535653014 1 8351.28808594 0. 5.81811147966e-22 0.
1535653074 1 8362.47851562 0. 5.83452634346e-22 0.
1535653134 1 8354.84375 0. 5.83781234639e-22 0.
1535653194 1 8337.39648438 0. 5.83434716972e-22 0.
1535653254 1 8319.82128906 0. 5.83064246807e-22 0.
1535653314 1 8309.50976562 0. 5.83167628216e-22 0.
1535653374 1 8293.80175781 0. 5.82899017865e-22 0.
1535653435 1 8278.32128906 0. 5.82645386233e-22 0.
1535653485 1 8269.30957031 0. 5.82702939241e-22 0.
1535653536 1 8262.12597656 0. 5.82969802377e-22 0.
1535653596 1 8255.48339844 0. 5.83353119952e-22 0.
1535653656 1 8241.64648438 0. 5.83228648489e-22 0.
1535653716 1 8222.74121094 0. 5.82763911995e-22 0.
1535653776 1 8214.52050781 0. 5.83006293416e-22 0.
1535653837 1 8200.17089844 0. 5.82827652188e-22 0.
1535653897 1 8191.83544922 0. 5.83093563961e-22 0.
1535653957 1 8180.58935547 0. 5.83120746334e-22 0.
1535654017 1 8164.13476562 0. 5.8279809818e-22 0.
1535654077 1 8152.69628906 0. 5.8281010378e-22 0.
1535654137 1 8136.64111328 0. 5.82505375206e-22 0.
1535654197 1 8127.59570312 0. 5.8267604677e-22 0.
1535654257 1 8114.13085938 0. 5.82538873879e-22 0.
1535654318 1 8128.79199219 0. 5.84479765548e-22 0.
1535654378 1 8118.20800781 0. 5.8460082125e-22 0.
1535654438 1 8098.37841797 0. 5.84030215314e-22 0.
1535654498 1 8084.91992188 0. 5.83940296925e-22 0.
1535654558 1 8069.625 0. 5.83678171964e-22 0.
1535654618 1 8059.29931641 0. 5.83730607172e-22 0.
1535654678 1 8098.68652344 0. 5.87498411538e-22 0.
1535654739 1 8613.33691406 0. 6.26132075213e-22 0.
1535654799 1 8642.55078125 0. 6.29651988077e-22 0.
1535654859 1 8364.17675781 0. 6.10614855654e-22 0.
1535654919 1 8337.28515625 0. 6.09943582991e-22 0.
1535654979 1 8589.734375 0. 6.29644032706e-22 0.
1535655039 1 8575.94824219 0. 6.29833807949e-22 0.
1535655099 1 8557.65039062 0. 6.29710343689e-22 0.
1535655159 1 8541.25292969 0. 6.29727534046e-22 0.
1535655220 1 8528.58789062 0. 6.29989088747e-22 0.
1535655280 1 8505.5078125 0. 6.29516565045e-22 0.
1535655340 1 8494.63867188 0. 6.29899754612e-22 0.
1535655400 1 8477.44335938 0. 6.29843003493e-22 0.
1535655460 1 8459.2109375 0. 6.29682543689e-22 0.
1535655520 1 8438.30859375 0. 6.29265196732e-22 0.
1535655580 1 8420.96972656 0. 6.2910842701e-22 0.
1535655640 1 8406.26171875 0. 6.29166059857e-22 0.
1535655701 1 8392.4921875 0. 6.29314204439e-22 0.
1535655761 1 8376.03417969 0. 6.29266886715e-22 0.
1535655821 1 8361.77246094 0. 6.29375494178e-22 0.
1535655881 1 8345.56542969 0. 6.29327360886e-22 0.
1535655941 1 8332.52246094 0. 6.29467727693e-22 0.
1535656001 1 8317.10546875 0. 6.29467199514e-22 0.
1535656061 1 8298.90820312 0. 6.29265171516e-22 0.
1535656121 1 8280.70605469 0. 6.29016349057e-22 0.
1535656169 1 8264.6953125 0. 6.28674008488e-22 0.
1535656216 1 8256.57421875 0. 6.28974094367e-22 0.
1535656277 1 8236.89355469 0. 6.28636075488e-22 0.
1535656337 1 8227.44140625 0. 6.28995268069e-22 0.
1535656397 1 8209.35546875 0. 6.28783392773e-22 0.
1535656457 1 8191.23632812 0. 6.28553590768e-22 0.
1535656517 1 8182.76367188 0. 6.29025429826e-22 0.
1535656577 1 8169.59423828 0. 6.29144105692e-22 0.
1535656637 1 8151.13037109 0. 6.28875544152e-22 0.
1535656698 1 8131.12011719 0. 6.28393574111e-22 0.
1535656758 1 8115.09960938 0. 6.28271510151e-22 0.
1535656818 1 8098.30761719 0. 6.28082166722e-22 0.
1535656878 1 8086.2421875 0. 6.2825946724e-22 0.
1535656938 1 8074.17138672 0. 6.28414901481e-22 0.
1535656998 1 8060.74267578 0. 6.28512081574e-22 0.
1535657058 1 8050.83007812 0. 6.28886826427e-22 0.
1535657118 1 8028.28173828 0. 6.28205036715e-22 0.
1535657179 1 8009.55957031 0. 6.27800927612e-22 0.
1535657239 1 7997.31054688 0. 6.27923701607e-22 0.
1535657299 1 7982.46679688 0. 6.27869724638e-22 0.
1535657359 1 7968.93212891 0. 6.27913345574e-22 0.
1535657419 1 7950.29101562 0. 6.27551469723e-22 0.
1535657479 1 7936.50683594 0. 6.27598196907e-22 0.
1535657539 1 7920.93798828 0. 6.27483914338e-22 0.
1535657599 1 7914.24365234 0. 6.28014718729e-22 0.
1535657660 1 7897.125 0. 6.27730973485e-22 0.
1535657720 1 7887.23779297 0. 6.28013937094e-22 0.
1535657780 1 7877.11083984 0. 6.28304454662e-22 0.
1535657840 1 7860.546875 0. 6.28073080578e-22 0.
1535657900 1 7842.61572266 0. 6.277390538e-22 0.
1535657960 1 7821.32666016 0. 6.27137173384e-22 0.
1535658020 1 7809.76318359 0. 6.27295177291e-22 0.
1535658081 1 7797.83056641 0. 6.27418058986e-22 0.
1535658141 1 7780.00146484 0. 6.27057213788e-22 0.
1535658201 1 7768.27832031 0. 6.27195005175e-22 0.
1535658261 1 7754.70703125 0. 6.27152140974e-22 0.
1535658321 1 7740.28027344 0. 6.2704193325e-22 0.
1535658382 1 7726.49072266 0. 6.27050066372e-22 0.
1535658442 1 7713.10058594 0. 6.27072372032e-22 0.
1535658502 1 7701.53662109 0. 6.27208952656e-22 0.
1535658562 1 7686.14111328 0. 6.2703141821e-22 0.
1535658622 1 7671.35644531 0. 6.26863430355e-22 0.
1535658682 1 7656.69775391 0. 6.2672853416e-22 0.
1535658742 1 7643.54296875 0. 6.26713034601e-22 0.
1535658803 1 7633.53271484 0. 6.26906426451e-22 0.
1535658863 1 7623.0 0. 6.27088224787e-22 0.
1535658923 1 7607.90039062 0. 6.26903139061e-22 0.
1535658983 1 7597.75292969 0. 6.27126026804e-22 0.
1535659043 1 7584.10058594 0. 6.27080549529e-22 0.
1535659103 1 7569.29394531 0. 6.2691263796e-22 0.
1535659163 1 7556.48535156 0. 6.26905062097e-22 0.
1535659223 1 7544.50390625 0. 6.26951692899e-22 0.
1535659284 1 7526.68212891 0. 6.26476114003e-22 0.
1535659344 1 7509.33544922 0. 6.26072762568e-22 0.
1535659404 1 7498.10888672 0. 6.2618038734e-22 0.
1535659464 1 7490.65576172 0. 6.26579666625e-22 0.
1535659524 1 7482.08789062 0. 6.26967624263e-22 0.
1535659584 1 7465.41015625 0. 6.26626452318e-22 0.
1535659644 1 7451.29101562 0. 6.26493002868e-22 0.
1535659704 1 7439.57568359 0. 6.2653661053e-22 0.
1535659765 1 7427.36230469 0. 6.26530423558e-22 0.
1535659825 1 7415.08740234 0. 6.26512407778e-22 0.
1535659885 1 7403.96630859 0. 6.26598705742e-22 0.
1535659945 1 7388.7734375 0. 6.26356332373e-22 0.
1535660005 1 7376.63720703 0. 6.26356883176e-22 0.
1535660065 1 7362.28417969 0. 6.26176785854e-22 0.
1535660125 1 7347.40283203 0. 6.25945625675e-22 0.
1535660186 1 7334.88964844 0. 6.2590722559e-22 0.
1535660246 1 7321.93164062 0. 6.25785701726e-22 0.
1535660302 1 7310.49658203 0. 6.25727334241e-22 0.
1535660359 1 7300.44091797 0. 6.25832021384e-22 0.
1535660394 1 7294.75585938 0. 6.25922385144e-22 0.
1535660429 1 7289.63623047 0. 6.26152551976e-22 0.
1535660483 1 7277.15966797 0. 6.25933226413e-22 0.
1535660536 1 7266.40283203 0. 6.259280561e-22 0.
1535660596 1 7254.90429688 0. 6.25944358176e-22 0.
1535660656 1 7245.46630859 0. 6.26175470998e-22 0.
1535660717 1 7231.60595703 0. 6.2602741856e-22 0.
1535660777 1 7217.56103516 0. 6.25816373349e-22 0.
1535660837 1 7203.60839844 0. 6.25566198275e-22 0.
1535660897 1 7192.26855469 0. 6.25626277285e-22 0.
1535660957 1 7181.41259766 0. 6.25684280897e-22 0.
1535661017 1 7170.07568359 0. 6.25734386016e-22 0.
1535661077 1 7157.84472656 0. 6.25721320826e-22 0.
1535661138 1 7147.50927734 0. 6.25804704684e-22 0.
1535661198 1 7134.00488281 0. 6.25619311429e-22 0.
1535661258 1 7123.33691406 0. 6.25674747607e-22 0.
1535661318 1 7111.18359375 0. 6.25611020969e-22 0.
1535661378 1 7096.26708984 0. 6.253281887e-22 0.
1535661438 1 7085.38330078 0. 6.25317138127e-22 0.
1535661498 1 7076.47265625 0. 6.25569771417e-22 0.
1535661559 1 7066.33398438 0. 6.25703046137e-22 0.
1535661619 1 7053.64257812 0. 6.25586370721e-22 0.
1535661679 1 7041.19580078 0. 6.25452616206e-22 0.
1535661739 1 7026.91015625 0. 6.25175876562e-22 0.
1535661799 1 7016.24658203 0. 6.25212176373e-22 0.
1535661859 1 7004.33007812 0. 6.2512391713e-22 0.
1535661919 1 6991.99755859 0. 6.25005103283e-22 0.
1535661980 1 6984.28515625 0. 6.25271415918e-22 0.
1535662040 1 6971.97167969 0. 6.25169030031e-22 0.
1535662100 1 6956.90478516 0. 6.24773971759e-22 0.
1535662160 1 6942.77929688 0. 6.24511785153e-22 0.
1535662220 1 6930.49951172 0. 6.24371360208e-22 0.
1535662280 1 6919.58789062 0. 6.24363597983e-22 0.
1535662340 1 6908.92138672 0. 6.24357791615e-22 0.
1535662400 1 6895.68701172 0. 6.2410642731e-22 0.
1535662461 1 6882.35302734 0. 6.23850073178e-22 0.
1535662521 1 6870.67285156 0. 6.23765644525e-22 0.
1535662581 1 6856.69482422 0. 6.2349693643e-22 0.
1535662641 1 6845.94873047 0. 6.23463655837e-22 0.
1535662701 1 6840.11669922 0. 6.23918217744e-22 0.
1535662761 1 6830.328125 0. 6.2400191472e-22 0.
1535662811 1 6819.20703125 0. 6.23772358681e-22 0.
1535662861 1 6811.96728516 0. 6.23945169856e-22 0.
1535662922 1 6798.60302734 0. 6.23641117296e-22 0.
1535662982 1 6785.46582031 0. 6.23403459542e-22 0.
1535663042 1 6771.66552734 0. 6.23039765529e-22 0.
1535663102 1 6761.84326172 0. 6.23078138224e-22 0.
1535663162 1 6748.41601562 0. 6.22786884713e-22 0.
1535663223 1 6741.08496094 0. 6.23097015668e-22 0.
1535663283 1 6730.85351562 0. 6.23102130106e-22 0.
1535663343 1 6719.21289062 0. 6.22978283327e-22 0.
1535663403 1 6707.56982422 0. 6.22835516361e-22 0.
1535663463 1 6696.99609375 0. 6.22773132031e-22 0.
1535663523 1 6684.97802734 0. 6.22590332957e-22 0.
1535663583 1 6675.44726562 0. 6.22623942413e-22 0.
1535663643 1 6669.83349609 0. 6.23060581878e-22 0.
1535663704 1 6661.08935547 0. 6.2319877211e-22 0.
1535663764 1 6648.78955078 0. 6.22994941876e-22 0.
1535663824 1 6700.29101562 0. 6.28799827298e-22 0.
1535663884 1 6985.05322266 0. 6.56757375682e-22 0.
1535663944 1 6970.91162109 0. 6.56651429806e-22 0.
1535664004 1 6961.35595703 0. 6.57000488968e-22 0.
1535664064 1 6948.05859375 0. 6.57014125584e-22 0.
1535664125 1 6934.41943359 0. 6.56955311063e-22 0.
1535664185 1 6921.140625 0. 6.56945448097e-22 0.
1535664245 1 6910.02050781 0. 6.57129772313e-22 0.
1535664305 1 6896.85742188 0. 6.57121313931e-22 0.
1535664365 1 6886.4375 0. 6.57322959889e-22 0.
1535664426 1 6870.27246094 0. 6.56927859758e-22 0.
1535664486 1 6857.98681641 0. 6.56884508135e-22 0.
1535664546 1 6846.84570312 0. 6.57022722391e-22 0.
1535664606 1 6835.54052734 0. 6.57079637434e-22 0.
1535664666 1 6820.41699219 0. 6.56781408345e-22 0.
1535664726 1 6811.45214844 0. 6.57160469149e-22 0.
1535664786 1 6796.46484375 0. 6.56882305426e-22 0.
1535664847 1 6781.86865234 0. 6.56670030352e-22 0.
1535664907 1 6772.22851562 0. 6.56940170612e-22 0.
1535664967 1 6760.31054688 0. 6.56947459972e-22 0.
1535665027 1 6746.37988281 0. 6.56699273871e-22 0.
1535665087 1 6735.45800781 0. 6.56751555124e-22 0.
1535665147 1 6719.99755859 0. 6.56399044378e-22 0.
1535665207 1 6710.49560547 0. 6.56607888471e-22 0.
1535665268 1 6698.92285156 0. 6.56578336993e-22 0.
1535665328 1 6689.98291016 0. 6.56828509413e-22 0.
1535665388 1 6675.29345703 0. 6.56553675512e-22 0.
1535665448 1 6664.74462891 0. 6.5671046251e-22 0.
1535665508 1 6657.05273438 0. 6.57080517351e-22 0.
1535665568 1 6642.90039062 0. 6.56794923385e-22 0.
1535665628 1 6633.13671875 0. 6.56954121477e-22 0.
1535665689 1 6620.81152344 0. 6.56845650724e-22 0.
1535665749 1 6609.19433594 0. 6.5682845054e-22 0.
1535665809 1 6596.04345703 0. 6.56644153043e-22 0.
1535665869 1 6579.67138672 0. 6.5608000154e-22 0.
1535665929 1 6568.23632812 0. 6.56107950573e-22 0.
1535665989 1 6565.18847656 0. 6.56897139702e-22 0.
1535666049 1 6553.97412109 0. 6.56812319653e-22 0.
1535666109 1 6540.06542969 0. 6.56512501646e-22 0.
1535666170 1 6527.68554688 0. 6.56431621225e-22 0.
1535666230 1 6517.5546875 0. 6.56497064696e-22 0.
1535666265 1 6512.94921875 0. 6.56648329493e-22 0.
1535666300 1 6503.2578125 0. 6.56395684085e-22 0.
1535666360 1 6493.64355469 0. 6.56506348591e-22 0.
1535666420 1 6478.33154297 0. 6.56030190612e-22 0.
1535666481 1 6468.00537109 0. 6.56096504733e-22 0.
1535666541 1 6456.79003906 0. 6.56051824105e-22 0.
1535666601 1 6446.54931641 0. 6.56130384639e-22 0.
1535666661 1 6434.73193359 0. 6.55928172315e-22 0.
1535666721 1 6425.34326172 0. 6.56080902403e-22 0.
1535666781 1 6415.93652344 0. 6.56163697249e-22 0.
1535666841 1 6405.29833984 0. 6.56193629055e-22 0.
1535666901 1 6392.74853516 0. 6.5597149895e-22 0.
1535666962 1 6381.43164062 0. 6.55931125639e-22 0.
1535667022 1 6370.65576172 0. 6.5590650115e-22 0.
1535667082 1 6360.61132812 0. 6.55967486552e-22 0.
1535667141 1 6345.140625 0. 6.55414022624e-22 0.
1535667200 1 6331.81201172 0. 6.55028951282e-22 0.
1535667260 1 6322.95996094 0. 6.55221456979e-22 0.
1535667320 1 6313.26318359 0. 6.55276088008e-22 0.
1535667380 1 6302.86865234 0. 6.55268331005e-22 0.
1535667440 1 6293.79882812 0. 6.55464694527e-22 0.
1535667501 1 6284.03955078 0. 6.55502197185e-22 0.
1535667561 1 6272.66943359 0. 6.55355942466e-22 0.
1535667621 1 6261.63671875 0. 6.55264838779e-22 0.
1535667681 1 6250.03662109 0. 6.55103537337e-22 0.
1535667741 1 6237.13964844 0. 6.54840843964e-22 0.
1535667801 1 6225.57861328 0. 6.54629374149e-22 0.
1535667861 1 6217.19433594 0. 6.54800879781e-22 0.
1535667921 1 6206.97558594 0. 6.54784237092e-22 0.
1535667982 1 6199.41748047 0. 6.55034956283e-22 0.
1535668042 1 6186.48779297 0. 6.54720213136e-22 0.
1535668102 1 6179.33691406 0. 6.55060740069e-22 0.
1535668162 1 6169.52490234 0. 6.55085872892e-22 0.
1535668222 1 6149.77001953 0. 6.5395864857e-22 0.
1535668282 1 6140.91552734 0. 6.54042799955e-22 0.
1535668342 1 6130.328125 0. 6.54001018181e-22 0.
1535668402 1 6124.21386719 0. 6.54358574518e-22 0.
1535668463 1 6116.30273438 0. 6.54547304495e-22 0.
1535668523 1 6107.32226562 0. 6.54623048184e-22 0.
1535668583 1 6098.23046875 0. 6.5470191333e-22 0.
1535668643 1 6086.70019531 0. 6.54477512423e-22 0.
1535668703 1 6073.37597656 0. 6.54019825075e-22 0.
1535668763 1 6064.45166016 0. 6.5412517614e-22 0.
1535668823 1 6054.91699219 0. 6.54120741941e-22 0.
1535668883 1 6046.30957031 0. 6.54232145448e-22 0.
1535668944 1 6037.19677734 0. 6.54233222534e-22 0.
1535669004 1 6025.93310547 0. 6.54092208946e-22 0.
1535669064 1 6017.96337891 0. 6.54208705205e-22 0.
1535669124 1 6007.19824219 0. 6.54127438087e-22 0.
1535669184 1 5909.04394531 0. 6.44420492958e-22 0.
1535669244 1 5756.02099609 0. 6.28389532823e-22 0.
1535669304 1 5934.23046875 0. 6.49246386932e-22 0.
1535669362 1 5979.83447266 0. 6.55248540348e-22 0.
1535669396 1 2750.57080078 0. 3.06255508559e-22 0.
1535669406 1 583.172607422 0. 6.44157475469e-23 0.
1535669415 1 1039.1842041 0. 1.14511106944e-22 0.
1535669423 1 1528.27563477 0. 1.67909570935e-22 0.
1535669432 1 2317.18530273 0. 2.54881353883e-22 0.
1535669441 1 3222.96728516 0. 3.53749541035e-22 0.
1535669449 1 4108.5703125 0. 4.51592572462e-22 0.
1535669458 1 5109.80712891 0. 5.61020252934e-22 0.
1535669466 1 5581.20410156 0. 6.13124881215e-22 0.
1535669475 1 5966.15722656 0. 6.55464047586e-22 0.
1535669484 1 5588.86572266 0. 6.14200167914e-22 0.
1535669492 1 5187.99853516 0. 5.70073734003e-22 0.
1535669501 1 4200.51611328 0. 4.62224218722e-22 0.
1535669509 1 3411.53662109 0. 3.75010140035e-22 0.
1535669517 1 2502.50463867 0. 2.75644318117e-22 0.
1535669526 1 1752.75292969 0. 1.92827528531e-22 0.
1535669534 1 1189.11584473 0. 1.31201452453e-22 0.
1535669543 1 721.825500488 0. 7.97451917787e-23 0.
1535669559 1 3037.37695312 0. 3.37996835816e-22 0.
1535669575 1 954.759460449 0. 1.03973166908e-22 0.
1535669583 1 1489.19909668 0. 1.623284545e-22 0.
1535669591 1 2110.69287109 0. 2.29751488123e-22 0.
1535669600 1 2907.49755859 0. 3.17820770771e-22 0.
1535669608 1 3763.3840332 0. 4.11456205103e-22 0.
1535669616 1 4511.65576172 0. 4.94999856682e-22 0.
1535669624 1 5300.23046875 0. 5.82318797057e-22 0.
1535669633 1 5659.05419922 0. 6.230311713e-22 0.
1535669641 1 5945.88867188 0. 6.55719859457e-22 0.
1535669649 1 5631.17431641 0. 6.21728240446e-22 0.
1535669657 1 5295.18652344 0. 5.8507847574e-22 0.
1535669666 1 4437.60449219 0. 4.90898456905e-22 0.
1535669674 1 3741.83251953 0. 4.13727659262e-22 0.
1535669682 1 2784.80151367 0. 3.08494072743e-22 0.
1535669691 1 2097.4765625 0. 2.32097101787e-22 0.
1535669699 1 1459.2331543 0. 1.61966744674e-22 0.
1535669707 1 944.357116699 0. 1.05000579874e-22 0.
1535669716 1 2709.85595703 0. 3.03387497528e-22 0.
1535669750 1 5930.22070312 0. 6.55657208897e-22 0.
1535669810 1 5923.53466797 0. 6.5584561778e-22 0.
1535669871 1 5915.06445312 0. 6.55794336068e-22 0.
1535669931 1 5909.20654297 0. 6.56001689041e-22 0.
1535669991 1 5903.28466797 0. 6.56287754623e-22 0.
1535670051 1 5891.80371094 0. 6.56019168997e-22 0.
1535670111 1 5881.26171875 0. 6.55974286223e-22 0.
1535670171 1 5871.78369141 0. 6.55949910045e-22 0.
1535670231 1 5864.23828125 0. 6.56125102147e-22 0.
1535670285 1 5857.18603516 0. 6.56229032316e-22 0.
1535670339 1 5847.078125 0. 6.55957577235e-22 0.
1535670399 1 5838.07275391 0. 6.55931513394e-22 0.
1535670460 1 5828.79052734 0. 6.55888060783e-22 0.
1535670520 1 5818.53369141 0. 6.55739017901e-22 0.
1535670580 1 5808.17724609 0. 6.5553451149e-22 0.
1535670640 1 5800.07275391 0. 6.55651073119e-22 0.
1535670700 1 5790.33789062 0. 6.55550015749e-22 0.
1535670760 1 5778.41162109 0. 6.55180909001e-22 0.
1535670820 1 5771.22900391 0. 6.55313642371e-22 0.
1535670880 1 5762.60058594 0. 6.55273651639e-22 0.
1535670940 1 5475.29101562 0. 6.25324132754e-22 0.
1535671000 1 0.171057119966 0. 0.0 0.
