1535741061 1 18296.234375 0. 6.13584910368e-22 0.
1535741118 1 18260.2285156 0. 6.13625610885e-22 0.
1535741162 1 18193.1210938 0. 6.12175107097e-22 0.
1535741200 1 18101.2753906 0. 6.10014107236e-22 0.
1535741252 1 18051.8300781 0. 6.09482393859e-22 0.
1535741293 1 18020.2753906 0. 6.09163143788e-22 0.
1535741334 1 17939.3691406 0. 6.07287184009e-22 0.
1535741394 1 18056.5761719 0. 6.12635614195e-22 0.
1535741455 1 17884.1171875 0. 6.0809348859e-22 0.
1535741515 1 17683.5722656 0. 6.02622285829e-22 0.
1535741571 1 17541.1269531 0. 5.98990690834e-22 0.
1535741628 1 17462.6367188 0. 5.97575618547e-22 0.
1535741689 1 17416.3457031 0. 5.97334384973e-22 0.
1535741749 1 17280.609375 0. 5.93992959873e-22 0.
1535741792 1 17205.0175781 0. 5.92249190598e-22 0.
1535741835 1 17118.015625 0. 5.90171075391e-22 0.
1535741895 1 17024.0429688 0. 5.88180567911e-22 0.
1535741934 1 10648.7216797 0. 3.70173991161e-22 0.
1535741952 1 0.285384982824 0. 1.57157498661e-23 0.
1535741991 1 0.215323254466 0. 0.0 0.
1535742027 1 0.198431313038 0. 0.0 0.
1535742062 1 0.18458481133 0. 0.0 0.
1535742122 1 0.169902920723 0. 0.0 0.
1535742183 1 0.0 0. 0.0 0.
