1535800139 1 18928.5820312 0. 6.35082710248e-22 0.
1535800174 1 18960.1953125 0. 6.36936392894e-22 0.
1535800209 1 18833.2851562 0. 6.33432094168e-22 0.
1535800262 1 18683.5839844 0. 6.29640339204e-22 0.
1535800292 1 18634.7070312 0. 6.28642699894e-22 0.
1535800319 1 18613.5292969 0. 6.28442670877e-22 0.
1535800345 1 18649.3535156 0. 6.30111483806e-22 0.
1535800384 1 18570.3671875 0. 6.28232276896e-22 0.
1535800444 1 18532.5292969 0. 6.28188832978e-22 0.
1535800504 1 18413.3300781 0. 6.25321303386e-22 0.
1535800564 1 18307.6132812 0. 6.2306480023e-22 0.
1535800624 1 18141.8496094 0. 6.18678762457e-22 0.
1535800684 1 18028.3222656 0. 6.1605195485e-22 0.
1535800744 1 17939.2832031 0. 6.1421427916e-22 0.
1535800804 1 17835.84375 0. 6.11869791664e-22 0.
1535800861 1 17710.0996094 0. 6.08629204007e-22 0.
1535800918 1 17620.7324219 0. 6.06651103577e-22 0.
1535800972 1 17596.2011719 0. 6.06843874389e-22 0.
1535801003 1 4824.29150391 0. 1.6715399566e-22 0.
1535801013 1 1266.07116699 0. 4.37967022408e-23 0.
1535801022 1 2416.9987793 0. 8.35868955517e-23 0.
1535801031 1 3834.46264648 0. 1.32534547539e-22 0.
1535801039 1 5648.77832031 0. 1.95320164849e-22 0.
1535801048 1 8387.60253906 0. 2.8983859936e-22 0.
1535801057 1 10570.2001953 0. 3.65487513652e-22 0.
1535801067 1 494.259735107 0. 3.81593584648e-22 0.
1535801095 1 0.213338658214 0. 0.0 0.
1535801147 1 0.0 0. 0.0 0.
