1535856031 1 17849.8730469 0. 5.99877775177e-22 0.
1535856070 1 18465.765625 0. 6.21592712358e-22 0.
1535856096 1 16353.1904297 0. 5.51234211408e-22 0.
1535856134 1 18933.2089844 0. 6.38896698755e-22 0.
1535856186 1 19004.203125 0. 6.42502402703e-22 0.
1535856221 1 18958.4707031 0. 6.41568883041e-22 0.
1535856256 1 18953.890625 0. 6.42352448044e-22 0.
1535856316 1 18928.3144531 0. 6.42712716665e-22 0.
1535856377 1 18877.234375 0. 6.42027601504e-22 0.
1535856412 1 18851.609375 0. 6.41914700621e-22 0.
1535856447 1 18882.2363281 0. 6.43760417974e-22 0.
1535856507 1 18778.7421875 0. 6.41449301131e-22 0.
1535856567 1 18728.6914062 0. 6.41175062558e-22 0.
1535856603 1 18688.3925781 0. 6.40576535707e-22 0.
1535856638 1 18663.9765625 0. 6.40573465359e-22 0.
1535856698 1 18613.9355469 0. 6.40206803016e-22 0.
1535856758 1 18560.6054688 0. 6.39739247189e-22 0.
1535856818 1 18503.1503906 0. 6.39068622167e-22 0.
1535856866 1 18472.5839844 0. 6.39073900604e-22 0.
1535856915 1 18431.9511719 0. 6.38710179812e-22 0.
1535856975 1 18384.2597656 0. 6.38357862552e-22 0.
1535857016 1 18356.6015625 0. 6.38230895521e-22 0.
1535857033 1 5725.75830078 0. 1.99785072274e-22 0.
1535857044 1 1973.97692871 0. 6.87573628329e-23 0.
1535857052 1 3346.69824219 0. 1.16584270453e-22 0.
1535857061 1 5169.20458984 0. 1.79991934746e-22 0.
1535857069 1 7210.43115234 0. 2.51196592496e-22 0.
1535857078 1 10382.8359375 0. 3.61568649914e-22 0.
1535857087 1 12506.9755859 0. 4.35779750604e-22 0.
1535857095 1 15817.6464844 0. 5.51085038972e-22 0.
1535857104 1 17052.2460938 0. 5.94318983702e-22 0.
1535857113 1 18295.4101562 0. 6.37762886015e-22 0.
1535857121 1 17113.6699219 0. 5.96782022731e-22 0.
1535857130 1 16048.3623047 0. 5.5973722373e-22 0.
1535857138 1 12658.6992188 0. 4.41749134358e-22 0.
1535857147 1 10773.9980469 0. 3.75976761332e-22 0.
1535857156 1 7473.38720703 0. 2.60995567024e-22 0.
1535857164 1 5558.87890625 0. 1.94109617746e-22 0.
1535857172 1 3583.68212891 0. 1.25236070137e-22 0.
1535857181 1 2234.46362305 0. 7.80955230618e-23 0.
1535857197 1 5813.70458984 0. 2.03857671733e-22 0.
1535857214 1 1627.7310791 0. 5.71353944986e-23 0.
1535857222 1 2839.92163086 0. 9.96115181428e-23 0.
1535857230 1 4498.78076172 0. 1.57670213354e-22 0.
1535857239 1 6618.77490234 0. 2.31963096265e-22 0.
1535857247 1 9979.875 0. 3.49457454352e-22 0.
1535857256 1 12354.3183594 0. 4.32799680269e-22 0.
1535857264 1 16232.6767578 0. 5.68298644262e-22 0.
1535857272 1 17276.8183594 0. 6.04985762989e-22 0.
1535857281 1 18276.6953125 0. 6.39952252009e-22 0.
1535857289 1 15730.5185547 0. 5.50935409263e-22 0.
1535857298 1 14084.734375 0. 4.93278041047e-22 0.
1535857306 1 9767.8125 0. 3.42371611563e-22 0.
1535857314 1 7574.35351562 0. 2.65419224503e-22 0.
1535857322 1 4724.76806641 0. 1.65775675885e-22 0.
1535857331 1 3074.52636719 0. 1.07890570166e-22 0.
1535857339 1 1889.05200195 0. 6.63680066314e-23 0.
1535857347 1 1023.38195801 0. 3.59980956171e-23 0.
1535857356 1 4039.12304688 0. 1.42224844842e-22 0.
1535857372 1 18178.3691406 0. 6.38103477997e-22 0.
1535857414 1 18165.5957031 0. 6.3849017968e-22 0.
1535857474 1 18091.3222656 0. 6.37030324775e-22 0.
1535857526 1 17871.4277344 0. 6.30275356402e-22 0.
1535857578 1 17684.859375 0. 6.24725968443e-22 0.
1535857638 1 17581.0664062 0. 6.22232738552e-22 0.
1535857698 1 17712.0976562 0. 6.28032312947e-22 0.
1535857733 1 17649.8320312 0. 6.26495540851e-22 0.
1535857768 1 17603.828125 0. 6.25612352967e-22 0.
1535857829 1 17569.7324219 0. 6.25599676092e-22 0.
1535857889 1 17479.9433594 0. 6.23575653913e-22 0.
1535857936 1 17427.453125 0. 6.22603616862e-22 0.
1535857983 1 17345.15625 0. 6.20582832237e-22 0.
1535858043 1 17296.3945312 0. 6.19958810876e-22 0.
1535858103 1 16864.5546875 0. 6.05567897089e-22 0.
1535858163 1 16375.0527344 0. 5.89284657518e-22 0.
1535858224 1 17768.4453125 0. 6.40339941134e-22 0.
1535858284 1 17899.0800781 0. 6.46250177672e-22 0.
1535858344 1 17859.4570312 0. 6.46005738235e-22 0.
1535858404 1 17891.8964844 0. 6.48347764776e-22 0.
1535858439 1 17861.2167969 0. 6.47890242386e-22 0.
1535858474 1 17840.6269531 0. 6.47864206104e-22 0.
1535858534 1 17801.8515625 0. 6.47623652996e-22 0.
1535858595 1 17766.7109375 0. 6.47503706429e-22 0.
1535858655 1 17736.6621094 0. 6.47541950866e-22 0.
1535858715 1 17691.6289062 0. 6.47030989751e-22 0.
1535858775 1 17651.4960938 0. 6.4672322497e-22 0.
1535858835 1 17610.3476562 0. 6.46363169485e-22 0.
1535858895 1 17569.6953125 0. 6.46000869248e-22 0.
1535858956 1 17509.9257812 0. 6.44898843215e-22 0.
1535859016 1 17472.3046875 0. 6.44605339138e-22 0.
1535859076 1 17447.9941406 0. 6.44824292802e-22 0.
1535859136 1 17413.9609375 0. 6.4469718583e-22 0.
1535859196 1 17436.3847656 0. 6.46653994595e-22 0.
1535859256 1 17407.640625 0. 6.46707751105e-22 0.
1535859292 1 17384.609375 0. 6.46474166424e-22 0.
1535859328 1 17341.828125 0. 6.45601615036e-22 0.
1535859388 1 17308.4589844 0. 6.45451811374e-22 0.
1535859448 1 17269.5664062 0. 6.45079910406e-22 0.
1535859508 1 17231.2441406 0. 6.44722892762e-22 0.
1535859568 1 17195.7695312 0. 6.44481432723e-22 0.
1535859603 1 17180.34375 0. 6.44477832143e-22 0.
1535859639 1 16906.1582031 0. 6.34881252534e-22 0.
1535859699 1 16268.5810547 0. 6.11986587231e-22 0.
1535859759 1 16774.390625 0. 6.31974313112e-22 0.
1535859819 1 17086.0761719 0. 6.44792465153e-22 0.
1535859879 1 17049.9726562 0. 6.44482829523e-22 0.
1535859940 1 17020.2773438 0. 6.44426888226e-22 0.
1535860000 1 17038.9472656 0. 6.46195943715e-22 0.
1535860060 1 17015.1660156 0. 6.46385907455e-22 0.
1535860120 1 16981.3769531 0. 6.46148662567e-22 0.
1535860180 1 16944.5292969 0. 6.45816955451e-22 0.
1535860240 1 16904.7539062 0. 6.4537696794e-22 0.
1535860300 1 16874.8105469 0. 6.45261332495e-22 0.
1535860361 1 16834.8789062 0. 6.44739141423e-22 0.
1535860421 1 16797.3515625 0. 6.44345830821e-22 0.
1535860481 1 16755.7363281 0. 6.43795046757e-22 0.
1535860541 1 16716.5410156 0. 6.43344831668e-22 0.
1535860599 1 16685.0195312 0. 6.43110675422e-22 0.
1535860658 1 16636.9609375 0. 6.42256234833e-22 0.
1535860718 1 16598.2265625 0. 6.41797412756e-22 0.
1535860778 1 16569.3125 0. 6.41697304397e-22 0.
1535860838 1 16581.3769531 0. 6.43173083076e-22 0.
1535860899 1 16569.2128906 0. 6.43719360757e-22 0.
1535860959 1 16515.4570312 0. 6.42683820717e-22 0.
1535861019 1 16482.3222656 0. 6.42399226361e-22 0.
1535861079 1 16436.75 0. 6.41630617802e-22 0.
1535861139 1 16400.28125 0. 6.41198603647e-22 0.
1535861199 1 16371.703125 0. 6.41073009962e-22 0.
1535861259 1 16283.8046875 0. 6.38642581634e-22 0.
1535861318 1 16257.9189453 0. 6.38602963126e-22 0.
1535861376 1 16267.2236328 0. 6.39941765063e-22 0.
1535861437 1 16221.5429688 0. 6.3910699472e-22 0.
1535861497 1 16180.7285156 0. 6.38497286833e-22 0.
1535861557 1 16148.1015625 0. 6.38210795837e-22 0.
1535861617 1 16123.6582031 0. 6.38214732231e-22 0.
1535861677 1 16128.203125 0. 6.394211229e-22 0.
1535861737 1 16148.0410156 0. 6.41224030398e-22 0.
1535861797 1 16108.3769531 0. 6.4066049295e-22 0.
1535861857 1 16060.7646484 0. 6.39745913483e-22 0.
1535861917 1 16017.3193359 0. 6.38999362341e-22 0.
1535861978 1 15976.3408203 0. 6.38347973801e-22 0.
1535862038 1 15935.2255859 0. 6.37706094844e-22 0.
1535862098 1 15908.7724609 0. 6.37619914866e-22 0.
1535862158 1 15875.3876953 0. 6.37268969065e-22 0.
1535862218 1 15848.7050781 0. 6.37158850698e-22 0.
1535862269 1 15810.0048828 0. 6.3645222638e-22 0.
1535862321 1 15786.4511719 0. 6.36362911183e-22 0.
1535862372 1 15733.5419922 0. 6.35036177669e-22 0.
1535862424 1 15710.7734375 0. 6.34944436383e-22 0.
1535862484 1 15709.4716797 0. 6.35879893808e-22 0.
1535862545 1 15685.4433594 0. 6.35874607788e-22 0.
1535862605 1 15702.7841797 0. 6.37574975994e-22 0.
1535862665 1 15668.5107422 0. 6.37165922449e-22 0.
1535862725 1 15620.5302734 0. 6.36202950791e-22 0.
1535862785 1 15606.1279297 0. 6.36580393712e-22 0.
1535862846 1 15574.8056641 0. 6.36284985629e-22 0.
1535862906 1 15543.0986328 0. 6.3594323898e-22 0.
1535862966 1 15502.5117188 0. 6.35236841823e-22 0.
1535863026 1 15477.0664062 0. 6.35133307898e-22 0.
1535863086 1 15428.6484375 0. 6.34114412841e-22 0.
1535863146 1 15395.0488281 0. 6.33733739633e-22 0.
1535863206 1 15357.1357422 0. 6.331186722e-22 0.
1535863267 1 14962.4169922 0. 6.177846388e-22 0.
1535863327 1 14409.6054688 0. 5.95831026632e-22 0.
1535863387 1 15445.1855469 0. 6.39654011081e-22 0.
1535863447 1 15406.5458984 0. 6.38991713773e-22 0.
1535863507 1 15378.7773438 0. 6.38764275324e-22 0.
1535863567 1 15360.2929688 0. 6.38951433834e-22 0.
1535863602 1 15402.0380859 0. 6.41218686631e-22 0.
1535863638 1 15390.7988281 0. 6.41377768201e-22 0.
1535863698 1 15359.6064453 0. 6.4103125083e-22 0.
1535863758 1 15330.1875 0. 6.40815388237e-22 0.
1535863818 1 15303.4511719 0. 6.40698249184e-22 0.
1535863878 1 15266.9824219 0. 6.40123083584e-22 0.
1535863938 1 15237.4335938 0. 6.39838172096e-22 0.
1535863999 1 15215.6796875 0. 6.39882853986e-22 0.
1535864059 1 15193.2744141 0. 6.39906044324e-22 0.
1535864119 1 15159.0136719 0. 6.39420139255e-22 0.
1535864179 1 15132.1181641 0. 6.39234802722e-22 0.
1535864239 1 15108.5019531 0. 6.39189856455e-22 0.
1535864299 1 15082.7177734 0. 6.39049205006e-22 0.
1535864359 1 15051.8789062 0. 6.38703765231e-22 0.
1535864419 1 15018.8525391 0. 6.3825821665e-22 0.
1535864480 1 14991.0703125 0. 6.3802707321e-22 0.
1535864540 1 14957.8359375 0. 6.37538778215e-22 0.
1535864600 1 14988.7705078 0. 6.39789877347e-22 0.
1535864660 1 14957.3876953 0. 6.39405929816e-22 0.
1535864720 1 14934.6992188 0. 6.39381472879e-22 0.
1535864780 1 14908.1943359 0. 6.39204072808e-22 0.
1535864840 1 14872.9091797 0. 6.38645045244e-22 0.
1535864900 1 14856.3808594 0. 6.38878247302e-22 0.
1535864952 1 14820.0644531 0. 6.3809094296e-22 0.
1535865004 1 14791.15625 0. 6.37658115021e-22 0.
1535865064 1 14767.2294922 0. 6.37608953951e-22 0.
1535865124 1 14746.4189453 0. 6.37673424734e-22 0.
1535865184 1 14719.9501953 0. 6.37539719467e-22 0.
1535865244 1 14686.4824219 0. 6.37029023984e-22 0.
1535865305 1 14650.5625 0. 6.3639736768e-22 0.
1535865365 1 14627.7177734 0. 6.36339002397e-22 0.
1535865425 1 14595.4189453 0. 6.35874667108e-22 0.
1535865485 1 14553.5058594 0. 6.3497530042e-22 0.
1535865545 1 14524.4189453 0. 6.34605528416e-22 0.
1535865605 1 14569.1367188 0. 6.37533789066e-22 0.
1535865665 1 14532.4394531 0. 6.36883719842e-22 0.
1535865725 1 14506.8398438 0. 6.36678754665e-22 0.
1535865786 1 14484.6855469 0. 6.36661569838e-22 0.
1535865846 1 14463.6005859 0. 6.36688357225e-22 0.
1535865906 1 14440.0615234 0. 6.36627129932e-22 0.
1535865966 1 14412.2441406 0. 6.36325064793e-22 0.
1535866026 1 14378.5888672 0. 6.35792617085e-22 0.
1535866061 1 14360.0263672 0. 6.35500615575e-22 0.
1535866097 1 14348.8408203 0. 6.35595706137e-22 0.
1535866157 1 14310.5263672 0. 6.34800559863e-22 0.
1535866217 1 14263.1064453 0. 6.33608634005e-22 0.
1535866277 1 14250.5742188 0. 6.33993895556e-22 0.
1535866337 1 14225.9404297 0. 6.33813958366e-22 0.
1535866398 1 14198.6201172 0. 6.33508659409e-22 0.
1535866458 1 14176.0117188 0. 6.33451818335e-22 0.
1535866518 1 14150.5478516 0. 6.33225069498e-22 0.
1535866578 1 14178.8925781 0. 6.35436940566e-22 0.
1535866638 1 14151.5400391 0. 6.35135324116e-22 0.
1535866698 1 14127.8291016 0. 6.35011598917e-22 0.
1535866759 1 14102.8095703 0. 6.34818463164e-22 0.
1535866819 1 14071.40625 0. 6.34360916977e-22 0.
1535866879 1 14059.3857422 0. 6.34766039915e-22 0.
1535866939 1 14014.3349609 0. 6.33672217708e-22 0.
1535866999 1 13988.3134766 0. 6.33409164391e-22 0.
1535867059 1 13969.1953125 0. 6.33513825705e-22 0.
1535867119 1 13949.2480469 0. 6.33533365524e-22 0.
1535867179 1 13928.1103516 0. 6.33508668254e-22 0.
1535867224 1 13908.7207031 0. 6.33295903022e-22 0.
1535867254 1 13898.1269531 0. 6.33300459558e-22 0.
1535867301 1 13865.3076172 0. 6.32544048658e-22 0.
1535867361 1 13836.8339844 0. 6.32152112109e-22 0.
1535867421 1 13652.2636719 0. 6.24643642176e-22 0.
1535867481 1 13420.0488281 0. 6.14964436959e-22 0.
1535867541 1 13273.875 0. 6.09130407699e-22 0.
1535867601 1 13799.0683594 0. 6.34192634443e-22 0.
1535867662 1 13770.9912109 0. 6.33826453907e-22 0.
1535867722 1 13773.015625 0. 6.34825182457e-22 0.
1535867782 1 13766.1591797 0. 6.3542024141e-22 0.
1535867842 1 13746.9560547 0. 6.35452121149e-22 0.
1535867903 1 13717.96875 0. 6.35034817681e-22 0.
1535867963 1 13700.6318359 0. 6.35195290541e-22 0.
1535868023 1 13670.4082031 0. 6.34709986664e-22 0.
1535868083 1 13645.4306641 0. 6.34500031386e-22 0.
1535868143 1 13621.6542969 0. 6.34296089908e-22 0.
1535868203 1 13588.9697266 0. 6.33695721816e-22 0.
1535868263 1 13573.1601562 0. 6.33911281484e-22 0.
1535868323 1 13543.9960938 0. 6.33454574556e-22 0.
1535868384 1 13519.640625 0. 6.33222322558e-22 0.
1535868444 1 13498.4560547 0. 6.33157909297e-22 0.
1535868504 1 13456.7255859 0. 6.32094417633e-22 0.
1535868552 1 13440.4990234 0. 6.32079535456e-22 0.
1535868600 1 13430.2138672 0. 6.32325107211e-22 0.
1535868660 1 13459.6132812 0. 6.34618069705e-22 0.
1535868721 1 13432.4794922 0. 6.34284552506e-22 0.
1535868781 1 13407.5400391 0. 6.34028657908e-22 0.
1535868841 1 13383.5234375 0. 6.33814139767e-22 0.
1535868901 1 13361.7802734 0. 6.33710724672e-22 0.
1535868961 1 13337.2060547 0. 6.33460369599e-22 0.
1535869021 1 13313.5957031 0. 6.33246574861e-22 0.
1535869081 1 13286.7431641 0. 6.32888165993e-22 0.
1535869142 1 13261.8017578 0. 6.3260768387e-22 0.
1535869202 1 13241.2001953 0. 6.32543261826e-22 0.
1535869262 1 13213.7460938 0. 6.32147456634e-22 0.
1535869322 1 13178.9755859 0. 6.31396193649e-22 0.
1535869382 1 13144.9589844 0. 6.30648182877e-22 0.
1535869442 1 13124.6279297 0. 6.30595886376e-22 0.
1535869502 1 13113.7919922 0. 6.30972789942e-22 0.
1535869563 1 13092.1064453 0. 6.30831658595e-22 0.
1535869607 1 13088.9902344 0. 6.31362138497e-22 0.
1535869637 1 13087.4082031 0. 6.31728336391e-22 0.
1535869683 1 13048.8212891 0. 6.30571612677e-22 0.
1535869743 1 13053.25 0. 6.3171570764e-22 0.
1535869793 1 13051.3330078 0. 6.32367651808e-22 0.
1535869843 1 13023.6367188 0. 6.31755357255e-22 0.
1535869903 1 12994.6953125 0. 6.3129189051e-22 0.
1535869949 1 12960.5654297 0. 6.3033728132e-22 0.
1535869995 1 12943.7890625 0. 6.30205493008e-22 0.
1535870055 1 12914.0976562 0. 6.29678761578e-22 0.
1535870115 1 12880.3544922 0. 6.28939112716e-22 0.
1535870175 1 12865.8740234 0. 6.29116204241e-22 0.
1535870236 1 12852.2666016 0. 6.29348821702e-22 0.
1535870296 1 12827.4619141 0. 6.29018822807e-22 0.
1535870356 1 12810.9667969 0. 6.29140706675e-22 0.
1535870416 1 12783.8447266 0. 6.28660106422e-22 0.
1535870476 1 12759.0693359 0. 6.2835339939e-22 0.
1535870536 1 12737.7744141 0. 6.28207760266e-22 0.
1535870597 1 12716.8935547 0. 6.2809944189e-22 0.
1535870657 1 12690.9326172 0. 6.27754644229e-22 0.
1535870717 1 12669.0644531 0. 6.27552444829e-22 0.
1535870777 1 12659.6318359 0. 6.28009162858e-22 0.
1535870837 1 12662.5419922 0. 6.29036192806e-22 0.
1535870897 1 12637.0566406 0. 6.28692359176e-22 0.
1535870957 1 12624.0947266 0. 6.28966422186e-22 0.
1535871018 1 12596.9541016 0. 6.28530990128e-22 0.
1535871078 1 12582.3173828 0. 6.28724609807e-22 0.
1535871138 1 12564.3945312 0. 6.2870250542e-22 0.
1535871198 1 12533.1757812 0. 6.28052704264e-22 0.
1535871258 1 12520.6259766 0. 6.28344968394e-22 0.
1535871318 1 12495.0507812 0. 6.27954392871e-22 0.
1535871378 1 12488.9726562 0. 6.28526337483e-22 0.
1535871436 1 12471.8476562 0. 6.28500789346e-22 0.
1535871493 1 12445.6074219 0. 6.28032669399e-22 0.
1535871553 1 12419.0996094 0. 6.27613094901e-22 0.
1535871613 1 12234.5527344 0. 6.19187120852e-22 0.
1535871674 1 12097.0791016 0. 6.13136767762e-22 0.
1535871734 1 11897.2568359 0. 6.03834006434e-22 0.
1535871773 1 8491.75878906 0. 4.40405964736e-22 0.
1535871812 1 0.219449445605 0. 0.0 0.
1535871872 1 0.185927405953 0. 0.0 0.
