1535992789 1 18812.3066406 0. 6.25304061364e-22 0.
1535992828 1 18746.8242188 0. 6.23927591168e-22 0.
1535992866 1 18724.3027344 0. 6.2401681036e-22 0.
1535992926 1 18634.6132812 0. 6.2209063677e-22 0.
1535992975 1 18490.1191406 0. 6.18237191077e-22 0.
1535993023 1 18453.6386719 0. 6.17820386173e-22 0.
1535993083 1 18378.0546875 0. 6.16240916197e-22 0.
1535993143 1 18278.75 0. 6.13976408647e-22 0.
1535993200 1 18147.2792969 0. 6.10461820038e-22 0.
1535993256 1 18055.6640625 0. 6.08462917079e-22 0.
1535993317 1 18120.3164062 0. 6.11777066934e-22 0.
1535993377 1 18099.4296875 0. 6.12199176406e-22 0.
1535993437 1 18011.1425781 0. 6.10345669034e-22 0.
1535993488 1 17938.625 0. 6.08902838185e-22 0.
1535993540 1 17919.7832031 0. 6.09292965886e-22 0.
1535993594 1 17776.4511719 0. 6.05490953074e-22 0.
1535993639 1 17705.8613281 0. 6.03899247433e-22 0.
1535993665 1 5602.18115234 0. 1.91718794219e-22 0.
1535993676 1 1782.13208008 0. 6.08682306818e-23 0.
1535993685 1 3000.06176758 0. 1.02490197013e-22 0.
1535993693 1 4722.73339844 0. 1.61301364083e-22 0.
1535993702 1 6681.23339844 0. 2.28322880809e-22 0.
1535993710 1 9602.20507812 0. 3.28033217527e-22 0.
1535993719 1 11703.7216797 0. 4.00024965107e-22 0.
1535993728 1 14866.0791016 0. 5.08077954895e-22 0.
1535993737 1 16169.21875 0. 5.52804552507e-22 0.
1535993745 1 17605.7929688 0. 6.0202932623e-22 0.
1535993754 1 16795.3945312 0. 5.74445483131e-22 0.
1535993763 1 15952.0292969 0. 5.45694266799e-22 0.
1535993771 1 12970.4003906 0. 4.43902409693e-22 0.
1535993780 1 11134.2519531 0. 3.81041542757e-22 0.
1535993788 1 7864.54882812 0. 2.69298549693e-22 0.
1535993797 1 5991.23046875 0. 2.05113531648e-22 0.
1535993806 1 3874.1628418 0. 1.32725727884e-22 0.
1535993814 1 2525.85571289 0. 8.65310786546e-23 0.
1535993831 1 6283.12060547 0. 2.15853938137e-22 0.
1535993847 1 2211.83544922 0. 7.59379798801e-23 0.
1535993855 1 3633.30444336 0. 1.24741327402e-22 0.
1535993863 1 5727.18164062 0. 1.96540789381e-22 0.
1535993872 1 7943.17529297 0. 2.72705713725e-22 0.
1535993880 1 11604.0996094 0. 3.98165890228e-22 0.
1535993888 1 13766.5136719 0. 4.72554876435e-22 0.
1535993897 1 17191.4472656 0. 5.89992232324e-22 0.
1535993905 1 17606.2167969 0. 6.04356851276e-22 0.
1535993913 1 17726.5332031 0. 6.08576934411e-22 0.
1535993922 1 14556.9560547 0. 4.9997983471e-22 0.
1535993930 1 12653.6064453 0. 4.34610726384e-22 0.
1535993938 1 8523.33789062 0. 2.93026653161e-22 0.
1535993947 1 6384.60400391 0. 2.19458831189e-22 0.
1535993955 1 3842.98120117 0. 1.32223367783e-22 0.
1535993963 1 2471.15332031 0. 8.50349817712e-23 0.
1535993972 1 1533.65966797 0. 5.28135844868e-23 0.
1535993980 1 848.575012207 0. 2.92389557089e-23 0.
1535993989 1 3674.58642578 0. 1.26794889699e-22 0.
1535994002 1 17614.09375 0. 6.06053351412e-22 0.
1535994034 1 17460.3222656 0. 6.01290367939e-22 0.
1535994088 1 17290.6660156 0. 5.96302473904e-22 0.
1535994148 1 17296.9589844 0. 5.97485833547e-22 0.
1535994208 1 17333.2617188 0. 5.99689523714e-22 0.
1535994267 1 17225.8535156 0. 5.9695692535e-22 0.
1535994325 1 17222.3691406 0. 5.97817388385e-22 0.
1535994385 1 17145.9394531 0. 5.96138894306e-22 0.
1535994445 1 16745.8066406 0. 5.83166270219e-22 0.
1535994506 1 16706.4296875 0. 5.82822851678e-22 0.
1535994566 1 17745.9667969 0. 6.19969047141e-22 0.
1535994626 1 18072.5117188 0. 6.32405166297e-22 0.
1535994686 1 18032.6621094 0. 6.3206449357e-22 0.
1535994746 1 17997.2363281 0. 6.31846270726e-22 0.
1535994806 1 17951.1152344 0. 6.31258746567e-22 0.
1535994867 1 17916.6699219 0. 6.31047071217e-22 0.
1535994927 1 17866.2539062 0. 6.30294283757e-22 0.
1535994987 1 17816.8476562 0. 6.2956321186e-22 0.
1535995047 1 17799.2539062 0. 6.29936868376e-22 0.
1535995107 1 17846.9804688 0. 6.32655830712e-22 0.
1535995167 1 17805.7070312 0. 6.32219599352e-22 0.
1535995227 1 17773.21875 0. 6.32093039694e-22 0.
1535995287 1 17735.421875 0. 6.31798359915e-22 0.
1535995348 1 17682.0429688 0. 6.30907881332e-22 0.
1535995408 1 17631.2578125 0. 6.30107234207e-22 0.
1535995468 1 17606.0957031 0. 6.30248409127e-22 0.
1535995528 1 17553.4785156 0. 6.29350925043e-22 0.
1535995588 1 17513.2539062 0. 6.2892419549e-22 0.
1535995648 1 17495.6875 0. 6.29285640982e-22 0.
1535995683 1 17476.8378906 0. 6.29149052996e-22 0.
1535995699 1 17459.0761719 0. 6.28759900526e-22 0.
1535995739 1 17429.0800781 0. 6.283619459e-22 0.
1535995799 1 17377.5390625 0. 6.27498602927e-22 0.
1535995859 1 17349.0410156 0. 6.27459810744e-22 0.
1535995919 1 17362.4667969 0. 6.28967242682e-22 0.
1535995979 1 17346.8417969 0. 6.29431298383e-22 0.
1535996039 1 17301.3847656 0. 6.28788704787e-22 0.
1535996099 1 17250.7167969 0. 6.27924115208e-22 0.
1535996160 1 17207.9785156 0. 6.27319204587e-22 0.
1535996220 1 17195.5527344 0. 6.2787292053e-22 0.
1535996280 1 17145.2265625 0. 6.27025734059e-22 0.
1535996340 1 17107.5195312 0. 6.26639969982e-22 0.
1535996400 1 17088.8359375 0. 6.26970334491e-22 0.
1535996460 1 17031.5410156 0. 6.25811193423e-22 0.
1535996500 1 16975.2636719 0. 6.2436315071e-22 0.
1535996515 1 16920.0644531 0. 6.22582325307e-22 0.
1535996551 1 16969.9433594 0. 6.25018581999e-22 0.
1535996611 1 16912.6621094 0. 6.2382735793e-22 0.
1535996671 1 16889.0664062 0. 6.2391607822e-22 0.
1535996731 1 16904.8632812 0. 6.25469320141e-22 0.
1535996791 1 16876.3808594 0. 6.2539076777e-22 0.
1535996851 1 16840.7578125 0. 6.25022002481e-22 0.
1535996908 1 16799.7070312 0. 6.24425748337e-22 0.
1535996964 1 16772.578125 0. 6.2432634662e-22 0.
1535997024 1 16720.9003906 0. 6.23390069253e-22 0.
1535997084 1 16679.2714844 0. 6.22795638076e-22 0.
1535997145 1 16660.8066406 0. 6.230296417e-22 0.
1535997205 1 16396.125 0. 6.14068084042e-22 0.
1535997265 1 15992.5410156 0. 5.99896478713e-22 0.
1535997325 1 16053.6035156 0. 6.0308246977e-22 0.
1535997385 1 16672.8632812 0. 6.27274390188e-22 0.
1535997445 1 16659.7285156 0. 6.27725557886e-22 0.
1535997480 1 16649.1269531 0. 6.27868085753e-22 0.
1535997516 1 16615.390625 0. 6.27209120193e-22 0.
1535997576 1 16568.1894531 0. 6.26362408308e-22 0.
1535997636 1 16558.0136719 0. 6.26926325507e-22 0.
1535997696 1 16567.3183594 0. 6.28204405407e-22 0.
1535997756 1 16545.2207031 0. 6.28363538365e-22 0.
1535997816 1 16506.4609375 0. 6.27868011333e-22 0.
1535997876 1 16465.7207031 0. 6.27274149698e-22 0.
1535997936 1 16446.0722656 0. 6.27481007217e-22 0.
1535997997 1 16407.9765625 0. 6.26979873624e-22 0.
1535998057 1 16370.0986328 0. 6.26459279674e-22 0.
1535998117 1 16363.1933594 0. 6.27146880628e-22 0.
1535998158 1 16332.4433594 0. 6.26604608754e-22 0.
1535998200 1 16295.6679688 0. 6.25880403543e-22 0.
1535998260 1 16270.2402344 0. 6.25818720608e-22 0.
1535998321 1 16235.1064453 0. 6.25435204515e-22 0.
1535998381 1 16203.9335938 0. 6.25167872535e-22 0.
1535998441 1 16174.8339844 0. 6.24971697633e-22 0.
1535998501 1 16152.265625 0. 6.25054862304e-22 0.
1535998561 1 16166.0195312 0. 6.26528515864e-22 0.
1535998621 1 16153.2333984 0. 6.26995993007e-22 0.
1535998681 1 16120.2861328 0. 6.26650528556e-22 0.
1535998741 1 16067.3066406 0. 6.25556825753e-22 0.
1535998801 1 16037.2607422 0. 6.25295374411e-22 0.
1535998862 1 16007.6875 0. 6.25108484982e-22 0.
1535998922 1 15958.1279297 0. 6.24075543338e-22 0.
1535998982 1 15941.5810547 0. 6.24392838388e-22 0.
1535999022 1 15924.1347656 0. 6.24296350144e-22 0.
1535999062 1 15913.8388672 0. 6.24543388603e-22 0.
1535999119 1 15862.2587891 0. 6.23387884525e-22 0.
1535999176 1 15832.5556641 0. 6.2312596432e-22 0.
1535999211 1 15807.6386719 0. 6.22652833793e-22 0.
1535999246 1 15806.4140625 0. 6.23211836317e-22 0.
1535999306 1 15784.9199219 0. 6.23243389219e-22 0.
1535999366 1 15733.5019531 0. 6.2212434141e-22 0.
1535999426 1 15723.5087891 0. 6.22673871219e-22 0.
1535999487 1 15692.8007812 0. 6.22391835973e-22 0.
1535999547 1 15707.9462891 0. 6.23934157894e-22 0.
1535999607 1 15675.3134766 0. 6.23575254124e-22 0.
1535999667 1 15621.4345703 0. 6.2236853666e-22 0.
1535999727 1 15606.515625 0. 6.22661711021e-22 0.
1535999788 1 15562.6689453 0. 6.21803186663e-22 0.
1535999848 1 15563.4335938 0. 6.2279113364e-22 0.
1535999908 1 15532.8515625 0. 6.22469860963e-22 0.
1535999968 1 15529.0625 0. 6.23251770809e-22 0.
1536000028 1 15471.3017578 0. 6.21852531458e-22 0.
1536000088 1 15453.1328125 0. 6.2200503466e-22 0.
1536000148 1 15411.8066406 0. 6.21263561263e-22 0.
1536000185 1 15392.6064453 0. 6.2101724284e-22 0.
1536000221 1 15364.0585938 0. 6.20472594451e-22 0.
1536000282 1 15339.1611328 0. 6.20376941964e-22 0.
1536000342 1 15280.4726562 0. 6.188986485e-22 0.
1536000402 1 15252.3076172 0. 6.18677278406e-22 0.
1536000462 1 15249.1904297 0. 6.19450532593e-22 0.
1536000523 1 15253.1777344 0. 6.20512014527e-22 0.
1536000583 1 15264.7363281 0. 6.21875236925e-22 0.
1536000643 1 15207.8574219 0. 6.20476024444e-22 0.
1536000703 1 15190.4638672 0. 6.20674642314e-22 0.
1536000763 1 15154.2158203 0. 6.20141544131e-22 0.
1536000823 1 15110.8359375 0. 6.19299418312e-22 0.
1536000883 1 15087.7714844 0. 6.19226524719e-22 0.
1536000919 1 15066.640625 0. 6.18879733405e-22 0.
1536000954 1 15034.1015625 0. 6.18113917366e-22 0.
1536001014 1 15001.0615234 0. 6.17625601675e-22 0.
1536001072 1 14971.4111328 0. 6.17256417628e-22 0.
1536001130 1 14905.9082031 0. 6.15426680129e-22 0.
1536001190 1 14871.1914062 0. 6.1488847377e-22 0.
1536001226 1 14889.8603516 0. 6.16144537834e-22 0.
1536001261 1 14879.6337891 0. 6.16282234459e-22 0.
1536001321 1 14845.8466797 0. 6.1576644075e-22 0.
1536001381 1 14808.9023438 0. 6.15072445471e-22 0.
1536001442 1 14789.7285156 0. 6.15158048238e-22 0.
1536001502 1 14794.2958984 0. 6.16261362572e-22 0.
1536001562 1 14748.6611328 0. 6.15254232377e-22 0.
1536001622 1 14726.4755859 0. 6.15217854226e-22 0.
1536001661 1 14710.4628906 0. 6.1509331474e-22 0.
1536001701 1 14684.6650391 0. 6.14635945126e-22 0.
1536001761 1 14660.3066406 0. 6.14483917684e-22 0.
1536001821 1 14626.1005859 0. 6.13931200376e-22 0.
1536001881 1 14591.0976562 0. 6.13363988318e-22 0.
1536001941 1 14572.3632812 0. 6.13453352043e-22 0.
1536002002 1 14536.9140625 0. 6.12840431306e-22 0.
1536002062 1 14499.2041016 0. 6.1213255365e-22 0.
1536002122 1 14476.0966797 0. 6.12028469877e-22 0.
1536002182 1 14426.0410156 0. 6.10769976088e-22 0.
1536002217 1 14352.0361328 0. 6.08100338146e-22 0.
1536002252 1 14421.0361328 0. 6.11609335562e-22 0.
1536002313 1 14393.8369141 0. 6.11309407232e-22 0.
1536002373 1 14381.9072266 0. 6.11656964172e-22 0.
1536002433 1 14366.2783203 0. 6.11876954077e-22 0.
1536002493 1 14370.3076172 0. 6.129379928e-22 0.
1536002553 1 14365.0703125 0. 6.13563342818e-22 0.
1536002613 1 14309.5224609 0. 6.12076377061e-22 0.
1536002673 1 14132.0 0. 6.05375447275e-22 0.
1536002734 1 13196.4550781 0. 5.66231878444e-22 0.
1536002794 1 13523.4082031 0. 5.80998116574e-22 0.
1536002854 1 14506.1953125 0. 6.24103559025e-22 0.
1536002914 1 14480.1357422 0. 6.23848362129e-22 0.
1536002974 1 14454.6123047 0. 6.23653410029e-22 0.
1536003035 1 14433.6337891 0. 6.23649130554e-22 0.
1536003095 1 14403.4902344 0. 6.23233758904e-22 0.
1536003155 1 14377.4335938 0. 6.22997973625e-22 0.
1536003215 1 14354.8779297 0. 6.22894070348e-22 0.
1536003275 1 14334.6445312 0. 6.2289617543e-22 0.
1536003335 1 14309.0087891 0. 6.22680481657e-22 0.
1536003396 1 14284.5771484 0. 6.22467616927e-22 0.
1536003456 1 14259.1904297 0. 6.22232912568e-22 0.
1536003516 1 14230.8710938 0. 6.2190011565e-22 0.
1536003576 1 14225.7509766 0. 6.22533505508e-22 0.
1536003636 1 14233.4912109 0. 6.23770541888e-22 0.
1536003696 1 14204.2587891 0. 6.23383987327e-22 0.
1536003757 1 14181.3632812 0. 6.23275450155e-22 0.
1536003817 1 14154.5410156 0. 6.22991976074e-22 0.
1536003877 1 14131.5146484 0. 6.22835467938e-22 0.
1536003937 1 14112.1425781 0. 6.22869405523e-22 0.
1536003997 1 14078.9736328 0. 6.22309259638e-22 0.
1536004057 1 14052.5957031 0. 6.22015870286e-22 0.
1536004118 1 14020.9375 0. 6.21480388994e-22 0.
1536004178 1 14006.2822266 0. 6.21712891893e-22 0.
1536004238 1 13978.6181641 0. 6.21333118105e-22 0.
1536004274 1 13962.0439453 0. 6.21141104431e-22 0.
1536004311 1 13939.0517578 0. 6.20672361447e-22 0.
1536004371 1 13903.1884766 0. 6.19928255765e-22 0.
1536004431 1 13886.8896484 0. 6.20073445833e-22 0.
1536004491 1 13872.640625 0. 6.20332489098e-22 0.
1536004552 1 13864.7871094 0. 6.20841928596e-22 0.
1536004612 1 13877.2363281 0. 6.22317674531e-22 0.
1536004672 1 13846.8681641 0. 6.21848271983e-22 0.
1536004732 1 13821.703125 0. 6.21575615053e-22 0.
1536004792 1 13791.2421875 0. 6.21065817331e-22 0.
1536004852 1 13771.5605469 0. 6.21072243732e-22 0.
1536004912 1 13743.8759766 0. 6.2069688808e-22 0.
1536004972 1 13709.8896484 0. 6.20014869636e-22 0.
1536005033 1 13687.8857422 0. 6.19912480738e-22 0.
1536005093 1 13665.1728516 0. 6.19756689358e-22 0.
1536005153 1 13646.6132812 0. 6.1980212919e-22 0.
1536005213 1 13632.1123047 0. 6.20028362303e-22 0.
1536005273 1 13606.6914062 0. 6.19740300339e-22 0.
1536005333 1 13580.0039062 0. 6.19373849814e-22 0.
1536005393 1 13558.5263672 0. 6.19269831518e-22 0.
1536005453 1 13533.4453125 0. 6.18987437681e-22 0.
1536005514 1 13506.0371094 0. 6.18622758196e-22 0.
1536005569 1 13499.7509766 0. 6.19127093891e-22 0.
1536005624 1 13502.3525391 0. 6.20056589949e-22 0.
1536005684 1 13503.5800781 0. 6.20994118069e-22 0.
1536005744 1 13484.34375 0. 6.20968503169e-22 0.
1536005804 1 13454.5898438 0. 6.20500655441e-22 0.
1536005865 1 13423.984375 0. 6.19999345831e-22 0.
1536005925 1 13398.1660156 0. 6.19650498067e-22 0.
1536005985 1 13374.0302734 0. 6.19402370185e-22 0.
1536006045 1 13347.9023438 0. 6.19042476367e-22 0.
1536006105 1 13325.4443359 0. 6.18865519889e-22 0.
1536006165 1 13306.1308594 0. 6.18853157975e-22 0.
1536006225 1 13281.8681641 0. 6.18596522143e-22 0.
1536006286 1 13265.609375 0. 6.18690945239e-22 0.
1536006346 1 13246.4316406 0. 6.18684645713e-22 0.
1536006406 1 13213.8759766 0. 6.18011665078e-22 0.
1536006466 1 13202.2597656 0. 6.18344137136e-22 0.
1536006526 1 13176.9121094 0. 6.18004939595e-22 0.
1536006587 1 13147.1826172 0. 6.17446845786e-22 0.
1536006647 1 13123.4589844 0. 6.17186032239e-22 0.
1536006707 1 13078.1162109 0. 6.15891964695e-22 0.
1536006767 1 13152.3144531 0. 6.20294857707e-22 0.
1536006827 1 13119.1171875 0. 6.19621759723e-22 0.
1536006888 1 13092.9697266 0. 6.19270652173e-22 0.
1536006948 1 13073.7060547 0. 6.19238253325e-22 0.
1536007008 1 13049.4570312 0. 6.18947857714e-22 0.
1536007066 1 13030.4248047 0. 6.18901589879e-22 0.
1536007125 1 13007.9199219 0. 6.18681827483e-22 0.
1536007186 1 12992.3203125 0. 6.18792670909e-22 0.
1536007246 1 12973.8623047 0. 6.18795271824e-22 0.
1536007306 1 12952.3251953 0. 6.1863135624e-22 0.
1536007366 1 12925.8300781 0. 6.18240829406e-22 0.
1536007426 1 12899.5791016 0. 6.17825755091e-22 0.
1536007486 1 12873.78125 0. 6.1747560372e-22 0.
1536007546 1 12851.9189453 0. 6.17248249148e-22 0.
1536007607 1 12833.6542969 0. 6.17224490013e-22 0.
1536007667 1 12815.6298828 0. 6.17216814743e-22 0.
1536007727 1 12795.5664062 0. 6.17100925917e-22 0.
1536007787 1 12770.4785156 0. 6.16745858201e-22 0.
1536007847 1 12754.7119141 0. 6.16849596956e-22 0.
1536007908 1 12770.9482422 0. 6.18451812686e-22 0.
1536007968 1 12449.2480469 0. 6.03722266536e-22 0.
1536008028 1 12152.3789062 0. 5.90174963565e-22 0.
1536008088 1 12749.1455078 0. 6.20016325257e-22 0.
1536008148 1 12742.9179688 0. 6.20550977418e-22 0.
1536008208 1 12721.546875 0. 6.20369302779e-22 0.
1536008269 1 12695.0986328 0. 6.19968624035e-22 0.
1536008329 1 12675.4160156 0. 6.19864160566e-22 0.
1536008389 1 12650.4082031 0. 6.19497443281e-22 0.
1536008441 1 12642.0751953 0. 6.19813503479e-22 0.
1536008494 1 12621.6865234 0. 6.19558210814e-22 0.
1536008554 1 12603.4775391 0. 6.19508348642e-22 0.
1536008614 1 12579.390625 0. 6.1919546757e-22 0.
1536008674 1 12560.5273438 0. 6.19104894541e-22 0.
1536008734 1 12541.3496094 0. 6.19022098501e-22 0.
1536008795 1 12516.2714844 0. 6.18619950549e-22 0.
1536008838 1 12500.4775391 0. 6.18468124103e-22 0.
1536008882 1 12483.2519531 0. 6.18241596723e-22 0.
1536008943 1 12460.4501953 0. 6.17969745753e-22 0.
1536009003 1 12444.1347656 0. 6.18033594573e-22 0.
1536009063 1 12467.1464844 0. 6.20037176193e-22 0.
1536009123 1 12452.5283203 0. 6.2013899609e-22 0.
1536009183 1 12429.6337891 0. 6.19871455925e-22 0.
1536009243 1 12405.7392578 0. 6.19534994515e-22 0.
1536009303 1 12379.4433594 0. 6.1910106046e-22 0.
1536009363 1 12359.8496094 0. 6.18992557134e-22 0.
1536009424 1 12344.0742188 0. 6.19059306898e-22 0.
1536009484 1 12321.8662109 0. 6.18804652643e-22 0.
1536009544 1 12298.6142578 0. 6.18500349199e-22 0.
1536009604 1 12270.2138672 0. 6.17940102701e-22 0.
1536009664 1 12255.9853516 0. 6.18078982779e-22 0.
1536009724 1 12237.8662109 0. 6.18017316583e-22 0.
1536009784 1 12221.4814453 0. 6.18045089828e-22 0.
1536009844 1 12200.3066406 0. 6.17856071569e-22 0.
1536009885 1 12185.1757812 0. 6.17626520597e-22 0.
1536009917 1 12177.890625 0. 6.17736848388e-22 0.
1536009969 1 12164.5107422 0. 6.17784229498e-22 0.
1536010029 1 12135.7509766 0. 6.17168941566e-22 0.
1536010089 1 12142.25 0. 6.18368744838e-22 0.
1536010150 1 12146.6318359 0. 6.19446763337e-22 0.
1536010210 1 12121.1972656 0. 6.19004532971e-22 0.
1536010270 1 12101.3847656 0. 6.18849559677e-22 0.
1536010330 1 12090.3427734 0. 6.19150509865e-22 0.
1536010381 1 12066.3164062 0. 6.18672956427e-22 0.
1536010431 1 12053.8251953 0. 6.18736438913e-22 0.
1536010474 1 12035.4970703 0. 6.18398816693e-22 0.
1536010516 1 12026.7431641 0. 6.18575560764e-22 0.
1536010576 1 12003.4208984 0. 6.18231665564e-22 0.
1536010637 1 11980.3457031 0. 6.17872711672e-22 0.
1536010697 1 11956.4365234 0. 6.17483217142e-22 0.
1536010757 1 11939.6191406 0. 6.17434775596e-22 0.
1536010817 1 11928.3701172 0. 6.17702662255e-22 0.
1536010877 1 11913.5449219 0. 6.17762135501e-22 0.
1536010937 1 11892.1435547 0. 6.17503911949e-22 0.
1536010997 1 11870.7871094 0. 6.17246548999e-22 0.
1536011058 1 11848.2011719 0. 6.16911723731e-22 0.
1536011118 1 11829.0996094 0. 6.16798719722e-22 0.
1536011178 1 11794.1601562 0. 6.15820396147e-22 0.
1536011238 1 11777.6914062 0. 6.15796262631e-22 0.
1536011275 1 11798.9375 0. 6.17366245113e-22 0.
1536011311 1 11813.7236328 0. 6.18724978564e-22 0.
1536011371 1 11790.5830078 0. 6.18367030894e-22 0.
1536011431 1 11770.171875 0. 6.18135881452e-22 0.
1536011492 1 11751.5517578 0. 6.17999281038e-22 0.
1536011552 1 11729.5117188 0. 6.17689881448e-22 0.
1536011612 1 11703.9658203 0. 6.17204552631e-22 0.
1536011672 1 11683.5478516 0. 6.16990699614e-22 0.
1536011732 1 11656.5078125 0. 6.16379131538e-22 0.
1536011792 1 11650.3310547 0. 6.16885026433e-22 0.
1536011853 1 11625.1435547 0. 6.16424159394e-22 0.
1536011913 1 11608.2324219 0. 6.1635968879e-22 0.
1536011972 1 11591.6953125 0. 6.1627985753e-22 0.
1536012031 1 11566.734375 0. 6.15776675665e-22 0.
1536012091 1 11529.2685547 0. 6.14634912602e-22 0.
1536012151 1 11520.9355469 0. 6.15028764095e-22 0.
1536012212 1 11510.4394531 0. 6.15304997741e-22 0.
1536012272 1 11496.8164062 0. 6.15424072939e-22 0.
1536012332 1 11481.0273438 0. 6.15433794963e-22 0.
1536012392 1 11455.3037109 0. 6.14856933197e-22 0.
1536012452 1 11452.9150391 0. 6.15570942056e-22 0.
1536012512 1 11466.4453125 0. 6.17146735263e-22 0.
1536012572 1 11448.7304688 0. 6.17031720635e-22 0.
1536012633 1 11430.6806641 0. 6.1686551682e-22 0.
1536012693 1 11409.9238281 0. 6.16590244011e-22 0.
1536012753 1 11390.8710938 0. 6.1642289703e-22 0.
1536012813 1 11374.0185547 0. 6.16345487411e-22 0.
1536012873 1 11357.8945312 0. 6.16290508178e-22 0.
1536012933 1 11330.3994141 0. 6.15636161302e-22 0.
1536012993 1 11318.7177734 0. 6.15810827458e-22 0.
1536013053 1 11303.0751953 0. 6.15767375096e-22 0.
1536013114 1 11293.5175781 0. 6.16123981842e-22 0.
1536013174 1 11273.4443359 0. 6.1584030652e-22 0.
1536013234 1 11252.171875 0. 6.155367635e-22 0.
1536013294 1 11236.4140625 0. 6.15506298695e-22 0.
1536013354 1 11221.3652344 0. 6.15518882339e-22 0.
1536013414 1 11198.7763672 0. 6.1512391213e-22 0.
1536013474 1 11187.0332031 0. 6.1529828107e-22 0.
1536013534 1 11164.4179688 0. 6.14913357831e-22 0.
1536013595 1 11144.4765625 0. 6.14665118648e-22 0.
1536013655 1 11132.0625 0. 6.14803873651e-22 0.
1536013715 1 11116.2871094 0. 6.14753320437e-22 0.
1536013750 1 11152.453125 0. 6.17187501227e-22 0.
1536013785 1 11134.3095703 0. 6.16729424143e-22 0.
1536013846 1 11113.7509766 0. 6.16421098094e-22 0.
1536013906 1 11095.9736328 0. 6.16280722574e-22 0.
1536013966 1 11072.3544922 0. 6.15782731659e-22 0.
1536014026 1 11061.5869141 0. 6.16041549773e-22 0.
1536014086 1 11050.4990234 0. 6.16275157482e-22 0.
1536014134 1 11036.9199219 0. 6.16165910038e-22 0.
1536014181 1 11021.6982422 0. 6.15981662245e-22 0.
1536014242 1 11004.9140625 0. 6.15871293486e-22 0.
1536014302 1 10988.5791016 0. 6.15769641584e-22 0.
1536014362 1 10958.4951172 0. 6.14913786711e-22 0.
1536014422 1 10938.2753906 0. 6.14618354589e-22 0.
1536014482 1 10926.4228516 0. 6.14798598605e-22 0.
1536014542 1 10902.6855469 0. 6.1430638147e-22 0.
1536014602 1 10898.9042969 0. 6.14933127065e-22 0.
1536014663 1 10883.0166016 0. 6.14862091118e-22 0.
1536014723 1 10862.4951172 0. 6.14527643658e-22 0.
1536014783 1 10844.8955078 0. 6.14356816052e-22 0.
1536014843 1 10834.1513672 0. 6.14576946e-22 0.
1536014903 1 10809.7460938 0. 6.14028595065e-22 0.
1536014963 1 10813.6689453 0. 6.15074200725e-22 0.
1536015023 1 10817.1552734 0. 6.16125809165e-22 0.
1536015084 1 10798.1425781 0. 6.15893364112e-22 0.
1536015144 1 10774.9384766 0. 6.1537986092e-22 0.
1536015204 1 10760.2490234 0. 6.15380140195e-22 0.
1536015264 1 10742.203125 0. 6.15192189919e-22 0.
1536015324 1 10723.0234375 0. 6.14906216343e-22 0.
1536015384 1 10717.3662109 0. 6.15396441854e-22 0.
1536015445 1 10696.6416016 0. 6.15037624059e-22 0.
1536015505 1 10677.6972656 0. 6.1477355343e-22 0.
1536015565 1 10660.453125 0. 6.14597190854e-22 0.
1536015625 1 10646.2685547 0. 6.14611302245e-22 0.
1536015685 1 10624.9345703 0. 6.14201379783e-22 0.
1536015742 1 10600.5097656 0. 6.13576617155e-22 0.
1536015800 1 10591.3369141 0. 6.13834008765e-22 0.
1536015860 1 10576.5351562 0. 6.13819124243e-22 0.
1536015920 1 10562.9375 0. 6.13849921558e-22 0.
1536015981 1 10554.2177734 0. 6.14158525008e-22 0.
1536016041 1 10536.5771484 0. 6.1395469987e-22 0.
1536016101 1 10518.5859375 0. 6.13743445408e-22 0.
1536016161 1 10502.3369141 0. 6.13606204794e-22 0.
1536016221 1 10474.3203125 0. 6.12791740697e-22 0.
1536016281 1 10508.6259766 0. 6.15642872857e-22 0.
1536016341 1 10483.6035156 0. 6.15005890795e-22 0.
1536016402 1 10463.7939453 0. 6.14674515028e-22 0.
1536016462 1 10450.6494141 0. 6.1473867847e-22 0.
1536016522 1 10434.2177734 0. 6.14610183005e-22 0.
1536016582 1 10303.8769531 0. 6.07734645858e-22 0.
1536016642 1 10103.6923828 0. 5.96723192746e-22 0.
1536016702 1 10094.7304688 0. 5.969814813e-22 0.
1536016762 1 10403.0332031 0. 6.1602091098e-22 0.
1536016823 1 10390.109375 0. 6.16089239783e-22 0.
1536016883 1 10372.7695312 0. 6.15889741755e-22 0.
1536016943 1 10355.9726562 0. 6.1572016971e-22 0.
1536017003 1 10341.8632812 0. 6.15727211797e-22 0.
1536017063 1 10326.7871094 0. 6.15632673267e-22 0.
1536017123 1 10307.8662109 0. 6.15286489625e-22 0.
1536017183 1 10291.1445312 0. 6.15115984476e-22 0.
1536017243 1 10275.2294922 0. 6.14983148248e-22 0.
1536017304 1 10257.0419922 0. 6.14713750888e-22 0.
1536017364 1 10243.0195312 0. 6.14687641065e-22 0.
1536017424 1 10230.2421875 0. 6.14711783536e-22 0.
1536017484 1 10217.4306641 0. 6.14757175228e-22 0.
1536017544 1 10225.65625 0. 6.16113038578e-22 0.
1536017604 1 10226.546875 0. 6.17002671942e-22 0.
1536017664 1 10210.2333984 0. 6.16872467391e-22 0.
1536017724 1 10189.4423828 0. 6.16420480595e-22 0.
1536017785 1 10175.8173828 0. 6.16414890622e-22 0.
1536017845 1 10155.6708984 0. 6.16022802788e-22 0.
1536017905 1 10136.0986328 0. 6.15648924323e-22 0.
1536017965 1 10121.5107422 0. 6.15583356702e-22 0.
1536018025 1 10106.8291016 0. 6.15541500433e-22 0.
1536018086 1 10092.4013672 0. 6.15489346452e-22 0.
1536018146 1 10072.8671875 0. 6.1509240311e-22 0.
1536018206 1 10058.3701172 0. 6.1504427526e-22 0.
1536018266 1 10045.3251953 0. 6.15061689581e-22 0.
1536018326 1 10025.8691406 0. 6.14680827049e-22 0.
1536018386 1 10011.6728516 0. 6.14613260231e-22 0.
1536018447 1 9994.99511719 0. 6.14423336911e-22 0.
1536018507 1 9976.79003906 0. 6.1410431255e-22 0.
1536018567 1 9962.22265625 0. 6.14036012567e-22 0.
1536018627 1 9948.60839844 0. 6.14037737343e-22 0.
1536018687 1 9936.87109375 0. 6.14130465335e-22 0.
1536018747 1 9922.68554688 0. 6.14045722265e-22 0.
1536018804 1 9933.26269531 0. 6.15462963162e-22 0.
1536018861 1 9927.34375 0. 6.15900888606e-22 0.
1536018921 1 9913.3046875 0. 6.15877930418e-22 0.
1536018981 1 9897.92089844 0. 6.15752715233e-22 0.
1536019042 1 9885.05761719 0. 6.15770211927e-22 0.
1536019102 1 9867.79785156 0. 6.15499852318e-22 0.
1536019162 1 9850.19140625 0. 6.15227513408e-22 0.
1536019222 1 9834.63183594 0. 6.15052274439e-22 0.
1536019282 1 9823.57617188 0. 6.15184836574e-22 0.
1536019342 1 9808.14648438 0. 6.15060782943e-22 0.
1536019402 1 9793.76269531 0. 6.14959286444e-22 0.
1536019462 1 9777.828125 0. 6.14782593712e-22 0.
1536019522 1 9765.27050781 0. 6.14762062529e-22 0.
1536019583 1 9749.16503906 0. 6.14588095531e-22 0.
1536019643 1 9732.47460938 0. 6.14377454097e-22 0.
1536019703 1 9719.87109375 0. 6.14375756478e-22 0.
1536019763 1 9707.77148438 0. 6.14541389256e-22 0.
1536019813 1 9690.83105469 0. 6.14018442411e-22 0.
1536019864 1 9677.97167969 0. 6.13842936552e-22 0.
1536019924 1 9664.37402344 0. 6.1379234201e-22 0.
1536019984 1 9652.94628906 0. 6.13889545719e-22 0.
1536020044 1 9636.91894531 0. 6.13680156433e-22 0.
1536020098 1 9626.875 0. 6.13738455265e-22 0.
1536020152 1 9609.90039062 0. 6.13371713758e-22 0.
1536020212 1 9619.45996094 0. 6.14773710327e-22 0.
1536020272 1 9611.47558594 0. 6.15079238773e-22 0.
1536020332 1 9599.93066406 0. 6.1520435067e-22 0.
1536020392 1 9584.11132812 0. 6.14994992881e-22 0.
1536020453 1 9569.76074219 0. 6.14898555314e-22 0.
1536020513 1 9554.85449219 0. 6.14775599071e-22 0.
1536020573 1 9536.5859375 0. 6.14395808332e-22 0.
1536020633 1 9522.43359375 0. 6.14305441101e-22 0.
1536020693 1 9506.38574219 0. 6.14057625836e-22 0.
1536020753 1 9494.50097656 0. 6.14085437585e-22 0.
1536020813 1 9480.94238281 0. 6.14006201244e-22 0.
1536020873 1 9467.72460938 0. 6.13948256924e-22 0.
1536020934 1 9450.56542969 0. 6.13664159897e-22 0.
1536020994 1 9434.36230469 0. 6.13381969561e-22 0.
1536021054 1 9422.75488281 0. 6.13446621702e-22 0.
1536021092 1 9411.25097656 0. 6.13175934842e-22 0.
1536021130 1 9407.24609375 0. 6.13470695037e-22 0.
1536021190 1 9392.59472656 0. 6.13309432212e-22 0.
1536021250 1 9373.91796875 0. 6.12855759456e-22 0.
1536021310 1 9360.83789062 0. 6.12808455708e-22 0.
1536021370 1 9345.82519531 0. 6.12637455401e-22 0.
1536021430 1 9332.01855469 0. 6.12520750483e-22 0.
1536021490 1 9334.42089844 0. 6.13460143245e-22 0.
1536021550 1 9340.19726562 0. 6.14643799573e-22 0.
1536021611 1 9328.50878906 0. 6.14688678669e-22 0.
1536021671 1 9311.3984375 0. 6.14371764435e-22 0.
1536021731 1 9293.67675781 0. 6.14030965495e-22 0.
1536021791 1 9280.01464844 0. 6.13933171063e-22 0.
1536021851 1 9260.76269531 0. 6.13468520178e-22 0.
1536021911 1 9235.5390625 0. 6.12583849715e-22 0.
1536021972 1 9225.125 0. 6.12687064918e-22 0.
1536022032 1 9212.54589844 0. 6.12671700042e-22 0.
1536022087 1 9200.77636719 0. 6.12640284107e-22 0.
1536022143 1 9184.84277344 0. 6.12323050169e-22 0.
1536022204 1 9166.96191406 0. 6.11893954754e-22 0.
1536022264 1 9157.22558594 0. 6.12047885745e-22 0.
1536022324 1 9145.60644531 0. 6.12112110756e-22 0.
1536022384 1 9132.41992188 0. 6.12053771182e-22 0.
1536022419 1 9122.18554688 0. 6.11818700549e-22 0.
1536022455 1 9120.48242188 0. 6.12211706427e-22 0.
1536022515 1 9107.31347656 0. 6.12134969342e-22 0.
1536022575 1 9091.95898438 0. 6.11926776854e-22 0.
1536022635 1 9073.32128906 0. 6.11447896567e-22 0.
1536022695 1 9062.2734375 0. 6.11513246032e-22 0.
1536022755 1 9042.984375 0. 6.11021659633e-22 0.
1536022815 1 9027.34765625 0. 6.10798889646e-22 0.
1536022876 1 9019.21484375 0. 6.1105161154e-22 0.
1536022936 1 9005.96191406 0. 6.10969726059e-22 0.
1536022996 1 9023.62011719 0. 6.13010794793e-22 0.
1536023056 1 9009.62988281 0. 6.12851593533e-22 0.
1536023116 1 8996.77832031 0. 6.12795185335e-22 0.
1536023176 1 8987.52148438 0. 6.13000204582e-22 0.
1536023237 1 8975.00683594 0. 6.12955039714e-22 0.
1536023297 1 8959.74121094 0. 6.12736540383e-22 0.
1536023357 1 8944.17382812 0. 6.12487355314e-22 0.
1536023392 1 8938.02148438 0. 6.12477637169e-22 0.
1536023402 1 8939.30859375 0. 6.1270713006e-22 0.
1536023413 1 8937.39160156 0. 6.12725662492e-22 0.
1536023423 1 8936.125 0. 6.12764289024e-22 0.
1536023441 1 8933.86621094 0. 6.12866504029e-22 0.
1536023483 1 8924.07714844 0. 6.12793415582e-22 0.
1536023543 1 8905.97460938 0. 6.1237108245e-22 0.
1536023604 1 8893.00683594 0. 6.12284239093e-22 0.
1536023664 1 8875.125 0. 6.11876571672e-22 0.
1536023724 1 8864.1328125 0. 6.11939390106e-22 0.
1536023784 1 8853.55957031 0. 6.12006876487e-22 0.
1536023844 1 8842.91308594 0. 6.12072710618e-22 0.
1536023904 1 8826.37792969 0. 6.11716524641e-22 0.
1536023960 1 8810.91894531 0. 6.11404936128e-22 0.
1536024015 1 8798.02929688 0. 6.11247130172e-22 0.
1536024076 1 8780.54101562 0. 6.10795829e-22 0.
1536024124 1 8766.69238281 0. 6.10474818559e-22 0.
1536024172 1 8765.08300781 0. 6.11002128527e-22 0.
1536024232 1 8747.9375 0. 6.10605668311e-22 0.
1536024292 1 8742.17675781 0. 6.10988207386e-22 0.
1536024353 1 8752.09765625 0. 6.12491364996e-22 0.
1536024413 1 8740.12695312 0. 6.12468669978e-22 0.
1536024473 1 8723.45019531 0. 6.1211705482e-22 0.
1536024533 1 8718.19921875 0. 6.12542470934e-22 0.
1536024593 1 8703.98144531 0. 6.12368054388e-22 0.
1536024653 1 8688.2578125 0. 6.12020205283e-22 0.
1536024689 1 8681.1484375 0. 6.11962072862e-22 0.
1536024724 1 8672.609375 0. 6.11882879504e-22 0.
1536024784 1 8660.92675781 0. 6.11841049314e-22 0.
1536024845 1 8644.50195312 0. 6.11485238162e-22 0.
1536024905 1 8628.12402344 0. 6.11126251352e-22 0.
1536024965 1 8621.12402344 0. 6.11428059309e-22 0.
1536025025 1 8608.98730469 0. 6.11374572465e-22 0.
1536025085 1 8595.09375 0. 6.11176775602e-22 0.
1536025129 1 8583.54492188 0. 6.10900751317e-22 0.
1536025174 1 8572.92773438 0. 6.10796450917e-22 0.
1536025234 1 8561.20410156 0. 6.10728845619e-22 0.
1536025294 1 8550.44628906 0. 6.10746252605e-22 0.
1536025354 1 8536.04199219 0. 6.10500113404e-22 0.
1536025414 1 8529.33007812 0. 6.10834821278e-22 0.
1536025474 1 8516.99121094 0. 6.10745680232e-22 0.
1536025534 1 8507.94628906 0. 6.10893864246e-22 0.
1536025595 1 8498.75292969 0. 6.10998400807e-22 0.
1536025655 1 8485.890625 0. 6.10878745901e-22 0.
1536025715 1 8467.72949219 0. 6.10320529389e-22 0.
1536025775 1 8473.92675781 0. 6.1155064202e-22 0.
1536025835 1 8476.70410156 0. 6.12551045012e-22 0.
1536025895 1 8365.45898438 0. 6.05314277605e-22 0.
1536025955 1 8307.07519531 0. 6.01863465079e-22 0.
1536026016 1 8254.51660156 0. 5.98912369187e-22 0.
1536026076 1 8140.29541016 0. 5.91529420866e-22 0.
1536026136 1 8077.11083984 0. 5.87846669675e-22 0.
1536026183 1 8070.40478516 0. 5.88019048271e-22 0.
1536026231 1 8059.34619141 0. 5.87873392486e-22 0.
1536026291 1 8047.35742188 0. 5.87801564749e-22 0.
1536026351 1 8035.99462891 0. 5.877653766e-22 0.
1536026412 1 8309.21777344 0. 6.08595163621e-22 0.
1536026472 1 8396.59863281 0. 6.15997696079e-22 0.
1536026532 1 8379.42285156 0. 6.1578352118e-22 0.
1536026592 1 8361.51855469 0. 6.15499392337e-22 0.
1536026652 1 8344.90332031 0. 6.15332571235e-22 0.
1536026712 1 8330.12597656 0. 6.152879467e-22 0.
1536026772 1 8317.61132812 0. 6.15383326718e-22 0.
1536026832 1 8301.4296875 0. 6.15221205511e-22 0.
1536026893 1 8289.8828125 0. 6.15397218104e-22 0.
1536026953 1 8117.84667969 0. 6.0362590692e-22 0.
1536027013 1 7869.72851562 0. 5.8618225761e-22 0.
1536027073 1 7568.10302734 0. 5.64782563775e-22 0.
1536027133 1 8250.34863281 0. 6.16626230641e-22 0.
1536027193 1 8337.71582031 0. 6.24335021855e-22 0.
1536027253 1 8333.76660156 0. 6.25320342057e-22 0.
1536027313 1 8304.04394531 0. 6.24347323733e-22 0.
1536027374 1 8279.02441406 0. 6.23701674456e-22 0.
1536027434 1 8266.73242188 0. 6.23950313947e-22 0.
1536027494 1 8253.18554688 0. 6.24024633311e-22 0.
1536027554 1 8237.26171875 0. 6.23920600929e-22 0.
1536027614 1 8216.9609375 0. 6.23507738659e-22 0.
1536027674 1 8216.02148438 0. 6.24485050212e-22 0.
1536027734 1 8195.8359375 0. 6.24040661885e-22 0.
1536027794 1 8175.01269531 0. 6.23551635792e-22 0.
1536027855 1 8159.57275391 0. 6.23441391931e-22 0.
1536027915 1 8149.23974609 0. 6.23721340681e-22 0.
1536027975 1 8132.76904297 0. 6.23534225958e-22 0.
1536028035 1 8118.73193359 0. 6.23533518653e-22 0.
1536028095 1 8104.01220703 0. 6.23467513017e-22 0.
1536028143 1 8095.34619141 0. 6.23625852849e-22 0.
1536028190 1 8084.14306641 0. 6.23631117518e-22 0.
1536028250 1 8062.09667969 0. 6.23005426509e-22 0.
1536028310 1 8053.21289062 0. 6.23386836879e-22 0.
1536028371 1 8023.76757812 0. 6.22169848165e-22 0.
1536028431 1 8013.65136719 0. 6.22453941383e-22 0.
1536028491 1 7998.18457031 0. 6.22318007068e-22 0.
1536028551 1 7984.77587891 0. 6.22325779284e-22 0.
1536028611 1 7971.41015625 0. 6.22322764991e-22 0.
1536028671 1 7961.94433594 0. 6.22642610784e-22 0.
1536028732 1 7928.06152344 0. 6.21029644093e-22 0.
1536028792 1 7885.35400391 0. 6.18731587158e-22 0.
1536028852 1 7862.05859375 0. 6.17966150165e-22 0.
1536028912 1 7847.06152344 0. 6.1782491596e-22 0.
1536028972 1 7840.75732422 0. 6.18378841643e-22 0.
1536029032 1 7823.61816406 0. 6.18106545508e-22 0.
1536029067 1 7839.50097656 0. 6.19918831737e-22 0.
1536029103 1 7823.08447266 0. 6.19285154931e-22 0.
1536029163 1 7804.07470703 0. 6.18834109215e-22 0.
1536029223 1 7790.23632812 0. 6.18797758702e-22 0.
1536029279 1 7782.43408203 0. 6.19125033924e-22 0.
1536029334 1 7765.875 0. 6.18795713924e-22 0.
1536029394 1 7564.72412109 0. 6.03853661682e-22 0.
1536029455 1 7440.95898438 0. 5.94892708631e-22 0.
1536029515 1 7861.64306641 0. 6.29510175102e-22 0.
1536029575 1 7882.85888672 0. 6.32275631148e-22 0.
1536029635 1 7871.17578125 0. 6.32427820475e-22 0.
1536029695 1 7854.08105469 0. 6.32099286289e-22 0.
1536029755 1 7840.49804688 0. 6.32095493805e-22 0.
1536029815 1 7827.07617188 0. 6.32102871068e-22 0.
1536029875 1 7811.00878906 0. 6.31879609318e-22 0.
1536029936 1 7798.31591797 0. 6.3189959282e-22 0.
1536029996 1 7785.62011719 0. 6.31958721391e-22 0.
1536030056 1 7770.07324219 0. 6.3175171739e-22 0.
1536030116 1 7756.33496094 0. 6.31727073995e-22 0.
1536030176 1 7740.66210938 0. 6.31526053647e-22 0.
1536030237 1 7729.23632812 0. 6.31656366359e-22 0.
1536030297 1 7716.41357422 0. 6.31666182394e-22 0.
1536030357 1 7702.39013672 0. 6.31589536003e-22 0.
1536030417 1 7686.66845703 0. 6.31386570543e-22 0.
1536030477 1 7675.54003906 0. 6.31547983888e-22 0.
1536030537 1 7665.59472656 0. 6.31776662985e-22 0.
1536030597 1 7644.85498047 0. 6.31149112004e-22 0.
1536030657 1 7628.8046875 0. 6.30870346988e-22 0.
1536030718 1 7622.90283203 0. 6.31431080981e-22 0.
1536030778 1 7607.93798828 0. 6.3125517106e-22 0.
1536030838 1 7594.06591797 0. 6.31147808011e-22 0.
1536030898 1 7581.69921875 0. 6.31182211154e-22 0.
1536030958 1 7570.23681641 0. 6.31275785383e-22 0.
1536031018 1 7556.31005859 0. 6.31161289563e-22 0.
1536031079 1 7546.58642578 0. 6.31413165987e-22 0.
1536031139 1 7532.62060547 0. 6.31270046533e-22 0.
1536031199 1 7517.00830078 0. 6.31019363069e-22 0.
1536031259 1 7504.42626953 0. 6.31030269628e-22 0.
1536031319 1 7490.62060547 0. 6.30937632829e-22 0.
1536031380 1 7475.52880859 0. 6.30682171041e-22 0.
1536031440 1 7462.09472656 0. 6.30579250366e-22 0.
1536031500 1 7447.06494141 0. 6.30357896669e-22 0.
1536031560 1 7431.71875 0. 6.30071506002e-22 0.
1536031620 1 7417.66357422 0. 6.2990160944e-22 0.
1536031680 1 7398.48291016 0. 6.29303807083e-22 0.
1536031740 1 7387.19677734 0. 6.29375496909e-22 0.
1536031800 1 7374.96875 0. 6.29345441574e-22 0.
1536031861 1 7364.00683594 0. 6.29436592909e-22 0.
1536031921 1 7357.4765625 0. 6.29907596355e-22 0.
1536031981 1 7340.62548828 0. 6.29504690983e-22 0.
1536032041 1 7331.34521484 0. 6.29732715289e-22 0.
1536032101 1 7318.85839844 0. 6.29685289238e-22 0.
1536032162 1 7304.28320312 0. 6.2947167072e-22 0.
1536032222 1 7297.11474609 0. 6.29869385525e-22 0.
1536032282 1 7448.2421875 0. 6.44108533926e-22 0.
1536032342 1 7493.24755859 0. 6.49146672391e-22 0.
1536032402 1 7591.29492188 0. 6.58804474813e-22 0.
1536032462 1 7599.57666016 0. 6.60861041101e-22 0.
1536032502 1 7586.49023438 0. 6.60577581987e-22 0.
1536032518 1 3200.31396484 0. 2.81520714775e-22 0.
1536032529 1 708.015380859 0. 6.21652256001e-23 0.
1536032537 1 1253.55847168 0. 1.09805381055e-22 0.
1536032546 1 1891.97021484 0. 1.65392604592e-22 0.
1536032554 1 2835.7355957 0. 2.47941681814e-22 0.
1536032562 1 3984.77392578 0. 3.4786127359e-22 0.
1536032571 1 5064.18701172 0. 4.4243422147e-22 0.
1536032579 1 6364.72753906 0. 5.55595661683e-22 0.
1536032588 1 6997.51269531 0. 6.11085729153e-22 0.
1536032597 1 7566.734375 0. 6.60860979725e-22 0.
1536032605 1 7167.78564453 0. 6.26284821085e-22 0.
1536032614 1 6718.87548828 0. 5.87165292025e-22 0.
1536032622 1 5524.22900391 0. 4.83307371334e-22 0.
1536032631 1 4528.04638672 0. 3.96118674481e-22 0.
1536032639 1 3293.18994141 0. 2.88615556023e-22 0.
1536032647 1 2358.29418945 0. 2.06678521237e-22 0.
1536032656 1 1591.60510254 0. 1.39784165332e-22 0.
1536032665 1 997.56036377 0. 8.77546446419e-23 0.
1536032681 1 3770.89624023 0. 3.3230564541e-22 0.
1536032697 1 1305.50488281 0. 1.13670792871e-22 0.
1536032705 1 2084.28076172 0. 1.81705000789e-22 0.
1536032714 1 2915.08911133 0. 2.53956966055e-22 0.
1536032722 1 3921.26904297 0. 3.4243304986e-22 0.
1536032730 1 5120.10595703 0. 4.47204090822e-22 0.
1536032738 1 6068.71582031 0. 5.31101655855e-22 0.
1536032747 1 7032.69042969 0. 6.16005480587e-22 0.
1536032755 1 7340.38330078 0. 6.43674327482e-22 0.
1536032763 1 7546.01269531 0. 6.62312608454e-22 0.
1536032771 1 6897.26904297 0. 6.05786171976e-22 0.
1536032780 1 6319.07666016 0. 5.55177244833e-22 0.
1536032788 1 5063.29492188 0. 4.45259978394e-22 0.
1536032796 1 4113.96630859 0. 3.61590901832e-22 0.
1536032805 1 2921.50366211 0. 2.57153239097e-22 0.
1536032813 1 2083.74047852 0. 1.83309660444e-22 0.
1536032821 1 1400.48681641 0. 1.23480746736e-22 0.
1536032829 1 831.92956543 0. 7.35023707889e-23 0.
1536032838 1 2855.40454102 0. 2.5335684814e-22 0.
1536032873 1 7503.08447266 0. 6.60669459311e-22 0.
1536032933 1 7466.58398438 0. 6.58620519202e-22 0.
1536032993 1 7466.57177734 0. 6.59721017648e-22 0.
1536033053 1 7472.67138672 0. 6.61393468217e-22 0.
1536033113 1 7481.36865234 0. 6.63333616351e-22 0.
1536033173 1 7484.76367188 0. 6.64812659619e-22 0.
1536033234 1 7473.59765625 0. 6.65137917205e-22 0.
1536033294 1 7465.56005859 0. 6.65755672433e-22 0.
1536033354 1 7455.37011719 0. 6.66176900613e-22 0.
1536033414 1 7441.79199219 0. 6.66286014595e-22 0.
1536033474 1 7429.67578125 0. 6.66555146061e-22 0.
1536033509 1 1655.16564941 0. 3.4836189334e-22 0.
1536033545 1 0.180002972484 0. 0.0 0.
