1536318622 1 17777.4804688 0. 6.11794544176e-22 0.
1536318677 1 17667.3476562 0. 6.09262109317e-22 0.
1536318713 1 17516.1289062 0. 6.04974194476e-22 0.
1536318749 1 17494.6601562 0. 6.05116979423e-22 0.
1536318809 1 17397.9355469 0. 6.03145555845e-22 0.
1536318869 1 17370.8769531 0. 6.03895739627e-22 0.
1536318930 1 17377.3867188 0. 6.05756324414e-22 0.
1536318990 1 17297.5488281 0. 6.0478563067e-22 0.
1536319031 1 17204.6835938 0. 6.02767932467e-22 0.
1536319072 1 17194.4453125 0. 6.03702451675e-22 0.
1536319133 1 17204.9941406 0. 6.05922593411e-22 0.
1536319193 1 17160.0527344 0. 6.06269635501e-22 0.
1536319253 1 17073.265625 0. 6.0510251007e-22 0.
1536319313 1 17015.9238281 0. 6.05000464556e-22 0.
1536319373 1 16891.359375 0. 6.02350242212e-22 0.
1536319433 1 16869.1679688 0. 6.03242906406e-22 0.
1536319494 1 16764.0019531 0. 6.01288091071e-22 0.
1536319531 1 16734.8359375 0. 6.01260917937e-22 0.
1536319558 1 16709.2578125 0. 6.01116834653e-22 0.
1536319583 1 5091.06445312 0. 1.83981315841e-22 0.
1536319594 1 1468.98815918 0. 5.29603504528e-23 0.
1536319603 1 2648.09570312 0. 9.54940990934e-23 0.
1536319612 1 4142.25195312 0. 1.49322229771e-22 0.
1536319620 1 5967.69238281 0. 2.15275213874e-22 0.
1536319629 1 8795.42871094 0. 3.17155925705e-22 0.
1536319638 1 10844.3251953 0. 3.91312893973e-22 0.
1536319646 1 13936.7548828 0. 5.02856639778e-22 0.
1536319655 1 15219.5146484 0. 5.4937074827e-22 0.
1536319664 1 16574.7597656 0. 5.98495306113e-22 0.
1536319673 1 15649.5761719 0. 5.6528901828e-22 0.
1536319682 1 14841.0322266 0. 5.36242782345e-22 0.
1536319690 1 11839.6152344 0. 4.28112290536e-22 0.
1536319699 1 10087.3408203 0. 3.64756945916e-22 0.
1536319708 1 6958.72119141 0. 2.51851738452e-22 0.
1536319717 1 5188.10449219 0. 1.87741893227e-22 0.
1536319725 1 3317.55175781 0. 1.20159215463e-22 0.
1536319734 1 2051.13647461 0. 7.42919099631e-23 0.
1536319750 1 6271.14941406 0. 2.2790380599e-22 0.
1536319767 1 2609.09692383 0. 9.47175931727e-23 0.
1536319775 1 4116.91943359 0. 1.49460228658e-22 0.
1536319784 1 6258.84228516 0. 2.27057294987e-22 0.
1536319792 1 8454.39453125 0. 3.06897367092e-22 0.
1536319801 1 11736.2929688 0. 4.25796414885e-22 0.
1536319809 1 13753.6132812 0. 4.99301387446e-22 0.
1536319817 1 16595.7050781 0. 6.0240805668e-22 0.
1536319826 1 16699.6191406 0. 6.06391285961e-22 0.
1536319834 1 16565.0625 0. 6.01645117622e-22 0.
1536319843 1 13463.3955078 0. 4.89290439325e-22 0.
1536319851 1 11705.5644531 0. 4.25387160129e-22 0.
1536319860 1 7946.82226562 0. 2.89100756133e-22 0.
1536319868 1 6046.49560547 0. 2.19935050523e-22 0.
1536319876 1 3858.89746094 0. 1.40552991089e-22 0.
1536319885 1 2482.19189453 0. 9.04473472836e-23 0.
1536319893 1 1544.79272461 0. 5.63541452094e-23 0.
1536319901 1 864.935913086 0. 3.15942279519e-23 0.
1536319910 1 3620.41625977 0. 1.32354916589e-22 0.
1536319945 1 16105.6230469 0. 5.87022414279e-22 0.
1536320005 1 15803.1308594 0. 5.77276392111e-22 0.
1536320065 1 16614.0605469 0. 6.08098420927e-22 0.
1536320126 1 17167.9472656 0. 6.29780469425e-22 0.
1536320186 1 17114.3261719 0. 6.29268644402e-22 0.
1536320246 1 17086.4726562 0. 6.29667905523e-22 0.
1536320306 1 17033.9316406 0. 6.29130775366e-22 0.
1536320366 1 16978.2285156 0. 6.28440970687e-22 0.
1536320419 1 16948.2226562 0. 6.28498823499e-22 0.
1536320472 1 16911.0585938 0. 6.2833355531e-22 0.
1536320508 1 16906.5957031 0. 6.28908065161e-22 0.
1536320545 1 16868.6367188 0. 6.28358115733e-22 0.
1536320605 1 16785.0878906 0. 6.26537702333e-22 0.
1536320665 1 16705.4667969 0. 6.2483738268e-22 0.
1536320710 1 16657.6484375 0. 6.24032207235e-22 0.
1536320740 1 16661.5761719 0. 6.24833351458e-22 0.
1536320785 1 16655.1132812 0. 6.25556983166e-22 0.
1536320845 1 16635.28125 0. 6.26125324542e-22 0.
1536320905 1 16623.6308594 0. 6.26951422634e-22 0.
1536320966 1 16604.9707031 0. 6.27604369898e-22 0.
1536321026 1 16579.6972656 0. 6.28014561915e-22 0.
1536321086 1 16549.4394531 0. 6.28167720641e-22 0.
1536321146 1 16501.7148438 0. 6.2762804539e-22 0.
1536321206 1 16565.953125 0. 6.31380952461e-22 0.
1536321266 1 16620.0488281 0. 6.348152694e-22 0.
1536321326 1 16557.8183594 0. 6.33699628534e-22 0.
1536321387 1 16526.0585938 0. 6.33763886562e-22 0.
1536321447 1 16482.6542969 0. 6.33368063814e-22 0.
1536321507 1 16450.7207031 0. 6.33404587049e-22 0.
1536321567 1 16406.6679688 0. 6.32965014469e-22 0.
1536321627 1 16376.3427734 0. 6.3302076585e-22 0.
1536321687 1 16347.5634766 0. 6.33142654565e-22 0.
1536321748 1 16371.5458984 0. 6.35367865144e-22 0.
1536321808 1 16329.3505859 0. 6.35045542548e-22 0.
1536321868 1 16276.1064453 0. 6.34280227532e-22 0.
1536321906 1 16226.9091797 0. 6.33107096674e-22 0.
1536321943 1 16203.5566406 0. 6.3306102806e-22 0.
1536321985 1 16189.9912109 0. 6.33385940816e-22 0.
1536322028 1 16167.125 0. 6.33435911954e-22 0.
1536322088 1 16149.1171875 0. 6.33976459114e-22 0.
1536322148 1 16119.7480469 0. 6.3408602651e-22 0.
1536322209 1 16064.0957031 0. 6.33155745609e-22 0.
1536322269 1 16028.2978516 0. 6.32980845037e-22 0.
1536322329 1 15985.0087891 0. 6.32483316874e-22 0.
1536322389 1 15940.1523438 0. 6.31903583144e-22 0.
1536322449 1 15925.2412109 0. 6.32528734876e-22 0.
1536322509 1 15936.8837891 0. 6.34255207605e-22 0.
1536322570 1 15885.1503906 0. 6.33490221571e-22 0.
1536322630 1 15848.5400391 0. 6.33259538376e-22 0.
1536322690 1 15812.9267578 0. 6.33046128689e-22 0.
1536322731 1 15786.7402344 0. 6.32791735516e-22 0.
1536322773 1 15769.6083984 0. 6.32996406411e-22 0.
1536322833 1 15722.5517578 0. 6.3231401375e-22 0.
1536322893 1 15715.109375 0. 6.33251321911e-22 0.
1536322953 1 15663.7646484 0. 6.32420602717e-22 0.
1536323013 1 15621.6181641 0. 6.31928036689e-22 0.
1536323074 1 15577.0693359 0. 6.31322709711e-22 0.
1536323134 1 15546.0263672 0. 6.31248964897e-22 0.
1536323194 1 15178.7011719 0. 6.17548461659e-22 0.
1536323254 1 14627.5771484 0. 5.96318313117e-22 0.
1536323314 1 15626.4980469 0. 6.38256288089e-22 0.
1536323374 1 15666.4511719 0. 6.41173300644e-22 0.
1536323434 1 15630.8994141 0. 6.40979632501e-22 0.
1536323495 1 15596.09375 0. 6.4078826996e-22 0.
1536323555 1 15549.9560547 0. 6.40115282148e-22 0.
1536323615 1 15521.8154297 0. 6.40189128288e-22 0.
1536323675 1 15489.9013672 0. 6.40074242114e-22 0.
1536323735 1 15449.7929688 0. 6.3966633237e-22 0.
1536323795 1 15418.8320312 0. 6.39588642786e-22 0.
1536323855 1 15383.4863281 0. 6.39322983101e-22 0.
1536323916 1 15373.0087891 0. 6.40090222641e-22 0.
1536323976 1 15372.3916016 0. 6.41283308649e-22 0.
1536324012 1 15367.2822266 0. 6.41799943926e-22 0.
1536324049 1 15342.4082031 0. 6.41517336366e-22 0.
1536324109 1 15302.7480469 0. 6.41028319289e-22 0.
1536324169 1 15269.7998047 0. 6.40857567636e-22 0.
1536324209 1 15246.4589844 0. 6.40598804985e-22 0.
1536324248 1 15217.6660156 0. 6.40213186859e-22 0.
1536324308 1 15188.34375 0. 6.40171520862e-22 0.
1536324368 1 15147.8808594 0. 6.39640034689e-22 0.
1536324429 1 15099.9013672 0. 6.38819753603e-22 0.
1536324489 1 15059.328125 0. 6.38296344616e-22 0.
1536324549 1 15022.8242188 0. 6.37882999218e-22 0.
1536324609 1 14998.4707031 0. 6.38022803571e-22 0.
1536324669 1 14946.6953125 0. 6.36946158716e-22 0.
1536324729 1 14975.2333984 0. 6.39332000369e-22 0.
1536324790 1 14975.8183594 0. 6.40518915928e-22 0.
1536324850 1 14954.1494141 0. 6.40749881475e-22 0.
1536324897 1 14911.5771484 0. 6.39828461482e-22 0.
1536324945 1 14892.1044922 0. 6.39920433059e-22 0.
1536325006 1 14860.7099609 0. 6.39750796071e-22 0.
1536325066 1 14821.7617188 0. 6.39227658427e-22 0.
1536325126 1 14775.9414062 0. 6.38406541483e-22 0.
1536325177 1 14729.3066406 0. 6.37354565616e-22 0.
1536325228 1 14709.78125 0. 6.37456878204e-22 0.
1536325273 1 14680.5146484 0. 6.36995813171e-22 0.
1536325317 1 14655.7451172 0. 6.36767833051e-22 0.
1536325367 1 14633.6005859 0. 6.36729871576e-22 0.
1536325417 1 14603.6591797 0. 6.36375429895e-22 0.
1536325477 1 14585.2734375 0. 6.36674423718e-22 0.
1536325537 1 14591.2587891 0. 6.38079972684e-22 0.
1536325598 1 14554.9121094 0. 6.37580656712e-22 0.
1536325658 1 14522.2382812 0. 6.3726421704e-22 0.
1536325718 1 14499.3974609 0. 6.37378988686e-22 0.
1536325778 1 14466.5498047 0. 6.37026101983e-22 0.
1536325838 1 14444.6904297 0. 6.37177762039e-22 0.
1536325898 1 14398.8144531 0. 6.36230594481e-22 0.
1536325958 1 14367.2460938 0. 6.35909818667e-22 0.
1536326019 1 14341.4169922 0. 6.35844900406e-22 0.
1536326079 1 14336.2363281 0. 6.36704571533e-22 0.
1536326133 1 14310.0527344 0. 6.36591740072e-22 0.
1536326188 1 14277.0146484 0. 6.36138542459e-22 0.
1536326248 1 14250.9179688 0. 6.36063251409e-22 0.
1536326308 1 14234.7158203 0. 6.3643282746e-22 0.
1536326369 1 14206.1132812 0. 6.36247542785e-22 0.
1536326429 1 14093.5576172 0. 6.32262978868e-22 0.
1536326489 1 13844.265625 0. 6.22163839061e-22 0.
1536326549 1 13478.1679688 0. 6.06687764524e-22 0.
1536326609 1 14245.1513672 0. 6.42303914247e-22 0.
1536326670 1 14252.4160156 0. 6.43726914479e-22 0.
1536326730 1 14220.1191406 0. 6.43379355538e-22 0.
1536326790 1 14190.8652344 0. 6.43143762717e-22 0.
1536326850 1 14160.3447266 0. 6.42872163767e-22 0.
1536326910 1 14128.2333984 0. 6.42502220088e-22 0.
1536326955 1 14111.6884766 0. 6.42541127946e-22 0.
1536327000 1 14100.1416016 0. 6.42843795446e-22 0.
1536327060 1 14077.5693359 0. 6.42927524983e-22 0.
1536327120 1 14061.5771484 0. 6.43292536898e-22 0.
1536327178 1 14024.9462891 0. 6.42673877381e-22 0.
1536327237 1 13994.9101562 0. 6.42353348598e-22 0.
1536327297 1 13990.7568359 0. 6.43236235367e-22 0.
1536327357 1 14000.5615234 0. 6.44796957284e-22 0.
1536327417 1 13972.5878906 0. 6.44596631248e-22 0.
1536327477 1 13944.3017578 0. 6.4436937513e-22 0.
1536327538 1 13919.8857422 0. 6.4436741304e-22 0.
1536327598 1 13890.5634766 0. 6.44084080085e-22 0.
1536327633 1 13873.5810547 0. 6.43891206084e-22 0.
1536327669 1 13849.5439453 0. 6.43482445888e-22 0.
1536327729 1 13821.8623047 0. 6.43232924036e-22 0.
1536327789 1 13799.8603516 0. 6.43303922984e-22 0.
1536327849 1 13776.3916016 0. 6.43282486012e-22 0.
1536327909 1 13753.0791016 0. 6.43239113843e-22 0.
1536327969 1 13725.6757812 0. 6.43055285739e-22 0.
1536328029 1 13698.9072266 0. 6.42875225443e-22 0.
1536328090 1 13680.9638672 0. 6.43076488577e-22 0.
1536328150 1 13682.7138672 0. 6.44244904538e-22 0.
1536328210 1 13663.4892578 0. 6.44444405907e-22 0.
1536328270 1 13642.7626953 0. 6.4457085234e-22 0.
1536328330 1 13611.9052734 0. 6.44174315929e-22 0.
1536328391 1 13585.9101562 0. 6.43976018062e-22 0.
1536328451 1 13548.4511719 0. 6.43277148707e-22 0.
1536328511 1 13523.671875 0. 6.43148929307e-22 0.
1536328571 1 13511.6083984 0. 6.4366201913e-22 0.
1536328631 1 13483.0488281 0. 6.43379555397e-22 0.
1536328691 1 13465.1875 0. 6.43566114384e-22 0.
1536328752 1 13439.6523438 0. 6.43414587547e-22 0.
1536328812 1 13413.2705078 0. 6.43205586039e-22 0.
1536328872 1 13390.1035156 0. 6.43167059549e-22 0.
1536328910 1 13356.1972656 0. 6.42157418141e-22 0.
1536328949 1 13339.5703125 0. 6.42029494591e-22 0.
1536329009 1 13318.3398438 0. 6.42012248455e-22 0.
1536329069 1 13294.1298828 0. 6.41864195043e-22 0.
1536329130 1 13295.1044922 0. 6.42958103548e-22 0.
1536329190 1 13290.7109375 0. 6.43812195329e-22 0.
1536329250 1 13273.7207031 0. 6.44024273463e-22 0.
1536329310 1 13239.5947266 0. 6.43414209327e-22 0.
1536329370 1 13219.6083984 0. 6.43487829062e-22 0.
1536329431 1 13193.2958984 0. 6.43236928635e-22 0.
1536329491 1 13174.7880859 0. 6.43417784545e-22 0.
1536329551 1 13137.3300781 0. 6.42631662358e-22 0.
1536329611 1 13107.9150391 0. 6.42208780236e-22 0.
1536329671 1 13081.8720703 0. 6.41973969913e-22 0.
1536329732 1 13054.7753906 0. 6.41676814701e-22 0.
1536329792 1 13024.3564453 0. 6.41183954222e-22 0.
1536329852 1 13001.5810547 0. 6.41076263448e-22 0.
1536329912 1 12971.4541016 0. 6.40626007676e-22 0.
1536329972 1 12956.9248047 0. 6.40925687758e-22 0.
1536330032 1 12922.9550781 0. 6.4025958409e-22 0.
1536330093 1 12909.6630859 0. 6.40616969885e-22 0.
1536330153 1 12942.1445312 0. 6.4326701022e-22 0.
1536330213 1 12914.1904297 0. 6.42903991394e-22 0.
1536330271 1 12891.1582031 0. 6.42772988008e-22 0.
1536330330 1 12870.4326172 0. 6.42753847273e-22 0.
1536330390 1 12844.5019531 0. 6.42462764582e-22 0.
1536330450 1 12826.7529297 0. 6.42571704327e-22 0.
1536330508 1 12799.6738281 0. 6.42188417421e-22 0.
1536330565 1 12775.3007812 0. 6.41935217557e-22 0.
1536330625 1 12753.8457031 0. 6.4184098807e-22 0.
1536330685 1 12734.9521484 0. 6.41893647921e-22 0.
1536330745 1 12706.609375 0. 6.41457850192e-22 0.
1536330805 1 12689.5791016 0. 6.41642629728e-22 0.
1536330865 1 12666.1132812 0. 6.41458122418e-22 0.
1536330925 1 12647.0966797 0. 6.41501940175e-22 0.
1536330985 1 12624.2597656 0. 6.41351006836e-22 0.
1536331037 1 10690.1181641 0. 5.45068505698e-22 0.
1536331089 1 0.227038472891 0. 0.0 0.
1536331149 1 0.193363651633 0. 0.0 0.
1536331210 1 0.177854508162 0. 0.0 0.
1536331270 1 0.169123277068 0. 0.0 0.
1536331330 1 0.161537349224 0. 0.0 0.
1536331390 1 0.155994936824 0. 0.0 0.
1536331450 1 0.152187019587 0. 0.0 0.
1536331510 1 0.150819793344 0. 0.0 0.
1536331570 1 0.147980675101 0. 0.0 0.
