1537260908 1 0.0 0. 0.0 0.
1537260968 1 0.0 0. 0.0 0.
1537261028 1 0.0 0. 0.0 0.
1537261066 1 0.0 0. 0.0 0.
1537261104 1 0.0 0. 0.0 0.
1537261145 1 0.0 0. 0.0 0.
1537261186 0 0.0 0. 0.0 0.
1537261246 0 0.0 0. 0.0 0.
1537261306 0 0.0 0. 0.0 0.
1537261367 0 0.0 0. 0.0 0.
1537261427 0 0.0 0. 0.0 0.
1537261487 0 0.0 0. 0.0 0.
1537261547 0 0.0 0. 0.0 0.
1537261607 1 0.0 0. 0.0 0.
1537261667 1 0.0 0. 0.0 0.
1537261727 0 0.0 0. 0.0 0.
1537261788 0 0.0 0. 0.0 0.
1537261848 0 0.0 0. 0.0 0.
1537261908 0 0.0 0. 0.0 0.
1537261968 0 0.0 0. 0.0 0.
1537262028 1 0.0 0. 0.0 0.
1537262066 1 0.0 0. 0.0 0.
1537262103 1 0.0 0. 0.0 0.
1537262140 1 0.0 0. 0.0 0.
