1538575253 1 18284.1679688 0. 6.04428012356e-22 0.
1538575303 1 18216.8535156 0. 6.04075969273e-22 0.
1538575337 1 18168.640625 0. 6.03853111912e-22 0.
1538575363 1 18138.171875 0. 6.03838139949e-22 0.
1538575404 1 18101.9960938 0. 6.0427245435e-22 0.
1538575464 1 17987.1855469 0. 6.02420686085e-22 0.
1538575524 1 17876.0898438 0. 6.00822163836e-22 0.
1538575584 1 17846.4921875 0. 6.01536289948e-22 0.
1538575643 1 17765.0917969 0. 6.00635967703e-22 0.
1538575702 1 17755.9355469 0. 6.02140854565e-22 0.
1538575762 1 17319.4199219 0. 5.89136567736e-22 0.
1538575822 1 16883.1699219 0. 5.76068716709e-22 0.
1538575882 1 16483.0878906 0. 5.64156075298e-22 0.
1538575925 1 17503.1777344 0. 6.00203765591e-22 0.
1538575968 1 17752.5136719 0. 6.10080977251e-22 0.
1538576028 1 17813.5996094 0. 6.13930506321e-22 0.
1538576088 1 17765.1035156 0. 6.13966672798e-22 0.
1538576148 1 17714.4199219 0. 6.13882039741e-22 0.
1538576208 1 17683.5664062 0. 6.14466342731e-22 0.
1538576243 1 17648.0332031 0. 6.14131269223e-22 0.
1538576253 1 17647.5332031 0. 6.14416147691e-22 0.
1538576288 1 17622.2363281 0. 6.14473553086e-22 0.
1538576349 1 17575.2246094 0. 6.14384633188e-22 0.
1538576409 1 17529.6347656 0. 6.14331256286e-22 0.
1538576469 1 17489.6621094 0. 6.14452385076e-22 0.
1538576529 1 17445.9257812 0. 6.14414904654e-22 0.
1538576575 1 17414.9121094 0. 6.14418335386e-22 0.
1538576620 1 17384.8886719 0. 6.14493479163e-22 0.
1538576681 1 17339.5722656 0. 6.14328167379e-22 0.
1538576741 1 17300.1152344 0. 6.14310835598e-22 0.
1538576801 1 17256.0019531 0. 6.14134185182e-22 0.
1538576857 1 17212.6835938 0. 6.13837168276e-22 0.
1538576892 1 17192.4042969 0. 6.1384912601e-22 0.
1538576931 1 17174.109375 0. 6.14136322439e-22 0.
1538576985 1 17138.9042969 0. 6.14087319462e-22 0.
1538577039 1 17108.0371094 0. 6.14122758849e-22 0.
1538577099 1 17072.0722656 0. 6.1410087994e-22 0.
1538577159 1 17111.171875 0. 6.16761150562e-22 0.
1538577219 1 17171.0703125 0. 6.20262605631e-22 0.
1538577279 1 17171.1484375 0. 6.21581790749e-22 0.
1538577339 1 17128.0039062 0. 6.21334679751e-22 0.
1538577400 1 17086.3144531 0. 6.21123436745e-22 0.
1538577460 1 17017.6230469 0. 6.19887116949e-22 0.
1538577520 1 16996.4570312 0. 6.20366098697e-22 0.
1538577580 1 16962.5917969 0. 6.20355582233e-22 0.
1538577640 1 16918.8632812 0. 6.20014513488e-22 0.
1538577700 1 16889.4941406 0. 6.20160489962e-22 0.
1538577760 1 16852.8164062 0. 6.19983204378e-22 0.
1538577820 1 16790.75 0. 6.18880106363e-22 0.
1538577881 1 16743.0605469 0. 6.18319858746e-22 0.
1538577941 1 16786.5078125 0. 6.21137567101e-22 0.
1538578001 1 16735.7128906 0. 6.20468394338e-22 0.
1538578046 1 16738.6835938 0. 6.21430777786e-22 0.
1538578090 1 16702.078125 0. 6.20970166619e-22 0.
1538578151 1 16669.6796875 0. 6.20931472177e-22 0.
1538578211 1 16647.8828125 0. 6.21280605068e-22 0.
1538578271 1 16620.1464844 0. 6.213891978e-22 0.
1538578331 1 16583.5976562 0. 6.21155579597e-22 0.
1538578391 1 16552.3574219 0. 6.21140392553e-22 0.
1538578451 1 16518.84375 0. 6.20956341082e-22 0.
1538578511 1 16484.1835938 0. 6.20758297227e-22 0.
1538578547 1 16478.0175781 0. 6.21126233581e-22 0.
1538578582 1 16448.6738281 0. 6.20722033825e-22 0.
1538578642 1 16412.6699219 0. 6.20459247779e-22 0.
1538578702 1 16441.6972656 0. 6.22682435649e-22 0.
1538578762 1 16380.4541016 0. 6.21496010477e-22 0.
1538578822 1 16353.8867188 0. 6.21569858885e-22 0.
1538578882 1 16324.7626953 0. 6.21513912236e-22 0.
1538578943 1 16308.5205078 0. 6.21926183007e-22 0.
1538579001 1 16270.7167969 0. 6.21543834924e-22 0.
1538579060 1 16228.5566406 0. 6.21014688164e-22 0.
1538579121 1 16184.0117188 0. 6.20380859809e-22 0.
1538579181 1 16148.8408203 0. 6.20082609081e-22 0.
1538579241 1 16108.6679688 0. 6.19546531821e-22 0.
1538579301 1 16073.8564453 0. 6.19270799001e-22 0.
1538579361 1 16042.21875 0. 6.19081490664e-22 0.
1538579422 1 16017.4902344 0. 6.19189113236e-22 0.
1538579482 1 16032.6474609 0. 6.20829616545e-22 0.
1538579542 1 16002.2265625 0. 6.20702486153e-22 0.
1538579602 1 15819.234375 0. 6.14654610107e-22 0.
1538579662 1 15555.4814453 0. 6.0542882637e-22 0.
1538579722 1 15073.8994141 0. 5.87710545247e-22 0.
1538579782 1 16048.4853516 0. 6.26673818627e-22 0.
1538579842 1 16017.9570312 0. 6.26545561978e-22 0.
1538579903 1 15987.4384766 0. 6.26395235108e-22 0.
1538579963 1 15943.8056641 0. 6.25705502869e-22 0.
1538580006 1 15922.7011719 0. 6.25582350593e-22 0.
1538580050 1 15906.5761719 0. 6.2570804143e-22 0.
1538580110 1 15864.0185547 0. 6.25061593848e-22 0.
1538580158 1 15840.8916016 0. 6.24961205621e-22 0.
1538580206 1 15810.515625 0. 6.24629622783e-22 0.
1538580266 1 15785.2646484 0. 6.24690628808e-22 0.
1538580326 1 15776.7617188 0. 6.25352403967e-22 0.
1538580386 1 15785.8671875 0. 6.2675913399e-22 0.
1538580446 1 15756.2636719 0. 6.26670008281e-22 0.
1538580506 1 15719.5615234 0. 6.26312739195e-22 0.
1538580551 1 15693.7099609 0. 6.25971934617e-22 0.
1538580595 1 15676.9648438 0. 6.26114341416e-22 0.
1538580655 1 15655.4853516 0. 6.26246904367e-22 0.
1538580716 1 15618.5791016 0. 6.25788961071e-22 0.
1538580776 1 15542.5966797 0. 6.23708501634e-22 0.
1538580836 1 15533.0742188 0. 6.2431154058e-22 0.
1538580871 1 15523.4726562 0. 6.24480631857e-22 0.
1538580906 1 15511.7480469 0. 6.24677216362e-22 0.
1538580966 1 15487.6484375 0. 6.24699009851e-22 0.
1538581026 1 15446.4980469 0. 6.24041431836e-22 0.
1538581087 1 15409.0439453 0. 6.23513460993e-22 0.
1538581147 1 15382.6367188 0. 6.23410395577e-22 0.
1538581207 1 15397.4414062 0. 6.24975680138e-22 0.
1538581267 1 15385.9775391 0. 6.25534777837e-22 0.
1538581327 1 15349.8603516 0. 6.25054450635e-22 0.
1538581387 1 15317.4638672 0. 6.24744498173e-22 0.
1538581447 1 15272.9628906 0. 6.2392983548e-22 0.
1538581507 1 15246.4003906 0. 6.23848502462e-22 0.
1538581568 1 15213.1708984 0. 6.2348249141e-22 0.
1538581628 1 15174.4833984 0. 6.22880277869e-22 0.
1538581688 1 15144.2373047 0. 6.22614597844e-22 0.
1538581748 1 15112.1230469 0. 6.22279244992e-22 0.
1538581808 1 15078.9248047 0. 6.21895763544e-22 0.
1538581868 1 15040.3007812 0. 6.21247708104e-22 0.
1538581928 1 14993.0693359 0. 6.20268462146e-22 0.
1538581989 1 14972.0341797 0. 6.20355371812e-22 0.
1538582024 1 14938.4814453 0. 6.19487437256e-22 0.
1538582059 1 14920.8515625 0. 6.19394617002e-22 0.
1538582119 1 14939.2158203 0. 6.21135340348e-22 0.
1538582180 1 14896.9355469 0. 6.2039073188e-22 0.
1538582240 1 14866.6474609 0. 6.20106247082e-22 0.
1538582300 1 14813.6542969 0. 6.18895710439e-22 0.
1538582358 1 14792.3662109 0. 6.18941183428e-22 0.
1538582416 1 14753.4648438 0. 6.18234814897e-22 0.
1538582476 1 14720.3027344 0. 6.17812181505e-22 0.
1538582536 1 14694.7177734 0. 6.17661785528e-22 0.
1538582596 1 14677.9814453 0. 6.17931357029e-22 0.
1538582656 1 14661.7294922 0. 6.18222010025e-22 0.
1538582716 1 14624.9306641 0. 6.176275483e-22 0.
1538582777 1 14599.3671875 0. 6.17509637114e-22 0.
1538582837 1 14557.8662109 0. 6.16694079422e-22 0.
1538582897 1 14526.171875 0. 6.16279306444e-22 0.
1538582957 1 14480.2509766 0. 6.15255155407e-22 0.
1538583017 1 14471.7822266 0. 6.15854608682e-22 0.
1538583077 1 14453.5410156 0. 6.16031006228e-22 0.
1538583137 1 14407.0585938 0. 6.15012076633e-22 0.
1538583197 1 14372.3300781 0. 6.14506614158e-22 0.
1538583258 1 14338.2871094 0. 6.14004617184e-22 0.
1538583301 1 14315.8144531 0. 6.13671915225e-22 0.
1538583344 1 14303.3144531 0. 6.1383056628e-22 0.
1538583404 1 14258.8066406 0. 6.12854936212e-22 0.
1538583465 1 14228.6220703 0. 6.12474643164e-22 0.
1538583525 1 14183.2412109 0. 6.11431450483e-22 0.
1538583585 1 14141.3964844 0. 6.10586729456e-22 0.
1538583645 1 14134.7841797 0. 6.11226627285e-22 0.
1538583705 1 14095.96875 0. 6.10478695103e-22 0.
1538583765 1 14081.8486328 0. 6.10768919723e-22 0.
1538583825 1 14038.7470703 0. 6.09805975089e-22 0.
1538583885 1 13998.5380859 0. 6.08971416721e-22 0.
1538583946 1 14006.2050781 0. 6.10227079748e-22 0.
1538584006 1 13985.09375 0. 6.10246715044e-22 0.
1538584043 1 13958.1181641 0. 6.09603806362e-22 0.
1538584081 1 13923.7792969 0. 6.08717801821e-22 0.
1538584141 1 13894.4658203 0. 6.08357486161e-22 0.
1538584193 1 13842.234375 0. 6.06812012049e-22 0.
1538584244 1 13842.6074219 0. 6.07601307498e-22 0.
1538584304 1 13808.6728516 0. 6.06975840187e-22 0.
1538584364 1 13796.2480469 0. 6.07325656547e-22 0.
1538584424 1 13775.2021484 0. 6.07280828738e-22 0.
1538584485 1 13736.3115234 0. 6.06454884803e-22 0.
1538584545 1 13711.3447266 0. 6.06222291531e-22 0.
1538584605 1 13695.3710938 0. 6.06419065777e-22 0.
1538584665 1 13670.4560547 0. 6.06194480143e-22 0.
1538584725 1 13634.9003906 0. 6.05515585733e-22 0.
1538584785 1 13614.4326172 0. 6.05485181923e-22 0.
1538584846 1 13584.1826172 0. 6.05022300204e-22 0.
1538584906 1 13561.3242188 0. 6.04872818626e-22 0.
1538584966 1 13525.1904297 0. 6.04133285732e-22 0.
1538585026 1 13554.7714844 0. 6.06331208477e-22 0.
1538585086 1 13509.7060547 0. 6.05190977484e-22 0.
1538585146 1 13483.8330078 0. 6.04907716528e-22 0.
1538585200 1 13455.7255859 0. 6.04433528213e-22 0.
1538585255 1 13425.2841797 0. 6.03878337867e-22 0.
1538585315 1 13411.8447266 0. 6.04154965352e-22 0.
1538585375 1 13421.3710938 0. 6.05430943907e-22 0.
1538585435 1 13370.1572266 0. 6.03988596421e-22 0.
1538585495 1 13313.7011719 0. 6.02292174847e-22 0.
1538585556 1 13298.6162109 0. 6.02461191741e-22 0.
1538585616 1 13283.2353516 0. 6.02648970431e-22 0.
1538585676 1 13245.4384766 0. 6.01820182792e-22 0.
1538585736 1 13234.3798828 0. 6.02173475445e-22 0.
1538585796 1 13208.8769531 0. 6.01868081067e-22 0.
1538585856 1 13184.0556641 0. 6.01621097184e-22 0.
1538585916 1 13138.7939453 0. 6.00391968052e-22 0.
1538585977 1 13120.8515625 0. 6.00428715817e-22 0.
1538586037 1 13110.3652344 0. 6.00800716842e-22 0.
1538586097 1 13132.7753906 0. 6.02699136361e-22 0.
1538586157 1 13001.7509766 0. 5.97507812213e-22 0.
1538586217 1 12884.4296875 0. 5.92996273685e-22 0.
1538586277 1 12504.4980469 0. 5.76391593504e-22 0.
1538586337 1 13420.0644531 0. 6.19443165246e-22 0.
1538586398 1 13464.0820312 0. 6.22371357631e-22 0.
1538586458 1 13436.1474609 0. 6.21981219272e-22 0.
1538586518 1 13409.8476562 0. 6.21660022375e-22 0.
1538586578 1 13380.5371094 0. 6.21229949518e-22 0.
1538586638 1 13359.7998047 0. 6.21169854903e-22 0.
1538586698 1 13342.6445312 0. 6.21247886083e-22 0.
1538586758 1 13316.3652344 0. 6.20942739003e-22 0.
1538586818 1 13287.7626953 0. 6.2052026183e-22 0.
1538586867 1 13276.3271484 0. 6.20698615773e-22 0.
1538586915 1 13255.4941406 0. 6.20460221679e-22 0.
1538586976 1 13228.2900391 0. 6.200839363e-22 0.
1538587025 1 13210.6054688 0. 6.19984575193e-22 0.
1538587075 1 13194.6074219 0. 6.19985895938e-22 0.
1538587135 1 13186.5292969 0. 6.20505465665e-22 0.
1538587195 1 13201.8945312 0. 6.22108986272e-22 0.
1538587256 1 13182.0527344 0. 6.22110379365e-22 0.
1538587316 1 13156.8330078 0. 6.21814215618e-22 0.
1538587376 1 13127.9492188 0. 6.21358421973e-22 0.
1538587436 1 13107.5908203 0. 6.21288592723e-22 0.
1538587496 1 13081.5234375 0. 6.20933882834e-22 0.
1538587556 1 13055.8564453 0. 6.20646512018e-22 0.
1538587616 1 13036.2148438 0. 6.20625942558e-22 0.
1538587676 1 13015.9667969 0. 6.20570686505e-22 0.
1538587737 1 12995.234375 0. 6.20480762509e-22 0.
1538587797 1 12969.1328125 0. 6.20138043452e-22 0.
1538587857 1 12946.2207031 0. 6.19926620111e-22 0.
1538587917 1 12922.5048828 0. 6.19659901593e-22 0.
1538587974 1 12896.0244141 0. 6.19234072252e-22 0.
1538588031 1 12884.2578125 0. 6.19536769707e-22 0.
1538588091 1 12855.4677734 0. 6.19049647542e-22 0.
1538588151 1 12836.2666016 0. 6.19025855042e-22 0.
1538588211 1 12844.5898438 0. 6.20327073732e-22 0.
1538588271 1 12837.7255859 0. 6.20901136463e-22 0.
1538588332 1 12817.8339844 0. 6.20856092836e-22 0.
1538588392 1 12797.3876953 0. 6.20747437351e-22 0.
1538588452 1 12777.2070312 0. 6.20654019494e-22 0.
1538588512 1 12758.5566406 0. 6.20655685556e-22 0.
1538588572 1 12733.2568359 0. 6.20331009325e-22 0.
1538588632 1 12706.5068359 0. 6.19944741922e-22 0.
1538588692 1 12687.3691406 0. 6.19879502294e-22 0.
1538588752 1 12658.3935547 0. 6.1936132568e-22 0.
1538588812 1 12636.8066406 0. 6.19198604128e-22 0.
1538588873 1 12612.9150391 0. 6.18904090052e-22 0.
1538588933 1 12596.5664062 0. 6.18995991418e-22 0.
1538588993 1 12575.1845703 0. 6.18794651421e-22 0.
1538589053 1 12557.9316406 0. 6.18844254067e-22 0.
1538589113 1 12533.6132812 0. 6.18565516472e-22 0.
1538589173 1 12512.3164062 0. 6.18334259685e-22 0.
1538589208 1 12500.2529297 0. 6.18227240256e-22 0.
1538589244 1 12491.1259766 0. 6.18318596369e-22 0.
1538589304 1 12495.8964844 0. 6.19466725088e-22 0.
1538589364 1 12492.1289062 0. 6.20167179327e-22 0.
1538589424 1 12465.5800781 0. 6.19780134128e-22 0.
1538589484 1 12444.4863281 0. 6.19610634371e-22 0.
1538589545 1 12424.1650391 0. 6.1946696049e-22 0.
1538589605 1 12403.7265625 0. 6.19339650411e-22 0.
1538589665 1 12383.9873047 0. 6.19239329661e-22 0.
1538589725 1 12367.1542969 0. 6.1929999545e-22 0.
1538589785 1 12341.9970703 0. 6.18927677413e-22 0.
1538589845 1 12322.1357422 0. 6.18824677018e-22 0.
1538589905 1 12300.4716797 0. 6.1863627696e-22 0.
1538589966 1 12280.3203125 0. 6.18477606066e-22 0.
1538590026 1 12260.2441406 0. 6.18319739894e-22 0.
1538590086 1 12235.546875 0. 6.17975361065e-22 0.
1538590146 1 12210.6601562 0. 6.17627991636e-22 0.
1538590206 1 12192.6318359 0. 6.17618940586e-22 0.
1538590266 1 12164.2070312 0. 6.17035766347e-22 0.
1538590326 1 12153.8847656 0. 6.1737866737e-22 0.
1538590386 1 12140.2158203 0. 6.17539827469e-22 0.
1538590447 1 12159.3583984 0. 6.19408493136e-22 0.
1538590507 1 12137.4013672 0. 6.19210294039e-22 0.
1538590567 1 12110.2724609 0. 6.18717673861e-22 0.
1538590627 1 12084.7675781 0. 6.18321884046e-22 0.
1538590687 1 12061.8583984 0. 6.17999901595e-22 0.
1538590747 1 12051.7138672 0. 6.1836459974e-22 0.
1538590807 1 12029.0683594 0. 6.18075796656e-22 0.
1538590867 1 12004.5507812 0. 6.17699332869e-22 0.
1538590909 1 11988.5292969 0. 6.17471381055e-22 0.
1538590951 1 11972.4648438 0. 6.17252339457e-22 0.
1538591012 1 11952.125 0. 6.17033217879e-22 0.
1538591072 1 11930.2695312 0. 6.16805579111e-22 0.
1538591132 1 11911.3632812 0. 6.16701665049e-22 0.
1538591193 1 11893.8320312 0. 6.1667979792e-22 0.
1538591253 1 11869.7431641 0. 6.16319509095e-22 0.
1538591313 1 11847.0751953 0. 6.16040396886e-22 0.
1538591373 1 11827.9501953 0. 6.15908037425e-22 0.
1538591433 1 11811.8261719 0. 6.15954416871e-22 0.
1538591493 1 11800.8037109 0. 6.1626399078e-22 0.
1538591553 1 11811.3398438 0. 6.17701298272e-22 0.
1538591613 1 11795.8271484 0. 6.17758013359e-22 0.
1538591674 1 11773.6474609 0. 6.17473982988e-22 0.
1538591734 1 11746.4697266 0. 6.16904892206e-22 0.
1538591794 1 11727.2246094 0. 6.16775738926e-22 0.
1538591854 1 11703.7978516 0. 6.16423646735e-22 0.
1538591914 1 11683.1552734 0. 6.16220347132e-22 0.
1538591974 1 11658.3974609 0. 6.15780562153e-22 0.
1538592034 1 11642.7353516 0. 6.15824300049e-22 0.
1538592094 1 11620.0859375 0. 6.15501220308e-22 0.
1538592155 1 11597.8974609 0. 6.15210591435e-22 0.
1538592215 1 11576.9853516 0. 6.14969933156e-22 0.
1538592275 1 11557.9365234 0. 6.14781073513e-22 0.
1538592335 1 11535.8261719 0. 6.1449842046e-22 0.
1538592393 1 11516.9873047 0. 6.14362318859e-22 0.
1538592452 1 11501.5791016 0. 6.14359046758e-22 0.
1538592512 1 11478.2548828 0. 6.13969560819e-22 0.
1538592572 1 11464.453125 0. 6.14122172952e-22 0.
1538592632 1 11450.3291016 0. 6.14196422146e-22 0.
1538592693 1 11461.8271484 0. 6.15671121623e-22 0.
1538592753 1 11436.5888672 0. 6.15175867142e-22 0.
1538592813 1 11419.8369141 0. 6.15175040809e-22 0.
1538592873 1 11404.8837891 0. 6.15249522906e-22 0.
1538592933 1 11387.1367188 0. 6.15147176455e-22 0.
1538592993 1 11372.6777344 0. 6.15230060404e-22 0.
1538593053 1 11332.6376953 0. 6.13939599834e-22 0.
1538593114 1 11290.6484375 0. 6.12523383443e-22 0.
1538593174 1 11264.0839844 0. 6.11961545177e-22 0.
1538593234 1 11202.3173828 0. 6.09484130256e-22 0.
1538593269 1 11218.4677734 0. 6.10832320242e-22 0.
1538593305 1 11208.1660156 0. 6.10838978424e-22 0.
1538593365 1 11196.1601562 0. 6.11026552388e-22 0.
1538593425 1 11171.5126953 0. 6.10514969781e-22 0.
1538593485 1 11148.7597656 0. 6.10086852599e-22 0.
1538593546 1 11132.4794922 0. 6.10049255482e-22 0.
1538593606 1 11107.3505859 0. 6.09537787184e-22 0.
1538593666 1 11029.6875 0. 6.06143975608e-22 0.
1538593726 1 10762.3486328 0. 5.92293288426e-22 0.
1538593786 1 10623.3535156 0. 5.85544971363e-22 0.
1538593846 1 11106.8330078 0. 6.12967762553e-22 0.
1538593906 1 11141.2978516 0. 6.15729512375e-22 0.
1538593966 1 11123.6884766 0. 6.1561269816e-22 0.
1538594027 1 11124.9619141 0. 6.16532624935e-22 0.
1538594087 1 11126.3769531 0. 6.1749288438e-22 0.
1538594147 1 11104.0849609 0. 6.17131430836e-22 0.
1538594207 1 11084.7744141 0. 6.16952332727e-22 0.
1538594267 1 11063.3808594 0. 6.16597596671e-22 0.
1538594318 1 11047.4384766 0. 6.16467624962e-22 0.
1538594370 1 11036.6416016 0. 6.16646538869e-22 0.
1538594430 1 11016.7226562 0. 6.16429034936e-22 0.
1538594490 1 11001.9511719 0. 6.16467418115e-22 0.
1538594550 1 10975.5136719 0. 6.15890803889e-22 0.
1538594610 1 10955.8398438 0. 6.1563686018e-22 0.
1538594670 1 10933.0585938 0. 6.15231730936e-22 0.
1538594731 1 10914.015625 0. 6.15060860823e-22 0.
1538594791 1 10899.6796875 0. 6.15132507593e-22 0.
1538594851 1 10874.0771484 0. 6.14567815694e-22 0.
1538594911 1 10855.5644531 0. 6.14382710407e-22 0.
1538594971 1 10860.7041016 0. 6.15550363224e-22 0.
1538595031 1 10859.4326172 0. 6.16386340093e-22 0.
1538595091 1 10837.2978516 0. 6.16030387834e-22 0.
1538595152 1 10820.6728516 0. 6.15956288513e-22 0.
1538595212 1 10801.4882812 0. 6.15740751611e-22 0.
1538595272 1 10786.7685547 0. 6.15785988307e-22 0.
1538595332 1 10764.0683594 0. 6.15370357158e-22 0.
1538595392 1 10743.7167969 0. 6.15110370981e-22 0.
1538595452 1 10730.5087891 0. 6.15262812266e-22 0.
1538595512 1 10706.0458984 0. 6.14772872549e-22 0.
1538595573 1 10683.8417969 0. 6.14385436219e-22 0.
1538595633 1 10662.0146484 0. 6.14018386183e-22 0.
1538595693 1 10648.2207031 0. 6.1407192989e-22 0.
1538595753 1 10630.5039062 0. 6.13931612392e-22 0.
1538595813 1 10615.4179688 0. 6.1391124476e-22 0.
1538595873 1 10590.6425781 0. 6.1335284262e-22 0.
1538595923 1 10582.9863281 0. 6.13638792617e-22 0.
1538595972 1 10564.5009766 0. 6.13315519554e-22 0.
1538596033 1 10544.0234375 0. 6.13007302329e-22 0.
1538596093 1 10519.7255859 0. 6.1243987942e-22 0.
1538596153 1 10530.4716797 0. 6.13954458254e-22 0.
1538596213 1 10525.4287109 0. 6.14541999865e-22 0.
1538596273 1 10512.5917969 0. 6.14664597256e-22 0.
1538596333 1 10477.9892578 0. 6.13526553111e-22 0.
1538596393 1 10470.6005859 0. 6.13948319103e-22 0.
1538596453 1 10453.0146484 0. 6.13773283793e-22 0.
1538596514 1 10434.0087891 0. 6.13562273063e-22 0.
1538596574 1 10428.6943359 0. 6.14144913063e-22 0.
1538596634 1 10388.6669922 0. 6.12639845346e-22 0.
1538596694 1 10367.5654297 0. 6.12258269481e-22 0.
1538596752 1 10360.6884766 0. 6.1266409655e-22 0.
1538596810 1 10344.5439453 0. 6.12558914322e-22 0.
1538596870 1 10341.1191406 0. 6.13243799276e-22 0.
1538596924 1 10314.953125 0. 6.12431492529e-22 0.
1538596977 1 10290.9560547 0. 6.11807716128e-22 0.
1538597037 1 10269.3095703 0. 6.11350510453e-22 0.
1538597097 1 10256.3164062 0. 6.11465124177e-22 0.
1538597157 1 10232.3369141 0. 6.10902772098e-22 0.
1538597218 1 10203.3330078 0. 6.10021618027e-22 0.
1538597278 1 10205.8144531 0. 6.11047241884e-22 0.
1538597338 1 10178.4892578 0. 6.10253309176e-22 0.
1538597398 1 10151.0126953 0. 6.0945270529e-22 0.
1538597458 1 10157.2910156 0. 6.1073693847e-22 0.
1538597518 1 10145.6630859 0. 6.10922564655e-22 0.
1538597578 1 10126.6220703 0. 6.10611073694e-22 0.
1538597639 1 10114.7851562 0. 6.10802878209e-22 0.
1538597682 1 10091.2480469 0. 6.09988270612e-22 0.
1538597725 1 10080.7792969 0. 6.10022497022e-22 0.
1538597785 1 10060.9589844 0. 6.09678256949e-22 0.
1538597845 1 10038.8447266 0. 6.0919235026e-22 0.
1538597906 1 10022.8642578 0. 6.09096617784e-22 0.
1538597966 1 10009.8701172 0. 6.09167282453e-22 0.
1538598026 1 9992.55273438 0. 6.08999080074e-22 0.
1538598086 1 9978.13574219 0. 6.08967824785e-22 0.
1538598146 1 9962.37597656 0. 6.08864227526e-22 0.
1538598206 1 9939.54394531 0. 6.08331492811e-22 0.
1538598266 1 9909.69042969 0. 6.07365965925e-22 0.
1538598326 1 9899.16503906 0. 6.07550720354e-22 0.
1538598387 1 9882.18554688 0. 6.07372468042e-22 0.
1538598447 1 9857.27734375 0. 6.06692741739e-22 0.
1538598507 1 9821.10253906 0. 6.05329744082e-22 0.
1538598567 1 9842.88378906 0. 6.07527150983e-22 0.
1538598627 1 9852.19042969 0. 6.08996566394e-22 0.
1538598687 1 9830.13964844 0. 6.08496407409e-22 0.
1538598747 1 9804.32519531 0. 6.07809717988e-22 0.
1538598808 1 9778.79785156 0. 6.07089154566e-22 0.
1538598868 1 9751.16015625 0. 6.06226048065e-22 0.
1538598928 1 9737.29589844 0. 6.06212980023e-22 0.
1538598988 1 9724.98144531 0. 6.06315764431e-22 0.
1538599048 1 9681.86132812 0. 6.04501363256e-22 0.
1538599108 1 9684.39453125 0. 6.0548784369e-22 0.
1538599168 1 9659.57421875 0. 6.04747213611e-22 0.
1538599228 1 9631.54199219 0. 6.03853997689e-22 0.
1538599264 1 9611.10546875 0. 6.03038568279e-22 0.
1538599300 1 9614.05859375 0. 6.03773395011e-22 0.
1538599360 1 9582.92382812 0. 6.02658156598e-22 0.
1538599420 1 9555.96386719 0. 6.01817235877e-22 0.
1538599455 1 1833.33569336 0. 2.60104069077e-22 0.
1538599491 1 0.192529276013 0. 0.0 0.
1538599551 1 0.170922115445 0. 0.0 0.
1538599611 1 0.161214545369 0. 0.0 0.
