1538617719 1 18667.4609375 0. 6.22328491367e-22 0.
1538617752 1 18630.1113281 0. 6.21882354607e-22 0.
1538617789 1 18624.65625 0. 6.22603344707e-22 0.
1538617849 1 18559.4570312 0. 6.2204199348e-22 0.
1538617909 1 18485.5195312 0. 6.21050490692e-22 0.
1538617969 1 18351.9414062 0. 6.17987769985e-22 0.
1538618014 1 18282.9941406 0. 6.16779743786e-22 0.
1538618045 1 18271.8125 0. 6.17156376883e-22 0.
1538618091 1 18131.0039062 0. 6.13453562464e-22 0.
1538618152 1 18053.40625 0. 6.12317597731e-22 0.
1538618205 1 18012.6289062 0. 6.12339823287e-22 0.
1538618259 1 17985.0175781 0. 6.12719684103e-22 0.
1538618294 1 17981.4375 0. 6.13368286581e-22 0.
1538618330 1 17957.3164062 0. 6.13523937551e-22 0.
1538618375 1 17919.5527344 0. 6.13242780768e-22 0.
1538618420 1 17880.7753906 0. 6.12997187746e-22 0.
1538618480 1 17731.3964844 0. 6.09274335871e-22 0.
1538618540 1 17655.9394531 0. 6.08055483117e-22 0.
1538618600 1 17587.484375 0. 6.07032810907e-22 0.
1538618660 1 17535.9042969 0. 6.06536940699e-22 0.
1538618702 1 17467.4492188 0. 6.05056753399e-22 0.
1538618720 1 5889.5078125 0. 2.04760283968e-22 0.
1538618731 1 1967.66467285 0. 6.82957322608e-23 0.
1538618740 1 3275.90795898 0. 1.13724990477e-22 0.
1538618749 1 5054.50537109 0. 1.75393103629e-22 0.
1538618757 1 6925.24169922 0. 2.40430841276e-22 0.
1538618766 1 10000.8789062 0. 3.4708193965e-22 0.
1538618775 1 11990.8916016 0. 4.16364495582e-22 0.
1538618784 1 15081.4746094 0. 5.23622117081e-22 0.
1538618792 1 16126.7041016 0. 5.60064970828e-22 0.
1538618801 1 17398.9980469 0. 6.04397429447e-22 0.
1538618810 1 16365.1894531 0. 5.68712767545e-22 0.
1538618818 1 15333.1591797 0. 5.32962843652e-22 0.
1538618827 1 12324.78125 0. 4.28655435641e-22 0.
1538618836 1 10429.7138672 0. 3.62737513837e-22 0.
1538618845 1 7349.91943359 0. 2.558292074e-22 0.
1538618854 1 5501.16943359 0. 1.91447886639e-22 0.
1538618862 1 3549.87207031 0. 1.23642685468e-22 0.
1538618871 1 2268.27783203 0. 7.90188088799e-23 0.
1538618888 1 6142.53808594 0. 2.14616956681e-22 0.
1538618904 1 2207.79101562 0. 7.71223586572e-23 0.
1538618913 1 3630.21313477 0. 1.26769808883e-22 0.
1538618921 1 5673.51855469 0. 1.9796312165e-22 0.
1538618930 1 7849.97509766 0. 2.74005633428e-22 0.
1538618938 1 11460.7246094 0. 3.99748032633e-22 0.
1538618947 1 13541.2109375 0. 4.72536859089e-22 0.
1538618955 1 16827.703125 0. 5.87098595006e-22 0.
1538618963 1 17198.5136719 0. 6.00204312581e-22 0.
1538618972 1 17289.4375 0. 6.03576310974e-22 0.
1538618980 1 14245.7392578 0. 4.97678192919e-22 0.
1538618989 1 12384.9873047 0. 4.32730910575e-22 0.
1538618997 1 8407.52246094 0. 2.9413789239e-22 0.
1538619006 1 6362.44628906 0. 2.22620055526e-22 0.
1538619014 1 4049.96582031 0. 1.41897275884e-22 0.
1538619023 1 2511.4855957 0. 8.80627676662e-23 0.
1538619031 1 1536.84838867 0. 5.39451311073e-23 0.
1538619039 1 815.539978027 0. 2.86676348988e-23 0.
1538619049 1 3673.29003906 0. 1.29075560275e-22 0.
1538619083 1 17113.1191406 0. 5.99358603098e-22 0.
1538619144 1 17054.8222656 0. 5.98426806921e-22 0.
1538619196 1 17032.9082031 0. 5.98672124822e-22 0.
1538619249 1 16940.3046875 0. 5.96428582994e-22 0.
1538619309 1 16852.6757812 0. 5.94487836067e-22 0.
1538619363 1 16791.3417969 0. 5.93316731546e-22 0.
1538619417 1 16543.3984375 0. 5.8555462139e-22 0.
1538619477 1 16203.3691406 0. 5.74626948446e-22 0.
1538619537 1 16679.78125 0. 5.92574813213e-22 0.
1538619584 1 17524.7910156 0. 6.23412570617e-22 0.
1538619631 1 17488.4785156 0. 6.23036316334e-22 0.
1538619691 1 17451.6601562 0. 6.22864043109e-22 0.
1538619751 1 17559.0429688 0. 6.27874904808e-22 0.
1538619787 1 17606.8808594 0. 6.30255555423e-22 0.
1538619798 1 17585.3417969 0. 6.2971966725e-22 0.
1538619816 1 17574.9628906 0. 6.29717405847e-22 0.
1538619860 1 17533.1445312 0. 6.2906837433e-22 0.
1538619920 1 17479.4375 0. 6.28297946383e-22 0.
1538619980 1 17438.0957031 0. 6.27928950843e-22 0.
1538620041 1 17399.2675781 0. 6.27655099674e-22 0.
1538620101 1 17419.0175781 0. 6.29510072735e-22 0.
1538620161 1 17390.2207031 0. 6.29610814021e-22 0.
1538620221 1 17353.9765625 0. 6.29453113032e-22 0.
1538620280 1 17306.1230469 0. 6.28826352419e-22 0.
1538620338 1 17296.8398438 0. 6.29577536334e-22 0.
1538620398 1 17244.3613281 0. 6.28790666277e-22 0.
1538620441 1 17211.3164062 0. 6.28375378515e-22 0.
1538620485 1 17141.5039062 0. 6.26617200434e-22 0.
1538620521 1 17017.4121094 0. 6.22718488492e-22 0.
1538620557 1 17064.3476562 0. 6.25125162188e-22 0.
1538620617 1 17053.359375 0. 6.25809215988e-22 0.
1538620677 1 17031.21875 0. 6.26021382687e-22 0.
1538620738 1 16991.1816406 0. 6.25598403691e-22 0.
1538620798 1 16955.0332031 0. 6.25356283853e-22 0.
1538620858 1 16948.1132812 0. 6.26187228434e-22 0.
1538620918 1 16910.5449219 0. 6.25892113626e-22 0.
1538620978 1 16866.765625 0. 6.25364025118e-22 0.
1538621038 1 16834.875 0. 6.25244207405e-22 0.
1538621099 1 16797.5175781 0. 6.24950092349e-22 0.
1538621159 1 16748.4023438 0. 6.24147771622e-22 0.
1538621219 1 16705.1464844 0. 6.2359372864e-22 0.
1538621279 1 16491.1152344 0. 6.1662188867e-22 0.
1538621339 1 16272.0732422 0. 6.09438854212e-22 0.
1538621399 1 15672.4746094 0. 5.8805152265e-22 0.
1538621460 1 16713.8730469 0. 6.28090961218e-22 0.
1538621520 1 16723.9628906 0. 6.29485171565e-22 0.
1538621580 1 16689.9824219 0. 6.29231959563e-22 0.
1538621617 1 16669.5332031 0. 6.29056209343e-22 0.
1538621629 1 16663.2109375 0. 6.29040619118e-22 0.
1538621664 1 16646.15625 0. 6.29057543501e-22 0.
1538621724 1 16674.2148438 0. 6.31146934468e-22 0.
1538621784 1 16635.2558594 0. 6.30718408459e-22 0.
1538621844 1 16587.875 0. 6.29974682108e-22 0.
1538621905 1 16551.6328125 0. 6.29607371617e-22 0.
1538621965 1 16521.2578125 0. 6.29514246502e-22 0.
1538622025 1 16477.7558594 0. 6.28870569039e-22 0.
1538622085 1 16447.7246094 0. 6.28778870815e-22 0.
1538622145 1 16416.0976562 0. 6.28594301714e-22 0.
1538622205 1 16386.296875 0. 6.28449427507e-22 0.
1538622265 1 16351.0634766 0. 6.28093425285e-22 0.
1538622325 1 16321.6992188 0. 6.27995686743e-22 0.
1538622385 1 16289.1181641 0. 6.27722739928e-22 0.
1538622445 1 16248.5058594 0. 6.27117113306e-22 0.
1538622505 1 16220.8476562 0. 6.27023664367e-22 0.
1538622565 1 16195.5205078 0. 6.27054074818e-22 0.
1538622625 1 16202.6503906 0. 6.28374834093e-22 0.
1538622685 1 16158.2421875 0. 6.27651236197e-22 0.
1538622745 1 16126.5107422 0. 6.27364311118e-22 0.
1538622806 1 16092.9873047 0. 6.27045987475e-22 0.
1538622866 1 16059.9697266 0. 6.26741042061e-22 0.
1538622926 1 16022.1376953 0. 6.26298494602e-22 0.
1538622986 1 15988.6669922 0. 6.25952060026e-22 0.
1538623046 1 15958.9609375 0. 6.25786640169e-22 0.
1538623106 1 15929.8613281 0. 6.25589449615e-22 0.
1538623163 1 15885.5751953 0. 6.24779167322e-22 0.
1538623221 1 15837.5058594 0. 6.23830401286e-22 0.
1538623281 1 15808.2080078 0. 6.23648841743e-22 0.
1538623326 1 15794.8886719 0. 6.2382188331e-22 0.
1538623372 1 15773.7832031 0. 6.23763925519e-22 0.
1538623432 1 15767.2832031 0. 6.2448621283e-22 0.
1538623492 1 15746.0126953 0. 6.24624526582e-22 0.
1538623552 1 15699.9306641 0. 6.23784972914e-22 0.
1538623612 1 15664.4423828 0. 6.23347746589e-22 0.
1538623672 1 15631.234375 0. 6.2301019031e-22 0.
1538623728 1 15609.8447266 0. 6.23078891891e-22 0.
1538623784 1 15579.3232422 0. 6.22752938796e-22 0.
1538623844 1 15546.8515625 0. 6.22418642631e-22 0.
1538623904 1 15515.1806641 0. 6.22112511348e-22 0.
1538623964 1 15476.8847656 0. 6.21536406609e-22 0.
1538624024 1 15443.5029297 0. 6.2115612172e-22 0.
1538624074 1 15394.7480469 0. 6.19950729204e-22 0.
1538624123 1 15369.4970703 0. 6.19706599026e-22 0.
1538624184 1 15341.5498047 0. 6.19555245371e-22 0.
1538624244 1 15314.2431641 0. 6.19407084428e-22 0.
1538624304 1 15278.4033203 0. 6.188859216e-22 0.
1538624364 1 15298.0976562 0. 6.20628379536e-22 0.
1538624424 1 15289.8896484 0. 6.21255524541e-22 0.
1538624484 1 15249.5224609 0. 6.20555309516e-22 0.
1538624545 1 15203.0898438 0. 6.19648885697e-22 0.
1538624605 1 15159.5126953 0. 6.18813411925e-22 0.
1538624665 1 15135.9384766 0. 6.18833439327e-22 0.
1538624725 1 15108.1201172 0. 6.18600466552e-22 0.
1538624785 1 15068.4169922 0. 6.17880408523e-22 0.
1538624845 1 15039.9306641 0. 6.17680332921e-22 0.
1538624906 1 15015.2011719 0. 6.17605288762e-22 0.
1538624966 1 14969.7714844 0. 6.16661812805e-22 0.
1538625025 1 14922.2041016 0. 6.15633985432e-22 0.
1538625085 1 14912.1845703 0. 6.16146318967e-22 0.
1538625145 1 14874.6650391 0. 6.15507823295e-22 0.
1538625205 1 14850.1103516 0. 6.15407409643e-22 0.
1538625265 1 14820.6630859 0. 6.15118659589e-22 0.
1538625325 1 14833.5566406 0. 6.16589603367e-22 0.
1538625386 1 14782.3671875 0. 6.15414126842e-22 0.
1538625425 1 14760.3544922 0. 6.15075890455e-22 0.
1538625465 1 14735.5322266 0. 6.14672436012e-22 0.
1538625525 1 14706.7587891 0. 6.14382290417e-22 0.
1538625585 1 14664.9716797 0. 6.13582357008e-22 0.
1538625645 1 14616.8115234 0. 6.12477034006e-22 0.
1538625706 1 14577.4433594 0. 6.11734223548e-22 0.
1538625766 1 14561.0742188 0. 6.11953957773e-22 0.
1538625826 1 14541.4521484 0. 6.12064438835e-22 0.
1538625886 1 14514.6328125 0. 6.11823680832e-22 0.
1538625946 1 14476.6171875 0. 6.11124034942e-22 0.
1538626001 1 14410.1796875 0. 6.09110290029e-22 0.
1538626055 1 14403.6777344 0. 6.0964560616e-22 0.
1538626116 1 14379.2382812 0. 6.09504566352e-22 0.
1538626176 1 14349.0410156 0. 6.09108212084e-22 0.
1538626236 1 14304.8154297 0. 6.08142172536e-22 0.
1538626296 1 14318.1728516 0. 6.09628631681e-22 0.
1538626356 1 13996.4980469 0. 5.96811232052e-22 0.
1538626416 1 13511.0175781 0. 5.77044659485e-22 0.
1538626476 1 14587.3828125 0. 6.23893912144e-22 0.
1538626537 1 14642.1865234 0. 6.271493741e-22 0.
1538626597 1 14618.2333984 0. 6.27072339528e-22 0.
1538626634 1 14597.0957031 0. 6.26721910725e-22 0.
1538626671 1 14575.8144531 0. 6.26412428675e-22 0.
1538626731 1 14553.6953125 0. 6.26426340667e-22 0.
1538626791 1 14536.8925781 0. 6.26613005699e-22 0.
1538626851 1 14500.2402344 0. 6.25992439641e-22 0.
1538626911 1 14479.7900391 0. 6.26021186218e-22 0.
1538626972 1 14432.2392578 0. 6.24940904897e-22 0.
1538627030 1 14421.7402344 0. 6.25369895892e-22 0.
1538627088 1 14392.7871094 0. 6.25037774173e-22 0.
1538627148 1 14366.2138672 0. 6.2482758318e-22 0.
1538627208 1 14339.8398438 0. 6.24611039018e-22 0.
1538627268 1 14309.1044922 0. 6.24190355504e-22 0.
1538627328 1 14340.5947266 0. 6.26510977522e-22 0.
1538627388 1 14309.1152344 0. 6.26066657926e-22 0.
1538627448 1 14280.9882812 0. 6.25798804044e-22 0.
1538627509 1 14259.453125 0. 6.25789637549e-22 0.
1538627569 1 14227.8310547 0. 6.25356836777e-22 0.
1538627629 1 14194.5917969 0. 6.24850051633e-22 0.
1538627689 1 14170.265625 0. 6.24716543289e-22 0.
1538627749 1 14147.0166016 0. 6.24629669839e-22 0.
1538627809 1 14121.3769531 0. 6.24412001705e-22 0.
1538627869 1 14099.1738281 0. 6.24340135208e-22 0.
1538627929 1 14069.7753906 0. 6.23959924321e-22 0.
1538627990 1 14044.2353516 0. 6.23742903888e-22 0.
1538628050 1 14019.9394531 0. 6.23558496369e-22 0.
1538628110 1 13995.9042969 0. 6.23434333445e-22 0.
1538628170 1 13962.9375 0. 6.2288578972e-22 0.
1538628230 1 13940.0839844 0. 6.22786887394e-22 0.
1538628290 1 13936.0097656 0. 6.23536257683e-22 0.
1538628350 1 13934.6054688 0. 6.24438228401e-22 0.
1538628410 1 13913.4746094 0. 6.24438123243e-22 0.
1538628471 1 13891.3378906 0. 6.24403972138e-22 0.
1538628531 1 13865.7060547 0. 6.24193263392e-22 0.
1538628576 1 13848.0087891 0. 6.24071220327e-22 0.
1538628622 1 13813.2626953 0. 6.23214070187e-22 0.
1538628682 1 13792.5195312 0. 6.23245656189e-22 0.
1538628742 1 13766.7685547 0. 6.22996701881e-22 0.
1538628802 1 13736.0439453 0. 6.22494860443e-22 0.
1538628862 1 13711.9306641 0. 6.22342716251e-22 0.
1538628923 1 13694.8339844 0. 6.22524231817e-22 0.
1538628983 1 13665.4804688 0. 6.22109183905e-22 0.
1538629043 1 13648.5429688 0. 6.22240360398e-22 0.
1538629103 1 13636.7431641 0. 6.2259596647e-22 0.
1538629163 1 13617.4951172 0. 6.22658354018e-22 0.
1538629223 1 13602.3183594 0. 6.22862462284e-22 0.
1538629283 1 13617.9072266 0. 6.24512562988e-22 0.
1538629343 1 13591.3193359 0. 6.24228239135e-22 0.
1538629404 1 13566.953125 0. 6.24032107196e-22 0.
1538629464 1 13539.4511719 0. 6.236802571e-22 0.
1538629524 1 13518.6757812 0. 6.23642548184e-22 0.
1538629584 1 13494.4326172 0. 6.23421380931e-22 0.
1538629644 1 13466.7089844 0. 6.23099043705e-22 0.
1538629704 1 13449.671875 0. 6.2322548607e-22 0.
1538629764 1 13435.0371094 0. 6.23475344638e-22 0.
1538629804 1 13417.9541016 0. 6.23267924892e-22 0.
1538629844 1 13390.9306641 0. 6.2261734944e-22 0.
1538629904 1 13374.2636719 0. 6.22740482411e-22 0.
1538629964 1 13342.2929688 0. 6.22184086388e-22 0.
1538629999 1 13338.9882812 0. 6.22559860448e-22 0.
1538630035 1 13331.5341797 0. 6.22765343579e-22 0.
1538630095 1 13317.8886719 0. 6.23035823901e-22 0.
1538630155 1 13297.4394531 0. 6.22972459735e-22 0.
1538630205 1 13276.6054688 0. 6.22747486642e-22 0.
1538630255 1 13253.9375 0. 6.22434443589e-22 0.
1538630316 1 13227.7919922 0. 6.22113771276e-22 0.
1538630376 1 13252.765625 0. 6.24204995771e-22 0.
1538630436 1 13222.1875 0. 6.23704841865e-22 0.
1538630496 1 13188.6806641 0. 6.23041817396e-22 0.
1538630556 1 13158.7988281 0. 6.22547700407e-22 0.
1538630616 1 13156.328125 0. 6.23319929884e-22 0.
1538630676 1 13126.6044922 0. 6.22815356336e-22 0.
1538630736 1 13106.5878906 0. 6.22790928512e-22 0.
1538630797 1 13074.7011719 0. 6.22173102974e-22 0.
1538630857 1 13043.8691406 0. 6.21583395778e-22 0.
1538630917 1 13028.7636719 0. 6.21763703756e-22 0.
1538630977 1 13005.6601562 0. 6.21570719789e-22 0.
1538631037 1 12987.6376953 0. 6.2164356766e-22 0.
1538631088 1 12962.5957031 0. 6.21207752311e-22 0.
1538631138 1 12947.1972656 0. 6.21249796694e-22 0.
1538631199 1 12911.9501953 0. 6.20457593705e-22 0.
1538631259 1 12887.2890625 0. 6.20160769448e-22 0.
1538631319 1 12866.625 0. 6.2008649394e-22 0.
1538631379 1 12876.9599609 0. 6.21466580139e-22 0.
1538631439 1 12870.0117188 0. 6.22081858937e-22 0.
1538631499 1 12842.1904297 0. 6.21640802778e-22 0.
1538631559 1 12820.8740234 0. 6.2151408496e-22 0.
1538631620 1 12794.0136719 0. 6.21135976736e-22 0.
1538631680 1 12773.5800781 0. 6.21050491686e-22 0.
1538631740 1 12756.0800781 0. 6.21108700595e-22 0.
1538631800 1 12728.4980469 0. 6.20672267469e-22 0.
1538631860 1 12706.8974609 0. 6.20524131562e-22 0.
1538631920 1 12682.9443359 0. 6.2026472796e-22 0.
1538631980 1 12654.0195312 0. 6.19770279989e-22 0.
1538632040 1 12631.0957031 0. 6.19544095678e-22 0.
1538632101 1 12604.8076172 0. 6.19128001858e-22 0.
1538632161 1 12586.6787109 0. 6.1915120599e-22 0.
1538632221 1 12567.8164062 0. 6.19110381621e-22 0.
1538632281 1 12545.3671875 0. 6.18903427135e-22 0.
1538632341 1 12519.7128906 0. 6.18485630112e-22 0.
1538632382 1 12502.6738281 0. 6.18203520048e-22 0.
1538632423 1 12481.8662109 0. 6.17823894491e-22 0.
1538632483 1 12463.8300781 0. 6.17844099437e-22 0.
1538632543 1 12470.21875 0. 6.19088710977e-22 0.
1538632603 1 12455.3701172 0. 6.19273867366e-22 0.
1538632663 1 12436.7177734 0. 6.19256624713e-22 0.
1538632723 1 12420.5087891 0. 6.19376362582e-22 0.
1538632766 1 12391.0751953 0. 6.18511883947e-22 0.
1538632809 1 12384.6308594 0. 6.18866389037e-22 0.
1538632869 1 12356.0380859 0. 6.18353879014e-22 0.
1538632930 1 12342.6298828 0. 6.18585571914e-22 0.
1538632990 1 12316.2216797 0. 6.18160039263e-22 0.
1538633050 1 12294.5957031 0. 6.17991387939e-22 0.
1538633110 1 12266.3085938 0. 6.1747684735e-22 0.
1538633170 1 12239.4453125 0. 6.17003836859e-22 0.
1538633230 1 12220.9208984 0. 6.16952847974e-22 0.
1538633290 1 12191.9462891 0. 6.16403944429e-22 0.
1538633350 1 12168.2275391 0. 6.16097311398e-22 0.
1538633411 1 12151.1396484 0. 6.16124037351e-22 0.
1538633471 1 12141.0869141 0. 6.16473071263e-22 0.
1538633531 1 12144.4580078 0. 6.1755557712e-22 0.
1538633591 1 12112.3662109 0. 6.16812550064e-22 0.
1538633651 1 12091.5859375 0. 6.16689924744e-22 0.
1538633711 1 12076.7753906 0. 6.16835651891e-22 0.
1538633771 1 12050.828125 0. 6.16416650626e-22 0.
1538633831 1 12024.4384766 0. 6.15998787616e-22 0.
1538633871 1 12005.9042969 0. 6.15618149666e-22 0.
1538633911 1 11986.2509766 0. 6.15232692888e-22 0.
1538633971 1 11981.3339844 0. 6.15874672888e-22 0.
1538634031 1 11955.0195312 0. 6.15418532069e-22 0.
1538634091 1 11949.3886719 0. 6.1601641979e-22 0.
1538634151 1 11923.0986328 0. 6.15570304128e-22 0.
1538634212 1 11891.2539062 0. 6.14847502349e-22 0.
1538634272 1 11863.1923828 0. 6.14304426491e-22 0.
1538634332 1 11851.5195312 0. 6.14568183811e-22 0.
1538634392 1 11830.5683594 0. 6.14340830363e-22 0.
1538634452 1 11820.9824219 0. 6.14765596666e-22 0.
1538634512 1 11792.6220703 0. 6.14179819496e-22 0.
1538634573 1 11775.6269531 0. 6.1419850076e-22 0.
1538634633 1 11765.2695312 0. 6.14525883138e-22 0.
1538634693 1 11783.0996094 0. 6.16379403904e-22 0.
1538634753 1 11755.2275391 0. 6.15831890919e-22 0.
1538634813 1 11728.8583984 0. 6.1535493981e-22 0.
1538634873 1 11702.9365234 0. 6.14896510735e-22 0.
1538634933 1 11693.3857422 0. 6.15297160045e-22 0.
1538634994 1 11655.5400391 0. 6.14163305868e-22 0.
1538635054 1 11599.5029297 0. 6.12106078972e-22 0.
1538635114 1 11576.8408203 0. 6.11786621671e-22 0.
1538635174 1 11554.7822266 0. 6.11527310062e-22 0.
1538635234 1 11533.5214844 0. 6.1127273452e-22 0.
1538635294 1 11522.8320312 0. 6.11622727253e-22 0.
1538635355 1 11503.1855469 0. 6.11465634426e-22 0.
1538635415 1 11481.5664062 0. 6.1123383149e-22 0.
1538635456 1 11473.9697266 0. 6.1139291391e-22 0.
1538635497 1 11461.6201172 0. 6.11399583674e-22 0.
1538635557 1 11422.9023438 0. 6.10212465822e-22 0.
1538635617 1 11396.5546875 0. 6.09648273853e-22 0.
1538635677 1 11391.1318359 0. 6.10258943182e-22 0.
1538635737 1 11393.5439453 0. 6.11293521441e-22 0.
1538635798 1 11407.7724609 0. 6.12990664583e-22 0.
1538635858 1 11380.6357422 0. 6.12422462854e-22 0.
1538635918 1 11352.6044922 0. 6.11784342631e-22 0.
1538635978 1 11329.6796875 0. 6.11427124904e-22 0.
1538636039 1 11311.4765625 0. 6.1135270821e-22 0.
1538636099 1 11292.078125 0. 6.11169094543e-22 0.
1538636159 1 11268.6347656 0. 6.10779392538e-22 0.
1538636219 1 11264.3691406 0. 6.11438260002e-22 0.
1538636279 1 11232.4804688 0. 6.10600624227e-22 0.
1538636339 1 11209.1962891 0. 6.10204740611e-22 0.
1538636399 1 11193.84375 0. 6.10260838433e-22 0.
1538636459 1 11183.9179688 0. 6.10638785156e-22 0.
1538636520 1 11161.9550781 0. 6.10343345867e-22 0.
1538636580 1 11137.6240234 0. 6.09879966084e-22 0.
1538636640 1 11119.6767578 0. 6.09811563763e-22 0.
1538636700 1 11100.2675781 0. 6.09641617575e-22 0.
1538636760 1 11099.0029297 0. 6.10461991454e-22 0.
1538636820 1 11085.4443359 0. 6.10570913264e-22 0.
1538636880 1 11056.8652344 0. 6.0987329966e-22 0.
1538636932 1 11006.7861328 0. 6.07856946284e-22 0.
1538636984 1 11042.4912109 0. 6.10615386283e-22 0.
1538637044 1 11028.1992188 0. 6.10710799354e-22 0.
1538637105 1 11008.0800781 0. 6.10482761862e-22 0.
1538637165 1 10990.6943359 0. 6.10400716425e-22 0.
1538637225 1 10979.40625 0. 6.10645801084e-22 0.
1538637285 1 10969.5253906 0. 6.11008233246e-22 0.
1538637345 1 10954.7177734 0. 6.11073953578e-22 0.
1538637405 1 10938.0703125 0. 6.11024883665e-22 0.
1538637465 1 10928.6015625 0. 6.11403416174e-22 0.
1538637525 1 10903.0605469 0. 6.10937694462e-22 0.
1538637586 1 10878.2597656 0. 6.10455385637e-22 0.
1538637646 1 10848.0263672 0. 6.09670363524e-22 0.
1538637706 1 10833.7470703 0. 6.09703532602e-22 0.
1538637766 1 10810.8291016 0. 6.09308175818e-22 0.
1538637826 1 10793.0400391 0. 6.09233168746e-22 0.
1538637886 1 10773.6259766 0. 6.09037076811e-22 0.
1538637947 1 10753.2890625 0. 6.08772319633e-22 0.
1538638007 1 10774.3662109 0. 6.10859628989e-22 0.
1538638067 1 10759.1152344 0. 6.10902663334e-22 0.
1538638127 1 10737.0507812 0. 6.10543343272e-22 0.
1538638187 1 10715.7382812 0. 6.10220552994e-22 0.
1538638247 1 10687.6855469 0. 6.09517439759e-22 0.
1538638307 1 10662.9267578 0. 6.08963531479e-22 0.
1538638367 1 10639.0087891 0. 6.08471957974e-22 0.
1538638428 1 10622.2128906 0. 6.08418044108e-22 0.
1538638488 1 10596.6474609 0. 6.07848660859e-22 0.
1538638548 1 10578.4580078 0. 6.07691034938e-22 0.
1538638583 1 10577.6279297 0. 6.08131438927e-22 0.
1538638618 1 10563.5039062 0. 6.07871340417e-22 0.
1538638664 1 10551.8339844 0. 6.07846164106e-22 0.
1538638709 1 10533.6425781 0. 6.07461419381e-22 0.
1538638769 1 10522.0634766 0. 6.07674091715e-22 0.
1538638829 1 10491.8154297 0. 6.06814182961e-22 0.
1538638890 1 10467.3115234 0. 6.06260901847e-22 0.
1538638950 1 10442.8935547 0. 6.05719199595e-22 0.
1538639010 1 10419.5146484 0. 6.05221601994e-22 0.
1538639070 1 10409.3417969 0. 6.05492925143e-22 0.
1538639130 1 10385.5595703 0. 6.05000362763e-22 0.
1538639190 1 10365.0976562 0. 6.0467614616e-22 0.
1538639250 1 10376.546875 0. 6.06247563493e-22 0.
1538639311 1 10348.3193359 0. 6.05469441737e-22 0.
1538639371 1 10337.4296875 0. 6.05714888844e-22 0.
1538639431 1 10314.203125 0. 6.05216822753e-22 0.
1538639491 1 10297.4443359 0. 6.05112013909e-22 0.
1538639551 1 10274.9550781 0. 6.04656409369e-22 0.
1538639611 1 10250.0751953 0. 6.04056108268e-22 0.
1538639672 1 10235.8203125 0. 6.04092851167e-22 0.
1538639732 1 10098.1337891 0. 5.968467608e-22 0.
1538639792 1 9707.69238281 0. 5.74558432822e-22 0.
1538639852 1 10187.3994141 0. 6.03884131553e-22 0.
1538639912 1 10342.1015625 0. 6.13853732217e-22 0.
1538639972 1 10475.3476562 0. 6.22649001204e-22 0.
1538640032 1 10460.7177734 0. 6.2265371889e-22 0.
1538640092 1 10444.8457031 0. 6.22644617645e-22 0.
1538640153 1 10424.875 0. 6.22354373118e-22 0.
1538640213 1 10407.3662109 0. 6.22227912363e-22 0.
1538640249 1 10399.8164062 0. 6.22346603333e-22 0.
1538640285 1 10386.0449219 0. 6.22031626478e-22 0.
1538640345 1 10372.6787109 0. 6.2213812943e-22 0.
1538640405 1 10351.2138672 0. 6.21770711908e-22 0.
1538640465 1 10366.265625 0. 6.2356736129e-22 0.
1538640525 1 10353.1484375 0. 6.23694122729e-22 0.
1538640585 1 10336.3740234 0. 6.23621853401e-22 0.
1538640646 1 10317.3603516 0. 6.23366255781e-22 0.
1538640706 1 10302.7851562 0. 6.23411025899e-22 0.
1538640766 1 10286.5605469 0. 6.23348844289e-22 0.
1538640826 1 10266.1650391 0. 6.23011439465e-22 0.
1538640886 1 10251.9726562 0. 6.23079584362e-22 0.
1538640947 1 10230.1503906 0. 6.22673188188e-22 0.
1538641007 1 10211.1191406 0. 6.22450838628e-22 0.
1538641067 1 10198.9882812 0. 6.22644212567e-22 0.
1538641127 1 10185.6777344 0. 6.22769650475e-22 0.
1538641187 1 10169.4589844 0. 6.22689523784e-22 0.
1538641247 1 10144.609375 0. 6.22096974474e-22 0.
1538641307 1 10127.8496094 0. 6.21961420527e-22 0.
1538641367 1 10111.265625 0. 6.21882689911e-22 0.
1538641420 1 10095.7001953 0. 6.21714602528e-22 0.
1538641473 1 10081.4833984 0. 6.21597125729e-22 0.
1538641533 1 10063.2773438 0. 6.21376118857e-22 0.
1538641593 1 10051.0234375 0. 6.21508586706e-22 0.
1538641653 1 10064.7626953 0. 6.23313507589e-22 0.
1538641713 1 10043.5048828 0. 6.22914007692e-22 0.
1538641774 1 10022.2412109 0. 6.22528415174e-22 0.
1538641834 1 10003.1220703 0. 6.22249856017e-22 0.
1538641894 1 9985.71289062 0. 6.22105545951e-22 0.
1538641954 1 9973.6171875 0. 6.22261257544e-22 0.
1538642014 1 9956.95996094 0. 6.22156535229e-22 0.
1538642074 1 9937.38476562 0. 6.21853759981e-22 0.
1538642134 1 9926.69042969 0. 6.22133026293e-22 0.
1538642194 1 9908.72070312 0. 6.21914187654e-22 0.
1538642255 1 9890.81152344 0. 6.21706906591e-22 0.
1538642315 1 9830.97070312 0. 6.18847467073e-22 0.
1538642375 1 9846.22460938 0. 6.20694170571e-22 0.
1538642435 1 9815.33789062 0. 6.19634382891e-22 0.
1538642495 1 9804.71386719 0. 6.19896595313e-22 0.
1538642555 1 9791.66015625 0. 6.19990035592e-22 0.
1538642615 1 9776.91992188 0. 6.19944392693e-22 0.
1538642675 1 9762.82324219 0. 6.19948473169e-22 0.
1538642735 1 9742.44042969 0. 6.1957875057e-22 0.
1538642796 1 9760.57128906 0. 6.21676280646e-22 0.
1538642831 1 9751.38476562 0. 6.21636853385e-22 0.
1538642866 1 9736.234375 0. 6.21255708252e-22 0.
1538642926 1 9720.80664062 0. 6.21169943219e-22 0.
1538642986 1 9698.67382812 0. 6.20685220698e-22 0.
1538643046 1 9683.55761719 0. 6.20642965902e-22 0.
1538643106 1 9668.94921875 0. 6.20649931265e-22 0.
1538643166 1 9648.64355469 0. 6.20274536831e-22 0.
1538643227 1 9628.84082031 0. 6.19920620663e-22 0.
1538643274 1 9620.85742188 0. 6.20103957531e-22 0.
1538643321 1 9610.06933594 0. 6.20154384509e-22 0.
1538643381 1 9595.01464844 0. 6.20107458499e-22 0.
1538643441 1 9583.44042969 0. 6.20262864674e-22 0.
1538643501 1 9565.68066406 0. 6.20019707506e-22 0.
1538643562 1 9547.73046875 0. 6.19793445699e-22 0.
1538643622 1 9529.515625 0. 6.19519158126e-22 0.
1538643682 1 9508.73144531 0. 6.190526071e-22 0.
1538643742 1 9495.91796875 0. 6.19129023783e-22 0.
1538643802 1 9485.34375 0. 6.19347386825e-22 0.
1538643862 1 9466.64550781 0. 6.19043220626e-22 0.
1538643922 1 9461.00390625 0. 6.19598157233e-22 0.
1538643982 1 9455.49707031 0. 6.20119559676e-22 0.
1538644025 1 9476.37695312 0. 6.22101828661e-22 0.
1538644068 1 9460.0546875 0. 6.21740680861e-22 0.
1538644128 1 9445.35644531 0. 6.21690485143e-22 0.
1538644188 1 9428.45019531 0. 6.21507137266e-22 0.
1538644248 1 9412.6015625 0. 6.21388278464e-22 0.
1538644308 1 9401.20410156 0. 6.21554382766e-22 0.
1538644368 1 9389.16601562 0. 6.21700191825e-22 0.
1538644428 1 9373.81933594 0. 6.21609474732e-22 0.
1538644488 1 9359.92871094 0. 6.21616815151e-22 0.
1538644549 1 9340.40722656 0. 6.21227018945e-22 0.
1538644609 1 9324.6171875 0. 6.21103716492e-22 0.
1538644669 1 9310.52832031 0. 6.21083135941e-22 0.
1538644729 1 9300.30957031 0. 6.21314643311e-22 0.
1538644789 1 9283.11328125 0. 6.21065271378e-22 0.
1538644849 1 9271.17285156 0. 6.21181934705e-22 0.
1538644909 1 9263.79296875 0. 6.21596000856e-22 0.
1538644969 1 9253.55859375 0. 6.21840518835e-22 0.
1538645012 1 9242.71875 0. 6.21733093645e-22 0.
1538645037 1 5472.29589844 0. 3.69976975877e-22 0.
1538645053 1 705.346191406 0. 4.76604648582e-23 0.
1538645062 1 1332.90246582 0. 8.99610726342e-23 0.
1538645071 1 2138.28076172 0. 1.44172264592e-22 0.
1538645079 1 3304.80737305 0. 2.22877546942e-22 0.
1538645088 1 4820.82666016 0. 3.24850744032e-22 0.
1538645097 1 6165.88085938 0. 4.15744836004e-22 0.
1538645106 1 7880.10644531 0. 5.31130495669e-22 0.
1538645114 1 8539.58105469 0. 5.75731544066e-22 0.
1538645123 1 9219.03125 0. 6.21661653766e-22 0.
1538645132 1 8470.1171875 0. 5.71319202621e-22 0.
1538645140 1 7747.53710938 0. 5.22673022477e-22 0.
1538645149 1 6006.43164062 0. 4.05555690462e-22 0.
1538645158 1 4751.61376953 0. 3.207698345e-22 0.
1538645167 1 3252.59375 0. 2.19830553449e-22 0.
1538645176 1 2179.63647461 0. 1.47304192219e-22 0.
1538645184 1 1382.01428223 0. 9.35227627564e-23 0.
1538645193 1 762.006286621 0. 5.16307234296e-23 0.
1538645210 1 4068.30810547 0. 2.76059875305e-22 0.
1538645228 1 1279.92248535 0. 8.65822894623e-23 0.
1538645236 1 2113.88354492 0. 1.42919910291e-22 0.
1538645245 1 3112.01147461 0. 2.10232902233e-22 0.
1538645253 1 4324.38623047 0. 2.92317017484e-22 0.
1538645261 1 5876.47998047 0. 3.97052477163e-22 0.
1538645270 1 7053.50537109 0. 4.76911045702e-22 0.
1538645278 1 8394.34570312 0. 5.67641982323e-22 0.
1538645287 1 8832.43066406 0. 5.9751040125e-22 0.
1538645295 1 9184.22363281 0. 6.21545987877e-22 0.
1538645304 1 8397.32421875 0. 5.68568462283e-22 0.
1538645312 1 7689.86132812 0. 5.20768462591e-22 0.
1538645320 1 6077.92773438 0. 4.11926652752e-22 0.
1538645329 1 4920.07519531 0. 3.3343238703e-22 0.
1538645337 1 3458.1484375 0. 2.34634635725e-22 0.
1538645346 1 2423.33251953 0. 1.64453847015e-22 0.
1538645354 1 1587.66711426 0. 1.07910533298e-22 0.
1538645363 1 946.985900879 0. 6.44724478514e-23 0.
1538645371 1 3278.85083008 0. 2.23381623134e-22 0.
1538645406 1 9180.40527344 0. 6.22808824111e-22 0.
1538645467 1 9143.28320312 0. 6.21133838057e-22 0.
1538645522 1 9140.00976562 0. 6.21655859775e-22 0.
1538645577 1 9140.12207031 0. 6.22399025802e-22 0.
1538645637 1 9124.70507812 0. 6.22162120846e-22 0.
1538645697 1 9115.17480469 0. 6.22346721292e-22 0.
1538645757 1 9084.79199219 0. 6.2115755946e-22 0.
1538645817 1 9069.88085938 0. 6.21051151559e-22 0.
1538645877 1 9056.47363281 0. 6.21037632905e-22 0.
1538645938 1 9038.86035156 0. 6.20735834082e-22 0.
1538645998 1 9018.70800781 0. 6.20255759812e-22 0.
1538646058 1 9025.30078125 0. 6.21629231129e-22 0.
1538646118 1 9010.79199219 0. 6.21570046838e-22 0.
1538646178 1 8998.87695312 0. 6.21666912877e-22 0.
1538646238 1 8983.62207031 0. 6.21537781465e-22 0.
1538646298 1 8967.47460938 0. 6.21344592995e-22 0.
1538646358 1 8954.21484375 0. 6.2132578394e-22 0.
1538646419 1 8942.77050781 0. 6.21473001123e-22 0.
1538646479 1 8927.77929688 0. 6.21322410016e-22 0.
1538646539 1 8923.48339844 0. 6.21951667731e-22 0.
1538646599 1 8926.45214844 0. 6.23095500526e-22 0.
1538646659 1 8908.79785156 0. 6.22790592635e-22 0.
1538646719 1 8892.78417969 0. 6.22639822183e-22 0.
1538646779 1 8876.6640625 0. 6.22431349238e-22 0.
1538646840 1 8850.97851562 0. 6.21530016159e-22 0.
1538646900 1 8837.18457031 0. 6.21483499928e-22 0.
1538646960 1 8826.72363281 0. 6.21685325602e-22 0.
1538647020 1 8810.47265625 0. 6.2147325731e-22 0.
1538647080 1 8794.74609375 0. 6.21233181004e-22 0.
1538647140 1 8776.55761719 0. 6.20855171501e-22 0.
1538647200 1 8767.47265625 0. 6.21183722387e-22 0.
1538647260 1 8757.42480469 0. 6.21440773485e-22 0.
1538647321 1 8736.88867188 0. 6.20940028775e-22 0.
1538647381 1 8719.33984375 0. 6.20620656052e-22 0.
1538647441 1 8701.07421875 0. 6.20262051312e-22 0.
1538647501 1 8694.77441406 0. 6.20731771866e-22 0.
1538647561 1 8682.75585938 0. 6.20817872042e-22 0.
1538647611 1 8669.62695312 0. 6.206026816e-22 0.
1538647662 1 8656.07617188 0. 6.20396287895e-22 0.
1538647722 1 8636.56835938 0. 6.19924546637e-22 0.
1538647782 1 8612.03417969 0. 6.19107753268e-22 0.
1538647842 1 8623.96972656 0. 6.20901534213e-22 0.
1538647902 1 8620.43554688 0. 6.21596309625e-22 0.
1538647963 1 8602.05957031 0. 6.21207629104e-22 0.
1538648023 1 8584.71972656 0. 6.20912365918e-22 0.
1538648083 1 8567.21484375 0. 6.2057537896e-22 0.
1538648143 1 8549.03417969 0. 6.20214708043e-22 0.
1538648203 1 8435.37988281 0. 6.12869511395e-22 0.
1538648264 1 8350.88671875 0. 6.07568543426e-22 0.
1538648309 1 7893.51318359 0. 5.75055033371e-22 0.
1538648354 1 8603.04882812 0. 6.2727495573e-22 0.
1538648414 1 8589.42675781 0. 6.27230508308e-22 0.
1538648474 1 8571.97460938 0. 6.26894571961e-22 0.
1538648534 1 8561.23144531 0. 6.27055815154e-22 0.
1538648594 1 8544.69140625 0. 6.26805364952e-22 0.
1538648654 1 8533.32617188 0. 6.26874877248e-22 0.
1538648704 1 8519.16796875 0. 6.26569047512e-22 0.
1538648754 1 8504.73632812 0. 6.26310804488e-22 0.
1538648814 1 8490.85839844 0. 6.26231875636e-22 0.
1538648875 1 8478.63476562 0. 6.26246657819e-22 0.
1538648935 1 8463.1875 0. 6.26040301844e-22 0.
1538648995 1 8448.84179688 0. 6.25887133488e-22 0.
1538649055 1 8437.44726562 0. 6.25958547061e-22 0.
1538649115 1 8426.8203125 0. 6.26089213386e-22 0.
1538649175 1 8410.84863281 0. 6.25837071496e-22 0.
