1538870310 1 17774.40625 0. 6.16761556183e-22 0.
1538870365 1 17714.8554688 0. 6.16528332306e-22 0.
1538870405 1 17668.53125 0. 6.16380368183e-22 0.
1538870445 1 17627.9179688 0. 6.16600447229e-22 0.
1538870505 1 17572.0605469 0. 6.16871145063e-22 0.
1538870565 1 17563.4335938 0. 6.18545718124e-22 0.
1538870601 1 17491.5195312 0. 6.1695030623e-22 0.
1538870638 1 17463.6308594 0. 6.17340909472e-22 0.
1538870698 1 17425.5292969 0. 6.17678275305e-22 0.
1538870758 1 17383.8339844 0. 6.17770708837e-22 0.
1538870818 1 17380.5097656 0. 6.19465761918e-22 0.
1538870878 1 17316.1035156 0. 6.18812304159e-22 0.
1538870927 1 17273.6289062 0. 6.18793832021e-22 0.
1538870975 1 17240.4160156 0. 6.18989071494e-22 0.
1538871036 1 17205.9707031 0. 6.19333243876e-22 0.
1538871077 1 17180.7050781 0. 6.19375186566e-22 0.
1538871118 1 17148.1484375 0. 6.19229762591e-22 0.
1538871179 1 17111.765625 0. 6.19320811982e-22 0.
1538871239 1 17075.6796875 0. 6.19382034376e-22 0.
1538871299 1 17020.6796875 0. 6.18689077884e-22 0.
1538871360 1 16990.0410156 0. 6.18888457524e-22 0.
1538871420 1 16946.8554688 0. 6.18604861752e-22 0.
1538871480 1 16548.4082031 0. 6.05315315912e-22 0.
1538871540 1 9120.359375 0. 3.34507508723e-22 0.
1538871600 1 7890.57275391 0. 2.89812514471e-22 0.
1538871660 1 7782.33154297 0. 2.86337594351e-22 0.
1538871720 1 7714.13183594 0. 2.8434682004e-22 0.
1538871781 1 7696.10839844 0. 2.84202992134e-22 0.
1538871841 1 7664.68066406 0. 2.83576379064e-22 0.
1538871901 1 7631.92724609 0. 2.8288570849e-22 0.
1538871961 1 7616.99169922 0. 2.82835632489e-22 0.
1538872021 1 7582.17333984 0. 2.82031752119e-22 0.
1538872081 1 7595.15234375 0. 2.82985671329e-22 0.
1538872140 1 7633.64892578 0. 2.848718444e-22 0.
1538872188 1 7636.21875 0. 2.85353205267e-22 0.
1538872236 1 7592.08251953 0. 2.84075590831e-22 0.
1538872296 1 7674.60644531 0. 2.87640936128e-22 0.
1538872356 1 7647.14599609 0. 2.87090049982e-22 0.
1538872416 1 7508.26074219 0. 2.82357271149e-22 0.
1538872476 1 7369.82519531 0. 2.77617258004e-22 0.
1538872536 1 7248.17236328 0. 2.7348474415e-22 0.
1538872596 1 7145.84082031 0. 2.70063323615e-22 0.
1538872656 1 7066.734375 0. 2.67502884848e-22 0.
1538872717 1 7008.22021484 0. 2.65696090607e-22 0.
1538872759 1 11109.9140625 0. 4.21441007572e-22 0.
1538872802 1 15023.3779297 0. 5.70520425041e-22 0.
1538872855 1 16231.3994141 0. 6.17165447913e-22 0.
1538872908 1 15677.7451172 0. 5.97177076905e-22 0.
1538872968 1 15787.7070312 0. 6.02482143865e-22 0.
1538873028 1 16412.6367188 0. 6.27543623094e-22 0.
1538873081 1 16148.2275391 0. 6.18587812482e-22 0.
1538873105 1 16120.6640625 0. 6.17998472921e-22 0.
1538873111 1 4187.48535156 0. 1.61021024005e-22 0.
1538873121 1 1565.63317871 0. 6.01151431352e-23 0.
1538873129 1 2715.4909668 0. 1.04273201951e-22 0.
1538873138 1 4172.00341797 0. 1.60139283884e-22 0.
1538873147 1 5883.09912109 0. 2.25916387256e-22 0.
1538873156 1 8560.65234375 0. 3.28635081111e-22 0.
1538873164 1 10447.8398438 0. 4.01281644335e-22 0.
1538873173 1 13410.5 0. 5.14992664829e-22 0.
1538873182 1 14650.4287109 0. 5.62813090086e-22 0.
1538873190 1 15997.0683594 0. 6.14683878464e-22 0.
1538873199 1 15335.1015625 0. 5.89446234162e-22 0.
1538873208 1 14559.0839844 0. 5.59759081832e-22 0.
1538873217 1 11847.90625 0. 4.55787593258e-22 0.
1538873226 1 10141.5791016 0. 3.90174420171e-22 0.
1538873234 1 7230.28466797 0. 2.78381039263e-22 0.
1538873243 1 5479.59130859 0. 0.0 0.
1538873251 1 3863.56884766 0. 0.0 0.
1538873256 1 2317.34106445 0. 0.0 0.
1538873260 1 2313.29272461 0. 0.0 0.
1538873263 1 2310.8996582 0. 8.90491735082e-23 0.
1538873268 1 3129.82055664 0. 1.20645505812e-22 0.
1538873277 1 14764.1171875 0. 5.68869016954e-22 0.
1538873286 1 2697.70507812 0. 1.04271494747e-22 0.
1538873293 1 1746.22717285 0. 6.75275829441e-23 0.
1538873302 1 2965.5012207 0. 1.14605716104e-22 0.
1538873310 1 4661.69921875 0. 1.80010832493e-22 0.
1538873319 1 6669.828125 0. 2.57601487259e-22 0.
1538873327 1 9721.73046875 0. 3.75166572352e-22 0.
1538873335 1 11781.5214844 0. 4.54820579996e-22 0.
1538873344 1 14843.5439453 0. 5.72843180873e-22 0.
1538873352 1 15469.4580078 0. 5.97067781519e-22 0.
1538873361 1 15950.0390625 0. 6.15742911295e-22 0.
1538873369 1 13532.5966797 0. 5.22635178069e-22 0.
1538873378 1 11975.9042969 0. 4.6256607857e-22 0.
1538873386 1 8280.58789062 0. 3.20153915524e-22 0.
1538873394 1 6391.94042969 0. 2.47126582352e-22 0.
1538873403 1 4068.52319336 0. 1.5749698766e-22 0.
1538873411 1 2585.05102539 0. 1.00116358145e-22 0.
1538873420 1 1579.93041992 0. 6.1258518684e-23 0.
1538873428 1 842.294311523 0. 3.27027141618e-23 0.
1538873437 1 3595.55541992 0. 1.39641409747e-22 0.
1538873471 1 15773.9941406 0. 6.10866696213e-22 0.
1538873507 1 14804.6445312 0. 5.73883507524e-22 0.
1538873542 1 15571.5898438 0. 6.0441782557e-22 0.
1538873602 1 14614.9589844 0. 5.6844700464e-22 0.
1538873662 1 16046.9697266 0. 6.25314106667e-22 0.
1538873721 1 16017.1738281 0. 6.25337897913e-22 0.
1538873781 1 15983.5820312 0. 6.25306890749e-22 0.
1538873841 1 15946.4228516 0. 6.25134465395e-22 0.
1538873902 1 15904.9121094 0. 6.24799105988e-22 0.
1538873962 1 15865.8339844 0. 6.24551900485e-22 0.
1538874022 1 15826.8623047 0. 6.24316601912e-22 0.
1538874082 1 15774.5908203 0. 6.23562491153e-22 0.
1538874130 1 15756.0244141 0. 6.23913742785e-22 0.
1538874178 1 15741.1582031 0. 6.24419323532e-22 0.
1538874238 1 15710.5859375 0. 6.24597334766e-22 0.
1538874298 1 15675.2705078 0. 6.24621200418e-22 0.
1538874358 1 15639.2382812 0. 6.2460422946e-22 0.
1538874418 1 15602.7900391 0. 6.24502578959e-22 0.
1538874478 1 15563.7001953 0. 6.24289539018e-22 0.
1538874539 1 15533.9169922 0. 6.2444495418e-22 0.
1538874599 1 15500.9345703 0. 6.24448830054e-22 0.
1538874659 1 15464.5039062 0. 6.24271629464e-22 0.
1538874719 1 15438.4882812 0. 6.24501953224e-22 0.
1538874779 1 15400.7119141 0. 6.24237264051e-22 0.
1538874839 1 15423.4931641 0. 6.26431240569e-22 0.
1538874899 1 15618.6132812 0. 6.35754270881e-22 0.
1538874959 1 15557.8144531 0. 6.34638624729e-22 0.
1538875020 1 15662.9550781 0. 6.40284415578e-22 0.
1538875080 1 15672.5566406 0. 6.42083802106e-22 0.
1538875140 1 15630.1972656 0. 6.41757243215e-22 0.
1538875200 1 15592.7021484 0. 6.4163992863e-22 0.
1538875260 1 15551.8310547 0. 6.41362236919e-22 0.
1538875321 1 15515.5634766 0. 6.41245284189e-22 0.
1538875381 1 15481.1142578 0. 6.41155114501e-22 0.
1538875441 1 15431.9199219 0. 6.4046045655e-22 0.
1538875501 1 15478.6367188 0. 6.43767847147e-22 0.
1538875561 1 15437.9628906 0. 6.43427357749e-22 0.
1538875621 1 15370.4775391 0. 6.41944418332e-22 0.
1538875681 1 15334.640625 0. 6.41732301062e-22 0.
1538875741 1 15311.8427734 0. 6.42113266624e-22 0.
1538875802 1 15265.9677734 0. 6.41512827187e-22 0.
1538875862 1 15238.0419922 0. 6.41657028635e-22 0.
1538875922 1 15194.5703125 0. 6.41118618289e-22 0.
1538875961 1 15159.3886719 0. 6.40430954231e-22 0.
1538876000 1 15133.9296875 0. 6.40243154562e-22 0.
1538876060 1 15095.9902344 0. 6.39915389548e-22 0.
1538876120 1 15067.7773438 0. 6.39992414141e-22 0.
1538876180 1 15033.2480469 0. 6.39756954694e-22 0.
1538876240 1 15035.8447266 0. 6.41140119907e-22 0.
1538876301 1 14998.9755859 0. 6.40834452142e-22 0.
1538876361 1 14982.9091797 0. 6.4143879876e-22 0.
1538876421 1 14954.7783203 0. 6.41495942346e-22 0.
1538876481 1 14908.2216797 0. 6.40762808029e-22 0.
1538876541 1 14887.4667969 0. 6.41127664075e-22 0.
1538876601 1 14848.7333984 0. 6.40702184951e-22 0.
1538876662 1 14805.0664062 0. 6.40064110107e-22 0.
1538876722 1 14765.5830078 0. 6.39577934426e-22 0.
1538876758 1 14742.6318359 0. 6.39259905599e-22 0.
1538876794 1 14710.1171875 0. 6.38650798352e-22 0.
1538876854 1 14602.3779297 0. 6.35168489843e-22 0.
1538876914 1 14616.4345703 0. 6.36999665367e-22 0.
1538876974 1 14636.5595703 0. 6.39140392276e-22 0.
1538877034 1 14588.0517578 0. 6.38231759472e-22 0.
1538877094 1 14549.0566406 0. 6.37756030727e-22 0.
1538877155 1 14541.109375 0. 6.38597642619e-22 0.
1538877215 1 14524.2802734 0. 6.39054258124e-22 0.
1538877275 1 14509.6787109 0. 6.39623317432e-22 0.
1538877335 1 14461.6494141 0. 6.3869301786e-22 0.
1538877395 1 14413.1005859 0. 6.37732384235e-22 0.
1538877455 1 14368.9033203 0. 6.3697151728e-22 0.
1538877515 1 14337.8701172 0. 6.36747950076e-22 0.
1538877560 1 14320.4755859 0. 6.36834420273e-22 0.
1538877604 1 14290.3320312 0. 6.36391001823e-22 0.
1538877665 1 14259.5341797 0. 6.36291528234e-22 0.
1538877725 1 14216.7705078 0. 6.35621726315e-22 0.
1538877785 1 14233.9990234 0. 6.3746122899e-22 0.
1538877845 1 14203.9980469 0. 6.37228574943e-22 0.
1538877905 1 14171.9941406 0. 6.36851284472e-22 0.
1538877965 1 14141.2041016 0. 6.36500107381e-22 0.
1538878025 1 14102.9375 0. 6.3581649094e-22 0.
1538878086 1 14067.1025391 0. 6.35262513311e-22 0.
1538878146 1 14048.5888672 0. 6.35484330715e-22 0.
1538878206 1 14019.2324219 0. 6.35210274575e-22 0.
1538878266 1 13989.3994141 0. 6.34939679445e-22 0.
1538878326 1 13961.0644531 0. 6.34678337627e-22 0.
1538878386 1 13927.4765625 0. 6.34211134051e-22 0.
1538878447 1 13893.0888672 0. 6.33686092636e-22 0.
1538878507 1 13850.6796875 0. 6.3279674731e-22 0.
1538878567 1 13825.6074219 0. 6.32723042681e-22 0.
1538878627 1 13801.4521484 0. 6.32654138531e-22 0.
1538878687 1 13790.2558594 0. 6.33191758562e-22 0.
1538878747 1 13766.1132812 0. 6.33132983059e-22 0.
1538878799 1 13767.4619141 0. 6.34082420781e-22 0.
1538878851 1 13734.3476562 0. 6.33473292209e-22 0.
1538878912 1 13684.8388672 0. 6.32234477726e-22 0.
1538878953 1 13659.2900391 0. 6.31759012549e-22 0.
1538878994 1 13631.0253906 0. 6.31185636666e-22 0.
1538879054 1 13599.1640625 0. 6.3072802465e-22 0.
1538879114 1 13575.4394531 0. 6.30670579196e-22 0.
1538879174 1 13540.7421875 0. 6.30094839415e-22 0.
1538879234 1 13504.328125 0. 6.29470197748e-22 0.
1538879294 1 13460.8798828 0. 6.28468402791e-22 0.
1538879355 1 13422.5966797 0. 6.276918093e-22 0.
1538879415 1 13406.8251953 0. 6.27980273135e-22 0.
1538879451 1 13396.1328125 0. 6.28086652174e-22 0.
1538879487 1 13379.3095703 0. 6.27986529379e-22 0.
1538879548 1 13360.6738281 0. 6.28104162493e-22 0.
1538879608 1 13347.3105469 0. 6.28483168407e-22 0.
1538879668 1 13345.984375 0. 6.29467674435e-22 0.
1538879728 1 13293.09375 0. 6.28026466176e-22 0.
1538879788 1 13268.8828125 0. 6.27916083798e-22 0.
1538879849 1 13242.5869141 0. 6.27690669691e-22 0.
1538879909 1 12887.2607422 0. 6.11857431176e-22 0.
1538879969 1 12745.6474609 0. 6.06254008285e-22 0.
1538880029 1 13358.7216797 0. 6.36347275426e-22 0.
1538880078 1 13711.8925781 0. 6.5408013164e-22 0.
1538880126 1 13688.1357422 0. 6.53907677636e-22 0.
1538880186 1 13665.8798828 0. 6.53982877861e-22 0.
1538880246 1 13635.1542969 0. 6.53625460837e-22 0.
1538880307 1 13612.7353516 0. 6.53658901653e-22 0.
1538880367 1 13580.4355469 0. 6.53219509515e-22 0.
1538880427 1 13552.1591797 0. 6.52954014638e-22 0.
1538880487 1 13533.0458984 0. 6.53117078235e-22 0.
1538880547 1 13556.9482422 0. 6.55405495592e-22 0.
1538880607 1 13524.9775391 0. 6.54995838617e-22 0.
1538880667 1 13498.5595703 0. 6.54819284519e-22 0.
1538880728 1 13440.8662109 0. 6.53128663839e-22 0.
1538880788 1 13443.8447266 0. 6.54360746405e-22 0.
1538880848 1 13419.796875 0. 6.54306771619e-22 0.
1538880908 1 13389.8183594 0. 6.53923553178e-22 0.
1538880968 1 13368.0244141 0. 6.5395575378e-22 0.
1538881028 1 13344.3554688 0. 6.53889235008e-22 0.
1538881088 1 13318.5048828 0. 6.53724849904e-22 0.
1538881148 1 13292.7939453 0. 6.53556887723e-22 0.
1538881209 1 13263.9931641 0. 6.53225550493e-22 0.
1538881269 1 13239.7607422 0. 6.5311364094e-22 0.
1538881329 1 13209.8173828 0. 6.52692580705e-22 0.
1538881389 1 13185.7363281 0. 6.52545166286e-22 0.
1538881449 1 13175.8740234 0. 6.53125385522e-22 0.
1538881509 1 13190.0810547 0. 6.54963695326e-22 0.
1538881569 1 13170.0458984 0. 6.55080009832e-22 0.
1538881630 1 13147.2783203 0. 6.55012764417e-22 0.
1538881690 1 13120.4599609 0. 6.54743880664e-22 0.
1538881750 1 13095.8212891 0. 6.54636595446e-22 0.
1538881810 1 13061.3544922 0. 6.53994270236e-22 0.
1538881870 1 13036.9833984 0. 6.53848896239e-22 0.
1538881930 1 13011.5878906 0. 6.53665963532e-22 0.
1538881990 1 12985.8242188 0. 6.5342760904e-22 0.
1538882051 1 12960.3095703 0. 6.53220790697e-22 0.
1538882111 1 12940.7861328 0. 6.53308904121e-22 0.
1538882171 1 12909.7929688 0. 6.52840935052e-22 0.
1538882231 1 12865.7001953 0. 6.51673656077e-22 0.
1538882279 1 12848.9443359 0. 6.51649246621e-22 0.
1538882310 1 12840.4101562 0. 6.51750444161e-22 0.
1538882352 1 12823.7519531 0. 6.51680179309e-22 0.
1538882412 1 12802.40625 0. 6.51649108046e-22 0.
1538882472 1 12822.5546875 0. 6.53745566579e-22 0.
1538882532 1 12790.6992188 0. 6.53203068319e-22 0.
1538882592 1 12755.7255859 0. 6.52515229536e-22 0.
1538882652 1 12729.4785156 0. 6.52236317674e-22 0.
1538882713 1 12710.046875 0. 6.52300106809e-22 0.
1538882773 1 12686.3652344 0. 6.52150675669e-22 0.
1538882833 1 12664.7851562 0. 6.52162847732e-22 0.
1538882893 1 12638.9980469 0. 6.51901537148e-22 0.
1538882953 1 12609.4394531 0. 6.51437264097e-22 0.
1538883013 1 12582.2587891 0. 6.51098416438e-22 0.
1538883074 1 12559.4326172 0. 6.50975498398e-22 0.
1538883134 1 12531.8339844 0. 6.50595808298e-22 0.
1538883194 1 12507.4238281 0. 6.50373376698e-22 0.
1538883254 1 12494.2363281 0. 6.50722463251e-22 0.
1538883314 1 12468.0429688 0. 6.50407880005e-22 0.
1538883371 1 12446.5322266 0. 6.50312629281e-22 0.
1538883429 1 12448.4384766 0. 6.51399550505e-22 0.
1538883489 1 12444.7617188 0. 6.52309252564e-22 0.
1538883549 1 12413.3603516 0. 6.51715590917e-22 0.
1538883584 1 12397.5146484 0. 6.51453509577e-22 0.
1538883620 1 12386.0888672 0. 6.51560906217e-22 0.
1538883680 1 12363.2119141 0. 6.51379793404e-22 0.
1538883740 1 12334.3310547 0. 6.50901489426e-22 0.
1538883800 1 12301.1181641 0. 6.50190629183e-22 0.
1538883860 1 12293.5371094 0. 6.50852646666e-22 0.
1538883920 1 12265.1103516 0. 6.50384607391e-22 0.
1538883980 1 12244.2539062 0. 6.50332669367e-22 0.
1538884040 1 12211.0917969 0. 6.49618602461e-22 0.
1538884101 1 12180.0693359 0. 6.4902266892e-22 0.
1538884161 1 12177.3720703 0. 6.49934597387e-22 0.
1538884221 1 12153.0419922 0. 6.49670293266e-22 0.
1538884281 1 12130.7402344 0. 6.4954681916e-22 0.
1538884341 1 12106.7841797 0. 6.49307658743e-22 0.
1538884401 1 12085.6318359 0. 6.49220792799e-22 0.
1538884461 1 11781.6113281 0. 6.33930142725e-22 0.
1538884522 1 11455.34375 0. 6.17390794678e-22 0.
1538884582 1 12110.7236328 0. 6.53769255884e-22 0.
1538884642 1 12088.9228516 0. 6.53685585483e-22 0.
1538884702 1 12067.4931641 0. 6.5359926704e-22 0.
1538884762 1 12039.8085938 0. 6.53179947734e-22 0.
1538884822 1 12023.1240234 0. 6.53356968521e-22 0.
1538884882 1 12004.1279297 0. 6.53413053552e-22 0.
1538884942 1 11976.6777344 0. 6.53002614876e-22 0.
1538885002 1 11947.5351562 0. 6.52499917576e-22 0.
1538885063 1 11925.3339844 0. 6.52378062809e-22 0.
1538885123 1 11906.8662109 0. 6.52427895666e-22 0.
1538885183 1 11884.5283203 0. 6.52309701807e-22 0.
1538885243 1 11861.59375 0. 6.52139915696e-22 0.
1538885291 1 11847.0957031 0. 6.52190690852e-22 0.
1538885339 1 11827.6357422 0. 6.51990133352e-22 0.
1538885400 1 11839.6484375 0. 6.53729407362e-22 0.
1538885460 1 11828.5830078 0. 6.54190794643e-22 0.
1538885520 1 11803.0273438 0. 6.53859128705e-22 0.
1538885580 1 11778.5019531 0. 6.53595288213e-22 0.
1538885640 1 11761.1835938 0. 6.53740553322e-22 0.
1538885700 1 11737.5400391 0. 6.53495879953e-22 0.
1538885760 1 11713.0898438 0. 6.53239086141e-22 0.
1538885820 1 11680.1943359 0. 6.52505572107e-22 0.
1538885881 1 11654.03125 0. 6.52139109287e-22 0.
1538885941 1 11640.2050781 0. 6.52424914704e-22 0.
1538886001 1 11615.0234375 0. 6.52114144194e-22 0.
1538886061 1 11598.2939453 0. 6.52249908041e-22 0.
1538886121 1 11579.0136719 0. 6.5224956221e-22 0.
1538886181 1 11543.3583984 0. 6.51293153703e-22 0.
1538886241 1 11522.3710938 0. 6.51171170359e-22 0.
1538886301 1 11500.4931641 0. 6.50994914436e-22 0.
1538886362 1 11472.71875 0. 6.50496465211e-22 0.
1538886422 1 11468.734375 0. 6.51339889937e-22 0.
1538886482 1 11477.3105469 0. 6.52900821592e-22 0.
1538886542 1 11452.3183594 0. 6.52582454226e-22 0.
1538886602 1 11435.9472656 0. 6.52733991707e-22 0.
1538886638 1 11423.2822266 0. 6.52569972611e-22 0.
1538886673 1 11412.203125 0. 6.52601682389e-22 0.
1538886733 1 11382.0927734 0. 6.51943614533e-22 0.
1538886793 1 11361.1630859 0. 6.51839519384e-22 0.
1538886853 1 11335.0380859 0. 6.51415454593e-22 0.
1538886914 1 11312.6708984 0. 6.51193236312e-22 0.
1538886974 1 11293.1191406 0. 6.51133270043e-22 0.
1538887034 1 11263.5644531 0. 6.50501967209e-22 0.
1538887094 1 11240.3339844 0. 6.50207611926e-22 0.
1538887154 1 11210.3808594 0. 6.49523221013e-22 0.
1538887214 1 11187.953125 0. 6.49250062997e-22 0.
1538887274 1 11162.6201172 0. 6.48798450948e-22 0.
1538887335 1 11146.7285156 0. 6.48900783421e-22 0.
1538887395 1 11113.4697266 0. 6.48031210353e-22 0.
1538887455 1 11097.1269531 0. 6.48132185391e-22 0.
1538887515 1 11130.4306641 0. 6.51175053742e-22 0.
1538887575 1 11101.1992188 0. 6.50473205879e-22 0.
1538887635 1 11078.3701172 0. 6.50202619798e-22 0.
1538887690 1 11060.9785156 0. 6.50168966714e-22 0.
1538887745 1 11036.4052734 0. 6.49671112385e-22 0.
1538887805 1 11014.2705078 0. 6.49428394812e-22 0.
1538887865 1 10990.6083984 0. 6.49060358852e-22 0.
1538887914 1 10971.7304688 0. 6.48788345598e-22 0.
1538887938 1 10964.5058594 0. 6.4873548529e-22 0.
1538887973 1 10947.3525391 0. 6.48384862391e-22 0.
1538888033 1 10917.0996094 0. 6.47641656169e-22 0.
1538888093 1 10884.3935547 0. 6.4671638653e-22 0.
1538888154 1 10870.3974609 0. 6.4692544859e-22 0.
1538888214 1 10854.3505859 0. 6.47008120449e-22 0.
1538888274 1 10841.7773438 0. 6.47332550224e-22 0.
1538888334 1 10817.1757812 0. 6.46912118652e-22 0.
1538888394 1 10795.0283203 0. 6.46650791888e-22 0.
1538888454 1 10766.9042969 0. 6.45997533562e-22 0.
1538888514 1 10799.8945312 0. 6.48983621113e-22 0.
1538888574 1 10767.8300781 0. 6.48080841869e-22 0.
1538888635 1 10747.4589844 0. 6.47899545855e-22 0.
1538888695 1 10723.0097656 0. 6.47477681147e-22 0.
1538888755 1 10701.9599609 0. 6.47266815347e-22 0.
1538888815 1 10677.3115234 0. 6.46807103753e-22 0.
1538888875 1 10657.0371094 0. 6.46624902583e-22 0.
1538888935 1 10636.6542969 0. 6.4643056513e-22 0.
1538888995 1 10619.7490234 0. 6.46424645672e-22 0.
1538889056 1 10604.3945312 0. 6.46569028451e-22 0.
1538889116 1 10585.3300781 0. 6.4642917355e-22 0.
1538889176 1 10565.0771484 0. 6.46211462291e-22 0.
1538889236 1 10549.0869141 0. 6.46257579104e-22 0.
1538889296 1 10499.0380859 0. 6.44216505122e-22 0.
1538889356 1 10485.140625 0. 6.44404053836e-22 0.
1538889393 1 10478.9414062 0. 6.44588935409e-22 0.
1538889429 1 10476.1123047 0. 6.45080551367e-22 0.
1538889490 1 10457.46875 0. 6.44936064156e-22 0.
1538889550 1 10438.7050781 0. 6.44770787178e-22 0.
1538889610 1 10419.9677734 0. 6.44603532196e-22 0.
1538889670 1 10434.8837891 0. 6.46550080983e-22 0.
1538889731 1 10418.390625 0. 6.46538301034e-22 0.
1538889791 1 10402.234375 0. 6.46591845198e-22 0.
1538889851 1 10383.8945312 0. 6.46475815468e-22 0.
1538889911 1 10364.1582031 0. 6.46245863521e-22 0.
1538889971 1 10340.1601562 0. 6.45790582789e-22 0.
1538890031 1 10319.7832031 0. 6.45546982307e-22 0.
1538890091 1 10297.8398438 0. 6.45190829865e-22 0.
1538890152 1 10280.8818359 0. 6.45144215112e-22 0.
1538890212 1 10262.7871094 0. 6.45021030815e-22 0.
1538890272 1 10242.25 0. 6.44715806089e-22 0.
1538890332 1 10219.6601562 0. 6.44289883168e-22 0.
1538890392 1 10198.2421875 0. 6.43968164059e-22 0.
1538890452 1 10181.6132812 0. 6.43907141369e-22 0.
1538890512 1 10161.0693359 0. 6.43625026665e-22 0.
1538890572 1 10137.9384766 0. 6.43169450416e-22 0.
1538890633 1 10112.5751953 0. 6.425841283e-22 0.
1538890693 1 10095.0966797 0. 6.42492318694e-22 0.
1538890753 1 10105.3769531 0. 6.44143001129e-22 0.
1538890813 1 10100.375 0. 6.44857838319e-22 0.
1538890873 1 10071.3623047 0. 6.44028752668e-22 0.
1538890933 1 10041.2148438 0. 6.43148113388e-22 0.
1538890993 1 9974.94238281 0. 6.39890128756e-22 0.
1538891029 1 9961.08886719 0. 6.39541734474e-22 0.
1538891064 1 9953.2265625 0. 6.39697212263e-22 0.
1538891124 1 9929.48339844 0. 6.39218922157e-22 0.
1538891184 1 9915.70898438 0. 6.39327924711e-22 0.
1538891245 1 9892.29492188 0. 6.3882833993e-22 0.
1538891305 1 9869.15917969 0. 6.38337867483e-22 0.
1538891365 1 9845.9765625 0. 6.37817204785e-22 0.
1538891425 1 9822.51660156 0. 6.37273539257e-22 0.
1538891485 1 9809.92480469 0. 6.37434229741e-22 0.
1538891545 1 9795.17382812 0. 6.37483094511e-22 0.
1538891605 1 9777.48535156 0. 6.37321004476e-22 0.
1538891666 1 9761.66015625 0. 6.37290978781e-22 0.
1538891726 1 9747.70410156 0. 6.37369477612e-22 0.
1538891786 1 9736.1640625 0. 6.37596441589e-22 0.
1538891846 1 9707.84082031 0. 6.36740750985e-22 0.
1538891906 1 9727.28808594 0. 6.39013337254e-22 0.
1538891966 1 9695.23339844 0. 6.37912500992e-22 0.
1538892026 1 9660.48144531 0. 6.36597747781e-22 0.
1538892086 1 9629.30371094 0. 6.35534591039e-22 0.
1538892147 1 9621.80371094 0. 6.36002759974e-22 0.
1538892207 1 9613.60449219 0. 6.36436416095e-22 0.
1538892267 1 9591.54589844 0. 6.35957313501e-22 0.
1538892327 1 9571.27929688 0. 6.35659449379e-22 0.
1538892364 1 9558.91894531 0. 6.35406769046e-22 0.
1538892401 1 9548.33105469 0. 6.35379453087e-22 0.
1538892461 1 9527.68652344 0. 6.34967874977e-22 0.
1538892517 1 9505.84765625 0. 6.34419986736e-22 0.
1538892574 1 9486.46972656 0. 6.34040122568e-22 0.
1538892611 1 9475.36816406 0. 6.33856847852e-22 0.
1538892648 1 9466.09082031 0. 6.33899265069e-22 0.
1538892708 1 9452.19824219 0. 6.33917231561e-22 0.
1538892768 1 9434.97558594 0. 6.33713537914e-22 0.
1538892828 1 9415.03027344 0. 6.3334296281e-22 0.
1538892888 1 9392.4609375 0. 6.32797787989e-22 0.
1538892927 1 9380.36132812 0. 6.32536214053e-22 0.
1538892951 1 9376.80273438 0. 6.32716359729e-22 0.
1538892983 1 9367.609375 0. 6.32587101476e-22 0.
1538893014 1 9361.20507812 0. 6.32643715161e-22 0.
1538893059 1 9365.24609375 0. 6.33722388606e-22 0.
1538893120 1 9351.671875 0. 6.33815930281e-22 0.
1538893180 1 9325.68554688 0. 6.33073103008e-22 0.
1538893240 1 9307.87988281 0. 6.32829023051e-22 0.
1538893300 1 9048.28222656 0. 6.16119992629e-22 0.
1538893360 1 8974.41796875 0. 6.12018920581e-22 0.
1538893420 1 9566.15820312 0. 6.53386710859e-22 0.
1538893481 1 9548.21679688 0. 6.53183641273e-22 0.
1538893541 1 9530.64453125 0. 6.5302311843e-22 0.
1538893601 1 9511.61914062 0. 6.52743852454e-22 0.
1538893661 1 9490.86621094 0. 6.52351031889e-22 0.
1538893721 1 9469.89160156 0. 6.5192721506e-22 0.
1538893781 1 9454.34960938 0. 6.51873963379e-22 0.
1538893841 1 9440.15625 0. 6.51913551174e-22 0.
1538893902 1 9425.42871094 0. 6.51948896849e-22 0.
1538893962 1 9406.99609375 0. 6.51726980476e-22 0.
1538894022 1 9390.45703125 0. 6.51587164858e-22 0.
1538894082 1 9376.83886719 0. 6.51640685576e-22 0.
1538894142 1 9360.12011719 0. 6.51471882269e-22 0.
1538894202 1 9344.20898438 0. 6.51388994141e-22 0.
1538894262 1 9327.875 0. 6.51234623621e-22 0.
1538894322 1 9342.27636719 0. 6.53307391646e-22 0.
1538894383 1 9324.32324219 0. 6.53130375367e-22 0.
1538894418 1 9316.16894531 0. 6.53171160653e-22 0.
1538894453 1 9308.12988281 0. 6.53261221894e-22 0.
1538894513 1 9294.83300781 0. 6.53354178074e-22 0.
1538894573 1 9277.89550781 0. 6.53201081249e-22 0.
1538894633 1 9254.45703125 0. 6.52584675477e-22 0.
1538894694 1 9235.88671875 0. 6.5232953739e-22 0.
1538894754 1 9219.16503906 0. 6.52125194895e-22 0.
1538894814 1 9202.22753906 0. 6.51987781845e-22 0.
1538894874 1 9186.36523438 0. 6.5189560437e-22 0.
1538894934 1 9167.01269531 0. 6.51523168633e-22 0.
1538894994 1 9154.19433594 0. 6.5164155535e-22 0.
1538895054 1 9142.7109375 0. 6.51849058543e-22 0.
1538895114 1 9123.64355469 0. 6.51502409439e-22 0.
1538895175 1 9105.71582031 0. 6.51217675602e-22 0.
1538895235 1 9093.28710938 0. 6.51356574786e-22 0.
1538895295 1 9083.44628906 0. 6.5168602506e-22 0.
1538895347 1 9069.97265625 0. 6.51608597507e-22 0.
1538895398 1 9054.70117188 0. 6.51360977299e-22 0.
1538895459 1 9057.73339844 0. 6.52611042664e-22 0.
1538895494 1 9063.66308594 0. 6.53572590752e-22 0.
1538895529 1 9050.25683594 0. 6.5329538369e-22 0.
1538895590 1 9032.29882812 0. 6.53031978102e-22 0.
1538895650 1 9015.390625 0. 6.52848047502e-22 0.
1538895710 1 9003.22363281 0. 6.52982852131e-22 0.
1538895770 1 8988.08105469 0. 6.52921430146e-22 0.
1538895830 1 8968.65527344 0. 6.5255396001e-22 0.
1538895891 1 8952.97753906 0. 6.52407888494e-22 0.
1538895951 1 8940.296875 0. 6.52535181313e-22 0.
1538896011 1 8924.70996094 0. 6.52443271727e-22 0.
1538896071 1 8909.0859375 0. 6.52308376159e-22 0.
1538896131 1 8895.32617188 0. 6.52308459581e-22 0.
1538896191 1 8883.17382812 0. 6.52448276106e-22 0.
1538896251 1 8865.18945312 0. 6.5212717504e-22 0.
1538896311 1 8848.01464844 0. 6.51892553186e-22 0.
1538896372 1 8838.56933594 0. 6.52245285957e-22 0.
1538896432 1 8821.65332031 0. 6.52018006688e-22 0.
1538896492 1 8801.93945312 0. 6.51574413165e-22 0.
1538896552 1 8790.17675781 0. 6.51662328516e-22 0.
1538896612 1 8775.71289062 0. 6.51565456272e-22 0.
1538896672 1 8761.50292969 0. 6.51474381774e-22 0.
1538896732 1 8745.79296875 0. 6.51267200975e-22 0.
1538896792 1 8732.60058594 0. 6.51243706459e-22 0.
1538896853 1 8714.88964844 0. 6.50867636794e-22 0.
1538896913 1 8695.04980469 0. 6.50367028277e-22 0.
1538896973 1 8685.66992188 0. 6.50673239048e-22 0.
1538897033 1 8673.98535156 0. 6.50790480183e-22 0.
1538897093 1 8659.33007812 0. 6.50740981719e-22 0.
1538897153 1 8643.03222656 0. 6.50528798706e-22 0.
1538897213 1 8620.51660156 0. 6.4984902113e-22 0.
1538897254 1 8614.49804688 0. 6.5003900253e-22 0.
1538897295 1 8607.68066406 0. 6.50220306858e-22 0.
1538897355 1 8590.47460938 0. 6.49937934387e-22 0.
1538897412 1 8577.41894531 0. 6.49889576679e-22 0.
1538897462 1 8566.29394531 0. 6.49873279678e-22 0.
1538897514 1 8557.28320312 0. 6.5008686822e-22 0.
1538897575 1 8542.5078125 0. 6.49964538917e-22 0.
1538897635 1 8527.65234375 0. 6.49821798855e-22 0.
1538897695 1 8509.47167969 0. 6.49436226087e-22 0.
1538897755 1 8496.41308594 0. 6.49426842371e-22 0.
1538897815 1 8478.5234375 0. 6.49029309601e-22 0.
1538897875 1 8464.48242188 0. 6.48976676156e-22 0.
1538897935 1 8449.40136719 0. 6.48805789274e-22 0.
1538897996 1 8435.23632812 0. 6.4870970228e-22 0.
1538898056 1 8421.91894531 0. 6.48680746948e-22 0.
1538898116 1 8410.52246094 0. 6.48761224963e-22 0.
1538898176 1 8394.04980469 0. 6.48478410083e-22 0.
1538898236 1 8379.37304688 0. 6.48349279568e-22 0.
1538898296 1 8368.51855469 0. 6.4851641747e-22 0.
1538898356 1 8353.24414062 0. 6.48283893619e-22 0.
1538898417 1 8338.02734375 0. 6.4808964748e-22 0.
1538898477 1 8323.3046875 0. 6.47914877747e-22 0.
1538898537 1 8314.41015625 0. 6.48190434359e-22 0.
1538898597 1 8299.75195312 0. 6.47994330583e-22 0.
1538898657 1 8283.03515625 0. 6.47663752081e-22 0.
1538898717 1 8271.75 0. 6.47778884354e-22 0.
1538898777 1 8259.77148438 0. 6.47857280761e-22 0.
1538898837 1 8248.77832031 0. 6.47963311168e-22 0.
1538898898 1 8236.47363281 0. 6.48000531648e-22 0.
1538898958 1 8222.07714844 0. 6.47839281649e-22 0.
1538899018 1 8206.60644531 0. 6.47613525561e-22 0.
1538899078 1 8193.0078125 0. 6.47486354961e-22 0.
1538899138 1 8176.17919922 0. 6.47124629445e-22 0.
1538899198 1 8163.30322266 0. 6.47084190398e-22 0.
1538899258 1 8147.54882812 0. 6.46789496996e-22 0.
1538899298 1 8136.79443359 0. 6.46531258527e-22 0.
1538899338 1 8131.89794922 0. 6.46829830003e-22 0.
1538899398 1 8116.97216797 0. 6.46641637579e-22 0.
1538899443 1 8106.93847656 0. 6.46532510616e-22 0.
1538899488 1 8098.71044922 0. 6.46620562936e-22 0.
1538899548 1 8083.84619141 0. 6.4641172418e-22 0.
1538899609 1 8069.28759766 0. 6.46205460864e-22 0.
1538899669 1 8051.96386719 0. 6.45788570047e-22 0.
1538899729 1 8043.24902344 0. 6.46051289657e-22 0.
1538899789 1 8026.69189453 0. 6.45650396321e-22 0.
1538899849 1 8018.74853516 0. 6.4599528595e-22 0.
1538899909 1 8007.31347656 0. 6.4601565586e-22 0.
1538899969 1 7990.80664062 0. 6.45655390989e-22 0.
1538900030 1 7980.19726562 0. 6.45737846142e-22 0.
1538900090 1 7965.41748047 0. 6.45527367329e-22 0.
1538900150 1 7951.64648438 0. 6.45375516822e-22 0.
1538900210 1 7929.32568359 0. 6.44534742155e-22 0.
1538900270 1 7911.64892578 0. 6.44055382783e-22 0.
1538900330 1 7904.43554688 0. 6.44423743146e-22 0.
1538900390 1 7893.67138672 0. 6.44489821519e-22 0.
1538900450 1 7882.90966797 0. 6.44558675811e-22 0.
1538900511 1 7872.77441406 0. 6.44692593692e-22 0.
1538900571 1 7856.71386719 0. 6.44309103141e-22 0.
1538900631 1 7842.47998047 0. 6.44103393158e-22 0.
1538900691 1 7827.93457031 0. 6.43880155007e-22 0.
1538900751 1 7816.34765625 0. 6.43835285089e-22 0.
1538900811 1 7800.78076172 0. 6.43493872047e-22 0.
1538900871 1 7787.57617188 0. 6.43349802751e-22 0.
1538900931 1 7776.40136719 0. 6.43347013362e-22 0.
1538900992 1 7765.65136719 0. 6.43383265271e-22 0.
1538901052 1 7750.85595703 0. 6.43111455601e-22 0.
1538901112 1 7738.828125 0. 6.43032546327e-22 0.
1538901172 1 7726.09912109 0. 6.42945761243e-22 0.
1538901232 1 7713.74902344 0. 6.42858815618e-22 0.
1538901292 1 7705.53710938 0. 6.43105133223e-22 0.
1538901353 1 7693.72314453 0. 6.43047922572e-22 0.
1538901413 1 7679.12988281 0. 6.4276284511e-22 0.
1538901473 1 7668.68115234 0. 6.42811417287e-22 0.
1538901533 1 7655.07714844 0. 6.42596163715e-22 0.
1538901593 1 7637.45849609 0. 6.42057087739e-22 0.
1538901630 1 7629.30175781 0. 6.41893546941e-22 0.
1538901666 1 7600.68798828 0. 6.40113039578e-22 0.
1538901726 1 7603.53271484 0. 6.41215922453e-22 0.
1538901786 1 7594.87402344 0. 6.41417869044e-22 0.
1538901847 1 7578.69238281 0. 6.40991727287e-22 0.
1538901907 1 7567.60205078 0. 6.40968193064e-22 0.
1538901967 1 7554.93896484 0. 6.40817297345e-22 0.
1538902027 1 7546.2421875 0. 6.41014600534e-22 0.
1538902087 1 7533.24365234 0. 6.40834323437e-22 0.
1538902147 1 7523.45947266 0. 6.40910425256e-22 0.
1538902208 1 7512.55126953 0. 6.40893305114e-22 0.
1538902268 1 7498.18066406 0. 6.40571674967e-22 0.
1538902328 1 7484.42626953 0. 6.40337097692e-22 0.
1538902363 1 7477.07226562 0. 6.40195361764e-22 0.
1538902398 1 7469.54101562 0. 6.4014793508e-22 0.
1538902458 1 7456.49609375 0. 6.39944667543e-22 0.
1538902519 1 7445.01708984 0. 6.39884581418e-22 0.
1538902579 1 7429.2734375 0. 6.39428381055e-22 0.
1538902639 1 7418.28173828 0. 6.39374859306e-22 0.
1538902699 1 7403.96972656 0. 6.39029887133e-22 0.
1538902759 1 7398.54980469 0. 6.39464219925e-22 0.
1538902819 1 7388.87841797 0. 6.39548835272e-22 0.
1538902879 1 7376.04638672 0. 6.39373390936e-22 0.
1538902940 1 7366.28515625 0. 6.39439071929e-22 0.
1538903000 1 7348.60107422 0. 6.38854746849e-22 0.
1538903060 1 7336.86523438 0. 6.38741046109e-22 0.
1538903120 1 7319.53173828 0. 6.38154476114e-22 0.
1538903155 1 7310.65185547 0. 6.37873898139e-22 0.
1538903166 1 7302.52294922 0. 6.37345032552e-22 0.
1538903177 1 7304.79345703 0. 6.3764828673e-22 0.
1538903199 1 7302.02197266 0. 6.378207163e-22 0.
1538903246 1 7293.60644531 0. 6.37771748923e-22 0.
1538903306 1 7280.57226562 0. 6.37515056899e-22 0.
1538903366 1 7268.23925781 0. 6.37330339323e-22 0.
1538903426 1 7255.49755859 0. 6.37111379016e-22 0.
1538903486 1 7243.86865234 0. 6.36975358132e-22 0.
1538903546 1 7231.46484375 0. 6.3678955508e-22 0.
1538903606 1 7220.17529297 0. 6.36708056868e-22 0.
1538903666 1 7205.87353516 0. 6.36327772503e-22 0.
1538903712 1 7194.10888672 0. 6.35943108198e-22 0.
1538903759 1 7183.33935547 0. 6.3572581322e-22 0.
1538903819 1 7168.18164062 0. 6.35252821272e-22 0.
1538903879 1 7162.07714844 0. 6.35584903766e-22 0.
1538903939 1 7154.01611328 0. 6.35746692483e-22 0.
1538903999 1 7141.12402344 0. 6.35480782008e-22 0.
1538904060 1 7124.48974609 0. 6.34896691365e-22 0.
1538904120 1 7112.95849609 0. 6.34760040492e-22 0.
1538904180 1 7096.22558594 0. 6.34155122798e-22 0.
1538904240 1 7079.4921875 0. 6.33527836134e-22 0.
1538904300 1 7071.51806641 0. 6.33643471857e-22 0.
1538904360 1 7064.43994141 0. 6.33906374235e-22 0.
1538904420 1 7055.84423828 0. 6.34043207383e-22 0.
1538904480 1 7043.73925781 0. 6.33842928735e-22 0.
1538904541 1 7034.27441406 0. 6.33877236006e-22 0.
1538904601 1 7021.32080078 0. 6.33583310315e-22 0.
1538904661 1 7005.41113281 0. 6.33069263496e-22 0.
1538904721 1 6993.70947266 0. 6.32878379981e-22 0.
1538904781 1 6978.98242188 0. 6.32409546064e-22 0.
1538904841 1 6966.0234375 0. 6.32153039484e-22 0.
1538904901 1 6955.69189453 0. 6.32093355684e-22 0.
1538904961 1 6946.07177734 0. 6.32110623421e-22 0.
1538905022 1 6936.40478516 0. 6.32135136728e-22 0.
1538905082 1 6925.16455078 0. 6.3199424096e-22 0.
1538905142 1 6920.15917969 0. 6.32426552765e-22 0.
1538905202 1 6905.25244141 0. 6.31962637891e-22 0.
1538905262 1 6889.98730469 0. 6.31476434706e-22 0.
1538905322 1 6876.02392578 0. 6.31093225742e-22 0.
1538905382 1 6867.39355469 0. 6.3119855189e-22 0.
1538905443 1 6857.29736328 0. 6.31156044874e-22 0.
1538905503 1 6839.86230469 0. 6.30463739293e-22 0.
1538905563 1 6827.57275391 0. 6.30251995261e-22 0.
1538905623 1 6818.17724609 0. 6.30272734549e-22 0.
1538905683 1 6809.72265625 0. 6.30346014322e-22 0.
1538905743 1 6796.29882812 0. 6.29998906572e-22 0.
1538905803 1 6784.74755859 0. 6.29842765431e-22 0.
1538905841 1 6776.31933594 0. 6.29581742569e-22 0.
1538905878 1 6774.21728516 0. 6.29994051767e-22 0.
1538905938 1 6764.93945312 0. 6.30013185487e-22 0.
1538905998 1 6753.67773438 0. 6.29856859043e-22 0.
1538906058 1 6735.70458984 0. 6.29067314637e-22 0.
1538906118 1 6723.55761719 0. 6.28825290871e-22 0.
1538906161 1 6716.61767578 0. 6.28785100342e-22 0.
1538906204 1 6707.26074219 0. 6.28572438825e-22 0.
1538906265 1 6697.34375 0. 6.28533178945e-22 0.
1538906325 1 6688.63671875 0. 6.28589200757e-22 0.
1538906385 1 6672.03759766 0. 6.27924577103e-22 0.
1538906445 1 6665.51904297 0. 6.28161292119e-22 0.
1538906505 1 6652.44335938 0. 6.27829606204e-22 0.
1538906565 1 6641.10644531 0. 6.27637927323e-22 0.
1538906625 1 6635.78515625 0. 6.28024016772e-22 0.
1538906685 1 6622.53662109 0. 6.27633195937e-22 0.
1538906746 1 6607.93847656 0. 6.27128397965e-22 0.
1538906806 1 6587.35693359 0. 6.26063718335e-22 0.
1538906866 1 6576.47705078 0. 6.2587575973e-22 0.
1538906926 1 6566.80908203 0. 6.25851279974e-22 0.
1538906986 1 6556.4375 0. 6.25739599546e-22 0.
1538907046 1 6543.83691406 0. 6.25378405309e-22 0.
1538907106 1 6533.98242188 0. 6.25295785483e-22 0.
1538907167 1 6522.72167969 0. 6.25091826869e-22 0.
1538907227 1 6508.640625 0. 6.24632005439e-22 0.
1538907287 1 6501.50341797 0. 6.24820605533e-22 0.
1538907347 1 6501.79833984 0. 6.25744100148e-22 0.
1538907407 1 6492.20996094 0. 6.25678137145e-22 0.
1538907467 1 6480.9375 0. 6.25475462858e-22 0.
1538907527 1 6469.25292969 0. 6.25218256395e-22 0.
1538907587 1 6455.20996094 0. 6.24744447272e-22 0.
1538907648 1 6433.61669922 0. 6.2350049776e-22 0.
1538907708 1 6429.71533203 0. 6.24006835284e-22 0.
1538907768 1 6413.01318359 0. 6.23218604953e-22 0.
1538907828 1 6407.38574219 0. 6.23521413503e-22 0.
1538907888 1 6397.78710938 0. 6.23443136974e-22 0.
1538907948 1 6388.88818359 0. 6.23434190922e-22 0.
1538907989 1 6386.39453125 0. 6.23762344804e-22 0.
1538908030 1 6378.91357422 0. 6.2360906339e-22 0.
1538908090 1 6366.59521484 0. 6.23276776232e-22 0.
1538908150 1 6351.71142578 0. 6.22688688246e-22 0.
1538908210 1 6339.65722656 0. 6.22375592423e-22 0.
1538908270 1 6330.35400391 0. 6.22307789557e-22 0.
1538908330 1 6324.67626953 0. 6.22606415913e-22 0.
1538908391 1 6312.64648438 0. 6.22278600998e-22 0.
1538908451 1 6295.90429688 0. 6.21482191518e-22 0.
1538908511 1 6266.41357422 0. 6.1944489438e-22 0.
1538908571 1 6256.31640625 0. 6.19291660912e-22 0.
1538908623 1 6244.98828125 0. 6.18898537917e-22 0.
1538908676 1 6235.18945312 0. 6.18684682854e-22 0.
1538908736 1 6227.74365234 0. 6.18746941739e-22 0.
1538908796 1 6219.56542969 0. 6.18776011127e-22 0.
1538908856 1 6205.22607422 0. 6.18195356004e-22 0.
1538908916 1 6185.11767578 0. 6.17030836185e-22 0.
1538908977 1 6176.04882812 0. 6.16965781726e-22 0.
1538909037 1 6180.05322266 0. 6.18200277383e-22 0.
1538909097 1 6169.77685547 0. 6.17997522975e-22 0.
1538909157 1 6164.83691406 0. 6.1833593892e-22 0.
1538909217 1 6154.54931641 0. 6.18150742405e-22 0.
1538909277 1 6143.89404297 0. 6.17923424429e-22 0.
1538909338 1 6140.66259766 0. 6.18462447778e-22 0.
1538909398 1 6134.10498047 0. 6.18663897108e-22 0.
1538909458 1 6120.62451172 0. 6.18115669137e-22 0.
1538909518 1 6110.20898438 0. 6.17905753544e-22 0.
1538909578 1 6095.21386719 0. 6.17208726559e-22 0.
1538909638 1 6082.07861328 0. 6.16705065226e-22 0.
1538909698 1 6072.78759766 0. 6.16570600741e-22 0.
1538909735 1 6066.52587891 0. 6.16379255953e-22 0.
1538909772 1 6058.95214844 0. 6.16174069935e-22 0.
1538909832 1 6050.70605469 0. 6.16136500544e-22 0.
1538909893 1 6037.13916016 0. 6.15535764173e-22 0.
1538909953 1 6026.79345703 0. 6.15314660362e-22 0.
1538910013 1 6016.95507812 0. 6.15101849107e-22 0.
1538910073 1 6013.08007812 0. 6.15556482049e-22 0.
1538910133 1 6007.30957031 0. 6.15754550595e-22 0.
1538910193 1 6001.04541016 0. 6.15939174552e-22 0.
1538910253 1 5984.96240234 0. 6.15154906832e-22 0.
1538910313 1 5973.28173828 0. 6.14823183933e-22 0.
1538910374 1 5963.40527344 0. 6.1460982317e-22 0.
1538910434 1 5958.91113281 0. 6.14963164013e-22 0.
1538910494 1 5955.92529297 0. 6.15413235336e-22 0.
1538910554 1 5944.32666016 0. 6.15019949943e-22 0.
1538910614 1 5931.51367188 0. 6.1448771479e-22 0.
1538910674 1 5919.86816406 0. 6.14079745625e-22 0.
1538910734 1 5915.52539062 0. 6.14456337714e-22 0.
1538910794 1 5904.20898438 0. 6.14091778265e-22 0.
1538910852 1 5894.17578125 0. 6.1380065408e-22 0.
1538910910 1 5882.94091797 0. 6.13453298861e-22 0.
1538910970 1 5874.28320312 0. 6.13352074324e-22 0.
1538911030 1 5869.17529297 0. 6.13626781979e-22 0.
1538911090 1 5851.76416016 0. 6.12631365471e-22 0.
1538911151 1 5849.23974609 0. 6.13165058617e-22 0.
1538911211 1 5847.92822266 0. 6.13825952613e-22 0.
1538911271 1 5839.10546875 0. 6.13698119418e-22 0.
1538911331 1 5831.51318359 0. 6.13722122863e-22 0.
1538911391 1 5827.14599609 0. 6.14044650927e-22 0.
1538911451 1 5821.11035156 0. 6.14212444201e-22 0.
1538911512 1 5826.51708984 0. 6.15588454769e-22 0.
1538911572 1 5832.20751953 0. 6.16991446032e-22 0.
1538911632 1 5828.65478516 0. 6.17428479214e-22 0.
1538911692 1 5825.8359375 0. 6.17897365232e-22 0.
1538911752 1 5810.359375 0. 6.17082820634e-22 0.
1538911812 1 5802.20166016 0. 6.17007286154e-22 0.
1538911872 1 5793.84375 0. 6.1695870753e-22 0.
1538911933 1 5788.59619141 0. 6.1719076483e-22 0.
1538911993 1 5787.19238281 0. 6.17837279537e-22 0.
1538912053 1 5782.88623047 0. 6.18216697011e-22 0.
1538912113 1 5774.64941406 0. 6.18176328559e-22 0.
1538912173 1 5772.43505859 0. 6.18752330424e-22 0.
1538912233 1 5768.48925781 0. 6.19121460732e-22 0.
1538912290 1 5765.25341797 0. 6.19498230597e-22 0.
1538912346 1 5758.88183594 0. 6.19579744523e-22 0.
1538912407 1 5749.38671875 0. 6.19361977101e-22 0.
1538912467 1 5735.49169922 0. 6.18676192628e-22 0.
1538912527 1 5726.36035156 0. 6.18506654251e-22 0.
1538912587 1 5716.96435547 0. 6.18267495106e-22 0.
1538912647 1 5710.10693359 0. 6.18309758965e-22 0.
1538912707 1 5701.72509766 0. 6.18190909406e-22 0.
1538912767 1 5694.41650391 0. 6.18225651574e-22 0.
1538912827 1 5686.30224609 0. 6.18160536753e-22 0.
1538912887 1 5676.21582031 0. 6.1784163247e-22 0.
1538912948 1 5668.04736328 0. 6.1779575715e-22 0.
1538913008 1 5662.63476562 0. 6.17989659086e-22 0.
1538913068 1 5651.47949219 0. 6.1758129685e-22 0.
1538913128 1 5638.22802734 0. 6.16905431251e-22 0.
1538913188 1 5632.18359375 0. 6.17026724881e-22 0.
1538913248 1 5629.71289062 0. 6.1755430459e-22 0.
1538913309 1 5623.36572266 0. 6.17680584851e-22 0.
1538913369 1 5615.21972656 0. 6.17513014758e-22 0.
1538913429 1 5609.46484375 0. 6.17670625586e-22 0.
1538913489 1 5596.58398438 0. 6.17040099346e-22 0.
1538913549 1 5590.05175781 0. 6.17111845947e-22 0.
1538913609 1 5582.81689453 0. 6.1708611485e-22 0.
1538913669 1 5577.11914062 0. 6.17270952503e-22 0.
1538913728 1 5568.79833984 0. 6.1710843643e-22 0.
1538913789 1 5558.00048828 0. 6.16696664882e-22 0.
1538913849 1 5552.33642578 0. 6.16864318512e-22 0.
1538913909 1 5546.75585938 0. 6.17037408673e-22 0.
1538913969 1 5537.52001953 0. 6.16773140682e-22 0.
1538914029 1 5531.15966797 0. 6.16830821645e-22 0.
1538914089 1 5520.95947266 0. 6.16482585775e-22 0.
1538914150 1 5512.80322266 0. 6.16360340566e-22 0.
1538914210 1 5504.08691406 0. 6.16181898248e-22 0.
1538914270 1 5496.51660156 0. 6.16129798958e-22 0.
1538914330 1 5489.38427734 0. 6.16057372428e-22 0.
1538914375 1 5482.65576172 0. 6.15886667432e-22 0.
1538914420 1 5474.68115234 0. 6.15576384775e-22 0.
1538914481 1 5462.93164062 0. 6.15035374267e-22 0.
1538914541 1 5452.8046875 0. 6.14725109281e-22 0.
1538914600 1 5449.65332031 0. 6.15200766338e-22 0.
1538914659 1 5442.39208984 0. 6.15149614557e-22 0.
1538914719 1 5431.62890625 0. 6.14743119943e-22 0.
1538914779 1 5422.93066406 0. 6.14542285986e-22 0.
1538914839 1 5413.00683594 0. 6.14179634915e-22 0.
1538914899 1 5404.54296875 0. 6.13983243012e-22 0.
1538914959 1 5397.73388672 0. 6.14005249251e-22 0.
1538915019 1 5392.57714844 0. 6.14165851359e-22 0.
1538915080 1 5387.17919922 0. 6.14292429981e-22 0.
1538915140 1 5380.72070312 0. 6.14331102984e-22 0.
1538915200 1 5372.76171875 0. 6.14213322235e-22 0.
1538915260 1 5365.94580078 0. 6.14205653408e-22 0.
1538915320 1 5336.37011719 0. 6.11624648657e-22 0.
1538915380 1 5317.00976562 0. 6.1013713314e-22 0.
1538915441 1 5327.21777344 0. 6.1204087198e-22 0.
1538915501 1 5324.31445312 0. 6.12482405451e-22 0.
1538915561 1 5317.67431641 0. 6.12458714578e-22 0.
1538915621 1 5312.03515625 0. 6.12594226895e-22 0.
1538915681 1 5306.41601562 0. 6.12710314118e-22 0.
1538915741 1 5302.52832031 0. 6.13003756888e-22 0.
1538915801 1 5293.72216797 0. 6.12726667473e-22 0.
1538915861 1 5287.53710938 0. 6.12778800108e-22 0.
1538915922 1 5277.08740234 0. 6.12321407124e-22 0.
1538915982 1 5275.83691406 0. 6.1289733163e-22 0.
1538916042 1 5270.95507812 0. 6.13096742294e-22 0.
1538916102 1 5263.59179688 0. 6.1299107748e-22 0.
1538916162 1 5256.65869141 0. 6.12929751063e-22 0.
1538916222 1 5253.27490234 0. 6.13265518491e-22 0.
1538916282 1 5247.78662109 0. 6.13374771896e-22 0.
1538916342 1 5238.84570312 0. 6.13054893021e-22 0.
1538916403 1 5233.55566406 0. 6.13158335134e-22 0.
1538916463 1 5227.28955078 0. 6.13149865861e-22 0.
1538916523 1 5215.67041016 0. 6.12519557194e-22 0.
1538916583 1 5207.44677734 0. 6.12294751088e-22 0.
1538916643 1 5204.84375 0. 6.12708789455e-22 0.
1538916703 1 5196.71826172 0. 6.12541811516e-22 0.
1538916764 1 5189.2890625 0. 6.12407332129e-22 0.
1538916824 1 5183.7734375 0. 6.12492868244e-22 0.
1538916884 1 5177.03662109 0. 6.12463719515e-22 0.
1538916944 1 5172.80761719 0. 6.12687678088e-22 0.
1538917004 1 5166.14697266 0. 6.12602012578e-22 0.
1538917064 1 5155.81347656 0. 6.12092446643e-22 0.
1538917124 1 5147.64941406 0. 6.11875251074e-22 0.
1538917184 1 5139.11914062 0. 6.11562751608e-22 0.
1538917245 1 5130.80859375 0. 6.11291142699e-22 0.
1538917305 1 5127.19921875 0. 6.11563657909e-22 0.
1538917365 1 5117.47021484 0. 6.11148693362e-22 0.
1538917425 1 5108.04003906 0. 6.10786059519e-22 0.
1538917485 1 5098.8828125 0. 6.10428198782e-22 0.
1538917545 1 5089.65380859 0. 6.10033688571e-22 0.
1538917605 1 5081.21533203 0. 6.09754840285e-22 0.
1538917665 1 5074.59814453 0. 6.09668879064e-22 0.
1538917725 1 5064.13232422 0. 6.09124019078e-22 0.
1538917786 1 5052.62109375 0. 6.08457747696e-22 0.
1538917846 1 5051.78564453 0. 6.09099402405e-22 0.
1538917906 1 5049.12988281 0. 6.09497138494e-22 0.
1538917966 1 5039.12255859 0. 6.09001982121e-22 0.
1538918026 1 5034.74658203 0. 6.0918735482e-22 0.
1538918086 1 5024.59179688 0. 6.08672001726e-22 0.
1538918146 1 5018.68847656 0. 6.08665137247e-22 0.
1538918206 1 5010.35498047 0. 6.08379058077e-22 0.
1538918263 1 4999.53613281 0. 6.07724953903e-22 0.
1538918319 1 4997.29833984 0. 6.08135600684e-22 0.
1538918379 1 4993.61425781 0. 6.08358316946e-22 0.
1538918414 1 4990.06152344 0. 6.08307503449e-22 0.
1538918449 1 4985.83300781 0. 6.0826952955e-22 0.
1538918509 1 4979.37792969 0. 6.08200516479e-22 0.
1538918570 1 4975.85693359 0. 6.08505888217e-22 0.
1538918623 1 4971.03076172 0. 6.08520551162e-22 0.
1538918677 1 4964.45410156 0. 6.08348373179e-22 0.
1538918737 1 4974.15527344 0. 6.10176258231e-22 0.
1538918797 1 4958.59912109 0. 6.08919006587e-22 0.
1538918857 1 4945.44091797 0. 6.07981293554e-22 0.
1538918917 1 4938.63916016 0. 6.0768288692e-22 0.
1538918977 1 4934.12158203 0. 6.07739332065e-22 0.
1538919037 1 4933.54931641 0. 6.08301674499e-22 0.
1538919098 1 4920.53662109 0. 6.07406981861e-22 0.
1538919158 1 4917.26269531 0. 6.07716070068e-22 0.
1538919218 1 4913.62060547 0. 6.0801758763e-22 0.
1538919256 1 4911.05664062 0. 6.08132810502e-22 0.
1538919271 1 2325.39428711 0. 2.90386256937e-22 0.
1538919282 1 333.705810547 0. 4.16885490328e-23 0.
1538919291 1 675.262573242 0. 8.40697935455e-23 0.
1538919300 1 1048.45898438 0. 1.30247578476e-22 0.
1538919309 1 1702.30224609 0. 2.11399244152e-22 0.
1538919317 1 2479.68652344 0. 3.07470974993e-22 0.
1538919326 1 3269.57397461 0. 4.0567595301e-22 0.
1538919335 1 4167.55371094 0. 5.16684842156e-22 0.
1538919344 1 4569.58789062 0. 5.66719675415e-22 0.
1538919352 1 4904.81494141 0. 6.0832681859e-22 0.
1538919361 1 4485.62695312 0. 5.5661134261e-22 0.
1538919370 1 4049.94311523 0. 5.02617081211e-22 0.
1538919379 1 3125.43334961 0. 3.88392456429e-22 0.
1538919388 1 2363.62304688 0. 2.93639791844e-22 0.
1538919396 1 1583.62646484 0. 1.97108569437e-22 0.
1538919405 1 1000.89526367 0. 1.24650622286e-22 0.
1538919414 1 642.39453125 0. 8.01800289028e-23 0.
1538919422 1 326.620635986 0. 4.09015215215e-23 0.
1538919439 1 2587.98193359 0. 3.23602639218e-22 0.
1538919456 1 975.365783691 0. 1.21522133151e-22 0.
1538919464 1 1515.27282715 0. 1.88450697509e-22 0.
1538919473 1 2116.26196289 0. 2.62667519307e-22 0.
1538919481 1 2848.14160156 0. 3.53731804487e-22 0.
1538919489 1 3597.44165039 0. 4.46472008971e-22 0.
1538919498 1 4179.03515625 0. 5.19068153825e-22 0.
1538919506 1 4756.83300781 0. 5.90914358086e-22 0.
1538919515 1 4858.72070312 0. 6.03976549635e-22 0.
1538919523 1 4895.6953125 0. 6.08929598442e-22 0.
1538919532 1 4378.93554688 0. 5.45141153895e-22 0.
1538919540 1 3910.96899414 0. 4.87121539025e-22 0.
1538919549 1 3075.65307617 0. 3.83695735852e-22 0.
1538919557 1 2423.46899414 0. 3.02477642375e-22 0.
1538919565 1 1727.24389648 0. 2.16131737864e-22 0.
1538919574 1 1165.34265137 0. 1.46151708737e-22 0.
1538919582 1 771.981689453 0. 9.72306447593e-23 0.
1538919591 1 456.918304443 0. 5.79100375401e-23 0.
1538919599 1 1934.203125 0. 2.43292939116e-22 0.
1538919634 1 4863.54931641 0. 6.06135373694e-22 0.
1538919694 1 4861.61425781 0. 6.06529380252e-22 0.
1538919754 1 4856.36523438 0. 6.06505365091e-22 0.
1538919814 1 4855.28271484 0. 6.06982529284e-22 0.
1538919875 1 4846.69384766 0. 6.06541734024e-22 0.
1538919935 1 4843.97607422 0. 6.06824809622e-22 0.
1538919995 1 4839.71630859 0. 6.06907364646e-22 0.
1538920055 1 4832.04248047 0. 6.06565638991e-22 0.
1538920115 1 4820.35400391 0. 6.0574966149e-22 0.
1538920176 1 4817.18652344 0. 6.05959653921e-22 0.
1538920236 1 4811.93164062 0. 6.05919444877e-22 0.
1538920296 1 4676.78515625 0. 5.89517328149e-22 0.
1538920356 1 4458.73681641 0. 5.62471466478e-22 0.
1538920416 1 4780.0703125 0. 6.03760141342e-22 0.
1538920476 1 4875.28271484 0. 6.16169100121e-22 0.
1538920536 1 4880.90332031 0. 6.17473229212e-22 0.
1538920597 1 4873.68652344 0. 6.17172012926e-22 0.
1538920632 1 4870.89550781 0. 6.17177242953e-22 0.
1538920668 1 4866.62548828 0. 6.17025507652e-22 0.
1538920728 1 4861.32226562 0. 6.16928155712e-22 0.
1538920788 1 4853.83154297 0. 6.16607061288e-22 0.
1538920848 1 4846.36132812 0. 6.16268485576e-22 0.
1538920908 1 4841.86035156 0. 6.1627699262e-22 0.
1538920969 1 4835.69677734 0. 6.16108982076e-22 0.
