1539040079 1 17830.0957031 0. 6.17851840656e-22 0.
1539040135 1 17770.2753906 0. 6.17430013132e-22 0.
1539040195 1 17693.0097656 0. 6.16502886268e-22 0.
1539040255 1 17617.8085938 0. 6.15606330606e-22 0.
1539040311 1 17550.2675781 0. 6.14770220059e-22 0.
1539040354 1 17488.3496094 0. 6.13750711747e-22 0.
1539040375 1 17462.3886719 0. 6.13372645898e-22 0.
1539040411 1 17424.9980469 0. 6.13080402496e-22 0.
1539040468 1 17367.5273438 0. 6.12518449472e-22 0.
1539040526 1 17286.421875 0. 6.11079875384e-22 0.
1539040586 1 17199.8652344 0. 6.09501183973e-22 0.
1539040646 1 17137.3222656 0. 6.08767956338e-22 0.
1539040706 1 17102.0410156 0. 6.0891337903e-22 0.
1539040766 1 17043.1972656 0. 6.07973497674e-22 0.
1539040827 1 16942.5390625 0. 6.05702733925e-22 0.
1539040887 1 16940.5253906 0. 6.06768291573e-22 0.
1539040947 1 16880.4882812 0. 6.05807039949e-22 0.
1539040984 1 16883.1503906 0. 6.06612762979e-22 0.
1539041020 1 16798.7128906 0. 6.04315454684e-22 0.
1539041061 1 16682.2265625 0. 6.00904704118e-22 0.
1539041102 1 16684.3105469 0. 6.01872419496e-22 0.
1539041162 1 16661.3261719 0. 6.02344795275e-22 0.
1539041222 1 16670.7460938 0. 6.03970892415e-22 0.
1539041260 1 16667.3261719 0. 6.04590218938e-22 0.
1539041274 1 5216.71289062 0. 1.90098432533e-22 0.
1539041285 1 1523.01062012 0. 5.53997412712e-23 0.
1539041293 1 2632.04199219 0. 9.57270873911e-23 0.
1539041302 1 4152.33251953 0. 1.50934467342e-22 0.
1539041311 1 5897.43701172 0. 2.1445177907e-22 0.
1539041319 1 8677.08203125 0. 3.15336490737e-22 0.
1539041328 1 10609.7792969 0. 3.85791829202e-22 0.
1539041337 1 13782.2617188 0. 5.01021266088e-22 0.
1539041346 1 15103.375 0. 5.49286796788e-22 0.
1539041355 1 16636.4902344 0. 6.05077371083e-22 0.
1539041363 1 15978.0976562 0. 5.81331584783e-22 0.
1539041372 1 15240.7294922 0. 5.54639818742e-22 0.
1539041381 1 12525.2832031 0. 4.56130570064e-22 0.
1539041390 1 10715.6455078 0. 3.90226403924e-22 0.
1539041398 1 7624.30419922 0. 2.77904389014e-22 0.
1539041407 1 5801.10693359 0. 2.11426110288e-22 0.
1539041416 1 3880.02880859 0. 1.41552257817e-22 0.
1539041424 1 2450.48999023 0. 8.94158905295e-23 0.
1539041441 1 6085.171875 0. 2.22784176012e-22 0.
1539041457 1 2057.58178711 0. 7.53691369758e-23 0.
1539041466 1 3440.46411133 0. 1.25933950452e-22 0.
1539041474 1 5265.97119141 0. 1.92549212423e-22 0.
1539041483 1 7272.94384766 0. 2.65986243578e-22 0.
1539041491 1 10650.0869141 0. 3.89081517395e-22 0.
1539041500 1 12599.0957031 0. 4.60494130425e-22 0.
1539041508 1 15849.3056641 0. 5.79028607127e-22 0.
1539041516 1 16375.8759766 0. 5.98449629282e-22 0.
1539041525 1 16648.4453125 0. 6.08508839985e-22 0.
1539041533 1 13966.7011719 0. 5.10869270242e-22 0.
1539041542 1 12215.046875 0. 4.46836900331e-22 0.
1539041550 1 8512.6640625 0. 3.11842929521e-22 0.
1539041559 1 6428.76904297 0. 2.35539459981e-22 0.
1539041567 1 4039.4934082 0. 1.48238962457e-22 0.
1539041575 1 2584.35131836 0. 9.49178051284e-23 0.
1539041584 1 1580.1920166 0. 5.81239769367e-23 0.
1539041592 1 859.583068848 0. 3.16791179048e-23 0.
1539041601 1 3648.21264648 0. 1.34346812417e-22 0.
1539041636 1 16456.046875 0. 6.03470565186e-22 0.
1539041696 1 16390.8164062 0. 6.02251349107e-22 0.
1539041756 1 16336.8251953 0. 6.01413565944e-22 0.
1539041812 1 16263.0556641 0. 5.99748955732e-22 0.
1539041867 1 16144.4804688 0. 5.96401562099e-22 0.
1539041928 1 16074.6865234 0. 5.94942586563e-22 0.
1539041988 1 16063.8759766 0. 5.95647134739e-22 0.
1539042048 1 16072.9580078 0. 5.97093577119e-22 0.
1539042108 1 16060.1855469 0. 5.97733125802e-22 0.
1539042168 1 16057.3457031 0. 5.9873617365e-22 0.
1539042228 1 16029.96875 0. 5.98800399863e-22 0.
1539042289 1 16017.3955078 0. 5.994222185e-22 0.
1539042349 1 15905.6689453 0. 5.96309943021e-22 0.
1539042403 1 15811.4501953 0. 5.93716254052e-22 0.
1539042457 1 15710.4765625 0. 5.9086664999e-22 0.
1539042510 1 15642.6474609 0. 5.8919540578e-22 0.
1539042563 1 15079.6777344 0. 5.68843492938e-22 0.
1539042623 1 14880.8935547 0. 5.62316884946e-22 0.
1539042683 1 14962.1064453 0. 5.6632917779e-22 0.
1539042743 1 16391.34375 0. 6.21392586576e-22 0.
1539042794 1 16360.6855469 0. 6.21083269839e-22 0.
1539042844 1 16326.5058594 0. 6.20717056752e-22 0.
1539042904 1 16432.9902344 0. 6.25876100387e-22 0.
1539042964 1 16561.8867188 0. 6.31951257229e-22 0.
1539043025 1 16567.9101562 0. 6.33315265255e-22 0.
1539043085 1 16538.3164062 0. 6.33315622877e-22 0.
1539043145 1 16497.0214844 0. 6.32854117599e-22 0.
1539043205 1 16459.671875 0. 6.32503697588e-22 0.
1539043265 1 16421.640625 0. 6.32149776017e-22 0.
1539043310 1 16408.7246094 0. 6.32441186714e-22 0.
1539043354 1 16378.6015625 0. 6.32146560254e-22 0.
1539043415 1 16342.0878906 0. 6.31877074893e-22 0.
1539043475 1 16340.9384766 0. 6.32953194653e-22 0.
1539043535 1 16312.9765625 0. 6.32956010833e-22 0.
1539043595 1 16282.6455078 0. 6.32857400789e-22 0.
1539043655 1 16244.3017578 0. 6.32439554025e-22 0.
1539043715 1 16212.5742188 0. 6.32273024899e-22 0.
1539043775 1 16186.8388672 0. 6.32326337456e-22 0.
1539043836 1 16159.453125 0. 6.32317776072e-22 0.
1539043896 1 16122.5595703 0. 6.3192109264e-22 0.
1539043956 1 16094.2695312 0. 6.31888476473e-22 0.
1539044016 1 16050.3173828 0. 6.31183839879e-22 0.
1539044076 1 16012.9853516 0. 6.30752863645e-22 0.
1539044136 1 15971.9755859 0. 6.30155704749e-22 0.
1539044196 1 15927.5800781 0. 6.29460525495e-22 0.
1539044256 1 15962.8730469 0. 6.3186762538e-22 0.
1539044317 1 15913.9980469 0. 6.30978602018e-22 0.
1539044377 1 15883.2265625 0. 6.30799599659e-22 0.
1539044437 1 15845.9179688 0. 6.30329617826e-22 0.
1539044497 1 15821.0146484 0. 6.30362250592e-22 0.
1539044557 1 15783.5185547 0. 6.29860590913e-22 0.
1539044617 1 15738.4042969 0. 6.29135424515e-22 0.
1539044677 1 15710.4257812 0. 6.29045818732e-22 0.
1539044737 1 15685.3720703 0. 6.28994209767e-22 0.
1539044798 1 15633.8085938 0. 6.27950998533e-22 0.
1539044858 1 15594.3320312 0. 6.27374068133e-22 0.
1539044918 1 15560.5566406 0. 6.27021946882e-22 0.
1539044978 1 15538.2402344 0. 6.27131368524e-22 0.
1539045038 1 15514.7226562 0. 6.27179583189e-22 0.
1539045098 1 15501.5107422 0. 6.27642550786e-22 0.
1539045158 1 15495.5185547 0. 6.28406374121e-22 0.
1539045218 1 15441.2714844 0. 6.2718973562e-22 0.
1539045279 1 15328.6601562 0. 6.23606198105e-22 0.
1539045339 1 15336.46875 0. 6.24929076387e-22 0.
1539045399 1 15327.7207031 0. 6.25561171891e-22 0.
1539045459 1 15302.9785156 0. 6.25528599581e-22 0.
1539045519 1 15278.3857422 0. 6.25513752359e-22 0.
1539045579 1 15246.1728516 0. 6.25179132415e-22 0.
1539045639 1 15221.7763672 0. 6.25142269055e-22 0.
1539045699 1 15204.3554688 0. 6.25398132403e-22 0.
1539045760 1 15163.859375 0. 6.24707254598e-22 0.
1539045820 1 15143.9404297 0. 6.24863126972e-22 0.
1539045880 1 15105.9335938 0. 6.24260217222e-22 0.
1539045940 1 15062.7041016 0. 6.23402791516e-22 0.
1539046000 1 15022.8808594 0. 6.22725053193e-22 0.
1539046060 1 15002.5214844 0. 6.22869728778e-22 0.
1539046120 1 15008.3652344 0. 6.24087754975e-22 0.
1539046180 1 14974.3876953 0. 6.23627237908e-22 0.
1539046241 1 14944.7773438 0. 6.23353286061e-22 0.
1539046297 1 14907.0830078 0. 6.22692028988e-22 0.
1539046354 1 14856.65625 0. 6.21478037803e-22 0.
1539046415 1 14832.9667969 0. 6.21452651961e-22 0.
1539046475 1 14801.4736328 0. 6.21075961144e-22 0.
1539046535 1 14758.78125 0. 6.20200203274e-22 0.
1539046595 1 14729.6640625 0. 6.1994136487e-22 0.
1539046655 1 14717.5878906 0. 6.2036261634e-22 0.
1539046715 1 14694.7138672 0. 6.20344192431e-22 0.
1539046775 1 14668.4746094 0. 6.20145744917e-22 0.
1539046835 1 14640.7890625 0. 6.19919227997e-22 0.
1539046870 1 14618.7353516 0. 6.19525801226e-22 0.
1539046880 1 14611.4228516 0. 6.19368146865e-22 0.
1539046915 1 14583.5947266 0. 6.18764359152e-22 0.
1539046975 1 14544.3486328 0. 6.17983551121e-22 0.
1539047035 1 14551.4277344 0. 6.19198737443e-22 0.
1539047095 1 14506.8623047 0. 6.18251541046e-22 0.
1539047143 1 14511.5761719 0. 6.19177728711e-22 0.
1539047191 1 14477.3603516 0. 6.18492326319e-22 0.
1539047231 1 14452.8955078 0. 6.18028662262e-22 0.
1539047271 1 14442.0322266 0. 6.18218152667e-22 0.
1539047330 1 14410.5664062 0. 6.17792906477e-22 0.
1539047390 1 14372.9833984 0. 6.17087336623e-22 0.
1539047450 1 14345.3671875 0. 6.16803699024e-22 0.
1539047511 1 14312.6142578 0. 6.1632937052e-22 0.
1539047568 1 14285.8291016 0. 6.1603544051e-22 0.
1539047626 1 14270.8759766 0. 6.16303229391e-22 0.
1539047686 1 14255.9169922 0. 6.16548712677e-22 0.
1539047746 1 14219.4775391 0. 6.15887930548e-22 0.
1539047806 1 14194.3300781 0. 6.15706404182e-22 0.
1539047866 1 14150.2880859 0. 6.14700743386e-22 0.
1539047926 1 14121.6328125 0. 6.1438742808e-22 0.
1539047987 1 14110.7246094 0. 6.14787102186e-22 0.
1539048047 1 14130.1923828 0. 6.16567910885e-22 0.
1539048107 1 14084.7060547 0. 6.1548962625e-22 0.
1539048167 1 14072.4404297 0. 6.1585343349e-22 0.
1539048227 1 14061.2929688 0. 6.16265115384e-22 0.
1539048287 1 14040.7060547 0. 6.16273219829e-22 0.
1539048347 1 14004.9785156 0. 6.15570052005e-22 0.
1539048383 1 13991.4541016 0. 6.15439847677e-22 0.
1539048418 1 13974.8349609 0. 6.15315821046e-22 0.
1539048479 1 13949.2109375 0. 6.15088946925e-22 0.
1539048539 1 13919.5634766 0. 6.14690734968e-22 0.
1539048599 1 13892.3945312 0. 6.14346689154e-22 0.
1539048659 1 13854.3789062 0. 6.13525811524e-22 0.
1539048694 1 13842.9970703 0. 6.13512618519e-22 0.
1539048729 1 13834.5214844 0. 6.1371283469e-22 0.
1539048789 1 13810.4394531 0. 6.13520557519e-22 0.
1539048850 1 13791.7753906 0. 6.13578257959e-22 0.
1539048910 1 13763.2060547 0. 6.13185138542e-22 0.
1539048970 1 13715.6464844 0. 6.11961380735e-22 0.
1539049030 1 13701.6591797 0. 6.12230059284e-22 0.
1539049090 1 13740.4267578 0. 6.14870667163e-22 0.
1539049150 1 13698.4423828 0. 6.13903260276e-22 0.
1539049210 1 13671.3798828 0. 6.13593128515e-22 0.
1539049270 1 13645.1728516 0. 6.13303934786e-22 0.
1539049331 1 13585.0605469 0. 6.11497715892e-22 0.
1539049391 1 13281.9375 0. 5.98748239019e-22 0.
1539049451 1 12210.0566406 0. 5.51327095301e-22 0.
1539049511 1 13756.46875 0. 6.21914802878e-22 0.
1539049571 1 13954.7666016 0. 6.31815653894e-22 0.
1539049631 1 13924.5927734 0. 6.31375032399e-22 0.
1539049691 1 13894.6767578 0. 6.30941455089e-22 0.
1539049751 1 13873.0595703 0. 6.30874777968e-22 0.
1539049812 1 13850.9179688 0. 6.30828278154e-22 0.
1539049872 1 13824.8574219 0. 6.30554593458e-22 0.
1539049932 1 13802.3007812 0. 6.30460539178e-22 0.
1539049992 1 13779.7636719 0. 6.30401278051e-22 0.
1539050052 1 13761.3681641 0. 6.30493090032e-22 0.
1539050112 1 13788.1552734 0. 6.32653918078e-22 0.
1539050173 1 13759.7568359 0. 6.32270160891e-22 0.
1539050233 1 13743.6767578 0. 6.32511045967e-22 0.
1539050293 1 13713.875 0. 6.32045864099e-22 0.
1539050353 1 13688.9238281 0. 6.31843156055e-22 0.
1539050413 1 13663.2558594 0. 6.31576452799e-22 0.
1539050473 1 13637.4169922 0. 6.31302453212e-22 0.
1539050533 1 13614.7539062 0. 6.31243308699e-22 0.
1539050594 1 13587.1533203 0. 6.30967041905e-22 0.
1539050654 1 13560.0361328 0. 6.30692852183e-22 0.
1539050714 1 13536.2705078 0. 6.30581302258e-22 0.
1539050774 1 13509.3203125 0. 6.30379985612e-22 0.
1539050812 1 13500.6201172 0. 6.30559164673e-22 0.
1539050850 1 13480.796875 0. 6.30289009366e-22 0.
1539050910 1 13457.8671875 0. 6.30224282974e-22 0.
1539050971 1 13427.5292969 0. 6.29801805138e-22 0.
1539051031 1 13404.9736328 0. 6.29732695912e-22 0.
1539051091 1 13420.4199219 0. 6.31442340923e-22 0.
1539051151 1 13406.1240234 0. 6.31734058201e-22 0.
1539051211 1 13373.7197266 0. 6.31193952843e-22 0.
1539051272 1 13349.5332031 0. 6.31006399431e-22 0.
1539051332 1 13325.3779297 0. 6.30850956428e-22 0.
1539051392 1 13300.203125 0. 6.30683312733e-22 0.
1539051452 1 13278.7587891 0. 6.30631237187e-22 0.
1539051512 1 13254.3720703 0. 6.30445046089e-22 0.
1539051572 1 13229.3535156 0. 6.30205140717e-22 0.
1539051632 1 13201.3525391 0. 6.2980708056e-22 0.
1539051693 1 13176.4462891 0. 6.29577114555e-22 0.
1539051753 1 13151.6582031 0. 6.29395560488e-22 0.
1539051813 1 13130.2851562 0. 6.29317544578e-22 0.
1539051873 1 13108.5703125 0. 6.29229975058e-22 0.
1539051933 1 13085.3828125 0. 6.2909536838e-22 0.
1539051993 1 13062.1865234 0. 6.2895643032e-22 0.
1539052053 1 13057.234375 0. 6.29669055696e-22 0.
1539052112 1 13064.9033203 0. 6.30995961873e-22 0.
1539052170 1 13028.3886719 0. 6.30190363531e-22 0.
1539052231 1 12982.6855469 0. 6.28977198007e-22 0.
1539052291 1 12952.9853516 0. 6.28520567165e-22 0.
1539052351 1 12951.6259766 0. 6.29409052434e-22 0.
1539052411 1 12937.4726562 0. 6.29691739135e-22 0.
1539052471 1 12904.3710938 0. 6.29079959882e-22 0.
1539052531 1 12884.6152344 0. 6.29079482629e-22 0.
1539052592 1 12860.7441406 0. 6.28867336885e-22 0.
1539052652 1 12832.9677734 0. 6.28506648671e-22 0.
1539052712 1 12808.2460938 0. 6.28247332126e-22 0.
1539052772 1 12781.015625 0. 6.27861912691e-22 0.
1539052832 1 12755.6835938 0. 6.27561924677e-22 0.
1539052892 1 12732.9892578 0. 6.27415407141e-22 0.
1539052942 1 12711.8291016 0. 6.27135450822e-22 0.
1539052992 1 12700.6523438 0. 6.27408724327e-22 0.
1539053052 1 12672.6015625 0. 6.2702167412e-22 0.
1539053113 1 12674.3759766 0. 6.28053413543e-22 0.
1539053173 1 12676.2900391 0. 6.29125527264e-22 0.
1539053233 1 12641.0957031 0. 6.28340411209e-22 0.
1539053293 1 12617.9951172 0. 6.28174988707e-22 0.
1539053353 1 12616.8662109 0. 6.29074118671e-22 0.
1539053396 1 12601.6767578 0. 6.28995398418e-22 0.
1539053439 1 12583.8232422 0. 6.28833450674e-22 0.
1539053499 1 12561.6230469 0. 6.28681585755e-22 0.
1539053560 1 12541.3671875 0. 6.2864028397e-22 0.
1539053620 1 12520.7412109 0. 6.28566708594e-22 0.
1539053680 1 12480.3789062 0. 6.27511327771e-22 0.
1539053740 1 12451.375 0. 6.26975858854e-22 0.
1539053800 1 12438.8603516 0. 6.27280440677e-22 0.
1539053860 1 12420.7939453 0. 6.27339244128e-22 0.
1539053921 1 12403.5048828 0. 6.27391411733e-22 0.
1539053981 1 12371.3457031 0. 6.26713629303e-22 0.
1539054041 1 12345.8066406 0. 6.26365323622e-22 0.
1539054101 1 12328.9296875 0. 6.26442499856e-22 0.
1539054161 1 12336.1748047 0. 6.27768242016e-22 0.
1539054221 1 12324.3808594 0. 6.28155223559e-22 0.
1539054282 1 12301.8037109 0. 6.27976324863e-22 0.
1539054342 1 12274.7138672 0. 6.27529896964e-22 0.
1539054402 1 12257.6298828 0. 6.27643473012e-22 0.
1539054462 1 12236.5537109 0. 6.27529816682e-22 0.
1539054523 1 12213.2958984 0. 6.27309912842e-22 0.
1539054583 1 12199.8779297 0. 6.27579952803e-22 0.
1539054643 1 12176.375 0. 6.27346053417e-22 0.
1539054703 1 12153.2568359 0. 6.27131846508e-22 0.
1539054763 1 12126.8105469 0. 6.26726688584e-22 0.
1539054823 1 12103.1162109 0. 6.26487680148e-22 0.
1539054882 1 12086.8681641 0. 6.26599442512e-22 0.
1539054941 1 12071.0732422 0. 6.26723444324e-22 0.
1539055001 1 12056.2675781 0. 6.26941472904e-22 0.
1539055061 1 12025.6494141 0. 6.26361892303e-22 0.
1539055122 1 12000.1171875 0. 6.26053102512e-22 0.
1539055182 1 11987.6230469 0. 6.26392710185e-22 0.
1539055242 1 12007.4589844 0. 6.28421985856e-22 0.
1539055302 1 11978.3417969 0. 6.27886040377e-22 0.
1539055362 1 11961.8769531 0. 6.28011317496e-22 0.
1539055422 1 11940.6269531 0. 6.27862232327e-22 0.
1539055482 1 11918.8837891 0. 6.27698299009e-22 0.
1539055542 1 11897.2304688 0. 6.27532906942e-22 0.
1539055603 1 11871.5771484 0. 6.27206520348e-22 0.
1539055663 1 11854.5839844 0. 6.27306352171e-22 0.
1539055723 1 11839.5048828 0. 6.27486441976e-22 0.
1539055783 1 11820.8164062 0. 6.27479062571e-22 0.
1539055843 1 11793.8242188 0. 6.27035940293e-22 0.
1539055903 1 11766.4599609 0. 6.26550281518e-22 0.
1539055963 1 11752.3222656 0. 6.26781881502e-22 0.
1539056024 1 11740.640625 0. 6.27188731529e-22 0.
1539056084 1 11721.2060547 0. 6.27141480303e-22 0.
1539056144 1 11699.3203125 0. 6.26950609472e-22 0.
1539056204 1 11706.7333984 0. 6.28343476621e-22 0.
1539056264 1 11699.1240234 0. 6.28972091602e-22 0.
1539056324 1 11672.8642578 0. 6.28556879845e-22 0.
1539056385 1 11650.7666016 0. 6.28392154818e-22 0.
1539056425 1 11633.6728516 0. 6.28091431473e-22 0.
1539056450 1 11625.7207031 0. 6.28118346778e-22 0.
1539056496 1 11616.8945312 0. 6.28411429483e-22 0.
1539056556 1 11595.5517578 0. 6.28267627057e-22 0.
1539056598 1 11581.9375 0. 6.28216284096e-22 0.
1539056616 1 11577.5302734 0. 6.2826352119e-22 0.
1539056651 1 11567.0078125 0. 6.28309105806e-22 0.
1539056711 1 11546.5546875 0. 6.2817633205e-22 0.
1539056771 1 11522.5869141 0. 6.2786239236e-22 0.
1539056831 1 11505.2128906 0. 6.27983907298e-22 0.
1539056891 1 11488.0449219 0. 6.28062113399e-22 0.
1539056933 1 11465.2646484 0. 6.27497123626e-22 0.
1539056975 1 11453.5654297 0. 6.27584849566e-22 0.
1539057036 1 11431.5703125 0. 6.27394049056e-22 0.
1539057096 1 11413.5429688 0. 6.27412077868e-22 0.
1539057156 1 11396.8398438 0. 6.27475716506e-22 0.
1539057216 1 11384.1992188 0. 6.27820902789e-22 0.
1539057276 1 11402.4072266 0. 6.29843340263e-22 0.
1539057336 1 11376.2373047 0. 6.29429499868e-22 0.
1539057397 1 11354.1513672 0. 6.29231050656e-22 0.
1539057443 1 11338.5820312 0. 6.29137331547e-22 0.
1539057489 1 11325.3222656 0. 6.29191051482e-22 0.
1539057549 1 11303.3818359 0. 6.28986502877e-22 0.
1539057610 1 11273.0761719 0. 6.28353974356e-22 0.
1539057670 1 11256.9345703 0. 6.28475034495e-22 0.
1539057730 1 11242.34375 0. 6.28696325838e-22 0.
1539057790 1 11223.9863281 0. 6.28685093641e-22 0.
1539057850 1 11202.2958984 0. 6.28515771599e-22 0.
1539057893 1 11193.2089844 0. 6.28688139022e-22 0.
1539057935 1 11180.6953125 0. 6.28741026515e-22 0.
1539057995 1 11156.6806641 0. 6.28395542701e-22 0.
1539058037 1 11138.8105469 0. 6.28089799773e-22 0.
1539058080 1 11125.2314453 0. 6.28044161394e-22 0.
1539058140 1 11111.6367188 0. 6.28283170515e-22 0.
1539058200 1 11088.0605469 0. 6.27952834215e-22 0.
1539058260 1 11072.4941406 0. 6.28054192406e-22 0.
1539058320 1 11085.9023438 0. 6.29848572624e-22 0.
1539058380 1 11062.7626953 0. 6.29560177407e-22 0.
1539058441 1 11033.3417969 0. 6.28915117141e-22 0.
1539058501 1 11023.0859375 0. 6.29313352794e-22 0.
1539058561 1 11001.3720703 0. 6.29125916404e-22 0.
1539058621 1 10985.7509766 0. 6.29256494586e-22 0.
1539058681 1 10962.9384766 0. 6.2897818536e-22 0.
1539058741 1 10938.2246094 0. 6.28617810932e-22 0.
1539058802 1 10918.9160156 0. 6.28554057297e-22 0.
1539058862 1 10894.5751953 0. 6.28155163272e-22 0.
1539058922 1 10873.9589844 0. 6.28008528234e-22 0.
1539058982 1 10859.9121094 0. 6.28218691267e-22 0.
1539059042 1 10851.4628906 0. 6.28741021686e-22 0.
1539059102 1 10832.6425781 0. 6.28683815337e-22 0.
1539059162 1 10807.3515625 0. 6.28200493775e-22 0.
1539059222 1 10794.3525391 0. 6.28481770097e-22 0.
1539059283 1 10776.2851562 0. 6.28478140706e-22 0.
1539059343 1 10780.2666016 0. 6.29730488541e-22 0.
1539059403 1 10776.7587891 0. 6.30613090146e-22 0.
1539059463 1 10752.1474609 0. 6.30222202751e-22 0.
1539059523 1 10731.3974609 0. 6.30077275903e-22 0.
1539059583 1 10708.2958984 0. 6.29742133233e-22 0.
1539059643 1 10697.6103516 0. 6.30184422289e-22 0.
1539059703 1 10684.1279297 0. 6.30472574651e-22 0.
1539059739 1 10665.7675781 0. 6.29979394822e-22 0.
1539059774 1 10651.2597656 0. 6.29796150575e-22 0.
1539059834 1 10629.1855469 0. 6.29564688804e-22 0.
1539059894 1 10618.8496094 0. 6.30017817834e-22 0.
1539059955 1 10594.7802734 0. 6.29672808377e-22 0.
1539060015 1 10574.2851562 0. 6.29514785344e-22 0.
1539060075 1 10556.953125 0. 6.2955716386e-22 0.
1539060135 1 10539.6503906 0. 6.29564286717e-22 0.
1539060195 1 10519.4736328 0. 6.29398879068e-22 0.
1539060256 1 10505.2480469 0. 6.29589270757e-22 0.
1539060316 1 10483.2792969 0. 6.29323691752e-22 0.
1539060376 1 10470.28125 0. 6.29593086786e-22 0.
1539060436 1 10477.8535156 0. 6.31148293769e-22 0.
1539060496 1 10452.4560547 0. 6.30690307226e-22 0.
1539060556 1 10434.53125 0. 6.30712698643e-22 0.
1539060617 1 10411.6064453 0. 6.30381827377e-22 0.
1539060677 1 10390.5332031 0. 6.30166366165e-22 0.
1539060737 1 10375.1875 0. 6.3027375882e-22 0.
1539060797 1 10350.6074219 0. 6.29835444628e-22 0.
1539060857 1 10333.3525391 0. 6.29860006365e-22 0.
1539060917 1 10304.3896484 0. 6.29167190731e-22 0.
1539060977 1 10298.0664062 0. 6.29823097522e-22 0.
1539061037 1 10277.3867188 0. 6.29595266318e-22 0.
1539061098 1 10264.625 0. 6.29895557218e-22 0.
1539061158 1 10247.7578125 0. 6.29909222053e-22 0.
1539061218 1 10224.7568359 0. 6.29541472695e-22 0.
1539061278 1 10196.0478516 0. 6.28864663399e-22 0.
1539061338 1 10188.2099609 0. 6.29405859838e-22 0.
1539061398 1 10168.5830078 0. 6.29233780657e-22 0.
1539061458 1 9813.1328125 0. 6.08297801623e-22 0.
1539061518 1 9832.296875 0. 6.10524840112e-22 0.
1539061579 1 10188.9785156 0. 6.33699107421e-22 0.
1539061639 1 10169.6923828 0. 6.33575417592e-22 0.
1539061699 1 10148.8964844 0. 6.33332693519e-22 0.
1539061749 1 10139.0107422 0. 6.33617896927e-22 0.
1539061799 1 10117.2431641 0. 6.33131848011e-22 0.
1539061860 1 10099.6191406 0. 6.33098676473e-22 0.
1539061920 1 10080.5380859 0. 6.32979958521e-22 0.
1539061955 1 10070.5771484 0. 6.32912956497e-22 0.
1539061966 1 10067.6171875 0. 6.32946720661e-22 0.
1539062002 1 10039.6767578 0. 6.31919610757e-22 0.
1539062062 1 10031.3847656 0. 6.32406475186e-22 0.
1539062122 1 10015.9511719 0. 6.32483771596e-22 0.
1539062182 1 10001.8105469 0. 6.32655616792e-22 0.
1539062242 1 9988.61132812 0. 6.32854236422e-22 0.
1539062302 1 9974.99414062 0. 6.33014554537e-22 0.
1539062362 1 9956.86035156 0. 6.32936045978e-22 0.
1539062423 1 9947.72363281 0. 6.33405826514e-22 0.
1539062483 1 9957.86425781 0. 6.35114300747e-22 0.
1539062543 1 9933.44140625 0. 6.34602097427e-22 0.
1539062603 1 9916.41601562 0. 6.3456836383e-22 0.
1539062663 1 9894.43164062 0. 6.34242430507e-22 0.
1539062723 1 9878.81738281 0. 6.34247205283e-22 0.
1539062783 1 9861.95410156 0. 6.34215942051e-22 0.
1539062844 1 9840.36523438 0. 6.33907214427e-22 0.
1539062904 1 9826.40527344 0. 6.34051755764e-22 0.
1539062964 1 9806.67578125 0. 6.33850051174e-22 0.
1539063024 1 9792.84277344 0. 6.34016460475e-22 0.
1539063084 1 9772.53222656 0. 6.33771663623e-22 0.
1539063144 1 9753.69433594 0. 6.33583349606e-22 0.
1539063205 1 9733.28125 0. 6.33283200517e-22 0.
1539063240 1 9726.77636719 0. 6.33428500972e-22 0.
1539063275 1 9715.49902344 0. 6.33350883341e-22 0.
1539063335 1 9700.20214844 0. 6.33389776928e-22 0.
1539063395 1 9686.43945312 0. 6.33555921112e-22 0.
1539063456 1 9666.80273438 0. 6.33298426182e-22 0.
1539063516 1 9673.76953125 0. 6.34793996917e-22 0.
1539063576 1 9662.22460938 0. 6.35107916522e-22 0.
1539063636 1 9644.78320312 0. 6.35021436576e-22 0.
1539063671 1 9636.90722656 0. 6.35071119495e-22 0.
1539063707 1 9627.48925781 0. 6.35140672397e-22 0.
1539063767 1 9611.56152344 0. 6.35141907217e-22 0.
1539063827 1 9586.55175781 0. 6.34525784519e-22 0.
1539063887 1 9574.70800781 0. 6.34798368223e-22 0.
1539063947 1 9557.39257812 0. 6.34699086984e-22 0.
1539064008 1 9538.36425781 0. 6.34493920926e-22 0.
1539064068 1 9520.1796875 0. 6.34297949393e-22 0.
1539064128 1 9499.47851562 0. 6.33989001424e-22 0.
1539064169 1 9498.04589844 0. 6.34580794003e-22 0.
1539064211 1 9486.00585938 0. 6.34555668187e-22 0.
1539064256 1 9472.53417969 0. 6.3439730107e-22 0.
1539064300 1 9458.00683594 0. 6.34207590539e-22 0.
1539064361 1 9438.78613281 0. 6.33944145825e-22 0.
1539064421 1 9423.49511719 0. 6.33912407738e-22 0.
1539064481 1 9409.41601562 0. 6.34013370761e-22 0.
1539064541 1 9396.8671875 0. 6.34185845195e-22 0.
1539064601 1 9381.76660156 0. 6.3423609514e-22 0.
1539064661 1 9394.81347656 0. 6.36186523192e-22 0.
1539064721 1 9375.72265625 0. 6.35951294233e-22 0.
1539064782 1 9358.10644531 0. 6.35824272103e-22 0.
1539064842 1 9341.84179688 0. 6.35779832995e-22 0.
1539064902 1 9329.41992188 0. 6.35973959626e-22 0.
1539064962 1 9311.71875 0. 6.357900983e-22 0.
1539065022 1 9290.88867188 0. 6.3544409923e-22 0.
1539065082 1 9271.80566406 0. 6.35188243157e-22 0.
1539065142 1 9254.84570312 0. 6.35082256689e-22 0.
1539065203 1 9241.35058594 0. 6.3519295602e-22 0.
1539065263 1 9227.30859375 0. 6.35305666651e-22 0.
1539065323 1 9208.50195312 0. 6.35075218215e-22 0.
1539065383 1 9190.7578125 0. 6.34862472445e-22 0.
1539065443 1 9170.88769531 0. 6.34495643597e-22 0.
1539065503 1 9153.88769531 0. 6.34355254618e-22 0.
1539065563 1 9143.41894531 0. 6.34659262052e-22 0.
1539065624 1 9126.61328125 0. 6.34533635115e-22 0.
1539065684 1 9107.50195312 0. 6.34226179224e-22 0.
1539065744 1 9088.73535156 0. 6.33990795602e-22 0.
1539065804 1 9099.74511719 0. 6.35827082898e-22 0.
1539065865 1 9088.54980469 0. 6.36104126165e-22 0.
1539065925 1 9072.38183594 0. 6.36033695763e-22 0.
1539065985 1 9050.40527344 0. 6.35533555202e-22 0.
1539066045 1 9039.36621094 0. 6.35781342569e-22 0.
1539066105 1 9015.46972656 0. 6.35170113509e-22 0.
1539066165 1 9003.76464844 0. 6.35396745859e-22 0.
1539066226 1 8990.55566406 0. 6.35534048927e-22 0.
1539066286 1 8974.765625 0. 6.35476868974e-22 0.
1539066346 1 8958.91796875 0. 6.35404419392e-22 0.
1539066406 1 8941.5703125 0. 6.35179017945e-22 0.
1539066466 1 8927.73339844 0. 6.3526054911e-22 0.
1539066526 1 8907.58691406 0. 6.34889040264e-22 0.
1539066586 1 8893.40917969 0. 6.34884029627e-22 0.
1539066646 1 8828.40332031 0. 6.31285932173e-22 0.
1539066707 1 8570.26855469 0. 6.1379149433e-22 0.
1539066767 1 8565.84082031 0. 6.14530571801e-22 0.
1539066827 1 8860.57421875 0. 6.36642802945e-22 0.
1539066887 1 8846.71582031 0. 6.36660405392e-22 0.
1539066947 1 8843.88574219 0. 6.37513021555e-22 0.
1539067007 1 8846.46386719 0. 6.38826507112e-22 0.
1539067067 1 8836.20117188 0. 6.39115012989e-22 0.
1539067128 1 8822.80175781 0. 6.39256010565e-22 0.
1539067188 1 8808.60253906 0. 6.39286231073e-22 0.
1539067248 1 8790.63574219 0. 6.39048992791e-22 0.
1539067308 1 8779.24023438 0. 6.39309037059e-22 0.
1539067368 1 9235.31347656 0. 6.73993736282e-22 0.
1539067428 1 9415.87792969 0. 6.89016753817e-22 0.
1539067488 1 9396.68847656 0. 6.89332500902e-22 0.
1539067549 1 9379.13964844 0. 6.89665259358e-22 0.
1539067609 1 9361.546875 0. 6.89933483613e-22 0.
1539067669 1 9339.765625 0. 6.89858468668e-22 0.
1539067729 1 9316.10449219 0. 6.89612492645e-22 0.
1539067789 1 9294.9765625 0. 6.89517435862e-22 0.
1539067849 1 9276.45214844 0. 6.89645432049e-22 0.
1539067909 1 9254.41210938 0. 6.89433643982e-22 0.
1539067970 1 9231.26757812 0. 6.89180547494e-22 0.
1539068030 1 9206.22265625 0. 6.88679705518e-22 0.
1539068090 1 9188.41113281 0. 6.88727997894e-22 0.
1539068150 1 9171.29296875 0. 6.88786399733e-22 0.
1539068210 1 9151.78417969 0. 6.88663673051e-22 0.
1539068270 1 9133.85644531 0. 6.88652716388e-22 0.
1539068330 1 9111.9296875 0. 6.88351874269e-22 0.
1539068390 1 9090.28125 0. 6.88014369081e-22 0.
1539068451 1 9078.81542969 0. 6.88448481922e-22 0.
1539068511 1 9046.02539062 0. 6.87270405698e-22 0.
1539068571 1 9022.04394531 0. 6.86765128429e-22 0.
1539068631 1 9012.11523438 0. 6.87300633747e-22 0.
1539068691 1 9005.00683594 0. 6.8807219663e-22 0.
1539068751 1 8988.71484375 0. 6.88109508447e-22 0.
1539068811 1 8977.73339844 0. 6.88528473699e-22 0.
1539068872 1 8964.6796875 0. 6.88803591871e-22 0.
1539068932 1 8945.74707031 0. 6.88603784364e-22 0.
1539068992 1 8927.62011719 0. 6.88475900206e-22 0.
1539069052 1 8909.58398438 0. 6.88375459692e-22 0.
1539069112 1 8892.46875 0. 6.88325838449e-22 0.
1539069172 1 8875.38476562 0. 6.88244329641e-22 0.
1539069232 1 8862.67480469 0. 6.8850460957e-22 0.
1539069293 1 8848.51464844 0. 6.88641496686e-22 0.
1539069353 1 8830.90527344 0. 6.88473358549e-22 0.
1539069413 1 8813.78320312 0. 6.88362175942e-22 0.
1539069473 1 8795.93945312 0. 6.88208262474e-22 0.
1539069533 1 8780.29003906 0. 6.88196100599e-22 0.
1539069593 1 8760.03320312 0. 6.87861112181e-22 0.
1539069653 1 8745.44433594 0. 6.87922316816e-22 0.
1539069713 1 8736.46582031 0. 6.88429501999e-22 0.
1539069774 1 8714.48828125 0. 6.87919791883e-22 0.
1539069834 1 8695.27636719 0. 6.87583624327e-22 0.
1539069894 1 8684.9296875 0. 6.87949334874e-22 0.
1539069952 1 8560.74707031 0. 6.79298049386e-22 0.
1539070010 1 8339.29980469 0. 6.62822013751e-22 0.
1539070071 1 8445.53613281 0. 6.72499573253e-22 0.
1539070131 1 8615.84179688 0. 6.87166975278e-22 0.
1539070191 1 8600.22460938 0. 6.87125454117e-22 0.
1539070251 1 8580.18554688 0. 6.86702196621e-22 0.
1539070311 1 8567.50976562 0. 6.86851161805e-22 0.
1539070372 1 8549.703125 0. 6.86589227449e-22 0.
1539070432 1 8532.96289062 0. 6.86424087821e-22 0.
1539070492 1 8517.70605469 0. 6.86397530738e-22 0.
1539070552 1 8504.05273438 0. 6.86497505802e-22 0.
1539070612 1 8485.55957031 0. 6.86185420998e-22 0.
1539070672 1 8470.8828125 0. 6.86165777632e-22 0.
1539070732 1 8459.62988281 0. 6.86462570607e-22 0.
1539070792 1 8448.92285156 0. 6.86757483041e-22 0.
1539070853 1 8423.10546875 0. 6.85813109361e-22 0.
1539070913 1 8408.48535156 0. 6.85775094608e-22 0.
1539070973 1 8393.28808594 0. 6.8568433695e-22 0.
1539071033 1 8375.78515625 0. 6.85392581957e-22 0.
1539071093 1 8361.97851562 0. 6.85388668122e-22 0.
1539071153 1 8345.09667969 0. 6.85161083345e-22 0.
1539071214 1 8327.75 0. 6.84867132265e-22 0.
1539071274 1 8310.94433594 0. 6.84645807348e-22 0.
1539071334 1 8295.29589844 0. 6.84511907732e-22 0.
1539071394 1 8282.13867188 0. 6.84556166765e-22 0.
1539071454 1 8273.68652344 0. 6.84947472318e-22 0.
1539071510 1 8259.19042969 0. 6.84808050578e-22 0.
1539071567 1 8244.64453125 0. 6.84677845608e-22 0.
1539071627 1 8228.52636719 0. 6.84490639166e-22 0.
1539071662 1 8215.40625 0. 6.8401952511e-22 0.
1539071698 1 8205.81738281 0. 6.8392275527e-22 0.
1539071758 1 8192.94433594 0. 6.83993237634e-22 0.
1539071805 1 8184.92529297 0. 6.84185220851e-22 0.
1539071852 1 8171.65478516 0. 6.83951220025e-22 0.
1539071910 1 8156.58203125 0. 6.8375739031e-22 0.
1539071968 1 8143.67822266 0. 6.83724169273e-22 0.
1539072028 1 8128.57421875 0. 6.83572857755e-22 0.
1539072089 1 8113.47216797 0. 6.83448096208e-22 0.
1539072149 1 8102.22949219 0. 6.83622355547e-22 0.
1539072184 1 8094.01171875 0. 6.83517871134e-22 0.
1539072219 1 8084.28027344 0. 6.83415966799e-22 0.
1539072279 1 8072.21972656 0. 6.83517739159e-22 0.
1539072340 1 8320.88085938 0. 7.05878626303e-22 0.
1539072375 1 8481.28808594 0. 7.20401032078e-22 0.
1539072385 1 8484.48632812 0. 7.20946210698e-22 0.
1539072421 1 8471.55371094 0. 7.20900937838e-22 0.
1539072481 1 8453.30957031 0. 7.20894799219e-22 0.
1539072541 1 8437.45898438 0. 7.21059299885e-22 0.
1539072601 1 8309.62402344 0. 7.11597403562e-22 0.
1539072662 1 8156.76318359 0. 6.9988262668e-22 0.
1539072722 1 8162.63574219 0. 7.0198655708e-22 0.
1539072782 1 8379.49707031 0. 7.22029693558e-22 0.
1539072842 1 8360.31542969 0. 7.21902556712e-22 0.
1539072902 1 8348.40234375 0. 7.22341094711e-22 0.
1539072963 1 8328.85058594 0. 7.22070598362e-22 0.
1539073023 1 8315.93847656 0. 7.22412314344e-22 0.
1539073083 1 8299.75585938 0. 7.22416425483e-22 0.
1539073143 1 8274.49902344 0. 7.21653853004e-22 0.
1539073203 1 8257.92871094 0. 7.21661645166e-22 0.
1539073263 1 8243.6875 0. 7.21814991578e-22 0.
1539073323 1 8223.859375 0. 7.21525887805e-22 0.
1539073383 1 8209.7578125 0. 7.21720655664e-22 0.
1539073444 1 8190.46191406 0. 7.21438663323e-22 0.
1539073504 1 8177.46337891 0. 7.21710230154e-22 0.
1539073564 1 8159.38964844 0. 7.21500189077e-22 0.
1539073624 1 8144.02880859 0. 7.21531010958e-22 0.
1539073684 1 8126.14257812 0. 7.21332892173e-22 0.
1539073744 1 8110.42626953 0. 7.21316051461e-22 0.
1539073804 1 8093.13867188 0. 7.21152110807e-22 0.
1539073864 1 8077.4140625 0. 7.21158426201e-22 0.
1539073925 1 8058.59570312 0. 7.20848206719e-22 0.
1539073985 1 8045.76953125 0. 7.21029391032e-22 0.
1539074045 1 8025.6640625 0. 7.20609145987e-22 0.
1539074105 1 8007.28320312 0. 7.20287387716e-22 0.
1539074165 1 7991.51953125 0. 7.20199284141e-22 0.
1539074225 1 7978.84960938 0. 7.20427650633e-22 0.
1539074285 1 7962.75683594 0. 7.20306488162e-22 0.
1539074346 1 7942.41259766 0. 7.19818793234e-22 0.
1539074406 1 7925.16699219 0. 7.19582685927e-22 0.
1539074466 1 7910.71484375 0. 7.1963712e-22 0.
1539074526 1 7893.10791016 0. 7.19420620729e-22 0.
1539074586 1 7871.34619141 0. 7.18748103298e-22 0.
1539074646 1 7857.03515625 0. 7.18791639926e-22 0.
1539074706 1 7845.15576172 0. 7.19086002181e-22 0.
1539074767 1 7830.75488281 0. 7.19110114804e-22 0.
1539074827 1 7810.43603516 0. 7.18594555827e-22 0.
1539074887 1 7795.99707031 0. 7.1857750096e-22 0.
1539074947 1 7785.9453125 0. 7.18954713369e-22 0.
1539075007 1 7770.91113281 0. 7.18889507406e-22 0.
1539075064 1 7754.31054688 0. 7.18618255436e-22 0.
1539075099 1 7744.40625 0. 7.18425013363e-22 0.
1539075137 1 7734.07666016 0. 7.18365821324e-22 0.
1539075197 1 7717.85644531 0. 7.18161454392e-22 0.
1539075235 1 7708.87988281 0. 7.18087024094e-22 0.
1539075273 1 7693.38916016 0. 7.17549615819e-22 0.
1539075334 1 7681.50927734 0. 7.17720104031e-22 0.
1539075394 1 7674.88085938 0. 7.18407254173e-22 0.
1539075454 1 7660.55175781 0. 7.18355206972e-22 0.
1539075514 1 7643.43847656 0. 7.18067790818e-22 0.
1539075574 1 7622.33935547 0. 7.17388852243e-22 0.
1539075634 1 7598.93505859 0. 7.16450498182e-22 0.
1539075695 1 7582.69042969 0. 7.16219376157e-22 0.
1539075755 1 7568.97460938 0. 7.16203844273e-22 0.
1539075815 1 7552.1953125 0. 7.15916623204e-22 0.
1539075875 1 7538.85742188 0. 7.15891250437e-22 0.
1539075935 1 7528.22900391 0. 7.1613465945e-22 0.
1539075995 1 7507.15917969 0. 7.15363014646e-22 0.
1539076055 1 7491.50683594 0. 7.15132294685e-22 0.
1539076116 1 7479.60888672 0. 7.15254207275e-22 0.
1539076176 1 7458.41015625 0. 7.14522543853e-22 0.
1539076236 1 7449.56005859 0. 7.14940369813e-22 0.
1539076296 1 7432.75488281 0. 7.14595184117e-22 0.
1539076356 1 7419.30859375 0. 7.14530523717e-22 0.
1539076416 1 7401.82421875 0. 7.14104282539e-22 0.
1539076476 1 7391.41162109 0. 7.1432902726e-22 0.
1539076536 1 7379.36865234 0. 7.14435600528e-22 0.
1539076597 1 7364.95654297 0. 7.14238586807e-22 0.
1539076657 1 7350.78173828 0. 7.14105797932e-22 0.
1539076717 1 7333.36279297 0. 7.13672416527e-22 0.
1539076777 1 7319.98730469 0. 7.13600648434e-22 0.
1539076837 1 7309.046875 0. 7.13723487899e-22 0.
1539076897 1 7286.87255859 0. 7.12806302621e-22 0.
1539076957 1 7280.97021484 0. 7.13449160393e-22 0.
1539077017 1 7267.93896484 0. 7.13408919196e-22 0.
1539077078 1 7255.99609375 0. 7.13459006737e-22 0.
1539077138 1 7239.15917969 0. 7.13038875348e-22 0.
1539077198 1 7235.92578125 0. 7.13914288924e-22 0.
1539077258 1 7218.22949219 0. 7.13371294142e-22 0.
1539077318 1 7204.60986328 0. 7.13242451124e-22 0.
1539077378 1 7192.12597656 0. 7.13208155478e-22 0.
1539077438 1 7173.8828125 0. 7.12620374098e-22 0.
1539077498 1 7159.31835938 0. 7.1237985906e-22 0.
1539077558 1 7150.67138672 0. 7.12716837678e-22 0.
1539077619 1 7140.80078125 0. 7.12922284778e-22 0.
1539077654 1 7136.90771484 0. 7.13173571068e-22 0.
1539077689 1 7124.41308594 0. 7.1275050248e-22 0.
1539077749 1 7111.39990234 0. 7.12620084009e-22 0.
1539077810 1 7095.77148438 0. 7.12259904446e-22 0.
1539077870 1 7084.18310547 0. 7.12311532901e-22 0.
1539077930 1 7066.1328125 0. 7.11694633736e-22 0.
1539077990 1 7049.35449219 0. 7.11204778022e-22 0.
1539078050 1 7038.59765625 0. 7.11307090425e-22 0.
1539078110 1 7028.80517578 0. 7.11513468567e-22 0.
1539078170 1 7012.44042969 0. 7.11013304491e-22 0.
1539078230 1 6997.55664062 0. 7.10710127854e-22 0.
1539078291 1 6984.83154297 0. 7.10588895628e-22 0.
1539078351 1 6974.13134766 0. 7.1068252069e-22 0.
1539078386 1 6968.51660156 0. 7.10776291654e-22 0.
1539078421 1 6957.89990234 0. 7.10444218408e-22 0.
1539078481 1 6955.41015625 0. 7.11311697375e-22 0.
1539078541 1 6941.95214844 0. 7.11094205495e-22 0.
1539078601 1 6923.22460938 0. 7.10404036905e-22 0.
1539078662 1 6913.04101562 0. 7.1052946036e-22 0.
1539078722 1 6903.15429688 0. 7.10652268181e-22 0.
1539078782 1 6893.26708984 0. 7.10792883774e-22 0.
1539078842 1 6877.40673828 0. 7.10368440684e-22 0.
1539078902 1 6869.62353516 0. 7.10733934851e-22 0.
1539078962 1 6857.171875 0. 7.10571542997e-22 0.
1539079022 1 6843.57568359 0. 7.10308588583e-22 0.
1539079082 1 6826.06738281 0. 7.09656015927e-22 0.
1539079143 1 6812.19140625 0. 7.09378771017e-22 0.
1539079203 1 6808.41650391 0. 7.10124114233e-22 0.
1539079263 1 6793.35302734 0. 7.09686912451e-22 0.
1539079323 1 6784.22558594 0. 7.09893277362e-22 0.
1539079383 1 6768.98046875 0. 7.09441774038e-22 0.
1539079424 1 6762.94677734 0. 7.09532647057e-22 0.
1539079465 1 6759.68017578 0. 7.10005200662e-22 0.
1539079526 1 6745.29003906 0. 7.09635235862e-22 0.
1539079586 1 6727.39355469 0. 7.08929497702e-22 0.
1539079646 1 6715.62646484 0. 7.08856322338e-22 0.
1539079706 1 6710.2265625 0. 7.09366065339e-22 0.
1539079766 1 6693.51611328 0. 7.08736024166e-22 0.
1539079827 1 6682.18994141 0. 7.08662881885e-22 0.
1539079887 1 6676.72167969 0. 7.09188449661e-22 0.
1539079947 1 6658.37988281 0. 7.08359328356e-22 0.
1539080007 1 6644.70019531 0. 7.08035534735e-22 0.
1539080067 1 6631.40478516 0. 7.07726080319e-22 0.
1539080127 1 6620.37890625 0. 7.07692010262e-22 0.
1539080188 1 6607.01171875 0. 7.07393072883e-22 0.
1539080248 1 6596.10253906 0. 7.07366977889e-22 0.
1539080308 1 6589.73291016 0. 7.0784162788e-22 0.
1539080368 1 6580.60498047 0. 7.07911809725e-22 0.
1539080428 1 6564.98925781 0. 7.0728230374e-22 0.
1539080488 1 6551.50878906 0. 7.06967233613e-22 0.
1539080548 1 6540.57714844 0. 7.06870610789e-22 0.
1539080607 1 6525.00341797 0. 7.06325035071e-22 0.
1539080660 1 6526.45361328 0. 7.07395392125e-22 0.
1539080713 1 6513.74267578 0. 7.07034003383e-22 0.
1539080774 1 6494.27099609 0. 7.06038789364e-22 0.
1539080834 1 6483.55029297 0. 7.05960374365e-22 0.
1539080894 1 6476.95410156 0. 7.06302938277e-22 0.
1539080954 1 6465.12841797 0. 7.06096055618e-22 0.
1539081014 1 6456.21728516 0. 7.06203566433e-22 0.
1539081075 1 6446.2265625 0. 7.0623245433e-22 0.
1539081135 1 6420.59619141 0. 7.04517440399e-22 0.
1539081195 1 6415.80664062 0. 7.05045299578e-22 0.
1539081255 1 6403.00683594 0. 7.04742659323e-22 0.
1539081315 1 6397.31054688 0. 7.0520288797e-22 0.
1539081376 1 6380.68505859 0. 7.04434456631e-22 0.
1539081436 1 6365.92724609 0. 7.03906595453e-22 0.
1539081496 1 6350.58007812 0. 7.03314668658e-22 0.
1539081556 1 6342.88330078 0. 7.03537485363e-22 0.
1539081608 1 6335.20800781 0. 7.03566243003e-22 0.
1539081661 1 6320.65283203 0. 7.02895423897e-22 0.
1539081721 1 6307.39648438 0. 7.02517758763e-22 0.
1539081781 1 6303.92285156 0. 7.03167857041e-22 0.
1539081841 1 6295.69775391 0. 7.03302648867e-22 0.
1539081902 1 6277.23144531 0. 7.02370072005e-22 0.
1539081947 1 6270.05224609 0. 7.0234830882e-22 0.
1539081993 1 6265.70800781 0. 7.02665665007e-22 0.
1539082054 1 6263.20019531 0. 7.03421181438e-22 0.
1539082114 1 6249.19091797 0. 7.02885620237e-22 0.
1539082174 1 6244.32958984 0. 7.03418645985e-22 0.
1539082234 1 6228.31152344 0. 7.02672834632e-22 0.
1539082294 1 6052.81103516 0. 6.83854804534e-22 0.
1539082355 1 5983.95507812 0. 6.77074786168e-22 0.
1539082415 1 6243.98974609 0. 7.07373992575e-22 0.
1539082475 1 6237.64697266 0. 7.07711746747e-22 0.
1539082535 1 6227.37988281 0. 7.07717645444e-22 0.
1539082595 1 6219.22509766 0. 7.07784615264e-22 0.
1539082656 1 6207.01953125 0. 7.07430235716e-22 0.
1539082716 1 6199.95263672 0. 7.07642908857e-22 0.
1539082776 1 6183.37744141 0. 7.06807216637e-22 0.
1539082836 1 6173.48828125 0. 7.06732570108e-22 0.
1539082896 1 6162.47607422 0. 7.06561213426e-22 0.
1539082956 1 6149.99804688 0. 7.06174755966e-22 0.
1539083017 1 6141.62304688 0. 7.06216141356e-22 0.
1539083077 1 6130.99853516 0. 7.06031865953e-22 0.
1539083137 1 6122.25341797 0. 7.06019657702e-22 0.
1539083197 1 6114.34228516 0. 7.06108308385e-22 0.
1539083257 1 6104.74023438 0. 7.06039217989e-22 0.
1539083317 1 6097.06103516 0. 7.06196679875e-22 0.
1539083377 1 6085.63476562 0. 7.05889079943e-22 0.
1539083438 1 6072.35205078 0. 7.05396796788e-22 0.
1539083498 1 6057.80908203 0. 7.04752445246e-22 0.
1539083558 1 6047.98242188 0. 7.04612445287e-22 0.
1539083618 1 6040.51855469 0. 7.04772522399e-22 0.
1539083678 1 6028.05859375 0. 7.04320079171e-22 0.
1539083738 1 6022.51367188 0. 7.04675078657e-22 0.
1539083798 1 6011.33837891 0. 7.04391956235e-22 0.
1539083858 1 6005.88232422 0. 7.04735514314e-22 0.
1539083918 1 5989.71875 0. 7.03907124405e-22 0.
1539083979 1 5980.90527344 0. 7.03877492229e-22 0.
1539084039 1 5970.07373047 0. 7.03610213114e-22 0.
1539084099 1 5956.83203125 0. 7.03079132336e-22 0.
1539084159 1 5949.52148438 0. 7.03217255196e-22 0.
1539084219 1 5940.56005859 0. 7.03189078119e-22 0.
1539084279 1 5929.73242188 0. 7.02926154816e-22 0.
1539084339 1 5918.74511719 0. 7.02622082189e-22 0.
1539084400 1 5909.47998047 0. 7.0253588038e-22 0.
1539084460 1 5898.87939453 0. 7.02260872305e-22 0.
1539084520 1 5882.94238281 0. 7.01398376587e-22 0.
1539084580 1 5877.76757812 0. 7.0174171774e-22 0.
1539084640 1 5868.58398438 0. 7.01643545977e-22 0.
1539084700 1 5860.60400391 0. 7.01700096047e-22 0.
1539084760 1 5851.95996094 0. 7.01640751172e-22 0.
1539084820 1 5845.42626953 0. 7.01911494298e-22 0.
1539084880 1 5836.59326172 0. 7.01764097473e-22 0.
1539084941 1 5826.66162109 0. 7.0158256035e-22 0.
1539085001 1 5817.63769531 0. 7.01485425837e-22 0.
1539085061 1 5809.49414062 0. 7.01406077506e-22 0.
1539085121 1 5800.24609375 0. 7.0126524579e-22 0.
1539085165 1 5793.6171875 0. 7.01109527886e-22 0.
1539085209 1 5786.76074219 0. 7.0105010057e-22 0.
1539085269 1 5780.71923828 0. 7.0130827973e-22 0.
1539085329 1 5767.70898438 0. 7.00665253568e-22 0.
1539085389 1 5761.09082031 0. 7.00879372581e-22 0.
1539085450 1 5752.37792969 0. 7.00805126228e-22 0.
1539085510 1 5745.68798828 0. 7.00970934172e-22 0.
1539085570 1 5733.77734375 0. 7.00471574953e-22 0.
1539085630 1 5725.00195312 0. 7.00382086411e-22 0.
1539085690 1 5716.55761719 0. 7.0034244433e-22 0.
1539085750 1 5710.86279297 0. 7.00594511205e-22 0.
1539085811 1 5699.29101562 0. 7.00158398906e-22 0.
1539085871 1 5690.921875 0. 7.00068354799e-22 0.
1539085931 1 5681.12988281 0. 6.99873760712e-22 0.
1539085991 1 5677.33105469 0. 7.0031739915e-22 0.
1539086051 1 5668.06494141 0. 7.00159657672e-22 0.
1539086111 1 5658.89111328 0. 6.99969060257e-22 0.
1539086172 1 5652.59716797 0. 7.00194728923e-22 0.
1539086232 1 5639.72167969 0. 6.99554472706e-22 0.
1539086292 1 5631.91064453 0. 6.99493109999e-22 0.
1539086352 1 5622.66455078 0. 6.99297320374e-22 0.
1539086412 1 5612.02587891 0. 6.98948367936e-22 0.
1539086472 1 5602.90673828 0. 6.98761923281e-22 0.
1539086532 1 5593.65576172 0. 6.98590852661e-22 0.
1539086593 1 5585.53564453 0. 6.98546245019e-22 0.
1539086653 1 5577.11669922 0. 6.98429850299e-22 0.
1539086713 1 5568.0625 0. 6.98265376671e-22 0.
1539086773 1 5560.2890625 0. 6.98262085154e-22 0.
1539086833 1 5547.11376953 0. 6.97574782659e-22 0.
1539086893 1 5539.81591797 0. 6.97586843179e-22 0.
1539086953 1 5531.25634766 0. 6.97416202452e-22 0.
1539087013 1 5525.15917969 0. 6.97620810602e-22 0.
1539087073 1 5516.44628906 0. 6.97483231184e-22 0.
1539087134 1 5506.77050781 0. 6.97273816477e-22 0.
1539087194 1 5496.76416016 0. 6.96893115554e-22 0.
1539087254 1 5484.37597656 0. 6.96316669986e-22 0.
1539087314 1 5481.51904297 0. 6.96870613213e-22 0.
1539087374 1 5471.68457031 0. 6.96500200114e-22 0.
1539087434 1 5463.32128906 0. 6.96292397836e-22 0.
1539087494 1 5457.84277344 0. 6.96539289372e-22 0.
1539087554 1 5447.39453125 0. 6.96194543255e-22 0.
1539087615 1 5440.45703125 0. 6.96246308141e-22 0.
1539087675 1 5430.82763672 0. 6.95954727146e-22 0.
1539087735 1 5419.87158203 0. 6.95498229956e-22 0.
1539087795 1 5412.34326172 0. 6.95452169649e-22 0.
1539087855 1 5405.55615234 0. 6.95499940395e-22 0.
1539087915 1 5397.86328125 0. 6.95404248175e-22 0.
1539087976 1 5389.39355469 0. 6.95169796747e-22 0.
1539088036 1 5378.23632812 0. 6.94660559946e-22 0.
1539088096 1 5371.51171875 0. 6.94670640676e-22 0.
1539088156 1 5363.40869141 0. 6.94510145732e-22 0.
1539088216 1 5356.85595703 0. 6.94573303999e-22 0.
1539088276 1 5348.91796875 0. 6.9446489542e-22 0.
1539088336 1 5342.37060547 0. 6.94495410452e-22 0.
1539088397 1 5335.36328125 0. 6.94492280096e-22 0.
1539088457 1 5325.8828125 0. 6.94190538971e-22 0.
1539088517 1 5319.27929688 0. 6.94246245129e-22 0.
1539088575 1 5310.84423828 0. 6.94010780602e-22 0.
1539088633 1 5302.52392578 0. 6.93769240981e-22 0.
1539088693 1 5294.05761719 0. 6.93560860723e-22 0.
1539088753 1 5287.54492188 0. 6.93584420293e-22 0.
1539088813 1 5280.09033203 0. 6.93498546997e-22 0.
1539088874 1 5270.64892578 0. 6.93163815031e-22 0.
1539088934 1 5262.13330078 0. 6.92948417877e-22 0.
1539088994 1 5254.50292969 0. 6.92825696036e-22 0.
1539089054 1 5243.72265625 0. 6.92283488446e-22 0.
1539089114 1 5235.74462891 0. 6.92111484731e-22 0.
1539089174 1 5230.9609375 0. 6.92340414834e-22 0.
1539089234 1 5226.51464844 0. 6.92600881334e-22 0.
1539089294 1 5216.14746094 0. 6.92152498429e-22 0.
1539089355 1 5209.64404297 0. 6.92225669748e-22 0.
1539089415 1 5201.51025391 0. 6.92076981974e-22 0.
1539089475 1 5194.10253906 0. 6.91923748432e-22 0.
1539089535 1 5185.22900391 0. 6.91604503418e-22 0.
1539089595 1 5176.54101562 0. 6.91368146076e-22 0.
1539089655 1 5167.63378906 0. 6.9102045507e-22 0.
1539089715 1 5153.90917969 0. 6.90027096913e-22 0.
1539089775 1 5150.72753906 0. 6.90449322438e-22 0.
1539089836 1 5147.41992188 0. 6.90867197147e-22 0.
1539089896 1 5140.01318359 0. 6.90738576325e-22 0.
1539089956 1 5131.68359375 0. 6.90519695049e-22 0.
1539090016 1 5125.21728516 0. 6.90533800561e-22 0.
1539090076 1 5104.96972656 0. 6.88724022174e-22 0.
1539090136 1 5094.09033203 0. 6.88135697483e-22 0.
1539090196 1 5088.93798828 0. 6.88280731426e-22 0.
1539090256 1 5075.03320312 0. 6.87235406803e-22 0.
1539090317 1 5064.08154297 0. 6.86622541524e-22 0.
1539090377 1 5057.85986328 0. 6.86631128315e-22 0.
1539090437 1 5051.63574219 0. 6.86611248784e-22 0.
1539090497 1 5045.81982422 0. 6.86696988011e-22 0.
1539090557 1 5038.01074219 0. 6.86567638743e-22 0.
1539090617 1 5032.16845703 0. 6.86591173938e-22 0.
1539090678 1 5025.78271484 0. 6.86537167117e-22 0.
1539090738 1 5018.69775391 0. 6.86419904561e-22 0.
1539090798 1 5007.51513672 0. 6.85763414951e-22 0.
1539090858 1 5005.75537109 0. 6.86349053906e-22 0.
1539090918 1 4994.89306641 0. 6.85733138088e-22 0.
1539090979 1 4991.38867188 0. 6.86082870191e-22 0.
1539091039 1 4981.97070312 0. 6.85648789257e-22 0.
1539091099 1 4975.90185547 0. 6.85672813441e-22 0.
1539091159 1 4969.72412109 0. 6.85626284927e-22 0.
1539091219 1 4963.76269531 0. 6.85657676718e-22 0.
1539091279 1 4957.15429688 0. 6.85575471668e-22 0.
1539091340 1 4949.99462891 0. 6.85439196415e-22 0.
1539091400 1 4942.06787109 0. 6.85149737448e-22 0.
1539091460 1 4937.22558594 0. 6.85303982782e-22 0.
1539091520 1 4931.86328125 0. 6.85383656206e-22 0.
1539091580 1 4927.37353516 0. 6.85619933184e-22 0.
1539091640 1 4921.80175781 0. 6.85729389955e-22 0.
1539091700 1 4911.84667969 0. 6.85192038821e-22 0.
1539091760 1 4904.38134766 0. 6.850103609e-22 0.
1539091821 1 4896.89501953 0. 6.84808840691e-22 0.
1539091881 1 4887.94189453 0. 6.84392550503e-22 0.
1539091941 1 4878.45117188 0. 6.83889251871e-22 0.
1539092001 1 4877.02539062 0. 6.84447612807e-22 0.
1539092061 1 4863.85742188 0. 6.83441118851e-22 0.
1539092121 1 4856.13330078 0. 6.83230709209e-22 0.
1539092182 1 4851.77636719 0. 6.83420422459e-22 0.
1539092242 1 4848.19384766 0. 6.83731214658e-22 0.
1539092302 1 4839.65429688 0. 6.83316231582e-22 0.
1539092360 1 4834.04443359 0. 6.83284149089e-22 0.
1539092418 1 4826.66015625 0. 6.83050165065e-22 0.
1539092478 1 4817.28515625 0. 6.82569892559e-22 0.
1539092539 1 4812.75585938 0. 6.82733855712e-22 0.
1539092599 1 4811.02832031 0. 6.83339382393e-22 0.
1539092659 1 4806.15039062 0. 6.83435137245e-22 0.
1539092719 1 4797.21777344 0. 6.82979628621e-22 0.
1539092779 1 4752.60009766 0. 6.77444682723e-22 0.
1539092839 1 4656.33349609 0. 6.64287284853e-22 0.
1539092899 1 4656.81738281 0. 6.65538232601e-22 0.
1539092934 1 2239.4621582 0. 3.24549798942e-22 0.
1539092945 1 382.764251709 0. 5.52122483161e-23 0.
1539092954 1 704.133850098 0. 1.01214652112e-22 0.
1539092963 1 1097.81835938 0. 1.57290798715e-22 0.
1539092971 1 1724.47802734 0. 2.47202086234e-22 0.
1539092980 1 2492.31665039 0. 3.56443195656e-22 0.
1539092989 1 3231.11206055 0. 4.62809671161e-22 0.
1539092997 1 4075.77661133 0. 5.83057339682e-22 0.
1539093006 1 4450.75244141 0. 6.3699461054e-22 0.
1539093015 1 4806.43310547 0. 6.87921320739e-22 0.
1539093023 1 4465.22851562 0. 6.39306178533e-22 0.
1539093032 1 4100.21533203 0. 5.86999053496e-22 0.
1539093041 1 3276.15991211 0. 4.69679818001e-22 0.
1539093050 1 2576.00927734 0. 3.68853285828e-22 0.
1539093058 1 1833.96582031 0. 2.63124297158e-22 0.
1539093067 1 1230.5435791 0. 1.76443283296e-22 0.
1539093076 1 822.856933594 0. 1.18327839752e-22 0.
1539093084 1 459.089324951 0. 6.61753268383e-23 0.
1539093101 1 2495.54492188 0. 3.61684355419e-22 0.
1539093117 1 806.305175781 0. 1.15726010538e-22 0.
1539093125 1 1266.47058105 0. 1.81335878973e-22 0.
1539093134 1 1776.67602539 0. 2.53560844409e-22 0.
1539093142 1 2427.15039062 0. 3.4698789907e-22 0.
1539093150 1 3117.53222656 0. 4.45292959787e-22 0.
1539093159 1 3725.34545898 0. 5.33237368393e-22 0.
1539093167 1 4349.20361328 0. 6.22848413005e-22 0.
1539093176 1 4593.85058594 0. 6.58787836618e-22 0.
1539093184 1 4786.39550781 0. 6.87211092581e-22 0.
1539093192 1 4498.56591797 0. 6.46605370919e-22 0.
1539093200 1 4171.32373047 0. 6.00057780717e-22 0.
1539093209 1 3468.91308594 0. 4.99922513844e-22 0.
1539093217 1 2877.24536133 0. 4.14738092793e-22 0.
1539093226 1 2142.32348633 0. 3.09698230939e-22 0.
1539093234 1 1567.64794922 0. 2.26852162166e-22 0.
1539093242 1 1080.8638916 0. 1.57192851274e-22 0.
1539093251 1 677.743469238 0. 9.91187792547e-23 0.
1539093259 1 2156.66333008 0. 3.1458872604e-22 0.
1539093294 1 4779.12646484 0. 6.87455790033e-22 0.
1539093354 1 4771.17138672 0. 6.87077603443e-22 0.
1539093414 1 4767.48193359 0. 6.87210850959e-22 0.
1539093475 1 4761.03271484 0. 6.86914463445e-22 0.
1539093535 1 4762.52783203 0. 6.87834598953e-22 0.
1539093595 1 4756.81787109 0. 6.87749070216e-22 0.
1539093655 1 4746.02636719 0. 6.86966812986e-22 0.
1539093715 1 4737.875 0. 6.86616688129e-22 0.
1539093775 1 4733.83203125 0. 6.86804322252e-22 0.
1539093835 1 4727.0625 0. 6.8663476195e-22 0.
1539093890 1 4583.63867188 0. 6.6737428132e-22 0.
1539093944 1 0.0 0. 0.0 0.
