1539101930 1 16646.4101562 0. 5.82744742879e-22 0.
1539101977 1 17239.9667969 0. 6.04712451564e-22 0.
1539102024 1 17186.6933594 0. 6.0410788834e-22 0.
1539102071 1 17012.2070312 0. 5.99413174077e-22 0.
1539102119 1 16945.421875 0. 5.98398009504e-22 0.
1539102179 1 16947.5664062 0. 5.9984725061e-22 0.
1539102240 1 16936.9140625 0. 6.00941665894e-22 0.
1539102300 1 16924.53125 0. 6.01857610103e-22 0.
1539102360 1 16843.4296875 0. 6.00439364003e-22 0.
1539102420 1 16789.2792969 0. 5.99920408929e-22 0.
1539102480 1 16674.7949219 0. 5.97154484521e-22 0.
1539102537 1 16577.7949219 0. 5.94865451029e-22 0.
1539102594 1 16512.8066406 0. 5.93672462048e-22 0.
1539102655 1 16503.0175781 0. 5.94585319491e-22 0.
1539102715 1 16473.3789062 0. 5.9476264686e-22 0.
1539102775 1 16234.8779297 0. 5.87376380797e-22 0.
1539102835 1 16164.8447266 0. 5.85949344534e-22 0.
1539102895 1 15316.2910156 0. 5.5626206883e-22 0.
1539102956 1 16707.6914062 0. 6.07750261204e-22 0.
1539103016 1 16680.6855469 0. 6.07879571852e-22 0.
1539103073 1 16650.4316406 0. 6.07830095822e-22 0.
1539103131 1 16627.1796875 0. 6.08026911076e-22 0.
1539103191 1 16585.0117188 0. 6.07573357151e-22 0.
1539103251 1 16541.9550781 0. 6.07064603493e-22 0.
1539103311 1 16499.015625 0. 6.06554939817e-22 0.
1539103371 1 16456.5742188 0. 6.0606498545e-22 0.
1539103431 1 16417.2324219 0. 6.05665797363e-22 0.
1539103492 1 16381.5996094 0. 6.05407470219e-22 0.
1539103552 1 16355.6425781 0. 6.05447031563e-22 0.
1539103587 1 16337.1396484 0. 6.05345842444e-22 0.
1539103622 1 16299.1230469 0. 6.04568608489e-22 0.
1539103683 1 16271.5175781 0. 6.04532914609e-22 0.
1539103743 1 16239.0644531 0. 6.0430274387e-22 0.
1539103803 1 16206.6347656 0. 6.04086617925e-22 0.
1539103863 1 16155.5068359 0. 6.03148210559e-22 0.
1539103923 1 16145.0400391 0. 6.03711746034e-22 0.
1539103983 1 16112.5693359 0. 6.03473163046e-22 0.
1539104043 1 16076.1796875 0. 6.03078169128e-22 0.
1539104103 1 16034.5283203 0. 6.02520095059e-22 0.
1539104163 1 15946.3066406 0. 6.00141806751e-22 0.
1539104224 1 15932.5087891 0. 6.00532529265e-22 0.
1539104284 1 15913.984375 0. 6.00775665714e-22 0.
1539104344 1 15883.5546875 0. 6.00520562042e-22 0.
1539104384 1 15855.9560547 0. 6.00036668831e-22 0.
1539104424 1 15834.4814453 0. 5.99886986609e-22 0.
1539104484 1 15795.3496094 0. 5.99360012519e-22 0.
1539104544 1 15780.3144531 0. 5.9972170098e-22 0.
1539104604 1 15761.9423828 0. 5.9996231037e-22 0.
1539104664 1 15719.8779297 0. 5.99302550532e-22 0.
1539104724 1 15683.2207031 0. 5.98861566055e-22 0.
1539104785 1 15654.8496094 0. 5.9868377471e-22 0.
1539104845 1 15627.5419922 0. 5.9857430288e-22 0.
1539104905 1 15577.9794922 0. 5.97581041364e-22 0.
1539104965 1 15369.5429688 0. 5.90441021992e-22 0.
1539105025 1 15173.3447266 0. 5.83713992862e-22 0.
1539105085 1 14726.9003906 0. 5.67401030145e-22 0.
1539105145 1 15603.2998047 0. 6.01973422042e-22 0.
1539105206 1 15574.3046875 0. 6.01756603095e-22 0.
1539105266 1 15542.6777344 0. 6.01402189036e-22 0.
1539105326 1 15516.375 0. 6.01247409325e-22 0.
1539105386 1 15477.3105469 0. 6.0063490238e-22 0.
1539105446 1 15449.2832031 0. 6.00437716405e-22 0.
1539105506 1 15425.6201172 0. 6.00395769766e-22 0.
1539105543 1 15403.5791016 0. 6.00044206245e-22 0.
1539105580 1 15377.2265625 0. 5.99587825845e-22 0.
1539105640 1 15352.7236328 0. 5.99475922119e-22 0.
1539105700 1 15329.671875 0. 5.99484061372e-22 0.
1539105760 1 15303.65625 0. 5.99312945498e-22 0.
1539105821 1 15273.8525391 0. 5.9900411922e-22 0.
1539105881 1 15240.6230469 0. 5.9857714888e-22 0.
1539105941 1 15207.2919922 0. 5.98108762081e-22 0.
1539106001 1 15187.3623047 0. 5.9818365762e-22 0.
1539106061 1 15160.46875 0. 5.98007973017e-22 0.
1539106121 1 15142.3095703 0. 5.9814111197e-22 0.
1539106181 1 15120.5664062 0. 5.98128699993e-22 0.
1539106241 1 15087.7373047 0. 5.97693221428e-22 0.
1539106302 1 15064.6894531 0. 5.97639235964e-22 0.
1539106362 1 15038.5322266 0. 5.97444421569e-22 0.
1539106422 1 14999.3339844 0. 5.96745431965e-22 0.
1539106482 1 14977.5771484 0. 5.96729835926e-22 0.
1539106542 1 14945.65625 0. 5.96329139981e-22 0.
1539106587 1 14930.9335938 0. 5.9635348911e-22 0.
1539106631 1 14907.7529297 0. 5.96092903529e-22 0.
1539106674 1 14891.2988281 0. 5.96026948985e-22 0.
1539106717 1 14880.5507812 0. 5.96207547962e-22 0.
1539106778 1 14851.6904297 0. 5.95883917641e-22 0.
1539106838 1 14823.1210938 0. 5.95563580251e-22 0.
1539106898 1 14802.2714844 0. 5.95556764903e-22 0.
1539106958 1 14765.5810547 0. 5.94962420821e-22 0.
1539107018 1 14748.1230469 0. 5.95117517694e-22 0.
1539107078 1 14717.7304688 0. 5.9474558065e-22 0.
1539107139 1 14691.7714844 0. 5.94532567761e-22 0.
1539107199 1 14659.4775391 0. 5.94048410802e-22 0.
1539107259 1 14629.8261719 0. 5.93703229067e-22 0.
1539107319 1 14604.5830078 0. 5.93506351993e-22 0.
1539107379 1 14570.6875 0. 5.92931235276e-22 0.
1539107439 1 14551.0341797 0. 5.92967296632e-22 0.
1539107499 1 14531.8720703 0. 5.93007634734e-22 0.
1539107559 1 14505.2802734 0. 5.92747854713e-22 0.
1539107620 1 14485.5078125 0. 5.9281691716e-22 0.
1539107680 1 14454.7363281 0. 5.92372905902e-22 0.
1539107740 1 14441.9345703 0. 5.9268534737e-22 0.
1539107775 1 14419.5654297 0. 5.92205939125e-22 0.
1539107810 1 14407.2822266 0. 5.92261959728e-22 0.
1539107871 1 14386.2802734 0. 5.92195888215e-22 0.
1539107931 1 14357.0185547 0. 5.91819906139e-22 0.
1539107991 1 14332.3935547 0. 5.91595539263e-22 0.
1539108051 1 14311.7822266 0. 5.91566801707e-22 0.
1539108111 1 14118.1064453 0. 5.84345697864e-22 0.
1539108171 1 13798.1630859 0. 5.71901952564e-22 0.
1539108232 1 13838.9208984 0. 5.74398083612e-22 0.
1539108292 1 14245.1171875 0. 5.92051217607e-22 0.
1539108352 1 14225.9365234 0. 5.92045301043e-22 0.
1539108412 1 14203.6972656 0. 5.91932255346e-22 0.
1539108472 1 14183.71875 0. 5.91959184658e-22 0.
1539108532 1 14163.0517578 0. 5.91875104164e-22 0.
1539108592 1 14131.2373047 0. 5.91370178425e-22 0.
1539108652 1 14110.3251953 0. 5.9130434095e-22 0.
1539108712 1 14089.4384766 0. 5.91238791077e-22 0.
1539108773 1 14064.6523438 0. 5.91019908923e-22 0.
1539108833 1 14046.5595703 0. 5.91065178857e-22 0.
1539108893 1 14028.5224609 0. 5.91111953678e-22 0.
1539108954 1 14001.3007812 0. 5.9075965238e-22 0.
1539109014 1 13976.7978516 0. 5.90513991378e-22 0.
1539109070 1 13963.4541016 0. 5.90690086559e-22 0.
1539109126 1 13945.6142578 0. 5.90674346354e-22 0.
1539109186 1 13916.3115234 0. 5.90252243944e-22 0.
1539109246 1 13889.8134766 0. 5.89938714534e-22 0.
1539109305 1 13871.9003906 0. 5.89944830978e-22 0.
1539109363 1 13849.5947266 0. 5.89801263528e-22 0.
1539109423 1 13833.5820312 0. 5.89943207545e-22 0.
1539109483 1 13808.9941406 0. 5.89693144719e-22 0.
1539109544 1 13784.5097656 0. 5.89456887014e-22 0.
1539109604 1 13764.8925781 0. 5.89403390948e-22 0.
1539109664 1 13743.1748047 0. 5.89271860177e-22 0.
1539109724 1 13721.3261719 0. 5.8910401661e-22 0.
1539109784 1 13698.4257812 0. 5.88952376899e-22 0.
1539109844 1 13679.1787109 0. 5.88895125244e-22 0.
1539109905 1 13653.1767578 0. 5.88556022516e-22 0.
1539109965 1 13631.1601562 0. 5.88385811193e-22 0.
1539110025 1 13608.8447266 0. 5.88226393097e-22 0.
1539110085 1 13586.5664062 0. 5.88044733761e-22 0.
1539110145 1 13566.5859375 0. 5.87964601276e-22 0.
1539110205 1 13543.2666016 0. 5.87752703488e-22 0.
1539110266 1 13518.5722656 0. 5.87463709442e-22 0.
1539110326 1 13503.8916016 0. 5.87619358269e-22 0.
1539110386 1 13480.0722656 0. 5.87372706251e-22 0.
1539110446 1 13456.6396484 0. 5.87112598918e-22 0.
1539110486 1 13447.0322266 0. 5.87183128487e-22 0.
1539110527 1 13431.6230469 0. 5.87057518073e-22 0.
1539110587 1 13402.8994141 0. 5.86565381557e-22 0.
1539110647 1 13382.5859375 0. 5.86451339416e-22 0.
1539110707 1 13363.8349609 0. 5.86383169771e-22 0.
1539110767 1 13336.7646484 0. 5.85958598823e-22 0.
1539110828 1 13317.4619141 0. 5.85890713826e-22 0.
1539110888 1 13298.3310547 0. 5.8582167465e-22 0.
1539110948 1 13274.8222656 0. 5.85584956013e-22 0.
1539111008 1 13249.6484375 0. 5.85233948034e-22 0.
1539111068 1 13229.4980469 0. 5.85125450628e-22 0.
1539111128 1 13211.6103516 0. 5.85107513891e-22 0.
1539111188 1 13191.9082031 0. 5.8500385698e-22 0.
1539111249 1 13162.5039062 0. 5.84462397521e-22 0.
1539111309 1 13141.6796875 0. 5.8430856839e-22 0.
1539111369 1 13129.6494141 0. 5.8452892786e-22 0.
1539111429 1 13104.578125 0. 5.84145835508e-22 0.
1539111489 1 13085.8798828 0. 5.84068603747e-22 0.
1539111549 1 13062.3837891 0. 5.83776711542e-22 0.
1539111609 1 13035.4033203 0. 5.83351440438e-22 0.
1539111670 1 12971.1455078 0. 5.81226386966e-22 0.
1539111711 1 12962.8183594 0. 5.81351611954e-22 0.
1539111752 1 12974.5029297 0. 5.82425354122e-22 0.
1539111812 1 12958.3291016 0. 5.82465443545e-22 0.
1539111857 1 12940.7929688 0. 5.8222160118e-22 0.
1539111902 1 12929.8847656 0. 5.82346248486e-22 0.
1539111938 1 12917.9775391 0. 5.82248209349e-22 0.
1539111973 1 12905.7753906 0. 5.82203516274e-22 0.
1539112034 1 12891.5 0. 5.8226950781e-22 0.
1539112094 1 12869.6279297 0. 5.82017616662e-22 0.
1539112154 1 12850.578125 0. 5.81940568078e-22 0.
1539112203 1 12834.4707031 0. 5.81752385129e-22 0.
1539112252 1 12820.1025391 0. 5.81730373613e-22 0.
1539112290 1 12810.6484375 0. 5.81733938712e-22 0.
1539112328 1 12795.3417969 0. 5.81582200814e-22 0.
1539112389 1 12771.8955078 0. 5.81248239124e-22 0.
1539112449 1 12749.5029297 0. 5.80974455484e-22 0.
1539112509 1 12736.7705078 0. 5.81140625371e-22 0.
1539112569 1 12699.7636719 0. 5.80179381981e-22 0.
1539112629 1 12682.7294922 0. 5.80157813265e-22 0.
1539112689 1 12662.2773438 0. 5.79944619574e-22 0.
1539112750 1 12641.2988281 0. 5.79733776126e-22 0.
1539112810 1 12628.5947266 0. 5.79874640851e-22 0.
1539112870 1 12609.4921875 0. 5.79709383921e-22 0.
1539112930 1 12590.3007812 0. 5.7954260192e-22 0.
1539112990 1 12572.3066406 0. 5.79443880826e-22 0.
1539113050 1 12555.5136719 0. 5.79414417567e-22 0.
1539113110 1 12535.7011719 0. 5.79225027441e-22 0.
1539113170 1 12522.5722656 0. 5.79371032324e-22 0.
1539113231 1 12501.9267578 0. 5.79184581737e-22 0.
1539113291 1 12482.0185547 0. 5.78986097281e-22 0.
1539113351 1 12453.4414062 0. 5.783778829e-22 0.
1539113391 1 12442.2236328 0. 5.78331836195e-22 0.
1539113432 1 12435.15625 0. 5.78535716992e-22 0.
1539113493 1 12415.2519531 0. 5.7834741608e-22 0.
1539113553 1 12388.1982422 0. 5.77792658991e-22 0.
1539113613 1 12360.1865234 0. 5.77226741215e-22 0.
1539113673 1 12306.4804688 0. 5.75450744257e-22 0.
1539113733 1 12029.3251953 0. 5.63193437516e-22 0.
1539113793 1 11768.6582031 0. 5.51703517228e-22 0.
1539113853 1 12368.2451172 0. 5.80478282989e-22 0.
1539113914 1 12349.3017578 0. 5.80315257289e-22 0.
1539113974 1 12331.21875 0. 5.80208378273e-22 0.
1539114034 1 12311.8125 0. 5.80041885344e-22 0.
1539114094 1 12300.5019531 0. 5.80251969982e-22 0.
1539114154 1 12283.4443359 0. 5.80153601103e-22 0.
1539114214 1 12263.4863281 0. 5.79904687034e-22 0.
1539114274 1 12245.6367188 0. 5.79772402279e-22 0.
1539114335 1 12222.6689453 0. 5.7944229437e-22 0.
1539114395 1 12204.9960938 0. 5.79315274987e-22 0.
1539114455 1 12189.2714844 0. 5.79259676586e-22 0.
1539114515 1 12169.640625 0. 5.7905447892e-22 0.
1539114575 1 12148.0478516 0. 5.78720931577e-22 0.
1539114635 1 12125.1113281 0. 5.78338427655e-22 0.
1539114695 1 12109.2324219 0. 5.78280652005e-22 0.
1539114755 1 12096.4785156 0. 5.7840892549e-22 0.
1539114815 1 12075.8935547 0. 5.78151986357e-22 0.
1539114876 1 12056.34375 0. 5.77937007048e-22 0.
1539114936 1 12042.9638672 0. 5.78000240605e-22 0.
1539114996 1 12027.4179688 0. 5.77950218544e-22 0.
1539115056 1 11997.8144531 0. 5.77222117114e-22 0.
1539115116 1 11988.9033203 0. 5.77522491401e-22 0.
1539115177 1 11978.6513672 0. 5.77740574944e-22 0.
1539115237 1 11973.1806641 0. 5.78182309797e-22 0.
1539115297 1 11965.9667969 0. 5.78538641896e-22 0.
1539115357 1 11951.1855469 0. 5.78515140202e-22 0.
1539115397 1 11942.6972656 0. 5.78537972063e-22 0.
1539115438 1 11921.5126953 0. 5.78003397097e-22 0.
1539115474 1 1752.61950684 0. 2.31700764134e-22 0.
1539115509 1 0.0 0. 0.0 0.
