1539214496 1 15664.1679688 0. 5.34149399395e-22 0.
1539214531 1 18354.3164062 0. 6.2651784091e-22 0.
1539214567 1 18298.3808594 0. 6.2564506958e-22 0.
1539214627 1 17747.5605469 0. 6.08282716044e-22 0.
1539214687 1 17057.5019531 0. 5.86069588273e-22 0.
1539214724 1 18140.3457031 0. 6.24027953324e-22 0.
1539214760 1 18183.1933594 0. 6.26475953946e-22 0.
1539214820 1 18152.921875 0. 6.26858374472e-22 0.
1539214881 1 18104.4335938 0. 6.26410378634e-22 0.
1539214941 1 18032.1992188 0. 6.25247367117e-22 0.
1539215001 1 17999.0371094 0. 6.25233143891e-22 0.
1539215061 1 17896.9492188 0. 6.22916103466e-22 0.
1539215121 1 17891.6953125 0. 6.239402681e-22 0.
1539215169 1 17752.5 0. 6.2009241892e-22 0.
1539215217 1 17721.7246094 0. 6.20073103415e-22 0.
1539215277 1 17634.203125 0. 6.18278684925e-22 0.
1539215337 1 17562.1777344 0. 6.17052534253e-22 0.
1539215397 1 17521.15625 0. 6.16823506238e-22 0.
1539215455 1 17440.1738281 0. 6.15139035744e-22 0.
1539215513 1 17371.0371094 0. 6.13853185836e-22 0.
1539215573 1 17337.5546875 0. 6.13842182491e-22 0.
1539215608 1 17291.2285156 0. 6.12799881598e-22 0.
1539215644 1 17217.8261719 0. 6.1091129347e-22 0.
1539215704 1 17049.9257812 0. 6.06006733376e-22 0.
1539215764 1 17056.5039062 0. 6.07280345743e-22 0.
1539215824 1 17059.2558594 0. 6.08393421136e-22 0.
1539215884 1 17056.9863281 0. 6.09284507789e-22 0.
1539215945 1 17048.4296875 0. 6.09948441475e-22 0.
1539216005 1 17045.2402344 0. 6.10744167324e-22 0.
1539216065 1 17014.4707031 0. 6.10548089341e-22 0.
1539216125 1 17007.5019531 0. 6.11167734362e-22 0.
1539216185 1 16954.6132812 0. 6.10089419316e-22 0.
1539216245 1 16895.2558594 0. 6.08766502364e-22 0.
1539216305 1 16811.2460938 0. 6.06492162367e-22 0.
1539216366 1 16781.3671875 0. 6.06192928011e-22 0.
1539216426 1 16811.5820312 0. 6.08133220936e-22 0.
1539216486 1 16811.1191406 0. 6.08995060818e-22 0.
1539216546 1 16860.1777344 0. 6.11677472105e-22 0.
1539216606 1 16805.1035156 0. 6.10602434903e-22 0.
1539216666 1 16733.3398438 0. 6.08959836893e-22 0.
1539216727 1 16628.9785156 0. 6.06107093956e-22 0.
1539216787 1 16459.0097656 0. 6.00838111898e-22 0.
1539216847 1 16303.6806641 0. 5.96107356216e-22 0.
1539216882 1 16266.0185547 0. 5.95295102419e-22 0.
1539216918 1 16207.5175781 0. 5.93793011828e-22 0.
1539216978 1 16149.3417969 0. 5.92637318283e-22 0.
1539217038 1 15960.8779297 0. 5.86699377873e-22 0.
1539217098 1 15600.8261719 0. 5.74388375156e-22 0.
1539217133 1 15515.7421875 0. 5.71749934983e-22 0.
1539217169 1 15492.4638672 0. 5.71469012828e-22 0.
1539217229 1 15422.2666016 0. 5.69795461046e-22 0.
1539217286 1 15402.5371094 0. 5.69918430617e-22 0.
1539217344 1 15066.203125 0. 5.58313558842e-22 0.
1539217404 1 15418.7998047 0. 5.7236083953e-22 0.
1539217464 1 15750.0800781 0. 5.85601997458e-22 0.
1539217524 1 16743.4804688 0. 6.2348263474e-22 0.
1539217584 1 16707.7128906 0. 6.23144090951e-22 0.
1539217644 1 16661.4375 0. 6.22398045574e-22 0.
1539217705 1 16612.3476562 0. 6.21531361522e-22 0.
1539217765 1 16765.1640625 0. 6.28262403516e-22 0.
1539217825 1 16824.8261719 0. 6.31598831229e-22 0.
1539217860 1 16798.1230469 0. 6.31198163447e-22 0.
1539217895 1 16757.3242188 0. 6.30353925743e-22 0.
1539217956 1 16712.6523438 0. 6.29675177206e-22 0.
1539218002 1 16657.7988281 0. 6.28358733138e-22 0.
1539218048 1 16576.5039062 0. 6.26099539652e-22 0.
1539218108 1 16554.0253906 0. 6.26288405129e-22 0.
1539218168 1 16532.5429688 0. 6.26501558507e-22 0.
1539218228 1 16485.8105469 0. 6.25774982831e-22 0.
1539218288 1 16428.5410156 0. 6.24648119599e-22 0.
1539218349 1 16347.1113281 0. 6.22563840913e-22 0.
1539218409 1 16275.9414062 0. 6.2088441431e-22 0.
1539218469 1 16227.7763672 0. 6.2007030353e-22 0.
1539218529 1 16158.5166016 0. 6.18422860265e-22 0.
1539218589 1 16094.421875 0. 6.16975608205e-22 0.
1539218649 1 16067.25 0. 6.16906260767e-22 0.
1539218709 1 16023.078125 0. 6.16186540408e-22 0.
1539218770 1 16026.28125 0. 6.1730452164e-22 0.
1539218830 1 15958.5996094 0. 6.15658708099e-22 0.
1539218890 1 15901.9980469 0. 6.14462954176e-22 0.
1539218925 1 15856.9746094 0. 6.1326179294e-22 0.
1539218935 1 15841.5800781 0. 6.12825942393e-22 0.
1539218971 1 15797.3535156 0. 6.11699489247e-22 0.
1539219031 1 15784.828125 0. 6.12174526266e-22 0.
1539219091 1 15751.4648438 0. 6.11855408732e-22 0.
1539219151 1 15688.8867188 0. 6.10375189964e-22 0.
1539219211 1 15637.9580078 0. 6.09344145466e-22 0.
1539219271 1 15556.1777344 0. 6.07106472786e-22 0.
1539219331 1 15447.5214844 0. 6.03810205106e-22 0.
1539219390 1 4111.25097656 0. 1.61473047731e-22 0.
1539219425 1 986.772521973 0. 3.8819714803e-23 0.
1539219461 1 1001.72497559 0. 3.94341250198e-23 0.
1539219521 1 1019.36340332 0. 4.01659249836e-23 0.
1539219581 1 1023.22344971 0. 4.03562769167e-23 0.
1539219641 1 1033.01208496 0. 4.07814441856e-23 0.
1539219701 1 1058.96728516 0. 4.1844303681e-23 0.
1539219761 1 1075.93127441 0. 4.25562743839e-23 0.
1539219821 1 1079.04370117 0. 4.27205316549e-23 0.
1539219881 1 1086.40234375 0. 4.30520907113e-23 0.
1539219942 1 1110.24108887 0. 4.40352046041e-23 0.
1539220002 1 1113.7755127 0. 4.42178293014e-23 0.
1539220062 1 1113.22839355 0. 4.42395083334e-23 0.
1539220122 1 1145.41003418 0. 4.55594466779e-23 0.
1539220182 1 1146.10534668 0. 4.5631892382e-23 0.
1539220242 1 1154.9765625 0. 4.60271245699e-23 0.
1539220303 1 1160.42089844 0. 4.62877095553e-23 0.
1539220351 1 1164.78674316 0. 4.64951340142e-23 0.
1539220400 1 1170.85253906 0. 4.67744091509e-23 0.
1539220460 1 1143.87609863 0. 4.57456808671e-23 0.
1539220520 1 1152.109375 0. 4.61179192627e-23 0.
1539220581 1 1151.55383301 0. 4.61398991491e-23 0.
1539220641 1 1164.1463623 0. 4.66864011023e-23 0.
1539220701 1 1384.15222168 0. 5.55493369695e-23 0.
1539220760 1 11168.2841797 0. 4.47770806471e-22 0.
1539220818 1 14265.3212891 0. 5.71857617082e-22 0.
1539220879 1 14634.6640625 0. 5.87646895089e-22 0.
1539220939 1 15681.9658203 0. 6.30618980987e-22 0.
1539220999 1 15743.1064453 0. 6.3404044158e-22 0.
1539221059 1 15723.0800781 0. 6.34234967651e-22 0.
1539221119 1 15748.7851562 0. 6.36271919062e-22 0.
1539221179 1 15715.0263672 0. 6.35878587681e-22 0.
1539221222 1 15694.5332031 0. 6.35702395211e-22 0.
1539221265 1 15668.9453125 0. 6.35395812006e-22 0.
1539221325 1 15636.7148438 0. 6.3508254153e-22 0.
1539221385 1 15651.1748047 0. 6.36668205937e-22 0.
1539221445 1 15615.2617188 0. 6.36189380953e-22 0.
1539221505 1 15589.4882812 0. 6.36107682367e-22 0.
1539221565 1 15556.5341797 0. 6.3576559109e-22 0.
1539221625 1 15524.5351562 0. 6.35444655124e-22 0.
1539221686 1 15484.4472656 0. 6.3478389568e-22 0.
1539221746 1 15446.2666016 0. 6.34185857572e-22 0.
1539221806 1 15414.7617188 0. 6.33889039746e-22 0.
1539221866 1 15397.4628906 0. 6.3414004219e-22 0.
1539221926 1 15348.7763672 0. 6.33097246786e-22 0.
1539221986 1 15312.1484375 0. 6.32570608415e-22 0.
1539222046 1 15275.0927734 0. 6.32028959185e-22 0.
1539222107 1 15232.7314453 0. 6.31270689645e-22 0.
1539222167 1 15201.6162109 0. 6.30933173765e-22 0.
1539222227 1 15168.0556641 0. 6.3049819414e-22 0.
1539222287 1 15160.0957031 0. 6.31162263943e-22 0.
1539222347 1 15155.4511719 0. 6.31950050263e-22 0.
1539222407 1 15120.6611328 0. 6.31476196391e-22 0.
1539222467 1 15096.4150391 0. 6.31446562027e-22 0.
1539222527 1 15063.828125 0. 6.31072582031e-22 0.
1539222588 1 15029.9267578 0. 6.30597194085e-22 0.
1539222648 1 14981.9365234 0. 6.29546727859e-22 0.
1539222708 1 14939.9248047 0. 6.28738579266e-22 0.
1539222746 1 14930.6611328 0. 6.28926926733e-22 0.
1539222785 1 14919.8144531 0. 6.29153068626e-22 0.
1539222840 1 14875.9355469 0. 6.28166091231e-22 0.
1539222895 1 14838.3173828 0. 6.27440468033e-22 0.
1539222956 1 14827.7675781 0. 6.27930316206e-22 0.
1539223016 1 14780.7958984 0. 6.26883305434e-22 0.
1539223076 1 14732.2226562 0. 6.25783669816e-22 0.
1539223136 1 14685.0644531 0. 6.24704032538e-22 0.
1539223196 1 14641.1679688 0. 6.23774818216e-22 0.
1539223256 1 14658.4511719 0. 6.25440071284e-22 0.
1539223317 1 14603.6308594 0. 6.24079731357e-22 0.
1539223377 1 14603.9677734 0. 6.25035466573e-22 0.
1539223437 1 14581.7050781 0. 6.25063978388e-22 0.
1539223497 1 14531.9599609 0. 6.23898171228e-22 0.
1539223557 1 14479.1357422 0. 6.22563350723e-22 0.
1539223617 1 14437.1347656 0. 6.21693996115e-22 0.
1539223664 1 14415.6572266 0. 6.21494175863e-22 0.
1539223712 1 14381.2167969 0. 6.20760848449e-22 0.
1539223772 1 14342.0908203 0. 6.20047348884e-22 0.
1539223832 1 14308.7802734 0. 6.19518882457e-22 0.
1539223892 1 14256.5664062 0. 6.18178019122e-22 0.
1539223952 1 14223.1015625 0. 6.17638665935e-22 0.
1539224005 1 14191.3828125 0. 6.17021811448e-22 0.
1539224034 1 14166.0820312 0. 6.16341965305e-22 0.
1539224072 1 13819.6679688 0. 6.01898962077e-22 0.
1539224132 1 12866.5732422 0. 5.61380382295e-22 0.
1539224192 1 14010.5722656 0. 6.12076739392e-22 0.
1539224252 1 14459.2958984 0. 6.32599659428e-22 0.
1539224312 1 14430.8486328 0. 6.32331007911e-22 0.
1539224372 1 14445.1865234 0. 6.33894692443e-22 0.
1539224433 1 14429.0976562 0. 6.34197594707e-22 0.
1539224493 1 14405.5283203 0. 6.34098352974e-22 0.
1539224553 1 14372.3642578 0. 6.33587771471e-22 0.
1539224613 1 14341.7460938 0. 6.33177944511e-22 0.
1539224673 1 14307.4169922 0. 6.32662257855e-22 0.
1539224733 1 14286.125 0. 6.32659900132e-22 0.
1539224794 1 14263.3505859 0. 6.32614292008e-22 0.
1539224854 1 14237.5839844 0. 6.32436044473e-22 0.
1539224914 1 14213.1777344 0. 6.32301390675e-22 0.
1539224974 1 14173.8779297 0. 6.31487673768e-22 0.
1539225034 1 14147.9492188 0. 6.31301453348e-22 0.
1539225094 1 14121.7900391 0. 6.31071635806e-22 0.
1539225154 1 14091.6875 0. 6.3062816588e-22 0.
1539225214 1 14081.4628906 0. 6.31124849029e-22 0.
1539225275 1 14089.3105469 0. 6.32441729045e-22 0.
1539225335 1 14054.6123047 0. 6.31847821465e-22 0.
1539225395 1 14037.2578125 0. 6.32041417157e-22 0.
1539225455 1 14009.8046875 0. 6.31744198883e-22 0.
1539225515 1 13982.4189453 0. 6.31486399888e-22 0.
1539225576 1 13961.5234375 0. 6.31468183916e-22 0.
1539225611 1 13936.4150391 0. 6.30872779783e-22 0.
1539225646 1 13918.328125 0. 6.30674400688e-22 0.
1539225697 1 13896.9160156 0. 6.30445337036e-22 0.
1539225747 1 13882.4003906 0. 6.30569533956e-22 0.
1539225807 1 13859.3701172 0. 6.30460092897e-22 0.
1539225868 1 13825.6962891 0. 6.29871753376e-22 0.
1539225928 1 13803.9101562 0. 6.29776718689e-22 0.
1539225988 1 13775.1582031 0. 6.29427148847e-22 0.
1539226048 1 13740.0205078 0. 6.28764929032e-22 0.
1539226108 1 13715.3408203 0. 6.28565149193e-22 0.
1539226168 1 13694.3310547 0. 6.2848956233e-22 0.
1539226228 1 13676.703125 0. 6.28626061238e-22 0.
1539226288 1 13692.8652344 0. 6.30312840293e-22 0.
1539226349 1 13660.21875 0. 6.29778624306e-22 0.
1539226409 1 13631.4560547 0. 6.29393014429e-22 0.
1539226469 1 13597.6337891 0. 6.28770730804e-22 0.
1539226529 1 13526.1982422 0. 6.26385087519e-22 0.
1539226589 1 13516.078125 0. 6.26866015155e-22 0.
1539226649 1 13488.6259766 0. 6.26513824087e-22 0.
1539226689 1 13465.5791016 0. 6.26027503647e-22 0.
1539226706 1 13465.1425781 0. 6.26251653068e-22 0.
1539226742 1 13448.5283203 0. 6.26073072323e-22 0.
1539226802 1 13420.1308594 0. 6.25660013485e-22 0.
1539226862 1 13404.2216797 0. 6.25851931098e-22 0.
1539226922 1 13379.4316406 0. 6.2562580125e-22 0.
1539226982 1 13342.0898438 0. 6.2480163547e-22 0.
1539227043 1 13308.3115234 0. 6.24155319624e-22 0.
1539227103 1 13271.6816406 0. 6.23376269391e-22 0.
1539227163 1 13231.0957031 0. 6.22360499038e-22 0.
1539227223 1 13202.421875 0. 6.21890642037e-22 0.
1539227283 1 13215.2431641 0. 6.2340655765e-22 0.
1539227343 1 13170.3994141 0. 6.22236585485e-22 0.
1539227403 1 13133.46875 0. 6.21408899812e-22 0.
1539227463 1 13104.0302734 0. 6.20939749234e-22 0.
1539227524 1 13020.4472656 0. 6.17890762299e-22 0.
1539227584 1 13005.3837891 0. 6.18093003848e-22 0.
1539227644 1 12971.4941406 0. 6.17410630791e-22 0.
1539227704 1 12945.7285156 0. 6.17105156591e-22 0.
1539227764 1 12922.0693359 0. 6.16884164778e-22 0.
1539227807 1 12904.3164062 0. 6.16686238492e-22 0.
1539227851 1 12906.8320312 0. 6.17483750184e-22 0.
1539227911 1 12847.3789062 0. 6.15548680362e-22 0.
1539227972 1 12672.7382812 0. 6.08063651147e-22 0.
1539228032 1 12306.5712891 0. 5.91424442749e-22 0.
1539228092 1 12603.8994141 0. 6.06650077515e-22 0.
1539228152 1 13125.2792969 0. 6.32647350753e-22 0.
1539228212 1 13095.9316406 0. 6.3217641233e-22 0.
1539228272 1 13074.7802734 0. 6.32069990637e-22 0.
1539228332 1 13077.3544922 0. 6.3312470386e-22 0.
1539228392 1 13077.53125 0. 6.34106984038e-22 0.
1539228435 1 13059.7890625 0. 6.33890731681e-22 0.
1539228456 1 13051.9238281 0. 6.33832428775e-22 0.
1539228493 1 13038.8945312 0. 6.33835130976e-22 0.
1539228550 1 13009.4501953 0. 6.3328230368e-22 0.
1539228584 1 12990.2021484 0. 6.32874110289e-22 0.
1539228621 1 12981.8916016 0. 6.33089170522e-22 0.
1539228682 1 12955.2041016 0. 6.32738945837e-22 0.
1539228742 1 12939.3349609 0. 6.3290651107e-22 0.
1539228802 1 12914.9179688 0. 6.32664446337e-22 0.
1539228862 1 12889.5634766 0. 6.32318162521e-22 0.
1539228922 1 12859.6191406 0. 6.31773678496e-22 0.
1539228983 1 12827.3037109 0. 6.31120023861e-22 0.
1539229025 1 12816.2294922 0. 6.31208492911e-22 0.
1539229044 1 12804.9628906 0. 6.30962395771e-22 0.
1539229082 1 12789.3251953 0. 6.30833718413e-22 0.
1539229142 1 12774.8789062 0. 6.31045434975e-22 0.
1539229203 1 12744.9804688 0. 6.30532635672e-22 0.
1539229263 1 12715.7988281 0. 6.300258343e-22 0.
1539229323 1 12692.0898438 0. 6.29762824971e-22 0.
1539229383 1 12692.8486328 0. 6.30738119735e-22 0.
1539229443 1 12682.3759766 0. 6.31163330475e-22 0.
1539229503 1 12652.7939453 0. 6.30628946125e-22 0.
1539229563 1 12629.2900391 0. 6.30411584748e-22 0.
1539229624 1 12592.3378906 0. 6.29493002181e-22 0.
1539229684 1 12570.9580078 0. 6.29354334685e-22 0.
1539229722 1 12563.6123047 0. 6.29556572473e-22 0.
1539229761 1 12542.7880859 0. 6.29165894346e-22 0.
1539229821 1 12518.1523438 0. 6.28830763158e-22 0.
1539229856 1 12508.1328125 0. 6.28814891422e-22 0.
1539229891 1 12487.1210938 0. 6.28367620635e-22 0.
1539229952 1 12455.3759766 0. 6.27676470547e-22 0.
1539230012 1 12436.1523438 0. 6.27638908761e-22 0.
1539230072 1 12410.3447266 0. 6.27242311453e-22 0.
1539230132 1 12380.21875 0. 6.26651818631e-22 0.
1539230192 1 12359.4755859 0. 6.26526362745e-22 0.
1539230252 1 12352.9492188 0. 6.27108878312e-22 0.
1539230312 1 12329.5605469 0. 6.26847498681e-22 0.
1539230373 1 12322.5878906 0. 6.27409332567e-22 0.
1539230433 1 12326.3671875 0. 6.28531704657e-22 0.
1539230493 1 12312.9189453 0. 6.28816607461e-22 0.
1539230553 1 12277.0878906 0. 6.27912479622e-22 0.
1539230613 1 12252.890625 0. 6.27600739272e-22 0.
1539230673 1 12225.4482422 0. 6.27154118771e-22 0.
1539230733 1 12205.109375 0. 6.27064674266e-22 0.
1539230794 1 12183.5478516 0. 6.26856045136e-22 0.
1539230854 1 12166.1113281 0. 6.26876520426e-22 0.
1539230914 1 12137.1210938 0. 6.26274361613e-22 0.
1539230974 1 12103.1103516 0. 6.25454288725e-22 0.
1539231034 1 12075.7080078 0. 6.24934049202e-22 0.
1539231094 1 12054.4091797 0. 6.24757706323e-22 0.
1539231154 1 12034.5878906 0. 6.24647930498e-22 0.
1539231190 1 12028.8134766 0. 6.24804708039e-22 0.
1539231201 1 4150.62841797 0. 2.16479823144e-22 0.
1539231212 1 867.787963867 0. 4.5203750687e-23 0.
1539231221 1 1628.43371582 0. 8.47775348592e-23 0.
1539231230 1 2602.52563477 0. 1.35413278379e-22 0.
1539231238 1 3982.85888672 0. 2.07290685041e-22 0.
1539231247 1 5871.63964844 0. 3.05416821128e-22 0.
1539231256 1 7513.08984375 0. 3.91010996665e-22 0.
1539231265 1 9819.36816406 0. 5.10906393529e-22 0.
1539231273 1 10865.2060547 0. 5.65518078479e-22 0.
1539231282 1 11964.9970703 0. 6.22833486539e-22 0.
1539231291 1 11353.4628906 0. 5.91153585755e-22 0.
1539231300 1 10715.4257812 0. 5.58055181332e-22 0.
1539231308 1 8671.07617188 0. 4.51836654412e-22 0.
1539231317 1 7134.13378906 0. 3.71729919472e-22 0.
1539231326 1 5004.0546875 0. 2.60958196777e-22 0.
1539231334 1 3568.16625977 0. 1.86072725425e-22 0.
1539231343 1 2410.67797852 0. 1.25815237478e-22 0.
1539231348 1 1330.40332031 0. 6.94696625373e-23 0.
1539231353 1 1327.56225586 0. 6.93272428084e-23 0.
1539231360 1 2508.49975586 0. 1.3106808382e-22 0.
1539231372 1 6163.91552734 0. 3.22551729121e-22 0.
1539231385 1 1524.82800293 0. 7.96842566167e-23 0.
1539231394 1 2587.78295898 0. 1.35214012043e-22 0.
1539231402 1 3885.06420898 0. 2.0288719083e-22 0.
1539231410 1 5451.36523438 0. 2.84790613371e-22 0.
1539231419 1 7616.31103516 0. 3.97703422419e-22 0.
1539231427 1 9146.19335938 0. 4.77818241148e-22 0.
1539231436 1 11101.5146484 0. 5.79894557249e-22 0.
1539231444 1 11610.7519531 0. 6.06612136437e-22 0.
1539231453 1 12001.0488281 0. 6.27109541625e-22 0.
1539231461 1 10643.1669922 0. 5.56326465854e-22 0.
1539231469 1 9600.359375 0. 5.01880514558e-22 0.
1539231478 1 7232.17285156 0. 3.78313012096e-22 0.
1539231486 1 5674.02490234 0. 2.96760142289e-22 0.
1539231495 1 3780.69970703 0. 1.97930259206e-22 0.
1539231503 1 2523.93530273 0. 1.32141681146e-22 0.
1539231512 1 1556.21850586 0. 8.15574281822e-23 0.
1539231520 1 873.401855469 0. 4.58161724448e-23 0.
1539231529 1 3439.86376953 0. 1.80701808466e-22 0.
1539231548 1 11987.6035156 0. 6.27669423466e-22 0.
1539231593 1 11981.4853516 0. 6.27880852721e-22 0.
1539231653 1 11949.4765625 0. 6.27059631247e-22 0.
1539231713 1 11947.1181641 0. 6.27643298345e-22 0.
1539231773 1 11918.3828125 0. 6.26899925755e-22 0.
1539231834 1 11912.3251953 0. 6.27479718054e-22 0.
1539231894 1 11861.3681641 0. 6.25661629645e-22 0.
1539231954 1 11845.0449219 0. 6.25685617128e-22 0.
1539232014 1 11837.2871094 0. 6.26181911217e-22 0.
1539232074 1 11804.5751953 0. 6.25355626609e-22 0.
1539232134 1 11784.6259766 0. 6.25242268733e-22 0.
1539232194 1 11766.7246094 0. 6.25177403535e-22 0.
1539232237 1 10133.4365234 0. 5.3999900795e-22 0.
1539232259 1 0.243875801563 0. 7.51538488459e-24 0.
