1539756959 1 16895.0585938 0. 6.39524130672e-22 0.
1539757006 1 16855.7363281 0. 6.3976908847e-22 0.
1539757053 1 16806.234375 0. 6.40015324155e-22 0.
1539757104 1 16785.09375 0. 6.41218582352e-22 0.
1539757155 1 16696.4394531 0. 6.39846911736e-22 0.
1539757212 1 16651.5878906 0. 6.402875171e-22 0.
1539757249 1 16636.5371094 0. 6.4074225536e-22 0.
1539757289 1 16597.4160156 0. 6.40562956938e-22 0.
1539757349 1 16584.53125 0. 6.42151858053e-22 0.
1539757402 1 16553.59375 0. 6.42607124451e-22 0.
1539757456 1 16445.2578125 0. 6.40250451555e-22 0.
1539757517 1 16305.1210938 0. 6.36834188536e-22 0.
1539757577 1 16237.3681641 0. 6.36147214971e-22 0.
1539757631 1 16421.7421875 0. 6.45124203692e-22 0.
1539757686 1 16296.8544922 0. 6.4197490785e-22 0.
1539757746 1 16326.0800781 0. 6.45051355915e-22 0.
1539757806 1 16218.0595703 0. 6.42608056237e-22 0.
1539757866 1 16183.5898438 0. 6.43035289263e-22 0.
1539757927 1 16129.5117188 0. 6.42628235176e-22 0.
1539757987 1 16136.5605469 0. 6.44605398518e-22 0.
1539758047 1 16078.9746094 0. 6.43926273875e-22 0.
1539758107 1 15893.9482422 0. 6.38031801553e-22 0.
1539758167 1 15823.2001953 0. 6.36601592394e-22 0.
1539758202 1 15774.1992188 0. 6.3537041541e-22 0.
1539758238 1 15746.515625 0. 6.35140275021e-22 0.
1539758298 1 15720.8222656 0. 6.35370785831e-22 0.
1539758358 1 15643.5898438 0. 6.3354468824e-22 0.
1539758418 1 15486.8085938 0. 6.28377557666e-22 0.
1539758478 1 15052.7216797 0. 6.11971630271e-22 0.
1539758539 1 15484.3261719 0. 6.30614842727e-22 0.
1539758599 1 16394.2480469 0. 6.68892548827e-22 0.
1539758659 1 16360.2392578 0. 6.68728895328e-22 0.
1539758700 1 16333.9443359 0. 6.68465825791e-22 0.
1539758741 1 16348.0546875 0. 6.69909386361e-22 0.
1539758801 1 16346.7597656 0. 6.7109407244e-22 0.
1539758861 1 16306.8925781 0. 6.70648781057e-22 0.
1539758922 1 16264.7578125 0. 6.70101807541e-22 0.
1539758982 1 16238.8457031 0. 6.7023315742e-22 0.
1539759042 1 16200.9541016 0. 6.69833767573e-22 0.
1539759102 1 16163.9394531 0. 6.69468909805e-22 0.
1539759140 1 16141.1425781 0. 6.69207582581e-22 0.
1539759178 1 16130.5214844 0. 6.69561565002e-22 0.
1539759238 1 16156.1933594 0. 6.71778070331e-22 0.
1539759298 1 16115.2431641 0. 6.71244933889e-22 0.
1539759358 1 16076.3681641 0. 6.7078092428e-22 0.
1539759418 1 16043.2099609 0. 6.70569535036e-22 0.
1539759478 1 16003.9521484 0. 6.7008900159e-22 0.
1539759538 1 15957.5488281 0. 6.69282145448e-22 0.
1539759599 1 15914.9521484 0. 6.68633890035e-22 0.
1539759659 1 15883.6972656 0. 6.68452332658e-22 0.
1539759719 1 15850.5175781 0. 6.68196294572e-22 0.
1539759779 1 15804.6279297 0. 6.6738525143e-22 0.
1539759814 1 15764.9541016 0. 6.66346467553e-22 0.
1539759850 1 15756.9951172 0. 6.66695081762e-22 0.
1539759910 1 15728.7294922 0. 6.66579680767e-22 0.
1539759970 1 15696.5507812 0. 6.66312995808e-22 0.
1539760030 1 15668.953125 0. 6.66235778159e-22 0.
1539760090 1 15681.3535156 0. 6.67859686321e-22 0.
1539760150 1 15656.5527344 0. 6.67925349156e-22 0.
1539760210 1 15632.265625 0. 6.67981154148e-22 0.
1539760271 1 15592.1660156 0. 6.67362439603e-22 0.
1539760331 1 15560.9736328 0. 6.671804623e-22 0.
1539760391 1 15525.0 0. 6.66737398502e-22 0.
1539760451 1 15494.3222656 0. 6.6655234845e-22 0.
1539760511 1 15465.7314453 0. 6.66397826068e-22 0.
1539760571 1 15435.6601562 0. 6.66197243624e-22 0.
1539760631 1 15403.8173828 0. 6.65951839244e-22 0.
1539760691 1 15358.9482422 0. 6.65091566188e-22 0.
1539760750 1 15328.5126953 0. 6.6480000935e-22 0.
1539760809 1 15304.40625 0. 6.64813302052e-22 0.
1539760870 1 15280.7910156 0. 6.64868946307e-22 0.
1539760930 1 15248.8398438 0. 6.64547042808e-22 0.
1539760990 1 15233.1875 0. 6.64964955863e-22 0.
1539761050 1 15225.2685547 0. 6.65699087479e-22 0.
1539761110 1 15184.2216797 0. 6.64997884893e-22 0.
1539761170 1 15154.3144531 0. 6.64778704086e-22 0.
1539761231 1 15055.2001953 0. 6.61474881192e-22 0.
1539761291 1 15076.3564453 0. 6.6345415932e-22 0.
1539761351 1 15050.8427734 0. 6.6342962011e-22 0.
1539761411 1 15020.2685547 0. 6.63207841698e-22 0.
1539761471 1 14988.1416016 0. 6.62798699172e-22 0.
1539761513 1 14964.6259766 0. 6.62486103006e-22 0.
1539761555 1 14957.0058594 0. 6.62917641984e-22 0.
1539761615 1 14915.8623047 0. 6.62102013792e-22 0.
1539761675 1 14895.8476562 0. 6.62272067694e-22 0.
1539761735 1 14855.1875 0. 6.61518690134e-22 0.
1539761770 1 14832.1347656 0. 6.61063641601e-22 0.
1539761806 1 14816.0146484 0. 6.61017157393e-22 0.
1539761866 1 14773.9365234 0. 6.60167926181e-22 0.
1539761926 1 14783.6123047 0. 6.61646129576e-22 0.
1539761986 1 14792.1474609 0. 6.63065926731e-22 0.
1539762046 1 14453.2373047 0. 6.48910100647e-22 0.
1539762107 1 13856.9101562 0. 6.23139707344e-22 0.
1539762167 1 14709.8037109 0. 6.62522093337e-22 0.
1539762227 1 14795.1679688 0. 6.67423704112e-22 0.
1539762287 1 14776.7441406 0. 6.67666579188e-22 0.
1539762347 1 14747.0927734 0. 6.67571177864e-22 0.
1539762407 1 14704.8164062 0. 6.6718552197e-22 0.
1539762467 1 14668.6435547 0. 6.66762929261e-22 0.
1539762528 1 14638.5546875 0. 6.66442469901e-22 0.
1539762588 1 14624.0146484 0. 6.66810542732e-22 0.
1539762648 1 14598.6777344 0. 6.66635620978e-22 0.
1539762708 1 14571.6660156 0. 6.66425375331e-22 0.
1539762768 1 14540.6230469 0. 6.66050165079e-22 0.
1539762828 1 14554.2636719 0. 6.67736728518e-22 0.
1539762888 1 14539.6865234 0. 6.68129085235e-22 0.
1539762948 1 14509.734375 0. 6.67766534528e-22 0.
1539763009 1 14473.5595703 0. 6.67152581483e-22 0.
1539763051 1 14439.9853516 0. 6.66320413433e-22 0.
1539763094 1 14427.9873047 0. 6.66482675627e-22 0.
1539763154 1 14404.8525391 0. 6.66488600179e-22 0.
1539763189 1 14391.7929688 0. 6.66437694001e-22 0.
1539763225 1 14370.4179688 0. 6.66090867222e-22 0.
1539763285 1 14344.8408203 0. 6.65910971757e-22 0.
1539763345 1 14316.1738281 0. 6.6555821926e-22 0.
1539763405 1 14288.4179688 0. 6.65312218775e-22 0.
1539763465 1 14273.0332031 0. 6.65629509711e-22 0.
1539763525 1 14237.6679688 0. 6.65042238525e-22 0.
1539763585 1 14209.0791016 0. 6.64719515092e-22 0.
1539763646 1 14181.7363281 0. 6.64451600003e-22 0.
1539763706 1 14151.6171875 0. 6.64022435821e-22 0.
1539763766 1 14125.7109375 0. 6.63823072994e-22 0.
1539763826 1 14144.6191406 0. 6.65699386887e-22 0.
1539763886 1 14110.7167969 0. 6.65140507868e-22 0.
1539763946 1 14090.7646484 0. 6.6521319205e-22 0.
1539764006 1 14065.1230469 0. 6.65033038786e-22 0.
1539764067 1 14038.2939453 0. 6.64766517132e-22 0.
1539764127 1 14008.5019531 0. 6.64414685538e-22 0.
1539764187 1 13979.8662109 0. 6.64038493381e-22 0.
1539764247 1 13953.3945312 0. 6.63768957987e-22 0.
1539764307 1 13928.9726562 0. 6.63617339929e-22 0.
1539764343 1 13905.984375 0. 6.63055467983e-22 0.
1539764379 1 13899.9501953 0. 6.63452736333e-22 0.
1539764439 1 13870.9453125 0. 6.63066596274e-22 0.
1539764499 1 13847.6503906 0. 6.62952749898e-22 0.
1539764559 1 13812.6894531 0. 6.62310117548e-22 0.
1539764619 1 13781.7568359 0. 6.61842539298e-22 0.
1539764680 1 13739.6318359 0. 6.60799259407e-22 0.
1539764740 1 13735.9716797 0. 6.61617598522e-22 0.
1539764800 1 13718.34375 0. 6.61768473967e-22 0.
1539764860 1 13741.9375 0. 6.63909832614e-22 0.
1539764920 1 13701.4765625 0. 6.62936922285e-22 0.
1539764980 1 13650.8720703 0. 6.6148735107e-22 0.
1539765040 1 13239.3994141 0. 6.42562428868e-22 0.
1539765101 1 12973.375 0. 6.30601198631e-22 0.
1539765161 1 13596.7294922 0. 6.61868381801e-22 0.
1539765221 1 13635.6621094 0. 6.64765128446e-22 0.
1539765281 1 13607.5566406 0. 6.64463347595e-22 0.
1539765341 1 13580.4824219 0. 6.64202908856e-22 0.
1539765401 1 13551.9150391 0. 6.63761092231e-22 0.
1539765462 1 13527.4863281 0. 6.63491272794e-22 0.
1539765522 1 13508.4277344 0. 6.63505860901e-22 0.
1539765557 1 13483.359375 0. 6.62803266741e-22 0.
1539765568 1 13476.7265625 0. 6.62633572611e-22 0.
1539765603 1 13465.46875 0. 6.6271314632e-22 0.
1539765641 1 13450.0820312 0. 6.62499049985e-22 0.
1539765679 1 13435.2294922 0. 6.62427337956e-22 0.
1539765740 1 13408.1279297 0. 6.62031203308e-22 0.
1539765800 1 13386.9931641 0. 6.61956616219e-22 0.
1539765860 1 13356.2617188 0. 6.61408738969e-22 0.
1539765920 1 13390.2109375 0. 6.64074241605e-22 0.
1539765980 1 13349.0341797 0. 6.63029342135e-22 0.
1539766040 1 13323.1318359 0. 6.62717121068e-22 0.
1539766100 1 13297.1162109 0. 6.62402035108e-22 0.
1539766161 1 13268.1835938 0. 6.61978608751e-22 0.
1539766221 1 13237.2060547 0. 6.61413813359e-22 0.
1539766281 1 13191.4326172 0. 6.60096113599e-22 0.
1539766341 1 13183.7646484 0. 6.60689020074e-22 0.
1539766401 1 13161.2890625 0. 6.60515049016e-22 0.
1539766461 1 13133.7675781 0. 6.60145211468e-22 0.
1539766522 1 13109.3525391 0. 6.59927675314e-22 0.
1539766582 1 13081.5566406 0. 6.59486521368e-22 0.
1539766642 1 13063.2167969 0. 6.59573074297e-22 0.
1539766702 1 13034.5537109 0. 6.59089771004e-22 0.
1539766762 1 13007.4785156 0. 6.58704668589e-22 0.
1539766822 1 12972.3310547 0. 6.57859703682e-22 0.
1539766873 1 12944.4697266 0. 6.57267672328e-22 0.
1539766923 1 12975.1923828 0. 6.59669492585e-22 0.
1539766984 1 12937.171875 0. 6.58717967573e-22 0.
1539767044 1 12905.4267578 0. 6.58079259563e-22 0.
1539767104 1 12893.7324219 0. 6.58509485383e-22 0.
1539767164 1 12869.8945312 0. 6.58271819746e-22 0.
1539767224 1 12849.9140625 0. 6.58189887041e-22 0.
1539767284 1 12826.1884766 0. 6.5797516087e-22 0.
1539767344 1 12798.2636719 0. 6.57527002313e-22 0.
1539767405 1 12773.7148438 0. 6.57229689688e-22 0.
1539767465 1 12750.6308594 0. 6.57019916083e-22 0.
1539767525 1 12730.6474609 0. 6.56985245182e-22 0.
1539767585 1 12710.703125 0. 6.56925832483e-22 0.
1539767645 1 12690.0576172 0. 6.56853221731e-22 0.
1539767705 1 12664.5585938 0. 6.56466299462e-22 0.
1539767766 1 12632.9160156 0. 6.55767972286e-22 0.
1539767826 1 12609.546875 0. 6.55538797208e-22 0.
1539767886 1 12597.9824219 0. 6.55908560963e-22 0.
1539767946 1 12579.2724609 0. 6.55883375631e-22 0.
1539768006 1 12558.2685547 0. 6.55750917671e-22 0.
1539768066 1 12567.9794922 0. 6.57218250041e-22 0.
1539768126 1 12558.1113281 0. 6.57696724621e-22 0.
1539768187 1 12531.0546875 0. 6.57270671897e-22 0.
1539768247 1 12518.1835938 0. 6.57559819952e-22 0.
1539768307 1 12503.4384766 0. 6.57760265817e-22 0.
1539768367 1 12488.2099609 0. 6.57935410105e-22 0.
1539768427 1 12465.9306641 0. 6.57726688663e-22 0.
1539768466 1 12448.6933594 0. 6.57362719186e-22 0.
1539768505 1 12439.1699219 0. 6.57585029749e-22 0.
1539768565 1 12418.4150391 0. 6.57449574683e-22 0.
1539768625 1 12394.7890625 0. 6.57172741871e-22 0.
1539768685 1 12371.1464844 0. 6.56890796676e-22 0.
1539768745 1 12353.9453125 0. 6.56946721681e-22 0.
1539768806 1 12315.6142578 0. 6.55896809272e-22 0.
1539768866 1 12306.6367188 0. 6.56366005549e-22 0.
1539768926 1 12277.1953125 0. 6.55752227572e-22 0.
1539768986 1 12267.9570312 0. 6.56231841442e-22 0.
1539769046 1 12160.0439453 0. 6.51407837497e-22 0.
1539769106 1 11841.9892578 0. 6.35354178864e-22 0.
1539769167 1 11723.2353516 0. 6.29837821026e-22 0.
1539769227 1 12176.3623047 0. 6.55143332783e-22 0.
1539769287 1 12203.4082031 0. 6.57554716922e-22 0.
1539769347 1 12184.3369141 0. 6.57474568241e-22 0.
1539769407 1 12175.9052734 0. 6.57994904675e-22 0.
1539769467 1 12191.1513672 0. 6.59820377675e-22 0.
1539769527 1 12166.8203125 0. 6.59454280642e-22 0.
1539769588 1 12148.3300781 0. 6.59443288522e-22 0.
1539769648 1 12121.1640625 0. 6.58959777942e-22 0.
1539769708 1 12103.8779297 0. 6.58979523325e-22 0.
1539769768 1 12078.7958984 0. 6.58565137211e-22 0.
1539769828 1 12054.5595703 0. 6.58189387737e-22 0.
1539769888 1 12028.4248047 0. 6.57705322238e-22 0.
1539769948 1 12009.5654297 0. 6.57609666923e-22 0.
1539770000 1 11996.125 0. 6.57685322043e-22 0.
1539770052 1 11969.5234375 0. 6.57034309829e-22 0.
1539770112 1 11954.3164062 0. 6.57127388852e-22 0.
1539770172 1 11934.0322266 0. 6.56942663008e-22 0.
1539770232 1 11909.0107422 0. 6.56499790048e-22 0.
1539770292 1 11909.609375 0. 6.57494031661e-22 0.
1539770352 1 11910.6357422 0. 6.58537815405e-22 0.
1539770413 1 11891.3486328 0. 6.58432654979e-22 0.
1539770473 1 11865.0810547 0. 6.5793994486e-22 0.
1539770533 1 11846.8339844 0. 6.57890275374e-22 0.
1539770593 1 11824.0683594 0. 6.57616981715e-22 0.
1539770653 1 11805.9599609 0. 6.57572627747e-22 0.
1539770713 1 11780.7910156 0. 6.57137193231e-22 0.
1539770773 1 11764.1230469 0. 6.57162568818e-22 0.
1539770834 1 11745.4433594 0. 6.57085203072e-22 0.
1539770894 1 11722.8583984 0. 6.56761947933e-22 0.
1539770943 1 11706.0175781 0. 6.56623354314e-22 0.
1539770993 1 11694.9130859 0. 6.56782639233e-22 0.
1539771053 1 11672.4443359 0. 6.56468248309e-22 0.
1539771114 1 11644.2041016 0. 6.55804343132e-22 0.
1539771156 1 11626.4267578 0. 6.55432652242e-22 0.
1539771198 1 11615.9140625 0. 6.55536644831e-22 0.
1539771258 1 11599.2705078 0. 6.55544160836e-22 0.
1539771301 1 11591.15625 0. 6.55725396301e-22 0.
1539771343 1 11570.6748047 0. 6.55271436353e-22 0.
1539771403 1 11547.7070312 0. 6.54948667932e-22 0.
1539771464 1 11553.9375 0. 6.56240657724e-22 0.
1539771524 1 11553.9501953 0. 6.57182901306e-22 0.
1539771584 1 11530.4736328 0. 6.56791837004e-22 0.
1539771624 1 11513.2265625 0. 6.56424045318e-22 0.
1539771664 1 11500.4658203 0. 6.56371291137e-22 0.
1539771724 1 11484.6455078 0. 6.56414470771e-22 0.
1539771784 1 11462.5595703 0. 6.56092867477e-22 0.
1539771845 1 11442.5019531 0. 6.55967063867e-22 0.
1539771905 1 11425.2822266 0. 6.55859682452e-22 0.
1539771965 1 11406.8652344 0. 6.55749114682e-22 0.
1539772025 1 11386.3105469 0. 6.55547131009e-22 0.
1539772085 1 11367.5576172 0. 6.55406992982e-22 0.
1539772145 1 11345.7666016 0. 6.55074637705e-22 0.
1539772205 1 11325.3564453 0. 6.54826295438e-22 0.
1539772266 1 11305.6474609 0. 6.54586573682e-22 0.
1539772326 1 11281.9726562 0. 6.54141490034e-22 0.
1539772386 1 11266.2529297 0. 6.54195967397e-22 0.
1539772446 1 11243.7822266 0. 6.53796166863e-22 0.
1539772506 1 11227.1708984 0. 6.53773420243e-22 0.
1539772566 1 11207.2763672 0. 6.53531715298e-22 0.
1539772626 1 11233.6806641 0. 6.56027223512e-22 0.
1539772686 1 11209.3427734 0. 6.55545351284e-22 0.
1539772747 1 11186.671875 0. 6.55147650768e-22 0.
1539772807 1 11164.8818359 0. 6.54827505983e-22 0.
1539772867 1 11148.0029297 0. 6.54798328096e-22 0.
1539772927 1 11132.5439453 0. 6.54841371559e-22 0.
1539772987 1 11118.8701172 0. 6.54980454228e-22 0.
1539773047 1 11099.2597656 0. 6.54773038982e-22 0.
1539773107 1 11078.0361328 0. 6.54455770945e-22 0.
1539773155 1 11066.3369141 0. 6.54464062405e-22 0.
1539773202 1 11044.5732422 0. 6.53924255254e-22 0.
1539773262 1 11023.6679688 0. 6.53638543821e-22 0.
1539773322 1 11004.1914062 0. 6.53424607691e-22 0.
1539773383 1 10983.1728516 0. 6.53091197976e-22 0.
1539773443 1 10956.8378906 0. 6.52478286008e-22 0.
1539773503 1 10950.0253906 0. 6.52990071523e-22 0.
1539773563 1 10928.8183594 0. 6.52662181019e-22 0.
1539773623 1 10908.5019531 0. 6.52368738331e-22 0.
1539773683 1 10885.3701172 0. 6.51931310344e-22 0.
1539773744 1 10872.8271484 0. 6.52153901038e-22 0.
1539773804 1 10890.4111328 0. 6.54145522372e-22 0.
1539773864 1 10865.3134766 0. 6.53594482996e-22 0.
1539773924 1 10846.5371094 0. 6.53438963768e-22 0.
1539773984 1 10823.7548828 0. 6.53002059349e-22 0.
1539774044 1 10805.0605469 0. 6.52806040663e-22 0.
1539774104 1 10788.4804688 0. 6.52703277721e-22 0.
1539774165 1 10767.6289062 0. 6.52337663634e-22 0.
1539774225 1 10749.8798828 0. 6.52269766229e-22 0.
1539774285 1 10734.1699219 0. 6.52340043953e-22 0.
1539774345 1 10721.0253906 0. 6.52428560095e-22 0.
1539774405 1 10405.2841797 0. 6.34105298636e-22 0.
1539774465 1 10200.1796875 0. 6.22475810836e-22 0.
1539774525 1 10656.2021484 0. 6.51224030753e-22 0.
1539774586 1 10682.9609375 0. 6.53826072715e-22 0.
1539774646 1 10663.0136719 0. 6.53528030509e-22 0.
1539774706 1 10631.0761719 0. 6.52527419738e-22 0.
1539774766 1 10612.2783203 0. 6.52288685238e-22 0.
1539774826 1 10595.75 0. 6.52207555354e-22 0.
1539774887 1 10571.9189453 0. 6.5167252073e-22 0.
1539774938 1 10554.6826172 0. 6.51416725729e-22 0.
1539774989 1 10554.6367188 0. 6.52224184651e-22 0.
1539775050 1 10552.9589844 0. 6.53066008689e-22 0.
1539775110 1 10550.9755859 0. 6.53831197461e-22 0.
1539775170 1 10537.8535156 0. 6.53973971462e-22 0.
1539775230 1 10514.7978516 0. 6.53482293387e-22 0.
1539775290 1 10494.6386719 0. 6.53183594305e-22 0.
1539775350 1 10479.3251953 0. 6.53192343681e-22 0.
1539775411 1 10461.7304688 0. 6.53071264786e-22 0.
1539775471 1 10445.7851562 0. 6.52985560644e-22 0.
1539775531 1 10427.3779297 0. 6.52780999476e-22 0.
1539775591 1 10411.3232422 0. 6.52694562864e-22 0.
1539775651 1 10389.4550781 0. 6.52294614392e-22 0.
1539775711 1 10366.375 0. 6.51732685441e-22 0.
1539775771 1 10350.2998047 0. 6.51680995159e-22 0.
1539775832 1 10335.8769531 0. 6.51712569895e-22 0.
1539775892 1 10312.5302734 0. 6.51190606777e-22 0.
1539775952 1 10301.9042969 0. 6.51462058466e-22 0.
1539776012 1 10288.5537109 0. 6.51538529051e-22 0.
1539776072 1 10271.1513672 0. 6.51361650507e-22 0.
1539776132 1 10252.9882812 0. 6.51176221027e-22 0.
1539776193 1 10230.4033203 0. 6.50712322488e-22 0.
1539776253 1 10219.0380859 0. 6.509034503e-22 0.
1539776313 1 10234.1337891 0. 6.52821122939e-22 0.
1539776373 1 10212.6787109 0. 6.52391572566e-22 0.
1539776433 1 10192.8046875 0. 6.52073577087e-22 0.
1539776493 1 10177.5751953 0. 6.5205138597e-22 0.
1539776553 1 10160.6679688 0. 6.51881919184e-22 0.
1539776613 1 10145.3730469 0. 6.51857127997e-22 0.
1539776674 1 10120.4453125 0. 6.512117744e-22 0.
1539776717 1 10110.9189453 0. 6.51255307458e-22 0.
1539776761 1 10098.3740234 0. 6.51133944297e-22 0.
1539776822 1 10087.2685547 0. 6.51433347991e-22 0.
1539776882 1 10064.6699219 0. 6.50908184687e-22 0.
1539776942 1 10055.6220703 0. 6.5125260977e-22 0.
1539777002 1 10031.8789062 0. 6.50656399166e-22 0.
1539777062 1 10010.3671875 0. 6.50177271676e-22 0.
1539777107 1 10001.0664062 0. 6.50229112311e-22 0.
1539777152 1 9992.96386719 0. 6.50392607455e-22 0.
1539777213 1 9970.11425781 0. 6.49857972991e-22 0.
1539777273 1 9963.88476562 0. 6.50389652501e-22 0.
1539777333 1 9942.35253906 0. 6.4991786657e-22 0.
1539777393 1 9927.65234375 0. 6.49856598869e-22 0.
1539777453 1 9909.24902344 0. 6.495795662e-22 0.
1539777513 1 9893.12011719 0. 6.49423753658e-22 0.
1539777573 1 9913.35058594 0. 6.51720908397e-22 0.
1539777634 1 9893.89453125 0. 6.51358241579e-22 0.
1539777694 1 9875.1796875 0. 6.51031239835e-22 0.
1539777754 1 9858.20214844 0. 6.50871527034e-22 0.
1539777814 1 9845.10253906 0. 6.50932384583e-22 0.
1539777874 1 9821.27050781 0. 6.5027930601e-22 0.
1539777934 1 9802.32421875 0. 6.49931940048e-22 0.
1539777994 1 9787.90136719 0. 6.49938049299e-22 0.
1539778055 1 9769.0390625 0. 6.49653397976e-22 0.
1539778115 1 9750.54785156 0. 6.49343925441e-22 0.
1539778175 1 9741.62207031 0. 6.49656125085e-22 0.
1539778235 1 9724.29980469 0. 6.49427222074e-22 0.
1539778295 1 9707.55175781 0. 6.4921469491e-22 0.
1539778355 1 9690.23046875 0. 6.48949313578e-22 0.
1539778415 1 9675.44824219 0. 6.48894768361e-22 0.
1539778475 1 9661.28613281 0. 6.48828395697e-22 0.
1539778536 1 9646.859375 0. 6.48814271886e-22 0.
1539778596 1 9625.46875 0. 6.48307048521e-22 0.
1539778631 1 9623.93847656 0. 6.48719998261e-22 0.
1539778666 1 9614.06054688 0. 6.48623682752e-22 0.
1539778708 1 9599.31347656 0. 6.4824688067e-22 0.
1539778750 1 9588.98925781 0. 6.48213619223e-22 0.
1539778811 1 9568.62207031 0. 6.47782189095e-22 0.
1539778871 1 9586.42773438 0. 6.49942978288e-22 0.
1539778931 1 9565.16992188 0. 6.49434727047e-22 0.
1539778991 1 9550.67871094 0. 6.49390950907e-22 0.
1539779051 1 9538.76367188 0. 6.49485588879e-22 0.
1539779111 1 9518.48632812 0. 6.48996990461e-22 0.
1539779165 1 9508.76855469 0. 6.49186423596e-22 0.
1539779219 1 9499.16894531 0. 6.49385046407e-22 0.
1539779254 1 9486.1875 0. 6.49025542277e-22 0.
1539779290 1 9476.21875 0. 6.48945904939e-22 0.
1539779350 1 9464.11621094 0. 6.49029132308e-22 0.
1539779410 1 9446.31835938 0. 6.48716372008e-22 0.
1539779470 1 9428.64550781 0. 6.4841733573e-22 0.
1539779530 1 9415.90722656 0. 6.48418337566e-22 0.
1539779591 1 9397.88867188 0. 6.48124567632e-22 0.
1539779651 1 9379.95507812 0. 6.47826303103e-22 0.
1539779711 1 9367.0 0. 6.47822015883e-22 0.
1539779771 1 9350.97558594 0. 6.4762403843e-22 0.
1539779831 1 9331.61425781 0. 6.47183665061e-22 0.
1539779891 1 9322.13671875 0. 6.47439708681e-22 0.
1539779951 1 9311.14648438 0. 6.47586009446e-22 0.
1539780012 1 9298.60644531 0. 6.47625349633e-22 0.
1539780072 1 9287.36132812 0. 6.47759786254e-22 0.
1539780132 1 9289.49804688 0. 6.48859631788e-22 0.
1539780192 1 9274.828125 0. 6.48735639181e-22 0.
1539780252 1 9257.70800781 0. 6.48475305208e-22 0.
1539780312 1 9234.55566406 0. 6.47738431059e-22 0.
1539780373 1 9216.02929688 0. 6.47325247247e-22 0.
1539780433 1 9167.33886719 0. 6.4483813851e-22 0.
1539780493 1 9132.39550781 0. 6.43251040439e-22 0.
1539780553 1 9116.21191406 0. 6.43025752933e-22 0.
1539780613 1 9106.08691406 0. 6.43160804232e-22 0.
1539780673 1 9090.58984375 0. 6.42952740221e-22 0.
1539780734 1 9077.33203125 0. 6.42941801761e-22 0.
1539780794 1 9058.40820312 0. 6.42440582942e-22 0.
1539780854 1 9044.21386719 0. 6.42379691741e-22 0.
1539780914 1 9033.13867188 0. 6.4248440876e-22 0.
1539780974 1 9012.85058594 0. 6.41920362168e-22 0.
1539781032 1 8997.85839844 0. 6.416575992e-22 0.
1539781090 1 8983.16113281 0. 6.41406369468e-22 0.
1539781150 1 8969.46191406 0. 6.41366918562e-22 0.
1539781210 1 8951.72167969 0. 6.40982525436e-22 0.
1539781270 1 8956.25390625 0. 6.42128201824e-22 0.
1539781330 1 8994.11523438 0. 6.45800145627e-22 0.
1539781390 1 8987.60058594 0. 6.46249560172e-22 0.
1539781450 1 8971.93652344 0. 6.46028302151e-22 0.
1539781510 1 8984.42871094 0. 6.47821636407e-22 0.
1539781571 1 8970.28027344 0. 6.47706732333e-22 0.
1539781631 1 8961.54492188 0. 6.47967134016e-22 0.
1539781691 1 8945.24316406 0. 6.47692771689e-22 0.
1539781751 1 8927.08105469 0. 6.47275953793e-22 0.
1539781811 1 8910.24902344 0. 6.46921741148e-22 0.
1539781871 1 8890.26953125 0. 6.46370089362e-22 0.
1539781931 1 8878.76660156 0. 6.46391887015e-22 0.
1539781992 1 8860.47558594 0. 6.45989253297e-22 0.
1539782052 1 8821.65234375 0. 6.44090294299e-22 0.
1539782112 1 8814.50683594 0. 6.44465150014e-22 0.
1539782172 1 8791.48535156 0. 6.43676238262e-22 0.
1539782232 1 8777.04003906 0. 6.43511887937e-22 0.
1539782292 1 8763.10253906 0. 6.43372331701e-22 0.
1539782352 1 8747.27929688 0. 6.43144719599e-22 0.
1539782413 1 8726.79199219 0. 6.42532708879e-22 0.
1539782473 1 8718.63769531 0. 6.4280493527e-22 0.
1539782522 1 8708.33496094 0. 6.42803542753e-22 0.
1539782572 1 8698.5078125 0. 6.42806162512e-22 0.
1539782632 1 8658.65527344 0. 6.40803524915e-22 0.
1539782692 1 9164.97265625 0. 6.79535148655e-22 0.
1539782753 1 9246.65234375 0. 6.86916741033e-22 0.
1539782813 1 9220.74804688 0. 6.86277966863e-22 0.
1539782873 1 9196.91308594 0. 6.85738505499e-22 0.
1539782933 1 9167.05078125 0. 6.8476163109e-22 0.
1539782993 1 8252.90625 0. 6.17545197271e-22 0.
1539783053 1 8900.02929688 0. 6.67183681377e-22 0.
1539783113 1 9298.12011719 0. 6.98166080564e-22 0.
1539783174 1 9282.70214844 0. 6.98227131134e-22 0.
1539783234 1 9264.9765625 0. 6.98097012423e-22 0.
1539783294 1 9246.90039062 0. 6.98017094783e-22 0.
1539783354 1 9229.32324219 0. 6.97933133139e-22 0.
1539783414 1 9214.07910156 0. 6.98009283286e-22 0.
1539783475 1 9195.31445312 0. 6.97807547885e-22 0.
1539783535 1 9176.52539062 0. 6.97592155204e-22 0.
1539783595 1 9157.05273438 0. 6.97347413149e-22 0.
1539783655 1 9132.13671875 0. 6.96649689785e-22 0.
1539783715 1 9118.74023438 0. 6.96824755326e-22 0.
1539783775 1 9107.23632812 0. 6.97138251707e-22 0.
1539783835 1 9087.5703125 0. 6.96832563625e-22 0.
1539783895 1 9071.70507812 0. 6.96821066872e-22 0.
1539783956 1 9054.90527344 0. 6.96769512334e-22 0.
1539784016 1 9044.00585938 0. 6.97072301239e-22 0.
1539784076 1 9024.53125 0. 6.96809560169e-22 0.
1539784136 1 9003.1640625 0. 6.96397215704e-22 0.
1539784197 1 8987.28515625 0. 6.96336008379e-22 0.
1539784257 1 8969.86914062 0. 6.96137356657e-22 0.
1539784317 1 8950.94921875 0. 6.95861153856e-22 0.
1539784377 1 8937.2578125 0. 6.95986407751e-22 0.
1539784437 1 8926.12207031 0. 6.96288869593e-22 0.
1539784497 1 8907.03710938 0. 6.96045059102e-22 0.
1539784557 1 8889.4765625 0. 6.95872068716e-22 0.
1539784618 1 8876.6875 0. 6.96127528482e-22 0.
1539784678 1 8856.42675781 0. 6.9576270053e-22 0.
1539784738 1 8841.66308594 0. 6.95731831921e-22 0.
1539784798 1 8826.05761719 0. 6.95678550529e-22 0.
1539784858 1 8808.18945312 0. 6.95391630048e-22 0.
1539784919 1 8789.90722656 0. 6.95148128209e-22 0.
1539784979 1 8776.41992188 0. 6.95241862608e-22 0.
1539785039 1 8762.55273438 0. 6.95309770031e-22 0.
1539785099 1 8741.46484375 0. 6.94827693218e-22 0.
1539785159 1 8722.97558594 0. 6.94537696396e-22 0.
1539785220 1 8709.74316406 0. 6.94652035722e-22 0.
1539785280 1 8692.60742188 0. 6.94420861484e-22 0.
1539785340 1 8680.54296875 0. 6.94663576985e-22 0.
1539785400 1 8663.77539062 0. 6.94524457815e-22 0.
1539785455 1 8646.63085938 0. 6.9419530623e-22 0.
1539785509 1 8637.45507812 0. 6.94492708511e-22 0.
1539785569 1 8619.36035156 0. 6.94178968231e-22 0.
1539785630 1 8602.37109375 0. 6.93953953795e-22 0.
1539785690 1 8587.97851562 0. 6.9391685338e-22 0.
1539785750 1 8576.3671875 0. 6.9413164243e-22 0.
1539785810 1 8563.13671875 0. 6.94231450378e-22 0.
1539785870 1 8545.56835938 0. 6.9396851517e-22 0.
1539785930 1 8528.23535156 0. 6.93712046977e-22 0.
1539785990 1 8509.96484375 0. 6.93373319672e-22 0.
1539786051 1 8490.15332031 0. 6.92905909346e-22 0.
1539786111 1 8472.20898438 0. 6.92608415401e-22 0.
1539786171 1 8460.77148438 0. 6.92809006788e-22 0.
1539786231 1 8444.01367188 0. 6.92570251403e-22 0.
1539786291 1 8428.21777344 0. 6.92413168511e-22 0.
1539786351 1 8415.58984375 0. 6.92477265735e-22 0.
1539786411 1 8402.83105469 0. 6.92629652055e-22 0.
1539786471 1 8389.81152344 0. 6.92648431108e-22 0.
1539786531 1 8375.875 0. 6.92681057108e-22 0.
1539786592 1 8358.5234375 0. 6.92367539734e-22 0.
1539786652 1 8335.40722656 0. 6.91590422341e-22 0.
1539786712 1 8322.05957031 0. 6.91578203409e-22 0.
1539786772 1 8310.7109375 0. 6.91802813915e-22 0.
1539786832 1 8298.54199219 0. 6.91912538217e-22 0.
1539786893 1 8288.66503906 0. 6.92165725374e-22 0.
1539786953 1 8272.14257812 0. 6.91945209383e-22 0.
1539787013 1 8254.13476562 0. 6.91522868602e-22 0.
1539787073 1 8238.21191406 0. 6.91282800051e-22 0.
1539787133 1 8223.18359375 0. 6.91135085746e-22 0.
1539787193 1 8210.45800781 0. 6.9117359712e-22 0.
1539787254 1 8192.45214844 0. 6.90785045313e-22 0.
1539787302 1 8170.40332031 0. 6.89791375029e-22 0.
1539787350 1 8153.33105469 0. 6.89229326164e-22 0.
1539787410 1 8249.86914062 0. 6.9848662271e-22 0.
1539787470 1 8563.84667969 0. 7.26546283555e-22 0.
1539787530 1 8469.46777344 0. 7.19992903137e-22 0.
1539787591 1 8175.25830078 0. 6.96240248194e-22 0.
1539787651 1 8338.95410156 0. 7.11680324403e-22 0.
1539787711 1 8513.43652344 0. 7.27952403315e-22 0.
1539787771 1 8498.56054688 0. 7.28092252358e-22 0.
1539787831 1 8477.26074219 0. 7.27621784176e-22 0.
1539787891 1 8458.41894531 0. 7.27328758734e-22 0.
1539787951 1 8447.1328125 0. 7.2766132959e-22 0.
1539788011 1 8430.50390625 0. 7.2756996023e-22 0.
1539788072 1 8408.65820312 0. 7.27034551584e-22 0.
1539788132 1 8388.93554688 0. 7.26647571469e-22 0.
1539788192 1 8370.92578125 0. 7.26417371769e-22 0.
1539788252 1 8361.20117188 0. 7.26963657409e-22 0.
1539788312 1 8342.16210938 0. 7.26645045253e-22 0.
1539788372 1 8330.40625 0. 7.27043149979e-22 0.
1539788408 1 8321.38867188 0. 7.27010774672e-22 0.
1539788420 1 8317.9453125 0. 7.26964286056e-22 0.
1539788457 1 8304.34277344 0. 7.26675105372e-22 0.
1539788517 1 8292.20898438 0. 7.26911964148e-22 0.
1539788577 1 8275.50292969 0. 7.2676380309e-22 0.
1539788637 1 8250.95410156 0. 7.25929396329e-22 0.
1539788697 1 8238.03710938 0. 7.26035813338e-22 0.
1539788757 1 8222.19628906 0. 7.2595847959e-22 0.
1539788817 1 8205.73339844 0. 7.2580369811e-22 0.
1539788878 1 8184.05029297 0. 7.25220179363e-22 0.
1539788938 1 8173.77880859 0. 7.25654809979e-22 0.
1539788998 1 8155.47265625 0. 7.25332678591e-22 0.
1539789058 1 8132.23876953 0. 7.24594789649e-22 0.
1539789118 1 8115.56298828 0. 7.24380588311e-22 0.
1539789178 1 8101.34472656 0. 7.24452135973e-22 0.
1539789239 1 8085.56689453 0. 7.24342863267e-22 0.
1539789299 1 8061.95947266 0. 7.2352805719e-22 0.
1539789359 1 8052.60888672 0. 7.23972183883e-22 0.
1539789419 1 8036.12011719 0. 7.23818420917e-22 0.
1539789479 1 8007.50244141 0. 7.22584407032e-22 0.
1539789539 1 7993.66113281 0. 7.22649906911e-22 0.
1539789600 1 7982.53173828 0. 7.22957728323e-22 0.
1539789660 1 7966.29785156 0. 7.22766978624e-22 0.
1539789720 1 7952.51660156 0. 7.22812862899e-22 0.
1539789769 1 7948.26025391 0. 7.23424826271e-22 0.
1539789817 1 7927.03320312 0. 7.22575289573e-22 0.
1539789877 1 7914.24365234 0. 7.22675209654e-22 0.
1539789912 1 7911.24853516 0. 7.23138289172e-22 0.
1539789948 1 7893.86279297 0. 7.22361430078e-22 0.
1539789992 1 7892.65039062 0. 7.23131310251e-22 0.
1539790037 1 7869.61425781 0. 7.22017765337e-22 0.
1539790097 1 7846.12207031 0. 7.21134894061e-22 0.
1539790157 1 7842.59130859 0. 7.2205712316e-22 0.
1539790218 1 7829.2890625 0. 7.22128401183e-22 0.
1539790278 1 7808.83447266 0. 7.21557302971e-22 0.
1539790338 1 7798.95996094 0. 7.22030329319e-22 0.
1539790398 1 7786.25 0. 7.22118763997e-22 0.
1539790458 1 7762.41503906 0. 7.21230943269e-22 0.
1539790518 1 7743.94482422 0. 7.20721333834e-22 0.
1539790579 1 7738.70507812 0. 7.21546056883e-22 0.
1539790639 1 7722.29443359 0. 7.21281032621e-22 0.
1539790699 1 7699.73388672 0. 7.20394765482e-22 0.
1539790759 1 7691.57080078 0. 7.20944458602e-22 0.
1539790819 1 7550.07373047 0. 7.08911541065e-22 0.
1539790879 1 7369.97412109 0. 6.93054892755e-22 0.
1539790939 1 7551.65234375 0. 7.11503475018e-22 0.
1539790979 1 7666.95507812 0. 7.23072602571e-22 0.
1539791019 1 7648.99316406 0. 7.22276586848e-22 0.
1539791079 1 7630.09570312 0. 7.21784892444e-22 0.
1539791139 1 7622.47558594 0. 7.22325820343e-22 0.
1539791200 1 7608.55029297 0. 7.22233035874e-22 0.
1539791260 1 7595.34082031 0. 7.22158396383e-22 0.
1539791320 1 7584.96337891 0. 7.22364476911e-22 0.
1539791380 1 7571.24462891 0. 7.22255774012e-22 0.
1539791440 1 7554.74755859 0. 7.21877056652e-22 0.
1539791500 1 7543.1875 0. 7.21987694303e-22 0.
1539791560 1 7529.51367188 0. 7.21933263169e-22 0.
1539791620 1 7513.27636719 0. 7.21618700189e-22 0.
1539791681 1 7500.69628906 0. 7.216222615e-22 0.
1539791741 1 7488.56347656 0. 7.21697971709e-22 0.
1539791801 1 7471.97265625 0. 7.21355427433e-22 0.
1539791861 1 7458.52929688 0. 7.21275452493e-22 0.
1539791921 1 7444.625 0. 7.21147355961e-22 0.
1539791981 1 7431.42431641 0. 7.21062097027e-22 0.
1539792041 1 7418.45849609 0. 7.21058559741e-22 0.
1539792101 1 7405.41064453 0. 7.21000554041e-22 0.
1539792162 1 7391.70947266 0. 7.20909564949e-22 0.
1539792222 1 7377.60986328 0. 7.20819370282e-22 0.
1539792282 1 7362.80419922 0. 7.2054817595e-22 0.
1539792342 1 7349.50292969 0. 7.2043359323e-22 0.
1539792402 1 7338.43994141 0. 7.20504536777e-22 0.
1539792462 1 7323.06103516 0. 7.20187464523e-22 0.
1539792522 1 7311.77685547 0. 7.2026419464e-22 0.
1539792583 1 7293.31005859 0. 7.19685010088e-22 0.
1539792643 1 7283.49609375 0. 7.19914257894e-22 0.
1539792703 1 7268.46777344 0. 7.19605421036e-22 0.
1539792763 1 7251.98242188 0. 7.19177907939e-22 0.
1539792823 1 7237.32470703 0. 7.18924069942e-22 0.
1539792883 1 7229.32177734 0. 7.19332244338e-22 0.
1539792931 1 7213.62792969 0. 7.18697025426e-22 0.
1539792980 1 7206.70996094 0. 7.19025186771e-22 0.
1539793040 1 7194.49414062 0. 7.19002597816e-22 0.
1539793100 1 7184.26123047 0. 7.1915985488e-22 0.
1539793160 1 7166.25146484 0. 7.1854289874e-22 0.
1539793221 1 7151.17529297 0. 7.18177012097e-22 0.
1539793281 1 7135.69042969 0. 7.17841101378e-22 0.
1539793341 1 7122.76513672 0. 7.17681186027e-22 0.
1539793376 1 7119.71630859 0. 7.18075504346e-22 0.
1539793412 1 7113.20898438 0. 7.1816029727e-22 0.
1539793472 1 7100.69433594 0. 7.18001085136e-22 0.
1539793532 1 7088.51220703 0. 7.17927120431e-22 0.
1539793575 1 7079.17089844 0. 7.17782335493e-22 0.
1539793618 1 7074.18212891 0. 7.18132012339e-22 0.
1539793678 1 7061.08447266 0. 7.17988113807e-22 0.
1539793739 1 7047.52441406 0. 7.17734140071e-22 0.
1539793799 1 7035.53662109 0. 7.17703585453e-22 0.
1539793859 1 7021.42773438 0. 7.17420742614e-22 0.
1539793919 1 7006.94873047 0. 7.17101935123e-22 0.
1539793979 1 6994.83007812 0. 7.17048934914e-22 0.
1539794039 1 6982.30224609 0. 7.16879651192e-22 0.
1539794099 1 6974.44726562 0. 7.1724536397e-22 0.
1539794159 1 6963.29394531 0. 7.17238572044e-22 0.
1539794220 1 6945.58544922 0. 7.1652713377e-22 0.
1539794280 1 6936.40771484 0. 7.16664594792e-22 0.
1539794340 1 6923.40869141 0. 7.16527092104e-22 0.
1539794400 1 6913.27539062 0. 7.16629843819e-22 0.
1539794460 1 6899.89550781 0. 7.16328537135e-22 0.
1539794520 1 6884.70849609 0. 7.15932028312e-22 0.
1539794580 1 6874.56201172 0. 7.15993858692e-22 0.
1539794641 1 6862.32421875 0. 7.15876035653e-22 0.
1539794701 1 6848.83544922 0. 7.1562723938e-22 0.
1539794761 1 6835.63134766 0. 7.15352580457e-22 0.
1539794821 1 6826.60791016 0. 7.15563475927e-22 0.
1539794881 1 6815.87109375 0. 7.15605466845e-22 0.
1539794942 1 6800.33691406 0. 7.15059789121e-22 0.
1539795002 1 6785.45166016 0. 7.14626250044e-22 0.
1539795062 1 6776.19970703 0. 7.14802961978e-22 0.
1539795122 1 6766.05078125 0. 7.14843454692e-22 0.
1539795182 1 6754.16015625 0. 7.14673933413e-22 0.
1539795226 1 6747.46386719 0. 7.14724900204e-22 0.
1539795257 1 6743.32275391 0. 7.1482835737e-22 0.
1539795303 1 6735.21875 0. 7.14842116687e-22 0.
1539795363 1 6720.49804688 0. 7.14396983004e-22 0.
1539795423 1 6705.90625 0. 7.13982698217e-22 0.
1539795483 1 6696.26708984 0. 7.1399413151e-22 0.
1539795543 1 6683.32910156 0. 7.13729522096e-22 0.
1539795599 1 6676.77978516 0. 7.14064459265e-22 0.
1539795654 1 6661.8046875 0. 7.13454933088e-22 0.
1539795714 1 6652.94580078 0. 7.13629508927e-22 0.
1539795774 1 6641.36230469 0. 7.13448642596e-22 0.
1539795834 1 6627.0 0. 7.12999349977e-22 0.
1539795895 1 6613.82910156 0. 7.12685617422e-22 0.
1539795955 1 6602.41308594 0. 7.12563639061e-22 0.
1539796015 1 6595.82666016 0. 7.12950879092e-22 0.
1539796075 1 6584.74853516 0. 7.12791238462e-22 0.
1539796135 1 6570.75390625 0. 7.12345581933e-22 0.
1539796195 1 6558.64648438 0. 7.12114506958e-22 0.
1539796255 1 6549.88476562 0. 7.12254930401e-22 0.
1539796316 1 6537.88623047 0. 7.12104868775e-22 0.
1539796376 1 6525.546875 0. 7.11835573152e-22 0.
1539796436 1 6516.14941406 0. 7.11927756026e-22 0.
1539796496 1 6505.42041016 0. 7.1186077759e-22 0.
1539796556 1 6492.63037109 0. 7.11562316665e-22 0.
1539796616 1 6480.70458984 0. 7.11314861151e-22 0.
1539796676 1 6466.5390625 0. 7.10829271122e-22 0.
1539796737 1 6440.95751953 0. 7.09050397697e-22 0.
1539796797 1 6429.13037109 0. 7.08824896591e-22 0.
1539796857 1 6417.80761719 0. 7.0858110053e-22 0.
1539796917 1 6408.93310547 0. 7.0859020924e-22 0.
1539796977 1 6398.4140625 0. 7.08508306283e-22 0.
1539797037 1 6385.65722656 0. 7.08163890692e-22 0.
1539797097 1 6377.31884766 0. 7.08296858615e-22 0.
1539797158 1 6358.41992188 0. 7.07240132791e-22 0.
1539797218 1 6348.68017578 0. 7.07250490738e-22 0.
1539797278 1 6335.71582031 0. 7.06849316436e-22 0.
1539797338 1 6329.27832031 0. 7.07191797596e-22 0.
1539797398 1 6323.31298828 0. 7.07631931575e-22 0.
1539797458 1 6311.97900391 0. 7.07381879684e-22 0.
1539797519 1 6296.96777344 0. 7.06765849713e-22 0.
1539797579 1 6291.95654297 0. 7.07231841438e-22 0.
1539797639 1 6280.18261719 0. 7.07003274142e-22 0.
1539797699 1 6265.54931641 0. 7.06411401764e-22 0.
1539797759 1 6255.70556641 0. 7.06377642307e-22 0.
1539797819 1 6244.23925781 0. 7.06097822306e-22 0.
1539797880 1 6230.5859375 0. 7.0561241841e-22 0.
1539797917 1 6223.10986328 0. 7.05349322271e-22 0.
1539797954 1 6218.08984375 0. 7.054933848e-22 0.
1539798014 1 6204.29101562 0. 7.04964271512e-22 0.
1539798074 1 6197.41650391 0. 7.05211659617e-22 0.
1539798135 1 6187.55078125 0. 7.05073894637e-22 0.
1539798175 1 6181.12402344 0. 7.0498747418e-22 0.
1539798192 1 3140.82397461 0. 3.624146472e-22 0.
1539798203 1 611.530151367 0. 7.03316895387e-23 0.
1539798212 1 1099.66320801 0. 1.26134668374e-22 0.
1539798221 1 1661.0402832 0. 1.90005203313e-22 0.
1539798229 1 2502.88793945 0. 2.86460986283e-22 0.
1539798238 1 3491.93237305 0. 3.98904596438e-22 0.
1539798247 1 4383.21044922 0. 5.01202061763e-22 0.
1539798255 1 5449.89550781 0. 6.22625747839e-22 0.
1539798264 1 5842.74658203 0. 6.67729403454e-22 0.
1539798273 1 6180.09423828 0. 7.06403896219e-22 0.
1539798282 1 5619.08642578 0. 6.42589278242e-22 0.
1539798290 1 5066.11621094 0. 5.79266783798e-22 0.
1539798299 1 3963.97949219 0. 4.53936747417e-22 0.
1539798308 1 3075.54638672 0. 3.51970692476e-22 0.
1539798317 1 2155.74243164 0. 2.47235241269e-22 0.
1539798325 1 1431.63684082 0. 1.64208254999e-22 0.
1539798334 1 935.202148438 0. 1.07576144826e-22 0.
1539798343 1 539.633605957 0. 6.22522551268e-23 0.
1539798360 1 2921.33374023 0. 3.37889967947e-22 0.
1539798377 1 690.640441895 0. 7.86499632975e-23 0.
1539798385 1 1157.30029297 0. 1.31707468187e-22 0.
1539798394 1 1710.58581543 0. 1.94302896253e-22 0.
1539798402 1 2505.32421875 0. 2.8544363789e-22 0.
1539798410 1 3370.57836914 0. 3.84002297882e-22 0.
1539798419 1 4197.08398438 0. 4.79544633794e-22 0.
1539798427 1 5161.59814453 0. 5.90283727791e-22 0.
1539798436 1 5666.94189453 0. 6.49254008881e-22 0.
1539798444 1 6140.19824219 0. 7.04338347478e-22 0.
1539798452 1 5936.30615234 0. 6.81449186911e-22 0.
1539798461 1 5669.22216797 0. 6.51132723651e-22 0.
1539798469 1 4776.78955078 0. 5.48947521467e-22 0.
1539798474 1 4061.51416016 0. 4.66451007378e-22 0.
1539798479 1 4056.64160156 0. 4.6588954524e-22 0.
1539798486 1 3036.13305664 0. 3.49052766868e-22 0.
1539798494 1 2250.69433594 0. 2.58367681936e-22 0.
1539798502 1 1545.33190918 0. 1.77755988712e-22 0.
1539798511 1 977.780700684 0. 1.12533490362e-22 0.
1539798519 1 2798.24560547 0. 3.24378304648e-22 0.
1539798554 1 6121.57763672 0. 7.03854150872e-22 0.
1539798614 1 6116.51123047 0. 7.04271715755e-22 0.
1539798674 1 6116.80810547 0. 7.05216333286e-22 0.
1539798734 1 6097.86376953 0. 7.03931821064e-22 0.
1539798794 1 6094.08789062 0. 7.04440585726e-22 0.
1539798855 1 6086.42431641 0. 7.04473876183e-22 0.
1539798915 1 6069.81542969 0. 7.03626969575e-22 0.
1539798975 1 6059.86962891 0. 7.03429498892e-22 0.
1539799035 1 6049.66259766 0. 7.03283788552e-22 0.
1539799095 1 6036.48730469 0. 7.0276547771e-22 0.
1539799155 1 6025.33984375 0. 7.02489725562e-22 0.
1539799190 1 3144.39160156 0. 4.78398153399e-22 0.
1539799226 1 0.165927842259 0. 0.0 0.
