1539931277 1 18086.6191406 0. 6.43964978197e-22 0.
1539931326 1 18042.3828125 0. 6.44144466903e-22 0.
1539931386 1 17868.4257812 0. 6.40289656452e-22 0.
1539931447 1 17800.6816406 0. 6.39813292961e-22 0.
1539931498 1 17766.7109375 0. 6.40114978984e-22 0.
1539931525 1 17644.8125 0. 6.36601570454e-22 0.
1539931560 1 17810.0234375 0. 6.43916028358e-22 0.
1539931620 1 17781.0742188 0. 6.44721932615e-22 0.
1539931680 1 17605.9199219 0. 6.40363552106e-22 0.
1539931741 1 17518.4101562 0. 6.39163155902e-22 0.
1539931801 1 17450.765625 0. 6.3860737537e-22 0.
1539931861 1 17374.7441406 0. 6.3766646237e-22 0.
1539931901 1 17292.71875 0. 6.3581632128e-22 0.
1539931924 1 17270.9316406 0. 6.3571679744e-22 0.
1539931953 1 17242.3105469 0. 6.35522133868e-22 0.
1539932000 1 17195.0039062 0. 6.35120363104e-22 0.
1539932060 1 17099.53125 0. 6.33239379318e-22 0.
1539932113 1 17067.0839844 0. 6.33500293829e-22 0.
1539932143 1 5308.86865234 0. 1.98059618498e-22 0.
1539932154 1 1578.90319824 0. 5.87948930052e-23 0.
1539932162 1 2709.41064453 0. 1.00892268724e-22 0.
1539932171 1 4400.09375 0. 1.63760176159e-22 0.
1539932180 1 6217.20556641 0. 2.31536941488e-22 0.
1539932188 1 9204.75195312 0. 3.42596861073e-22 0.
1539932197 1 11092.6142578 0. 4.13101864563e-22 0.
1539932206 1 14439.9482422 0. 5.37695054492e-22 0.
1539932215 1 15644.8261719 0. 5.82767520336e-22 0.
1539932224 1 16974.875 0. 6.32454032894e-22 0.
1539932232 1 16018.0283203 0. 5.97029998363e-22 0.
1539932241 1 15003.6044922 0. 5.59367026588e-22 0.
1539932250 1 11942.3007812 0. 4.45576496435e-22 0.
1539932259 1 10044.5283203 0. 3.74769867472e-22 0.
1539932268 1 6933.94335938 0. 2.58965285194e-22 0.
1539932276 1 5101.18115234 0. 1.90506936696e-22 0.
1539932285 1 3271.99072266 0. 1.22321265859e-22 0.
1539932294 1 1979.16003418 0. 7.40076702269e-23 0.
1539932311 1 5767.70849609 0. 2.16436018822e-22 0.
1539932327 1 1888.4440918 0. 7.08845647186e-23 0.
1539932336 1 3215.50439453 0. 1.20619690827e-22 0.
1539932344 1 5081.73046875 0. 1.90436922822e-22 0.
1539932352 1 7150.1953125 0. 2.68044854606e-22 0.
1539932361 1 10597.6103516 0. 3.96891875699e-22 0.
1539932369 1 12687.3876953 0. 4.75423116048e-22 0.
1539932378 1 16129.4433594 0. 6.04137438262e-22 0.
1539932386 1 16753.0410156 0. 6.27676991571e-22 0.
1539932395 1 17153.8886719 0. 6.42903838278e-22 0.
1539932403 1 14416.9345703 0. 5.40729092291e-22 0.
1539932412 1 12655.859375 0. 4.74744064233e-22 0.
1539932420 1 8591.49902344 0. 3.22769908415e-22 0.
1539932428 1 6578.60546875 0. 2.47167072011e-22 0.
1539932437 1 4098.20996094 0. 1.54237448416e-22 0.
1539932445 1 2588.15014648 0. 9.74720694815e-23 0.
1539932454 1 1588.48632812 0. 5.99066126449e-23 0.
1539932462 1 817.829650879 0. 3.09008069697e-23 0.
1539932471 1 3632.84204102 0. 1.37214824702e-22 0.
1539932506 1 17011.2246094 0. 6.40054096994e-22 0.
1539932566 1 16852.1035156 0. 6.3548836943e-22 0.
1539932627 1 16775.4394531 0. 6.34011701953e-22 0.
1539932687 1 16718.5546875 0. 6.33295731815e-22 0.
1539932747 1 16656.1933594 0. 6.32273581696e-22 0.
1539932807 1 16632.5976562 0. 6.32596684342e-22 0.
1539932867 1 16583.0703125 0. 6.31847904368e-22 0.
1539932928 1 16538.7910156 0. 6.31252787816e-22 0.
1539932988 1 16493.0292969 0. 6.30557934259e-22 0.
1539933048 1 16432.8339844 0. 6.29319590723e-22 0.
1539933108 1 16351.5009766 0. 6.27271124445e-22 0.
1539933144 1 16338.6162109 0. 6.27352250552e-22 0.
1539933179 1 16432.7363281 0. 6.3164906345e-22 0.
1539933240 1 16477.5605469 0. 6.34482197582e-22 0.
1539933300 1 16336.2490234 0. 6.30085957938e-22 0.
1539933360 1 16377.2861328 0. 6.32768622761e-22 0.
1539933420 1 16326.1552734 0. 6.31874337021e-22 0.
1539933481 1 16299.3417969 0. 6.3193512032e-22 0.
1539933541 1 16213.4287109 0. 6.29674307497e-22 0.
1539933601 1 16220.9033203 0. 6.3099501375e-22 0.
1539933661 1 16147.3662109 0. 6.29180738765e-22 0.
1539933721 1 16113.9794922 0. 6.28913325229e-22 0.
1539933781 1 16103.9267578 0. 6.29548453461e-22 0.
1539933841 1 16058.9560547 0. 6.28830244654e-22 0.
1539933902 1 15983.5859375 0. 6.2686843803e-22 0.
1539933961 1 15966.3925781 0. 6.2720662647e-22 0.
1539934020 1 16016.7529297 0. 6.30204081342e-22 0.
1539934080 1 16008.9580078 0. 6.30912902299e-22 0.
1539934140 1 15960.6328125 0. 6.30015851199e-22 0.
1539934200 1 15941.5058594 0. 6.30251674735e-22 0.
1539934260 1 15926.3681641 0. 6.30651294429e-22 0.
1539934321 1 15928.7890625 0. 6.31753873149e-22 0.
1539934381 1 15871.1679688 0. 6.30525232034e-22 0.
1539934437 1 15637.0908203 0. 6.2214378902e-22 0.
1539934493 1 15435.7578125 0. 6.15127138046e-22 0.
1539934537 1 12105.0800781 0. 4.84541577153e-22 0.
1539934580 1 0.23889040947 0. 1.65794829003e-22 0.
