1539960605 1 18148.21875 0. 5.97946044015e-22 0.
1539960640 1 18105.0234375 0. 5.97496354178e-22 0.
1539960656 1 18091.8515625 0. 5.97550448145e-22 0.
1539960697 1 18043.3417969 0. 5.97149277768e-22 0.
1539960758 1 17974.5078125 0. 5.96589159915e-22 0.
1539960818 1 17907.0644531 0. 5.9606679487e-22 0.
1539960875 1 17853.3261719 0. 5.95799874085e-22 0.
1539960932 1 17770.2011719 0. 5.94430951916e-22 0.
1539960977 1 17771.0 0. 5.95481015448e-22 0.
1539961011 1 17715.5019531 0. 5.94397708491e-22 0.
1539961061 1 17668.4921875 0. 5.93935136402e-22 0.
1539961121 1 17635.9785156 0. 5.9413093947e-22 0.
1539961181 1 17589.1132812 0. 5.93667471933e-22 0.
1539961222 1 17531.078125 0. 5.92563788207e-22 0.
1539961264 1 17502.296875 0. 5.9239874061e-22 0.
1539961324 1 17462.6679688 0. 5.92109442051e-22 0.
1539961384 1 17487.5625 0. 5.94063040769e-22 0.
1539961444 1 17388.2070312 0. 5.91807306725e-22 0.
1539961504 1 17036.7714844 0. 5.81007656132e-22 0.
1539961565 1 16437.6113281 0. 5.61707933865e-22 0.
1539961625 1 17661.8769531 0. 6.04677730659e-22 0.
1539961685 1 17541.2910156 0. 6.01722246935e-22 0.
1539961745 1 17488.0703125 0. 6.01106959068e-22 0.
1539961805 1 17442.5175781 0. 6.00709919765e-22 0.
1539961865 1 17394.8085938 0. 6.00209612305e-22 0.
1539961926 1 17360.9121094 0. 6.00151693714e-22 0.
1539961962 1 17342.6035156 0. 6.00186292602e-22 0.
1539961999 1 17330.0898438 0. 6.00399975974e-22 0.
1539962059 1 17300.5488281 0. 6.0034983117e-22 0.
1539962119 1 17264.1621094 0. 6.00013685575e-22 0.
1539962179 1 17237.1113281 0. 6.0000441602e-22 0.
1539962240 1 17224.9042969 0. 6.00503801284e-22 0.
1539962300 1 17224.1992188 0. 6.01434324062e-22 0.
1539962360 1 17206.8867188 0. 6.01720406037e-22 0.
1539962420 1 17187.078125 0. 6.01863322165e-22 0.
1539962465 1 17188.7578125 0. 6.02555105606e-22 0.
1539962510 1 17176.1523438 0. 6.02722743447e-22 0.
1539962571 1 17167.6542969 0. 6.03200372167e-22 0.
1539962631 1 17159.2558594 0. 6.0367560131e-22 0.
1539962691 1 17147.8085938 0. 6.04054271942e-22 0.
1539962751 1 17105.8105469 0. 6.03423235555e-22 0.
1539962811 1 17088.8691406 0. 6.03659014002e-22 0.
1539962871 1 17068.0273438 0. 6.03789317691e-22 0.
1539962911 1 17068.4941406 0. 6.04318186023e-22 0.
1539962950 1 17042.5546875 0. 6.04046577272e-22 0.
1539963010 1 17024.5644531 0. 6.04315982374e-22 0.
1539963070 1 16995.1796875 0. 6.04205807187e-22 0.
1539963130 1 16959.1914062 0. 6.03819418806e-22 0.
1539963190 1 16922.2070312 0. 6.03459497396e-22 0.
1539963251 1 16887.375 0. 6.03206624998e-22 0.
1539963311 1 16843.6640625 0. 6.02634732535e-22 0.
1539963371 1 16777.5976562 0. 6.0128302881e-22 0.
1539963431 1 16267.0996094 0. 5.83988405345e-22 0.
1539963491 1 15549.6435547 0. 5.59226469977e-22 0.
1539963547 1 16605.5019531 0. 5.98040396275e-22 0.
1539963603 1 16603.4453125 0. 5.98919892526e-22 0.
1539963663 1 16565.1738281 0. 5.98526448394e-22 0.
1539963723 1 16604.1269531 0. 6.00934722554e-22 0.
1539963783 1 16771.3945312 0. 6.08062105947e-22 0.
1539963843 1 16723.8867188 0. 6.07362135498e-22 0.
1539963903 1 16680.78125 0. 6.06843047763e-22 0.
1539963964 1 16622.6875 0. 6.05790579205e-22 0.
1539964024 1 16584.53125 0. 6.05441532809e-22 0.
1539964084 1 16556.875 0. 6.05460875797e-22 0.
1539964144 1 16530.1914062 0. 6.0551740971e-22 0.
1539964204 1 16483.2890625 0. 6.04830342749e-22 0.
1539964264 1 16438.7265625 0. 6.0422276478e-22 0.
1539964324 1 16400.6367188 0. 6.03818262439e-22 0.
1539964384 1 16359.7636719 0. 6.03329994778e-22 0.
1539964445 1 16353.7705078 0. 6.04135592242e-22 0.
1539964504 1 16331.6328125 0. 6.043138629e-22 0.
1539964563 1 16294.8466797 0. 6.0396951511e-22 0.
1539964623 1 16257.9042969 0. 6.03640355269e-22 0.
1539964683 1 16217.5673828 0. 6.03156154433e-22 0.
1539964739 1 16175.4482422 0. 6.02518395479e-22 0.
1539964795 1 16149.5810547 0. 6.0250149422e-22 0.
1539964855 1 16103.3642578 0. 6.01792869168e-22 0.
1539964915 1 16058.7597656 0. 6.0110718415e-22 0.
1539964951 1 16046.640625 0. 6.01165779117e-22 0.
1539964986 1 16009.1611328 0. 6.00384439076e-22 0.
1539965033 1 15977.8261719 0. 5.999645752e-22 0.
1539965079 1 15962.3857422 0. 6.00141344184e-22 0.
1539965128 1 15923.2822266 0. 5.99447515204e-22 0.
1539965176 1 15890.2060547 0. 5.99003187246e-22 0.
1539965225 1 15837.2734375 0. 5.977767113e-22 0.
1539965274 1 15797.8671875 0. 5.97130207943e-22 0.
1539965334 1 15797.7880859 0. 5.98093754586e-22 0.
1539965394 1 15762.1738281 0. 5.97709466872e-22 0.
1539965454 1 15739.0048828 0. 5.97849719647e-22 0.
1539965514 1 15739.1708984 0. 5.9880842225e-22 0.
1539965575 1 15701.828125 0. 5.98360504557e-22 0.
1539965635 1 15648.609375 0. 5.9728633404e-22 0.
1539965695 1 15578.5449219 0. 5.95568289043e-22 0.
1539965755 1 15535.9101562 0. 5.94903099967e-22 0.
1539965815 1 15500.3408203 0. 5.94487379024e-22 0.
1539965875 1 15479.125 0. 5.9465341286e-22 0.
1539965935 1 15444.4433594 0. 5.94235544657e-22 0.
1539965995 1 15401.7207031 0. 5.93527539679e-22 0.
1539966056 1 15355.8232422 0. 5.9271693389e-22 0.
1539966116 1 15321.4423828 0. 5.92338814336e-22 0.
1539966155 1 15300.8164062 0. 5.92131054263e-22 0.
1539966195 1 15324.9140625 0. 5.9371223864e-22 0.
1539966256 1 15296.6787109 0. 5.93584567594e-22 0.
1539966316 1 15248.7509766 0. 5.92721541668e-22 0.
1539966376 1 15205.375 0. 5.91999064985e-22 0.
1539966436 1 15207.7216797 0. 5.93016788226e-22 0.
1539966496 1 15164.5009766 0. 5.92316748962e-22 0.
1539966556 1 14806.90625 0. 5.79247438512e-22 0.
1539966616 1 14271.6474609 0. 5.59336985461e-22 0.
1539966676 1 15216.1708984 0. 5.9712653133e-22 0.
1539966737 1 15503.9189453 0. 6.09382614651e-22 0.
1539966797 1 15478.1855469 0. 6.09355382923e-22 0.
1539966857 1 15444.0537109 0. 6.08970402347e-22 0.
1539966917 1 15424.5683594 0. 6.09176927767e-22 0.
1539966977 1 15385.5478516 0. 6.08581146136e-22 0.
1539967037 1 15365.2363281 0. 6.08707447181e-22 0.
1539967098 1 15391.9472656 0. 6.10731104088e-22 0.
1539967158 1 15361.3232422 0. 6.10493666016e-22 0.
1539967218 1 15324.5390625 0. 6.100025574e-22 0.
1539967278 1 15276.9541016 0. 6.0904473397e-22 0.
1539967338 1 15257.5888672 0. 6.09238603645e-22 0.
1539967398 1 15227.9365234 0. 6.09023323182e-22 0.
1539967458 1 15192.5419922 0. 6.08533128705e-22 0.
1539967518 1 15172.8535156 0. 6.0869019046e-22 0.
1539967579 1 15140.2128906 0. 6.08389880278e-22 0.
1539967639 1 15112.4589844 0. 6.0822586273e-22 0.
1539967699 1 15076.9804688 0. 6.07761453953e-22 0.
1539967759 1 15050.7041016 0. 6.07655620188e-22 0.
1539967819 1 15014.4345703 0. 6.07158058722e-22 0.
1539967879 1 14990.7578125 0. 6.07115696808e-22 0.
1539967939 1 14955.1210938 0. 6.0661097769e-22 0.
1539967999 1 14968.4208984 0. 6.08120022195e-22 0.
1539968060 1 14946.3105469 0. 6.08193448284e-22 0.
1539968120 1 14923.4345703 0. 6.08231817843e-22 0.
1539968180 1 14899.7666016 0. 6.0820960124e-22 0.
1539968215 1 14890.4960938 0. 6.08345118726e-22 0.
1539968250 1 14868.8964844 0. 6.08077651981e-22 0.
1539968311 1 14832.3652344 0. 6.07519899053e-22 0.
1539968371 1 14802.4169922 0. 6.07228037909e-22 0.
1539968431 1 14783.2167969 0. 6.07375207677e-22 0.
1539968491 1 14753.4199219 0. 6.07113446113e-22 0.
1539968551 1 14716.2294922 0. 6.06516171594e-22 0.
1539968611 1 14689.4287109 0. 6.06397679126e-22 0.
1539968671 1 14649.6943359 0. 6.05686959343e-22 0.
1539968731 1 14644.9140625 0. 6.06415924168e-22 0.
1539968792 1 14613.1445312 0. 6.06042020613e-22 0.
1539968852 1 14597.265625 0. 6.06329726191e-22 0.
1539968912 1 14611.4443359 0. 6.07869980141e-22 0.
1539968972 1 14595.8867188 0. 6.08161830871e-22 0.
1539969032 1 14563.4853516 0. 6.07780586002e-22 0.
1539969092 1 14525.0693359 0. 6.07096314386e-22 0.
1539969152 1 14490.8300781 0. 6.06630937859e-22 0.
1539969213 1 14457.4863281 0. 6.06200249032e-22 0.
1539969273 1 14432.8125 0. 6.06071387173e-22 0.
1539969333 1 14422.0712891 0. 6.06565635981e-22 0.
1539969388 1 14395.9658203 0. 6.06323633184e-22 0.
1539969443 1 14374.65625 0. 6.06285181071e-22 0.
1539969503 1 14346.9326172 0. 6.06030292786e-22 0.
1539969553 1 14325.6494141 0. 6.05881315926e-22 0.
1539969603 1 14306.1767578 0. 6.05839876666e-22 0.
1539969663 1 14276.0009766 0. 6.05499677474e-22 0.
1539969723 1 14251.6679688 0. 6.05394370363e-22 0.
1539969783 1 14244.4619141 0. 6.06027657562e-22 0.
1539969843 1 14240.0195312 0. 6.06759954218e-22 0.
1539969903 1 14215.6669922 0. 6.06665562923e-22 0.
1539969963 1 14189.7568359 0. 6.06495400384e-22 0.
1539970023 1 14165.4873047 0. 6.06401271008e-22 0.
1539970084 1 14132.7070312 0. 6.05942427227e-22 0.
1539970143 1 14111.5478516 0. 6.0595475325e-22 0.
1539970203 1 14091.0136719 0. 6.06001038585e-22 0.
1539970263 1 14065.8076172 0. 6.0583542226e-22 0.
1539970323 1 14042.3378906 0. 6.05751956533e-22 0.
1539970383 1 14030.8701172 0. 6.06156960826e-22 0.
1539970443 1 14001.8349609 0. 6.05857776416e-22 0.
1539970504 1 13971.9755859 0. 6.05499869488e-22 0.
1539970564 1 13952.8603516 0. 6.05619337566e-22 0.
1539970624 1 13751.5400391 0. 5.97776732899e-22 0.
1539970684 1 13202.5957031 0. 5.74840969957e-22 0.
1539970744 1 13685.2412109 0. 5.96725476143e-22 0.
1539970804 1 13902.8671875 0. 6.0713074156e-22 0.
1539970864 1 13914.5068359 0. 6.08574172008e-22 0.
1539970914 1 13904.7802734 0. 6.08908395646e-22 0.
1539970963 1 13881.8808594 0. 6.08687488269e-22 0.
1539970998 1 13868.3242188 0. 6.08619590279e-22 0.
1539971034 1 13862.5283203 0. 6.08968535839e-22 0.
1539971094 1 13881.2861328 0. 6.10702899602e-22 0.
1539971154 1 13847.96875 0. 6.10161204177e-22 0.
1539971214 1 13827.8662109 0. 6.10249225515e-22 0.
1539971274 1 13798.0322266 0. 6.09897462114e-22 0.
1539971334 1 13765.4365234 0. 6.09376267381e-22 0.
1539971394 1 13746.2763672 0. 6.09485820337e-22 0.
1539971432 1 13729.1494141 0. 6.09281102668e-22 0.
1539971470 1 13712.6396484 0. 6.0916814766e-22 0.
1539971530 1 13689.3847656 0. 6.09073100798e-22 0.
1539971590 1 13667.9121094 0. 6.09052612101e-22 0.
1539971650 1 13645.0253906 0. 6.08951313956e-22 0.
1539971710 1 13654.8144531 0. 6.10337281298e-22 0.
1539971770 1 13641.9707031 0. 6.10705226357e-22 0.
1539971830 1 13612.6015625 0. 6.10341947042e-22 0.
1539971891 1 13586.1904297 0. 6.10089766115e-22 0.
1539971951 1 13558.9619141 0. 6.09825217934e-22 0.
1539972011 1 13539.8203125 0. 6.09926153544e-22 0.
1539972071 1 13506.9423828 0. 6.09350591512e-22 0.
1539972131 1 13480.8662109 0. 6.09091947083e-22 0.
1539972191 1 13467.7929688 0. 6.09445803582e-22 0.
1539972227 1 13454.9316406 0. 6.09402295329e-22 0.
1539972264 1 13446.3896484 0. 6.09605498785e-22 0.
1539972324 1 13417.1992188 0. 6.09226608518e-22 0.
1539972384 1 13392.8417969 0. 6.09044184477e-22 0.
1539972444 1 13368.0341797 0. 6.0887188867e-22 0.
1539972505 1 13344.7451172 0. 6.08721991461e-22 0.
1539972565 1 13318.2197266 0. 6.08458692816e-22 0.
1539972625 1 13285.8417969 0. 6.07908589698e-22 0.
1539972685 1 13268.0097656 0. 6.08012417746e-22 0.
1539972745 1 13262.4199219 0. 6.08654590101e-22 0.
1539972805 1 13274.3310547 0. 6.10136359039e-22 0.
1539972865 1 13236.0078125 0. 6.09332741708e-22 0.
1539972926 1 13211.171875 0. 6.09127483485e-22 0.
1539972986 1 13206.5263672 0. 6.09832014644e-22 0.
1539973029 1 13190.2382812 0. 6.09692058055e-22 0.
1539973071 1 13176.1835938 0. 6.0975365494e-22 0.
1539973131 1 13153.9755859 0. 6.09675345232e-22 0.
1539973192 1 13122.4726562 0. 6.09145572907e-22 0.
1539973252 1 13093.8017578 0. 6.08726673601e-22 0.
1539973312 1 13066.2509766 0. 6.08358473993e-22 0.
1539973372 1 13044.1699219 0. 6.08240662213e-22 0.
1539973432 1 13013.5957031 0. 6.07716933281e-22 0.
1539973493 1 12994.6669922 0. 6.07742775223e-22 0.
1539973553 1 12966.5478516 0. 6.07329332097e-22 0.
1539973606 1 12942.0458984 0. 6.06972306048e-22 0.
1539973659 1 12912.4804688 0. 6.06407709534e-22 0.
1539973719 1 12901.6230469 0. 6.0679053061e-22 0.
1539973779 1 12943.0429688 0. 6.097092292e-22 0.
1539973839 1 12905.1005859 0. 6.08852535798e-22 0.
1539973900 1 12876.7226562 0. 6.08413269225e-22 0.
1539973960 1 12851.0664062 0. 6.08138444635e-22 0.
1539974020 1 12822.6240234 0. 6.07716517122e-22 0.
1539974080 1 12799.6240234 0. 6.07532350456e-22 0.
1539974140 1 12782.6396484 0. 6.07639423196e-22 0.
1539974200 1 12755.2695312 0. 6.07253728878e-22 0.
1539974260 1 12733.1953125 0. 6.07094676154e-22 0.
1539974321 1 12713.3027344 0. 6.07084157443e-22 0.
1539974381 1 12696.3232422 0. 6.07180240726e-22 0.
1539974441 1 12657.2695312 0. 6.06225136851e-22 0.
1539974501 1 12654.0839844 0. 6.06975716941e-22 0.
1539974561 1 12644.1894531 0. 6.07404640783e-22 0.
1539974621 1 12631.890625 0. 6.07736293868e-22 0.
1539974681 1 12607.5546875 0. 6.07461146624e-22 0.
1539974741 1 12585.5332031 0. 6.07312344248e-22 0.
1539974802 1 12597.7431641 0. 6.08821643781e-22 0.
1539974862 1 12588.6425781 0. 6.0930845653e-22 0.
1539974922 1 12563.0537109 0. 6.08969487162e-22 0.
1539974982 1 12546.5595703 0. 6.09060522744e-22 0.
1539975042 1 12524.7519531 0. 6.08929009297e-22 0.
1539975102 1 12507.5224609 0. 6.08983294913e-22 0.
1539975163 1 12478.1640625 0. 6.08480413943e-22 0.
1539975215 1 12465.6201172 0. 6.08617754931e-22 0.
1539975268 1 12446.4541016 0. 6.08492181804e-22 0.
1539975328 1 12419.0615234 0. 6.08029721132e-22 0.
1539975388 1 12409.7900391 0. 6.08507640838e-22 0.
1539975448 1 12400.2910156 0. 6.08963655384e-22 0.
1539975484 1 12393.8535156 0. 6.09130743494e-22 0.
1539975519 1 12377.1962891 0. 6.08882515294e-22 0.
1539975579 1 12348.5517578 0. 6.08348971535e-22 0.
1539975639 1 12199.6875 0. 6.01916337668e-22 0.
1539975699 1 11964.0644531 0. 5.91212746112e-22 0.
1539975759 1 11813.0332031 0. 5.84609604177e-22 0.
1539975819 1 12241.796875 0. 6.06685948455e-22 0.
1539975872 1 12274.3964844 0. 6.09088929889e-22 0.
1539975924 1 12256.7539062 0. 6.08996488235e-22 0.
1539975985 1 12231.8154297 0. 6.08693609111e-22 0.
1539976045 1 12260.4033203 0. 6.11002353373e-22 0.
1539976105 1 12234.9765625 0. 6.10691235649e-22 0.
1539976165 1 12209.7880859 0. 6.10395422669e-22 0.
1539976225 1 12188.6015625 0. 6.1028184085e-22 0.
1539976286 1 12168.2070312 0. 6.10160759934e-22 0.
1539976346 1 12151.4746094 0. 6.10261702266e-22 0.
1539976406 1 12125.8251953 0. 6.09935130815e-22 0.
1539976466 1 12103.7773438 0. 6.09747919585e-22 0.
1539976527 1 12083.1601562 0. 6.09607439921e-22 0.
1539976587 1 12059.3642578 0. 6.09308147513e-22 0.
1539976647 1 12041.4658203 0. 6.09316582716e-22 0.
1539976707 1 12026.0029297 0. 6.0944127634e-22 0.
1539976767 1 12005.2001953 0. 6.09311750648e-22 0.
1539976827 1 11983.9892578 0. 6.0916392519e-22 0.
1539976887 1 11991.9785156 0. 6.10482972474e-22 0.
1539976947 1 11984.8935547 0. 6.11062914695e-22 0.
1539977008 1 11961.9189453 0. 6.10834664338e-22 0.
1539977065 1 11937.2353516 0. 6.10454303584e-22 0.
1539977123 1 11920.7460938 0. 6.10525951835e-22 0.
1539977184 1 11893.6484375 0. 6.10099486237e-22 0.
1539977244 1 11870.4033203 0. 6.09847743676e-22 0.
1539977304 1 11849.9130859 0. 6.09693865344e-22 0.
1539977364 1 11827.3984375 0. 6.09468112563e-22 0.
1539977424 1 11799.2275391 0. 6.08920090364e-22 0.
1539977484 1 11781.5761719 0. 6.0889497967e-22 0.
1539977545 1 11759.1699219 0. 6.08656003289e-22 0.
1539977605 1 11737.2255859 0. 6.08430857093e-22 0.
1539977665 1 11716.3857422 0. 6.08283044884e-22 0.
1539977725 1 11705.8359375 0. 6.08631484285e-22 0.
1539977785 1 11680.7636719 0. 6.08249540313e-22 0.
1539977845 1 11647.0830078 0. 6.07420905382e-22 0.
1539977905 1 11638.8046875 0. 6.07888592993e-22 0.
1539977966 1 11632.5400391 0. 6.08466158037e-22 0.
1539978026 1 11657.3457031 0. 6.10685308979e-22 0.
1539978086 1 11627.3271484 0. 6.09997851125e-22 0.
1539978146 1 11606.7158203 0. 6.0982116267e-22 0.
1539978206 1 11580.4755859 0. 6.09372330777e-22 0.
1539978252 1 11558.5507812 0. 6.08920321181e-22 0.
1539978298 1 11544.8349609 0. 6.08933442886e-22 0.
1539978358 1 11527.8105469 0. 6.08948127087e-22 0.
1539978418 1 11502.3847656 0. 6.08511037383e-22 0.
1539978478 1 11483.4121094 0. 6.08423706227e-22 0.
1539978538 1 11459.8398438 0. 6.08081797078e-22 0.
1539978599 1 11441.6044922 0. 6.08036010012e-22 0.
1539978659 1 11416.7773438 0. 6.07626981952e-22 0.
1539978719 1 11393.6171875 0. 6.07342307549e-22 0.
1539978779 1 11375.5214844 0. 6.07313055224e-22 0.
1539978821 1 11356.3925781 0. 6.06872117643e-22 0.
1539978848 1 11348.6757812 0. 6.06891864279e-22 0.
1539978893 1 11339.5234375 0. 6.07103491861e-22 0.
1539978944 1 11322.5371094 0. 6.06940097139e-22 0.
1539978995 1 11304.3935547 0. 6.06728426656e-22 0.
1539979055 1 11324.0947266 0. 6.0870338224e-22 0.
1539979115 1 11301.7421875 0. 6.08412484858e-22 0.
1539979176 1 11277.8222656 0. 6.08059557312e-22 0.
1539979236 1 11242.2304688 0. 6.07080470417e-22 0.
1539979296 1 11237.6689453 0. 6.07727492648e-22 0.
1539979356 1 11221.7919922 0. 6.07804056549e-22 0.
1539979416 1 11208.4238281 0. 6.07984469634e-22 0.
1539979476 1 11193.0341797 0. 6.08055496614e-22 0.
1539979536 1 11173.65625 0. 6.07901597385e-22 0.
1539979596 1 11146.4609375 0. 6.07339914328e-22 0.
1539979657 1 11127.6943359 0. 6.07202495179e-22 0.
1539979717 1 11106.0664062 0. 6.06910187369e-22 0.
1539979777 1 11098.8925781 0. 6.074496555e-22 0.
1539979837 1 11075.2382812 0. 6.07044264314e-22 0.
1539979897 1 11071.3710938 0. 6.07766222617e-22 0.
1539979957 1 11048.3847656 0. 6.07409150212e-22 0.
1539980018 1 11023.9746094 0. 6.06947558227e-22 0.
1539980064 1 11007.2851562 0. 6.06701339547e-22 0.
1539980111 1 10952.1376953 0. 6.04374032682e-22 0.
1539980171 1 10972.3847656 0. 6.0641310417e-22 0.
1539980231 1 10972.2246094 0. 6.07309683808e-22 0.
1539980291 1 10957.3066406 0. 6.07438634137e-22 0.
1539980351 1 10937.9160156 0. 6.07250434847e-22 0.
1539980412 1 10937.2392578 0. 6.08138989133e-22 0.
1539980472 1 10911.2949219 0. 6.07588147907e-22 0.
1539980532 1 10882.9414062 0. 6.06922479784e-22 0.
1539980592 1 10860.3505859 0. 6.06567993024e-22 0.
1539980652 1 10845.6347656 0. 6.06635115379e-22 0.
1539980712 1 10829.7851562 0. 6.06668236889e-22 0.
1539980763 1 10814.7519531 0. 6.06551644708e-22 0.
1539980813 1 10795.8408203 0. 6.06245000214e-22 0.
1539980873 1 10775.296875 0. 6.05983557195e-22 0.
1539980933 1 10757.5263672 0. 6.05892147094e-22 0.
1539980993 1 10755.1806641 0. 6.06639973168e-22 0.
1539981053 1 10741.2832031 0. 6.06711616212e-22 0.
1539981113 1 10725.515625 0. 6.0670355533e-22 0.
1539981174 1 10700.7197266 0. 6.06215792743e-22 0.
1539981234 1 10679.2626953 0. 6.05887347673e-22 0.
1539981294 1 10702.7333984 0. 6.08131876386e-22 0.
1539981354 1 10674.9902344 0. 6.07453986854e-22 0.
1539981414 1 10639.3496094 0. 6.06336414006e-22 0.
1539981474 1 10627.1689453 0. 6.06532470102e-22 0.
1539981534 1 10614.3720703 0. 6.0664762745e-22 0.
1539981595 1 10593.4609375 0. 6.06315327069e-22 0.
1539981655 1 10567.6689453 0. 6.0573109071e-22 0.
1539981715 1 10549.3710938 0. 6.05598131223e-22 0.
1539981753 1 10536.8085938 0. 6.05378361533e-22 0.
1539981791 1 10519.0292969 0. 6.04976691643e-22 0.
1539981852 1 10500.6220703 0. 6.04825202693e-22 0.
1539981912 1 10479.5693359 0. 6.04510317002e-22 0.
1539981972 1 10459.53125 0. 6.04235082187e-22 0.
1539982032 1 10448.0888672 0. 6.04453966936e-22 0.
1539982092 1 10433.3447266 0. 6.04477657083e-22 0.
1539982152 1 10405.0 0. 6.03676589399e-22 0.
1539982213 1 10381.3066406 0. 6.03181345578e-22 0.
1539982273 1 10359.125 0. 6.02776379123e-22 0.
1539982333 1 10341.8554688 0. 6.02627383386e-22 0.
1539982393 1 10322.7070312 0. 6.02423662656e-22 0.
1539982453 1 10302.2011719 0. 6.02104681404e-22 0.
1539982513 1 10320.8691406 0. 6.04111433633e-22 0.
1539982573 1 10290.8339844 0. 6.03281020963e-22 0.
1539982634 1 10281.6738281 0. 6.03622976953e-22 0.
1539982694 1 10257.3603516 0. 6.03060208046e-22 0.
1539982754 1 10245.6845703 0. 6.03282089836e-22 0.
1539982814 1 10226.3945312 0. 6.03021801189e-22 0.
1539982874 1 10208.8691406 0. 6.02867161552e-22 0.
1539982934 1 10181.5175781 0. 6.02144087929e-22 0.
1539982994 1 10155.8457031 0. 6.0149614609e-22 0.
1539983054 1 10140.9824219 0. 6.0151195219e-22 0.
1539983115 1 10127.5361328 0. 6.01630638248e-22 0.
1539983175 1 10109.0537109 0. 6.01436651777e-22 0.
1539983220 1 10096.1572266 0. 6.01308653982e-22 0.
1539983264 1 10090.5664062 0. 6.01670770563e-22 0.
1539983325 1 10076.0195312 0. 6.01727039809e-22 0.
1539983385 1 10053.8046875 0. 6.0128604435e-22 0.
1539983445 1 10033.2802734 0. 6.0093290329e-22 0.
1539983505 1 10014.7832031 0. 6.00703549209e-22 0.
1539983565 1 10003.0732422 0. 6.00881247143e-22 0.
1539983626 1 10006.0126953 0. 6.01948097536e-22 0.
1539983686 1 9989.44238281 0. 6.01893367914e-22 0.
1539983746 1 9979.36230469 0. 6.02155998423e-22 0.
1539983806 1 9965.48730469 0. 6.02212176265e-22 0.
1539983866 1 9943.99511719 0. 6.01778185167e-22 0.
1539983926 1 9929.04296875 0. 6.01779799918e-22 0.
1539983986 1 9850.89550781 0. 5.97949433848e-22 0.
1539984047 1 9714.48730469 0. 5.90497396307e-22 0.
1539984107 1 9002.1015625 0. 5.47985460111e-22 0.
1539984167 1 10029.2333984 0. 6.11357853688e-22 0.
1539984227 1 10065.7861328 0. 6.14501095762e-22 0.
1539984287 1 10051.6376953 0. 6.14566163674e-22 0.
1539984347 1 10035.1201172 0. 6.1445785699e-22 0.
1539984408 1 10016.953125 0. 6.14233348909e-22 0.
1539984464 1 10000.3173828 0. 6.14085292677e-22 0.
1539984520 1 9977.85058594 0. 6.1353367231e-22 0.
1539984580 1 9962.77050781 0. 6.13474249787e-22 0.
1539984640 1 9948.12890625 0. 6.13411990209e-22 0.
1539984700 1 9932.07226562 0. 6.13304601932e-22 0.
1539984760 1 9917.34765625 0. 6.13265034479e-22 0.
1539984821 1 9920.68554688 0. 6.14351212521e-22 0.
1539984881 1 9921.87792969 0. 6.15337469563e-22 0.
1539984941 1 9904.09863281 0. 6.15160997873e-22 0.
1539985001 1 9887.12207031 0. 6.15025515257e-22 0.
1539985061 1 9869.66796875 0. 6.14801121039e-22 0.
1539985121 1 9853.66210938 0. 6.14727959998e-22 0.
1539985181 1 9834.88964844 0. 6.14458698502e-22 0.
1539985241 1 9818.17089844 0. 6.14307252167e-22 0.
1539985302 1 9802.80273438 0. 6.14230327556e-22 0.
1539985362 1 9785.42871094 0. 6.13984219474e-22 0.
1539985422 1 9746.41308594 0. 6.12483134326e-22 0.
1539985482 1 9738.60449219 0. 6.12880068967e-22 0.
1539985542 1 9720.77539062 0. 6.12649678187e-22 0.
1539985603 1 9702.84570312 0. 6.12402033075e-22 0.
1539985663 1 9683.4921875 0. 6.12050061752e-22 0.
1539985723 1 9670.3203125 0. 6.12105296047e-22 0.
1539985783 1 9655.41015625 0. 6.12022536149e-22 0.
1539985843 1 9644.02734375 0. 6.12190324206e-22 0.
1539985880 1 9629.4921875 0. 6.11728601251e-22 0.
1539985916 1 9625.31835938 0. 6.12083615719e-22 0.
1539985976 1 9607.64746094 0. 6.11831118794e-22 0.
1539986036 1 9601.55664062 0. 6.1231137534e-22 0.
1539986096 1 9608.27539062 0. 6.13642971382e-22 0.
1539986157 1 9594.29980469 0. 6.13620012652e-22 0.
1539986217 1 9575.01464844 0. 6.13276558993e-22 0.
1539986277 1 9553.65332031 0. 6.1281221e-22 0.
1539986337 1 9550.19238281 0. 6.13470590988e-22 0.
1539986397 1 9528.58984375 0. 6.13039882931e-22 0.
1539986457 1 9514.07910156 0. 6.12989379375e-22 0.
1539986517 1 9496.29394531 0. 6.12707873659e-22 0.
1539986577 1 9480.93652344 0. 6.12592028771e-22 0.
1539986638 1 9464.09472656 0. 6.12388318956e-22 0.
1539986698 1 9447.890625 0. 6.12213809196e-22 0.
1539986758 1 9433.98535156 0. 6.12180858855e-22 0.
1539986818 1 9416.59179688 0. 6.11955238501e-22 0.
1539986878 1 9401.62402344 0. 6.11848358361e-22 0.
1539986938 1 9389.49902344 0. 6.11966214938e-22 0.
1539986998 1 9371.70996094 0. 6.11706367329e-22 0.
1539987058 1 9352.18359375 0. 6.11282400097e-22 0.
1539987119 1 9339.58105469 0. 6.1134374128e-22 0.
1539987179 1 9325.93847656 0. 6.11370617024e-22 0.
1539987239 1 9316.53710938 0. 6.1162086713e-22 0.
1539987299 1 9331.91308594 0. 6.13526193491e-22 0.
1539987359 1 9316.7890625 0. 6.13427352452e-22 0.
1539987419 1 9300.39746094 0. 6.13265493106e-22 0.
1539987480 1 9284.66503906 0. 6.13128293012e-22 0.
1539987540 1 9269.87597656 0. 6.13046712383e-22 0.
1539987600 1 9251.9765625 0. 6.12765673819e-22 0.
1539987660 1 9238.73925781 0. 6.12783386552e-22 0.
1539987720 1 9222.60058594 0. 6.12603000996e-22 0.
1539987780 1 9205.85546875 0. 6.12365497085e-22 0.
1539987840 1 9191.11425781 0. 6.12243292443e-22 0.
1539987901 1 9174.70605469 0. 6.12041402205e-22 0.
1539987961 1 9164.00097656 0. 6.122050005e-22 0.
1539988004 1 9150.64355469 0. 6.11913252454e-22 0.
1539988047 1 9143.11230469 0. 6.12052304753e-22 0.
1539988107 1 9132.54394531 0. 6.12264008615e-22 0.
1539988167 1 9120.33886719 0. 6.12325653861e-22 0.
1539988228 1 9098.70898438 0. 6.11743981892e-22 0.
1539988288 1 9083.29101562 0. 6.11536410808e-22 0.
1539988348 1 9072.84667969 0. 6.11698383729e-22 0.
1539988408 1 9056.70898438 0. 6.1148890199e-22 0.
1539988468 1 9044.30664062 0. 6.11500114341e-22 0.
1539988528 1 9058.60644531 0. 6.1337206818e-22 0.
1539988588 1 9043.09960938 0. 6.13241617783e-22 0.
1539988649 1 9025.11425781 0. 6.12893684598e-22 0.
1539988709 1 9012.03515625 0. 6.12875717173e-22 0.
1539988769 1 8994.01855469 0. 6.12539823196e-22 0.
1539988829 1 8978.99023438 0. 6.12364467868e-22 0.
1539988889 1 8964.45703125 0. 6.12274452618e-22 0.
1539988949 1 8958.43164062 0. 6.1276465046e-22 0.
1539989009 1 8946.15332031 0. 6.12812559906e-22 0.
1539989069 1 8930.3046875 0. 6.12612593883e-22 0.
1539989130 1 8911.84570312 0. 6.12244776485e-22 0.
1539989190 1 8898.45410156 0. 6.12173682746e-22 0.
1539989250 1 8886.69824219 0. 6.12241728445e-22 0.
1539989310 1 8869.49902344 0. 6.11901063474e-22 0.
1539989370 1 8853.46289062 0. 6.11663881784e-22 0.
1539989430 1 8844.00683594 0. 6.11863855293e-22 0.
1539989490 1 8834.93554688 0. 6.1208112526e-22 0.
1539989551 1 8823.89648438 0. 6.1219180126e-22 0.
1539989611 1 8810.53222656 0. 6.12137382257e-22 0.
1539989671 1 8797.19921875 0. 6.12071917502e-22 0.
1539989731 1 8780.18164062 0. 6.11770977119e-22 0.
1539989791 1 8781.78710938 0. 6.12727840538e-22 0.
1539989851 1 8784.24609375 0. 6.13775080911e-22 0.
1539989911 1 8769.71289062 0. 6.13658289922e-22 0.
1539989971 1 8755.61425781 0. 6.13510125467e-22 0.
1539990032 1 8740.99316406 0. 6.13371018633e-22 0.
1539990092 1 8730.0078125 0. 6.13499423082e-22 0.
1539990152 1 8714.39355469 0. 6.13253230885e-22 0.
1539990212 1 8709.13085938 0. 6.13723467858e-22 0.
1539990272 1 8694.69433594 0. 6.13569873828e-22 0.
1539990315 1 8684.83398438 0. 6.13437133682e-22 0.
1539990357 1 8674.95117188 0. 6.13400718543e-22 0.
1539990417 1 8665.22558594 0. 6.13573396445e-22 0.
1539990478 1 8656.0703125 0. 6.13779243138e-22 0.
1539990538 1 8639.81542969 0. 6.13479366121e-22 0.
1539990598 1 8625.79980469 0. 6.13367874825e-22 0.
1539990658 1 8612.25878906 0. 6.13284019053e-22 0.
1539990718 1 8597.51855469 0. 6.13111740583e-22 0.
1539990778 1 8584.56347656 0. 6.13039228307e-22 0.
1539990839 1 8574.7578125 0. 6.13193642086e-22 0.
1539990899 1 8563.33886719 0. 6.13246071067e-22 0.
1539990959 1 8551.19921875 0. 6.13226432482e-22 0.
1539991019 1 8538.11132812 0. 6.13172533775e-22 0.
1539991079 1 8524.48144531 0. 6.13067935978e-22 0.
1539991139 1 8529.23242188 0. 6.14286589108e-22 0.
1539991199 1 8529.07226562 0. 6.15169652994e-22 0.
1539991259 1 8515.65332031 0. 6.15093001194e-22 0.
1539991320 1 8503.53515625 0. 6.1508205753e-22 0.
1539991380 1 8489.54199219 0. 6.14956547524e-22 0.
1539991440 1 8501.92480469 0. 6.16729905706e-22 0.
1539991500 1 9011.09179688 0. 6.54862206912e-22 0.
1539991560 1 9095.31738281 0. 6.623143146e-22 0.
1539991620 1 8845.23828125 0. 6.453863175e-22 0.
1539991680 1 8691.25097656 0. 6.35308335432e-22 0.
1539991740 1 9044.05175781 0. 6.62366127093e-22 0.
1539991800 1 9044.921875 0. 6.63641270044e-22 0.
1539991861 1 9031.16601562 0. 6.63881455942e-22 0.
1539991921 1 9008.63867188 0. 6.63429035049e-22 0.
1539991981 1 8990.85449219 0. 6.63336920002e-22 0.
1539992016 1 8980.12792969 0. 6.63203808603e-22 0.
1539992052 1 8969.29101562 0. 6.63154211385e-22 0.
1539992112 1 8950.20898438 0. 6.62929372843e-22 0.
1539992172 1 8931.84277344 0. 6.62779164227e-22 0.
1539992232 1 8917.38378906 0. 6.62871901919e-22 0.
1539992292 1 8901.36328125 0. 6.62918881642e-22 0.
1539992352 1 8884.25585938 0. 6.62829761963e-22 0.
1539992412 1 8868.68261719 0. 6.6282384525e-22 0.
1539992473 1 8850.28222656 0. 6.6265562075e-22 0.
1539992533 1 8835.37011719 0. 6.62713802044e-22 0.
1539992593 1 8817.79101562 0. 6.62587334544e-22 0.
1539992653 1 8803.87011719 0. 6.62747451445e-22 0.
1539992713 1 8773.00390625 0. 6.61582805e-22 0.
1539992773 1 8760.26757812 0. 6.61777575354e-22 0.
1539992833 1 8744.01171875 0. 6.61720841915e-22 0.
1539992894 1 8727.93847656 0. 6.61673983391e-22 0.
1539992954 1 8712.72363281 0. 6.61704135607e-22 0.
1539993014 1 8692.83398438 0. 6.61370412111e-22 0.
1539993074 1 8677.72363281 0. 6.61418055349e-22 0.
1539993110 1 8670.62304688 0. 6.61514323896e-22 0.
1539993146 1 8660.52050781 0. 6.6151480356e-22 0.
1539993206 1 8646.49414062 0. 6.61577115263e-22 0.
1539993266 1 8628.77832031 0. 6.61367024241e-22 0.
1539993327 1 8614.26171875 0. 6.61413122384e-22 0.
1539993387 1 8596.41210938 0. 6.61164117123e-22 0.
1539993422 1 8587.24707031 0. 6.61114804059e-22 0.
1539993457 1 8578.95019531 0. 6.61221670545e-22 0.
1539993517 1 8562.66210938 0. 6.61094952032e-22 0.
1539993577 1 8541.62792969 0. 6.60603933878e-22 0.
1539993638 1 8527.52441406 0. 6.60672160092e-22 0.
1539993685 1 8520.06054688 0. 6.60992670157e-22 0.
1539993733 1 8504.35351562 0. 6.60719659491e-22 0.
1539993793 1 8487.33105469 0. 6.60560871701e-22 0.
1539993853 1 8471.84472656 0. 6.60510771252e-22 0.
1539993913 1 8461.31640625 0. 6.60831952894e-22 0.
1539993973 1 8444.76953125 0. 6.60660391766e-22 0.
1539994033 1 8424.88476562 0. 6.60233455735e-22 0.
1539994093 1 8413.97167969 0. 6.60508719025e-22 0.
1539994154 1 8397.51953125 0. 6.60339088006e-22 0.
1539994214 1 8382.83691406 0. 6.60336692065e-22 0.
1539994274 1 8363.7109375 0. 6.59971058612e-22 0.
1539994334 1 8341.12792969 0. 6.59315693022e-22 0.
1539994394 1 8322.79003906 0. 6.59015881235e-22 0.
1539994454 1 8314.2421875 0. 6.59497129361e-22 0.
1539994514 1 8296.77246094 0. 6.5923736598e-22 0.
1539994575 1 8282.88378906 0. 6.59278654741e-22 0.
1539994635 1 8265.92285156 0. 6.59059007951e-22 0.
1539994695 1 8250.77148438 0. 6.58968596572e-22 0.
1539994755 1 8240.44921875 0. 6.59274577405e-22 0.
1539994815 1 8225.54785156 0. 6.59215453735e-22 0.
1539994875 1 8211.25976562 0. 6.59233445431e-22 0.
1539994916 1 8199.67773438 0. 6.59008909105e-22 0.
1539994956 1 8189.21582031 0. 6.58999420636e-22 0.
1539995017 1 8171.89794922 0. 6.58764381421e-22 0.
1539995077 1 8158.265625 0. 6.58784050573e-22 0.
1539995137 1 8136.3046875 0. 6.58147912391e-22 0.
1539995197 1 8120.55664062 0. 6.58019473431e-22 0.
1539995257 1 8104.27587891 0. 6.57830836444e-22 0.
1539995317 1 8092.41503906 0. 6.57961521749e-22 0.
1539995377 1 8075.65673828 0. 6.57721672375e-22 0.
1539995438 1 8069.36425781 0. 6.58269941965e-22 0.
1539995498 1 8055.29248047 0. 6.58218124005e-22 0.
1539995558 1 8039.34277344 0. 6.58041317602e-22 0.
1539995618 1 8021.45703125 0. 6.57676015533e-22 0.
1539995678 1 8002.19970703 0. 6.57208372493e-22 0.
1539995738 1 7984.2578125 0. 6.56863831481e-22 0.
1539995798 1 7971.12744141 0. 6.56906852112e-22 0.
1539995858 1 7958.34619141 0. 6.56936290677e-22 0.
1539995896 1 7948.88671875 0. 6.56794663205e-22 0.
1539995934 1 7941.30175781 0. 6.5690659767e-22 0.
1539995995 1 7923.44384766 0. 6.56478032063e-22 0.
1539996055 1 7910.25830078 0. 6.56417853455e-22 0.
1539996115 1 7898.51464844 0. 6.56500284107e-22 0.
1539996175 1 7882.22509766 0. 6.562026738e-22 0.
1539996235 1 7871.46337891 0. 6.56373308551e-22 0.
1539996295 1 7853.70361328 0. 6.55975591469e-22 0.
1539996356 1 7839.5390625 0. 6.55840525643e-22 0.
1539996416 1 7824.28076172 0. 6.55646333393e-22 0.
1539996476 1 7808.44140625 0. 6.55413059277e-22 0.
1539996536 1 7796.25390625 0. 6.55481943629e-22 0.
1539996596 1 7780.28857422 0. 6.55249656937e-22 0.
1539996656 1 7756.4921875 0. 6.54328020322e-22 0.
1539996716 1 7752.80273438 0. 6.55054112625e-22 0.
1539996777 1 7734.43554688 0. 6.54589272625e-22 0.
1539996837 1 7722.86767578 0. 6.54681773294e-22 0.
1539996897 1 7708.41064453 0. 6.54554433258e-22 0.
1539996932 1 7696.5859375 0. 6.54131989495e-22 0.
1539996967 1 7682.91796875 0. 6.53677422442e-22 0.
1539997028 1 7666.97119141 0. 6.53349688312e-22 0.
1539997088 1 7661.65478516 0. 6.53978587813e-22 0.
1539997148 1 7802.86523438 0. 6.67236107166e-22 0.
1539997208 1 8056.84814453 0. 6.90341786825e-22 0.
1539997268 1 7933.46875 0. 6.81136221832e-22 0.
1539997328 1 7748.79736328 0. 6.66486941598e-22 0.
1539997389 1 7874.1015625 0. 6.78694336015e-22 0.
1539997449 1 8040.65869141 0. 6.94200801813e-22 0.
1539997484 1 8033.58691406 0. 6.94343567705e-22 0.
1539997519 1 8022.40820312 0. 6.9420615235e-22 0.
1539997580 1 8009.01855469 0. 6.9435691854e-22 0.
1539997640 1 7994.54833984 0. 6.94393606113e-22 0.
1539997700 1 7976.43945312 0. 6.94129113951e-22 0.
1539997760 1 7959.08886719 0. 6.93951384213e-22 0.
1539997820 1 7944.26025391 0. 6.93999725181e-22 0.
1539997880 1 7927.92919922 0. 6.93872898832e-22 0.
1539997941 1 7910.7109375 0. 6.93674708635e-22 0.
1539998001 1 7896.79003906 0. 6.93747440627e-22 0.
1539998054 1 7886.97802734 0. 6.94014548058e-22 0.
1539998107 1 7869.16601562 0. 6.93566988524e-22 0.
1539998167 1 7854.38964844 0. 6.93523277219e-22 0.
1539998227 1 7837.30566406 0. 6.93302517939e-22 0.
1539998287 1 7825.21923828 0. 6.9350533213e-22 0.
1539998339 1 7816.21240234 0. 6.93759728512e-22 0.
1539998383 1 7804.07177734 0. 6.93614606896e-22 0.
1539998437 1 7789.20898438 0. 6.93412720616e-22 0.
1539998497 1 7774.55712891 0. 6.93341070114e-22 0.
1539998557 1 7761.15087891 0. 6.93373966539e-22 0.
1539998617 1 7744.90527344 0. 6.9313317435e-22 0.
1539998678 1 7726.72265625 0. 6.92726246359e-22 0.
1539998738 1 7712.4609375 0. 6.92703109754e-22 0.
1539998773 1 7703.89599609 0. 6.92635961714e-22 0.
1539998808 1 7691.59960938 0. 6.92266536831e-22 0.
1539998868 1 7676.71337891 0. 6.92120877131e-22 0.
1539998929 1 7664.44482422 0. 6.92195511565e-22 0.
1539998989 1 7650.36328125 0. 6.92082741074e-22 0.
1539999049 1 7634.54492188 0. 6.91874489203e-22 0.
1539999109 1 7619.94091797 0. 6.91754869017e-22 0.
1539999169 1 7607.17480469 0. 6.9180103911e-22 0.
1539999229 1 7592.77783203 0. 6.91721980478e-22 0.
1539999289 1 7579.21484375 0. 6.91743055771e-22 0.
1539999350 1 7561.72265625 0. 6.91386947735e-22 0.
1539999410 1 7549.10595703 0. 6.91435392866e-22 0.
1539999470 1 7535.82373047 0. 6.91499707392e-22 0.
1539999530 1 7519.14306641 0. 6.91215993248e-22 0.
1539999590 1 7504.09326172 0. 6.91090407311e-22 0.
1539999650 1 7491.69824219 0. 6.91190107809e-22 0.
1539999711 1 7477.73828125 0. 6.91145207223e-22 0.
1539999771 1 7461.78125 0. 6.90889138239e-22 0.
1539999831 1 7430.37988281 0. 6.89256228648e-22 0.
1539999891 1 7423.44726562 0. 6.89799082189e-22 0.
1539999951 1 7414.62988281 0. 6.90168318891e-22 0.
1540000011 1 7401.06689453 0. 6.90142612698e-22 0.
1540000072 1 7385.30419922 0. 6.89902449954e-22 0.
1540000132 1 7375.58398438 0. 6.90243473347e-22 0.
1540000192 1 7367.1171875 0. 6.90655145807e-22 0.
1540000252 1 7350.36865234 0. 6.90298745375e-22 0.
1540000312 1 7336.71337891 0. 6.90262762108e-22 0.
1540000372 1 7326.04443359 0. 6.90469338645e-22 0.
1540000432 1 7305.82958984 0. 6.89791559717e-22 0.
1540000493 1 7292.61425781 0. 6.89735468805e-22 0.
1540000553 1 7275.34082031 0. 6.89328622974e-22 0.
1540000613 1 7263.81689453 0. 6.8942679788e-22 0.
1540000673 1 7246.23095703 0. 6.88976819414e-22 0.
1540000733 1 7239.77685547 0. 6.89560798084e-22 0.
1540000770 1 7231.61035156 0. 6.89493007399e-22 0.
1540000807 1 7221.24267578 0. 6.89312792361e-22 0.
1540000867 1 7204.16455078 0. 6.88832385201e-22 0.
1540000928 1 7194.05322266 0. 6.89036521482e-22 0.
1540000988 1 7183.234375 0. 6.8922869737e-22 0.
1540001048 1 7172.15527344 0. 6.89377432503e-22 0.
1540001108 1 7158.41845703 0. 6.89222274067e-22 0.
1540001168 1 7146.21630859 0. 6.8924379444e-22 0.
1540001228 1 7132.08203125 0. 6.89032517567e-22 0.
1540001289 1 7111.22705078 0. 6.88238141922e-22 0.
1540001349 1 7099.58154297 0. 6.88285878179e-22 0.
1540001409 1 7086.13134766 0. 6.88189802245e-22 0.
1540001469 1 7074.08056641 0. 6.88221959733e-22 0.
1540001529 1 7058.99853516 0. 6.87961853844e-22 0.
1540001589 1 7041.68261719 0. 6.87458199527e-22 0.
1540001649 1 7025.67578125 0. 6.87056658599e-22 0.
1540001710 1 7024.12841797 0. 6.88016276841e-22 0.
1540001770 1 7010.01660156 0. 6.877792067e-22 0.
1540001830 1 6995.48535156 0. 6.87524068292e-22 0.
1540001890 1 6984.15478516 0. 6.87559787067e-22 0.
1540001950 1 6971.59960938 0. 6.87482675426e-22 0.
1540002010 1 6959.66162109 0. 6.87467004588e-22 0.
1540002070 1 6945.17041016 0. 6.87207440188e-22 0.
1540002130 1 6930.42138672 0. 6.86899999319e-22 0.
1540002191 1 6920.65087891 0. 6.87132209216e-22 0.
1540002251 1 6913.78857422 0. 6.87609384104e-22 0.
1540002311 1 6900.61865234 0. 6.87439905174e-22 0.
1540002371 1 6887.38574219 0. 6.87271758164e-22 0.
1540002431 1 6876.85595703 0. 6.87388363767e-22 0.
1540002491 1 6869.79345703 0. 6.87801755684e-22 0.
1540002551 1 6854.49707031 0. 6.87379772826e-22 0.
1540002612 1 6838.24072266 0. 6.86929775309e-22 0.
1540002672 1 6827.54101562 0. 6.869941744e-22 0.
1540002732 1 6816.85205078 0. 6.87086010513e-22 0.
1540002792 1 6803.95947266 0. 6.86924981733e-22 0.
1540002827 1 6796.08496094 0. 6.86756839213e-22 0.
1540002863 1 6788.42333984 0. 6.8673539799e-22 0.
1540002923 1 6779.40966797 0. 6.86944792321e-22 0.
1540002983 1 6772.64111328 0. 6.87356246911e-22 0.
1540003043 1 6760.22851562 0. 6.87238386878e-22 0.
1540003091 1 6750.13964844 0. 6.8706985372e-22 0.
1540003139 1 6739.78564453 0. 6.86942422965e-22 0.
1540003199 1 6726.71142578 0. 6.86737463826e-22 0.
1540003259 1 6719.53076172 0. 6.87105071673e-22 0.
1540003319 1 6706.89697266 0. 6.86939823275e-22 0.
1540003379 1 6697.19775391 0. 6.87073456852e-22 0.
1540003439 1 6685.97607422 0. 6.87056899365e-22 0.
1540003499 1 6677.16162109 0. 6.87283424712e-22 0.
1540003560 1 6662.08349609 0. 6.86879075685e-22 0.
1540003620 1 6657.46142578 0. 6.8747920179e-22 0.
1540003680 1 6647.06835938 0. 6.8753745173e-22 0.
1540003740 1 6631.05371094 0. 6.87007020196e-22 0.
1540003800 1 6613.29052734 0. 6.86325807857e-22 0.
1540003860 1 6595.82275391 0. 6.85624845604e-22 0.
1540003920 1 6588.53613281 0. 6.8597719684e-22 0.
1540003981 1 6585.30664062 0. 6.86764608934e-22 0.
1540004041 1 6572.07861328 0. 6.86492956743e-22 0.
1540004101 1 6556.92236328 0. 6.86039247939e-22 0.
1540004161 1 6544.79833984 0. 6.85947932164e-22 0.
1540004221 1 6537.22558594 0. 6.862350659e-22 0.
1540004281 1 6521.39160156 0. 6.85709857338e-22 0.
1540004341 1 6509.40625 0. 6.85568638738e-22 0.
1540004402 1 6498.87988281 0. 6.85528225668e-22 0.
1540004462 1 6490.02783203 0. 6.85725144085e-22 0.
1540004522 1 6480.56152344 0. 6.85793081256e-22 0.
1540004582 1 6468.97802734 0. 6.85637150442e-22 0.
1540004642 1 6457.07421875 0. 6.85481318627e-22 0.
1540004702 1 6446.74414062 0. 6.85462605138e-22 0.
1540004762 1 6428.88720703 0. 6.84663829307e-22 0.
1540004823 1 6416.64697266 0. 6.84443755359e-22 0.
1540004883 1 6400.35205078 0. 6.83804044571e-22 0.
1540004943 1 6393.4140625 0. 6.84105874501e-22 0.
1540005003 1 6383.36523438 0. 6.84151537884e-22 0.
1540005063 1 6371.74658203 0. 6.8401749992e-22 0.
1540005123 1 6361.70068359 0. 6.84075512617e-22 0.
1540005183 1 6354.57080078 0. 6.84356883063e-22 0.
1540005243 1 6317.546875 0. 6.81414062149e-22 0.
1540005304 1 6155.35546875 0. 6.64765846328e-22 0.
1540005364 1 6127.37304688 0. 6.63040851287e-22 0.
1540005424 1 6327.10791016 0. 6.8553425912e-22 0.
1540005484 1 6315.45898438 0. 6.85357322578e-22 0.
1540005544 1 6302.85009766 0. 6.85010166273e-22 0.
1540005604 1 6292.09228516 0. 6.84897084372e-22 0.
1540005665 1 6283.57763672 0. 6.85031906266e-22 0.
1540005725 1 6274.59716797 0. 6.85090028509e-22 0.
1540005761 1 6268.66210938 0. 6.85046576869e-22 0.
1540005798 1 6261.73242188 0. 6.85045880995e-22 0.
1540005858 1 6248.62548828 0. 6.84668381432e-22 0.
1540005918 1 6244.73828125 0. 6.85276766446e-22 0.
1540005978 1 6232.23339844 0. 6.8494847808e-22 0.
1540006038 1 6217.02685547 0. 6.84344763408e-22 0.
1540006098 1 6208.609375 0. 6.84492851757e-22 0.
1540006159 1 6199.17041016 0. 6.84511208386e-22 0.
1540006219 1 6188.88525391 0. 6.8448447982e-22 0.
1540006279 1 6180.72705078 0. 6.84653634399e-22 0.
1540006339 1 6169.65722656 0. 6.84471005109e-22 0.
1540006399 1 6161.13574219 0. 6.84605736317e-22 0.
1540006459 1 6151.75292969 0. 6.84647563834e-22 0.
1540006520 1 6141.72949219 0. 6.8460459103e-22 0.
1540006580 1 6131.42236328 0. 6.8450901345e-22 0.
1540006640 1 6122.609375 0. 6.84584777088e-22 0.
1540006700 1 6111.21240234 0. 6.84369850184e-22 0.
1540006760 1 6102.64746094 0. 6.84400056053e-22 0.
1540006820 1 6088.3046875 0. 6.83843673237e-22 0.
1540006880 1 6079.7421875 0. 6.83910188644e-22 0.
1540006940 1 6070.82324219 0. 6.83977152824e-22 0.
1540007001 1 6063.11914062 0. 6.84159466039e-22 0.
1540007061 1 6052.92333984 0. 6.84055511838e-22 0.
1540007121 1 6046.6875 0. 6.84374575715e-22 0.
1540007181 1 6034.51220703 0. 6.84100392032e-22 0.
1540007241 1 6023.30664062 0. 6.8388040587e-22 0.
1540007301 1 6013.36523438 0. 6.83781612151e-22 0.
1540007361 1 6007.31542969 0. 6.84133985648e-22 0.
1540007422 1 5999.11865234 0. 6.84186169974e-22 0.
1540007482 1 5983.79736328 0. 6.83481662251e-22 0.
1540007542 1 5970.29541016 0. 6.8297473847e-22 0.
1540007602 1 5963.65869141 0. 6.8323600687e-22 0.
1540007662 1 5955.67724609 0. 6.83286055161e-22 0.
1540007722 1 5944.06298828 0. 6.8294365346e-22 0.
1540007782 1 5935.65966797 0. 6.83005256325e-22 0.
1540007843 1 5925.625 0. 6.8282588203e-22 0.
1540007903 1 5914.88378906 0. 6.82596460861e-22 0.
1540007963 1 5905.140625 0. 6.82439898854e-22 0.
1540008023 1 5898.09033203 0. 6.82621561315e-22 0.
1540008083 1 5886.06445312 0. 6.82241703862e-22 0.
1540008143 1 5878.24072266 0. 6.82326157667e-22 0.
1540008203 1 5868.79199219 0. 6.82247784265e-22 0.
1540008264 1 5854.47851562 0. 6.816130628e-22 0.
1540008324 1 5851.07275391 0. 6.82202432574e-22 0.
1540008384 1 5839.58154297 0. 6.81854088573e-22 0.
1540008444 1 5833.19433594 0. 6.82078930575e-22 0.
1540008504 1 5827.171875 0. 6.82310141821e-22 0.
1540008565 1 5817.12304688 0. 6.82118057863e-22 0.
1540008625 1 5806.75146484 0. 6.81881503893e-22 0.
1540008685 1 5796.22167969 0. 6.81656470511e-22 0.
1540008728 1 5787.88720703 0. 6.81343296535e-22 0.
1540008771 1 5783.43164062 0. 6.81567409872e-22 0.
1540008831 1 5777.27685547 0. 6.8183844671e-22 0.
1540008891 1 5770.77978516 0. 6.82044641129e-22 0.
1540008951 1 5763.80029297 0. 6.8223817134e-22 0.
1540009012 1 5753.80029297 0. 6.82019019865e-22 0.
1540009072 1 5746.16064453 0. 6.82110126932e-22 0.
1540009132 1 5736.39453125 0. 6.81890471118e-22 0.
1540009192 1 5726.85986328 0. 6.81749317626e-22 0.
1540009252 1 5718.98242188 0. 6.81784359706e-22 0.
1540009312 1 5710.76464844 0. 6.81766939691e-22 0.
1540009372 1 5701.71044922 0. 6.81668797667e-22 0.
1540009433 1 5693.39990234 0. 6.81671474262e-22 0.
1540009493 1 5686.81835938 0. 6.81863709954e-22 0.
1540009553 1 5678.43457031 0. 6.81782298632e-22 0.
1540009613 1 5666.71582031 0. 6.81284372674e-22 0.
1540009673 1 5654.77050781 0. 6.80860997976e-22 0.
1540009733 1 5646.87060547 0. 6.80936012464e-22 0.
1540009794 1 5639.06640625 0. 6.80930614352e-22 0.
1540009854 1 5631.82763672 0. 6.81037411013e-22 0.
1540009914 1 5623.109375 0. 6.8091228903e-22 0.
1540009974 1 5615.12304688 0. 6.8087255903e-22 0.
1540010034 1 5607.03222656 0. 6.8085350893e-22 0.
1540010094 1 5599.67480469 0. 6.80863898791e-22 0.
1540010154 1 5592.0546875 0. 6.80873735151e-22 0.
1540010215 1 5584.47851562 0. 6.80880894818e-22 0.
1540010275 1 5575.13574219 0. 6.8068016661e-22 0.
1540010335 1 5566.10302734 0. 6.80475209073e-22 0.
1540010395 1 5557.36914062 0. 6.80385532297e-22 0.
1540010455 1 5547.44140625 0. 6.80099329684e-22 0.
1540010515 1 5540.92089844 0. 6.80222528373e-22 0.
1540010575 1 5532.91552734 0. 6.80193448199e-22 0.
1540010635 1 5523.43505859 0. 6.79940308134e-22 0.
1540010696 1 5514.04492188 0. 6.79700401372e-22 0.
1540010756 1 5504.08203125 0. 6.79443303781e-22 0.
1540010816 1 5496.15771484 0. 6.79419023391e-22 0.
1540010876 1 5489.71191406 0. 6.79594971907e-22 0.
1540010936 1 5476.89648438 0. 6.78987332968e-22 0.
1540010996 1 5466.78857422 0. 6.78710323667e-22 0.
1540011056 1 5460.00585938 0. 6.78728961951e-22 0.
1540011117 1 5454.81494141 0. 6.79010146364e-22 0.
1540011177 1 5450.32714844 0. 6.79316453228e-22 0.
1540011237 1 5439.42871094 0. 6.78964108989e-22 0.
1540011297 1 5429.25439453 0. 6.78616561374e-22 0.
1540011357 1 5425.19091797 0. 6.7904761236e-22 0.
1540011417 1 5416.53515625 0. 6.78892408158e-22 0.
1540011478 1 5406.75341797 0. 6.78601323816e-22 0.
1540011538 1 5399.87255859 0. 6.786534678e-22 0.
1540011598 1 5390.65625 0. 6.78432266839e-22 0.
1540011658 1 5383.20117188 0. 6.78418299848e-22 0.
1540011718 1 5375.52392578 0. 6.78336141762e-22 0.
1540011778 1 5370.47363281 0. 6.78629975627e-22 0.
1540011839 1 5362.08886719 0. 6.78484721371e-22 0.
1540011899 1 5348.04931641 0. 6.7765715474e-22 0.
1540011959 1 5341.35595703 0. 6.77701731291e-22 0.
1540012019 1 5336.00537109 0. 6.77882632331e-22 0.
1540012079 1 5327.52490234 0. 6.77730261983e-22 0.
1540012139 1 5318.20458984 0. 6.77488886179e-22 0.
1540012199 1 5312.00488281 0. 6.77596942288e-22 0.
1540012235 1 5307.90185547 0. 6.77550976186e-22 0.
1540012270 1 5300.72021484 0. 6.77256090823e-22 0.
1540012330 1 5291.10644531 0. 6.7691247823e-22 0.
1540012390 1 5281.51464844 0. 6.76581234798e-22 0.
1540012450 1 5273.74951172 0. 6.76421867332e-22 0.
1540012511 1 5265.82324219 0. 6.76286321064e-22 0.
1540012571 1 5257.05371094 0. 6.76043841268e-22 0.
1540012631 1 5252.34472656 0. 6.76305542233e-22 0.
1540012691 1 5244.89404297 0. 6.7621847299e-22 0.
1540012751 1 5236.59765625 0. 6.76045653241e-22 0.
1540012811 1 5232.31298828 0. 6.76364781021e-22 0.
1540012871 1 5224.18896484 0. 6.76137688293e-22 0.
1540012932 1 5212.79736328 0. 6.75567847817e-22 0.
1540012992 1 5201.265625 0. 6.74967769876e-22 0.
1540013052 1 5194.00390625 0. 6.74884228904e-22 0.
1540013112 1 5189.31347656 0. 6.75131580109e-22 0.
1540013172 1 5184.46630859 0. 6.75372015223e-22 0.
1540013232 1 5175.57958984 0. 6.75079089955e-22 0.
1540013293 1 5169.37353516 0. 6.75145518479e-22 0.
1540013353 1 5159.36425781 0. 6.7476570461e-22 0.
1540013413 1 5148.20263672 0. 6.7417618416e-22 0.
1540013473 1 5139.60400391 0. 6.73977997789e-22 0.
1540013533 1 5131.97753906 0. 6.73852000357e-22 0.
1540013593 1 5124.44335938 0. 6.737156977e-22 0.
1540013653 1 5121.52050781 0. 6.74200595333e-22 0.
1540013713 1 5116.74609375 0. 6.74420399757e-22 0.
1540013754 1 5108.765625 0. 6.73927103607e-22 0.
1540013771 1 2380.32299805 0. 3.18829242939e-22 0.
1540013782 1 439.447174072 0. 5.83554035864e-23 0.
1540013791 1 799.532714844 0. 1.05899766368e-22 0.
1540013799 1 1204.12915039 0. 1.59012389971e-22 0.
1540013808 1 1815.45739746 0. 2.40005883694e-22 0.
1540013816 1 2615.03295898 0. 3.45025342364e-22 0.
1540013825 1 3360.5847168 0. 4.44287148047e-22 0.
1540013834 1 4244.43701172 0. 5.60598675044e-22 0.
1540013842 1 4653.24755859 0. 6.15035573385e-22 0.
1540013851 1 5045.10742188 0. 6.6690691505e-22 0.
1540013860 1 4757.09326172 0. 6.28924474492e-22 0.
1540013868 1 4401.20019531 0. 5.81735160718e-22 0.
1540013877 1 3578.45214844 0. 4.73459601768e-22 0.
1540013886 1 2869.72314453 0. 3.79038060619e-22 0.
1540013895 1 2089.84326172 0. 2.76490635122e-22 0.
1540013904 1 1441.64538574 0. 1.90397025175e-22 0.
1540013912 1 969.504394531 0. 1.28374780495e-22 0.
1540013921 1 578.556396484 0. 7.66743452356e-23 0.
1540013937 1 2728.97021484 0. 3.64700407409e-22 0.
1540013954 1 1080.04211426 0. 1.41234490126e-22 0.
1540013962 1 1635.48840332 0. 2.14380251782e-22 0.
1540013970 1 2256.88232422 0. 2.95606333091e-22 0.
1540013979 1 2940.61474609 0. 3.86740230066e-22 0.
1540013987 1 3734.92089844 0. 4.91534222611e-22 0.
1540013995 1 4288.32666016 0. 5.66063575748e-22 0.
1540014003 1 4877.19433594 0. 6.44896481096e-22 0.
1540014012 1 4980.27246094 0. 6.59554216694e-22 0.
1540014020 1 5025.44287109 0. 6.66505449247e-22 0.
1540014028 1 4556.83496094 0. 6.04987796217e-22 0.
1540014036 1 4080.09790039 0. 5.41899576561e-22 0.
1540014045 1 3285.46606445 0. 4.3701972973e-22 0.
1540014053 1 2615.34375 0. 3.47568425914e-22 0.
1540014062 1 1882.68066406 0. 2.50753065448e-22 0.
1540014070 1 1312.71850586 0. 1.74795743605e-22 0.
1540014079 1 929.896789551 0. 1.24269000936e-22 0.
1540014088 1 528.975402832 0. 7.10095561532e-23 0.
1540014097 1 1947.57568359 0. 2.62570350297e-22 0.
1540014131 1 5017.39453125 0. 6.66757044759e-22 0.
1540014191 1 4997.86669922 0. 6.64965307543e-22 0.
1540014251 1 4997.53808594 0. 6.65648561903e-22 0.
1540014312 1 4993.25195312 0. 6.65758256372e-22 0.
1540014372 1 4995.49316406 0. 6.66793276008e-22 0.
1540014432 1 4990.93798828 0. 6.66943678292e-22 0.
1540014492 1 4980.81005859 0. 6.66419781665e-22 0.
1540014552 1 4976.88378906 0. 6.6668291411e-22 0.
1540014612 1 4971.52587891 0. 6.66741470127e-22 0.
1540014672 1 4952.91210938 0. 6.65095480108e-22 0.
1540014732 1 4933.21484375 0. 6.63296571125e-22 0.
1540014793 1 4928.31787109 0. 6.63386072595e-22 0.
1540014853 1 4932.45556641 0. 6.64657706665e-22 0.
1540014913 1 4936.45898438 0. 6.65952224175e-22 0.
1540014973 1 4938.18310547 0. 6.66967169935e-22 0.
1540015024 1 4736.91894531 0. 6.41821056376e-22 0.
1540015076 1 0.161699607968 0. 0.0 0.
