1540156247 1 18713.0234375 0. 6.29119726811e-22 0.
1540156306 1 18666.515625 0. 6.2905607577e-22 0.
1540156365 1 18580.3867188 0. 6.2749374134e-22 0.
1540156425 1 18500.5117188 0. 6.26322188363e-22 0.
1540156486 1 18441.0234375 0. 6.25578222956e-22 0.
1540156546 1 18332.96875 0. 6.23148104798e-22 0.
1540156588 1 18358.2402344 0. 6.2489122698e-22 0.
1540156629 1 18329.1523438 0. 6.24804123882e-22 0.
1540156674 1 18280.375 0. 6.2416193415e-22 0.
1540156718 1 18231.4296875 0. 6.23539313016e-22 0.
1540156779 1 18095.7246094 0. 6.20236416654e-22 0.
1540156839 1 18007.1210938 0. 6.18501430976e-22 0.
1540156899 1 17929.2128906 0. 6.17151932742e-22 0.
1540156959 1 17836.0507812 0. 6.15216373293e-22 0.
1540157019 1 17745.1210938 0. 6.13340352013e-22 0.
1540157067 1 17708.5839844 0. 6.13095381056e-22 0.
1540157115 1 17633.3203125 0. 6.11447778574e-22 0.
1540157175 1 17595.828125 0. 6.11343609395e-22 0.
1540157235 1 17546.4160156 0. 6.10802143449e-22 0.
1540157295 1 17449.7773438 0. 6.08643118862e-22 0.
1540157341 1 17398.2070312 0. 6.07740694714e-22 0.
1540157363 1 5317.47314453 0. 1.86586278201e-22 0.
1540157374 1 1578.93151855 0. 5.52854781778e-23 0.
1540157383 1 2708.32958984 0. 9.48386169791e-23 0.
1540157392 1 4288.66894531 0. 1.50084970046e-22 0.
1540157400 1 5996.53662109 0. 2.0996454047e-22 0.
1540157409 1 8962.67578125 0. 3.13636408164e-22 0.
1540157418 1 10941.3691406 0. 3.83116102802e-22 0.
1540157427 1 14251.3134766 0. 4.98919277853e-22 0.
1540157436 1 15590.7460938 0. 5.45979552963e-22 0.
1540157444 1 17247.8828125 0. 6.04097395773e-22 0.
1540157453 1 16680.140625 0. 5.84362493563e-22 0.
1540157462 1 15989.1259766 0. 5.60335193972e-22 0.
1540157471 1 13171.1298828 0. 4.61833115706e-22 0.
1540157480 1 11319.6269531 0. 3.9689230462e-22 0.
1540157488 1 8177.28125 0. 2.8697297722e-22 0.
1540157497 1 6224.44384766 0. 2.18406287478e-22 0.
1540157506 1 4143.40283203 0. 1.45530380121e-22 0.
1540157515 1 2675.01196289 0. 9.39559906389e-23 0.
1540157531 1 6301.38037109 0. 2.22081747145e-22 0.
1540157548 1 2239.07958984 0. 7.89514807127e-23 0.
1540157556 1 3712.68481445 0. 1.30833593086e-22 0.
1540157565 1 5767.76074219 0. 2.03037330253e-22 0.
1540157573 1 7810.99023438 0. 2.75034203714e-22 0.
1540157582 1 11567.1650391 0. 4.06856929952e-22 0.
1540157591 1 13624.6298828 0. 4.79413275213e-22 0.
1540157599 1 16869.6289062 0. 5.93293629528e-22 0.
1540157608 1 17196.2890625 0. 6.0493266848e-22 0.
1540157616 1 17251.9960938 0. 6.06964789213e-22 0.
1540157625 1 14102.7255859 0. 4.96541050133e-22 0.
1540157633 1 12352.3300781 0. 4.34937002231e-22 0.
1540157642 1 8394.58105469 0. 2.95995849732e-22 0.
1540157650 1 6323.90478516 0. 2.22991901052e-22 0.
1540157658 1 3983.14453125 0. 1.40676619819e-22 0.
1540157667 1 2512.71484375 0. 8.88124482017e-23 0.
1540157675 1 1524.47924805 0. 5.39590624996e-23 0.
1540157684 1 813.641662598 0. 2.88523689127e-23 0.
1540157692 1 3478.80102539 0. 1.23281992694e-22 0.
1540157727 1 17222.6132812 0. 6.07879528951e-22 0.
1540157787 1 16749.1582031 0. 5.92213119366e-22 0.
1540157847 1 16239.5839844 0. 5.75381593083e-22 0.
1540157907 1 17157.1875 0. 6.08784373546e-22 0.
1540157968 1 17646.3925781 0. 6.27228795375e-22 0.
1540158028 1 17579.6308594 0. 6.25959773194e-22 0.
1540158088 1 17621.4003906 0. 6.28577660367e-22 0.
1540158148 1 17671.8378906 0. 6.31549805075e-22 0.
1540158208 1 17590.9296875 0. 6.29809811702e-22 0.
1540158268 1 17549.2988281 0. 6.29473006386e-22 0.
1540158328 1 17471.1367188 0. 6.27831115768e-22 0.
1540158389 1 17423.1035156 0. 6.27230560186e-22 0.
1540158449 1 17373.6445312 0. 6.26591549356e-22 0.
1540158509 1 17315.6464844 0. 6.256044045e-22 0.
1540158569 1 17341.9609375 0. 6.27686849401e-22 0.
1540158629 1 17270.328125 0. 6.26221420399e-22 0.
1540158679 1 17197.796875 0. 6.24513785424e-22 0.
1540158728 1 17165.8613281 0. 6.24281156275e-22 0.
1540158789 1 17114.8984375 0. 6.23525005606e-22 0.
1540158849 1 17040.9960938 0. 6.21925228102e-22 0.
1540158909 1 16980.4863281 0. 6.20774348831e-22 0.
1540158944 1 16946.0546875 0. 6.20116376167e-22 0.
1540158979 1 16929.5976562 0. 6.20186149895e-22 0.
1540159039 1 16877.9433594 0. 6.19344271881e-22 0.
1540159100 1 16851.0898438 0. 6.19410590853e-22 0.
1540159160 1 16800.4003906 0. 6.18571847718e-22 0.
1540159195 1 16766.3925781 0. 6.17894283502e-22 0.
1540159230 1 16740.5175781 0. 6.17623044374e-22 0.
1540159291 1 16675.5585938 0. 6.16256116876e-22 0.
1540159351 1 16678.0664062 0. 6.17391725187e-22 0.
1540159411 1 16590.75 0. 6.15198070359e-22 0.
1540159471 1 16520.9941406 0. 6.13638160075e-22 0.
1540159531 1 16459.9121094 0. 6.12340804778e-22 0.
1540159591 1 16415.3769531 0. 6.117262058e-22 0.
1540159651 1 16382.1787109 0. 6.11475918118e-22 0.
1540159705 1 16353.6796875 0. 6.11299377207e-22 0.
1540159759 1 16323.4082031 0. 6.11067538397e-22 0.
1540159798 1 16302.28125 0. 6.1088138651e-22 0.
1540159838 1 16253.4658203 0. 6.0978333357e-22 0.
1540159899 1 16211.234375 0. 6.09185097939e-22 0.
1540159959 1 16224.078125 0. 6.10667623024e-22 0.
1540160019 1 16204.2685547 0. 6.10925396031e-22 0.
1540160079 1 16159.9375 0. 6.10243765078e-22 0.
1540160139 1 16127.1308594 0. 6.09978658854e-22 0.
1540160199 1 16157.7109375 0. 6.12140744313e-22 0.
1540160259 1 16057.5224609 0. 6.09323962345e-22 0.
1540160319 1 16051.0117188 0. 6.10079670785e-22 0.
1540160380 1 16006.6611328 0. 6.09365848407e-22 0.
1540160440 1 15975.6992188 0. 6.09132541526e-22 0.
1540160500 1 15941.3232422 0. 6.08781055224e-22 0.
1540160560 1 15913.5810547 0. 6.08681461468e-22 0.
1540160620 1 15914.5703125 0. 6.09687740229e-22 0.
1540160678 1 15859.390625 0. 6.0849128455e-22 0.
1540160725 1 15862.4853516 0. 6.09359265536e-22 0.
1540160773 1 15814.5830078 0. 6.08285502081e-22 0.
1540160833 1 15786.2539062 0. 6.0815138359e-22 0.
1540160893 1 15794.8115234 0. 6.09408690406e-22 0.
1540160954 1 15828.8007812 0. 6.11695899369e-22 0.
1540161014 1 15844.9277344 0. 6.13281003363e-22 0.
1540161074 1 15853.3095703 0. 6.14589890191e-22 0.
1540161134 1 15771.0585938 0. 6.12390652969e-22 0.
1540161194 1 15737.3603516 0. 6.12037498114e-22 0.
1540161254 1 15693.7324219 0. 6.11267342254e-22 0.
1540161314 1 15632.6181641 0. 6.09791195584e-22 0.
1540161374 1 15652.6181641 0. 6.11542110133e-22 0.
1540161435 1 15637.0195312 0. 6.11890187896e-22 0.
1540161495 1 15596.0429688 0. 6.11231022719e-22 0.
1540161555 1 15532.8642578 0. 6.09699188627e-22 0.
1540161615 1 15502.4814453 0. 6.09443749358e-22 0.
1540161675 1 15448.0273438 0. 6.08243022807e-22 0.
1540161735 1 15280.8027344 0. 6.02567654126e-22 0.
1540161795 1 15321.8378906 0. 6.05114859199e-22 0.
1540161855 1 14706.1875 0. 5.81766555357e-22 0.
1540161901 1 15530.1787109 0. 6.14958783662e-22 0.
1540161948 1 16036.4140625 0. 6.35801382819e-22 0.
1540162008 1 16002.4736328 0. 6.35439513718e-22 0.
1540162043 1 15983.8066406 0. 6.35187162136e-22 0.
1540162079 1 16001.2177734 0. 6.36541293893e-22 0.
1540162139 1 15999.9707031 0. 6.37476260882e-22 0.
1540162199 1 15966.7119141 0. 6.37146818748e-22 0.
1540162259 1 15928.6240234 0. 6.36589597836e-22 0.
1540162319 1 15918.9287109 0. 6.3720386507e-22 0.
1540162380 1 15882.9648438 0. 6.36741443625e-22 0.
1540162428 1 15848.1542969 0. 6.36135401267e-22 0.
1540162477 1 15820.6201172 0. 6.35837154715e-22 0.
1540162515 1 15801.8828125 0. 6.35688846276e-22 0.
1540162547 1 15793.703125 0. 6.35918905137e-22 0.
1540162603 1 15767.4375 0. 6.35774185247e-22 0.
1540162638 1 15739.7861328 0. 6.35184800024e-22 0.
1540162673 1 15728.9306641 0. 6.35346644255e-22 0.
1540162733 1 15701.7822266 0. 6.35228187323e-22 0.
1540162793 1 15668.2041016 0. 6.34814243028e-22 0.
1540162854 1 15615.078125 0. 6.33631202967e-22 0.
1540162914 1 15645.5185547 0. 6.35853450601e-22 0.
1540162974 1 15623.9375 0. 6.35942736114e-22 0.
1540163028 1 15592.2714844 0. 6.35533202843e-22 0.
1540163082 1 15569.8291016 0. 6.35483346735e-22 0.
1540163142 1 15539.3232422 0. 6.3520332587e-22 0.
1540163192 1 15506.2314453 0. 6.34628660976e-22 0.
1540163243 1 15489.8105469 0. 6.3480606867e-22 0.
1540163303 1 15454.625 0. 6.34343353458e-22 0.
1540163363 1 15429.5927734 0. 6.3425507929e-22 0.
1540163423 1 15409.3710938 0. 6.3439932341e-22 0.
1540163483 1 15383.4091797 0. 6.3430648707e-22 0.
1540163534 1 15358.8779297 0. 6.34118046855e-22 0.
1540163586 1 15330.8310547 0. 6.33778873473e-22 0.
1540163636 1 15310.5712891 0. 6.33741719001e-22 0.
1540163662 1 15288.3017578 0. 6.33212698653e-22 0.
1540163697 1 15278.28125 0. 6.33394013145e-22 0.
1540163732 1 15272.3974609 0. 6.33665938849e-22 0.
1540163767 1 15246.0878906 0. 6.3319370552e-22 0.
1540163814 1 15251.21875 0. 6.34115008003e-22 0.
1540163861 1 15259.2089844 0. 6.35222027397e-22 0.
1540163921 1 15231.3300781 0. 6.35048586335e-22 0.
1540163982 1 15200.9306641 0. 6.34728652459e-22 0.
1540164042 1 15163.9746094 0. 6.34170465274e-22 0.
1540164102 1 15130.2939453 0. 6.33720848465e-22 0.
1540164162 1 15112.1611328 0. 6.33921744769e-22 0.
1540164222 1 15083.5585938 0. 6.33684839202e-22 0.
1540164282 1 15053.203125 0. 6.33383895343e-22 0.
1540164342 1 15023.7324219 0. 6.33085474172e-22 0.
1540164403 1 14997.8740234 0. 6.32931480116e-22 0.
1540164438 1 14984.2246094 0. 6.32890605737e-22 0.
1540164473 1 14965.8339844 0. 6.32681385329e-22 0.
1540164520 1 14941.4130859 0. 6.32364336e-22 0.
1540164566 1 14924.7080078 0. 6.3241332168e-22 0.
1540164615 1 14910.1787109 0. 6.32515998053e-22 0.
1540164642 1 14900.0419922 0. 6.32508762513e-22 0.
1540164681 1 14874.3037109 0. 6.32081127961e-22 0.
1540164741 1 14844.3925781 0. 6.31740806519e-22 0.
1540164802 1 14844.6650391 0. 6.32710716095e-22 0.
1540164862 1 14832.5332031 0. 6.33195240893e-22 0.
1540164922 1 14799.4833984 0. 6.32731360481e-22 0.
1540164982 1 14778.8144531 0. 6.32807630224e-22 0.
1540165042 1 14759.4042969 0. 6.32933179358e-22 0.
1540165102 1 14732.6943359 0. 6.32722687446e-22 0.
1540165162 1 14706.4697266 0. 6.32497113222e-22 0.
1540165222 1 14677.1835938 0. 6.32232415972e-22 0.
1540165283 1 14646.5888672 0. 6.31856868322e-22 0.
1540165343 1 14616.7265625 0. 6.31507869098e-22 0.
1540165403 1 14585.7197266 0. 6.31133183408e-22 0.
1540165463 1 14560.9511719 0. 6.30991435651e-22 0.
1540165523 1 14530.0390625 0. 6.30591532472e-22 0.
1540165583 1 14505.9941406 0. 6.30517474497e-22 0.
1540165621 1 14485.6914062 0. 6.30171931925e-22 0.
1540165658 1 14397.9648438 0. 6.2699057102e-22 0.
1540165718 1 14415.8369141 0. 6.28704563618e-22 0.
1540165778 1 14420.4833984 0. 6.29818365233e-22 0.
1540165839 1 14439.9755859 0. 6.31633317864e-22 0.
1540165899 1 14392.7451172 0. 6.30534158865e-22 0.
1540165959 1 14372.5917969 0. 6.3055727202e-22 0.
1540165994 1 14366.1914062 0. 6.30803241216e-22 0.
1540166030 1 14356.8505859 0. 6.3101102813e-22 0.
1540166090 1 14332.5400391 0. 6.30870217942e-22 0.
1540166150 1 14300.3564453 0. 6.30395071019e-22 0.
1540166210 1 14271.1611328 0. 6.30048605159e-22 0.
1540166270 1 14239.1640625 0. 6.29567989806e-22 0.
1540166326 1 14211.2519531 0. 6.29165618112e-22 0.
1540166382 1 14190.9355469 0. 6.29091151546e-22 0.
1540166442 1 14161.3652344 0. 6.28723773662e-22 0.
1540166502 1 14135.2705078 0. 6.28485072418e-22 0.
1540166562 1 14106.7978516 0. 6.2813144931e-22 0.
1540166622 1 14074.171875 0. 6.27581396925e-22 0.
1540166682 1 14052.4414062 0. 6.27528842839e-22 0.
1540166743 1 14030.1464844 0. 6.2747956478e-22 0.
1540166803 1 14049.9228516 0. 6.29299253236e-22 0.
1540166863 1 14018.8271484 0. 6.28816141212e-22 0.
1540166923 1 13980.9814453 0. 6.2806103713e-22 0.
1540166983 1 13954.0380859 0. 6.27770387805e-22 0.
1540167043 1 13936.2148438 0. 6.27876598935e-22 0.
1540167092 1 13894.1240234 0. 6.26707228651e-22 0.
1540167142 1 13522.484375 0. 6.10713110625e-22 0.
1540167202 1 13193.6435547 0. 5.96779146536e-22 0.
1540167262 1 13989.8574219 0. 6.33711262925e-22 0.
1540167322 1 13961.25 0. 6.33390975649e-22 0.
1540167382 1 13939.3505859 0. 6.3334514706e-22 0.
1540167442 1 13917.1230469 0. 6.33303460562e-22 0.
1540167503 1 13891.9257812 0. 6.33083367837e-22 0.
1540167563 1 13866.1894531 0. 6.32840772769e-22 0.
1540167623 1 13847.7421875 0. 6.3292728856e-22 0.
1540167683 1 13820.0078125 0. 6.32600844008e-22 0.
1540167743 1 13793.0126953 0. 6.32347242814e-22 0.
1540167803 1 13777.7714844 0. 6.32558655546e-22 0.
1540167863 1 13802.3730469 0. 6.34624008685e-22 0.
1540167924 1 13774.1298828 0. 6.34297496599e-22 0.
1540167984 1 13751.7714844 0. 6.34241432804e-22 0.
1540168044 1 13730.2675781 0. 6.34178029399e-22 0.
1540168104 1 13704.9541016 0. 6.33930467036e-22 0.
1540168164 1 13679.9013672 0. 6.33696178527e-22 0.
1540168224 1 13656.6611328 0. 6.33541821118e-22 0.
1540168267 1 13638.0253906 0. 6.33326582397e-22 0.
1540168310 1 13618.1484375 0. 6.33069546484e-22 0.
1540168370 1 13588.7089844 0. 6.32617463552e-22 0.
1540168430 1 13558.4921875 0. 6.32154018471e-22 0.
1540168490 1 13540.7548828 0. 6.32216216069e-22 0.
1540168550 1 13523.6943359 0. 6.32329732814e-22 0.
1540168610 1 13500.6113281 0. 6.32173218348e-22 0.
1540168670 1 13480.1699219 0. 6.32154637574e-22 0.
1540168731 1 13453.2226562 0. 6.31813328975e-22 0.
1540168791 1 13434.9853516 0. 6.3187090881e-22 0.
1540168826 1 13425.7314453 0. 6.31974113707e-22 0.
1540168861 1 13416.6210938 0. 6.32131343458e-22 0.
1540168922 1 13427.125 0. 6.33547012953e-22 0.
1540168982 1 13396.984375 0. 6.33064507279e-22 0.
1540169042 1 13366.3193359 0. 6.32561660078e-22 0.
1540169102 1 13348.0390625 0. 6.32604603549e-22 0.
1540169162 1 13324.9580078 0. 6.32452726306e-22 0.
1540169222 1 13302.4853516 0. 6.3234595979e-22 0.
1540169282 1 13273.7128906 0. 6.31887893525e-22 0.
1540169342 1 13253.9882812 0. 6.31897161567e-22 0.
1540169403 1 13222.2431641 0. 6.31314620388e-22 0.
1540169463 1 13193.5869141 0. 6.30864479113e-22 0.
1540169523 1 13169.3242188 0. 6.30600104293e-22 0.
1540169583 1 13151.7148438 0. 6.30693117641e-22 0.
1540169643 1 13122.4287109 0. 6.30219948691e-22 0.
1540169704 1 13102.9560547 0. 6.30222883521e-22 0.
1540169764 1 13082.4287109 0. 6.3014316312e-22 0.
1540169824 1 13055.5625 0. 6.29760853915e-22 0.
1540169884 1 13034.2548828 0. 6.29677396246e-22 0.
1540169944 1 13054.2158203 0. 6.31576613116e-22 0.
1540170004 1 13038.4980469 0. 6.31745403971e-22 0.
1540170064 1 13002.7109375 0. 6.30887778578e-22 0.
1540170125 1 12943.8828125 0. 6.28940155765e-22 0.
1540170185 1 12923.3847656 0. 6.28848179553e-22 0.
1540170245 1 12899.2939453 0. 6.28577783598e-22 0.
1540170291 1 12877.3193359 0. 6.28188087758e-22 0.
1540170338 1 12859.2304688 0. 6.28033271232e-22 0.
1540170398 1 12840.0761719 0. 6.28040082222e-22 0.
1540170458 1 12818.5712891 0. 6.27868827132e-22 0.
1540170518 1 12794.1972656 0. 6.27581619656e-22 0.
1540170578 1 12771.6982422 0. 6.27378862395e-22 0.
1540170639 1 12743.5058594 0. 6.26903798402e-22 0.
1540170699 1 12721.7675781 0. 6.26734445734e-22 0.
1540170759 1 12701.6044922 0. 6.26640336583e-22 0.
1540170819 1 12674.8759766 0. 6.26222890277e-22 0.
1540170879 1 12661.1103516 0. 6.26485972293e-22 0.
1540170939 1 12633.5292969 0. 6.26042147237e-22 0.
1540170999 1 12654.3457031 0. 6.27998466662e-22 0.
1540171060 1 12623.3603516 0. 6.27400044892e-22 0.
1540171120 1 12590.5263672 0. 6.26663877889e-22 0.
1540171180 1 12554.2792969 0. 6.25777636245e-22 0.
1540171220 1 12538.9521484 0. 6.25560736955e-22 0.
1540171259 1 12528.5488281 0. 6.25692913035e-22 0.
1540171319 1 12499.7353516 0. 6.25172570534e-22 0.
1540171380 1 12473.1748047 0. 6.24734620653e-22 0.
1540171440 1 12409.9921875 0. 6.22452990347e-22 0.
1540171500 1 12420.4863281 0. 6.23852202012e-22 0.
1540171535 1 12413.0712891 0. 6.23992161287e-22 0.
1540171571 1 12394.5976562 0. 6.23639399549e-22 0.
1540171631 1 12365.0927734 0. 6.23070400169e-22 0.
1540171680 1 12342.3769531 0. 6.22645006547e-22 0.
1540171728 1 12324.6025391 0. 6.22468989503e-22 0.
1540171789 1 12304.8935547 0. 6.22387223532e-22 0.
1540171849 1 12275.4873047 0. 6.21778827641e-22 0.
1540171909 1 12263.6152344 0. 6.22077902469e-22 0.
1540171969 1 12244.3554688 0. 6.22006585467e-22 0.
1540172029 1 12220.4570312 0. 6.21675354056e-22 0.
1540172089 1 12225.9033203 0. 6.22852535131e-22 0.
1540172150 1 12200.1210938 0. 6.22459436002e-22 0.
1540172210 1 12177.7011719 0. 6.22236827631e-22 0.
1540172270 1 12148.4316406 0. 6.2167622956e-22 0.
1540172330 1 12123.2109375 0. 6.21243312513e-22 0.
1540172390 1 12102.3339844 0. 6.21045745749e-22 0.
1540172450 1 12084.7167969 0. 6.21002154175e-22 0.
1540172511 1 12056.3046875 0. 6.20436849705e-22 0.
1540172571 1 12058.8134766 0. 6.21423002186e-22 0.
1540172631 1 12023.7548828 0. 6.20487924849e-22 0.
1540172677 1 12000.4765625 0. 6.19974319769e-22 0.
1540172723 1 11985.40625 0. 6.19886298413e-22 0.
1540172783 1 11958.8359375 0. 6.19396642367e-22 0.
1540172843 1 11941.2607422 0. 6.19381069569e-22 0.
1540172903 1 11921.0078125 0. 6.19205615569e-22 0.
1540172964 1 11902.3183594 0. 6.19119301477e-22 0.
1540173024 1 11876.2753906 0. 6.18647148063e-22 0.
1540173084 1 11850.4658203 0. 6.18193608789e-22 0.
1540173144 1 11827.7714844 0. 6.17873193828e-22 0.
1540173204 1 11844.4345703 0. 6.19653142438e-22 0.
1540173264 1 11816.3652344 0. 6.19123682916e-22 0.
1540173324 1 11788.8632812 0. 6.1856338704e-22 0.
1540173385 1 11763.859375 0. 6.1813703626e-22 0.
1540173445 1 11752.1982422 0. 6.18462818751e-22 0.
1540173505 1 11731.2744141 0. 6.18236247034e-22 0.
1540173565 1 11708.4990234 0. 6.17909191438e-22 0.
1540173625 1 11679.1347656 0. 6.17210409672e-22 0.
1540173685 1 11654.4472656 0. 6.16823080111e-22 0.
1540173746 1 11631.1455078 0. 6.16462969698e-22 0.
1540173806 1 11610.9296875 0. 6.16259184179e-22 0.
1540173866 1 11588.4570312 0. 6.15961516956e-22 0.
1540173926 1 11569.6220703 0. 6.15821189353e-22 0.
1540173986 1 11552.2851562 0. 6.15782727784e-22 0.
1540174046 1 11535.5615234 0. 6.15745792428e-22 0.
1540174106 1 11500.828125 0. 6.14749194108e-22 0.
1540174167 1 11473.7460938 0. 6.14163932415e-22 0.
1540174202 1 11456.1660156 0. 6.13691558663e-22 0.
1540174228 1 11253.3945312 0. 6.03191577733e-22 0.
1540174280 1 10984.4775391 0. 5.89547993255e-22 0.
1540174340 1 11422.6220703 0. 6.13904886296e-22 0.
1540174400 1 11739.6669922 0. 6.31790350451e-22 0.
1540174461 1 11716.6416016 0. 6.31446745961e-22 0.
1540174521 1 11713.3759766 0. 6.3215008337e-22 0.
1540174581 1 11720.0107422 0. 6.33405895594e-22 0.
1540174641 1 11700.5058594 0. 6.33285689568e-22 0.
1540174701 1 11676.8623047 0. 6.32931400033e-22 0.
1540174761 1 11661.3359375 0. 6.3300380812e-22 0.
1540174821 1 11642.7617188 0. 6.32935599986e-22 0.
1540174882 1 11624.3876953 0. 6.32843536434e-22 0.
1540174942 1 11601.21875 0. 6.32521489659e-22 0.
1540175002 1 11585.2597656 0. 6.32540534202e-22 0.
1540175062 1 11565.140625 0. 6.32335193704e-22 0.
1540175122 1 11547.1933594 0. 6.3225233867e-22 0.
1540175182 1 11529.109375 0. 6.32204968202e-22 0.
1540175242 1 11507.703125 0. 6.31949968164e-22 0.
1540175303 1 11488.4101562 0. 6.31781857967e-22 0.
1540175363 1 11464.5947266 0. 6.31351241984e-22 0.
1540175423 1 11447.8886719 0. 6.3131538507e-22 0.
1540175483 1 11430.3984375 0. 6.31279670202e-22 0.
1540175543 1 11446.1777344 0. 6.33027235879e-22 0.
1540175603 1 11434.0126953 0. 6.33299841279e-22 0.
1540175663 1 11415.7441406 0. 6.33193333876e-22 0.
1540175723 1 11397.0107422 0. 6.33077419294e-22 0.
1540175784 1 11378.046875 0. 6.32907379785e-22 0.
1540175844 1 11357.6992188 0. 6.32684287791e-22 0.
1540175904 1 11340.4335938 0. 6.3259901454e-22 0.
1540175964 1 11319.5498047 0. 6.32319705363e-22 0.
1540176024 1 11303.4990234 0. 6.32282045305e-22 0.
1540176084 1 11286.2216797 0. 6.32189155352e-22 0.
1540176144 1 11265.7910156 0. 6.31942064116e-22 0.
1540176203 1 11248.4130859 0. 6.31828777132e-22 0.
1540176261 1 11229.9882812 0. 6.31725862344e-22 0.
1540176322 1 11213.9033203 0. 6.31698816895e-22 0.
1540176382 1 11198.4921875 0. 6.31735427029e-22 0.
1540176442 1 11176.6992188 0. 6.31396025455e-22 0.
1540176502 1 11156.484375 0. 6.311576638e-22 0.
1540176562 1 11136.5214844 0. 6.3093777023e-22 0.
1540176622 1 11124.4023438 0. 6.31112658492e-22 0.
1540176682 1 11123.6435547 0. 6.3194677364e-22 0.
1540176743 1 11128.1191406 0. 6.33156689111e-22 0.
1540176803 1 11105.2851562 0. 6.32746801319e-22 0.
1540176863 1 11088.9042969 0. 6.32739377272e-22 0.
1540176923 1 11071.4082031 0. 6.32691911601e-22 0.
1540176983 1 11056.2167969 0. 6.32745181883e-22 0.
1540177043 1 11038.6748047 0. 6.32628369261e-22 0.
1540177103 1 11020.1875 0. 6.32484070319e-22 0.
1540177139 1 11002.4453125 0. 6.31932740708e-22 0.
1540177161 1 11000.625 0. 6.32213313365e-22 0.
1540177207 1 10986.4121094 0. 6.32105520234e-22 0.
1540177268 1 10971.9013672 0. 6.32157696192e-22 0.
1540177328 1 10950.0751953 0. 6.31834002183e-22 0.
1540177388 1 10934.0537109 0. 6.31824446568e-22 0.
1540177448 1 10918.4912109 0. 6.31827444071e-22 0.
1540177508 1 10902.1748047 0. 6.3176037616e-22 0.
1540177568 1 10886.6855469 0. 6.31765172486e-22 0.
1540177628 1 10868.59375 0. 6.31617792238e-22 0.
1540177688 1 10846.1435547 0. 6.31189351271e-22 0.
1540177749 1 10804.5429688 0. 6.29650437765e-22 0.
1540177809 1 10786.6767578 0. 6.29492726686e-22 0.
1540177869 1 10769.8505859 0. 6.29391243098e-22 0.
1540177929 1 10776.6015625 0. 6.30700779752e-22 0.
1540177989 1 10773.5830078 0. 6.31424631134e-22 0.
1540178050 1 10763.6621094 0. 6.3175103286e-22 0.
1540178110 1 10744.6464844 0. 6.31536158539e-22 0.
1540178170 1 10729.0771484 0. 6.31497352915e-22 0.
1540178230 1 10704.7158203 0. 6.30981232736e-22 0.
1540178290 1 10692.1347656 0. 6.31126003908e-22 0.
1540178350 1 10672.9599609 0. 6.30912251986e-22 0.
1540178410 1 10652.6162109 0. 6.30613973995e-22 0.
1540178470 1 10637.5917969 0. 6.30644610036e-22 0.
1540178522 1 10625.9101562 0. 6.30659066687e-22 0.
1540178573 1 10612.9404297 0. 6.30636644994e-22 0.
1540178612 1 10586.7412109 0. 6.29627569454e-22 0.
1540178651 1 10584.2539062 0. 6.30102150465e-22 0.
1540178712 1 10566.6757812 0. 6.29914990139e-22 0.
1540178772 1 10556.6328125 0. 6.30211551444e-22 0.
1540178807 1 10545.125 0. 6.30018334285e-22 0.
1540178822 1 10540.9111328 0. 6.30054971254e-22 0.
1540178863 1 10527.34375 0. 6.29869968614e-22 0.
1540178923 1 10506.4179688 0. 6.29525600143e-22 0.
1540178983 1 10491.6328125 0. 6.29528323661e-22 0.
1540179043 1 10472.203125 0. 6.29269074744e-22 0.
1540179103 1 10492.1220703 0. 6.31351946618e-22 0.
1540179163 1 10480.3085938 0. 6.31557130852e-22 0.
1540179224 1 10468.09375 0. 6.31735088408e-22 0.
1540179284 1 10443.2021484 0. 6.31123681176e-22 0.
1540179344 1 10427.0703125 0. 6.31064904972e-22 0.
1540179404 1 10406.4169922 0. 6.3074949395e-22 0.
1540179464 1 10385.5625 0. 6.30373999738e-22 0.
1540179524 1 10368.7578125 0. 6.30272587638e-22 0.
1540179584 1 10356.0498047 0. 6.30412357483e-22 0.
1540179645 1 10344.1064453 0. 6.30613905873e-22 0.
1540179705 1 10324.9501953 0. 6.30346336265e-22 0.
1540179765 1 10303.3271484 0. 6.29909314648e-22 0.
1540179825 1 10287.9716797 0. 6.29883840632e-22 0.
1540179885 1 10273.6757812 0. 6.29887250099e-22 0.
1540179945 1 10257.3740234 0. 6.2979791577e-22 0.
1540180005 1 10239.1552734 0. 6.29571896951e-22 0.
1540180066 1 10225.5869141 0. 6.29628369101e-22 0.
1540180126 1 10212.3271484 0. 6.29700092962e-22 0.
1540180186 1 10191.609375 0. 6.29323302642e-22 0.
1540180246 1 10169.5839844 0. 6.28828696265e-22 0.
1540180306 1 10168.2119141 0. 6.29616778266e-22 0.
1540180366 1 10165.1953125 0. 6.30354891903e-22 0.
1540180405 1 10161.2753906 0. 6.30654718105e-22 0.
1540180444 1 10151.0439453 0. 6.30644778549e-22 0.
1540180504 1 10133.3466797 0. 6.30452352111e-22 0.
1540180564 1 10116.5927734 0. 6.30309100943e-22 0.
1540180624 1 10101.1748047 0. 6.30278504329e-22 0.
1540180661 1 10093.890625 0. 6.30351368221e-22 0.
1540180699 1 10089.6669922 0. 6.30683646641e-22 0.
1540180759 1 10072.6025391 0. 6.30512324425e-22 0.
1540180819 1 10058.2988281 0. 6.30482728846e-22 0.
1540180879 1 10036.1074219 0. 6.29972027155e-22 0.
1540180940 1 10020.1298828 0. 6.29882793806e-22 0.
1540181000 1 10006.7685547 0. 6.29934092538e-22 0.
1540181060 1 9988.67578125 0. 6.29693912811e-22 0.
1540181120 1 9974.66210938 0. 6.29720409752e-22 0.
1540181180 1 9961.42285156 0. 6.2980255783e-22 0.
1540181240 1 9945.625 0. 6.29693118506e-22 0.
1540181300 1 9928.54101562 0. 6.29513798755e-22 0.
1540181361 1 9909.62011719 0. 6.29182943592e-22 0.
1540181421 1 9896.56445312 0. 6.29246249939e-22 0.
1540181481 1 9619.48925781 0. 6.12487950038e-22 0.
1540181541 1 9429.27734375 0. 6.01204465231e-22 0.
1540181601 1 9876.99609375 0. 6.30603583236e-22 0.
1540181662 1 9874.48632812 0. 6.31329580916e-22 0.
1540181722 1 9860.6640625 0. 6.31333734901e-22 0.
1540181782 1 9874.46582031 0. 6.33094950692e-22 0.
1540181842 1 9870.45703125 0. 6.33766864476e-22 0.
1540181902 1 9851.36035156 0. 6.33424004765e-22 0.
1540181962 1 9833.62109375 0. 6.33196313085e-22 0.
1540182022 1 9816.47949219 0. 6.3300851357e-22 0.
1540182083 1 9802.12988281 0. 6.32992543512e-22 0.
1540182143 1 9789.54003906 0. 6.33070204497e-22 0.
1540182203 1 9773.86035156 0. 6.32967390239e-22 0.
1540182263 1 9758.46777344 0. 6.32905380831e-22 0.
1540182323 1 9738.84277344 0. 6.32532439124e-22 0.
1540182383 1 9724.3828125 0. 6.3250896315e-22 0.
1540182443 1 9707.89941406 0. 6.32379908427e-22 0.
1540182504 1 9694.12207031 0. 6.32382385718e-22 0.
1540182564 1 9674.45996094 0. 6.32002826387e-22 0.
1540182624 1 9662.08105469 0. 6.32086796894e-22 0.
1540182684 1 9648.26464844 0. 6.320883922e-22 0.
1540182744 1 9632.78125 0. 6.3197232115e-22 0.
1540182792 1 9623.38085938 0. 6.32020292573e-22 0.
1540182839 1 9644.83105469 0. 6.34174242907e-22 0.
1540182900 1 9633.95605469 0. 6.34359454937e-22 0.
1540182960 1 9614.32714844 0. 6.33991069388e-22 0.
1540183020 1 9597.69335938 0. 6.33816639988e-22 0.
1540183080 1 9584.30371094 0. 6.33831888755e-22 0.
1540183141 1 9570.94042969 0. 6.33842289612e-22 0.
1540183201 1 9553.24023438 0. 6.33567421105e-22 0.
1540183261 1 9538.57714844 0. 6.33502297096e-22 0.
1540183321 1 9525.27832031 0. 6.33487967451e-22 0.
1540183381 1 9514.57910156 0. 6.33644224629e-22 0.
1540183441 1 9497.44921875 0. 6.33418602216e-22 0.
1540183501 1 9486.18261719 0. 6.33550834509e-22 0.
1540183562 1 9468.22167969 0. 6.33262401756e-22 0.
1540183622 1 9445.36914062 0. 6.32611182182e-22 0.
1540183682 1 9434.73046875 0. 6.32788546967e-22 0.
1540183742 1 9419.58789062 0. 6.32685938534e-22 0.
1540183802 1 9404.4375 0. 6.32582085532e-22 0.
1540183862 1 9390.64257812 0. 6.32629402355e-22 0.
1540183922 1 9373.0 0. 6.32310611646e-22 0.
1540183983 1 9358.11914062 0. 6.32184716091e-22 0.
1540184043 1 9344.82226562 0. 6.32169149677e-22 0.
1540184103 1 9342.65625 0. 6.32937532079e-22 0.
1540184163 1 9345.75195312 0. 6.34088322668e-22 0.
1540184223 1 9328.44726562 0. 6.33835271609e-22 0.
1540184283 1 9318.58691406 0. 6.340933659e-22 0.
1540184343 1 9303.48242188 0. 6.33983015162e-22 0.
1540184404 1 9287.93847656 0. 6.3387093042e-22 0.
1540184464 1 9273.85253906 0. 6.33791029888e-22 0.
1540184524 1 9254.73046875 0. 6.33405356547e-22 0.
1540184584 1 9228.83886719 0. 6.32529541019e-22 0.
1540184644 1 9223.75292969 0. 6.33064460079e-22 0.
1540184704 1 9209.39257812 0. 6.32955973161e-22 0.
1540184764 1 9191.37597656 0. 6.32597792589e-22 0.
1540184824 1 9180.20507812 0. 6.32722432482e-22 0.
1540184885 1 9164.83398438 0. 6.32543229637e-22 0.
1540184945 1 9149.43652344 0. 6.32376428223e-22 0.
1540185005 1 9138.74121094 0. 6.32518542355e-22 0.
1540185040 1 9125.99023438 0. 6.32105085923e-22 0.
1540185075 1 9113.92285156 0. 6.31834593407e-22 0.
1540185136 1 9097.22460938 0. 6.31545081774e-22 0.
1540185196 1 9091.13183594 0. 6.32019357892e-22 0.
1540185256 1 9080.30371094 0. 6.32139059236e-22 0.
1540185316 1 9066.85351562 0. 6.32109974687e-22 0.
1540185376 1 9049.33886719 0. 6.31743237404e-22 0.
1540185436 1 9040.49902344 0. 6.32031043457e-22 0.
1540185496 1 9038.33105469 0. 6.32818251031e-22 0.
1540185557 1 9020.11816406 0. 6.32450788534e-22 0.
1540185617 1 9008.18359375 0. 6.32576162054e-22 0.
1540185677 1 8992.00292969 0. 6.32318048547e-22 0.
1540185737 1 8974.86035156 0. 6.32038260547e-22 0.
1540185797 1 8968.92089844 0. 6.32530204394e-22 0.
1540185857 1 8952.31933594 0. 6.32264609578e-22 0.
1540185918 1 8935.20019531 0. 6.31955590886e-22 0.
1540185978 1 8922.53417969 0. 6.31942523307e-22 0.
1540186038 1 8908.39648438 0. 6.31860220662e-22 0.
1540186098 1 8896.31933594 0. 6.3190117144e-22 0.
1540186141 1 8886.1796875 0. 6.31793731849e-22 0.
1540186185 1 8873.91503906 0. 6.31562510135e-22 0.
1540186245 1 8860.95117188 0. 6.31521534253e-22 0.
1540186305 1 8848.49121094 0. 6.31515870901e-22 0.
1540186365 1 8836.56347656 0. 6.31543406596e-22 0.
1540186425 1 8817.21191406 0. 6.3107275489e-22 0.
1540186485 1 8797.39355469 0. 6.30527088437e-22 0.
1540186545 1 8791.44726562 0. 6.30992242366e-22 0.
1540186605 1 8780.52148438 0. 6.31030040952e-22 0.
1540186666 1 8763.97070312 0. 6.30695809052e-22 0.
1540186726 1 8752.95898438 0. 6.30746702684e-22 0.
1540186786 1 8770.05175781 0. 6.32875621246e-22 0.
1540186846 1 8752.37207031 0. 6.32490749665e-22 0.
1540186906 1 8734.11425781 0. 6.32043193434e-22 0.
1540186966 1 8720.94335938 0. 6.31998440138e-22 0.
1540187026 1 8706.3359375 0. 6.31811275782e-22 0.
1540187087 1 8696.82421875 0. 6.32012618849e-22 0.
1540187147 1 8687.98632812 0. 6.32289488586e-22 0.
1540187207 1 8803.43164062 0. 6.41680197183e-22 0.
1540187267 1 9296.29882812 0. 6.78951022277e-22 0.
1540187327 1 9297.26367188 0. 6.80315079407e-22 0.
1540187387 1 9279.66113281 0. 6.80284974294e-22 0.
1540187447 1 9263.19433594 0. 6.80322147889e-22 0.
1540187508 1 9243.23632812 0. 6.80052994642e-22 0.
1540187568 1 9216.21875 0. 6.79259713493e-22 0.
1540187628 1 8889.83203125 0. 6.56363493933e-22 0.
1540187688 1 8839.85351562 0. 6.53806992821e-22 0.
1540187748 1 9198.04589844 0. 6.81441792805e-22 0.
1540187808 1 9200.38867188 0. 6.82761347441e-22 0.
1540187868 1 9183.63964844 0. 6.8270591269e-22 0.
1540187928 1 9163.12109375 0. 6.82330530724e-22 0.
1540187989 1 9149.60058594 0. 6.82522645173e-22 0.
1540188049 1 9132.97753906 0. 6.82442904863e-22 0.
1540188109 1 9120.86035156 0. 6.82677153284e-22 0.
1540188169 1 9103.61425781 0. 6.82537926363e-22 0.
1540188229 1 9085.71191406 0. 6.82327241975e-22 0.
1540188290 1 9072.83691406 0. 6.82477539207e-22 0.
1540188350 1 9057.94726562 0. 6.82496476507e-22 0.
1540188410 1 9039.85351562 0. 6.82269796905e-22 0.
1540188470 1 9025.07910156 0. 6.82285222002e-22 0.
1540188530 1 9010.0 0. 6.82325119117e-22 0.
1540188590 1 8998.19628906 0. 6.82586545921e-22 0.
1540188650 1 8981.72460938 0. 6.82516329837e-22 0.
1540188711 1 8966.88378906 0. 6.82539172288e-22 0.
1540188771 1 8948.44433594 0. 6.82294667819e-22 0.
1540188831 1 8932.7578125 0. 6.8225182986e-22 0.
1540188891 1 8915.76660156 0. 6.82099375513e-22 0.
1540188951 1 8902.02148438 0. 6.8218484029e-22 0.
1540189011 1 8886.59472656 0. 6.82162971551e-22 0.
1540189072 1 8872.36425781 0. 6.82221067721e-22 0.
1540189132 1 8856.88476562 0. 6.82199427215e-22 0.
1540189192 1 8844.89746094 0. 6.82409285565e-22 0.
1540189252 1 8824.93945312 0. 6.82039837797e-22 0.
1540189312 1 8803.55566406 0. 6.81529417622e-22 0.
1540189372 1 8789.33886719 0. 6.81568248949e-22 0.
1540189432 1 8774.0546875 0. 6.81500946956e-22 0.
1540189493 1 8761.85253906 0. 6.81680483902e-22 0.
1540189528 1 8757.14355469 0. 6.81936682812e-22 0.
1540189556 1 8746.3203125 0. 6.81677742317e-22 0.
1540189608 1 8734.09667969 0. 6.81680745712e-22 0.
1540189668 1 8718.46582031 0. 6.81593351831e-22 0.
1540189729 1 8701.43066406 0. 6.81406043907e-22 0.
1540189789 1 8684.35253906 0. 6.81186570044e-22 0.
1540189828 1 8677.16503906 0. 6.81269745946e-22 0.
1540189867 1 8665.7578125 0. 6.81172643138e-22 0.
1540189927 1 8648.80664062 0. 6.8094016025e-22 0.
1540189987 1 8635.91601562 0. 6.81027894272e-22 0.
1540190048 1 8615.2734375 0. 6.80537099929e-22 0.
1540190108 1 8595.24902344 0. 6.80063147677e-22 0.
1540190168 1 8580.47167969 0. 6.7998843923e-22 0.
1540190228 1 8567.45898438 0. 6.80024002447e-22 0.
1540190288 1 8551.1484375 0. 6.79838221345e-22 0.
1540190348 1 8535.72753906 0. 6.7969621846e-22 0.
1540190408 1 8519.60253906 0. 6.79468197666e-22 0.
1540190469 1 8505.62597656 0. 6.79465414661e-22 0.
1540190529 1 8488.40332031 0. 6.79218660031e-22 0.
1540190589 1 8475.56835938 0. 6.79300935491e-22 0.
1540190649 1 8460.08984375 0. 6.7917435114e-22 0.
1540190709 1 8440.07226562 0. 6.78665517743e-22 0.
1540190769 1 8423.37988281 0. 6.78436313143e-22 0.
1540190829 1 8415.49902344 0. 6.78894788855e-22 0.
1540190890 1 8402.03710938 0. 6.78928391083e-22 0.
1540190950 1 8389.3359375 0. 6.7897526108e-22 0.
1540191010 1 8374.64160156 0. 6.7893183366e-22 0.
1540191070 1 8357.62304688 0. 6.78653308505e-22 0.
1540191130 1 8341.87207031 0. 6.7846294108e-22 0.
1540191190 1 8333.56738281 0. 6.78860883844e-22 0.
1540191250 1 8324.58300781 0. 6.79233158085e-22 0.
1540191311 1 8306.43652344 0. 6.78876209217e-22 0.
1540191371 1 8289.07421875 0. 6.78547334584e-22 0.
1540191431 1 8273.94335938 0. 6.7839365874e-22 0.
1540191470 1 8265.99023438 0. 6.78383782044e-22 0.
1540191486 1 3328.37890625 0. 2.7540284987e-22 0.
1540191497 1 613.579223633 0. 5.06111353949e-23 0.
1540191506 1 1206.52929688 0. 9.9347093734e-23 0.
1540191515 1 1871.91101074 0. 1.53897428138e-22 0.
1540191523 1 2884.37597656 0. 2.37296089919e-22 0.
1540191532 1 4217.68164062 0. 3.46572009466e-22 0.
1540191541 1 5400.51123047 0. 4.44173553025e-22 0.
1540191549 1 6955.44189453 0. 5.71787876814e-22 0.
1540191558 1 7621.64697266 0. 6.26855789291e-22 0.
1540191567 1 8246.67773438 0. 6.78353506862e-22 0.
1540191576 1 7679.50927734 0. 6.31942828673e-22 0.
1540191585 1 7042.35449219 0. 5.7960705802e-22 0.
1540191593 1 5537.82617188 0. 4.56231514647e-22 0.
1540191602 1 4379.88378906 0. 3.60678096872e-22 0.
1540191611 1 3055.79711914 0. 2.52031096637e-22 0.
1540191620 1 2032.30859375 0. 1.67573218541e-22 0.
1540191628 1 1278.86132812 0. 1.05637275629e-22 0.
1540191637 1 731.109130859 0. 6.04790562574e-23 0.
1540191654 1 3507.57275391 0. 2.91041163099e-22 0.
1540191670 1 959.902282715 0. 7.90856052544e-23 0.
1540191678 1 1645.7845459 0. 1.35565976354e-22 0.
1540191687 1 2408.29638672 0. 1.98158171935e-22 0.
1540191695 1 3418.37768555 0. 2.81647764786e-22 0.
1540191704 1 4672.4296875 0. 3.84835190861e-22 0.
1540191712 1 5781.49072266 0. 4.76797760922e-22 0.
1540191720 1 7066.77197266 0. 5.82932367002e-22 0.
1540191729 1 7668.78027344 0. 6.33039755659e-22 0.
1540191737 1 8224.28027344 0. 6.79257277115e-22 0.
1540191746 1 7820.23583984 0. 6.46177765928e-22 0.
1540191754 1 7380.31933594 0. 6.1000833641e-22 0.
1540191763 1 6107.81298828 0. 5.05164307487e-22 0.
1540191771 1 5104.81542969 0. 4.22117478411e-22 0.
1540191779 1 3709.0871582 0. 3.07060848387e-22 0.
1540191788 1 2702.12475586 0. 2.23602597013e-22 0.
1540191796 1 1800.83435059 0. 1.49269091306e-22 0.
1540191805 1 1104.44592285 0. 9.16334893907e-23 0.
1540191816 1 4597.67089844 0. 3.82807774286e-22 0.
1540191854 1 8213.32128906 0. 6.8022612132e-22 0.
1540191914 1 8204.37792969 0. 6.80470760769e-22 0.
1540191949 1 8208.78613281 0. 6.81401473542e-22 0.
1540191985 1 8179.48876953 0. 6.79544267352e-22 0.
1540192045 1 8140.24365234 0. 6.771360119e-22 0.
1540192105 1 8131.16259766 0. 6.77365532734e-22 0.
1540192165 1 8111.50976562 0. 6.76667210469e-22 0.
1540192225 1 8091.73193359 0. 6.76044728422e-22 0.
1540192286 1 8074.01953125 0. 6.75632265733e-22 0.
1540192346 1 8058.56933594 0. 6.75417757887e-22 0.
1540192406 1 8052.31787109 0. 6.75996270151e-22 0.
1540192466 1 8041.36865234 0. 6.76151611297e-22 0.
1540192517 1 7584.93505859 0. 6.39665524088e-22 0.
1540192567 1 0.187480479479 0. 0.0 0.
