1540534327 1 261.106628418 0. 2.98210215125e-22 0.
1540534366 1 261.507751465 0. 2.98906408983e-22 0.
1540534406 1 260.586730957 0. 2.98040854143e-22 0.
1540534466 1 260.97543335 0. 2.98869911014e-22 0.
1540534519 1 260.037322998 0. 2.98056947223e-22 0.
1540534572 1 260.886077881 0. 2.99333583698e-22 0.
1540534632 1 261.007293701 0. 2.99812406571e-22 0.
1540534692 1 261.524902344 0. 3.00737024432e-22 0.
1540534753 1 263.316131592 0. 3.03218730447e-22 0.
1540534799 1 271.185821533 0. 3.12504815793e-22 0.
1540534846 1 281.771270752 0. 3.250779768e-22 0.
1540534906 1 294.760009766 0. 3.40439338865e-22 0.
1540534966 1 306.260192871 0. 3.54192260212e-22 0.
1540535026 1 313.418670654 0. 3.63016158744e-22 0.
1540535086 1 315.733886719 0. 3.66184906444e-22 0.
1540535147 1 320.324676514 0. 3.72096956139e-22 0.
1540535207 1 326.212493896 0. 3.7929266261e-22 0.
1540535254 1 325.963439941 0. 3.79387045734e-22 0.
1540535301 1 325.714324951 0. 3.7946342984e-22 0.
1540535358 1 325.216033936 0. 3.79493335963e-22 0.
1540535401 1 325.336791992 0. 3.79964893297e-22 0.
1540535447 1 325.687133789 0. 3.80595413407e-22 0.
1540535507 1 322.652282715 0. 3.77751067397e-22 0.
1540535567 1 322.687835693 0. 3.7835704384e-22 0.
1540535627 1 323.613616943 0. 3.79780466726e-22 0.
1540535688 1 321.567352295 0. 3.77897886461e-22 0.
1540535748 1 322.265075684 0. 3.79349447135e-22 0.
1540535808 1 321.009887695 0. 3.783853331e-22 0.
1540535868 1 323.23550415 0. 3.81213749351e-22 0.
1540535928 1 321.429199219 0. 3.79736180555e-22 0.
1540535988 1 320.32220459 0. 3.7889987823e-22 0.
1540536048 1 322.053924561 0. 3.8121790957e-22 0.
1540536108 1 320.568878174 0. 3.8014153384e-22 0.
1540536169 1 320.580718994 0. 3.80746814346e-22 0.
1540536229 1 317.581604004 0. 3.7768214299e-22 0.
1540536289 1 317.542327881 0. 3.78101588968e-22 0.
1540536349 1 320.192687988 0. 3.81540378126e-22 0.
1540536409 1 318.794555664 0. 3.80584856878e-22 0.
1540536469 1 318.228820801 0. 3.80446088277e-22 0.
1540536529 1 317.324249268 0. 3.80000378719e-22 0.
1540536589 1 315.860839844 0. 3.78774513832e-22 0.
1540536650 1 313.047027588 0. 3.76152205867e-22 0.
1540536710 1 314.584411621 0. 3.78556868337e-22 0.
1540536770 1 313.946990967 0. 3.78400884445e-22 0.
1540536830 1 313.172210693 0. 3.78018806912e-22 0.
1540536890 1 313.091705322 0. 3.78550900703e-22 0.
1540536950 1 312.261016846 0. 3.78241467231e-22 0.
1540537010 1 312.753265381 0. 3.79369431924e-22 0.
1540537070 1 313.665374756 0. 3.80959130068e-22 0.
1540537130 1 312.758209229 0. 3.80390701832e-22 0.
1540537191 1 311.47064209 0. 3.79718618182e-22 0.
1540537251 1 313.196014404 0. 3.82370723155e-22 0.
1540537311 1 311.557525635 0. 3.80989836898e-22 0.
1540537371 1 310.783813477 0. 3.80694216726e-22 0.
1540537431 1 310.04486084 0. 3.80470348186e-22 0.
1540537491 1 310.190307617 0. 3.8132611795e-22 0.
1540537551 1 310.357910156 0. 3.82038809191e-22 0.
1540537611 1 308.861480713 0. 3.80798055548e-22 0.
1540537653 1 309.959472656 0. 3.82623126412e-22 0.
1540537694 1 309.016174316 0. 3.81769821845e-22 0.
1540537754 1 307.698699951 0. 3.80962873271e-22 0.
1540537815 1 307.277740479 0. 3.81018021981e-22 0.
1540537875 1 306.144958496 0. 3.80399492124e-22 0.
1540537935 1 306.330047607 0. 3.81125874073e-22 0.
1540537995 1 305.34753418 0. 3.80451708052e-22 0.
1540538055 1 305.653564453 0. 3.81373357311e-22 0.
1540538115 1 307.185974121 0. 3.83754014014e-22 0.
1540538175 1 306.864776611 0. 3.83900195173e-22 0.
1540538236 1 305.744934082 0. 3.83030596864e-22 0.
1540538296 1 304.12677002 0. 3.81487851978e-22 0.
1540538356 1 301.90713501 0. 3.79070352436e-22 0.
1540538416 1 300.406860352 0. 3.77799399155e-22 0.
1540538476 1 299.225585938 0. 3.76764344848e-22 0.
1540538536 1 300.167785645 0. 3.78539830669e-22 0.
1540538596 1 277.294586182 0. 3.50676515053e-22 0.
1540538656 1 305.282714844 0. 3.86262254395e-22 0.
1540538717 1 297.01763916 0. 3.76462213102e-22 0.
1540538777 1 292.601806641 0. 3.71507207974e-22 0.
1540538837 1 290.538391113 0. 3.69402290011e-22 0.
1540538897 1 286.771575928 0. 3.65263161735e-22 0.
1540538942 1 285.921844482 0. 3.64610174598e-22 0.
1540538969 1 285.885009766 0. 3.64692296321e-22 0.
1540538983 1 229.26524353 0. 2.92993651442e-22 0.
1540538999 1 211.297119141 0. 2.69840985159e-22 0.
1540539015 1 164.889007568 0. 2.10883126303e-22 0.
1540539034 1 146.976745605 0. 1.88063900049e-22 0.
1540539052 1 115.600791931 0. 1.48149240229e-22 0.
1540539075 1 102.208862305 0. 1.31042388794e-22 0.
1540539098 1 78.4687805176 0. 1.00804917849e-22 0.
1540539127 1 66.8156738281 0. 8.58987226507e-23 0.
1540539156 1 48.071849823 0. 6.19405807465e-23 0.
1540539198 1 38.6793251038 0. 4.98978246229e-23 0.
1540539239 1 26.7795314789 0. 3.46227148448e-23 0.
1540539297 1 19.7009792328 0. 2.55289767205e-23 0.
1540539355 1 13.523935318 0. 1.7562026076e-23 0.
1540539418 1 9.71053886414 0. 1.2644136402e-23 0.
1540539480 1 7.60507726669 0. 9.91856064685e-24 0.
1540539548 1 6.44355535507 0. 8.42026563581e-24 0.
1540539615 1 5.14320278168 0. 6.73174102404e-24 0.
1540539688 1 4.2979092598 0. 5.63601450284e-24 0.
1540539760 1 2.90982460976 0. 3.8237437032e-24 0.
1540539838 1 2.0815820694 0. 2.74266836195e-24 0.
1540539916 1 1.07284593582 0. 1.41686764929e-24 0.
1540539979 1 0.413326948881 0. 5.4850545121e-25 0.
1540540042 1 0.223032742739 0. 2.96281345586e-25 0.
1540540075 1 0.093933545053 0. 1.25184694474e-25 0.
1540540108 1 0.255930751562 0. 3.40348509431e-25 0.
1540540171 1 0.397512704134 0. 5.28761565842e-25 0.
1540540233 1 0.630995452404 0. 8.38316964795e-25 0.
1540540326 1 0.798764526844 0. 1.06254376756e-24 0.
1540540419 1 2.09809780121 0. 2.78374672876e-24 0.
1540540497 1 3.16864061356 0. 4.20478443076e-24 0.
1540540574 1 4.45126485825 0. 5.90224076878e-24 0.
1540540647 1 5.37538146973 0. 7.13291110476e-24 0.
1540540719 1 6.79682207108 0. 9.01555135391e-24 0.
1540540786 1 7.9489979744 0. 1.05494886393e-23 0.
1540540854 1 11.9615831375 0. 1.58668423305e-23 0.
1540540912 1 14.9982919693 0. 1.98848639737e-23 0.
1540540970 1 22.453086853 0. 2.97435506425e-23 0.
1540541023 1 27.8077278137 0. 3.68263425365e-23 0.
1540541076 1 39.7932929993 0. 5.26633516812e-23 0.
1540541110 1 55.1616630554 0. 7.29321507483e-23 0.
1540541144 1 73.1552658081 0. 9.66996181244e-23 0.
1540541169 1 90.6260681152 0. 1.19685420768e-22 0.
1540541194 1 109.877693176 0. 1.45138641943e-22 0.
1540541215 1 131.767333984 0. 1.73903201359e-22 0.
1540541235 1 154.947738647 0. 2.04584747845e-22 0.
1540541252 1 183.889358521 0. 2.42591484195e-22 0.
1540541269 1 217.096054077 0. 2.86870264966e-22 0.
1540541284 1 287.285400391 0. 3.78915367789e-22 0.
1540541302 1 287.355804443 0. 3.79361819488e-22 0.
1540541339 1 281.595031738 0. 3.72020961749e-22 0.
1540541399 1 260.291259766 0. 3.44593766392e-22 0.
1540541459 1 271.027252197 0. 3.58964131347e-22 0.
1540541519 1 264.772583008 0. 3.5105066457e-22 0.
1540541579 1 271.353210449 0. 3.60103809191e-22 0.
1540541639 1 270.898254395 0. 3.59827838839e-22 0.
1540541699 1 267.658966064 0. 3.55939701941e-22 0.
1540541759 1 264.767700195 0. 3.52546296286e-22 0.
1540541820 1 265.051483154 0. 3.53330065071e-22 0.
1540541880 1 264.036376953 0. 3.524989488e-22 0.
1540541940 1 263.080230713 0. 3.51693432389e-22 0.
1540542000 1 262.257110596 0. 3.51050285499e-22 0.
1540542060 1 263.172027588 0. 3.52711689797e-22 0.
1540542120 1 263.507965088 0. 3.53635635562e-22 0.
1540542162 1 136.578277588 0. 1.86049812628e-22 0.
1540542204 1 0.0 0. 0.0 0.
