2862.3158304144927
632.5966629678471
10566.957954853142
1130.8400030499315
12790.799243962048
4854.757334352387
7152.157500318169
855.1592635643564
5692.5617614350695
9173.998731515048
9603.551429848862
5897.725746597429
9651.5353309026
7582.597122278403
9123.094659472927
9427.435536446417
5501.518049398057
365.4822684947345
266.70506398123615
455.699786239331
374.667741748077
289.93049713110264
8935.22140796818
8002.051382506717
7356.079633990732
1413.3013272035826
543.7567422622487
6782.031975676733
267.46802722244325
6986.448463909697
7664.220274824977
511.7829648760945
7042.922688378549
6864.2892228029195
251.7689059183705
8567.097057207908
515.5957134706485
10205.603336439784
9699.999417423855
593.3088351692242
9493.86012135388
9098.674248244317
-160613.30132534506
6480.778938150421
4134.527017236286
7025.838818253878
4807.983230698835
13363.624166694051
8205.552893617096
11539.424670684215
14828.843688294472
7701.411406552245
15045.525940663443
8286.039958640951
8875.41935864582
7772.083810388498
15994.787684769004
10415.969410476935
8423.675949594159
9228.52346219287
9033.056760374511
8956.979914282432
8799.587349056232
9276.766055177606
7912.290814303011
8726.600989658862
9581.945066132888
7129.122709889701
9462.174538938138
9424.498854460024
9972.54832393777
17170.708632107082
16668.829463429043
