7.299612797171695e-14
2.736387256647496e-05
6.391596700940391e-14
2.361186925023456e-05
2.9151656391198416e-06
2.9644881245691187e-13
2.2289952628984925e-05
2.6131780460002406e-05
3.5942719902741477e-14
2.309963619860536e-05
1.4224878758945632e-12
0.0005190124092877439
3.893277461931866e-05
0.0006117758051916729
1.8936656807399694e-05
0.0008014228601153122
4.672768826898628e-13
3.0114372334563307e-05
3.261847927028191e-05
1.9559325800806638e-14
2.4866824066041406e-16
0.0002584258619895633
0.0003325179020429144
7.726674726944186e-05
5.724100157014265e-15
2.458586327125645e-05
0.00010614312063484862
3.4635762604399886e-05
3.623921217403659e-15
0.00013620107726101442
3.8794057179668886e-05
8.617185784671998e-06
0.0007115625990908999
4.0648470277139416e-05
1.3930765083105943e-05
0.00025038575021439565
0.00014579576339523808
9.558882329314868e-05
8.950398124696111e-05
2.3839165097255098e-05
2.289863398516265e-05
2.0018334762307996e-05
2.3283127410408693e-15
0.00011523560340169706
3.402781114263776e-05
2.1040756941016413e-05
9.918790688360158e-05
2.5226763498326907e-05
2.2555151879591267e-05
6.418217905345967e-05
2.381405972415104e-05
2.3477817481212798e-05
2.051988026451024e-05
4.02689654508587e-05
0.00010790458104963074
1.6096245044538697e-05
4.3431761378258487e-05
3.311564980046422e-05
0.00016220955266547593
1.8306628402792168e-05
2.1205655304815695e-05
1.9218719035328102e-05
2.8433188266074206e-05
3.345426364562458e-05
0.00011693035522718585
4.589112503814636e-05
6.515915015854764e-14
2.4363306066887315e-14
2.825730522474509e-05
2.54506527846682e-05
5.607494928735473e-14
0.0001978725782372773
2.010920817648734e-05
2.1718115232232933e-05
5.969112695011225e-14
0.00014083327060078945
2.114618393788492e-05
4.608141547680217e-05
1.85657389944438e-14
0.00010176309911650566
0.00013260624858277078
