7165.157960710876
8059.529730884945
569.0763711147129
5677.338258950403
1446.7357316110163
915.0111213462208
7833.917319036496
8220.039963446006
7489.082264607229
8119.921951478043
7234.017059431437
1217.533424526614
7818.8911817979015
2005.9264963628186
8847.77013357331
8847.19052371553
8307.962592383166
2542.6467327219716
10133.34527107666
10737.889311917452
4472.244420527207
9137.049234074697
3107.824611664862
7260.3657716917205
3618.0152975465066
7998.782231813206
3228.0490626764754
8129.283351366615
7565.352407044907
6991.965827565486
8624.313924920303
9380.6681755255
9372.702996225315
9344.848123262362
4037.893416831495
1132.5253345796195
8441.012764171555
2916.457892884204
918.1716651961736
3633.395981876661
2971.2595139828813
1139.033213317676
