14857.44639998903
7855.687607847139
16482.203746342526
8905.076262626932
7989.730293431698
16237.596693163969
617.8169519444629
1989.4646028808613
16452.973931797827
677.1180605193923
14760.371703836609
6635.676805110533
4072.458292124733
17947.200767178787
1492.2019176816107
7564.230021499403
14684.09469538625
2800.1627888554526
3789.662263285948
13626.55485874386
14059.942314428314
17912.773744273545
6878.992139758418
15781.590129160337
16055.586099812568
409.06708349505334
15661.032464370826
4144.737897047648
16115.864683555075
16208.513220836456
7808.635973987959
10878.045248689947
18934.03747014657
2469.07027147457
5895.077370893487
6844.750508359329
17173.16935779816
15584.774947760667
16685.964813515908
1205.7548759477695
1168.2361676729124
3142.2172162112297
10496.00960740894
15736.054864791888
1250.9314450291934
2432.9064781714374
15116.309492519216
839.161527292335
1616.313991435528
15818.607684670465
516.9809471039845
805.9795308063235
2287.550033385714
10017.863231268868
16341.443982748318
7409.710943373086
10153.693824227366
3695.5258048078185
18098.68278909955
3793.7933880758046
1948.2079268139603
3695.384698522104
1672.4810177160537
5779.139060381273
17432.844531081002
10616.259479177168
13137.158253566982
15370.8067508945
2368.7028870776967
-60261.02955239793
10863.370452755522
16219.642180910436
2380.8057809872894
1690.3161227120875
12229.859857163112
16861.274023487025
2466.8645450331583
5470.243393455411
14104.048903059991
16218.367701369247
14379.862655361563
