212497505.63567007
158773822.443766
518041605.0013242
423988461.2157318
516403363.9520812
322673191.1420947
475536489.89066935
12180830.058246149
523673773.5440862
515501451.00169396
517298292.88854116
489216690.147996
529388408.5965594
498040012.82079375
490955332.68953335
425731903.84252244
102984231.4918355
122736556.13905767
147438255.11098433
176473402.93003583
295341617.2352631
214044648.74705654
295051461.4530715
253532904.00703964
305178833.5240898
308832328.13955355
296822671.05899346
122228311.26460694
166098048.61614212
121466442.087898
146530831.7255532
253631742.8873799
166494717.52352273
99110122.83391562
157204051.480811
317781883.0055684
318249868.7775668
338393141.8243378
314055822.4583951
337244870.4460733
325746290.9521514
163068741.5907873
341231259.4354675
406910861.6581959
425762277.7795585
412978426.9234099
401121564.82206726
462059956.7036735
573811665.8196101
435293127.1022434
390766212.13587177
441394043.3076749
434015748.31109977
471106590.8440357
449326285.55415344
465801195.5793044
591412736.6106154
602092710.5326533
526426509.2616713
510757305.920918
536605021.186632
536568862.37943256
484537363.40195113
550173096.0160882
530101805.2943759
598047239.5342085
558982106.3478607
608819519.2769995
500241604.78546405
728679197.4730903
713048628.2738194
770522830.7742953
713574287.4727492
