1462571218 1 6.87018108368 0. 3.93234788246e-22 0.
1462571279 1 6.86684799194 0. 3.93574014146e-22 0.
1462571339 1 6.84923553467 0. 3.93065052695e-22 0.
1462571399 1 6.83927154541 0. 3.92959630398e-22 0.
1462571459 1 6.84345912933 0. 3.93662861254e-22 0.
1462571501 1 6.85023450851 0. 3.94301362135e-22 0.
1462571542 1 6.85241174698 0. 3.94702115551e-22 0.
1462571603 1 6.85010814667 0. 3.94940530739e-22 0.
1462571663 1 6.83529567719 0. 3.94495107445e-22 0.
1462571723 1 6.82354068756 0. 3.94213206565e-22 0.
1462571783 1 6.81271409988 0. 3.94014295169e-22 0.
1462571843 1 6.80466604233 0. 3.93957573599e-22 0.
1462571903 1 6.80031776428 0. 3.94119867125e-22 0.
1462571963 1 6.79458522797 0. 3.94197678696e-22 0.
1462572023 1 6.78584957123 0. 3.94093359163e-22 0.
1462572083 1 6.77663230896 0. 3.93966397356e-22 0.
1462572143 1 6.77366256714 0. 3.94205538597e-22 0.
1462572204 1 6.76367664337 0. 3.94035650373e-22 0.
1462572264 1 6.76176261902 0. 3.94319433026e-22 0.
1462572324 1 6.75300264359 0. 3.94208542594e-22 0.
1462572384 1 6.75193119049 0. 3.94548114339e-22 0.
1462572444 1 6.73597431183 0. 3.94015288411e-22 0.
1462572504 1 6.73049402237 0. 3.94092926161e-22 0.
1462572564 1 6.71873283386 0. 3.93799857477e-22 0.
1462572624 1 6.71472358704 0. 3.93981076443e-22 0.
1462572673 1 6.70712089539 0. 3.938367497e-22 0.
1462572722 1 6.70271444321 0. 3.93894161875e-22 0.
1462572782 1 6.68983364105 0. 3.9351184822e-22 0.
1462572842 1 6.68437957764 0. 3.93593601176e-22 0.
1462572902 1 6.68069171906 0. 3.93776809406e-22 0.
1462572962 1 6.680809021 0. 3.94177890913e-22 0.
1462573022 1 6.67216682434 0. 3.94075460187e-22 0.
1462573082 1 6.66156673431 0. 3.93833576302e-22 0.
1462573142 1 6.65420818329 0. 3.93773570727e-22 0.
1462573202 1 6.64631175995 0. 3.93697532854e-22 0.
1462573262 1 6.63712501526 0. 3.93539776904e-22 0.
1462573323 1 6.63705062866 0. 3.93921299983e-22 0.
1462573383 1 6.62785148621 0. 3.93753600843e-22 0.
1462573443 1 6.62281322479 0. 3.93846662331e-22 0.
1462573503 1 6.62104606628 0. 3.94122337186e-22 0.
1462573563 1 6.60704040527 0. 3.93657563513e-22 0.
1462573623 1 6.603058815 0. 3.93791786845e-22 0.
1462573683 1 6.59458208084 0. 3.93658407076e-22 0.
1462573743 1 6.59174537659 0. 3.93863029357e-22 0.
1462573803 1 6.58902072906 0. 3.94095037767e-22 0.
1462573863 1 6.5827832222 0. 3.94089647295e-22 0.
1462573923 1 6.57778739929 0. 3.94152913028e-22 0.
1462573984 1 6.56443023682 0. 3.9372080726e-22 0.
1462574044 1 6.55952358246 0. 3.93819656907e-22 0.
1462574104 1 6.55183982849 0. 3.93721828781e-22 0.
1462574164 1 6.5462064743 0. 3.93766354636e-22 0.
1462574224 1 6.54211235046 0. 3.93885353596e-22 0.
1462574284 1 6.53770160675 0. 3.93979534903e-22 0.
1462574344 1 6.52937030792 0. 3.9385506405e-22 0.
1462574404 1 6.52734279633 0. 3.94088598604e-22 0.
1462574464 1 6.52683639526 0. 3.94429271672e-22 0.
1462574524 1 6.51567935944 0. 3.94119598942e-22 0.
1462574584 1 6.50862026215 0. 3.94038299437e-22 0.
1462574645 1 6.49881839752 0. 3.93808803419e-22 0.
1462574705 1 6.49393749237 0. 3.93873361922e-22 0.
1462574765 1 6.49228286743 0. 3.94145094991e-22 0.
1462574825 1 6.48162412643 0. 3.93855956642e-22 0.
1462574885 1 6.47425365448 0. 3.93768043804e-22 0.
1462574945 1 6.47049999237 0. 3.93903019949e-22 0.
1462575005 1 6.46421909332 0. 3.93879443877e-22 0.
1462575065 1 6.46009254456 0. 3.93970557056e-22 0.
1462575125 1 6.45604991913 0. 3.94080796797e-22 0.
1462575185 1 6.44634056091 0. 3.93853074528e-22 0.
1462575245 1 6.43932247162 0. 3.93774399092e-22 0.
1462575305 1 6.43037223816 0. 3.93573777485e-22 0.
1462575366 1 6.42637825012 0. 3.93687761353e-22 0.
1462575426 1 6.41641664505 0. 3.9341715284e-22 0.
1462575468 1 6.42961120605 0. 3.9451208463e-22 0.
1462575486 1 6.42348194122 0. 3.94248385817e-22 0.
1462575523 1 6.41789913177 0. 3.9410090923e-22 0.
1462575583 1 6.40769863129 0. 3.9382465996e-22 0.
1462575643 1 6.40089035034 0. 3.9375881678e-22 0.
1462575704 1 6.401927948 0. 3.9417363157e-22 0.
1462575764 1 6.38565349579 0. 3.93508979062e-22 0.
1462575824 1 6.37901306152 0. 3.93439763733e-22 0.
1462575884 1 6.37069225311 0. 3.93273724744e-22 0.
1462575944 1 6.37336778641 0. 3.93786185345e-22 0.
1462575994 1 6.36526823044 0. 3.93557941038e-22 0.
1462576044 1 6.36205196381 0. 3.93669720811e-22 0.
1462576104 1 6.35713863373 0. 3.937141714e-22 0.
1462576164 1 6.35017585754 0. 3.93619986643e-22 0.
1462576224 1 6.34603595734 0. 3.9371490651e-22 0.
1462576284 1 6.33528757095 0. 3.93383933613e-22 0.
1462576344 1 1.18830537796 0. 1.51036926111e-21 0.
1462576405 1 8.19209599285e-05 0. 0.0 0.
