1462585787 1 160.308639526 0. 3.36974210945e-22 0.
1462585847 1 160.140686035 0. 3.37330034612e-22 0.
1462585908 1 159.914505005 0. 3.37539547044e-22 0.
1462585968 1 159.729171753 0. 3.3783459693e-22 0.
1462586028 1 159.50201416 0. 3.38039946224e-22 0.
1462586064 1 159.4037323 0. 3.38243732423e-22 0.
1462586101 1 159.284896851 0. 3.38402126226e-22 0.
1462586162 1 159.096939087 0. 3.39831450612e-22 0.
1462586206 1 158.913650513 0. 3.38752032186e-22 0.
1462586228 1 158.836166382 0. 3.38830819627e-22 0.
1462586265 1 158.766738892 0. 3.39089544187e-22 0.
1462586325 1 158.555236816 0. 3.39326559056e-22 0.
1462586385 1 158.366119385 0. 3.39563035031e-22 0.
1462586445 1 158.184371948 0. 3.39820636904e-22 0.
1462586505 1 158.009414673 0. 3.40079473114e-22 0.
1462586565 1 157.879943848 0. 3.40428396435e-22 0.
1462586625 1 157.653381348 0. 3.40579951337e-22 0.
1462586672 1 157.489105225 0. 3.40709210049e-22 0.
1462586696 1 157.427459717 0. 3.40835064491e-22 0.
1462586733 1 157.38130188 0. 3.41126281097e-22 0.
1462586785 1 157.169464111 0. 3.4119955511e-22 0.
1462586814 1 157.086013794 0. 3.55384906958e-22 0.
1462586852 1 157.01461792 0. 3.41540036965e-22 0.
1462586908 1 156.83984375 0. 3.41728055152e-22 0.
1462586942 1 156.691253662 0. 3.41756778831e-22 0.
1462586979 1 156.62059021 0. 3.41989658445e-22 0.
1462587039 1 156.48739624 0. 3.42291026902e-22 0.
1462587100 1 156.250473022 0. 3.42373973564e-22 0.
1462587160 1 156.122695923 0. 3.42684138228e-22 0.
1462587220 1 155.864028931 0. 3.42715942728e-22 0.
1462587280 1 155.746612549 0. 3.43051837932e-22 0.
1462587340 1 155.599395752 0. 3.43279553921e-22 0.
1462587400 1 155.335632324 0. 3.43243414053e-22 0.
1462587460 1 155.212982178 0. 3.43544588496e-22 0.
1462587520 1 155.00340271 0. 3.43638243583e-22 0.
1462587574 1 154.900787354 0. 3.43933327958e-22 0.
1462587604 1 154.743911743 0. 3.43859734871e-22 0.
1462587641 1 154.72644043 0. 3.44188408391e-22 0.
1462587701 1 154.515838623 0. 3.44290020598e-22 0.
1462587761 1 154.359222412 0. 3.4448133112e-22 0.
1462587822 1 154.195785522 0. 3.44647865495e-22 0.
1462587882 1 154.071975708 0. 3.44925414588e-22 0.
1462587942 1 153.882247925 0. 3.45041883165e-22 0.
1462588002 1 153.641479492 0. 3.45085676328e-22 0.
1462588062 1 153.572143555 0. 3.45487288969e-22 0.
1462588122 1 153.326034546 0. 3.45459661303e-22 0.
1462588182 1 153.145065308 0. 3.45555227709e-22 0.
1462588242 1 152.961578369 0. 3.45648303525e-22 0.
1462588302 1 152.780776978 0. 3.45752163359e-22 0.
1462588362 1 152.744247437 0. 3.46175691008e-22 0.
1462588422 1 152.62979126 0. 3.46401098064e-22 0.
1462588482 1 152.524185181 0. 3.46660167532e-22 0.
1462588543 1 152.279556274 0. 3.46580849949e-22 0.
1462588603 1 152.161254883 0. 3.46798276514e-22 0.
1462588663 1 152.010772705 0. 3.46916768323e-22 0.
1462588723 1 151.836746216 0. 3.4701617172e-22 0.
1462588783 1 151.802307129 0. 3.47425597735e-22 0.
1462588843 1 151.536972046 0. 3.47267968526e-22 0.
1462588903 1 151.458282471 0. 3.47536400803e-22 0.
1462588938 1 151.321212769 0. 3.47492095346e-22 0.
1462588949 1 151.355072021 0. 3.47662016665e-22 0.
1462588984 1 151.168106079 0. 3.47499996223e-22 0.
1462589044 1 151.071273804 0. 3.47714375592e-22 0.
1462589104 1 150.921676636 0. 3.47821141608e-22 0.
1462589164 1 150.827713013 0. 3.48051462279e-22 0.
1462589225 1 150.62902832 0. 3.48045033967e-22 0.
1462589285 1 150.411712646 0. 3.47998281265e-22 0.
1462589345 1 150.227737427 0. 3.48006166637e-22 0.
1462589405 1 150.101043701 0. 3.48165040231e-22 0.
1462589465 1 149.970428467 0. 3.48292006968e-22 0.
1462589525 1 149.843490601 0. 3.48424459039e-22 0.
1462589585 1 149.706466675 0. 3.48522868865e-22 0.
1462589645 1 149.633605957 0. 3.48756118141e-22 0.
1462589706 1 149.410125732 0. 3.48660299483e-22 0.
1462589766 1 149.297821045 0. 3.48805854479e-22 0.
1462589827 1 149.2315979 0. 3.49066225055e-22 0.
1462589887 1 149.062301636 0. 3.49087726579e-22 0.
1462589947 1 148.847351074 0. 3.48992532916e-22 0.
1462590008 1 148.760421753 0. 3.49183302023e-22 0.
1462590069 1 148.643997192 0. 3.4929653737e-22 0.
1462590129 1 148.528091431 0. 3.49432972452e-22 0.
1462590190 1 148.420776367 0. 3.49597864769e-22 0.
1462590250 1 148.271209717 0. 3.49641057166e-22 0.
1462590311 1 148.201049805 0. 3.49867054512e-22 0.
1462590371 1 147.74067688 0. 3.49184114759e-22 0.
1462590432 1 147.7940979 0. 3.49709452668e-22 0.
1462590492 1 147.696472168 0. 3.49878644897e-22 0.
1462590553 1 147.611968994 0. 3.50066637765e-22 0.
1462590613 1 147.486312866 0. 3.5014532666e-22 0.
1462590649 1 147.464874268 0. 3.50313203507e-22 0.
1462590659 1 147.343704224 0. 3.50083170776e-22 0.
1462590669 1 147.385040283 0. 3.50257071148e-22 0.
1462590679 1 147.277755737 0. 3.50069407909e-22 0.
1462590714 1 147.288711548 0. 3.50306719743e-22 0.
1462590749 1 147.22253418 0. 3.50363571962e-22 0.
1462590759 1 147.14553833 0. 3.50232383978e-22 0.
1462590794 1 147.028823853 0. 3.50175794582e-22 0.
1462590854 1 146.857192993 0. 3.50149632628e-22 0.
1462590914 1 146.714508057 0. 3.501908776e-22 0.
1462590974 1 146.505569458 0. 3.50071148621e-22 0.
1462591034 1 146.436141968 0. 3.50278169198e-22 0.
1462591094 1 146.223342896 0. 3.50138188833e-22 0.
1462591155 1 146.095458984 0. 3.50197589043e-22 0.
1462591215 1 145.936920166 0. 3.50188198e-22 0.
1462591275 1 145.744766235 0. 3.50088227323e-22 0.
1462591335 1 145.631347656 0. 3.50168923294e-22 0.
1462591395 1 145.486160278 0. 3.50187849093e-22 0.
1462591455 1 145.399047852 0. 3.50337160017e-22 0.
1462591515 1 145.162979126 0. 3.50123437341e-22 0.
1462591575 1 144.900665283 0. 3.49864917251e-22 0.
1462591635 1 144.63710022 0. 3.49641205097e-22 0.
1462591695 1 144.813308716 0. 3.50449010766e-22 0.
1462591755 1 144.648223877 0. 3.50435431277e-22 0.
1462591816 1 144.468215942 0. 3.50397451895e-22 0.
1462591876 1 144.497436523 0. 3.50842925978e-22 0.
1462591936 1 144.111602783 0. 3.50200726013e-22 0.
1462591996 1 144.158935547 0. 3.5065162326e-22 0.
1462592056 1 144.142028809 0. 3.50911623039e-22 0.
1462592116 1 144.034606934 0. 3.53332014967e-22 0.
1462592151 1 143.767608643 0. 3.50505129474e-22 0.
1462592161 1 143.770904541 0. 3.50569228223e-22 0.
1462592171 1 143.738647461 0. 3.50558261732e-22 0.
1462592181 1 143.711700439 0. 3.50566163179e-22 0.
1462592193 1 143.734313965 0. 3.5070025225e-22 0.
1462592230 1 143.66809082 0. 3.50742436377e-22 0.
1462592290 1 143.457077026 0. 3.50589386117e-22 0.
1462592350 1 143.327987671 0. 3.50612376329e-22 0.
1462592410 1 143.246078491 0. 3.50768532625e-22 0.
1462592470 1 143.077453613 0. 3.50688346891e-22 0.
1462592530 1 142.971374512 0. 3.50780168846e-22 0.
1462592590 1 142.817443848 0. 3.5074355912e-22 0.
1462592650 1 142.858093262 0. 3.51197304461e-22 0.
1462592711 1 142.592636108 0. 3.50899052016e-22 0.
1462592771 1 142.455444336 0. 3.50905192422e-22 0.
1462592831 1 142.298904419 0. 3.50871127218e-22 0.
1462592891 1 142.103927612 0. 3.50726319103e-22 0.
1462592951 1 141.96484375 0. 3.50708961613e-22 0.
1462593011 1 141.898757935 0. 3.50888084239e-22 0.
1462593059 1 141.768096924 0. 3.508452435e-22 0.
1462593108 1 141.659790039 0. 3.50844716462e-22 0.
1462593168 1 141.369293213 0. 3.5046084824e-22 0.
1462593228 1 140.561203003 0. 3.4878173886e-22 0.
1462593268 1 140.346176147 0. 3.48480876565e-22 0.
1462593301 1 140.307113647 0. 3.48583274981e-22 0.
1462593352 1 140.213623047 0. 3.48649801219e-22 0.
1462593413 1 139.922409058 0. 3.48931046492e-22 0.
1462593473 1 139.648498535 0. 3.47908685968e-22 0.
1462593533 1 139.552871704 0. 3.47999981468e-22 0.
1462593576 1 134.796386719 0. 3.36231029936e-22 0.
1462593619 1 0.00200731819496 0. 1.30515398238e-23 0.
1462593679 1 0.00200234353542 0. 0.0 0.
1462593739 1 0.00201482279226 0. 0.0 0.
1462593799 1 0.00199873792008 0. 0.0 0.
1462593836 1 0.00195855903439 0. 0.0 0.
1462593872 1 0.00196558469906 0. 0.0 0.
1462593932 1 0.00199836282991 0. 0.0 0.
1462593992 1 0.00200304761529 0. 0.0 0.
