1462998237 1 1953.30517578 0. 3.16828955085e-22 0.
1462998297 1 1957.22351074 0. 3.17844865268e-22 0.
1462998332 1 1954.08935547 0. 3.1756678231e-22 0.
1462998367 1 1950.79003906 0. 3.17231680943e-22 0.
1462998427 1 1951.16662598 0. 3.17661816005e-22 0.
1462998487 1 1952.96936035 0. 3.18327806116e-22 0.
1462998547 1 1950.74572754 0. 3.18343182808e-22 0.
1462998608 1 1859.140625 0. 3.03746726847e-22 0.
1462998668 1 1902.5246582 0. 3.11269015992e-22 0.
1462998728 1 1920.46765137 0. 3.14509403519e-22 0.
1462998786 1 2005.87976074 0. 3.28915304298e-22 0.
1462998821 1 2005.90222168 0. 3.29162168197e-22 0.
1462998859 1 2005.94177246 0. 3.29398611035e-22 0.
1462998916 1 2004.71411133 0. 3.29558747937e-22 0.
1462998956 1 2003.93469238 0. 3.29687429853e-22 0.
1462998993 1 2001.4855957 0. 3.29521454494e-22 0.
1462999048 1 2000.2130127 0. 3.29642030977e-22 0.
1462999108 1 1997.88171387 0. 3.2963268753e-22 0.
1462999168 1 1995.61682129 0. 3.29606274397e-22 0.
1462999228 1 1994.57287598 0. 3.29779292395e-22 0.
1462999288 1 1995.39916992 0. 3.30232600423e-22 0.
1462999342 1 1994.59082031 0. 3.30392677502e-22 0.
1462999397 1 1993.88122559 0. 3.30553067544e-22 0.
1462999448 1 1990.83654785 0. 3.30347646229e-22 0.
1462999499 1 1989.74267578 0. 3.30491557508e-22 0.
1462999560 1 1987.95153809 0. 3.30551250821e-22 0.
1462999620 1 1986.12268066 0. 3.30610173767e-22 0.
1462999680 1 1985.12988281 0. 3.30793434373e-22 0.
1462999740 1 1983.90734863 0. 3.30954089617e-22 0.
1462999800 1 1981.86279297 0. 3.30962137836e-22 0.
1462999860 1 1981.22399902 0. 3.31206847327e-22 0.
1462999920 1 1979.36157227 0. 3.31233578414e-22 0.
1462999980 1 1977.89794922 0. 3.3132315809e-22 0.
1463000040 1 1976.4876709 0. 3.31416616899e-22 0.
1463000100 1 1975.16308594 0. 3.3152009572e-22 0.
1463000160 1 1973.5904541 0. 3.31596523415e-22 0.
1463000221 1 1971.87695312 0. 3.31637559003e-22 0.
1463000281 1 1969.95507812 0. 3.31643279259e-22 0.
1463000324 1 1968.28344727 0. 3.31590074669e-22 0.
1463000367 1 1967.84997559 0. 3.31734378003e-22 0.
1463000427 1 1966.5045166 0. 3.31815422734e-22 0.
1463000462 1 1965.78466797 0. 3.31879020658e-22 0.
1463000497 1 1965.06201172 0. 3.31927602483e-22 0.
1463000557 1 1963.5682373 0. 3.3198259701e-22 0.
1463000617 1 1961.89685059 0. 3.32016238258e-22 0.
1463000677 1 1960.45959473 0. 3.32086204261e-22 0.
1463000738 1 1959.93127441 0. 3.32287690124e-22 0.
1463000798 1 1958.26916504 0. 3.32314686042e-22 0.
1463000858 1 1957.01501465 0. 3.32411601551e-22 0.
1463000918 1 1955.10461426 0. 3.3239139144e-22 0.
1463000978 1 1953.55493164 0. 3.32432005526e-22 0.
1463001038 1 1951.56567383 0. 3.32390254321e-22 0.
1463001098 1 1949.83789062 0. 3.32396477603e-22 0.
1463001158 1 1949.01245117 0. 3.32561892394e-22 0.
1463001218 1 1947.20605469 0. 3.32546161645e-22 0.
1463001278 1 1945.80517578 0. 3.3260015315e-22 0.
1463001338 1 1945.34094238 0. 3.32802563973e-22 0.
1463001399 1 1944.70019531 0. 3.32984869455e-22 0.
1463001459 1 1943.58520508 0. 3.33094516023e-22 0.
1463001519 1 1941.95129395 0. 3.33109322164e-22 0.
1463001579 1 1940.33581543 0. 3.33119454437e-22 0.
1463001639 1 1938.70544434 0. 3.33129860859e-22 0.
1463001699 1 1936.3170166 0. 3.33007260591e-22 0.
1463001759 1 1935.15576172 0. 3.33093221006e-22 0.
1463001819 1 1934.11242676 0. 3.33201002277e-22 0.
1463001879 1 1933.61022949 0. 3.33407240839e-22 0.
1463001923 1 1932.74658203 0. 3.33465819325e-22 0.
1463001968 1 1930.62890625 0. 3.33304484159e-22 0.
1463002028 1 1929.21911621 0. 3.33348044798e-22 0.
1463002088 1 1928.7923584 0. 3.33556107304e-22 0.
1463002148 1 1927.97412109 0. 3.3428742837e-22 0.
1463002208 1 1926.56408691 0. 3.33720644773e-22 0.
1463002268 1 1924.88354492 0. 3.33701888638e-22 0.
1463002328 1 1923.47741699 0. 3.33730155281e-22 0.
1463002388 1 1921.7175293 0. 3.33705305015e-22 0.
1463002448 1 1919.99328613 0. 3.33679764528e-22 0.
1463002509 1 1917.36743164 0. 3.33492307945e-22 0.
1463002569 1 1917.26245117 0. 3.33749177488e-22 0.
1463002629 1 1914.66711426 0. 3.3358047591e-22 0.
1463002689 1 1913.03662109 0. 3.33579172715e-22 0.
1463002749 1 1911.88928223 0. 3.33649616211e-22 0.
1463002809 1 1910.96252441 0. 3.33754950555e-22 0.
1463002869 1 1909.6496582 0. 3.33807536999e-22 0.
1463002929 1 1907.86206055 0. 3.33776682272e-22 0.
1463002989 1 1906.41320801 0. 3.33781291314e-22 0.
1463003049 1 1904.65332031 0. 3.33741110028e-22 0.
1463003104 1 1903.16320801 0. 3.33721990426e-22 0.
1463003159 1 1902.38598633 0. 3.33826939589e-22 0.
1463003220 1 1900.13256836 0. 3.33697523947e-22 0.
1463003280 1 1899.61767578 0. 3.33879292051e-22 0.
1463003341 1 1898.00439453 0. 3.33853865261e-22 0.
1463003401 1 1897.47570801 0. 3.34024727089e-22 0.
1463003462 1 1896.14306641 0. 3.3407934143e-22 0.
1463003522 1 1895.12573242 0. 3.34176567654e-22 0.
1463003583 1 1893.48864746 0. 3.34164203152e-22 0.
1463003644 1 1892.81079102 0. 3.3431061259e-22 0.
1463003704 1 1889.90856934 0. 3.34080553478e-22 0.
1463003747 1 1888.94226074 0. 3.34096090835e-22 0.
1463003790 1 1886.96154785 0. 3.33936422196e-22 0.
1463003850 1 1888.07250977 0. 3.34408883022e-22 0.
1463003910 1 1886.56738281 0. 3.34418737711e-22 0.
1463003970 1 1885.56164551 0. 3.34515312364e-22 0.
1463004031 1 1882.94030762 0. 3.3431741495e-22 0.
1463004091 1 1880.44299316 0. 3.34150297093e-22 0.
1463004151 1 1881.27844238 0. 3.34551573993e-22 0.
1463004211 1 1878.84008789 0. 3.34399391588e-22 0.
1463004271 1 1878.00695801 0. 3.34525307803e-22 0.
1463004331 1 1876.25146484 0. 3.3447110625e-22 0.
1463004391 1 1876.30639648 0. 3.34753274664e-22 0.
1463004437 1 1874.37927246 0. 3.34608911325e-22 0.
1463004482 1 1874.36120605 0. 3.34798909128e-22 0.
1463004543 1 1873.8638916 0. 3.34973366731e-22 0.
1463004603 1 1873.32263184 0. 3.3511708214e-22 0.
1463004663 1 1871.72119141 0. 3.35094259312e-22 0.
1463004723 1 1869.92370605 0. 3.3503650773e-22 0.
1463004783 1 1868.72229004 0. 3.35076923957e-22 0.
1463004843 1 1868.63684082 0. 3.35308921572e-22 0.
1463004903 1 1866.46557617 0. 3.35173578322e-22 0.
1463004963 1 1863.65283203 0. 3.34942196841e-22 0.
1463005023 1 1862.4185791 0. 3.34986362652e-22 0.
1463005083 1 1860.48254395 0. 3.34883883329e-22 0.
1463005143 1 1858.89331055 0. 3.34868639621e-22 0.
1463005204 1 1857.71862793 0. 3.34906848102e-22 0.
1463005264 1 1855.1505127 0. 3.3470480604e-22 0.
1463005324 1 1854.60253906 0. 3.34846499126e-22 0.
1463005384 1 1853.18383789 0. 3.34856891187e-22 0.
1463005444 1 1852.15881348 0. 3.34929555173e-22 0.
1463005504 1 1851.63793945 0. 3.35078806416e-22 0.
1463005564 1 1846.83508301 0. 3.34466084665e-22 0.
1463005624 1 1846.81677246 0. 3.34713598799e-22 0.
1463005684 1 1845.49328613 0. 3.34721930362e-22 0.
1463005744 1 1845.15966797 0. 3.34912312233e-22 0.
1463005804 1 1842.57226562 0. 3.34692915685e-22 0.
1463005865 1 1842.41442871 0. 3.34910099303e-22 0.
1463005925 1 1841.1315918 0. 3.34927381478e-22 0.
1463005985 1 1839.73864746 0. 3.34921636958e-22 0.
1463006045 1 1838.53173828 0. 3.34954535289e-22 0.
1463006105 1 1837.22192383 0. 3.34965250865e-22 0.
1463006165 1 1835.08239746 0. 3.34825612667e-22 0.
1463006225 1 1833.29821777 0. 3.34747215164e-22 0.
1463006285 1 1833.20202637 0. 3.34963868575e-22 0.
1463006345 1 1831.9197998 0. 3.34957442106e-22 0.
1463006405 1 1830.92858887 0. 3.35023766912e-22 0.
1463006465 1 1830.6048584 0. 3.3520701407e-22 0.
1463006525 1 1829.87475586 0. 3.35325988632e-22 0.
1463006586 1 1829.01318359 0. 3.35396607928e-22 0.
1463006646 1 1827.96411133 0. 3.35448948889e-22 0.
1463006706 1 1826.50158691 0. 3.35427209444e-22 0.
1463006766 1 1827.17285156 0. 3.35790415112e-22 0.
1463006826 1 1824.95544434 0. 3.3562041736e-22 0.
1463006886 1 1824.55981445 0. 3.35797442062e-22 0.
1463006946 1 1824.31298828 0. 3.3599809065e-22 0.
1463007006 1 1823.3145752 0. 3.36052282083e-22 0.
1463007066 1 1823.58203125 0. 3.36344480173e-22 0.
1463007126 1 1823.68286133 0. 3.36610318968e-22 0.
1463007186 1 1820.61743164 0. 3.36282777534e-22 0.
1463007246 1 1819.85632324 0. 3.36997546673e-22 0.
1463007307 1 1819.59729004 0. 3.36585124799e-22 0.
1463007367 1 1818.34460449 0. 3.36589667269e-22 0.
1463007427 1 1817.17407227 0. 3.36614017351e-22 0.
1463007487 1 1816.00598145 0. 3.36634154211e-22 0.
1463007547 1 1814.78295898 0. 3.36662565323e-22 0.
1463007607 1 1814.2791748 0. 3.36797514925e-22 0.
1463007667 1 1811.72912598 0. 3.365603299e-22 0.
1463007727 1 1810.58215332 0. 3.36585016539e-22 0.
1463007787 1 1809.3104248 0. 3.36586343563e-22 0.
1463007847 1 1807.11242676 0. 3.36426451106e-22 0.
1463007882 1 1806.9708252 0. 3.36554912786e-22 0.
1463007917 1 1806.87255859 0. 3.36669356042e-22 0.
1463007978 1 1805.91467285 0. 3.36725702205e-22 0.
1463008038 1 1804.67944336 0. 3.3673119068e-22 0.
1463008098 1 1802.22961426 0. 3.36507259448e-22 0.
1463008158 1 1801.78076172 0. 3.36675108779e-22 0.
1463008218 1 1801.62011719 0. 3.36883998155e-22 0.
1463008278 1 1801.08300781 0. 3.370066532e-22 0.
1463008338 1 1798.55810547 0. 3.36762128841e-22 0.
1463008398 1 1798.65698242 0. 3.37012641929e-22 0.
1463008458 1 1797.10998535 0. 3.36957997884e-22 0.
1463008518 1 1796.2166748 0. 3.37022146898e-22 0.
1463008578 1 1795.44348145 0. 3.37117800836e-22 0.
1463008638 1 1793.48327637 0. 3.36977439027e-22 0.
1463008699 1 1792.58666992 0. 3.37043758517e-22 0.
1463008759 1 1791.00622559 0. 3.36985051159e-22 0.
1463008819 1 1789.90917969 0. 3.37012705811e-22 0.
1463008879 1 1789.12084961 0. 3.37095576028e-22 0.
1463008939 1 1787.15356445 0. 3.36965930758e-22 0.
1463008999 1 1786.86755371 0. 3.37150223746e-22 0.
1463009059 1 1785.41699219 0. 3.37102530995e-22 0.
1463009119 1 1785.20422363 0. 3.37292667231e-22 0.
1463009179 1 1784.79846191 0. 3.37460496765e-22 0.
1463009239 1 1784.27416992 0. 3.37583967445e-22 0.
1463009299 1 1781.96911621 0. 3.3738280497e-22 0.
1463009360 1 1783.85644531 0. 3.37972009232e-22 0.
1463009420 1 1781.48791504 0. 3.37750697773e-22 0.
1463009480 1 1780.23547363 0. 3.3775626623e-22 0.
1463009540 1 1779.67883301 0. 3.37887363918e-22 0.
1463009600 1 1778.00939941 0. 3.37813435068e-22 0.
1463009660 1 1776.74511719 0. 3.37803112159e-22 0.
1463009720 1 1776.51306152 0. 3.38001801385e-22 0.
1463009780 1 1774.99902344 0. 3.37943368867e-22 0.
1463009840 1 1774.63085938 0. 3.38106331159e-22 0.
1463009877 1 1774.57397461 0. 3.38236618078e-22 0.
1463009899 1 1774.33276367 0. 3.38280998313e-22 0.
1463009945 1 1773.10717773 0. 3.38217797207e-22 0.
1463010005 1 1772.1751709 0. 3.38258219033e-22 0.
1463010065 1 1771.35998535 0. 3.38335348813e-22 0.
1463010125 1 1770.77990723 0. 3.38459155551e-22 0.
1463010185 1 1770.12561035 0. 3.38555399753e-22 0.
1463010246 1 1768.36401367 0. 3.38447537444e-22 0.
1463010306 1 1766.51745605 0. 3.38326369053e-22 0.
1463010366 1 1765.51159668 0. 3.38377928521e-22 0.
1463010426 1 1763.21032715 0. 3.3816762977e-22 0.
1463010486 1 1761.1541748 0. 3.3801015919e-22 0.
1463010546 1 1760.57055664 0. 3.38134800596e-22 0.
1463010606 1 1759.35888672 0. 3.38138973826e-22 0.
1463010666 1 1759.27612305 0. 3.38354225527e-22 0.
1463010726 1 1757.07287598 0. 3.38170914028e-22 0.
1463010786 1 1754.9822998 0. 3.37984680545e-22 0.
1463010846 1 1753.18774414 0. 3.37884810756e-22 0.
1463010906 1 1751.05737305 0. 3.37724091338e-22 0.
1463010967 1 1749.87890625 0. 3.37733351007e-22 0.
1463011027 1 1749.50146484 0. 3.3791025812e-22 0.
1463011087 1 1746.67895508 0. 3.37599007968e-22 0.
1463011147 1 1747.98535156 0. 3.38089511607e-22 0.
1463011207 1 1745.4296875 0. 3.37820479526e-22 0.
1463011267 1 1743.17260742 0. 3.37599054398e-22 0.
1463011327 1 1740.67407227 0. 3.37293982265e-22 0.
1463011387 1 1736.99816895 0. 3.36761351381e-22 0.
1463011447 1 1736.72741699 0. 3.36918073192e-22 0.
1463011507 1 1733.66564941 0. 3.36541434891e-22 0.
1463011567 1 1730.87145996 0. 3.36207251505e-22 0.
1463011628 1 1728.64367676 0. 3.3597637017e-22 0.
1463011688 1 1725.3873291 0. 3.35539930638e-22 0.
1463011748 1 1721.98254395 0. 3.35047785384e-22 0.
1463011808 1 1717.75585938 0. 3.34391469878e-22 0.
1463011868 1 1712.56152344 0. 3.33556706842e-22 0.
1463011928 1 1714.22949219 0. 3.34066155377e-22 0.
1463011988 1 1711.60131836 0. 3.33771952998e-22 0.
1463012048 1 1708.40393066 0. 3.33380539477e-22 0.
1463012108 1 1710.9173584 0. 3.34083623666e-22 0.
1463012168 1 1708.21691895 0. 3.3377537786e-22 0.
1463012228 1 1707.3536377 0. 3.33834739282e-22 0.
1463012289 1 1706.49621582 0. 3.33902299187e-22 0.
1463012349 1 1706.36474609 0. 3.34087447122e-22 0.
1463012409 1 1704.7401123 0. 3.33992189696e-22 0.
1463012469 1 1703.59094238 0. 3.34005776803e-22 0.
1463012529 1 1704.2668457 0. 3.34333865006e-22 0.
1463012589 1 1702.59936523 0. 3.34245380324e-22 0.
1463012649 1 1700.73828125 0. 3.3410799192e-22 0.
1463012709 1 1701.27124023 0. 3.34429962487e-22 0.
1463012769 1 1699.0604248 0. 3.34225584934e-22 0.
1463012829 1 1698.7409668 0. 3.34371598918e-22 0.
1463012889 1 1698.54541016 0. 3.3455989553e-22 0.
1463012949 1 1697.41088867 0. 3.34562443485e-22 0.
1463013010 1 1696.82922363 0. 3.34676780157e-22 0.
1463013070 1 1695.46643066 0. 3.34626988087e-22 0.
1463013130 1 1696.03967285 0. 3.34983469682e-22 0.
1463013190 1 1694.49243164 0. 3.34899271198e-22 0.
1463013250 1 1694.1282959 0. 3.35051818718e-22 0.
1463013310 1 1692.12976074 0. 3.3486877495e-22 0.
1463013370 1 1693.2421875 0. 3.35299895165e-22 0.
1463013430 1 1692.00952148 0. 3.35282989882e-22 0.
1463013490 1 1692.37121582 0. 3.35567618634e-22 0.
1463013550 1 1689.29699707 0. 3.35181644508e-22 0.
1463013610 1 1688.50964355 0. 3.35254725916e-22 0.
1463013670 1 1689.39575195 0. 3.3564997009e-22 0.
1463013731 1 1688.59240723 0. 3.356977538e-22 0.
1463013791 1 1687.19726562 0. 3.35639182239e-22 0.
1463013851 1 1685.90319824 0. 3.35615277256e-22 0.
1463013911 1 1686.53955078 0. 3.35958393534e-22 0.
1463013971 1 1684.01477051 0. 3.35675449063e-22 0.
1463014031 1 1683.46923828 0. 3.35786520775e-22 0.
1463014091 1 1681.65698242 0. 3.35653166147e-22 0.
1463014151 1 1680.56286621 0. 3.35653238562e-22 0.
1463014211 1 1679.01782227 0. 3.35559348869e-22 0.
1463014271 1 1676.78955078 0. 3.3533692018e-22 0.
1463014331 1 1676.41467285 0. 3.35478905379e-22 0.
1463014392 1 1675.33862305 0. 3.35496864862e-22 0.
1463014452 1 1674.40014648 0. 3.35539059699e-22 0.
1463014512 1 1673.07373047 0. 3.35485411282e-22 0.
1463014572 1 1671.38244629 0. 3.35357492164e-22 0.
1463014632 1 1671.30725098 0. 3.35563720761e-22 0.
1463014692 1 1670.40527344 0. 3.35579947414e-22 0.
1463014752 1 1668.70153809 0. 3.35429234268e-22 0.
1463014812 1 1670.12744141 0. 3.35954329702e-22 0.
1463014872 1 1668.09985352 0. 3.35765632167e-22 0.
1463014932 1 1666.96276855 0. 3.35759907891e-22 0.
1463014992 1 1666.41308594 0. 3.35867752572e-22 0.
1463015052 1 1665.18237305 0. 3.35848448111e-22 0.
1463015113 1 1664.0625 0. 3.3583376677e-22 0.
1463015173 1 1664.3684082 0. 3.36096246365e-22 0.
1463015233 1 1662.93249512 0. 3.36020635909e-22 0.
1463015293 1 1662.60388184 0. 3.36182271812e-22 0.
1463015353 1 1662.32385254 0. 3.36338778046e-22 0.
1463015413 1 1661.53820801 0. 3.36395083534e-22 0.
1463015473 1 1660.57507324 0. 3.36407170619e-22 0.
1463015533 1 1659.59143066 0. 3.36434795838e-22 0.
1463015593 1 1659.23510742 0. 3.36582914106e-22 0.
1463015653 1 1658.00317383 0. 3.36550166256e-22 0.
1463015713 1 1657.5201416 0. 3.36673993879e-22 0.
1463015774 1 1657.60522461 0. 3.36911799638e-22 0.
1463015834 1 1656.54553223 0. 3.36914629792e-22 0.
1463015894 1 1655.15771484 0. 3.36846603701e-22 0.
1463015954 1 1655.06848145 0. 3.3704412469e-22 0.
1463016014 1 1653.2701416 0. 3.36897115407e-22 0.
1463016074 1 1651.87438965 0. 3.36825270756e-22 0.
1463016134 1 1649.84350586 0. 3.36626458396e-22 0.
1463016194 1 1649.88232422 0. 3.36837129546e-22 0.
1463016254 1 1648.89074707 0. 3.36856919016e-22 0.
1463016314 1 1646.99450684 0. 3.36690519463e-22 0.
1463016374 1 1645.5546875 0. 3.36601186656e-22 0.
1463016434 1 1641.46520996 0. 3.35945611122e-22 0.
1463016495 1 1634.72229004 0. 3.34703620434e-22 0.
1463016555 1 1630.84265137 0. 3.3401919286e-22 0.
1463016615 1 1626.44152832 0. 3.33296590106e-22 0.
1463016675 1 1622.75878906 0. 3.32755277614e-22 0.
1463016735 1 1617.94104004 0. 3.31947884047e-22 0.
1463016795 1 1615.15637207 0. 3.31561688827e-22 0.
1463016855 1 1611.12768555 0. 3.30939987992e-22 0.
1463016915 1 1608.02478027 0. 3.30517507103e-22 0.
1463016975 1 1607.08300781 0. 3.30520477856e-22 0.
1463017035 1 1604.81958008 0. 3.30261162649e-22 0.
1463017095 1 1604.1348877 0. 3.30348028223e-22 0.
1463017155 1 1603.88989258 0. 3.30498232847e-22 0.
1463017216 1 1555.09790039 0. 3.20684717601e-22 0.
1463017276 1 1559.67382812 0. 3.2175389689e-22 0.
1463017336 1 1626.14453125 0. 3.35683277328e-22 0.
1463017396 1 1624.81030273 0. 3.35631961905e-22 0.
1463017456 1 1623.77416992 0. 3.35646390877e-22 0.
1463017516 1 1622.81396484 0. 3.35656342048e-22 0.
1463017576 1 1621.81884766 0. 3.35673669866e-22 0.
1463017636 1 1620.76135254 0. 3.35672198972e-22 0.
1463017697 1 1619.4342041 0. 3.356064731e-22 0.
1463017757 1 1618.41601562 0. 3.35605973997e-22 0.
1463017817 1 1617.51416016 0. 3.35634534603e-22 0.
1463017877 1 1616.05615234 0. 3.35527476328e-22 0.
1463017937 1 1614.72290039 0. 3.35477041247e-22 0.
1463017997 1 1613.67663574 0. 3.35470535944e-22 0.
1463018057 1 1612.28540039 0. 3.35414154044e-22 0.
1463018117 1 1610.73449707 0. 3.3529087791e-22 0.
1463018177 1 1610.0723877 0. 3.35362958032e-22 0.
1463018237 1 1607.9675293 0. 3.35126714027e-22 0.
1463018298 1 1606.27685547 0. 3.34975122323e-22 0.
1463018358 1 1605.48034668 0. 3.3499193595e-22 0.
1463018419 1 1604.36010742 0. 3.34969673734e-22 0.
1463018479 1 1603.16381836 0. 3.34923343508e-22 0.
1463018540 1 1602.22558594 0. 3.34940438745e-22 0.
1463018600 1 1601.17138672 0. 3.34946219977e-22 0.
1463018661 1 1599.04492188 0. 3.34699353826e-22 0.
1463018721 1 1597.76147461 0. 3.34646721199e-22 0.
1463018782 1 1596.51147461 0. 3.34610536001e-22 0.
1463018843 1 1595.74719238 0. 3.346646628e-22 0.
1463018903 1 1594.76977539 0. 3.34662160136e-22 0.
1463018964 1 1593.04211426 0. 3.3453090106e-22 0.
1463019024 1 1592.18066406 0. 3.34550667657e-22 0.
1463019085 1 1591.2644043 0. 3.34566893705e-22 0.
1463019136 1 1589.83117676 0. 3.3446118196e-22 0.
1463019187 1 1588.32836914 0. 3.34316947822e-22 0.
1463019247 1 1586.78466797 0. 3.34189052592e-22 0.
1463019308 1 1585.61535645 0. 3.34160693689e-22 0.
1463019368 1 1584.40319824 0. 3.34112535966e-22 0.
1463019428 1 1583.59094238 0. 3.34168050336e-22 0.
1463019488 1 1582.35913086 0. 3.34114541855e-22 0.
1463019548 1 1580.78381348 0. 3.33993180955e-22 0.
1463019608 1 1579.36425781 0. 3.33905206611e-22 0.
1463019668 1 1578.78613281 0. 3.33986263882e-22 0.
1463019729 1 1576.82873535 0. 3.33786202276e-22 0.
1463019789 1 1575.82995605 0. 3.34398688494e-22 0.
1463019834 1 1573.96789551 0. 3.33544769242e-22 0.
1463019865 1 1573.32421875 0. 3.33521769555e-22 0.
1463019910 1 1572.6081543 0. 3.33526675431e-22 0.
1463019970 1 1570.9420166 0. 3.33386248197e-22 0.
1463020031 1 1568.93701172 0. 3.33144702788e-22 0.
1463020091 1 1568.87988281 0. 3.33361711661e-22 0.
1463020151 1 1567.18945312 0. 3.33209405491e-22 0.
1463020211 1 1565.53796387 0. 3.33068309406e-22 0.
1463020271 1 1563.85107422 0. 3.32933904659e-22 0.
1463020331 1 1562.47839355 0. 3.32835499948e-22 0.
1463020391 1 1561.38806152 0. 3.32805704099e-22 0.
1463020451 1 1559.36901855 0. 3.32585110144e-22 0.
1463020511 1 1558.35852051 0. 3.32568890528e-22 0.
1463020571 1 1557.33935547 0. 3.32567070822e-22 0.
1463020631 1 1557.65429688 0. 3.32849856281e-22 0.
1463020691 1 1555.18481445 0. 3.32534594425e-22 0.
1463020752 1 1553.57885742 0. 3.32392012049e-22 0.
1463020812 1 1552.58447266 0. 3.32395151426e-22 0.
1463020872 1 1552.32507324 0. 3.32544229905e-22 0.
1463020924 1 1550.69775391 0. 3.32355594402e-22 0.
1463020976 1 1550.87243652 0. 3.32568388236e-22 0.
1463021036 1 1551.81530762 0. 3.32966129814e-22 0.
1463021096 1 1548.87817383 0. 3.32565824762e-22 0.
1463021156 1 1547.01806641 0. 3.32394304298e-22 0.
1463021216 1 1545.30078125 0. 3.32230300443e-22 0.
1463021276 1 1543.81518555 0. 3.32103511472e-22 0.
1463021336 1 1542.11682129 0. 3.3195730866e-22 0.
1463021396 1 1540.62231445 0. 3.31845536211e-22 0.
1463021456 1 1538.50769043 0. 3.31602056492e-22 0.
1463021516 1 1537.7565918 0. 3.31646535301e-22 0.
1463021576 1 1536.11694336 0. 3.31494058786e-22 0.
1463021637 1 1535.72363281 0. 3.31609474876e-22 0.
1463021697 1 1534.58154297 0. 3.31571605526e-22 0.
1463021757 1 1533.3034668 0. 3.31500133224e-22 0.
1463021801 1 1532.56616211 0. 3.31486251125e-22 0.
1463021824 1 1531.34362793 0. 3.31313802494e-22 0.
1463021862 1 1529.69262695 0. 3.31099287401e-22 0.
1463021922 1 1529.76782227 0. 3.31316262347e-22 0.
1463021982 1 1528.89050293 0. 3.31324860284e-22 0.
1463022042 1 1527.0925293 0. 3.31140019993e-22 0.
1463022102 1 1526.05639648 0. 3.31121203411e-22 0.
1463022162 1 1524.32373047 0. 3.30949755621e-22 0.
1463022222 1 1522.83825684 0. 3.30833326279e-22 0.
1463022282 1 1521.64648438 0. 3.30785210452e-22 0.
1463022342 1 1520.03271484 0. 3.30639089921e-22 0.
1463022402 1 1518.87524414 0. 3.30583335094e-22 0.
1463022463 1 1518.16955566 0. 3.30620195996e-22 0.
1463022523 1 1516.8795166 0. 3.30550064078e-22 0.
1463022583 1 1515.35595703 0. 3.30421614294e-22 0.
1463022643 1 1513.70251465 0. 3.30257766747e-22 0.
1463022703 1 1513.49169922 0. 3.30429635149e-22 0.
1463022763 1 1513.20141602 0. 3.30572516741e-22 0.
1463022823 1 1489.3918457 0. 3.25584773363e-22 0.
1463022883 1 1483.92663574 0. 3.24554574199e-22 0.
1463022943 1 1544.09545898 0. 3.37934535347e-22 0.
1463023003 1 1543.06762695 0. 3.37939775276e-22 0.
1463023061 1 1542.67480469 0. 3.38051002957e-22 0.
1463023095 1 1542.30065918 0. 3.38079567126e-22 0.
1463023132 1 1541.68225098 0. 3.38081287881e-22 0.
1463023192 1 1541.0369873 0. 3.38153836254e-22 0.
1463023252 1 1540.17797852 0. 3.38169803077e-22 0.
1463023312 1 1539.20996094 0. 3.38164970519e-22 0.
1463023373 1 1538.75146484 0. 3.38289251475e-22 0.
1463023433 1 1537.4831543 0. 3.38237648806e-22 0.
1463023493 1 1537.19152832 0. 3.38384186503e-22 0.
1463023553 1 1536.83349609 0. 3.38508069917e-22 0.
1463023613 1 1536.07019043 0. 3.3856970103e-22 0.
1463023673 1 1535.58874512 0. 3.38687452651e-22 0.
1463023733 1 1534.76477051 0. 3.38716845518e-22 0.
1463023793 1 1534.0559082 0. 3.38782991305e-22 0.
1463023853 1 1533.23291016 0. 3.38804548026e-22 0.
1463023913 1 1532.50427246 0. 3.38871748036e-22 0.
1463023973 1 1531.65478516 0. 3.38906218715e-22 0.
1463024034 1 1530.78039551 0. 3.38933609008e-22 0.
1463024094 1 1530.51647949 0. 3.39082595337e-22 0.
1463024154 1 1529.57702637 0. 3.39085653788e-22 0.
1463024214 1 1528.82751465 0. 3.39126260806e-22 0.
1463024274 1 1527.94726562 0. 3.39150811344e-22 0.
1463024334 1 1526.77270508 0. 3.3911423152e-22 0.
1463024394 1 1526.56652832 0. 3.39275733921e-22 0.
1463024454 1 1526.22619629 0. 3.39410819995e-22 0.
1463024514 1 1525.00085449 0. 3.39329357312e-22 0.
1463024574 1 1524.05310059 0. 3.39331686495e-22 0.
1463024634 1 1523.49279785 0. 3.39440209782e-22 0.
1463024694 1 1522.83850098 0. 3.39496699764e-22 0.
1463024755 1 1522.20483398 0. 3.39572007889e-22 0.
1463024815 1 1521.04150391 0. 3.39523881541e-22 0.
1463024875 1 1520.35400391 0. 3.3957979258e-22 0.
1463024935 1 1519.65881348 0. 3.39614513135e-22 0.
1463024995 1 1518.83935547 0. 3.39653524425e-22 0.
1463025055 1 1518.44287109 0. 3.39791770237e-22 0.
1463025115 1 1517.82080078 0. 3.3985383546e-22 0.
1463025175 1 1517.16821289 0. 3.39920653611e-22 0.
1463025235 1 1516.58630371 0. 3.39995316588e-22 0.
1463025295 1 1515.78137207 0. 3.40040773474e-22 0.
1463025355 1 1515.04467773 0. 3.40070535751e-22 0.
1463025415 1 1514.12475586 0. 3.40087970316e-22 0.
1463025476 1 1513.64196777 0. 3.40186513833e-22 0.
1463025536 1 1513.02490234 0. 3.40256509653e-22 0.
1463025596 1 1512.40039062 0. 3.40329268881e-22 0.
1463025656 1 1511.36010742 0. 3.40314903159e-22 0.
1463025716 1 1510.89025879 0. 3.40406766438e-22 0.
1463025776 1 1509.57946777 0. 3.4032036942e-22 0.
1463025836 1 1509.21972656 0. 3.4045762779e-22 0.
1463025896 1 1509.07006836 0. 3.40635349201e-22 0.
1463025956 1 1508.359375 0. 3.40678947353e-22 0.
1463026016 1 1506.92053223 0. 3.40560271251e-22 0.
1463026076 1 1506.09838867 0. 3.40591372838e-22 0.
1463026137 1 1505.87658691 0. 3.40740505659e-22 0.
1463026197 1 1505.16894531 0. 3.40790473264e-22 0.
1463026257 1 1504.51159668 0. 3.40849309757e-22 0.
1463026317 1 1503.83325195 0. 3.40905784897e-22 0.
1463026377 1 1503.11181641 0. 3.40951087193e-22 0.
1463026437 1 1501.99060059 0. 3.40917926833e-22 0.
1463026497 1 1501.4486084 0. 3.40996572873e-22 0.
1463026557 1 1500.44946289 0. 3.40981219216e-22 0.
1463026617 1 1500.03210449 0. 3.41090831238e-22 0.
1463026677 1 1499.00769043 0. 3.41084049877e-22 0.
1463026737 1 1497.82312012 0. 3.41025483187e-22 0.
1463026797 1 1496.95812988 0. 3.41050425283e-22 0.
1463026858 1 1495.69360352 0. 3.40961523731e-22 0.
1463026918 1 1494.83947754 0. 3.40968279305e-22 0.
1463026978 1 1493.92236328 0. 3.40974729092e-22 0.
1463027038 1 1492.75549316 0. 3.40920735482e-22 0.
1463027098 1 1491.59838867 0. 3.40869014708e-22 0.
1463027158 1 1490.28259277 0. 3.40782679506e-22 0.
1463027218 1 1489.68835449 0. 3.40839179207e-22 0.
1463027278 1 1488.52514648 0. 3.40789129451e-22 0.
1463027338 1 1487.96740723 0. 3.40870214892e-22 0.
1463027398 1 1487.31359863 0. 3.40932852499e-22 0.
1463027458 1 1485.82116699 0. 3.40786157876e-22 0.
1463027518 1 1484.65576172 0. 3.40738599865e-22 0.
1463027579 1 1483.8371582 0. 3.407645416e-22 0.
1463027639 1 1482.11401367 0. 3.4058055708e-22 0.
1463027699 1 1481.39562988 0. 3.40633365577e-22 0.
1463027759 1 1480.62512207 0. 3.40658441763e-22 0.
1463027819 1 1479.78283691 0. 3.40676328315e-22 0.
1463027879 1 1479.3079834 0. 3.40771582051e-22 0.
1463027939 1 1479.0123291 0. 3.40903243609e-22 0.
1463027999 1 1478.22106934 0. 3.40926931255e-22 0.
1463028059 1 1478.02429199 0. 3.41099555801e-22 0.
1463028119 1 1477.63464355 0. 3.41210652495e-22 0.
1463028179 1 1477.01330566 0. 3.41278256682e-22 0.
1463028239 1 1476.65527344 0. 3.41403621961e-22 0.
1463028300 1 1476.49914551 0. 3.41579497621e-22 0.
1463028360 1 1476.12390137 0. 3.41691688698e-22 0.
1463028420 1 1475.0847168 0. 3.41652009666e-22 0.
1463028480 1 1474.18591309 0. 3.41660769802e-22 0.
1463028540 1 1474.72155762 0. 3.41993260048e-22 0.
1463028600 1 1474.53100586 0. 3.42148723715e-22 0.
1463028660 1 1473.51074219 0. 3.42131364734e-22 0.
1463028720 1 1473.0090332 0. 3.42229519798e-22 0.
1463028780 1 1472.20703125 0. 3.42260935676e-22 0.
1463028840 1 1471.80212402 0. 3.42366960528e-22 0.
1463028900 1 1471.07519531 0. 3.42416266724e-22 0.
1463028961 1 1470.83569336 0. 3.42566623758e-22 0.
1463029021 1 1470.28515625 0. 3.42636232118e-22 0.
1463029081 1 1469.48095703 0. 3.42650379698e-22 0.
1463029141 1 1468.81140137 0. 3.42702470471e-22 0.
1463029201 1 1467.40698242 0. 3.42590333702e-22 0.
1463029261 1 1466.9753418 0. 3.42694802353e-22 0.
1463029309 1 1466.42541504 0. 3.42744584144e-22 0.
1463029335 1 1467.00500488 0. 3.43000454869e-22 0.
1463029373 1 1466.33166504 0. 3.42946234995e-22 0.
1463029433 1 1465.46276855 0. 3.4294496443e-22 0.
1463029493 1 1464.01184082 0. 3.42812724059e-22 0.
1463029553 1 1464.0267334 0. 3.43031167024e-22 0.
1463029613 1 1463.37011719 0. 3.43079488062e-22 0.
1463029673 1 1462.65283203 0. 3.43133368259e-22 0.
1463029727 1 1462.79455566 0. 3.43344544536e-22 0.
1463029782 1 1461.49438477 0. 3.43243775679e-22 0.
1463029842 1 1460.95263672 0. 3.43339156029e-22 0.
1463029902 1 1460.34130859 0. 3.43396899192e-22 0.
1463029962 1 1459.06787109 0. 3.43310622573e-22 0.
1463030022 1 1458.93103027 0. 3.43506177707e-22 0.
1463030083 1 1458.01782227 0. 3.43497266577e-22 0.
1463030143 1 1408.84375 0. 3.32110676043e-22 0.
1463030203 1 1404.1875 0. 3.31270845994e-22 0.
1463030263 1 1438.23461914 0. 3.3949152754e-22 0.
1463030323 1 1455.54174805 0. 3.43773830547e-22 0.
1463030383 1 1455.20800781 0. 3.43903659185e-22 0.
1463030443 1 1454.28564453 0. 3.43909752819e-22 0.
1463030503 1 1453.05493164 0. 3.43824705967e-22 0.
1463030563 1 1452.53234863 0. 3.43927615067e-22 0.
1463030623 1 1452.23168945 0. 3.44053046623e-22 0.
1463030683 1 1451.91845703 0. 3.44191104164e-22 0.
1463030744 1 1451.1451416 0. 3.44223318252e-22 0.
1463030804 1 1449.67138672 0. 3.44071878828e-22 0.
1463030864 1 1449.71740723 0. 3.44273435987e-22 0.
1463030924 1 1449.54821777 0. 3.444054805e-22 0.
1463030984 1 1450.07873535 0. 3.44687288266e-22 0.
1463031044 1 1449.81201172 0. 3.44808693899e-22 0.
1463031104 1 1446.84289551 0. 3.44313404314e-22 0.
1463031164 1 1446.65917969 0. 3.44485415823e-22 0.
1463031224 1 1445.95019531 0. 3.44516436005e-22 0.
1463031284 1 1445.23571777 0. 3.44549880023e-22 0.
1463031343 1 1444.23620605 0. 3.44522479392e-22 0.
1463031401 1 1444.19335938 0. 3.44705194329e-22 0.
1463031436 1 1442.73803711 0. 3.44483935238e-22 0.
1463031472 1 1443.31652832 0. 3.44748454587e-22 0.
1463031532 1 1442.36291504 0. 3.44720032624e-22 0.
1463031592 1 1200.52124023 0. 4.11328484604e-22 0.
