1463389667 1 2059.12084961 0. 2.75221981758e-22 0.
1463389727 1 2057.04418945 0. 2.75234745759e-22 0.
1463389787 1 2054.88183594 0. 2.75205244116e-22 0.
1463389847 1 2052.70800781 0. 2.75184333187e-22 0.
1463389908 1 2049.38476562 0. 2.74996647152e-22 0.
1463389954 1 2046.70935059 0. 2.74828622171e-22 0.
1463390000 1 2046.82409668 0. 2.75033567432e-22 0.
1463390060 1 2045.12597656 0. 2.7504984215e-22 0.
1463390120 1 2040.9432373 0. 2.74727832184e-22 0.
1463390180 1 2035.25891113 0. 2.74174396715e-22 0.
1463390241 1 2030.68884277 0. 2.73731265541e-22 0.
1463390301 1 2026.84790039 0. 2.73425152813e-22 0.
1463390361 1 2022.40917969 0. 2.73056278658e-22 0.
1463390421 1 2019.80651855 0. 2.729340068e-22 0.
1463390481 1 2018.14123535 0. 2.72956516709e-22 0.
1463390530 1 2016.04882812 0. 2.72869122038e-22 0.
1463390578 1 2015.49389648 0. 2.7299529597e-22 0.
1463390639 1 2013.99902344 0. 2.73032158186e-22 0.
1463390699 1 2013.05908203 0. 2.73145824279e-22 0.
1463390759 1 2011.58947754 0. 2.73197090638e-22 0.
1463390819 1 2009.42077637 0. 2.73151246384e-22 0.
1463390879 1 2007.71777344 0. 2.73151128219e-22 0.
1463390939 1 2006.25915527 0. 2.73182037971e-22 0.
1463390999 1 2004.67407227 0. 2.73207782577e-22 0.
1463391059 1 2002.07336426 0. 2.73102945482e-22 0.
1463391119 1 2001.33911133 0. 2.73222140318e-22 0.
1463391179 1 2000.66040039 0. 2.73352588599e-22 0.
1463391239 1 1998.89428711 0. 2.73329385445e-22 0.
1463391300 1 1995.46313477 0. 2.73080939922e-22 0.
1463391360 1 1994.93994141 0. 2.73226942814e-22 0.
1463391420 1 1992.98156738 0. 2.73161862862e-22 0.
1463391468 1 1993.94494629 0. 2.7345690453e-22 0.
1463391516 1 1994.41479492 0. 2.73681550963e-22 0.
1463391576 1 1992.78283691 0. 2.73676920036e-22 0.
1463391637 1 1991.94250488 0. 2.73785172995e-22 0.
1463391697 1 1990.7076416 0. 2.73811545233e-22 0.
1463391757 1 1990.11779785 0. 2.73932355516e-22 0.
1463391817 1 1988.19604492 0. 2.73883320551e-22 0.
1463391877 1 1984.68115234 0. 2.73593411424e-22 0.
1463391937 1 1984.59631348 0. 2.73793683788e-22 0.
1463391997 1 1982.56286621 0. 2.73726357555e-22 0.
1463392057 1 1981.40112305 0. 2.73770597027e-22 0.
1463392117 1 1981.54504395 0. 2.73988498415e-22 0.
1463392177 1 1980.46838379 0. 2.74053149195e-22 0.
1463392237 1 1976.29968262 0. 2.73678372997e-22 0.
1463392298 1 1977.21240234 0. 2.74013811773e-22 0.
1463392347 1 1977.35913086 0. 2.7421575678e-22 0.
1463392383 1 1975.22607422 0. 2.74035965402e-22 0.
1463392429 1 1971.67919922 0. 2.73686785879e-22 0.
1463392489 1 1971.87329102 0. 2.73917330869e-22 0.
1463392549 1 1971.00061035 0. 2.74000884178e-22 0.
1463392609 1 1968.26867676 0. 2.7383924876e-22 0.
1463392669 1 1968.82568359 0. 2.7412866e-22 0.
1463392729 1 1964.88891602 0. 2.73792937779e-22 0.
1463392789 1 1963.92700195 0. 2.73861777561e-22 0.
1463392849 1 1961.4864502 0. 2.73719309376e-22 0.
1463392909 1 1961.68041992 0. 2.73939273303e-22 0.
1463392970 1 1957.27978516 0. 2.7353518203e-22 0.
1463393030 1 1958.0078125 0. 2.73854483998e-22 0.
1463393090 1 1956.75976562 0. 2.73891891718e-22 0.
1463393150 1 1951.57946777 0. 2.7408035592e-22 0.
1463393210 1 1872.50244141 0. 2.62513098057e-22 0.
1463393270 1 1937.57336426 0. 2.71823942547e-22 0.
1463393330 1 1974.62451172 0. 2.77239998581e-22 0.
1463393390 1 1975.9276123 0. 2.77635123353e-22 0.
1463393450 1 1974.72595215 0. 2.77673161941e-22 0.
1463393510 1 1973.86132812 0. 2.77757265264e-22 0.
1463393570 1 1972.39135742 0. 2.77749023527e-22 0.
1463393630 1 1971.51318359 0. 2.7783618967e-22 0.
1463393691 1 1971.31213379 0. 2.78002038866e-22 0.
1463393751 1 1969.38293457 0. 2.77941208948e-22 0.
1463393811 1 1969.07824707 0. 2.7811238985e-22 0.
1463393871 1 1967.94433594 0. 2.78158602597e-22 0.
1463393931 1 1965.93103027 0. 2.7807402672e-22 0.
1463393991 1 1966.25134277 0. 2.78319767675e-22 0.
1463394051 1 1964.6842041 0. 2.78287027968e-22 0.
1463394111 1 1962.98132324 0. 2.78238862244e-22 0.
1463394171 1 1962.44580078 0. 2.78351768689e-22 0.
1463394231 1 1960.5032959 0. 2.78273100352e-22 0.
1463394291 1 1958.51879883 0. 2.78203250887e-22 0.
1463394351 1 1957.89733887 0. 2.78317380639e-22 0.
1463394412 1 1957.41625977 0. 2.78448775496e-22 0.
1463394472 1 1955.25976562 0. 2.78330513138e-22 0.
1463394532 1 1953.56652832 0. 2.78274928019e-22 0.
1463394592 1 1953.29431152 0. 2.78419663369e-22 0.
1463394652 1 1951.86669922 0. 2.78405223834e-22 0.
1463394713 1 1951.6072998 0. 2.78574417061e-22 0.
1463394773 1 1950.51245117 0. 2.78616782676e-22 0.
1463394834 1 1949.37011719 0. 2.78646791334e-22 0.
1463394894 1 1947.30993652 0. 2.78560799237e-22 0.
1463394955 1 1946.3470459 0. 2.78604017206e-22 0.
1463395015 1 1944.86865234 0. 2.7858141049e-22 0.
1463395076 1 1942.2265625 0. 2.78377747767e-22 0.
1463395139 1 1941.48547363 0. 2.78470627093e-22 0.
1463395201 1 1940.73059082 0. 2.78552407765e-22 0.
1463395261 1 1939.83325195 0. 2.7861336511e-22 0.
1463395321 1 1938.01806641 0. 2.78530647074e-22 0.
1463395381 1 1937.09680176 0. 2.78577239567e-22 0.
1463395441 1 1936.17944336 0. 2.7863693005e-22 0.
1463395501 1 1936.16894531 0. 2.78819141447e-22 0.
1463395562 1 1935.65612793 0. 2.78928758686e-22 0.
1463395622 1 1934.3248291 0. 2.7892179253e-22 0.
1463395682 1 1933.91174316 0. 2.79047886309e-22 0.
1463395743 1 1932.35595703 0. 2.79005224261e-22 0.
1463395803 1 1931.36962891 0. 2.79045229774e-22 0.
1463395864 1 1931.68029785 0. 2.79278447036e-22 0.
1463395924 1 1928.93945312 0. 2.79058458079e-22 0.
1463395985 1 1927.48791504 0. 2.79035764365e-22 0.
1463396046 1 1925.31689453 0. 2.78902571356e-22 0.
1463396106 1 1924.75305176 0. 2.78995234025e-22 0.
1463396167 1 1923.86791992 0. 2.79044770633e-22 0.
1463396227 1 1922.53662109 0. 2.79047286429e-22 0.
1463396288 1 1919.17053223 0. 2.78735190081e-22 0.
1463396348 1 1918.24279785 0. 2.78771394344e-22 0.
1463396409 1 1917.03894043 0. 2.78772489653e-22 0.
1463396469 1 1916.51928711 0. 2.78874852638e-22 0.
1463396529 1 1915.86230469 0. 2.78950965195e-22 0.
1463396590 1 1914.83422852 0. 2.78986479838e-22 0.
1463396650 1 1912.95336914 0. 2.78882730356e-22 0.
1463396711 1 1912.91662598 0. 2.79066665823e-22 0.
1463396771 1 1910.5456543 0. 2.78895288627e-22 0.
1463396831 1 1909.83007812 0. 2.78958058025e-22 0.
1463396891 1 1909.04931641 0. 2.79020712824e-22 0.
1463396951 1 1907.36816406 0. 2.78953551548e-22 0.
1463397011 1 1906.54406738 0. 2.79009835821e-22 0.
1463397071 1 1905.93945312 0. 2.79090882271e-22 0.
1463397131 1 1903.76916504 0. 2.78947983056e-22 0.
1463397191 1 1903.28833008 0. 2.79052074768e-22 0.
1463397251 1 1903.07324219 0. 2.79191450277e-22 0.
1463397311 1 1900.87121582 0. 2.7904749169e-22 0.
1463397372 1 1900.03942871 0. 2.79097033961e-22 0.
1463397432 1 1899.26696777 0. 2.79163307228e-22 0.
1463397492 1 1897.36022949 0. 2.79049588893e-22 0.
1463397552 1 1895.68383789 0. 2.78974612045e-22 0.
1463397612 1 1894.9576416 0. 2.79034562418e-22 0.
1463397672 1 1893.39440918 0. 2.78986064147e-22 0.
1463397732 1 1891.03637695 0. 2.78805302264e-22 0.
1463397792 1 1889.65405273 0. 2.78781006388e-22 0.
1463397852 1 1889.03137207 0. 2.78851044212e-22 0.
1463397918 1 1889.03137207 0. 2.7903851072e-22 0.
1463397985 1 0.0 0. 0.0 0.
1463398045 1 1885.8470459 0. 2.78930345284e-22 0.
1463398105 1 1883.65356445 0. 2.78772018097e-22 0.
1463398165 1 1881.62658691 0. 2.7863853523e-22 0.
1463398225 1 1878.37353516 0. 2.78319721602e-22 0.
1463398285 1 1877.43249512 0. 2.78351010134e-22 0.
1463398346 1 1805.12353516 0. 2.67889278423e-22 0.
1463398406 1 1876.54797363 0. 2.78548600139e-22 0.
1463398443 1 1875.17004395 0. 2.78451971169e-22 0.
1463398457 1 1875.38964844 0. 2.78511478714e-22 0.
1463398469 1 1874.85083008 0. 2.78471293419e-22 0.
1463398504 1 1874.74719238 0. 2.78548980865e-22 0.
1463398564 1 1872.97583008 0. 2.78448137235e-22 0.
1463398624 1 1872.79333496 0. 2.78588773363e-22 0.
1463398885 1 1872.79333496 0. 2.79299999535e-22 0.
1463399146 1 0.0 0. 0.0 0.
1463399207 1 1857.59985352 0. 2.77924338917e-22 0.
1463399267 1 1857.47473145 0. 2.78070990912e-22 0.
1463399327 1 1856.63745117 0. 2.78116763229e-22 0.
1463399362 1 1854.48974609 0. 2.77896672118e-22 0.
1463399372 1 1854.68920898 0. 2.77945491347e-22 0.
1463399407 1 1854.4675293 0. 2.78000449569e-22 0.
1463399467 1 1851.25891113 0. 2.77694406121e-22 0.
1463399528 1 1849.04248047 0. 2.7750853335e-22 0.
1463399588 1 1844.69262695 0. 2.77008613882e-22 0.
1463399648 1 1842.95361328 0. 2.76915921516e-22 0.
1463399708 1 1843.72021484 0. 2.77194066818e-22 0.
1463399768 1 1840.19311523 0. 2.76829034228e-22 0.
1463399828 1 1838.34094238 0. 2.76703181279e-22 0.
1463399875 1 1837.67712402 0. 2.76728481961e-22 0.
1463399899 1 1837.4173584 0. 2.76760686514e-22 0.
1463399937 1 1836.26013184 0. 2.76696119158e-22 0.
1463399997 1 1834.97460938 0. 2.76662293138e-22 0.
1463400057 1 1834.10180664 0. 2.7669041078e-22 0.
1463400117 1 1831.6697998 0. 2.764767543e-22 0.
1463400177 1 1831.14306641 0. 2.7654613083e-22 0.
1463400238 1 1830.21630859 0. 2.76578049653e-22 0.
1463400298 1 1829.84973145 0. 2.76680188458e-22 0.
1463400358 1 1828.79907227 0. 2.76682662294e-22 0.
1463400418 1 1826.73474121 0. 2.76528630854e-22 0.
1463400478 1 1828.96496582 0. 2.77027310608e-22 0.
1463400538 1 1829.35534668 0. 2.77241823088e-22 0.
1463400598 1 1825.9954834 0. 2.76900430467e-22 0.
1463400658 1 1826.38391113 0. 2.77125433752e-22 0.
1463400718 1 1826.50732422 0. 2.7730579992e-22 0.
1463400778 1 1825.7277832 0. 2.77342358815e-22 0.
1463400838 1 1826.52404785 0. 2.77623694787e-22 0.
1463400899 1 1825.84521484 0. 2.77693101323e-22 0.
1463400959 1 1823.32739258 0. 2.77463681428e-22 0.
1463401019 1 1823.18920898 0. 2.77597109489e-22 0.
1463401079 1 1819.62194824 0. 2.77217667859e-22 0.
1463401139 1 1819.7857666 0. 2.77412315674e-22 0.
1463401199 1 1823.82897949 0. 2.78188516608e-22 0.
1463401259 1 1820.671875 0. 2.77874298391e-22 0.
1463401319 1 1821.08483887 0. 2.78091467874e-22 0.
1463401379 1 1818.31884766 0. 2.77824149597e-22 0.
1463401439 1 1818.37890625 0. 2.78001250167e-22 0.
1463401499 1 1814.10107422 0. 2.77509518067e-22 0.
1463401559 1 1818.39099121 0. 2.7831836189e-22 0.
1463401619 1 1814.39953613 0. 2.77864011472e-22 0.
1463401680 1 1813.89770508 0. 2.77942382515e-22 0.
1463401740 1 1816.8269043 0. 2.78554185335e-22 0.
1463401800 1 1812.23974609 0. 2.78015948797e-22 0.
1463401860 1 1811.79943848 0. 2.78112015896e-22 0.
1463401920 1 1813.97949219 0. 2.78597286911e-22 0.
1463401980 1 1811.75732422 0. 2.78423088586e-22 0.
1463402040 1 1815.87072754 0. 2.79215751226e-22 0.
1463402100 1 1765.98413086 0. 2.71751573128e-22 0.
1463402161 1 1785.54321289 0. 2.74870667869e-22 0.
1463402221 1 1810.11657715 0. 2.78812506045e-22 0.
1463402282 1 1807.50683594 0. 2.78580946996e-22 0.
1463402342 1 1858.24279785 0. 2.86565377018e-22 0.
1463402403 1 1857.25561523 0. 2.86583012871e-22 0.
1463402463 1 1856.91210938 0. 2.86704715493e-22 0.
1463402524 1 1856.16394043 0. 2.86745047864e-22 0.
1463402585 1 1855.34240723 0. 2.86782581971e-22 0.
1463402645 1 1854.5637207 0. 2.86823613074e-22 0.
1463402705 1 1853.94848633 0. 2.86899014227e-22 0.
1463402766 1 1852.27526855 0. 2.86806769802e-22 0.
1463402826 1 1850.19799805 0. 2.8664424449e-22 0.
1463402878 1 1850.0300293 0. 2.86770948585e-22 0.
1463402929 1 1850.03161621 0. 2.8691150884e-22 0.
1463402990 1 1850.18884277 0. 2.87096011448e-22 0.
1463403050 1 1849.76696777 0. 2.87197989967e-22 0.
1463403110 1 1848.87194824 0. 2.87234112233e-22 0.
1463403170 1 1847.39428711 0. 2.8717177276e-22 0.
1463403230 1 1847.0098877 0. 2.87279934651e-22 0.
1463403290 1 1846.40515137 0. 2.87343545819e-22 0.
1463403350 1 1845.38098145 0. 2.87341895068e-22 0.
1463403410 1 1844.82519531 0. 2.87418264662e-22 0.
1463403470 1 1844.21557617 0. 2.87500373795e-22 0.
1463403530 1 1843.76062012 0. 2.87598013694e-22 0.
1463403591 1 1842.7956543 0. 2.87611369284e-22 0.
1463403651 1 1842.15283203 0. 2.87677669056e-22 0.
1463403711 1 1841.60522461 0. 2.87764260222e-22 0.
1463403771 1 1840.83557129 0. 2.87815025867e-22 0.
1463403831 1 1838.94702148 0. 2.87686106389e-22 0.
1463403891 1 1838.46655273 0. 2.87781102027e-22 0.
1463403951 1 1837.4864502 0. 2.87787640701e-22 0.
1463404011 1 1837.49389648 0. 2.87948746864e-22 0.
1463404071 1 1837.01940918 0. 2.88048777996e-22 0.
1463404131 1 1835.74047852 0. 2.8800625056e-22 0.
1463404191 1 1834.76293945 0. 2.88018567621e-22 0.
1463404252 1 1834.67944336 0. 2.8816636336e-22 0.
1463404312 1 1833.35144043 0. 2.88128636561e-22 0.
1463404372 1 1832.5111084 0. 2.88155222456e-22 0.
1463404432 1 1832.38342285 0. 2.88310555384e-22 0.
1463404492 1 1831.45373535 0. 2.88324232245e-22 0.
1463404552 1 1830.46228027 0. 2.8833485296e-22 0.
1463404612 1 1830.37634277 0. 2.88500815681e-22 0.
1463404672 1 1830.47106934 0. 2.88691122703e-22 0.
1463404732 1 1829.00463867 0. 2.88640982729e-22 0.
1463404792 1 1828.36901855 0. 2.88723738418e-22 0.
1463404852 1 1827.40930176 0. 2.88740219225e-22 0.
1463404912 1 1825.92822266 0. 2.88687694256e-22 0.
1463404972 1 1825.33654785 0. 2.88768992213e-22 0.
1463405032 1 1824.30151367 0. 2.88773734263e-22 0.
1463405092 1 1823.87670898 0. 2.88874583594e-22 0.
1463405153 1 1823.97460938 0. 2.89050467508e-22 0.
1463405213 1 1823.32910156 0. 2.89129119795e-22 0.
1463405273 1 1822.69140625 0. 2.89198125905e-22 0.
1463405333 1 1821.88891602 0. 2.89240472223e-22 0.
1463405393 1 1821.16345215 0. 2.8929872184e-22 0.
1463405453 1 1820.04309082 0. 2.89287459212e-22 0.
1463405513 1 1819.32824707 0. 2.89333746619e-22 0.
1463405573 1 1817.85766602 0. 2.89257350876e-22 0.
1463405633 1 1817.4128418 0. 2.89349547132e-22 0.
1463405693 1 1817.46948242 0. 2.89521513331e-22 0.
1463405753 1 1815.36376953 0. 2.89345530659e-22 0.
1463405814 1 1814.32653809 0. 2.89347736122e-22 0.
1463405874 1 1813.87402344 0. 2.89438836954e-22 0.
1463405934 1 1813.94396973 0. 2.89603034532e-22 0.
1463405994 1 1811.95349121 0. 2.89472863281e-22 0.
1463406054 1 1811.72338867 0. 2.89598580246e-22 0.
1463406114 1 1810.63378906 0. 2.89578109446e-22 0.
1463406172 1 1761.54760742 0. 2.8195450317e-22 0.
1463406230 1 0.0407865829766 0. 1.52627352651e-23 0.
1463406290 1 0.0390766896307 0. 0.0 0.
1463406350 1 0.0387755632401 0. 0.0 0.
