1464482736 1 4547.94287109 0. 2.53802249835e-22 0.
1464482776 1 4542.34179688 0. 2.53642498966e-22 0.
1464482792 1 4515.95361328 0. 2.5224363364e-22 0.
1464482819 1 4529.12792969 0. 2.53086958828e-22 0.
1464482870 1 4320.01513672 0. 2.41666074026e-22 0.
1464482930 1 4670.17529297 0. 2.61472294674e-22 0.
1464482990 1 4736.06347656 0. 2.65431244801e-22 0.
1464483025 1 4774.51757812 0. 2.6771067686e-22 0.
1464483060 1 4813.15625 0. 2.70043823764e-22 0.
1464483121 1 5079.61181641 0. 2.85200735747e-22 0.
1464483181 1 5052.73046875 0. 2.83919691262e-22 0.
1464483241 1 5041.48291016 0. 2.83566689797e-22 0.
1464483277 1 5034.82861328 0. 2.83374609607e-22 0.
1464483299 1 5033.00341797 0. 2.83367700176e-22 0.
1464483347 1 5029.11523438 0. 2.83374948458e-22 0.
1464483407 1 5019.45117188 0. 2.83094687213e-22 0.
1464483446 1 5015.40869141 0. 2.83064751315e-22 0.
1464483486 1 5011.13720703 0. 2.83004828496e-22 0.
1464483546 1 5007.20703125 0. 2.83066456035e-22 0.
1464483601 1 5002.23779297 0. 2.83035975363e-22 0.
1464483656 1 4994.87988281 0. 2.82862865263e-22 0.
1464483716 1 4989.28515625 0. 2.82830060981e-22 0.
1464483776 1 4984.81787109 0. 2.82838001728e-22 0.
1464483836 1 4978.42285156 0. 2.82727909317e-22 0.
1464483881 1 4974.44140625 0. 2.82697926157e-22 0.
1464483925 1 4971.79833984 0. 2.82744064629e-22 0.
1464483966 1 4964.33105469 0. 2.82486479158e-22 0.
1464483983 1 4962.81982422 0. 2.82472921823e-22 0.
1464484020 1 4963.07470703 0. 2.82628623413e-22 0.
1464484080 1 4964.61230469 0. 2.82960428428e-22 0.
1464484140 1 4955.09521484 0. 2.82650655009e-22 0.
1464484176 1 4956.88818359 0. 2.82905019666e-22 0.
1464484211 1 4953.12353516 0. 2.82810041802e-22 0.
1464484248 1 4584.18554688 0. 2.62000333557e-22 0.
1464484284 1 0.0935339108109 0. 2.46387540854e-23 0.
