1464552027 1 4970.19824219 0. 2.8101773288e-22 0.
1464552087 1 4956.12841797 0. 2.80488607749e-22 0.
1464552146 1 4946.14160156 0. 2.80196505351e-22 0.
1464552204 1 4928.63134766 0. 2.79488245614e-22 0.
1464552260 1 4931.74658203 0. 2.79916648548e-22 0.
1464552315 1 4914.64892578 0. 2.79163158956e-22 0.
1464552375 1 4902.19628906 0. 2.78693192761e-22 0.
1464552435 1 4867.80761719 0. 2.76988275069e-22 0.
1464552495 1 4859.71679688 0. 2.76782853368e-22 0.
1464552556 1 4823.31738281 0. 2.74972416472e-22 0.
1464552616 1 4787.15136719 0. 2.73148705791e-22 0.
1464552676 1 4766.55664062 0. 2.72204310958e-22 0.
1464552736 1 4827.73925781 0. 2.75961126942e-22 0.
1464552796 1 4808.56982422 0. 2.75082443477e-22 0.
1464552836 1 4778.05761719 0. 2.73515315558e-22 0.
1464552854 1 4755.80810547 0. 2.72322279318e-22 0.
1464552892 1 4706.13525391 0. 2.69606630672e-22 0.
1464552952 1 4691.25732422 0. 2.68987522554e-22 0.
1464553012 1 4745.54833984 0. 2.72342422735e-22 0.
1464553072 1 4704.35107422 0. 2.70217548571e-22 0.
1464553132 1 4660.02099609 0. 2.67894505532e-22 0.
1464553177 1 4624.10205078 0. 2.66017565149e-22 0.
1464553222 1 4664.15429688 0. 2.68451665397e-22 0.
1464553282 1 4631.58398438 0. 2.66763911441e-22 0.
1464553342 1 4690.1484375 0. 2.70322467099e-22 0.
1464553402 1 4689.42431641 0. 2.70503711827e-22 0.
1464553451 1 4635.16552734 0. 2.67568038624e-22 0.
1464553499 1 4628.48046875 0. 2.67359391721e-22 0.
1464553559 1 4543.47509766 0. 2.62668241745e-22 0.
1464553619 1 4486.66503906 0. 2.59610677573e-22 0.
1464553679 1 4474.17138672 0. 2.59098932176e-22 0.
1464553739 1 4486.05322266 0. 2.59982764909e-22 0.
1464553800 1 4440.56054688 0. 2.57556160385e-22 0.
1464553860 1 4435.1953125 0. 2.57450189343e-22 0.
1464553920 1 4452.65478516 0. 2.58666119243e-22 0.
1464553956 1 4456.57421875 0. 2.59044233812e-22 0.
1464553993 1 4448.60400391 0. 2.58709243991e-22 0.
1464554053 1 4423.98828125 0. 2.57489035857e-22 0.
1464554113 1 4444.32519531 0. 2.58877719825e-22 0.
1464554174 1 4512.14501953 0. 2.63033891561e-22 0.
1464554234 1 4469.015625 0. 2.60715249357e-22 0.
1464554294 1 4373.04589844 0. 2.55309562743e-22 0.
1464554354 1 4572.02929688 0. 2.67176792604e-22 0.
1464554414 1 4236.56884766 0. 2.47719142333e-22 0.
1464554474 1 4945.33740234 0. 2.89391241093e-22 0.
1464554534 1 4970.82470703 0. 2.91132780292e-22 0.
1464554594 1 4975.54541016 0. 2.91665713601e-22 0.
1464554655 1 4973.26806641 0. 2.91776547643e-22 0.
1464554706 1 4968.69091797 0. 2.91713785438e-22 0.
1464554758 1 4965.04589844 0. 2.91694481466e-22 0.
1464554818 1 4960.89746094 0. 2.91692450277e-22 0.
1464554878 1 4959.24804688 0. 2.9182973626e-22 0.
1464554938 1 4945.11523438 0. 2.91227062335e-22 0.
1464554981 1 4750.73095703 0. 2.79976541763e-22 0.
1464555023 1 4811.81591797 0. 2.83711533352e-22 0.
1464555066 1 4847.57763672 0. 2.86006424037e-22 0.
1464555109 1 4944.22216797 0. 2.91847047102e-22 0.
1464555169 1 4939.79492188 0. 2.91845273601e-22 0.
1464555229 1 4935.27392578 0. 2.91822075891e-22 0.
1464555289 1 4931.60058594 0. 2.91837767147e-22 0.
1464555349 1 4927.26367188 0. 2.91809926417e-22 0.
1464555409 1 4922.74707031 0. 2.91767629415e-22 0.
1464555469 1 4921.36474609 0. 2.9191158964e-22 0.
1464555529 1 4926.83740234 0. 2.92466625053e-22 0.
1464555590 1 4924.41503906 0. 2.92556333994e-22 0.
1464555650 1 4920.13525391 0. 2.92519233443e-22 0.
1464555710 1 4916.3046875 0. 2.92506777381e-22 0.
1464555770 1 4913.22216797 0. 2.92548131103e-22 0.
1464555830 1 4911.75732422 0. 2.92679378966e-22 0.
1464555890 1 4907.92382812 0. 2.9267785703e-22 0.
1464555950 1 4898.37158203 0. 2.92314954246e-22 0.
1464556011 1 4897.07421875 0. 2.92458219275e-22 0.
1464556046 1 4896.31738281 0. 2.92520521671e-22 0.
1464556081 1 4895.56054688 0. 2.92620462489e-22 0.
1464556141 1 4888.82519531 0. 2.92426737369e-22 0.
1464556201 1 4880.01611328 0. 2.92109401996e-22 0.
1464556261 1 4870.08398438 0. 2.91715996095e-22 0.
1464556321 1 4867.77783203 0. 2.91800858184e-22 0.
1464556381 1 4859.18603516 0. 2.91517982555e-22 0.
1464556441 1 4862.51464844 0. 2.91923332082e-22 0.
1464556502 1 4857.44189453 0. 2.91838937608e-22 0.
1464556562 1 4851.921875 0. 2.91724607855e-22 0.
1464556622 1 4845.47851562 0. 2.91541656967e-22 0.
1464556682 1 4839.94189453 0. 2.91422867249e-22 0.
1464556742 1 4831.37353516 0. 2.9112555605e-22 0.
1464556802 1 4832.14013672 0. 2.91365448305e-22 0.
1464556862 1 4828.83447266 0. 2.91383059086e-22 0.
1464556923 1 4823.10888672 0. 2.91261490813e-22 0.
1464556983 1 4822.42578125 0. 2.9142717675e-22 0.
1464557043 1 4816.76757812 0. 2.91291682482e-22 0.
1464557103 1 4818.30078125 0. 2.91605282952e-22 0.
1464557163 1 4817.40625 0. 2.91770838647e-22 0.
1464557223 1 4808.69287109 0. 2.91455635995e-22 0.
1464557283 1 4803.54833984 0. 2.91354059586e-22 0.
1464557343 1 4801.88427734 0. 2.91459761679e-22 0.
1464557391 1 4797.30615234 0. 2.91366634628e-22 0.
1464557439 1 4797.42773438 0. 2.91546510074e-22 0.
1464557499 1 4786.35595703 0. 2.9109034869e-22 0.
1464557559 1 4784.93847656 0. 2.9122121844e-22 0.
1464557619 1 4788.5234375 0. 2.91655327699e-22 0.
1464557679 1 4785.734375 0. 2.91701584257e-22 0.
1464557739 1 4786.71875 0. 2.91978221076e-22 0.
1464557799 1 4786.05126953 0. 2.92150007132e-22 0.
1464557859 1 4783.43359375 0. 2.92195848257e-22 0.
1464557920 1 4774.83544922 0. 2.91892693657e-22 0.
1464557980 1 4774.64599609 0. 2.92086744142e-22 0.
1464558040 1 4772.23388672 0. 2.9215828828e-22 0.
1464558100 1 4772.04882812 0. 2.92359838379e-22 0.
1464558160 1 4767.75537109 0. 2.92297760976e-22 0.
1464558220 1 4761.02441406 0. 2.92101194353e-22 0.
1464558280 1 4751.89892578 0. 2.9176210469e-22 0.
1464558340 1 4752.54394531 0. 2.920151414e-22 0.
1464558375 1 4752.91992188 0. 2.92152571191e-22 0.
1464558409 1 4753.27539062 0. 2.92284275493e-22 0.
1464558467 1 4744.13330078 0. 2.91930193906e-22 0.
1464558527 1 4744.57080078 0. 2.92163824282e-22 0.
1464558587 1 4738.95263672 0. 2.92021100988e-22 0.
1464558646 1 4733.50488281 0. 2.9188260571e-22 0.
1464558706 1 4736.04785156 0. 2.92248631467e-22 0.
1464558766 1 4724.70166016 0. 2.91750649253e-22 0.
1464558826 1 4727.40478516 0. 2.92127516956e-22 0.
1464558886 1 4725.91699219 0. 2.92241152115e-22 0.
1464558947 1 4716.75146484 0. 2.91863602303e-22 0.
1464559007 1 4718.47119141 0. 2.92183936353e-22 0.
1464559067 1 4711.25244141 0. 2.91927865675e-22 0.
1464559127 1 4712.49121094 0. 2.92201781086e-22 0.
1464559187 1 4704.33300781 0. 2.91888190787e-22 0.
1464559247 1 4705.99023438 0. 2.92187096032e-22 0.
1464559307 1 4693.48828125 0. 2.91615741801e-22 0.
1464559360 1 4687.85644531 0. 2.9143746064e-22 0.
1464559413 1 4681.80761719 0. 2.91225590428e-22 0.
1464559473 1 4687.95800781 0. 2.91812559199e-22 0.
1464559533 1 4528.48486328 0. 2.82080310723e-22 0.
1464559593 1 4599.20703125 0. 2.8667627064e-22 0.
1464559653 1 4702.875 0. 2.93330237972e-22 0.
1464559713 1 4698.71386719 0. 2.93262768116e-22 0.
1464559773 1 4700.91064453 0. 2.935909367e-22 0.
1464559834 1 4700.56982422 0. 2.93768975451e-22 0.
1464559894 1 4697.01416016 0. 2.93758936769e-22 0.
1464559954 1 4693.58691406 0. 2.93763297338e-22 0.
1464560014 1 4690.40576172 0. 2.93775352621e-22 0.
1464560074 1 4689.01904297 0. 2.93892767549e-22 0.
1464560134 1 4687.36328125 0. 2.93976771931e-22 0.
1464560194 1 4684.95654297 0. 2.94027301245e-22 0.
1464560255 1 4681.75439453 0. 2.94024359882e-22 0.
1464560315 1 4673.62792969 0. 2.9371959709e-22 0.
1464560375 1 4654.37255859 0. 2.9271037801e-22 0.
1464560434 1 4658.64257812 0. 2.93187569202e-22 0.
1464560493 1 4652.09814453 0. 2.92954519367e-22 0.
1464560553 1 4638.87792969 0. 2.92292674053e-22 0.
1464560613 1 4631.20996094 0. 2.91984928625e-22 0.
1464560673 1 4617.70605469 0. 2.91294060525e-22 0.
1464560733 1 4622.50244141 0. 2.91783085215e-22 0.
1464560793 1 4606.10791016 0. 2.90932718283e-22 0.
1464560853 1 4594.30664062 0. 2.90361699992e-22 0.
1464560914 1 4601.38378906 0. 2.90994487757e-22 0.
1464560974 1 4599.54638672 0. 2.91088835119e-22 0.
1464561034 1 4592.86962891 0. 2.90873718201e-22 0.
1464561094 1 4573.87158203 0. 2.89867895865e-22 0.
1464561154 1 4550.56054688 0. 2.88600397442e-22 0.
1464561214 1 4561.26416016 0. 2.89480791872e-22 0.
1464561274 1 4560.16845703 0. 2.89607542351e-22 0.
1464561335 1 4549.81005859 0. 2.89148878377e-22 0.
1464561395 1 4557.41943359 0. 2.8983073889e-22 0.
1464561455 1 4545.11816406 0. 2.89249451575e-22 0.
1464561515 1 4561.87890625 0. 2.90518210411e-22 0.
1464561575 1 4550.09521484 0. 2.89965830053e-22 0.
1464561635 1 4551.42626953 0. 2.9024009185e-22 0.
1464561695 1 4547.61083984 0. 2.9020444243e-22 0.
1464561755 1 4545.00341797 0. 2.90229546627e-22 0.
1464561816 1 4545.83935547 0. 2.90478282994e-22 0.
1464561876 1 4541.94238281 0. 2.90423191284e-22 0.
1464561936 1 4542.05712891 0. 2.90626148161e-22 0.
1464561996 1 4541.09619141 0. 2.90768255413e-22 0.
1464562056 1 4532.59423828 0. 2.90423276067e-22 0.
1464562116 1 4530.65283203 0. 2.90495786969e-22 0.
1464562176 1 4522.11914062 0. 2.9014079083e-22 0.
1464562237 1 4521.86669922 0. 2.90323102809e-22 0.
1464562297 1 4511.85791016 0. 2.89876221841e-22 0.
1464562357 1 4507.47021484 0. 2.89776958412e-22 0.
1464562417 1 4508.18310547 0. 2.90019128331e-22 0.
1464562477 1 4496.64111328 0. 2.89459942716e-22 0.
1464562537 1 4498.06787109 0. 2.89748207107e-22 0.
1464562597 1 4493.75244141 0. 2.8966598308e-22 0.
1464562657 1 4489.13867188 0. 2.89547459605e-22 0.
1464562718 1 4496.42431641 0. 2.90214900426e-22 0.
1464562778 1 4498.06445312 0. 2.90523511015e-22 0.
1464562838 1 4493.80273438 0. 2.9043641066e-22 0.
1464562898 1 4487.12158203 0. 2.90197680508e-22 0.
1464562958 1 4467.43164062 0. 2.89104358303e-22 0.
1464563018 1 4467.59375 0. 2.89294141557e-22 0.
1464563078 1 4479.69970703 0. 2.90276530804e-22 0.
1464563139 1 4473.17626953 0. 2.90055116889e-22 0.
1464563199 1 4473.28466797 0. 2.90264809903e-22 0.
1464563259 1 4458.92041016 0. 2.89517781115e-22 0.
1464563319 1 4451.02734375 0. 2.89191220486e-22 0.
1464563379 1 4457.04931641 0. 2.89781284235e-22 0.
1464563439 1 4457.22949219 0. 2.8998180864e-22 0.
1464563499 1 4455.63964844 0. 2.90078705955e-22 0.
1464563560 1 4455.73388672 0. 2.90292528443e-22 0.
1464563620 1 4455.51074219 0. 2.90468414842e-22 0.
1464563680 1 4454.63427734 0. 2.9059810751e-22 0.
1464563740 1 4440.34521484 0. 2.89845229373e-22 0.
1464563800 1 4440.69042969 0. 2.90054431746e-22 0.
1464563860 1 4433.27441406 0. 2.89769236709e-22 0.
1464563920 1 4437.26513672 0. 2.9020931939e-22 0.
1464563980 1 4435.53417969 0. 2.90300017292e-22 0.
1464564040 1 4432.09326172 0. 2.90273769537e-22 0.
1464564101 1 4428.59326172 0. 2.90239429112e-22 0.
1464564161 1 4429.16162109 0. 2.90467516725e-22 0.
1464564221 1 4435.64404297 0. 2.91100487582e-22 0.
1464564281 1 4435.75634766 0. 2.9129200551e-22 0.
1464564341 1 4430.00683594 0. 2.9109935967e-22 0.
1464564401 1 4425.81152344 0. 2.90996835217e-22 0.
1464564461 1 4408.80566406 0. 2.90060191765e-22 0.
1464564522 1 4409.05810547 0. 2.90261649079e-22 0.
1464564582 1 4403.3671875 0. 2.90072836466e-22 0.
1464564642 1 4405.03759766 0. 2.9038760604e-22 0.
1464564702 1 4411.15820312 0. 2.90968468453e-22 0.
1464564762 1 4403.37939453 0. 2.90625334413e-22 0.
1464564822 1 4402.23779297 0. 2.90735401596e-22 0.
1464564882 1 4394.57568359 0. 2.90416584013e-22 0.
1464564942 1 4386.52832031 0. 2.90074905683e-22 0.
1464565003 1 4382.35839844 0. 2.90002860236e-22 0.
1464565063 1 4393.19189453 0. 2.90906675597e-22 0.
1464565123 1 4383.32226562 0. 2.90438129408e-22 0.
1464565183 1 4389.32763672 0. 2.91037284077e-22 0.
1464565243 1 4387.84570312 0. 2.91123144003e-22 0.
1464565303 1 4390.71142578 0. 2.91491841813e-22 0.
1464565363 1 4384.45263672 0. 2.91256168268e-22 0.
1464565423 1 4370.34375 0. 2.90515335869e-22 0.
1464565484 1 4364.72167969 0. 2.90333125065e-22 0.
1464565544 1 4370.87109375 0. 2.90918318036e-22 0.
1464565604 1 4369.01757812 0. 2.90990632396e-22 0.
1464565664 1 4363.77587891 0. 2.9084505336e-22 0.
1464565724 1 4348.74755859 0. 2.90030942627e-22 0.
1464565784 1 4358.82958984 0. 2.90894101327e-22 0.
1464565844 1 4354.515625 0. 2.9078869188e-22 0.
1464565881 1 4355.75732422 0. 2.91006522847e-22 0.
1464565919 1 4352.42480469 0. 2.90873626019e-22 0.
1464565979 1 4352.31591797 0. 2.91046109443e-22 0.
1464566039 1 4341.94970703 0. 2.90555607558e-22 0.
1464566099 1 4340.53271484 0. 2.90641423528e-22 0.
1464566159 1 4192.67333984 0. 2.80949805368e-22 0.
1464566220 1 4265.25878906 0. 2.85999552744e-22 0.
1464566280 1 4366.9140625 0. 2.92967030267e-22 0.
1464566340 1 4376.56054688 0. 2.93800064631e-22 0.
1464566400 1 4380.50048828 0. 2.94254032555e-22 0.
1464566460 1 4380.57910156 0. 2.94447048108e-22 0.
1464566520 1 4377.56347656 0. 2.94822776022e-22 0.
1464566580 1 4372.52880859 0. 2.94294585192e-22 0.
1464566640 1 4365.39355469 0. 2.94010820789e-22 0.
1464566700 1 4358.76123047 0. 2.93764978527e-22 0.
1464566761 1 4365.83154297 0. 2.94432381677e-22 0.
1464566821 1 4365.18457031 0. 2.94592647853e-22 0.
1464566881 1 4363.13085938 0. 2.94669135758e-22 0.
1464566941 1 4356.84228516 0. 2.94447648242e-22 0.
1464567001 1 4356.88476562 0. 2.94654681208e-22 0.
1464567061 1 4356.97705078 0. 2.94863330469e-22 0.
1464567121 1 4354.71191406 0. 2.94895920282e-22 0.
1464567181 1 4350.63525391 0. 2.94811494083e-22 0.
1464567242 1 4333.22460938 0. 2.93835476218e-22 0.
1464567302 1 4336.48095703 0. 2.94269916231e-22 0.
1464567362 1 4342.18164062 0. 2.94827790428e-22 0.
1464567422 1 4340.32324219 0. 2.94901995107e-22 0.
1464567462 1 4341.19873047 0. 2.95093569715e-22 0.
1464567502 1 4337.17041016 0. 2.94947813508e-22 0.
1464567562 1 4327.83154297 0. 2.94509267171e-22 0.
1464567623 1 4331.99951172 0. 2.95002487388e-22 0.
1464567683 1 4332.50732422 0. 2.95230911216e-22 0.
1464567743 1 4317.39013672 0. 2.94398588326e-22 0.
1464567803 1 4317.72753906 0. 2.94618343659e-22 0.
1464567863 1 4321.68994141 0. 2.9507751984e-22 0.
1464567923 1 4313.10595703 0. 2.9469742386e-22 0.
1464567983 1 4322.43798828 0. 2.95532283643e-22 0.
1464568043 1 4323.14648438 0. 2.95783485888e-22 0.
1464568103 1 4317.36914062 0. 2.9558536812e-22 0.
1464568164 1 4306.16552734 0. 2.95015689212e-22 0.
1464568224 1 4304.43017578 0. 2.95093744285e-22 0.
1464568284 1 4306.06884766 0. 2.95407870167e-22 0.
1464568344 1 4299.20751953 0. 2.95124413246e-22 0.
1464568404 1 4297.57080078 0. 2.95202532336e-22 0.
1464568464 1 4290.83105469 0. 2.9492638461e-22 0.
1464568524 1 4298.61669922 0. 2.95630830856e-22 0.
1464568585 1 4299.57958984 0. 2.95893694668e-22 0.
1464568645 1 4296.63916016 0. 2.95883555701e-22 0.
1464568705 1 4284.84375 0. 2.9526770669e-22 0.
1464568765 1 4291.42236328 0. 2.95908576548e-22 0.
1464568825 1 4288.15185547 0. 2.95868707554e-22 0.
1464568885 1 4284.68554688 0. 2.9581543518e-22 0.
1464568945 1 4278.67919922 0. 2.95590778006e-22 0.
1464569005 1 4278.8046875 0. 2.95788479756e-22 0.
1464569066 1 4253.33007812 0. 2.9422009993e-22 0.
1464569126 1 4259.69775391 0. 2.94833746015e-22 0.
1464569186 1 4276.92431641 0. 2.96207759888e-22 0.
1464569246 1 4283.82666016 0. 2.96885939326e-22 0.
1464569306 1 4279.77294922 0. 2.96790415678e-22 0.
1464569366 1 4273.92041016 0. 2.96580470849e-22 0.
1464569426 1 4259.81298828 0. 2.95805517237e-22 0.
1464569486 1 4259.22460938 0. 2.95937511595e-22 0.
1464569547 1 4269.39404297 0. 2.97864741281e-22 0.
1464569607 1 4265.60302734 0. 2.96758320276e-22 0.
1464569667 1 4260.52636719 0. 2.96603016757e-22 0.
1464569727 1 4254.95703125 0. 2.96411771487e-22 0.
1464569787 1 4238.19238281 0. 2.95432345802e-22 0.
1464569847 1 4246.10205078 0. 2.96177758352e-22 0.
1464569907 1 4247.24414062 0. 2.96443321352e-22 0.
1464569967 1 4250.078125 0. 2.96822251696e-22 0.
1464570028 1 4247.28662109 0. 2.96798726149e-22 0.
1464570088 1 4229.50634766 0. 2.9574044284e-22 0.
1464570148 1 4240.36035156 0. 2.96681248866e-22 0.
1464570208 1 4244.32275391 0. 2.97144372037e-22 0.
1464570268 1 4224.91552734 0. 2.95983100202e-22 0.
1464570328 1 4230.70703125 0. 2.96564404012e-22 0.
1464570388 1 4224.72070312 0. 2.96342197886e-22 0.
1464570449 1 4213.97167969 0. 2.95786177624e-22 0.
1464570509 1 4229.12792969 0. 2.97040753182e-22 0.
1464570569 1 4230.55810547 0. 2.97326525625e-22 0.
1464570629 1 4219.18701172 0. 2.96711455789e-22 0.
1464570689 1 4219.91894531 0. 2.96954923218e-22 0.
1464570749 1 4222.1953125 0. 2.97318066499e-22 0.
1464570809 1 4219.171875 0. 2.97296122303e-22 0.
1464570869 1 4216.06640625 0. 2.97247735896e-22 0.
1464570930 1 4218.58105469 0. 2.9760856157e-22 0.
1464570990 1 4210.54296875 0. 2.97227773061e-22 0.
1464571050 1 4203.88916016 0. 2.96947627439e-22 0.
1464571110 1 4197.49511719 0. 2.96675566745e-22 0.
1464571170 1 4202.64257812 0. 2.97223545844e-22 0.
1464571230 1 4203.32275391 0. 2.97457630405e-22 0.
1464571290 1 4207.9375 0. 2.97980243838e-22 0.
1464571350 1 4208.75683594 0. 2.98242401259e-22 0.
1464571411 1 4195.94238281 0. 2.97510639005e-22 0.
1464571471 1 4201.64013672 0. 2.98092772394e-22 0.
1464571531 1 4201.59863281 0. 2.98268396871e-22 0.
1464571591 1 4200.72705078 0. 2.98394414583e-22 0.
1464571651 1 4190.32080078 0. 2.97832486767e-22 0.
1464571711 1 4193.12890625 0. 2.98235607611e-22 0.
1464571771 1 4191.89550781 0. 2.98332171397e-22 0.
1464571832 1 4190.171875 0. 2.98383759422e-22 0.
1464571892 1 4178.66162109 0. 2.97745508247e-22 0.
1464571952 1 4179.66503906 0. 2.97990949439e-22 0.
1464572012 1 4179.67041016 0. 2.98181160585e-22 0.
1464572072 1 4181.69824219 0. 2.98512766822e-22 0.
1464572132 1 4175.39794922 0. 2.98244412614e-22 0.
1464572192 1 4166.37109375 0. 2.97791335226e-22 0.
1464572252 1 4154.73583984 0. 2.97159881863e-22 0.
1464572313 1 4162.4375 0. 2.97896583283e-22 0.
1464572373 1 4162.63476562 0. 2.98108037003e-22 0.
1464572433 1 4158.8046875 0. 2.98034155178e-22 0.
1464572493 1 4157.96875 0. 2.98155191065e-22 0.
1464572553 1 4154.73144531 0. 2.98109064795e-22 0.
1464572613 1 4151.64648438 0. 2.98078922516e-22 0.
1464572673 1 4140.49609375 0. 2.97461496545e-22 0.
1464572733 1 4135.34765625 0. 2.97275236347e-22 0.
1464572794 1 4147.31396484 0. 2.9832242385e-22 0.
1464572854 1 4153.30273438 0. 2.98950691306e-22 0.
1464572914 1 4128.68017578 0. 2.97371777065e-22 0.
1464572974 1 4135.07714844 0. 2.98027364775e-22 0.
1464573034 1 4136.21826172 0. 2.98273640204e-22 0.
1464573094 1 4126.48242188 0. 2.97764186877e-22 0.
1464573154 1 4121.27294922 0. 2.97580634083e-22 0.
1464573215 1 4126.11132812 0. 2.98127680939e-22 0.
1464573275 1 4104.69873047 0. 2.96774395047e-22 0.
1464573335 1 4105.87939453 0. 2.97042705687e-22 0.
1464573395 1 4113.07177734 0. 2.97738427447e-22 0.
1464573455 1 4117.00830078 0. 2.98211041812e-22 0.
1464573515 1 4119.81347656 0. 2.98595536652e-22 0.
1464573575 1 4104.07958984 0. 2.97653029745e-22 0.
1464573635 1 4107.42285156 0. 2.98089565051e-22 0.
1464573696 1 4100.72900391 0. 2.9780231748e-22 0.
1464573756 1 4100.96923828 0. 2.98010317519e-22 0.
1464573816 1 4093.29614258 0. 2.97662041214e-22 0.
1464573876 1 4095.74365234 0. 2.98009807815e-22 0.
1464573936 1 4102.47998047 0. 2.98662624407e-22 0.
1464573996 1 4089.09790039 0. 2.97874866355e-22 0.
1464574056 1 4080.72509766 0. 2.97448689124e-22 0.
1464574117 1 4083.92578125 0. 2.97874891527e-22 0.
1464574177 1 4076.67822266 0. 2.97523016966e-22 0.
1464574237 1 4071.63037109 0. 2.97338689219e-22 0.
1464574297 1 4076.73706055 0. 2.97904453559e-22 0.
1464574357 1 3869.67382812 0. 2.829769767e-22 0.
1464574417 1 3941.06176758 0. 2.88367167088e-22 0.
1464574477 1 4084.90332031 0. 2.99055576999e-22 0.
1464574537 1 4097.52294922 0. 3.00171055616e-22 0.
1464574598 1 4097.86279297 0. 3.00372081862e-22 0.
1464574658 1 4101.57470703 0. 3.00822577893e-22 0.
1464574718 1 4091.91845703 0. 3.00304006976e-22 0.
1464574778 1 4084.11962891 0. 2.99927382719e-22 0.
1464574838 1 4084.5637207 0. 3.00130808531e-22 0.
1464574898 1 4092.6550293 0. 3.03510422957e-22 0.
1464574958 1 4084.22631836 0. 3.00476817053e-22 0.
1464575019 1 4075.51196289 0. 3.00021341357e-22 0.
1464575079 1 4071.0144043 0. 2.99876231466e-22 0.
1464575139 1 4065.80981445 0. 2.99682503214e-22 0.
1464575199 1 4074.43823242 0. 3.00491425444e-22 0.
1464575259 1 4071.81811523 0. 3.00486692797e-22 0.
1464575319 1 4074.90869141 0. 3.00918518018e-22 0.
1464575379 1 4067.39819336 0. 3.00537811842e-22 0.
1464575439 1 4060.34228516 0. 3.00174774456e-22 0.
1464575500 1 4054.52685547 0. 2.99919881691e-22 0.
1464575560 1 4058.40136719 0. 3.00389995768e-22 0.
1464575620 1 4055.43310547 0. 3.00331438248e-22 0.
1464575680 1 4047.14282227 0. 2.9988440249e-22 0.
1464575740 1 4040.65429688 0. 2.99576219004e-22 0.
1464575800 1 4054.11499023 0. 3.00734680145e-22 0.
1464575861 1 4045.09912109 0. 3.00259892225e-22 0.
1464575921 1 4030.84741211 0. 2.99391585123e-22 0.
1464575981 1 4027.97216797 0. 2.99341652496e-22 0.
1464576041 1 4030.70410156 0. 2.99731093699e-22 0.
1464576101 1 4025.07543945 0. 2.99495828097e-22 0.
1464576161 1 4039.94897461 0. 3.00773151231e-22 0.
1464576221 1 4034.11474609 0. 3.00533261581e-22 0.
1464576281 1 4026.32958984 0. 3.00130978926e-22 0.
1464576341 1 4014.76269531 0. 2.99468215975e-22 0.
1464576402 1 4024.65844727 0. 3.00393451917e-22 0.
1464576462 1 4031.98022461 0. 3.01106780758e-22 0.
1464576522 1 4012.19775391 0. 2.99826407882e-22 0.
1464576582 1 4019.87768555 0. 3.00569243972e-22 0.
1464576642 1 4015.19189453 0. 3.00402697325e-22 0.
1464576702 1 4021.70751953 0. 3.01077081821e-22 0.
1464576762 1 4008.86279297 0. 3.00311689346e-22 0.
1464576822 1 3987.63696289 0. 2.98932980914e-22 0.
1464576883 1 3977.18359375 0. 2.98321273502e-22 0.
1464576943 1 3986.953125 0. 2.99235222545e-22 0.
1464577003 1 3989.78271484 0. 2.99612067105e-22 0.
1464577063 1 3994.56762695 0. 3.00147577648e-22 0.
1464577123 1 3993.20458984 0. 3.00217657569e-22 0.
1464577183 1 3982.83154297 0. 2.99629986042e-22 0.
1464577243 1 3981.0456543 0. 2.99696533352e-22 0.
1464577303 1 4001.71069336 0. 3.01416535e-22 0.
1464577364 1 3988.6237793 0. 3.00623048057e-22 0.
1464577424 1 3979.30371094 0. 3.00101313665e-22 0.
1464577484 1 3987.52197266 0. 3.00897846602e-22 0.
1464577544 1 3982.09082031 0. 3.00671395622e-22 0.
1464577604 1 3968.09082031 0. 2.99811717098e-22 0.
1464577664 1 3955.76635742 0. 2.99043089726e-22 0.
1464577724 1 3961.24145508 0. 2.99632477247e-22 0.
1464577784 1 3973.81494141 0. 3.00773418537e-22 0.
1464577845 1 3965.56396484 0. 3.00347423609e-22 0.
1464577905 1 3958.45166016 0. 3.00007011577e-22 0.
1464577940 1 3954.30395508 0. 2.99771468379e-22 0.
1464577950 1 3953.11962891 0. 2.99728495436e-22 0.
1464577985 1 3954.57861328 0. 2.99951342859e-22 0.
1464578045 1 3963.89550781 0. 3.00832063215e-22 0.
1464578089 1 3969.97119141 0. 3.01409436382e-22 0.
1464578110 1 3965.37475586 0. 3.01139702995e-22 0.
1464578147 1 3956.96728516 0. 3.0061100602e-22 0.
1464578207 1 3954.44555664 0. 3.00601472576e-22 0.
1464578267 1 3948.57495117 0. 3.00330489243e-22 0.
1464578327 1 3972.71557617 0. 3.02335826184e-22 0.
1464578387 1 3958.4675293 0. 3.01434573688e-22 0.
1464578448 1 3950.28149414 0. 3.00984440283e-22 0.
1464578508 1 3941.78808594 0. 3.0052987761e-22 0.
1464578568 1 3956.49389648 0. 3.01816337318e-22 0.
1464578628 1 3956.79980469 0. 3.0201762243e-22 0.
1464578688 1 3934.00463867 0. 3.00487134299e-22 0.
1464578748 1 3949.22143555 0. 3.01816187236e-22 0.
1464578808 1 3946.47875977 0. 3.01783065783e-22 0.
1464578868 1 3944.6940918 0. 3.01829499939e-22 0.
1464578928 1 3932.40258789 0. 3.01076361509e-22 0.
1464578989 1 3947.38500977 0. 3.02406210463e-22 0.
1464579049 1 3943.4362793 0. 3.02297203547e-22 0.
1464579109 1 3937.04882812 0. 3.01997129958e-22 0.
1464579169 1 3937.67700195 0. 3.02236997773e-22 0.
1464579229 1 3933.8425293 0. 3.02125352846e-22 0.
1464579289 1 3926.13085938 0. 3.01725588298e-22 0.
1464579349 1 3927.68554688 0. 3.02039863183e-22 0.
1464579410 1 3937.83056641 0. 3.02978738273e-22 0.
1464579453 1 3930.34887695 0. 3.02532983715e-22 0.
1464579497 1 3925.97143555 0. 3.02335154699e-22 0.
1464579557 1 3910.83837891 0. 3.01358044745e-22 0.
1464579617 1 3923.35717773 0. 3.02495444231e-22 0.
1464579677 1 3925.93432617 0. 3.02876917429e-22 0.
1464579737 1 3909.41699219 0. 3.01788487348e-22 0.
1464579797 1 3904.84033203 0. 3.0160850453e-22 0.
1464579858 1 3910.4206543 0. 3.02223892094e-22 0.
1464579918 1 3909.13183594 0. 3.02299285094e-22 0.
1464579978 1 3919.98071289 0. 3.03309017815e-22 0.
1464580038 1 3907.66772461 0. 3.02550767009e-22 0.
1464580098 1 3899.20898438 0. 3.02082163554e-22 0.
1464580158 1 3906.11328125 0. 3.02796935222e-22 0.
1464580218 1 3901.24316406 0. 3.02611259764e-22 0.
1464580279 1 3902.03369141 0. 3.028689419e-22 0.
1464580339 1 3902.71166992 0. 3.03100696265e-22 0.
1464580399 1 3893.5949707 0. 3.02570508443e-22 0.
1464580459 1 3893.25610352 0. 3.0273480731e-22 0.
1464580519 1 3891.58789062 0. 3.02776374648e-22 0.
1464580579 1 3892.72753906 0. 3.03048178599e-22 0.
1464580639 1 3895.3828125 0. 3.03425957712e-22 0.
1464580699 1 3883.46069336 0. 3.02682736491e-22 0.
1464580760 1 3875.27587891 0. 3.02235565349e-22 0.
1464580820 1 3871.52832031 0. 3.02130087984e-22 0.
1464580880 1 3877.26269531 0. 3.02752076204e-22 0.
1464580940 1 3886.82885742 0. 3.03645309102e-22 0.
1464581000 1 3887.59277344 0. 3.0388558501e-22 0.
1464581060 1 3889.52197266 0. 3.04219604838e-22 0.
1464581120 1 3879.24316406 0. 3.03601113363e-22 0.
1464581180 1 3886.72729492 0. 3.04356413127e-22 0.
1464581241 1 3875.77368164 0. 3.03679700286e-22 0.
1464581301 1 3858.39477539 0. 3.02515362593e-22 0.
1464581361 1 3870.71533203 0. 3.03662849924e-22 0.
1464581421 1 3875.51586914 0. 3.04209432678e-22 0.
1464581481 1 3881.61450195 0. 3.04876638007e-22 0.
1464581541 1 3866.02026367 0. 3.03828225595e-22 0.
1464581601 1 3875.1496582 0. 3.0471913479e-22 0.
1464581662 1 3853.15649414 0. 3.03175676633e-22 0.
1464581722 1 3748.21142578 0. 2.95104375742e-22 0.
1464581782 1 3780.85205078 0. 2.97866736636e-22 0.
1464581842 1 3867.61450195 0. 3.04859156384e-22 0.
1464581902 1 3884.57983398 0. 3.06381071128e-22 0.
1464581962 1 3884.44628906 0. 3.06539425069e-22 0.
1464582022 1 3881.26318359 0. 3.06467881872e-22 0.
1464582082 1 3878.74023438 0. 3.06444925361e-22 0.
1464582142 1 3871.48974609 0. 3.06011852611e-22 0.
1464582203 1 3871.11279297 0. 3.06149954568e-22 0.
1464582263 1 3868.3515625 0. 3.06074326199e-22 0.
1464582323 1 3870.23339844 0. 3.06390561097e-22 0.
1464582383 1 3870.00341797 0. 3.06533213315e-22 0.
1464582443 1 3863.83203125 0. 3.06197313495e-22 0.
1464582503 1 3861.4362793 0. 3.06184063878e-22 0.
1464582564 1 3862.66577148 0. 3.06457951593e-22 0.
1464582624 1 3860.94360352 0. 3.06500415995e-22 0.
1464582684 1 3855.60668945 0. 3.06253473365e-22 0.
1464582744 1 3856.18896484 0. 3.06490276624e-22 0.
1464582804 1 3854.62304688 0. 3.06557404908e-22 0.
1464582864 1 3850.63549805 0. 3.06417158857e-22 0.
1464582924 1 3848.85498047 0. 3.06458395831e-22 0.
1464582984 1 3845.44067383 0. 3.06373405132e-22 0.
1464583045 1 3842.16186523 0. 3.06281656731e-22 0.
1464583105 1 3840.34008789 0. 3.06309066732e-22 0.
1464583165 1 3838.81445312 0. 3.06364874437e-22 0.
1464583225 1 3840.56347656 0. 3.06690749129e-22 0.
1464583285 1 3838.3112793 0. 3.06719318507e-22 0.
1464583345 1 3835.41113281 0. 3.06700129456e-22 0.
1464583405 1 3836.05249023 0. 3.06924452157e-22 0.
1464583466 1 3832.35644531 0. 3.0680128759e-22 0.
1464583526 1 3830.98754883 0. 3.06884311644e-22 0.
1464583586 1 3827.69897461 0. 3.06816680172e-22 0.
1464583646 1 3828.78198242 0. 3.07077553298e-22 0.
1464583688 1 3825.09204102 0. 3.06900154821e-22 0.
1464583730 1 3826.97607422 0. 3.07189163953e-22 0.
1464583790 1 3825.24243164 0. 3.07234145967e-22 0.
1464583850 1 3820.18530273 0. 3.07005722381e-22 0.
1464583910 1 3816.31787109 0. 3.06857304056e-22 0.
1464583970 1 3818.52416992 0. 3.07224814808e-22 0.
1464584030 1 3816.05786133 0. 3.07203296539e-22 0.
1464584091 1 3812.9465332 0. 3.07129105663e-22 0.
1464584151 1 3809.83911133 0. 3.07065336342e-22 0.
1464584211 1 3806.03320312 0. 3.06944634318e-22 0.
1464584271 1 3810.07861328 0. 3.0747477532e-22 0.
1464584331 1 3809.14331055 0. 3.07593875383e-22 0.
1464584391 1 3804.53149414 0. 3.0742133259e-22 0.
1464584451 1 3800.45092773 0. 3.07269108801e-22 0.
1464584512 1 3804.99902344 0. 3.07829050616e-22 0.
1464584572 1 3804.08959961 0. 3.0794161375e-22 0.
1464584632 1 3797.3503418 0. 3.07573440672e-22 0.
1464584692 1 3796.11010742 0. 3.07649786578e-22 0.
1464584752 1 3798.53271484 0. 3.08042664014e-22 0.
1464584812 1 3793.62548828 0. 3.0783398367e-22 0.
1464584872 1 3791.99633789 0. 3.07893908398e-22 0.
1464584933 1 3788.5625 0. 3.07806418593e-22 0.
1464584993 1 3784.65087891 0. 3.07666047276e-22 0.
1464585053 1 3769.76147461 0. 3.0662246677e-22 0.
1464585113 1 3768.32226562 0. 3.06689150293e-22 0.
1464585173 1 3782.93139648 0. 3.08073502416e-22 0.
1464585233 1 3779.60498047 0. 3.07984598956e-22 0.
1464585293 1 3779.72021484 0. 3.08174282789e-22 0.
1464585334 1 3592.33862305 0. 2.93175842413e-22 0.
1464585375 1 0.0904316753149 0. 1.89819888121e-23 0.
1464585435 1 0.083954885602 0. 0.0 0.
1464585495 1 0.0812204256654 0. 0.0 0.
1464585556 1 0.0796466991305 0. 0.0 0.
