1464674085 1 6382.24951172 0. 2.94859309695e-22 0.
1464674145 1 6378.83642578 0. 2.95023416621e-22 0.
1464674205 1 6374.68115234 0. 2.9516104435e-22 0.
1464674259 1 6369.09912109 0. 2.95250763397e-22 0.
1464674313 1 6365.59863281 0. 2.95434998809e-22 0.
1464674373 1 6357.68603516 0. 2.95447602482e-22 0.
1464674433 1 6350.94287109 0. 2.95471688645e-22 0.
1464674493 1 6341.98339844 0. 2.95383268338e-22 0.
1464674553 1 6336.69042969 0. 2.95457667467e-22 0.
1464674613 1 6332.12695312 0. 2.9558443881e-22 0.
1464674673 1 6325.57861328 0. 2.95576375696e-22 0.
1464674734 1 6318.45996094 0. 2.95575543103e-22 0.
1464674794 1 6313.39111328 0. 2.95661803842e-22 0.
1464674844 1 6310.82910156 0. 2.95808850524e-22 0.
1464674894 1 6305.88525391 0. 2.95814488843e-22 0.
1464674954 1 6302.52001953 0. 2.95951907124e-22 0.
1464675009 1 6297.21484375 0. 2.9598886467e-22 0.
1464675063 1 6291.69775391 0. 2.95993008269e-22 0.
1464675123 1 6284.11865234 0. 2.95925407712e-22 0.
1464675183 1 6278.40039062 0. 2.95944014749e-22 0.
1464675230 1 6270.61523438 0. 2.95823298541e-22 0.
1464675277 1 6266.73876953 0. 2.95867564625e-22 0.
1464675337 1 6264.20605469 0. 2.96044770865e-22 0.
1464675380 1 6257.85888672 0. 2.95982617146e-22 0.
1464675420 1 6253.27685547 0. 2.95961517859e-22 0.
1464675477 1 6248.61425781 0. 2.96032004345e-22 0.
1464675538 1 6249.15283203 0. 2.9635403533e-22 0.
1464675598 1 6240.34472656 0. 2.96227723249e-22 0.
1464675658 1 6234.93798828 0. 2.96259392974e-22 0.
1464675718 1 6228.63378906 0. 2.96253490174e-22 0.
1464675755 1 6227.16064453 0. 2.96364310425e-22 0.
1464675793 1 6223.16992188 0. 2.96348241613e-22 0.
1464675854 1 6218.85595703 0. 2.96416499953e-22 0.
1464675914 1 6212.93359375 0. 2.96398263379e-22 0.
1464675975 1 6205.46582031 0. 2.96342546252e-22 0.
1464676035 1 6199.52099609 0. 2.9634146844e-22 0.
1464676096 1 6189.92529297 0. 2.96155459205e-22 0.
1464676156 1 6185.32617188 0. 2.9621324924e-22 0.
1464676217 1 6174.39697266 0. 2.9596296213e-22 0.
1464676277 1 6167.31298828 0. 2.96430368645e-22 0.
1464676338 1 6166.91845703 0. 2.9623017007e-22 0.
1464676399 1 6162.7890625 0. 2.9624655231e-22 0.
1464676459 1 6150.74609375 0. 2.95930217743e-22 0.
1464676520 1 6150.26855469 0. 2.96185196714e-22 0.
1464676580 1 6139.51367188 0. 2.95952137555e-22 0.
1464676641 1 6137.73388672 0. 2.96142131865e-22 0.
1464676701 1 6130.40966797 0. 2.96062755189e-22 0.
1464676762 1 6132.66796875 0. 2.9644861244e-22 0.
1464676822 1 6123.48046875 0. 2.96280153247e-22 0.
1464676883 1 6118.39990234 0. 2.96303240939e-22 0.
1464676943 1 6108.95214844 0. 2.96102426604e-22 0.
1464677004 1 6105.875 0. 2.96211293462e-22 0.
1464677064 1 6096.60644531 0. 2.96022191904e-22 0.
1464677125 1 6085.53466797 0. 2.95763931274e-22 0.
1464677185 1 6081.9375 0. 2.95854247067e-22 0.
1464677246 1 6072.62597656 0. 2.95664366706e-22 0.
1464677307 1 6070.60107422 0. 2.95767114581e-22 0.
1464677367 1 6074.10009766 0. 2.96130869245e-22 0.
1464677428 1 6066.02880859 0. 2.95989509275e-22 0.
1464677488 1 6067.60302734 0. 2.96326388792e-22 0.
1464677549 1 6054.16064453 0. 2.9591872597e-22 0.
1464677609 1 6046.38134766 0. 2.95792171766e-22 0.
1464677670 1 6044.45605469 0. 2.95975280837e-22 0.
1464677730 1 6031.59277344 0. 2.95598287227e-22 0.
1464677793 1 6032.82666016 0. 2.95919302986e-22 0.
1464677855 1 6016.07666016 0. 2.95375607778e-22 0.
1464677915 1 6013.04492188 0. 2.95490892227e-22 0.
1464677975 1 6011.21679688 0. 2.95647064645e-22 0.
1464678035 1 6000.24365234 0. 2.95375500138e-22 0.
1464678095 1 6000.97216797 0. 2.95642296616e-22 0.
1464678155 1 5989.14501953 0. 2.95383793602e-22 0.
1464678215 1 5988.13378906 0. 2.95604344371e-22 0.
1464678275 1 5971.47021484 0. 2.95037999253e-22 0.
1464678336 1 5837.78662109 0. 2.88710395383e-22 0.
1464678396 1 5865.57275391 0. 2.90374383114e-22 0.
1464678456 1 5848.17919922 0. 2.89759885017e-22 0.
1464678516 1 6092.07275391 0. 3.02092891768e-22 0.
1464678576 1 6085.67871094 0. 3.02030593666e-22 0.
1464678636 1 6081.18505859 0. 3.02063734463e-22 0.
1464678697 1 6079.08740234 0. 3.02220869265e-22 0.
1464678757 1 6076.68066406 0. 3.02372112374e-22 0.
1464678817 1 6072.30908203 0. 3.02404449753e-22 0.
1464678877 1 6067.37207031 0. 3.02417546425e-22 0.
1464678937 1 6061.20263672 0. 3.02389576225e-22 0.
1464678997 1 6059.37011719 0. 3.02548938001e-22 0.
1464679057 1 6057.61035156 0. 3.02707908655e-22 0.
1464679117 1 6052.42724609 0. 3.02695728454e-22 0.
1464679160 1 6050.55126953 0. 3.02791865943e-22 0.
1464679204 1 6047.61035156 0. 3.0283011145e-22 0.
1464679264 1 6043.04443359 0. 3.02861020316e-22 0.
1464679324 1 6041.72363281 0. 3.03056965523e-22 0.
1464679384 1 6039.1953125 0. 3.0317682238e-22 0.
1464679426 1 6034.58300781 0. 3.03107572273e-22 0.
1464679445 1 6032.90185547 0. 3.03090877575e-22 0.
1464679481 1 6030.32324219 0. 3.03104598812e-22 0.
1464679541 1 6025.08007812 0. 3.03090219815e-22 0.
1464679602 1 6020.66015625 0. 3.03120695242e-22 0.
1464679662 1 6017.05371094 0. 3.03181346385e-22 0.
1464679722 1 6013.84130859 0. 3.03266222043e-22 0.
1464679782 1 6007.72607422 0. 3.03208632092e-22 0.
1464679842 1 6004.65771484 0. 3.03288298838e-22 0.
1464679902 1 6001.07763672 0. 3.03349686842e-22 0.
1464679962 1 5999.00097656 0. 3.03488908136e-22 0.
1464680023 1 5995.48242188 0. 3.03559467137e-22 0.
1464680083 1 5989.65185547 0. 3.0350295141e-22 0.
1464680132 1 5987.19628906 0. 3.03576162247e-22 0.
1464680182 1 5982.81738281 0. 3.03559278023e-22 0.
1464680242 1 5978.09423828 0. 3.03576302537e-22 0.
1464680302 1 5973.25341797 0. 3.03574768113e-22 0.
1464680362 1 5969.65673828 0. 3.03655007013e-22 0.
1464680422 1 5967.67529297 0. 3.03827204639e-22 0.
1464680482 1 5962.70849609 0. 3.03830478504e-22 0.
1464680542 1 5958.89697266 0. 3.03875268682e-22 0.
1464680602 1 5957.73535156 0. 3.04050083144e-22 0.
1464680663 1 5954.95019531 0. 3.04141328833e-22 0.
1464680723 1 5948.66992188 0. 3.04057548979e-22 0.
1464680783 1 5945.59765625 0. 3.04151557803e-22 0.
1464680843 1 5941.08154297 0. 3.04151563101e-22 0.
1464680903 1 5936.21435547 0. 3.04131232926e-22 0.
1464680963 1 5932.24316406 0. 3.04169780023e-22 0.
1464681023 1 5929.9921875 0. 3.04299097406e-22 0.
1464681083 1 5924.74609375 0. 3.04275766864e-22 0.
1464681144 1 5920.16210938 0. 3.04279249687e-22 0.
1464681204 1 5914.37695312 0. 3.04190012803e-22 0.
1464681264 1 5913.43066406 0. 3.0436749319e-22 0.
1464681324 1 5912.72705078 0. 3.04571442152e-22 0.
1464681384 1 5907.00195312 0. 3.0452730829e-22 0.
1464681444 1 5902.78173828 0. 3.04552917216e-22 0.
1464681504 1 5901.15332031 0. 3.04715435349e-22 0.
1464681564 1 5895.16113281 0. 3.04633696709e-22 0.
1464681625 1 5892.65039062 0. 3.04750061089e-22 0.
1464681685 1 5889.05615234 0. 3.04816976624e-22 0.
1464681745 1 5884.60449219 0. 3.0483514739e-22 0.
1464681805 1 5882.32470703 0. 3.04960649421e-22 0.
1464681865 1 5879.18896484 0. 3.05030426221e-22 0.
1464681925 1 5874.68994141 0. 3.05032321718e-22 0.
1464681985 1 5870.04248047 0. 3.0500652331e-22 0.
1464682046 1 5867.16943359 0. 3.05070448111e-22 0.
1464682106 1 5865.91113281 0. 3.05246500414e-22 0.
1464682166 1 5863.68164062 0. 3.05357398542e-22 0.
1464682226 1 5857.95654297 0. 3.05281665733e-22 0.
1464682286 1 5852.39111328 0. 3.05222325107e-22 0.
1464682346 1 5849.21777344 0. 3.05283205192e-22 0.
1464682406 1 5847.78076172 0. 3.05435792049e-22 0.
1464682466 1 5843.39501953 0. 3.05439385342e-22 0.
1464682527 1 5838.72851562 0. 3.05373714927e-22 0.
1464682587 1 5836.34277344 0. 3.05470462405e-22 0.
1464682647 1 5832.96826172 0. 3.05580437814e-22 0.
1464682707 1 5830.02392578 0. 3.05901640199e-22 0.
1464682767 1 5825.36914062 0. 3.05899403825e-22 0.
1464682827 1 5820.67822266 0. 3.05887481277e-22 0.
1464682872 1 5818.18212891 0. 3.05929439267e-22 0.
1464682918 1 5810.46289062 0. 3.05692861191e-22 0.
1464682978 1 5808.39990234 0. 3.05817456985e-22 0.
1464683038 1 5751.83935547 0. 3.0306894437e-22 0.
1464683098 1 5577.30078125 0. 2.94153017347e-22 0.
1464683158 1 5603.67041016 0. 2.95759616465e-22 0.
1464683218 1 5803.56445312 0. 3.06545778561e-22 0.
1464683278 1 5804.82666016 0. 3.06866215274e-22 0.
1464683339 1 5801.51708984 0. 3.06928705361e-22 0.
1464683399 1 5798.78955078 0. 3.07022800105e-22 0.
1464683459 1 5795.7109375 0. 3.07102904633e-22 0.
1464683519 1 5794.50976562 0. 3.07283536541e-22 0.
1464683579 1 5792.66455078 0. 3.07423528095e-22 0.
1464683639 1 5787.03369141 0. 3.07347558528e-22 0.
1464683699 1 5784.60888672 0. 3.07459968482e-22 0.
1464683759 1 5782.59375 0. 3.07580791476e-22 0.
1464683820 1 5779.20898438 0. 3.07645506531e-22 0.
1464683880 1 5775.62597656 0. 3.07701703992e-22 0.
1464683940 1 5771.72265625 0. 3.0812933362e-22 0.
1464684000 1 5769.37402344 0. 3.07826274312e-22 0.
1464684060 1 5766.41943359 0. 3.07914610888e-22 0.
1464684120 1 5764.73144531 0. 3.08042995322e-22 0.
1464684180 1 5762.03320312 0. 3.08126250708e-22 0.
1464684240 1 5758.62158203 0. 3.08173726697e-22 0.
1464684300 1 5752.85302734 0. 3.08086321333e-22 0.
1464684361 1 5751.00927734 0. 3.08208790535e-22 0.
1464684421 1 5749.93164062 0. 3.08378675468e-22 0.
1464684481 1 5747.99902344 0. 3.0849858424e-22 0.
1464684541 1 5743.55664062 0. 3.08506648591e-22 0.
1464684601 1 5723.7734375 0. 3.07684536488e-22 0.
1464684661 1 5717.65380859 0. 3.07570677264e-22 0.
1464684721 1 5706.76464844 0. 3.07214217752e-22 0.
1464684782 1 5700.81298828 0. 3.07137781907e-22 0.
1464684842 1 5696.80761719 0. 3.07156782002e-22 0.
1464684902 1 5683.77050781 0. 3.06675456686e-22 0.
1464684938 1 5687.31835938 0. 3.07025326968e-22 0.
1464684974 1 5684.65185547 0. 3.07002291168e-22 0.
1464685034 1 5675.42333984 0. 3.06724201207e-22 0.
1464685094 1 5674.33300781 0. 3.06893227439e-22 0.
1464685154 1 5670.47167969 0. 3.06894480898e-22 0.
1464685214 1 5657.54492188 0. 3.0643189434e-22 0.
1464685267 1 5654.92822266 0. 3.06492821681e-22 0.
1464685319 1 5650.24365234 0. 3.06435888446e-22 0.
1464685379 1 5642.45800781 0. 3.06261296703e-22 0.
1464685439 1 5638.8984375 0. 3.06298049508e-22 0.
1464685499 1 5635.59912109 0. 3.06344732488e-22 0.
1464685559 1 5628.36035156 0. 3.06167104613e-22 0.
1464685620 1 5626.27099609 0. 3.06269798902e-22 0.
1464685680 1 5618.42724609 0. 3.06081146046e-22 0.
1464685740 1 5612.97753906 0. 3.06018942246e-22 0.
1464685800 1 5605.96875 0. 3.05871542104e-22 0.
1464685860 1 5604.95214844 0. 3.06079542219e-22 0.
1464685920 1 5597.22216797 0. 3.05878589504e-22 0.
1464685980 1 5591.32519531 0. 3.0576000087e-22 0.
1464686040 1 5584.33251953 0. 3.05579543887e-22 0.
1464686100 1 5568.57910156 0. 3.04930285507e-22 0.
1464686160 1 5562.27539062 0. 3.04799069937e-22 0.
1464686221 1 5544.66796875 0. 3.04019049253e-22 0.
1464686281 1 5540.21630859 0. 3.0395415133e-22 0.
1464686341 1 5473.27783203 0. 3.00465951643e-22 0.
1464686401 1 5400.25537109 0. 2.96676951269e-22 0.
1464686461 1 5271.29101562 0. 2.89770130721e-22 0.
1464686521 1 5591.96582031 0. 3.07595091266e-22 0.
1464686581 1 5585.87353516 0. 3.0747361648e-22 0.
1464686641 1 5583.41650391 0. 3.07566599609e-22 0.
1464686702 1 5580.26806641 0. 3.07622270525e-22 0.
1464686762 1 5576.88085938 0. 3.0766698918e-22 0.
1464686822 1 5570.80029297 0. 3.07547626046e-22 0.
1464686882 1 5566.46875 0. 3.07527741134e-22 0.
1464686942 1 5565.02880859 0. 3.07658366019e-22 0.
1464687002 1 5562.04882812 0. 3.07724096975e-22 0.
1464687062 1 5557.73339844 0. 3.07696378823e-22 0.
1464687123 1 5553.14306641 0. 3.07697044536e-22 0.
1464687183 1 5550.9375 0. 3.07801600472e-22 0.
1464687219 1 5549.14550781 0. 3.07839686079e-22 0.
1464687232 1 5549.27929688 0. 3.07875740302e-22 0.
1464687270 1 5545.87255859 0. 3.07817423086e-22 0.
1464687330 1 5542.69238281 0. 3.07851402862e-22 0.
1464687390 1 5538.89794922 0. 3.07876696501e-22 0.
1464687450 1 5536.11474609 0. 3.07960882924e-22 0.
1464687510 1 5533.56689453 0. 3.08032295126e-22 0.
1464687571 1 5530.80810547 0. 3.08114266373e-22 0.
1464687631 1 5526.55419922 0. 3.08099823651e-22 0.
1464687691 1 5522.88623047 0. 3.08108202507e-22 0.
1464687751 1 5521.68505859 0. 3.08262541068e-22 0.
1464687811 1 5518.15527344 0. 3.0828217627e-22 0.
1464687871 1 5514.72753906 0. 3.08324803113e-22 0.
1464687931 1 5511.70068359 0. 3.08385859846e-22 0.
1464687992 1 5507.14501953 0. 3.08348088592e-22 0.
1464688052 1 5502.96679688 0. 3.0832757652e-22 0.
1464688112 1 5499.06494141 0. 3.08316428095e-22 0.
1464688172 1 5496.76074219 0. 3.08396233068e-22 0.
1464688232 1 5494.40136719 0. 3.08475655217e-22 0.
1464688292 1 5488.796875 0. 3.08373547299e-22 0.
1464688352 1 5485.90722656 0. 3.08438934567e-22 0.
1464688412 1 5484.96923828 0. 3.08612720384e-22 0.
1464688473 1 5481.28076172 0. 3.08625970275e-22 0.
1464688533 1 5475.07421875 0. 3.08496905333e-22 0.
1464688593 1 5471.92871094 0. 3.08508933889e-22 0.
1464688653 1 5468.74316406 0. 3.08533331683e-22 0.
1464688713 1 5467.41845703 0. 3.08680779622e-22 0.
1464688773 1 5463.23974609 0. 3.0865068442e-22 0.
1464688833 1 5458.87890625 0. 3.08607567916e-22 0.
1464688893 1 5454.24316406 0. 3.0856387389e-22 0.
1464688953 1 5448.73681641 0. 3.0845958985e-22 0.
1464689014 1 5444.40039062 0. 3.08449418423e-22 0.
1464689074 1 5441.85986328 0. 3.08522767085e-22 0.
1464689134 1 5440.23144531 0. 3.08656789932e-22 0.
1464689194 1 5437.12255859 0. 3.08694196095e-22 0.
1464689254 1 5432.85009766 0. 3.08660164179e-22 0.
1464689314 1 5429.18603516 0. 3.08727046111e-22 0.
1464689374 1 5426.36914062 0. 3.08740301892e-22 0.
1464689435 1 5422.89013672 0. 3.08776068815e-22 0.
1464689495 1 5417.34863281 0. 3.08679888207e-22 0.
1464689555 1 5414.10107422 0. 3.08711216951e-22 0.
1464689615 1 5410.04736328 0. 3.08709314695e-22 0.
1464689675 1 5406.83300781 0. 3.08752011604e-22 0.
1464689735 1 5403.94384766 0. 3.0881638225e-22 0.
1464689792 1 5401.09326172 0. 3.08867824347e-22 0.
1464689824 1 5399.49267578 0. 3.08857601896e-22 0.
1464689860 1 5397.74121094 0. 3.08894300775e-22 0.
1464689895 1 5396.96044922 0. 3.09007656468e-22 0.
1464689910 1 5395.40722656 0. 3.08967778042e-22 0.
1464689926 1 5396.06640625 0. 3.09074791199e-22 0.
1464689961 1 5393.83203125 0. 3.09075302908e-22 0.
1464690021 1 5390.15136719 0. 3.09080007407e-22 0.
1464690069 1 5387.25 0. 3.09085040219e-22 0.
1464690093 1 5387.10107422 0. 3.0918435959e-22 0.
1464690105 1 5386.75927734 0. 3.09192210902e-22 0.
1464690141 1 5383.23242188 0. 3.09115680446e-22 0.
1464690188 1 5377.68457031 0. 3.08975252345e-22 0.
1464690236 1 5375.30126953 0. 3.09035961743e-22 0.
1464690296 1 5373.80126953 0. 3.09156509277e-22 0.
1464690356 1 5370.91894531 0. 3.09220567753e-22 0.
1464690416 1 5367.0390625 0. 3.09222769026e-22 0.
1464690476 1 5364.33496094 0. 3.09277558613e-22 0.
1464690536 1 5360.24462891 0. 3.09277792573e-22 0.
1464690597 1 5354.89550781 0. 3.09170549674e-22 0.
1464690657 1 5354.66357422 0. 3.09365779108e-22 0.
1464690717 1 5353.94042969 0. 3.09537454266e-22 0.
1464690777 1 5350.04443359 0. 3.09532060756e-22 0.
1464690837 1 5346.22021484 0. 3.09533857891e-22 0.
1464690897 1 5343.82470703 0. 3.09612091179e-22 0.
1464690957 1 5288.39550781 0. 3.06610463586e-22 0.
1464691017 1 5243.58007812 0. 3.04223934516e-22 0.
1464691078 1 5260.58789062 0. 3.05373370928e-22 0.
1464691138 1 5128.40283203 0. 2.97870342972e-22 0.
1464691198 1 5330.23095703 0. 3.09797967466e-22 0.
1464691258 1 5324.31054688 0. 3.09634330833e-22 0.
1464691318 1 5316.91015625 0. 3.0939528121e-22 0.
1464691378 1 5308.55664062 0. 3.09082895992e-22 0.
1464691438 1 5305.16503906 0. 3.09104373062e-22 0.
1464691498 1 5300.44970703 0. 3.09019746876e-22 0.
1464691559 1 5295.48339844 0. 3.08934374445e-22 0.
1464691619 1 5288.30419922 0. 3.08738525329e-22 0.
1464691679 1 5285.76220703 0. 3.0880938515e-22 0.
1464691739 1 5285.62353516 0. 3.09018566745e-22 0.
1464691799 1 5277.98925781 0. 3.08780454165e-22 0.
1464691855 1 5272.51611328 0. 3.08641342273e-22 0.
1464691889 1 5268.14257812 0. 3.08498781868e-22 0.
1464691927 1 5265.77050781 0. 3.08490203557e-22 0.
1464691987 1 5260.69726562 0. 3.08380519383e-22 0.
1464692047 1 5254.91259766 0. 3.08247488539e-22 0.
1464692107 1 5250.39941406 0. 3.08182724677e-22 0.
1464692167 1 5247.65625 0. 3.08254194662e-22 0.
1464692227 1 5245.99365234 0. 3.0834910998e-22 0.
1464692287 1 5242.54980469 0. 3.08370991504e-22 0.
1464692348 1 5239.39550781 0. 3.08392965754e-22 0.
1464692408 1 5236.58740234 0. 3.08481759254e-22 0.
1464692468 1 5229.43603516 0. 3.0826285927e-22 0.
1464692528 1 5224.78759766 0. 3.0819586336e-22 0.
1464692588 1 5222.59228516 0. 3.082613253e-22 0.
1464692648 1 5220.75146484 0. 3.08348596582e-22 0.
1464692708 1 5217.11914062 0. 3.08344897235e-22 0.
1464692768 1 5212.63476562 0. 3.08296488546e-22 0.
1464692828 1 5212.33544922 0. 3.08506366034e-22 0.
1464692889 1 5208.00927734 0. 3.08462773836e-22 0.
1464692949 1 5204.56640625 0. 3.08454283342e-22 0.
1464693009 1 5198.59912109 0. 3.08346699569e-22 0.
1464693069 1 5198.39404297 0. 3.08542581014e-22 0.
1464693129 1 5195.71289062 0. 3.0860710159e-22 0.
1464693164 1 5194.14746094 0. 3.08605012217e-22 0.
1464693180 1 5193.45605469 0. 3.08639170939e-22 0.
1464693220 1 5190.42138672 0. 3.08609455515e-22 0.
1464693280 1 5189.86083984 0. 3.08787918908e-22 0.
1464693340 1 5185.81933594 0. 3.08755334718e-22 0.
1464693401 1 5179.64404297 0. 3.08620597648e-22 0.
1464693461 1 5177.08935547 0. 3.08678174446e-22 0.
1464693521 1 5175.08056641 0. 3.08761343915e-22 0.
1464693581 1 5172.39648438 0. 3.08823415803e-22 0.
1464693641 1 5168.19677734 0. 3.08796246291e-22 0.
1464693701 1 5166.171875 0. 3.08872480643e-22 0.
1464693761 1 5163.5859375 0. 3.08925793583e-22 0.
1464693821 1 5160.14208984 0. 3.08920058533e-22 0.
1464693882 1 5156.85498047 0. 3.08933659736e-22 0.
1464693942 1 5148.78955078 0. 3.08651957931e-22 0.
1464694002 1 5149.30078125 0. 3.08915619189e-22 0.
1464694062 1 5146.16113281 0. 3.08926211298e-22 0.
1464694122 1 5143.89697266 0. 3.08990908819e-22 0.
1464694182 1 5141.30175781 0. 3.09041680077e-22 0.
1464694242 1 5138.08935547 0. 3.09077671975e-22 0.
1464694302 1 5133.98046875 0. 3.09030129705e-22 0.
1464694362 1 5132.453125 0. 3.0917070758e-22 0.
1464694423 1 5126.16650391 0. 3.09030857214e-22 0.
1464694483 1 5123.09863281 0. 3.09054442297e-22 0.
1464694543 1 5122.47607422 0. 3.09220320886e-22 0.
1464694603 1 5118.55517578 0. 3.09196534526e-22 0.
1464694663 1 5118.34423828 0. 3.09382279771e-22 0.
1464694723 1 5117.34570312 0. 3.09539835487e-22 0.
1464694783 1 5113.96728516 0. 3.0954441027e-22 0.
1464694844 1 5108.02050781 0. 3.09402956818e-22 0.
1464694904 1 5110.63378906 0. 3.09778746088e-22 0.
1464694964 1 5103.50195312 0. 3.09543179397e-22 0.
1464695024 1 5100.04638672 0. 3.09548795539e-22 0.
1464695084 1 5086.73339844 0. 3.08962266405e-22 0.
1464695144 1 5089.86865234 0. 3.0934562155e-22 0.
1464695204 1 5088.67919922 0. 3.0949750929e-22 0.
1464695265 1 5088.70117188 0. 3.09722935587e-22 0.
1464695325 1 5063.34179688 0. 3.08363084356e-22 0.
1464695385 1 5051.39892578 0. 3.07853026842e-22 0.
1464695445 1 5052.17675781 0. 3.08108291254e-22 0.
1464695505 1 5042.21923828 0. 3.07706432313e-22 0.
1464695565 1 5033.77441406 0. 3.07403408313e-22 0.
1464695625 1 5037.24023438 0. 3.07827631667e-22 0.
1464695686 1 5029.47216797 0. 3.07555231509e-22 0.
1464695746 1 5023.46972656 0. 3.07389873926e-22 0.
1464695806 1 5022.93847656 0. 3.07558632152e-22 0.
1464695866 1 5014.38671875 0. 3.07249932995e-22 0.
1464695926 1 5013.27490234 0. 3.07401558451e-22 0.
1464695986 1 5011.55712891 0. 3.07508832524e-22 0.
1464696046 1 5003.29150391 0. 3.07198154925e-22 0.
1464696106 1 5000.53466797 0. 3.07245591674e-22 0.
1464696167 1 4997.06933594 0. 3.07986434137e-22 0.
1464696227 1 4981.16845703 0. 3.0648088706e-22 0.
1464696287 1 4897.16992188 0. 3.01538286167e-22 0.
1464696347 1 4822.5859375 0. 2.97144823153e-22 0.
1464696407 1 4970.51611328 0. 3.06418709198e-22 0.
1464696467 1 4966.60400391 0. 3.06362932426e-22 0.
1464696511 1 4956.74072266 0. 3.05885370007e-22 0.
1464696555 1 4958.00488281 0. 3.06096529176e-22 0.
1464696600 1 4951.65332031 0. 3.05847130575e-22 0.
1464696646 1 4948.24267578 0. 3.05787187209e-22 0.
1464696706 1 4947.75390625 0. 3.0596198907e-22 0.
1464696766 1 4949.15917969 0. 3.06264592687e-22 0.
1464696826 1 4939.50244141 0. 3.0587607847e-22 0.
1464696887 1 4942.56298828 0. 3.0627414177e-22 0.
1464696947 1 4931.59814453 0. 3.05793946353e-22 0.
1464697007 1 4930.67138672 0. 3.05949288493e-22 0.
1464697067 1 4923.01220703 0. 3.05665859862e-22 0.
1464697127 1 4923.08789062 0. 3.05877895013e-22 0.
1464697187 1 4920.20605469 0. 3.05894836419e-22 0.
1464697247 1 4911.14941406 0. 3.05544062541e-22 0.
1464697294 1 4911.05224609 0. 3.05679526218e-22 0.
1464697340 1 4902.59619141 0. 3.05325513853e-22 0.
1464697400 1 4884.79589844 0. 3.04423812844e-22 0.
1464697460 1 4876.23730469 0. 3.04086779784e-22 0.
1464697520 1 4869.05566406 0. 3.03856170759e-22 0.
1464697580 1 4864.72363281 0. 3.03784673484e-22 0.
1464697640 1 4859.13427734 0. 3.03640940505e-22 0.
1464697701 1 4845.90429688 0. 3.0303604256e-22 0.
1464697761 1 4837.54931641 0. 3.02692149528e-22 0.
1464697821 1 4838.77783203 0. 3.02975795537e-22 0.
1464697881 1 4837.21923828 0. 3.03072004881e-22 0.
1464697941 1 4830.68847656 0. 3.02881267334e-22 0.
1464698001 1 4817.47607422 0. 3.02248830554e-22 0.
1464698061 1 4811.33056641 0. 3.02057473059e-22 0.
1464698122 1 4802.22314453 0. 3.01684765585e-22 0.
1464698182 1 4788.10498047 0. 3.00995813778e-22 0.
1464698242 1 4678.00976562 0. 2.94309331612e-22 0.
1464698289 1 4747.10644531 0. 2.98791181747e-22 0.
1464698337 1 4596.70751953 0. 2.8952194668e-22 0.
1464698397 1 4731.87792969 0. 2.98183278871e-22 0.
1464698457 1 4871.08642578 0. 3.07157044123e-22 0.
1464698517 1 4948.96875 0. 3.12267551431e-22 0.
1464698578 1 4943.36181641 0. 3.12118525013e-22 0.
1464698632 1 4939.33642578 0. 3.12047070905e-22 0.
1464698663 1 4938.43457031 0. 3.12111535433e-22 0.
1464698676 1 4938.07910156 0. 3.12111924618e-22 0.
1464698711 1 4937.07421875 0. 3.12168197685e-22 0.
1464698771 1 4937.45410156 0. 3.1241646737e-22 0.
1464698831 1 4935.35644531 0. 3.1248488279e-22 0.
1464698891 1 4931.703125 0. 3.12468908772e-22 0.
1464698951 1 4930.5 0. 3.1260137225e-22 0.
1464699011 1 4925.03173828 0. 3.12448633281e-22 0.
1464699072 1 4920.76318359 0. 3.12384825881e-22 0.
1464699132 1 4920.97509766 0. 3.12621042971e-22 0.
1464699192 1 4913.18847656 0. 3.12330847824e-22 0.
1464699252 1 4912.74169922 0. 3.12509382308e-22 0.
1464699312 1 4912.76074219 0. 3.12733455753e-22 0.
1464699372 1 4904.50488281 0. 3.12421750338e-22 0.
1464699432 1 4902.19580078 0. 3.12483906348e-22 0.
1464699493 1 4896.29150391 0. 3.12307339192e-22 0.
1464699553 1 4893.63574219 0. 3.12351598343e-22 0.
1464699613 1 4892.9921875 0. 3.12517225926e-22 0.
1464699673 1 4884.06152344 0. 3.12154124285e-22 0.
1464699733 1 4886.03955078 0. 3.12491429656e-22 0.
1464699793 1 4876.234375 0. 3.12072176581e-22 0.
1464699853 1 4875.13574219 0. 3.12198514517e-22 0.
1464699914 1 4876.55761719 0. 3.12494993343e-22 0.
1464699974 1 4872.21044922 0. 0.0 0.
1464700009 1 4869.66992188 0. 3.12381298795e-22 0.
1464700019 1 4868.91210938 0. 3.12377144424e-22 0.
1464700055 1 4865.35107422 0. 3.12277975975e-22 0.
1464700115 1 4861.71923828 0. 3.12245245706e-22 0.
1464700175 1 4856.24951172 0. 3.12125805608e-22 0.
1464700235 1 4847.29785156 0. 3.11769263542e-22 0.
1464700295 1 4851.77246094 0. 3.1226612332e-22 0.
1464700355 1 4842.04736328 0. 3.11843704426e-22 0.
1464700415 1 4837.41308594 0. 3.11742038346e-22 0.
1464700476 1 4837.17285156 0. 3.11923837627e-22 0.
1464700536 1 4832.12744141 0. 3.11815296019e-22 0.
1464700596 1 4826.46337891 0. 3.11656565493e-22 0.
1464700656 1 4827.57861328 0. 3.1192951043e-22 0.
1464700716 1 4819.62548828 0. 3.11633270509e-22 0.
1464700776 1 4819.86914062 0. 3.11857587143e-22 0.
1464700836 1 4816.12841797 0. 3.11820754991e-22 0.
1464700896 1 4812.07128906 0. 3.1175378375e-22 0.
1464700956 1 4801.91699219 0. 3.11294710694e-22 0.
1464701017 1 4803.75830078 0. 3.11631199304e-22 0.
1464701077 1 4796.36083984 0. 3.11343017596e-22 0.
1464701137 1 4790.34521484 0. 3.11156127288e-22 0.
1464701197 1 4787.97021484 0. 3.11171350856e-22 0.
1464701257 1 4785.70996094 0. 3.1123357045e-22 0.
1464701317 1 4774.78662109 0. 3.10743502891e-22 0.
1464701377 1 4770.91357422 0. 3.10693189128e-22 0.
1464701437 1 4763.24853516 0. 3.10412697514e-22 0.
1464701498 1 4758.90722656 0. 3.10341947028e-22 0.
1464701558 1 4754.46630859 0. 3.10252515613e-22 0.
1464701618 1 4747.00146484 0. 3.09963667694e-22 0.
1464701678 1 4733.84814453 0. 3.09302404192e-22 0.
1464701738 1 4734.30371094 0. 3.09525742963e-22 0.
1464701798 1 4729.22070312 0. 3.09397239112e-22 0.
1464701858 1 4717.20019531 0. 3.08810188284e-22 0.
1464701919 1 4713.02978516 0. 3.08732116505e-22 0.
1464701979 1 4700.52246094 0. 3.08109772494e-22 0.
1464702039 1 4621.12304688 0. 3.0313510146e-22 0.
1464702099 1 4599.35058594 0. 3.01899401311e-22 0.
1464702159 1 4768.54199219 0. 3.13185632102e-22 0.
1464702219 1 4812.74707031 0. 3.16308224409e-22 0.
1464702279 1 4812.12841797 0. 3.16477987719e-22 0.
1464702339 1 4810.01904297 0. 3.16549142866e-22 0.
1464702399 1 4805.49755859 0. 3.16474530777e-22 0.
1464702460 1 4801.58496094 0. 3.16420472666e-22 0.
1464702520 1 4797.62988281 0. 3.16353205685e-22 0.
1464702580 1 4795.17529297 0. 3.16405652184e-22 0.
1464702615 1 4793.74365234 0. 3.16408664214e-22 0.
1464702628 1 4793.21826172 0. 3.16421526759e-22 0.
1464702666 1 4792.06787109 0. 3.16510952506e-22 0.
1464702726 1 4788.36083984 0. 3.16475987142e-22 0.
1464702786 1 4783.76708984 0. 3.16368656524e-22 0.
1464702846 1 4781.70507812 0. 3.16448113202e-22 0.
1464702906 1 4777.52832031 0. 3.16376865234e-22 0.
1464702966 1 4772.3515625 0. 3.16219147478e-22 0.
1464703026 1 4770.09765625 0. 3.16296012554e-22 0.
1464703087 1 4766.97998047 0. 3.16304925908e-22 0.
1464703147 1 4764.20263672 0. 3.16325525738e-22 0.
1464703207 1 4760.13671875 0. 3.1625971486e-22 0.
1464703267 1 4753.34375 0. 3.16006975411e-22 0.
1464703327 1 4750.29443359 0. 3.16040989824e-22 0.
1464703376 1 4641.61035156 0. 3.09068554691e-22 0.
1464703426 1 0.100797481835 0. 0.0 0.
