1465155154 1 7195.54931641 0. 2.91736750453e-22 0.
1465155214 1 7190.61669922 0. 2.91830819831e-22 0.
1465155258 1 7182.39599609 0. 2.91753190236e-22 0.
1465155301 1 7176.60009766 0. 2.91734469853e-22 0.
1465155362 1 7166.94238281 0. 2.91639957961e-22 0.
1465155422 1 7157.61816406 0. 2.91521018392e-22 0.
1465155482 1 7156.59033203 0. 2.91780498129e-22 0.
1465155542 1 7158.35546875 0. 2.92087925151e-22 0.
1465155602 1 7159.31494141 0. 2.92383098031e-22 0.
1465155662 1 7146.35058594 0. 2.9209906149e-22 0.
1465155717 1 7141.34765625 0. 2.92166685692e-22 0.
1465155748 1 7133.56835938 0. 2.92006779643e-22 0.
1465155764 1 7135.53222656 0. 2.92171700697e-22 0.
1465155780 1 7137.36669922 0. 2.92324743959e-22 0.
1465155817 1 7130.73291016 0. 2.92242463293e-22 0.
1465155877 1 7124.99072266 0. 2.92326263993e-22 0.
1465155938 1 7118.98730469 0. 2.92406490688e-22 0.
1465155998 1 7115.35253906 0. 2.9256830168e-22 0.
1465156058 1 7112.02392578 0. 2.92738200841e-22 0.
1465156118 1 7110.52392578 0. 2.93000176918e-22 0.
1465156178 1 7104.18408203 0. 2.9305722538e-22 0.
1465156238 1 7098.53759766 0. 2.93137366426e-22 0.
1465156298 1 7092.68310547 0. 2.93215032614e-22 0.
1465156338 1 7084.06591797 0. 2.93053503697e-22 0.
1465156361 1 7085.890625 0. 2.93250861709e-22 0.
1465156381 1 7086.21142578 0. 2.93368251859e-22 0.
1465156418 1 7083.89599609 0. 2.93450164925e-22 0.
1465156478 1 7073.20605469 0. 2.93293733358e-22 0.
1465156538 1 7066.13720703 0. 2.93291276699e-22 0.
1465156598 1 7060.59570312 0. 2.93351330718e-22 0.
1465156658 1 7051.86621094 0. 2.93291736145e-22 0.
1465156718 1 7049.79101562 0. 2.93519856542e-22 0.
1465156778 1 7045.5625 0. 2.93632337728e-22 0.
1465156838 1 7045.01171875 0. 2.93911486828e-22 0.
1465156898 1 7037.84765625 0. 2.93900852633e-22 0.
1465156959 1 7018.6640625 0. 2.93383424152e-22 0.
1465157019 1 6908.87255859 0. 2.89082774167e-22 0.
1465157079 1 6789.17089844 0. 2.84323820294e-22 0.
1465157139 1 7047.52880859 0. 2.95418382137e-22 0.
1465157199 1 7043.55517578 0. 2.95525332016e-22 0.
1465157259 1 7035.85791016 0. 2.95507429292e-22 0.
1465157319 1 7028.70703125 0. 2.95498870263e-22 0.
1465157379 1 7025.60644531 0. 2.95635116165e-22 0.
1465157440 1 7021.25439453 0. 2.95726076589e-22 0.
1465157500 1 7012.74072266 0. 2.9564934406e-22 0.
1465157560 1 7009.34814453 0. 2.95776892412e-22 0.
1465157620 1 7003.41992188 0. 2.95814702092e-22 0.
1465157680 1 6997.07666016 0. 2.95816057959e-22 0.
1465157740 1 6997.52050781 0. 2.96102496085e-22 0.
1465157800 1 6986.01660156 0. 2.95895661556e-22 0.
1465157861 1 6976.68457031 0. 2.95767928605e-22 0.
1465157921 1 6977.609375 0. 2.96078941356e-22 0.
1465157981 1 6969.47509766 0. 2.96012526226e-22 0.
1465158041 1 6968.0859375 0. 2.96222051986e-22 0.
1465158101 1 6960.34228516 0. 2.96129210036e-22 0.
1465158161 1 6949.89746094 0. 2.95956181582e-22 0.
1465158222 1 6950.29296875 0. 2.96243434099e-22 0.
1465158282 1 6943.66992188 0. 2.96210020318e-22 0.
1465158343 1 6933.84472656 0. 2.96049175387e-22 0.
1465158403 1 6928.75244141 0. 2.96084124014e-22 0.
1465158464 1 6923.87353516 0. 2.96145373084e-22 0.
1465158524 1 6918.86767578 0. 2.96180444109e-22 0.
1465158585 1 6912.28955078 0. 2.96144844873e-22 0.
1465158646 1 6913.77636719 0. 2.96497877933e-22 0.
1465158706 1 6903.97412109 0. 2.96338618472e-22 0.
1465158767 1 6893.90234375 0. 2.96170551959e-22 0.
1465158827 1 6890.28515625 0. 2.96255534661e-22 0.
1465158888 1 6889.38720703 0. 2.96443011076e-22 0.
1465158941 1 6882.04541016 0. 2.9637293114e-22 0.
1465158980 1 6879.03027344 0. 2.96390935645e-22 0.
1465159011 1 6877.44873047 0. 2.96450258382e-22 0.
1465159043 1 6876.07226562 0. 2.96539750022e-22 0.
1465159090 1 6869.36083984 0. 2.96435901704e-22 0.
1465159125 1 6867.15966797 0. 0.0 0.
1465159135 1 6866.53027344 0. 2.96513177695e-22 0.
1465159170 1 6864.32568359 0. 2.96562553013e-22 0.
1465159230 1 6856.48583984 0. 2.96474982061e-22 0.
1465159290 1 6855.33300781 0. 2.96662824835e-22 0.
1465159350 1 6840.37060547 0. 2.96247392534e-22 0.
1465159410 1 6833.97265625 0. 2.96206046978e-22 0.
1465159471 1 6837.33837891 0. 2.9661804564e-22 0.
1465159531 1 6835.02441406 0. 2.96755805382e-22 0.
1465159591 1 6825.97460938 0. 2.96609964122e-22 0.
1465159651 1 6824.55078125 0. 2.96789675415e-22 0.
1465159711 1 6819.74365234 0. 2.96808597679e-22 0.
1465159771 1 6804.97558594 0. 2.9642897512e-22 0.
1465159831 1 6805.11572266 0. 2.96689104702e-22 0.
1465159891 1 6801.00048828 0. 2.9675353237e-22 0.
1465159951 1 6791.94726562 0. 2.96588904102e-22 0.
1465160012 1 6793.34912109 0. 2.96893524634e-22 0.
1465160072 1 6789.47998047 0. 2.96961083665e-22 0.
1465160132 1 6777.16015625 0. 2.96654107278e-22 0.
1465160192 1 6782.20507812 0. 2.97129293398e-22 0.
1465160252 1 6773.98632812 0. 2.96993995067e-22 0.
1465160312 1 6768.03027344 0. 2.96976234545e-22 0.
1465160372 1 6766.19824219 0. 2.97120028346e-22 0.
1465160432 1 6755.56298828 0. 2.96899375882e-22 0.
1465160493 1 6757.46972656 0. 2.97232703022e-22 0.
1465160553 1 6746.03564453 0. 2.96984641862e-22 0.
1465160613 1 6746.72851562 0. 2.97248263221e-22 0.
1465160673 1 6739.74902344 0. 2.97177191485e-22 0.
1465160733 1 6727.4765625 0. 2.96877368269e-22 0.
1465160784 1 6729.06005859 0. 2.97150033738e-22 0.
1465160835 1 6721.29394531 0. 2.97029241696e-22 0.
1465160895 1 6704.26708984 0. 2.9652238997e-22 0.
1465160936 1 6695.49511719 0. 2.96291265635e-22 0.
1465160976 1 6692.27392578 0. 2.96315070077e-22 0.
1465161037 1 6678.38671875 0. 2.95935182913e-22 0.
1465161090 1 6679.82519531 0. 2.96211957257e-22 0.
1465161143 1 6666.05908203 0. 2.95822607638e-22 0.
1465161203 1 6661.11865234 0. 2.95828473772e-22 0.
1465161263 1 6654.2578125 0. 2.95772567568e-22 0.
1465161323 1 6539.85498047 0. 2.90935972788e-22 0.
1465161383 1 6565.88232422 0. 2.92336400932e-22 0.
1465161443 1 6496.6328125 0. 2.89509280931e-22 0.
1465161503 1 6760.21972656 0. 3.01509808345e-22 0.
1465161563 1 6755.22460938 0. 3.01514499282e-22 0.
1465161623 1 6751.88427734 0. 3.01609754952e-22 0.
1465161661 1 6748.89306641 0. 3.0163392136e-22 0.
1465161699 1 6743.38330078 0. 3.01551110997e-22 0.
1465161760 1 6743.51171875 0. 3.01810622288e-22 0.
1465161820 1 6740.56689453 0. 3.01907777938e-22 0.
1465161880 1 6736.79931641 0. 3.01968171541e-22 0.
1465161940 1 6733.77148438 0. 3.02055747952e-22 0.
1465162000 1 6728.18798828 0. 3.02040603965e-22 0.
1465162060 1 6723.78271484 0. 3.0207845206e-22 0.
1465162121 1 6721.25146484 0. 3.02191424722e-22 0.
1465162181 1 6715.47412109 0. 3.02170145853e-22 0.
1465162241 1 6713.53662109 0. 3.02351756386e-22 0.
1465162301 1 6710.15869141 0. 3.0241540669e-22 0.
1465162361 1 6705.66503906 0. 3.02438833055e-22 0.
1465162421 1 6703.83740234 0. 3.0260199192e-22 0.
1465162481 1 6700.64746094 0. 3.02694365994e-22 0.
1465162542 1 6697.18066406 0. 3.02770027017e-22 0.
1465162602 1 6692.94873047 0. 3.0282623902e-22 0.
1465162662 1 6688.75097656 0. 3.02868323442e-22 0.
1465162722 1 6684.04980469 0. 3.02884445042e-22 0.
1465162782 1 6678.71240234 0. 3.02869891673e-22 0.
1465162842 1 6676.11132812 0. 3.02981926743e-22 0.
1465162902 1 6670.69433594 0. 3.0297234375e-22 0.
1465162962 1 6668.69824219 0. 3.03106419541e-22 0.
1465163022 1 6664.25097656 0. 3.03140398903e-22 0.
1465163083 1 6659.70019531 0. 3.03154628356e-22 0.
1465163143 1 6657.62207031 0. 3.03292470057e-22 0.
1465163203 1 6655.01269531 0. 3.03409368569e-22 0.
1465163263 1 6651.83203125 0. 3.03500161182e-22 0.
1465163323 1 6646.60644531 0. 3.03486489213e-22 0.
1465163383 1 6640.93603516 0. 3.03494486828e-22 0.
1465163443 1 6635.28417969 0. 3.03469590104e-22 0.
1465163504 1 6635.15136719 0. 3.03685604599e-22 0.
1465163564 1 6633.9296875 0. 3.03850366345e-22 0.
1465163624 1 6628.4609375 0. 3.0383906414e-22 0.
1465163684 1 6623.67041016 0. 3.03845424605e-22 0.
1465163744 1 6619.94287109 0. 3.03910985465e-22 0.
1465163804 1 6616.66650391 0. 3.03993132981e-22 0.
1465163864 1 6613.65234375 0. 3.04106309903e-22 0.
1465163924 1 6608.03027344 0. 3.04073482155e-22 0.
1465163985 1 6605.72021484 0. 3.04205515917e-22 0.
1465164045 1 6601.47216797 0. 3.04233740331e-22 0.
1465164105 1 6595.92919922 0. 3.04208524936e-22 0.
1465164165 1 6594.63964844 0. 3.04400997393e-22 0.
1465164225 1 6590.34130859 0. 3.04429627932e-22 0.
1465164285 1 6585.10400391 0. 3.04418480083e-22 0.
1465164345 1 6582.09375 0. 3.04498400016e-22 0.
1465164405 1 6582.30517578 0. 3.04727949298e-22 0.
1465164465 1 6579.52929688 0. 3.04837263682e-22 0.
1465164526 1 6574.50488281 0. 3.04839981282e-22 0.
1465164586 1 6569.82373047 0. 3.04854442719e-22 0.
1465164646 1 6567.44238281 0. 3.04977632212e-22 0.
1465164706 1 6564.30712891 0. 3.0507515229e-22 0.
1465164766 1 6559.26660156 0. 3.0508183923e-22 0.
1465164826 1 6554.51074219 0. 3.05098051543e-22 0.
1465164887 1 6549.89453125 0. 3.0509884266e-22 0.
1465164947 1 6546.78417969 0. 3.051913296e-22 0.
1465165007 1 6540.25244141 0. 3.05143176057e-22 0.
1465165067 1 6539.61914062 0. 3.05324757355e-22 0.
1465165120 1 6537.65527344 0. 3.05443859953e-22 0.
1465165173 1 6534.453125 0. 3.05501650185e-22 0.
1465165233 1 6528.37451172 0. 3.05427506058e-22 0.
1465165293 1 6527.24755859 0. 3.05631318115e-22 0.
1465165353 1 6521.32470703 0. 3.0557204839e-22 0.
1465165413 1 6515.68310547 0. 3.06364389033e-22 0.
1465165473 1 6510.30957031 0. 3.05512725969e-22 0.
1465165534 1 6509.56591797 0. 3.05712868771e-22 0.
1465165578 1 6509.97216797 0. 3.05905191562e-22 0.
1465165623 1 6508.35546875 0. 3.05991870942e-22 0.
1465165683 1 6505.14746094 0. 3.06076886313e-22 0.
1465165743 1 6498.76757812 0. 3.05992856198e-22 0.
1465165803 1 6494.40625 0. 3.06001520099e-22 0.
1465165863 1 6491.46582031 0. 3.06089891756e-22 0.
1465165923 1 6487.84765625 0. 3.06146455681e-22 0.
1465165983 1 6482.44970703 0. 3.06126938947e-22 0.
1465166043 1 6479.73876953 0. 3.06223839551e-22 0.
1465166104 1 6478.46923828 0. 3.06401480835e-22 0.
1465166164 1 6476.22998047 0. 0.0 0.
1465166199 1 6474.91699219 0. 3.06602138554e-22 0.
1465166234 1 6473.60205078 0. 3.06671198058e-22 0.
1465166294 1 6468.80957031 0. 3.06681082655e-22 0.
1465166355 1 6467.16845703 0. 3.06826866183e-22 0.
1465166415 1 6461.86621094 0. 3.06819471685e-22 0.
1465166475 1 6457.37744141 0. 3.06816933737e-22 0.
1465166535 1 6452.99121094 0. 3.06836229837e-22 0.
1465166595 1 6448.78759766 0. 3.06873016325e-22 0.
1465166655 1 6445.62060547 0. 3.06961574436e-22 0.
1465166715 1 6442.80566406 0. 3.07047419042e-22 0.
1465166776 1 6441.58789062 0. 3.07216080835e-22 0.
1465166836 1 6436.4921875 0. 3.07196623836e-22 0.
1465166896 1 6433.66015625 0. 3.0730908691e-22 0.
1465166956 1 6430.33398438 0. 3.07374487238e-22 0.
1465167016 1 6425.99609375 0. 3.07415791951e-22 0.
1465167076 1 6424.7890625 0. 3.07574414244e-22 0.
1465167136 1 6421.45654297 0. 3.07656179666e-22 0.
1465167196 1 6412.92871094 0. 3.07487407275e-22 0.
1465167257 1 6413.56005859 0. 3.07745928017e-22 0.
1465167317 1 6408.91503906 0. 3.07742927077e-22 0.
1465167377 1 6407.12255859 0. 3.07906901659e-22 0.
1465167437 1 6403.70117188 0. 3.07971024474e-22 0.
1465167497 1 6399.86816406 0. 3.0801681609e-22 0.
1465167557 1 6396.39111328 0. 3.08076338746e-22 0.
1465167617 1 6391.16650391 0. 3.08045629982e-22 0.
1465167678 1 6389.08789062 0. 3.08187597173e-22 0.
1465167738 1 6386.96484375 0. 3.08321178305e-22 0.
1465167798 1 6382.55078125 0. 3.08345223476e-22 0.
1465167858 1 6380.80517578 0. 3.08487973666e-22 0.
1465167918 1 6376.60742188 0. 3.08522215984e-22 0.
1465167978 1 6372.70117188 0. 3.08536980533e-22 0.
1465168038 1 6369.23583984 0. 3.08590273173e-22 0.
1465168099 1 6364.5390625 0. 3.08588864421e-22 0.
1465168159 1 6360.51269531 0. 3.08610321827e-22 0.
1465168219 1 6354.70068359 0. 3.08577845468e-22 0.
1465168279 1 6354.06542969 0. 3.08771998097e-22 0.
1465168339 1 6349.60253906 0. 3.08791089201e-22 0.
1465168399 1 6344.64160156 0. 3.08778139082e-22 0.
1465168459 1 6341.5859375 0. 3.08859375363e-22 0.
1465168519 1 6338.57324219 0. 3.08939452555e-22 0.
1465168579 1 6331.54589844 0. 3.08802477608e-22 0.
1465168640 1 6330.22412109 0. 3.08979786477e-22 0.
1465168700 1 6324.66650391 0. 3.08952005645e-22 0.
1465168760 1 6319.39941406 0. 3.08904319858e-22 0.
1465168820 1 6318.11181641 0. 3.09063292898e-22 0.
1465168880 1 6317.41748047 0. 3.09249142629e-22 0.
1465168940 1 6311.24707031 0. 3.09179179905e-22 0.
1465169000 1 6311.72753906 0. 3.09436428808e-22 0.
1465169061 1 6306.02929688 0. 3.09385303581e-22 0.
1465169121 1 6302.11083984 0. 3.09430462922e-22 0.
1465169175 1 6300.15332031 0. 3.09531954922e-22 0.
1465169205 1 6300.43701172 0. 3.0966819013e-22 0.
1465169242 1 6295.93212891 0. 3.09562908396e-22 0.
1465169303 1 6292.29101562 0. 3.09628015277e-22 0.
1465169363 1 6287.77441406 0. 3.09653930595e-22 0.
1465169424 1 6284.13330078 0. 3.09718537584e-22 0.
1465169484 1 6273.19921875 0. 3.09414230992e-22 0.
1465169545 1 6268.91357422 0. 3.09429875579e-22 0.
1465169605 1 6270.30322266 0. 3.09758713754e-22 0.
1465169666 1 6269.18603516 0. 3.09937931882e-22 0.
1465169726 1 6265.38378906 0. 3.09985118512e-22 0.
1465169787 1 6264.93603516 0. 3.10214563179e-22 0.
1465169824 1 6260.15283203 0. 3.10116153879e-22 0.
1465169838 1 6258.04882812 0. 3.10060828281e-22 0.
1465169875 1 6257.0625 0. 3.10146145029e-22 0.
1465169935 1 6255.12255859 0. 3.10273838623e-22 0.
1465169996 1 6253.34472656 0. 3.10417556496e-22 0.
1465170056 1 6249.63671875 0. 3.1045686133e-22 0.
1465170116 1 6242.58447266 0. 3.10350027236e-22 0.
1465170176 1 6240.48388672 0. 3.10453573337e-22 0.
1465170236 1 6241.74804688 0. 3.10749166352e-22 0.
1465170296 1 6186.0546875 0. 3.08195555032e-22 0.
1465170331 1 6153.57324219 0. 3.06678329406e-22 0.
1465170366 1 6121.09667969 0. 3.05215147654e-22 0.
1465170426 1 6016.13330078 0. 3.00198946656e-22 0.
1465170487 1 6232.18896484 0. 3.11222525468e-22 0.
1465170543 1 6231.79736328 0. 3.11423028403e-22 0.
1465170599 1 6229.93798828 0. 3.11515024566e-22 0.
1465170659 1 6226.17578125 0. 3.11546461955e-22 0.
1465170719 1 6222.30224609 0. 3.1157812629e-22 0.
1465170779 1 6216.80615234 0. 3.11511106503e-22 0.
1465170839 1 6214.56542969 0. 3.11616823401e-22 0.
1465170900 1 6213.10449219 0. 3.11780055072e-22 0.
1465170960 1 6211.46777344 0. 3.11930773753e-22 0.
1465171020 1 6208.30957031 0. 3.12012981994e-22 0.
1465171080 1 6203.69970703 0. 3.11995771159e-22 0.
1465171140 1 6198.40966797 0. 3.11957560187e-22 0.
1465171200 1 6195.40966797 0. 3.12015754436e-22 0.
1465171261 1 6191.171875 0. 3.12036811559e-22 0.
1465171321 1 6188.12109375 0. 3.1210850417e-22 0.
1465171381 1 6185.98583984 0. 3.12222442476e-22 0.
1465171441 1 6181.9375 0. 3.12254567582e-22 0.
1465171501 1 6178.22412109 0. 3.12297075825e-22 0.
1465171561 1 6176.20605469 0. 3.12423348101e-22 0.
1465171621 1 6171.56787109 0. 3.12411917513e-22 0.
1465171681 1 6169.73974609 0. 3.12553217055e-22 0.
1465171742 1 6163.85205078 0. 3.124846736e-22 0.
1465171802 1 6161.42675781 0. 3.12576488245e-22 0.
1465171862 1 6159.53515625 0. 3.12693608357e-22 0.
1465171922 1 6155.90087891 0. 3.12727174759e-22 0.
1465171963 1 6156.0703125 0. 3.12887540145e-22 0.
1465172004 1 6151.29052734 0. 3.12804081203e-22 0.
1465172065 1 6147.81445312 0. 3.12866552893e-22 0.
1465172121 1 6145.66162109 0. 3.12963233633e-22 0.
1465172177 1 6142.46484375 0. 3.12994394542e-22 0.
1465172237 1 6138.14453125 0. 3.12982916081e-22 0.
1465172297 1 6134.85693359 0. 3.13037161214e-22 0.
1465172357 1 6130.67285156 0. 3.13061118431e-22 0.
1465172418 1 6126.31542969 0. 3.13086479664e-22 0.
1465172478 1 6122.43798828 0. 3.13102469013e-22 0.
1465172538 1 6122.43115234 0. 3.14142969613e-22 0.
1465172598 1 6118.31640625 0. 3.13325822544e-22 0.
1465172658 1 6116.44140625 0. 3.13463502427e-22 0.
1465172718 1 6111.00683594 0. 3.13410870642e-22 0.
1465172778 1 6107.06103516 0. 3.13415242708e-22 0.
1465172838 1 6104.11914062 0. 3.13491600297e-22 0.
1465172899 1 6098.65185547 0. 3.13453780418e-22 0.
1465172959 1 6094.20166016 0. 3.13442915294e-22 0.
1465173019 1 6090.38769531 0. 3.13455859358e-22 0.
1465173079 1 6087.09521484 0. 3.13478838419e-22 0.
1465173139 1 6086.30712891 0. 3.13632695273e-22 0.
1465173199 1 6083.99804688 0. 3.13732303139e-22 0.
1465173259 1 6079.00683594 0. 3.1368582014e-22 0.
1465173319 1 6072.91552734 0. 3.13594470936e-22 0.
1465173380 1 6070.94335938 0. 3.13723901868e-22 0.
1465173440 1 6068.44384766 0. 3.1379876137e-22 0.
1465173500 1 6065.35546875 0. 3.1387419442e-22 0.
1465173560 1 6061.16601562 0. 3.13881870959e-22 0.
1465173620 1 6058.41113281 0. 3.13954793207e-22 0.
1465173679 1 6054.12402344 0. 3.13950260531e-22 0.
1465173739 1 6050.33691406 0. 3.13977329386e-22 0.
1465173799 1 6047.13574219 0. 3.14027366574e-22 0.
1465173834 1 6045.27392578 0. 3.14037465597e-22 0.
1465173870 1 6043.40234375 0. 3.14069494808e-22 0.
1465173930 1 6041.69042969 0. 3.14234571216e-22 0.
1465173990 1 6037.12548828 0. 3.14235287842e-22 0.
1465174050 1 6032.32714844 0. 3.14743568953e-22 0.
1465174110 1 6030.78027344 0. 3.14326939041e-22 0.
1465174170 1 6027.41455078 0. 3.14375687232e-22 0.
1465174231 1 6021.62060547 0. 3.14308543962e-22 0.
1465174291 1 6015.74560547 0. 3.14211121664e-22 0.
1465174351 1 6016.45117188 0. 3.14476851947e-22 0.
1465174390 1 6015.47509766 0. 3.14558219207e-22 0.
1465174430 1 6014.64355469 0. 3.14674843335e-22 0.
1465174490 1 6013.57617188 0. 3.14876730703e-22 0.
1465174550 1 6008.10400391 0. 3.1479258465e-22 0.
1465174610 1 6004.44091797 0. 3.14823143467e-22 0.
1465174670 1 6001.87255859 0. 3.14911020213e-22 0.
1465174730 1 6000.18505859 0. 3.1505934543e-22 0.
1465174790 1 5995.80566406 0. 3.15041574344e-22 0.
1465174850 1 5990.16455078 0. 3.14958602098e-22 0.
1465174911 1 5989.42041016 0. 3.15159770465e-22 0.
1465174971 1 5985.94433594 0. 3.15215074113e-22 0.
1465175031 1 5985.33105469 0. 3.15402420585e-22 0.
1465175091 1 5980.99267578 0. 3.15429875715e-22 0.
1465175151 1 5978.19238281 0. 3.15519621929e-22 0.
1465175204 1 5976.80322266 0. 3.15644561404e-22 0.
1465175257 1 5974.33740234 0. 3.15701090078e-22 0.
1465175317 1 5968.65234375 0. 3.1563238969e-22 0.
1465175377 1 5966.69335938 0. 3.15764484866e-22 0.
1465175437 1 5963.24267578 0. 3.15824000256e-22 0.
1465175497 1 5957.62158203 0. 3.15717216481e-22 0.
1465175558 1 5969.58935547 0. 3.16584281253e-22 0.
1465175593 1 5955.29296875 0. 3.15973698283e-22 0.
1465175628 1 5954.49609375 0. 3.16035682886e-22 0.
1465175688 1 5952.0078125 0. 3.16120714368e-22 0.
1465175749 1 5947.29980469 0. 3.16085342046e-22 0.
1465175809 1 5943.74951172 0. 3.16122407961e-22 0.
1465175869 1 5940.39599609 0. 3.16175971338e-22 0.
1465175929 1 5936.61962891 0. 3.1620383056e-22 0.
1465175989 1 5935.15039062 0. 3.16362105629e-22 0.
1465176049 1 5932.99414062 0. 3.16483965842e-22 0.
1465176109 1 5929.62158203 0. 3.16537975647e-22 0.
1465176169 1 5925.09033203 0. 3.16506949854e-22 0.
1465176230 1 5922.64257812 0. 3.16627166437e-22 0.
1465176290 1 5920.27490234 0. 3.16739046083e-22 0.
1465176350 1 5916.44238281 0. 3.16731260891e-22 0.
1465176410 1 5913.27490234 0. 3.16764576504e-22 0.
1465176470 1 5909.50439453 0. 3.16785707833e-22 0.
1465176530 1 5906.27587891 0. 3.16851877894e-22 0.
1465176590 1 5902.92333984 0. 3.16876000961e-22 0.
1465176651 1 5901.92089844 0. 3.17078306933e-22 0.
1465176711 1 5897.04345703 0. 3.17051941033e-22 0.
1465176771 1 5892.53564453 0. 3.17019829446e-22 0.
1465176831 1 5890.76806641 0. 3.17165116362e-22 0.
1465176891 1 5887.32373047 0. 3.17178474198e-22 0.
1465176951 1 5883.39160156 0. 3.17188503919e-22 0.
1465177011 1 5881.92578125 0. 3.17317437359e-22 0.
1465177072 1 5880.15869141 0. 3.1745103649e-22 0.
1465177132 1 5877.55566406 0. 3.17520564413e-22 0.
1465177192 1 5872.48535156 0. 3.1746724869e-22 0.
1465177252 1 5869.81494141 0. 3.1756577539e-22 0.
1465177312 1 5868.32470703 0. 3.17720945716e-22 0.
1465177372 1 5865.06054688 0. 3.17740184618e-22 0.
1465177432 1 5857.99023438 0. 3.17569711028e-22 0.
1465177493 1 5851.77099609 0. 3.17474657613e-22 0.
1465177553 1 5846.62353516 0. 3.17423228041e-22 0.
1465177613 1 5841.48730469 0. 3.17381820662e-22 0.
1465177673 1 5841.86865234 0. 3.17617868817e-22 0.
1465177733 1 5832.97265625 0. 3.17357251959e-22 0.
1465177793 1 5829.45507812 0. 3.17421063719e-22 0.
1465177853 1 5827.53222656 0. 3.17554631786e-22 0.
1465177913 1 5822.82177734 0. 3.17473039556e-22 0.
1465177974 1 5820.93652344 0. 3.1757976568e-22 0.
1465178034 1 5816.84326172 0. 3.17572293369e-22 0.
1465178094 1 5813.87939453 0. 3.17633633085e-22 0.
1465178154 1 5809.44433594 0. 3.17623991408e-22 0.
1465178214 1 5802.31103516 0. 3.17520585211e-22 0.
1465178274 1 5801.98730469 0. 3.17724508745e-22 0.
1465178334 1 5800.45410156 0. 3.17892097446e-22 0.
1465178386 1 5799.078125 0. 3.18010253646e-22 0.
1465178438 1 5794.51367188 0. 3.17927991791e-22 0.
1465178499 1 5791.07617188 0. 3.17953786707e-22 0.
1465178559 1 5787.7265625 0. 3.17976167626e-22 0.
1465178619 1 5785.00097656 0. 3.18038930492e-22 0.
1465178679 1 5782.89794922 0. 3.18138327476e-22 0.
1465178739 1 5778.63427734 0. 3.18146890427e-22 0.
1465178799 1 5774.2734375 0. 3.1813179005e-22 0.
1465178859 1 5771.47607422 0. 3.18194443088e-22 0.
1465178919 1 5770.7265625 0. 3.18378557714e-22 0.
1465178979 1 5768.09423828 0. 3.18441626381e-22 0.
1465179040 1 5766.67285156 0. 3.18545496917e-22 0.
1465179100 1 5766.21533203 0. 3.18725954473e-22 0.
1465179160 1 5757.93457031 0. 3.18508663199e-22 0.
1465179220 1 5758.27685547 0. 3.18724531439e-22 0.
1465179280 1 5756.90185547 0. 3.18863846353e-22 0.
1465179340 1 5754.54736328 0. 3.18948044028e-22 0.
1465179400 1 5750.58984375 0. 3.18958624939e-22 0.
1465179460 1 5747.27783203 0. 3.18997568879e-22 0.
1465179520 1 5743.27392578 0. 3.1898624558e-22 0.
1465179581 1 5740.89892578 0. 3.19090089986e-22 0.
1465179641 1 5738.60205078 0. 3.19167723114e-22 0.
1465179701 1 5732.52880859 0. 3.19040980879e-22 0.
1465179761 1 5680.83105469 0. 3.16387589507e-22 0.
1465179821 1 5631.59765625 0. 3.13870843709e-22 0.
1465179881 1 5580.40283203 0. 3.11199066609e-22 0.
1465179941 1 5753.50341797 0. 3.21090559031e-22 0.
1465180002 1 5749.99462891 0. 3.21123951844e-22 0.
1465180062 1 5747.86425781 0. 3.21221702519e-22 0.
1465180122 1 5744.14257812 0. 3.21232388568e-22 0.
1465180182 1 5742.38574219 0. 3.21324474676e-22 0.
1465180242 1 5739.96435547 0. 3.21386394514e-22 0.
1465180302 1 5740.18847656 0. 3.21570949961e-22 0.
1465180362 1 5742.76806641 0. 3.2193047885e-22 0.
1465180422 1 5736.16113281 0. 3.21722701489e-22 0.
1465180482 1 5733.91162109 0. 3.21807254622e-22 0.
1465180543 1 5731.0859375 0. 3.21848922966e-22 0.
1465180603 1 5726.94042969 0. 3.21840628305e-22 0.
1465180663 1 5723.7109375 0. 3.21899433455e-22 0.
1465180723 1 5720.85888672 0. 3.21952815345e-22 0.
1465180783 1 5718.70214844 0. 3.22045430607e-22 0.
1465180843 1 5715.55810547 0. 3.22074644092e-22 0.
1465180903 1 5712.69335938 0. 3.22120311506e-22 0.
1465180964 1 5709.81103516 0. 3.22186669708e-22 0.
1465181024 1 5706.56835938 0. 3.22235014272e-22 0.
1465181084 1 5704.06787109 0. 3.22293687251e-22 0.
1465181144 1 5701.13769531 0. 3.22359563193e-22 0.
1465181204 1 5699.81835938 0. 3.22485112248e-22 0.
1465181264 1 5694.81201172 0. 3.22425859959e-22 0.
1465181324 1 5692.6484375 0. 3.22528568266e-22 0.
1465181384 1 5690.14550781 0. 3.22607942888e-22 0.
1465181445 1 5687.86328125 0. 3.22713269148e-22 0.
1465181505 1 5683.22851562 0. 3.22693169905e-22 0.
1465181565 1 5680.74511719 0. 3.2275901493e-22 0.
1465181625 1 5677.90380859 0. 3.22800966255e-22 0.
1465181685 1 5675.53125 0. 3.22914075953e-22 0.
1465181745 1 5671.48730469 0. 3.22920506292e-22 0.
1465181805 1 5667.74755859 0. 3.22937018733e-22 0.
1465181865 1 5663.21044922 0. 3.22886870801e-22 0.
1465181926 1 5659.37011719 0. 3.2287953599e-22 0.
1465181986 1 5656.12939453 0. 3.22929411604e-22 0.
1465182046 1 5653.10009766 0. 3.23015561331e-22 0.
1465182106 1 5649.16357422 0. 3.23006098444e-22 0.
1465182166 1 5646.17041016 0. 3.23058569082e-22 0.
1465182226 1 5642.69677734 0. 3.23077287713e-22 0.
1465182286 1 5640.19824219 0. 3.23135765594e-22 0.
1465182346 1 5637.32128906 0. 3.23175371312e-22 0.
1465182407 1 5632.10400391 0. 3.23128876344e-22 0.
1465182467 1 5631.11962891 0. 3.23331311462e-22 0.
1465182527 1 5628.91064453 0. 3.23433965488e-22 0.
1465182587 1 5625.99755859 0. 3.23489029879e-22 0.
1465182647 1 5622.19335938 0. 3.23449603274e-22 0.
1465182707 1 5619.34863281 0. 3.23505948065e-22 0.
1465182767 1 5615.87939453 0. 3.23545884344e-22 0.
1465182828 1 5612.82177734 0. 3.23584848243e-22 0.
1465182888 1 5610.78564453 0. 3.23667681479e-22 0.
1465182948 1 5606.01367188 0. 3.23610163985e-22 0.
1465183008 1 5604.08203125 0. 3.23751007571e-22 0.
1465183068 1 5602.28173828 0. 3.23867406428e-22 0.
1465183128 1 5598.79785156 0. 3.23867470971e-22 0.
1465183188 1 5596.95849609 0. 3.23974220275e-22 0.
1465183248 1 5592.66064453 0. 3.23957294348e-22 0.
1465183308 1 5591.18066406 0. 3.24085487458e-22 0.
1465183369 1 5587.35351562 0. 3.24057167205e-22 0.
1465183429 1 5584.32128906 0. 3.24109150626e-22 0.
1465183489 1 5582.91894531 0. 3.24237013658e-22 0.
1465183549 1 5578.11035156 0. 3.24147972266e-22 0.
1465183609 1 5574.69970703 0. 3.2417300087e-22 0.
1465183669 1 5572.53710938 0. 3.24311405471e-22 0.
1465183729 1 5570.53759766 0. 3.24411620483e-22 0.
1465183790 1 5567.79541016 0. 3.24470555928e-22 0.
1465183850 1 5564.58691406 0. 3.2452678296e-22 0.
1465183910 1 5560.51513672 0. 3.24505766433e-22 0.
1465183970 1 5558.19677734 0. 3.24574151443e-22 0.
1465184030 1 5557.60546875 0. 3.24760541544e-22 0.
1465184090 1 5556.88085938 0. 3.24920309092e-22 0.
1465184151 1 5554.67236328 0. 3.25004537166e-22 0.
1465184211 1 5551.52148438 0. 3.25035284104e-22 0.
1465184271 1 5548.89746094 0. 3.25110597894e-22 0.
1465184331 1 5545.55957031 0. 3.25122151696e-22 0.
1465184391 1 5542.24560547 0. 3.25135730209e-22 0.
1465184438 1 5541.13671875 0. 3.25251458016e-22 0.
1465184485 1 5538.82080078 0. 3.25272882583e-22 0.
1465184545 1 5536.93261719 0. 3.2533947776e-22 0.
1465184585 1 5534.67333984 0. 3.25381876532e-22 0.
1465184624 1 5533.04980469 0. 3.25406651775e-22 0.
1465184684 1 5530.84033203 0. 3.25515339273e-22 0.
1465184744 1 5527.32177734 0. 3.25527741304e-22 0.
1465184805 1 5524.83740234 0. 3.25558384618e-22 0.
1465184865 1 5522.41796875 0. 3.25598727376e-22 0.
1465184925 1 5520.25146484 0. 3.25686687747e-22 0.
1465184985 1 5518.62158203 0. 3.25804332127e-22 0.
1465185045 1 5516.67285156 0. 3.25925069998e-22 0.
1465185105 1 5512.21191406 0. 3.25897647684e-22 0.
1465185166 1 5510.07568359 0. 3.25971787828e-22 0.
1465185226 1 5507.36035156 0. 3.26041113473e-22 0.
1465185286 1 5504.86376953 0. 3.26105101348e-22 0.
1465185346 1 5501.05322266 0. 3.26102302706e-22 0.
1465185406 1 5499.09375 0. 3.26197245041e-22 0.
1465185467 1 5497.77880859 0. 3.26324190438e-22 0.
1465185527 1 5495.34423828 0. 3.26413146037e-22 0.
1465185587 1 5492.01513672 0. 3.26444997779e-22 0.
1465185647 1 5489.66699219 0. 3.2650703959e-22 0.
1465185707 1 5487.02392578 0. 3.26570127385e-22 0.
1465185767 1 5485.28808594 0. 3.26674052926e-22 0.
1465185827 1 5481.51220703 0. 3.26660245098e-22 0.
1465185887 1 5478.13427734 0. 3.26662379445e-22 0.
1465185948 1 5476.42675781 0. 3.26788147391e-22 0.
1465186008 1 5472.51660156 0. 3.26773864245e-22 0.
1465186068 1 5468.13964844 0. 3.26729162835e-22 0.
1465186128 1 5466.171875 0. 3.2685126394e-22 0.
1465186188 1 5461.62158203 0. 3.26790085666e-22 0.
1465186248 1 5457.48388672 0. 3.26780237246e-22 0.
1465186308 1 5455.19335938 0. 3.26799944995e-22 0.
1465186369 1 5453.30712891 0. 3.26909058566e-22 0.
1465186429 1 5451.22802734 0. 3.26971129188e-22 0.
1465186483 1 5449.22021484 0. 3.27059893423e-22 0.
1465186538 1 5445.19775391 0. 3.26996961195e-22 0.
1465186598 1 5442.97900391 0. 3.27098359468e-22 0.
1465186658 1 5440.35009766 0. 3.2714853564e-22 0.
1465186719 1 5437.77441406 0. 3.27205030126e-22 0.
1465186779 1 5435.17138672 0. 3.27288695732e-22 0.
1465186839 1 5433.68652344 0. 3.2740544013e-22 0.
1465186899 1 5430.54003906 0. 3.27439648492e-22 0.
1465186959 1 5426.20996094 0. 3.27401999853e-22 0.
1465187019 1 5423.27685547 0. 3.27464172594e-22 0.
1465187079 1 5420.84277344 0. 3.27542352854e-22 0.
1465187140 1 5418.36425781 0. 3.27619111204e-22 0.
1465187200 1 5416.20019531 0. 3.27717937744e-22 0.
1465187260 1 5413.11621094 0. 3.2775960218e-22 0.
1465187320 1 5410.11132812 0. 3.27787230053e-22 0.
1465187380 1 5406.79052734 0. 3.27804292051e-22 0.
1465187440 1 5403.73388672 0. 3.2784259383e-22 0.
1465187500 1 5402.34423828 0. 3.2798204491e-22 0.
1465187560 1 5398.88427734 0. 3.27975788832e-22 0.
1465187621 1 5394.66748047 0. 3.27965615135e-22 0.
1465187681 1 5395.37890625 0. 3.28228892185e-22 0.
1465187741 1 5392.86425781 0. 3.28293218306e-22 0.
1465187801 1 5390.09570312 0. 3.28348969136e-22 0.
1465187861 1 5386.44824219 0. 3.28341803773e-22 0.
1465187921 1 5384.75097656 0. 3.28468588726e-22 0.
1465187981 1 5380.71972656 0. 3.28447729176e-22 0.
1465188041 1 5377.82080078 0. 3.28487884946e-22 0.
1465188102 1 5374.26513672 0. 3.28481754233e-22 0.
1465188162 1 5373.33007812 0. 3.28640298438e-22 0.
1465188222 1 5371.87939453 0. 3.28765825546e-22 0.
1465188282 1 5367.76660156 0. 3.28722543768e-22 0.
1465188342 1 5365.45361328 0. 3.28794520728e-22 0.
1465188402 1 5362.171875 0. 3.28796399663e-22 0.
1465188462 1 5359.76806641 0. 3.28881118208e-22 0.
1465188522 1 5357.98632812 0. 3.28983954314e-22 0.
1465188582 1 5354.51416016 0. 3.29006803054e-22 0.
1465188643 1 5352.18847656 0. 3.29069796593e-22 0.
1465188703 1 5348.63818359 0. 3.29052440914e-22 0.
1465188763 1 5344.92919922 0. 3.29019408766e-22 0.
1465188823 1 5344.08251953 0. 3.29180718865e-22 0.
1465188883 1 5342.42382812 0. 3.2930866412e-22 0.
1465188943 1 5338.62597656 0. 3.29289891024e-22 0.
1465189003 1 5335.38964844 0. 3.29295838869e-22 0.
1465189064 1 5333.21923828 0. 3.29392665778e-22 0.
1465189124 1 5329.76367188 0. 3.29413107955e-22 0.
1465189184 1 5328.43847656 0. 3.29546406206e-22 0.
1465189244 1 5325.33984375 0. 3.29578613372e-22 0.
1465189304 1 5323.69482422 0. 3.2968407959e-22 0.
1465189364 1 5320.14648438 0. 3.29686577085e-22 0.
1465189424 1 5317.52392578 0. 3.29723528472e-22 0.
1465189485 1 5314.87060547 0. 3.29793686929e-22 0.
1465189545 1 5312.72900391 0. 3.2988505343e-22 0.
1465189605 1 5309.375 0. 3.29882142099e-22 0.
1465189665 1 5307.88720703 0. 3.30015213453e-22 0.
1465189725 1 5305.77148438 0. 3.30109799859e-22 0.
1465189785 1 5302.05566406 0. 3.30115491485e-22 0.
1465189845 1 5299.53369141 0. 3.30167632708e-22 0.
1465189906 1 5296.57714844 0. 3.30175339217e-22 0.
1465189966 1 5294.86279297 0. 3.30285660156e-22 0.
1465190026 1 5291.24755859 0. 3.30280306831e-22 0.
1465190086 1 5288.35351562 0. 3.30317877356e-22 0.
1465190146 1 5286.78369141 0. 3.30428236993e-22 0.
1465190206 1 5284.76269531 0. 3.30522083268e-22 0.
1465190266 1 5281.44189453 0. 3.30544051067e-22 0.
1465190326 1 5279.39746094 0. 3.30618044957e-22 0.
1465190387 1 5275.33056641 0. 3.30584111571e-22 0.
1465190447 1 5273.64794922 0. 3.30687313571e-22 0.
1465190507 1 5271.64501953 0. 3.3077631762e-22 0.
1465190567 1 5268.13574219 0. 3.30788172039e-22 0.
1465190627 1 5266.51855469 0. 3.30911988486e-22 0.
1465190687 1 5261.78027344 0. 3.30833198308e-22 0.
1465190747 1 5258.84228516 0. 3.30858666365e-22 0.
1465190808 1 5257.55810547 0. 3.30998622524e-22 0.
1465190868 1 5254.22460938 0. 3.30991849491e-22 0.
1465190928 1 5251.28808594 0. 3.3101846675e-22 0.
1465190988 1 5248.98486328 0. 3.31065684301e-22 0.
1465191048 1 5244.91113281 0. 3.31037419352e-22 0.
1465191108 1 5242.08300781 0. 3.31091076247e-22 0.
1465191168 1 5239.50195312 0. 3.31154522615e-22 0.
1465191228 1 5235.10888672 0. 3.31078801707e-22 0.
1465191289 1 5232.03710938 0. 3.31095737343e-22 0.
1465191349 1 5227.59863281 0. 3.31037863358e-22 0.
1465191409 1 5226.28173828 0. 3.31169996603e-22 0.
1465191469 1 5224.89941406 0. 3.31300102316e-22 0.
1465191529 1 5220.92285156 0. 3.3123877297e-22 0.
1465191589 1 5218.77880859 0. 3.31314709354e-22 0.
1465191649 1 5215.53955078 0. 3.31313485022e-22 0.
1465191709 1 5211.84960938 0. 3.31334252486e-22 0.
1465191770 1 5207.75439453 0. 3.31305842855e-22 0.
1465191830 1 5204.75537109 0. 3.31326936809e-22 0.
1465191890 1 5203.25537109 0. 3.31430091607e-22 0.
1465191950 1 5200.41113281 0. 3.31462225892e-22 0.
1465192010 1 5195.97021484 0. 3.31381482962e-22 0.
1465192070 1 5163.13720703 0. 3.29486563347e-22 0.
1465192130 1 5147.88525391 0. 3.28733884051e-22 0.
1465192166 1 5138.99316406 0. 3.28246060411e-22 0.
1465192201 1 5130.04394531 0. 3.27795070435e-22 0.
1465192261 1 5198.16064453 0. 3.32372294255e-22 0.
1465192321 1 5196.54833984 0. 3.3249237081e-22 0.
1465192381 1 5193.62451172 0. 3.32525703985e-22 0.
1465192442 1 5192.07617188 0. 3.32624856616e-22 0.
1465192502 1 5189.48046875 0. 3.3268434653e-22 0.
1465192537 1 5187.95410156 0. 3.32672935108e-22 0.
1465192573 1 5186.421875 0. 3.32715974704e-22 0.
1465192633 1 5183.91113281 0. 3.32782790681e-22 0.
1465192693 1 5181.79443359 0. 3.32821423418e-22 0.
1465192753 1 5179.12597656 0. 3.32863434444e-22 0.
1465192813 1 5175.47412109 0. 3.32885281906e-22 0.
1465192874 1 5172.83984375 0. 3.32926166796e-22 0.
1465192934 1 5170.32470703 0. 3.32959193486e-22 0.
1465192994 1 5167.13037109 0. 3.32981218817e-22 0.
1465193054 1 5165.27978516 0. 3.33058633494e-22 0.
1465193114 1 5161.90673828 0. 3.33052536434e-22 0.
1465193174 1 5155.93652344 0. 3.32869840708e-22 0.
1465193234 1 5154.23388672 0. 3.33040450249e-22 0.
1465193294 1 5152.87158203 0. 3.33164396572e-22 0.
1465193355 1 5149.78759766 0. 3.33179376916e-22 0.
1465193390 1 5147.98876953 0. 3.33197203778e-22 0.
1465193418 1 5146.52294922 0. 3.33171350964e-22 0.
1465193472 1 5142.89111328 0. 3.33127818005e-22 0.
1465193532 1 5140.13134766 0. 0.0 0.
1465193567 1 5138.52587891 0. 3.33201736821e-22 0.
1465193603 1 5136.91601562 0. 3.33197377615e-22 0.
1465193663 1 5132.61572266 0. 3.33100896257e-22 0.
1465193723 1 5129.09130859 0. 3.33100629262e-22 0.
1465193783 1 5127.26757812 0. 3.3324474696e-22 0.
1465193843 1 5126.58154297 0. 3.3342312484e-22 0.
1465193903 1 5125.1171875 0. 3.33546573984e-22 0.
1465193964 1 5124.39453125 0. 3.33691436246e-22 0.
1465194024 1 5123.87109375 0. 3.33865514348e-22 0.
1465194084 1 5120.94677734 0. 3.33905476574e-22 0.
1465194144 1 5118.57080078 0. 3.33966815362e-22 0.
1465194204 1 5115.46484375 0. 3.3394995154e-22 0.
1465194264 1 5112.11230469 0. 3.33971881795e-22 0.
1465194324 1 5107.23388672 0. 3.33885345086e-22 0.
1465194384 1 5106.05908203 0. 3.34009941354e-22 0.
1465194445 1 5104.23535156 0. 3.34091133426e-22 0.
1465194505 1 5101.45166016 0. 3.3414349322e-22 0.
1465194565 1 5098.00097656 0. 3.34127768175e-22 0.
1465194625 1 5094.21386719 0. 3.34070743969e-22 0.
1465194685 1 5092.34619141 0. 3.34166589912e-22 0.
1465194745 1 5089.57519531 0. 3.34207943844e-22 0.
1465194805 1 2432.03076172 0. 1.59805064521e-22 0.
1465194840 1 881.782958984 0. 5.79598052086e-23 0.
1465194860 1 0.123529106379 0. 9.2952625534e-25 0.
1465194906 1 0.111622586846 0. 0.0 0.
1465194955 1 0.106207087636 0. 0.0 0.
