1465638023 1 2350.48168945 0. 2.92868225923e-22 0.
1465638083 1 2348.66430664 0. 2.93121761768e-22 0.
1465638144 1 2345.84179688 0. 2.9322512731e-22 0.
1465638204 1 2341.25415039 0. 2.93154387343e-22 0.
1465638247 1 2338.77172852 0. 2.93227019484e-22 0.
1465638278 1 2341.11230469 0. 2.93769545903e-22 0.
1465638324 1 2339.3371582 0. 2.93951042751e-22 0.
1465638385 1 2338.36108398 0. 2.94330295778e-22 0.
1465638445 1 2328.73413086 0. 2.9356868654e-22 0.
1465638505 1 2329.06884766 0. 2.94072532264e-22 0.
1465638565 1 2328.6027832 0. 2.94453995114e-22 0.
1465638625 1 2324.63134766 0. 2.94350955e-22 0.
1465638685 1 2324.64599609 0. 2.94750604927e-22 0.
1465638745 1 2322.58691406 0. 2.94842836567e-22 0.
1465638806 1 2319.88256836 0. 2.94906164321e-22 0.
1465638866 1 2318.0871582 0. 2.95032499168e-22 0.
1465638926 1 2312.23803711 0. 2.94720340335e-22 0.
1465638986 1 2311.98242188 0. 2.95100701417e-22 0.
1465639046 1 2305.08789062 0. 2.94620761405e-22 0.
1465639106 1 2309.52636719 0. 2.95585092772e-22 0.
1465639166 1 2309.13696289 0. 2.95925654996e-22 0.
1465639226 1 2304.90356445 0. 2.95800471341e-22 0.
1465639287 1 2297.82055664 0. 2.95316098838e-22 0.
1465639347 1 2296.84106445 0. 2.95592913347e-22 0.
1465639407 1 2293.78881836 0. 2.95601672841e-22 0.
1465639467 1 2294.35375977 0. 2.96104114093e-22 0.
1465639527 1 2289.5637207 0. 2.95919393961e-22 0.
1465639587 1 2283.16503906 0. 2.95532009985e-22 0.
1465639647 1 2289.32128906 0. 2.96779091926e-22 0.
1465639707 1 2284.07568359 0. 2.96543724649e-22 0.
1465639768 1 2280.77001953 0. 2.96547676055e-22 0.
1465639828 1 2273.56054688 0. 2.96042086777e-22 0.
1465639888 1 2270.43774414 0. 2.96046394266e-22 0.
1465639941 1 2267.68481445 0. 2.96057355902e-22 0.
1465639985 1 2260.81762695 0. 2.95464451897e-22 0.
1465640036 1 2262.48510742 0. 2.96048717576e-22 0.
1465640096 1 2260.30053711 0. 2.96152069632e-22 0.
1465640156 1 2260.25927734 0. 2.96567378662e-22 0.
1465640216 1 2261.57055664 0. 2.97194136194e-22 0.
1465640277 1 2252.78979492 0. 2.96428526791e-22 0.
1465640337 1 2240.84985352 0. 2.95245256101e-22 0.
1465640397 1 2221.38574219 0. 2.93070376058e-22 0.
1465640457 1 2162.63232422 0. 2.85693974915e-22 0.
1465640517 1 2270.08154297 0. 3.00239987851e-22 0.
1465640577 1 2273.4284668 0. 3.01051633679e-22 0.
1465640637 1 2269.60351562 0. 3.0090170955e-22 0.
1465640697 1 2266.83227539 0. 3.00887071307e-22 0.
1465640757 1 2265.20849609 0. 3.01013210311e-22 0.
1465640818 1 2263.64916992 0. 3.01165722237e-22 0.
1465640869 1 2261.91479492 0. 3.01221368116e-22 0.
1465640920 1 2257.5 0. 3.0093706487e-22 0.
1465640980 1 2258.17724609 0. 3.01345902237e-22 0.
1465641040 1 2255.18505859 0. 3.0129117451e-22 0.
1465641100 1 2256.11010742 0. 3.01757897338e-22 0.
1465641153 1 2252.60327148 0. 3.01580448115e-22 0.
1465641207 1 2253.46484375 0. 3.01992607803e-22 0.
1465641267 1 2252.12963867 0. 3.0213623382e-22 0.
1465641327 1 2249.27441406 0. 3.0206871722e-22 0.
1465641387 1 2247.46142578 0. 3.02149323958e-22 0.
1465641447 1 2247.17700195 0. 3.02435212003e-22 0.
1465641507 1 2245.1875 0. 3.02503939071e-22 0.
1465641567 1 2245.14086914 0. 3.02835141673e-22 0.
1465641628 1 2241.67016602 0. 3.02706701237e-22 0.
1465641881 1 2241.67016602 0. 3.04077128669e-22 0.
1465642134 1 0.0 0. 0.0 0.
1465642195 1 2227.95849609 0. 3.03891321128e-22 0.
1465642255 1 2223.9765625 0. 3.03679004345e-22 0.
1465642309 1 2221.83911133 0. 3.0367089898e-22 0.
1465642338 1 2222.18212891 0. 3.0388017179e-22 0.
1465642349 1 2222.48950195 0. 3.03965911731e-22 0.
1465642359 1 2219.24926758 0. 3.03583195885e-22 0.
1465642394 1 2218.53491211 0. 3.03666626343e-22 0.
1465642454 1 2217.86889648 0. 3.03889080103e-22 0.
1465642515 1 2216.41992188 0. 3.03985380538e-22 0.
1465642575 1 2215.22900391 0. 3.04113338717e-22 0.
1465642635 1 2213.88574219 0. 3.04213019038e-22 0.
1465642695 1 2213.02661133 0. 3.04336018928e-22 0.
1465642755 1 2213.07666016 0. 3.04533190645e-22 0.
1465642815 1 2213.55175781 0. 3.04799573508e-22 0.
1465642875 1 2213.25024414 0. 3.04961348747e-22 0.
1465642935 1 2212.27734375 0. 3.05017683523e-22 0.
1465642972 1 2210.80175781 0. 3.04920840024e-22 0.
1465643008 1 2207.60302734 0. 3.04593955886e-22 0.
1465643068 1 2207.33178711 0. 3.04755556542e-22 0.
1465643128 1 2207.0480957 0. 3.04904960475e-22 0.
1465643188 1 2205.74536133 0. 3.049235765e-22 0.
1465643248 1 2204.82543945 0. 3.05004341641e-22 0.
1465643308 1 2203.53881836 0. 3.05040641638e-22 0.
1465643368 1 2202.72460938 0. 3.05144998374e-22 0.
1465643429 1 2202.17700195 0. 3.05317234312e-22 0.
1465643489 1 2201.82177734 0. 3.05539453462e-22 0.
1465643549 1 2199.42871094 0. 3.05463017813e-22 0.
1465643609 1 2199.25292969 0. 3.05691555599e-22 0.
1465643669 1 2199.11474609 0. 3.05932671857e-22 0.
1465643729 1 2197.88134766 0. 3.06033213174e-22 0.
1465643789 1 2192.91210938 0. 3.05614924841e-22 0.
1465643849 1 2187.16796875 0. 3.05090129645e-22 0.
1465643910 1 2182.61791992 0. 3.04732901937e-22 0.
1465643970 1 2181.21679688 0. 3.04798385719e-22 0.
1465644030 1 2178.47998047 0. 3.0469577526e-22 0.
1465644090 1 2183.71948242 0. 3.05716190684e-22 0.
1465644150 1 2184.66601562 0. 3.06116017897e-22 0.
1465644210 1 2185.49584961 0. 3.06491849075e-22 0.
1465644270 1 2186.76342773 0. 3.06906244527e-22 0.
1465644306 1 2184.45361328 0. 3.06727782353e-22 0.
1465644320 1 2187.18310547 0. 3.07167236299e-22 0.
1465644360 1 2190.41430664 0. 3.07754215059e-22 0.
1465644397 1 2191.5012207 0. 3.0805050045e-22 0.
1465644427 1 2191.06445312 0. 3.08090112294e-22 0.
1465644456 1 2191.6809082 0. 3.08272505359e-22 0.
1465644472 1 2192.4777832 0. 3.08439358769e-22 0.
1465644512 1 2192.32788086 0. 3.08556548013e-22 0.
1465644572 1 2191.50268555 0. 3.08638824477e-22 0.
1465644633 1 2192.53466797 0. 3.08991893887e-22 0.
1465644678 1 2192.2746582 0. 3.09105481203e-22 0.
1465644708 1 2191.84326172 0. 3.09128553148e-22 0.
1465644753 1 2190.52587891 0. 3.09080577594e-22 0.
1465644814 1 2190.51416016 0. 3.0926033915e-22 0.
1465644874 1 2191.28759766 0. 3.09542237975e-22 0.
1465644934 1 2190.55810547 0. 3.09621616098e-22 0.
1465644994 1 2188.85961914 0. 3.09565928503e-22 0.
1465645054 1 2191.17773438 0. 3.10067462525e-22 0.
1465645114 1 2191.09301758 0. 3.10246120919e-22 0.
1465645175 1 2190.02368164 0. 3.10287180673e-22 0.
1465645235 1 2188.88085938 0. 3.10319712663e-22 0.
1465645295 1 2185.38574219 0. 3.10027494871e-22 0.
1465645355 1 2179.43847656 0. 3.09461455756e-22 0.
1465645415 1 2176.49560547 0. 3.09322557272e-22 0.
1465645475 1 2174.61254883 0. 3.09333731009e-22 0.
1465645535 1 2173.61645508 0. 3.09463519341e-22 0.
1465645595 1 2171.70532227 0. 3.09465234018e-22 0.
1465645658 1 0.0 0. 0.0 0.
1465645716 1 0.0 0. 0.0 0.
1465645713 1 0.0 0. 0.0 0.
1465645758 0 0.0 0. 0.0 0.
1465645776 1 0.0 0. 0.0 0.
1465645803 1 0.0 0. 0.0 0.
1465645836 1 0.0 0. 0.0 0.
1465645848 1 0.0 0. 0.0 0.
1465645896 1 0.0 0. 0.0 0.
1465645893 1 0.0 0. 0.0 0.
1465645938 1 0.0 0. 0.0 0.
1465645956 1 0.0 0. 0.0 0.
1465645983 1 0.0 0. 0.0 0.
1465646016 1 0.0 0. 0.0 0.
1465646028 1 0.0 0. 0.0 0.
1465646076 1 0.0 0. 0.0 0.
1465646073 1 0.0 0. 0.0 0.
1465646118 1 0.0 0. 0.0 0.
1465646137 1 0.0 0. 0.0 0.
1465646197 1 0.0 0. 0.0 0.
1465646188 1 0.0 0. 0.0 0.
1465646203 1 0.0 0. 0.0 0.
1465646222 1 0.0 0. 0.0 0.
1465646257 1 0.0 0. 0.0 0.
1465646245 1 0.0 0. 0.0 0.
1465646266 1 0.0 0. 0.0 0.
1465646295 1 0.0 0. 0.0 0.
1465646317 1 0.0 0. 0.0 0.
1465646324 1 0.0 0. 0.0 0.
1465646361 1 0.0 0. 0.0 0.
1465646377 1 0.0 0. 0.0 0.
1465646397 1 0.0 0. 0.0 0.
1465646441 1 0.0 0. 0.0 0.
1465646437 1 0.0 0. 0.0 0.
1465646497 1 0.0 0. 0.0 0.
1465646486 1 0.0 0. 0.0 0.
1465646552 1 0.0 0. 0.0 0.
1465646557 1 0.0 0. 0.0 0.
1465646618 1 0.0 0. 0.0 0.
1465646619 1 0.0 0. 0.0 0.
1465646701 1 0.0 0. 0.0 0.
1465646678 1 0.0 0. 0.0 0.
1465646738 1 0.0 0. 0.0 0.
1465646798 1 0.0 0. 0.0 0.
1465646783 1 0.0 0. 0.0 0.
1465646864 1 0.0 0. 0.0 0.
1465646858 1 0.0 0. 0.0 0.
1465646918 1 0.0 0. 0.0 0.
1465646946 0 0.0 0. 0.0 0.
1465646978 1 0.0 0. 0.0 0.
1465647027 1 0.0 0. 0.0 0.
1465647039 1 0.0 0. 0.0 0.
1465647099 1 0.0 0. 0.0 0.
1465647109 1 0.0 0. 0.0 0.
1465647191 1 0.0 0. 0.0 0.
1465647159 1 0.0 0. 0.0 0.
1465647219 1 0.0 0. 0.0 0.
1465647279 1 0.0 0. 0.0 0.
1465647272 1 0.0 0. 0.0 0.
1465647369 1 0.0 0. 0.0 0.
1465647339 1 0.0 0. 0.0 0.
1465647399 1 0.0 0. 0.0 0.
1465647460 1 0.0 0. 0.0 0.
1465647466 1 0.0 0. 0.0 0.
1465647548 0 0.0 0. 0.0 0.
1465647520 0 0.0 0. 0.0 0.
1465647580 1 0.0 0. 0.0 0.
1465647640 1 0.0 0. 0.0 0.
1465647629 1 0.0 0. 0.0 0.
1465647711 1 0.0 0. 0.0 0.
1465647700 1 0.0 0. 0.0 0.
1465647760 1 0.0 0. 0.0 0.
1465647792 1 0.0 0. 0.0 0.
1465647820 1 0.0 0. 0.0 0.
1465647874 1 0.0 0. 0.0 0.
1465647881 1 0.0 0. 0.0 0.
1465647941 1 0.0 0. 0.0 0.
1465647955 1 0.0 0. 0.0 0.
1465648037 0 0.0 0. 0.0 0.
1465648001 0 0.0 0. 0.0 0.
1465648061 0 0.0 0. 0.0 0.
1465648121 1 0.0 0. 0.0 0.
1465648119 1 0.0 0. 0.0 0.
1465648171 1 0.0 0. 0.0 0.
1465648181 1 0.0 0. 0.0 0.
1465648241 1 0.0 0. 0.0 0.
1465648223 1 0.0 0. 0.0 0.
1465648259 1 0.0 0. 0.0 0.
1465648302 1 0.0 0. 0.0 0.
1465648296 1 0.0 0. 0.0 0.
1465648325 1 0.0 0. 0.0 0.
1465648362 1 0.0 0. 0.0 0.
1465648354 1 0.0 0. 0.0 0.
1465648382 1 0.0 0. 0.0 0.
1465648422 1 0.0 0. 0.0 0.
1465648412 1 0.0 0. 0.0 0.
1465648433 1 0.0 0. 0.0 0.
1465648455 1 0.0 0. 0.0 0.
1465648482 1 0.0 0. 0.0 0.
1465648477 1 0.0 0. 0.0 0.
1465648494 1 0.0 0. 0.0 0.
1465648519 1 0.0 0. 0.0 0.
1465648542 1 0.0 0. 0.0 0.
1465648564 1 0.0 0. 0.0 0.
1465648602 1 0.0 0. 0.0 0.
1465648609 1 0.0 0. 0.0 0.
1465648659 1 0.0 0. 0.0 0.
1465648659 1 0.0 0. 0.0 0.
1465648716 1 2147.94433594 0. 3.16855950305e-22 0.
1465648776 1 2146.88256836 0. 3.16957642115e-22 0.
1465648836 1 2145.46606445 0. 3.17013212433e-22 0.
1465648901 1 2145.46606445 0. 3.17302325984e-22 0.
1465648966 1 0.0 0. 0.0 0.
1465649026 1 2150.5690918 0. 3.18612664498e-22 0.
1465649071 1 2147.69848633 0. 3.18397393408e-22 0.
1465649091 1 2148.86108398 0. 3.18668981427e-22 0.
1465649101 1 2148.67919922 0. 3.18678753078e-22 0.
1465649112 1 2148.83886719 0. 3.18741227514e-22 0.
1465649147 1 2147.49829102 0. 3.19750729139e-22 0.
1465649207 1 2145.59765625 0. 3.18694591143e-22 0.
1465649267 1 2143.97705078 0. 3.18729626844e-22 0.
1465649327 1 2143.1105957 0. 3.18848139296e-22 0.
1465649362 1 2142.19116211 0. 3.18850653197e-22 0.
1465649399 1 0.0 0. 0.0 0.
1465649458 1 0.0 0. 0.0 0.
1465649454 1 0.0 0. 0.0 0.
1465649499 1 0.0 0. 0.0 0.
1465649518 1 0.0 0. 0.0 0.
1465649539 1 0.0 0. 0.0 0.
1465649578 1 0.0 0. 0.0 0.
1465649587 1 0.0 0. 0.0 0.
1465649638 1 0.0 0. 0.0 0.
1465649625 1 0.0 0. 0.0 0.
1465649664 1 0.0 0. 0.0 0.
1465649698 1 0.0 0. 0.0 0.
1465649701 1 0.0 0. 0.0 0.
1465649738 1 0.0 0. 0.0 0.
1465649758 1 0.0 0. 0.0 0.
1465649775 1 0.0 0. 0.0 0.
1465649811 1 0.0 0. 0.0 0.
1465649818 1 0.0 0. 0.0 0.
1465649848 1 0.0 0. 0.0 0.
1465649878 1 0.0 0. 0.0 0.
1465649885 1 0.0 0. 0.0 0.
1465649938 1 0.0 0. 0.0 0.
1465649922 1 0.0 0. 0.0 0.
1465649958 0 0.0 0. 0.0 0.
1465649998 1 0.0 0. 0.0 0.
1465649995 1 0.0 0. 0.0 0.
1465650032 1 0.0 0. 0.0 0.
1465650059 1 0.0 0. 0.0 0.
1465650069 1 0.0 0. 0.0 0.
1465650105 1 0.0 0. 0.0 0.
1465650119 1 0.0 0. 0.0 0.
1465650142 1 0.0 0. 0.0 0.
1465650179 1 0.0 0. 0.0 0.
1465650179 1 0.0 0. 0.0 0.
1465650239 1 0.0 0. 0.0 0.
1465650216 1 0.0 0. 0.0 0.
1465650253 1 0.0 0. 0.0 0.
1465650299 1 0.0 0. 0.0 0.
1465650290 1 0.0 0. 0.0 0.
1465650326 1 0.0 0. 0.0 0.
1465650359 1 0.0 0. 0.0 0.
1465650363 1 0.0 0. 0.0 0.
1465650400 1 0.0 0. 0.0 0.
1465650419 1 0.0 0. 0.0 0.
1465650437 1 0.0 0. 0.0 0.
1465650473 1 0.0 0. 0.0 0.
1465650480 1 0.0 0. 0.0 0.
1465650510 1 0.0 0. 0.0 0.
1465650540 1 0.0 0. 0.0 0.
1465650547 1 0.0 0. 0.0 0.
1465650600 1 0.0 0. 0.0 0.
1465650586 1 0.0 0. 0.0 0.
1465650625 1 0.0 0. 0.0 0.
1465650660 1 0.0 0. 0.0 0.
1465650657 1 0.0 0. 0.0 0.
1465650682 1 0.0 0. 0.0 0.
1465650720 1 0.0 0. 0.0 0.
1465650727 1 0.0 0. 0.0 0.
1465650772 1 0.0 0. 0.0 0.
1465650780 1 0.0 0. 0.0 0.
1465650817 1 0.0 0. 0.0 0.
1465650840 1 0.0 0. 0.0 0.
1465650862 1 0.0 0. 0.0 0.
1465650900 1 0.0 0. 0.0 0.
1465650907 1 0.0 0. 0.0 0.
1465650952 1 0.0 0. 0.0 0.
1465650961 1 0.0 0. 0.0 0.
1465650997 1 0.0 0. 0.0 0.
1465651021 1 0.0 0. 0.0 0.
1465651042 1 0.0 0. 0.0 0.
1465651081 1 0.0 0. 0.0 0.
1465651087 1 0.0 0. 0.0 0.
1465651132 1 0.0 0. 0.0 0.
1465651141 1 0.0 0. 0.0 0.
1465651177 1 0.0 0. 0.0 0.
1465651201 1 0.0 0. 0.0 0.
1465651222 1 0.0 0. 0.0 0.
1465651261 1 0.0 0. 0.0 0.
1465651267 1 0.0 0. 0.0 0.
1465651312 1 0.0 0. 0.0 0.
1465651321 1 0.0 0. 0.0 0.
1465651357 1 0.0 0. 0.0 0.
1465651381 1 0.0 0. 0.0 0.
1465651402 1 0.0 0. 0.0 0.
1465651442 1 0.0 0. 0.0 0.
1465651448 1 0.0 0. 0.0 0.
1465651502 1 2072.25024414 0. 3.16023587056e-22 0.
1465651539 1 2081.77416992 0. 3.17621579418e-22 0.
1465651558 1 1972.15625 0. 3.01009472942e-22 0.
1465651598 1 2116.01660156 0. 3.23135159345e-22 0.
1465651659 1 2118.18041992 0. 3.23727018284e-22 0.
1465651719 1 2116.90600586 0. 3.23795549267e-22 0.
1465651779 1 2115.20849609 0. 3.2381407296e-22 0.
1465651839 1 2112.74414062 0. 3.23706350642e-22 0.
1465651899 1 2111.66674805 0. 3.23796367691e-22 0.
1465651959 1 2110.16577148 0. 3.2383217329e-22 0.
1465652020 1 2109.23925781 0. 3.23943584953e-22 0.
1465652080 1 2108.65649414 0. 3.24133237426e-22 0.
1465652140 1 2107.89355469 0. 3.24285445116e-22 0.
1465652200 1 2105.89355469 0. 3.24252781926e-22 0.
1465652260 1 2104.38696289 0. 3.2427528979e-22 0.
1465652320 1 2103.2746582 0. 3.2435547543e-22 0.
1465652380 1 2101.17626953 0. 3.24301541262e-22 0.
1465652440 1 2100.08325195 0. 3.24405699454e-22 0.
1465652500 1 2098.17358398 0. 3.24380132573e-22 0.
1465652561 1 2096.88867188 0. 3.24437054227e-22 0.
1465652621 1 2095.51367188 0. 3.24488218715e-22 0.
1465652681 1 2093.90429688 0. 3.24492231298e-22 0.
1465652741 1 2092.84423828 0. 3.24595188967e-22 0.
1465652801 1 2090.78466797 0. 3.2453497921e-22 0.
1465652861 1 2081.63623047 0. 3.2336279555e-22 0.
1465652921 1 2077.80834961 0. 3.2301914804e-22 0.
1465652982 1 2076.01855469 0. 3.22996037032e-22 0.
1465653042 1 2074.64038086 0. 3.2303094428e-22 0.
1465653102 1 2073.43408203 0. 3.23080681876e-22 0.
1465653162 1 2072.27954102 0. 3.23145790622e-22 0.
1465653222 1 2070.25732422 0. 3.23088572703e-22 0.
1465653282 1 2069.27075195 0. 3.23187232385e-22 0.
1465653343 1 2068.38623047 0. 3.23286173805e-22 0.
1465653403 1 2067.28515625 0. 3.23369052968e-22 0.
1465653463 1 2065.7409668 0. 3.23371659055e-22 0.
1465653523 1 2064.67724609 0. 3.23454712906e-22 0.
1465653583 1 2063.25146484 0. 3.23469980517e-22 0.
1465653643 1 2061.77807617 0. 3.23480086711e-22 0.
1465653703 1 2061.30566406 0. 3.23660304077e-22 0.
1465653764 1 2059.875 0. 3.23674303265e-22 0.
1465653824 1 2058.61474609 0. 3.23715463418e-22 0.
1465653884 1 2055.7097168 0. 3.23507371928e-22 0.
1465653944 1 2055.60327148 0. 3.23733428096e-22 0.
1465654004 1 2054.64379883 0. 3.23833007926e-22 0.
1465654064 1 2053.43408203 0. 3.23882732764e-22 0.
1465654124 1 2052.98120117 0. 3.24055948949e-22 0.
1465654184 1 2051.48901367 0. 3.2407184781e-22 0.
1465654245 1 2049.67285156 0. 3.24013558179e-22 0.
1465654305 1 2048.78125 0. 3.24120901247e-22 0.
1465654365 1 2047.47949219 0. 3.24154098834e-22 0.
1465654425 1 2046.09106445 0. 3.24179322781e-22 0.
1465654485 1 2044.79528809 0. 3.24228689764e-22 0.
1465654545 1 2042.84436035 0. 3.24143797048e-22 0.
1465654605 1 2042.79785156 0. 3.24387942352e-22 0.
1465654665 1 2041.41503906 0. 3.24415910403e-22 0.
1465654726 1 2040.09350586 0. 3.24448657074e-22 0.
1465654786 1 2033.53320312 0. 3.23640708705e-22 0.
1465654846 1 2035.85754395 0. 3.24251139104e-22 0.
1465654906 1 2036.99645996 0. 3.24672947278e-22 0.
1465654966 1 2035.66088867 0. 3.24700211157e-22 0.
1465655026 1 2032.74536133 0. 3.24477490514e-22 0.
1465655086 1 2031.3248291 0. 3.24480437255e-22 0.
1465655146 1 2031.11169434 0. 3.2470178593e-22 0.
1465655207 1 2026.51538086 0. 3.24197484834e-22 0.
1465655267 1 2029.22058105 0. 3.24871217479e-22 0.
1465655327 1 2028.80102539 0. 3.25043446036e-22 0.
1465655387 1 2028.00402832 0. 3.25166273835e-22 0.
1465655447 1 2026.23962402 0. 3.25121552814e-22 0.
1465655507 1 2023.21240234 0. 3.24859343249e-22 0.
1465655567 1 2022.51098633 0. 3.2499696917e-22 0.
1465655627 1 2022.23352051 0. 3.25198547452e-22 0.
1465655688 1 2020.04052734 0. 3.25099900031e-22 0.
1465655748 1 2019.11999512 0. 3.25175661859e-22 0.
1465655808 1 2013.37487793 0. 3.24482732837e-22 0.
1465655868 1 2016.42565918 0. 3.25216516014e-22 0.
1465655928 1 2016.56726074 0. 3.25481135947e-22 0.
1465655988 1 2013.46435547 0. 3.25215719603e-22 0.
1465656048 1 2009.5168457 0. 3.24823678408e-22 0.
1465656109 1 2012.35180664 0. 3.25519729497e-22 0.
1465656169 1 2011.02355957 0. 3.25526116333e-22 0.
1465656229 1 2008.75366211 0. 3.25408838308e-22 0.
1465656289 1 2007.30664062 0. 3.25402019382e-22 0.
1465656349 1 1995.23547363 0. 3.23690950814e-22 0.
1465656409 1 2000.64953613 0. 3.24803867744e-22 0.
1465656469 1 2005.37976074 0. 3.25798300047e-22 0.
1465656529 1 2005.49707031 0. 3.26060067676e-22 0.
1465656590 1 2003.87121582 0. 3.26031524686e-22 0.
1465656650 1 2000.37316895 0. 3.25702847708e-22 0.
1465656710 1 1996.55993652 0. 3.25305794974e-22 0.
1465656770 1 1999.13977051 0. 3.25976848761e-22 0.
1465656830 1 1998.5703125 0. 3.26129072665e-22 0.
1465656890 1 1997.84631348 0. 3.26245718189e-22 0.
1465656950 1 1988.26501465 0. 3.24920572188e-22 0.
1465657011 1 1989.51135254 0. 3.25364596766e-22 0.
1465657071 1 1993.52099609 0. 3.26257714656e-22 0.
1465657131 1 1992.97814941 0. 3.26406049152e-22 0.
1465657191 1 1992.29882812 0. 3.26542009704e-22 0.
1465657251 1 1988.00390625 0. 3.26071812514e-22 0.
1465657311 1 1987.32836914 0. 3.26203667738e-22 0.
1465657371 1 1982.07177734 0. 3.25568715058e-22 0.
1465657432 1 1985.04223633 0. 3.26293564404e-22 0.
1465657492 1 1986.19116211 0. 3.26722955958e-22 0.
1465657552 1 1985.77282715 0. 3.26896422072e-22 0.
1465657612 1 1983.7578125 0. 3.26803870601e-22 0.
1465657672 1 1980.69873047 0. 3.26536047895e-22 0.
1465657732 1 1979.58557129 0. 3.26587942162e-22 0.
1465657792 1 1979.14123535 0. 3.26754595253e-22 0.
1465657852 1 1976.22094727 0. 3.26518254463e-22 0.
1465657913 1 1969.34960938 0. 3.25605496387e-22 0.
1465657973 1 1973.60754395 0. 3.26544582939e-22 0.
1465658033 1 1975.45385742 0. 3.27080163706e-22 0.
1465658093 1 1974.73718262 0. 3.27204779528e-22 0.
1465658153 1 1973.67932129 0. 3.27284324741e-22 0.
1465658213 1 1971.18664551 0. 3.27114762691e-22 0.
1465658273 1 1966.33032227 0. 3.26550841076e-22 0.
1465658333 1 1962.94812012 0. 3.26218236323e-22 0.
1465658394 1 1967.09851074 0. 3.2716191511e-22 0.
1465658454 1 1967.12329102 0. 3.27404170952e-22 0.
1465658514 1 1962.8190918 0. 3.26913173739e-22 0.
1465658574 1 1962.23278809 0. 3.27045112298e-22 0.
1465658634 1 1961.02868652 0. 3.27086734847e-22 0.
1465658694 1 1960.96960449 0. 3.27318354994e-22 0.
1465658754 1 1960.54162598 0. 3.27487832122e-22 0.
1465658814 1 1960.83569336 0. 3.27765651221e-22 0.
1465658874 1 1957.79174805 0. 3.27488208897e-22 0.
1465658935 1 1951.15039062 0. 3.2663484013e-22 0.
1465658995 1 1952.23474121 0. 3.27079240967e-22 0.
1465659055 1 1953.92626953 0. 3.27600533675e-22 0.
1465659115 1 1953.28479004 0. 3.2772689108e-22 0.
1465659175 1 1951.51928711 0. 3.27670660593e-22 0.
1465659235 1 1950.3392334 0. 3.27703081843e-22 0.
1465659295 1 1943.88342285 0. 3.26859053181e-22 0.
1465659355 1 1943.9119873 0. 3.27103212961e-22 0.
1465659416 1 1942.69909668 0. 3.27149548253e-22 0.
1465659476 1 1939.93615723 0. 3.26921402653e-22 0.
1465659536 1 1936.18774414 0. 3.2654077931e-22 0.
1465659596 1 1932.40979004 0. 3.26140318225e-22 0.
1465659656 1 1930.29650879 0. 3.26031790261e-22 0.
1465659716 1 1929.42785645 0. 3.26106576884e-22 0.
1465659776 1 1928.32568359 0. 3.26153480437e-22 0.
1465659836 1 1928.74450684 0. 3.26468845243e-22 0.
1465659897 1 1926.89794922 0. 3.26393264537e-22 0.
1465659957 1 1927.04943848 0. 3.26657082405e-22 0.
1465660017 1 1924.56066895 0. 3.26473318861e-22 0.
1465660077 1 1919.00793457 0. 3.25758487979e-22 0.
1465660137 1 1919.55407715 0. 3.26075179377e-22 0.
1465660197 1 1920.18164062 0. 3.26416794993e-22 0.
1465660257 1 1917.94543457 0. 3.26279830771e-22 0.
1465660318 1 1914.31689453 0. 3.25887852974e-22 0.
1465660378 1 1906.0201416 0. 3.247093902e-22 0.
1465660438 1 1903.85437012 0. 3.245709888e-22 0.
1465660498 1 1909.52038574 0. 3.25781190494e-22 0.
1465660558 1 1909.0513916 0. 3.25933920973e-22 0.
1465660611 1 1909.04211426 0. 3.26139705728e-22 0.
1465660647 1 1909.60009766 0. 3.26375408213e-22 0.
1465660691 1 1906.10864258 0. 3.25953119563e-22 0.
1465660751 1 1903.12194824 0. 3.25680045167e-22 0.
1465660811 1 1902.24951172 0. 3.25773603063e-22 0.
1465660871 1 1900.74121094 0. 3.25752606268e-22 0.
1465660931 1 1903.35644531 0. 3.26435966575e-22 0.
1465660992 1 1897.17358398 0. 3.25616382952e-22 0.
1465661052 1 1897.44177246 0. 3.25909339094e-22 0.
1465661112 1 1899.73852539 0. 3.26530563603e-22 0.
1465661172 1 1894.4440918 0. 3.25835085131e-22 0.
1465661232 1 1898.83972168 0. 3.26786948241e-22 0.
1465661292 1 1893.76037598 0. 3.26150543604e-22 0.
1465661352 1 1895.09558105 0. 3.2656605612e-22 0.
1465661412 1 1892.19433594 0. 3.26299920693e-22 0.
1465661472 1 1888.97009277 0. 3.25984310423e-22 0.
1465661533 1 1888.08825684 0. 3.2606789766e-22 0.
1465661593 1 1888.00866699 0. 3.26318270672e-22 0.
1465661653 1 1883.47412109 0. 3.25769676391e-22 0.
1465661713 1 1881.5793457 0. 3.2567326422e-22 0.
1465661773 1 1879.72937012 0. 3.25593394736e-22 0.
1465661833 1 1885.49047852 0. 3.2682337661e-22 0.
1465661893 1 1879.49108887 0. 3.2600728461e-22 0.
1465661953 1 1877.98999023 0. 3.25995250925e-22 0.
1465662013 1 1880.91003418 0. 3.26749623035e-22 0.
1465662073 1 1874.90148926 0. 3.2593820664e-22 0.
1465662134 1 1871.58007812 0. 3.25594596759e-22 0.
1465662194 1 1873.71057129 0. 3.26213725631e-22 0.
1465662254 1 1874.92773438 0. 3.26656792524e-22 0.
1465662314 1 1869.41918945 0. 3.25934192759e-22 0.
1465662374 1 1871.19018555 0. 3.26481653267e-22 0.
1465662434 1 1867.18835449 0. 3.26012904369e-22 0.
1465662494 1 1864.73449707 0. 3.25814219761e-22 0.
1465662555 1 1865.8104248 0. 3.26228287325e-22 0.
1465662615 1 1864.36499023 0. 3.26209386057e-22 0.
1465662675 1 1867.48388672 0. 3.26999425309e-22 0.
1465662735 1 1860.94274902 0. 3.26092029067e-22 0.
1465662795 1 1861.0534668 0. 3.26349511234e-22 0.
1465662855 1 1864.8861084 0. 3.2726042669e-22 0.
1465662915 1 1861.95141602 0. 3.26988362001e-22 0.
1465662975 1 1857.84985352 0. 3.26509743183e-22 0.
1465663035 1 1854.6940918 0. 3.26184684071e-22 0.
1465663096 1 1854.3560791 0. 3.26350921482e-22 0.
1465663156 1 1856.78869629 0. 3.27007692174e-22 0.
1465663205 1 1797.69592285 0. 3.16800621366e-22 0.
1465663255 1 0.028165390715 0. 1.97432997855e-23 0.
