1466171267 1 6844.66015625 0. 3.2124891331e-22 0.
1466171327 1 6838.27978516 0. 3.21386013029e-22 0.
1466171380 1 6836.52050781 0. 3.21679674622e-22 0.
1466171433 1 6829.09619141 0. 3.21735876971e-22 0.
1466171493 1 6820.59667969 0. 3.21875118431e-22 0.
1466171553 1 6812.54345703 0. 3.22011060625e-22 0.
1466171614 1 6799.25634766 0. 3.21870729308e-22 0.
1466171674 1 6788.61523438 0. 3.21843113982e-22 0.
1466171734 1 6787.83154297 0. 3.22280232836e-22 0.
1466171794 1 6783.84130859 0. 0.0 0.
1466171829 1 6781.51318359 0. 3.22658543645e-22 0.
1466171864 1 6779.17626953 0. 3.22796984974e-22 0.
1466171925 1 6762.23583984 0. 3.22469311804e-22 0.
1466171985 1 6749.07421875 0. 3.22290001216e-22 0.
1466172045 1 6744.34033203 0. 3.22569504423e-22 0.
1466172105 1 6734.57763672 0. 3.22693349053e-22 0.
1466172165 1 6730.01367188 0. 3.23077518776e-22 0.
1466172225 1 6724.22851562 0. 3.23353793184e-22 0.
1466172285 1 6716.125 0. 3.23451948251e-22 0.
1466172345 1 6706.07861328 0. 3.23451270461e-22 0.
1466172406 1 6699.95703125 0. 3.23624954879e-22 0.
1466172466 1 6693.63818359 0. 3.23849008568e-22 0.
1466172526 1 6690.08447266 0. 3.24138944741e-22 0.
1466172586 1 6688.57177734 0. 3.24524651311e-22 0.
1466172646 1 6670.17773438 0. 0.0 0.
1466172681 1 6659.44580078 0. 3.237264408e-22 0.
1466172691 1 6656.38183594 0. 3.23667810113e-22 0.
1466172726 1 6668.81640625 0. 3.24544560753e-22 0.
1466172786 1 6657.10546875 0. 3.24447652302e-22 0.
1466172846 1 6660.38623047 0. 3.25061330674e-22 0.
1466172907 1 6649.54492188 0. 3.24965611872e-22 0.
1466172967 1 6645.96826172 0. 3.25214860859e-22 0.
1466173027 1 6643.56689453 0. 3.25494359958e-22 0.
1466173087 1 6628.03710938 0. 3.25141858623e-22 0.
1466173147 1 6624.14746094 0. 3.25383569979e-22 0.
1466173207 1 6618.88671875 0. 3.25535004825e-22 0.
1466173268 1 6610.27587891 0. 3.25500071443e-22 0.
1466173328 1 6603.17529297 0. 3.25533815723e-22 0.
1466173388 1 6600.26123047 0. 3.25776635954e-22 0.
1466173448 1 6588.109375 0. 3.25553730385e-22 0.
1466173508 1 6591.50390625 0. 3.26096385831e-22 0.
1466173568 1 6578.89990234 0. 3.25864974754e-22 0.
1466173628 1 6572.87060547 0. 3.25934699569e-22 0.
1466173688 1 6565.25732422 0. 3.2591749942e-22 0.
1466173749 1 6567.10449219 0. 3.26373153614e-22 0.
1466173809 1 6558.33007812 0. 0.0 0.
1466173844 1 6553.21191406 0. 3.26247686251e-22 0.
1466173879 1 6548.09667969 0. 3.26221925942e-22 0.
1466173939 1 6539.18554688 0. 3.26160643378e-22 0.
1466173999 1 6534.60302734 0. 3.26288919325e-22 0.
1466174059 1 6531.65087891 0. 3.26478629789e-22 0.
1466174119 1 6528.296875 0. 3.26647407949e-22 0.
1466174179 1 6524.60986328 0. 3.26795762299e-22 0.
1466174240 1 6524.6953125 0. 3.27121622724e-22 0.
1466174300 1 6515.76220703 0. 3.26996943673e-22 0.
1466174360 1 6509.76318359 0. 3.27028258039e-22 0.
1466174420 1 6504.32958984 0. 3.27081202546e-22 0.
1466174480 1 6501.92626953 0. 3.27281010536e-22 0.
1466174540 1 6495.33203125 0. 3.27274891505e-22 0.
1466174600 1 6491.12207031 0. 3.27376580634e-22 0.
1466174660 1 6489.02929688 0. 3.27593160922e-22 0.
1466174721 1 6483.25488281 0. 3.27630893906e-22 0.
1466174781 1 6476.81494141 0. 3.27642981321e-22 0.
1466174841 1 6469.20849609 0. 3.27588647037e-22 0.
1466174901 1 6468.42431641 0. 0.0 0.
1466174936 1 6467.96679688 0. 3.28012242819e-22 0.
1466174971 1 6467.50683594 0. 3.28170749928e-22 0.
1466175032 1 6457.72021484 0. 3.28024635414e-22 0.
1466175092 1 6448.92578125 0. 3.27884186e-22 0.
1466175152 1 6448.11230469 0. 3.28175005475e-22 0.
1466175212 1 6446.01464844 0. 3.2839392161e-22 0.
1466175272 1 6439.63330078 0. 3.2837197138e-22 0.
1466175332 1 6433.23291016 0. 3.28354488162e-22 0.
1466175392 1 6423.19873047 0. 3.28153242788e-22 0.
1466175453 1 6419.92285156 0. 3.2828801352e-22 0.
1466175513 1 6415.42626953 0. 3.28376158079e-22 0.
1466175573 1 6409.57128906 0. 3.28401313051e-22 0.
1466175633 1 6400.99462891 0. 3.28263716084e-22 0.
1466175689 1 6394.39697266 0. 3.28204533012e-22 0.
1466175723 1 6393.42871094 0. 3.28341432491e-22 0.
1466175760 1 6387.24023438 0. 3.28200944625e-22 0.
1466175820 1 6387.3515625 0. 3.28498702102e-22 0.
1466175855 1 6387.41699219 0. 3.28650904198e-22 0.
1466175891 1 6387.48242188 0. 3.28839787302e-22 0.
1466175951 1 6385.79443359 0. 3.29085235086e-22 0.
1466176011 1 6381.15771484 0. 3.29131526762e-22 0.
1466176071 1 6375.21289062 0. 3.29128849335e-22 0.
1466176131 1 6371.15136719 0. 3.29220252298e-22 0.
1466176191 1 6367.56640625 0. 3.29350063053e-22 0.
1466176251 1 6359.52978516 0. 3.2922720228e-22 0.
1466176311 1 6356.2265625 0. 3.29340264357e-22 0.
1466176372 1 6349.17871094 0. 3.29273762132e-22 0.
1466176432 1 6348.57763672 0. 3.29531185134e-22 0.
1466176492 1 6344.26855469 0. 3.29613200392e-22 0.
1466176552 1 6334.19287109 0. 3.29380145583e-22 0.
1466176612 1 6325.93017578 0. 3.29232853218e-22 0.
1466176672 1 6321.38037109 0. 3.29280351461e-22 0.
1466176732 1 6322.06494141 0. 3.29609910067e-22 0.
1466176792 1 6317.93408203 0. 3.29691366856e-22 0.
1466176853 1 6318.88330078 0. 3.30044556227e-22 0.
1466176913 1 6316.34912109 0. 3.30177284259e-22 0.
1466176973 1 6314.66357422 0. 3.30380374297e-22 0.
1466177033 1 6308.83984375 0. 3.30382521734e-22 0.
1466177093 1 6295.671875 0. 3.30004082539e-22 0.
1466177153 1 6301.48388672 0. 3.30608260295e-22 0.
1466177213 1 6294.83837891 0. 3.30545573721e-22 0.
1466177273 1 6268.11279297 0. 3.29443504193e-22 0.
1466177334 1 6258.84716797 0. 3.29226235076e-22 0.
1466177394 1 6252.109375 0. 3.29144905637e-22 0.
1466177454 1 6244.25341797 0. 3.2902815326e-22 0.
1466177514 1 6233.05273438 0. 3.28730028835e-22 0.
1466177574 1 6224.45166016 0. 3.28558271453e-22 0.
1466177634 1 6214.50732422 0. 3.2831173942e-22 0.
1466177694 1 6210.21337891 0. 3.28359227169e-22 0.
1466177754 1 6208.1953125 0. 3.28531801904e-22 0.
1466177815 1 6202.11083984 0. 3.28493862083e-22 0.
1466177875 1 6203.94970703 0. 3.28860811638e-22 0.
1466177935 1 6192.64208984 0. 3.28535762188e-22 0.
1466177995 1 6190.48095703 0. 3.28687502116e-22 0.
1466178055 1 6192.28271484 0. 3.29051044427e-22 0.
1466178115 1 6184.40185547 0. 3.28910833869e-22 0.
1466178175 1 6174.14208984 0. 3.28640173217e-22 0.
1466178236 1 6169.43505859 0. 3.28664215984e-22 0.
1466178296 1 6152.67236328 0. 3.28056571757e-22 0.
1466178356 1 6145.23779297 0. 3.27949485788e-22 0.
1466178416 1 6133.78564453 0. 3.27623668572e-22 0.
1466178476 1 6136.10546875 0. 3.28013883987e-22 0.
1466178536 1 6128.52099609 0. 3.27890418788e-22 0.
1466178596 1 6130.73339844 0. 3.28268010013e-22 0.
1466178656 1 6120.41113281 0. 3.27994225338e-22 0.
1466178716 1 6129.24511719 0. 3.28735922214e-22 0.
1466178777 1 6121.95263672 0. 3.28615335057e-22 0.
1466178837 1 6109.47021484 0. 3.2821463364e-22 0.
1466178897 1 6104.29394531 0. 3.28208951878e-22 0.
1466178954 1 6101.79833984 0. 3.28329613525e-22 0.
1466178985 1 6100.40478516 0. 3.28366436476e-22 0.
1466179020 1 6098.85449219 0. 3.28450193521e-22 0.
1466179080 1 6092.90478516 0. 3.28412870259e-22 0.
1466179140 1 6087.70263672 0. 3.28397843724e-22 0.
1466179201 1 6079.11328125 0. 3.28206027844e-22 0.
1466179261 1 6079.72216797 0. 3.28496956598e-22 0.
1466179321 1 6068.37011719 0. 3.28163301261e-22 0.
1466179381 1 6055.57666016 0. 3.27729104156e-22 0.
1466179441 1 6062.29345703 0. 3.28358033204e-22 0.
1466179500 1 6055.03955078 0. 3.28222046885e-22 0.
1466179559 1 6054.73730469 0. 3.28466322875e-22 0.
1466179619 1 6046.56494141 0. 3.28283948136e-22 0.
1466179679 1 6040.62890625 0. 3.28228759166e-22 0.
1466179739 1 6028.67724609 0. 3.27843688352e-22 0.
1466179799 1 6012.93261719 0. 3.27251743044e-22 0.
1466179860 1 6004.74511719 0. 3.2708320002e-22 0.
1466179920 1 6005.42529297 0. 3.27394349441e-22 0.
1466179980 1 6003.19238281 0. 3.27534825477e-22 0.
1466180040 1 5999.3125 0. 0.0 0.
1466180100 1 6010.09814453 0. 3.28455151736e-22 0.
1466180160 1 6002.71777344 0. 3.28317866598e-22 0.
1466180220 1 5996.4453125 0. 3.28238989052e-22 0.
1466180280 1 5990.07958984 0. 3.28153511675e-22 0.
1466180340 1 5992.06542969 0. 3.28524044501e-22 0.
1466180401 1 5980.99316406 0. 3.28189199962e-22 0.
1466180461 1 5977.82128906 0. 3.28273880649e-22 0.
1466180521 1 5976.95898438 0. 3.28483236029e-22 0.
1466180581 1 5966.99951172 0. 3.28203015004e-22 0.
1466180641 1 5873.45361328 0. 3.23305881415e-22 0.
1466180701 1 5805.85400391 0. 3.19810144046e-22 0.
1466180761 1 5952.10107422 0. 0.0 0.
1466180796 1 6037.4140625 0. 3.32975327163e-22 0.
1466180831 1 6122.74658203 0. 3.37853752894e-22 0.
1466180892 1 6117.75927734 0. 3.37863377753e-22 0.
1466180952 1 6113.73486328 0. 3.37909833879e-22 0.
1466181012 1 6110.35546875 0. 3.38001217764e-22 0.
1466181072 1 6107.49755859 0. 3.38119731053e-22 0.
1466181132 1 6103.37792969 0. 3.38156920689e-22 0.
1466181192 1 6099.81738281 0. 3.38234982458e-22 0.
1466181252 1 6094.43505859 0. 3.38215891297e-22 0.
1466181313 1 6089.68701172 0. 3.38221131033e-22 0.
1466181373 1 6088.06835938 0. 3.3840083699e-22 0.
1466181433 1 6083.78613281 0. 3.38429510061e-22 0.
1466181493 1 6077.52832031 0. 3.38359577798e-22 0.
1466181553 1 6074.08251953 0. 3.38457620629e-22 0.
1466181613 1 6069.31347656 0. 3.38442985333e-22 0.
1466181673 1 6068.99755859 0. 3.38696635403e-22 0.
1466181733 1 6065.0625 0. 3.38741637723e-22 0.
1466181794 1 6061.63574219 0. 3.38812585858e-22 0.
1466181854 1 6058.49462891 0. 3.38888286807e-22 0.
1466181914 1 6053.76611328 0. 3.38897180793e-22 0.
1466181966 1 6049.68798828 0. 3.38900537281e-22 0.
1466181996 1 6047.52246094 0. 0.0 0.
1466182008 1 6046.62646484 0. 3.38886146632e-22 0.
1466182043 1 6044.04589844 0. 3.3890460065e-22 0.
1466182103 1 6039.17675781 0. 3.38917530896e-22 0.
1466182163 1 6034.22119141 0. 3.38915119677e-22 0.
1466182223 1 6031.05273438 0. 3.39015047372e-22 0.
1466182284 1 6030.71777344 0. 3.39263955615e-22 0.
1466182344 1 6028.03417969 0. 3.39377277793e-22 0.
1466182404 1 6021.55908203 0. 3.39286517813e-22 0.
1466182464 1 6016.65722656 0. 3.39273632294e-22 0.
1466182524 1 6014.09277344 0. 3.39379834276e-22 0.
1466182584 1 6008.64013672 0. 3.39340524771e-22 0.
1466182644 1 6004.41992188 0. 3.39361245305e-22 0.
1466182705 1 5997.75048828 0. 3.3925658832e-22 0.
1466182765 1 5994.97363281 0. 3.39359360008e-22 0.
1466182825 1 5993.38574219 0. 3.39545158668e-22 0.
1466182885 1 5990.63671875 0. 3.39639767342e-22 0.
1466182945 1 5986.12548828 0. 3.39632758549e-22 0.
1466183005 1 5982.85498047 0. 3.39717688337e-22 0.
1466183065 1 5981.04296875 0. 3.39880262295e-22 0.
1466183125 1 5979.02001953 0. 3.40000008397e-22 0.
1466183186 1 5971.72460938 0. 3.39836569342e-22 0.
1466183246 1 5968.73632812 0. 3.39925563651e-22 0.
1466183306 1 5965.07421875 0. 3.39975905678e-22 0.
1466183366 1 5962.49560547 0. 3.40085344642e-22 0.
1466183426 1 5961.00927734 0. 3.4026178392e-22 0.
1466183482 1 5956.43212891 0. 0.0 0.
1466183513 1 5953.89550781 0. 3.40181848507e-22 0.
1466183523 1 5953.06982422 0. 3.40190343509e-22 0.
1466183538 1 5951.58154297 0. 3.4019504637e-22 0.
1466183577 1 5950.890625 0. 3.4031007164e-22 0.
1466183637 1 5948.77392578 0. 3.40454479298e-22 0.
1466183697 1 5944.49707031 0. 3.40463024554e-22 0.
1466183757 1 5941.43115234 0. 3.40551252542e-22 0.
1466183818 1 5936.71728516 0. 3.40544015856e-22 0.
1466183878 1 5933.23583984 0. 3.40611373518e-22 0.
1466183938 1 5930.37060547 0. 3.40711248818e-22 0.
1466183998 1 5925.55126953 0. 3.4068760973e-22 0.
1466184058 1 5922.00439453 0. 3.40741101345e-22 0.
1466184118 1 5915.91796875 0. 3.40647685041e-22 0.
1466184178 1 5915.14892578 0. 3.40861540081e-22 0.
1466184239 1 5912.85742188 0. 3.40993799907e-22 0.
1466184299 1 5909.43701172 0. 3.41060718852e-22 0.
1466184359 1 5906.05419922 0. 3.41123276937e-22 0.
1466184419 1 5902.04736328 0. 3.41149437974e-22 0.
1466184479 1 5896.24804688 0. 3.41069398128e-22 0.
1466184539 1 5890.14013672 0. 3.40976611927e-22 0.
1466184599 1 5889.59082031 0. 3.41212480028e-22 0.
1466184659 1 5884.09228516 0. 3.41158712946e-22 0.
1466184720 1 5880.54638672 0. 3.4120628025e-22 0.
1466184780 1 5876.80615234 0. 3.41265238097e-22 0.
1466184815 1 5874.62451172 0. 3.41255609293e-22 0.
1466184825 1 5874.00097656 0. 3.41278462153e-22 0.
1466184860 1 5874.22119141 0. 3.41452181336e-22 0.
1466184920 1 5869.6953125 0. 3.41455652625e-22 0.
1466184980 1 5867.20507812 0. 3.41582021058e-22 0.
1466185040 1 5863.90478516 0. 3.4164070811e-22 0.
1466185100 1 5859.72509766 0. 3.41653374574e-22 0.
1466185160 1 5856.61767578 0. 3.41747420665e-22 0.
1466185221 1 5853.53271484 0. 3.41827250375e-22 0.
1466185267 1 5851.0 0. 3.41884825503e-22 0.
1466185295 1 5848.06738281 0. 3.41828181557e-22 0.
1466185312 1 5846.32568359 0. 3.41771888881e-22 0.
1466185347 1 5842.64355469 0. 3.4171699027e-22 0.
1466185407 1 5841.58398438 0. 3.41944891839e-22 0.
1466185467 1 5836.79931641 0. 3.41927958292e-22 0.
1466185527 1 5834.88623047 0. 3.42069269684e-22 0.
1466185587 1 5829.75927734 0. 3.4203685308e-22 0.
1466185647 1 5825.40625 0. 3.420294581e-22 0.
1466185690 1 5825.0390625 0. 3.42178319831e-22 0.
1466185732 1 5819.19921875 0. 3.42016959838e-22 0.
1466185793 1 5817.79345703 0. 3.4219272957e-22 0.
1466185853 1 5814.72851562 0. 3.42276320584e-22 0.
1466185913 1 5809.5703125 0. 3.42220638374e-22 0.
1466185973 1 5808.02490234 0. 3.42388471985e-22 0.
1466186033 1 5804.52539062 0. 3.42444976643e-22 0.
1466186093 1 5798.10791016 0. 3.42320216477e-22 0.
1466186153 1 5797.75244141 0. 3.42570152364e-22 0.
1466186190 1 5799.39990234 0. 3.42832667814e-22 0.
1466186226 1 5795.39941406 0. 3.42749621727e-22 0.
1466186286 1 5789.47363281 0. 3.42661488405e-22 0.
1466186346 1 5786.22412109 0. 3.42731982218e-22 0.
1466186407 1 5784.03613281 0. 3.42866380442e-22 0.
1466186467 1 5779.55175781 0. 3.4286856776e-22 0.
1466186527 1 5774.61376953 0. 3.42830226423e-22 0.
1466186587 1 5770.15527344 0. 3.42816529109e-22 0.
1466186647 1 5765.08691406 0. 3.42766155295e-22 0.
1466186707 1 5763.82714844 0. 3.42954139929e-22 0.
1466186767 1 5759.77392578 0. 3.42964778811e-22 0.
1466186828 1 5757.52929688 0. 3.43090863231e-22 0.
1466186888 1 5752.64404297 0. 3.43055247773e-22 0.
1466186948 1 5749.34179688 0. 3.43106483127e-22 0.
1466187008 1 5746.3671875 0. 3.43180631094e-22 0.
1466187068 1 5743.92626953 0. 3.43291049352e-22 0.
1466187128 1 5741.06347656 0. 3.43376154434e-22 0.
1466187188 1 5738.39941406 0. 3.43474738584e-22 0.
1466187248 1 5734.50146484 0. 3.43500703772e-22 0.
1466187309 1 5726.64550781 0. 3.4327341652e-22 0.
1466187369 1 5725.49511719 0. 3.43460991912e-22 0.
1466187429 1 5722.00585938 0. 3.43494524592e-22 0.
1466187489 1 5718.46142578 0. 3.43553834138e-22 0.
1466187549 1 5717.65625 0. 3.43759992639e-22 0.
1466187609 1 5712.46582031 0. 3.43697115891e-22 0.
1466187669 1 5712.64941406 0. 3.43965297406e-22 0.
1466187729 1 5705.72802734 0. 3.43812019204e-22 0.
1466187790 1 5698.56933594 0. 3.43657992992e-22 0.
1466187850 1 5698.72558594 0. 3.43919832242e-22 0.
1466187910 1 5693.57568359 0. 3.49942285392e-22 0.
1466187970 1 5689.65820312 0. 3.43883030952e-22 0.
1466188030 1 5686.94189453 0. 3.43957640951e-22 0.
1466188090 1 5683.53808594 0. 3.44009504379e-22 0.
1466188150 1 5678.41162109 0. 3.43950479399e-22 0.
1466188210 1 5674.54541016 0. 3.43958125135e-22 0.
1466188271 1 5666.63330078 0. 3.43733799554e-22 0.
1466188331 1 5663.31982422 0. 3.43783806886e-22 0.
1466188391 1 5662.20458984 0. 3.43969566613e-22 0.
1466188451 1 5661.7734375 0. 3.44191165595e-22 0.
1466188511 1 5657.73388672 0. 3.44190427387e-22 0.
1466188571 1 5654.78564453 0. 3.44266858599e-22 0.
1466188608 1 5652.94628906 0. 3.44311042374e-22 0.
1466188646 1 5651.15283203 0. 3.4435632622e-22 0.
1466188706 1 5645.47363281 0. 3.44257885052e-22 0.
1466188766 1 5641.37451172 0. 3.44251432513e-22 0.
1466188826 1 5639.04736328 0. 3.44366173351e-22 0.
1466188886 1 5637.01660156 0. 3.44483832167e-22 0.
1466188947 1 5632.37597656 0. 3.44446614633e-22 0.
1466189007 1 5628.24414062 0. 3.44453287817e-22 0.
1466189067 1 5624.82421875 0. 3.44472437543e-22 0.
1466189107 1 5620.55615234 0. 3.4439727181e-22 0.
1466189124 1 5619.51953125 0. 3.4440850138e-22 0.
1466189136 1 5618.78076172 0. 3.44374942008e-22 0.
1466189171 1 5616.64404297 0. 3.44391293054e-22 0.
1466189231 1 5613.32226562 0. 3.44452633923e-22 0.
1466189270 1 5610.03710938 0. 3.44424013131e-22 0.
1466189283 1 5608.90234375 0. 3.44370777025e-22 0.
1466189318 1 5605.86914062 0. 3.44338213481e-22 0.
1466189378 1 5603.51757812 0. 3.44461455035e-22 0.
1466189438 1 5597.07666016 0. 3.44341097532e-22 0.
1466189484 1 5600.78955078 0. 3.44760908461e-22 0.
1466189530 1 5593.92724609 0. 3.44530841525e-22 0.
1466189590 1 5590.40087891 0. 3.44573655328e-22 0.
1466189651 1 5587.41601562 0. 3.44665492496e-22 0.
1466189711 1 5583.08398438 0. 3.44633471864e-22 0.
1466189766 1 5579.75244141 0. 0.0 0.
1466189796 1 5577.93261719 0. 3.44645539801e-22 0.
1466189831 1 5575.80664062 0. 3.446919758e-22 0.
1466189891 1 5570.11962891 0. 3.44610033638e-22 0.
1466189951 1 5566.24414062 0. 3.44609353508e-22 0.
1466190011 1 5561.32275391 0. 3.44565556343e-22 0.
1466190061 1 5555.69775391 0. 3.44426655818e-22 0.
1466190110 1 5552.17773438 0. 3.44422678437e-22 0.
1466190170 1 5549.90283203 0. 3.44546714176e-22 0.
1466190230 1 5547.86767578 0. 3.45311123711e-22 0.
1466190291 1 5546.29492188 0. 3.44815513632e-22 0.
1466190351 1 5543.32373047 0. 3.44900241588e-22 0.
1466190411 1 5538.5546875 0. 3.44858149219e-22 0.
1466190471 1 5533.97363281 0. 3.44815726676e-22 0.
1466190507 1 5531.24804688 0. 3.4476506031e-22 0.
1466190542 1 5528.52587891 0. 3.44762564252e-22 0.
1466190603 1 5525.43652344 0. 3.44852429771e-22 0.
1466190663 1 5523.69287109 0. 3.44998347244e-22 0.
1466190723 1 5522.26220703 0. 3.4516082349e-22 0.
1466190783 1 5517.72802734 0. 3.45130175085e-22 0.
1466190843 1 5515.51611328 0. 3.45251544834e-22 0.
1466190903 1 5510.87353516 0. 3.45219009934e-22 0.
1466190954 1 5510.45605469 0. 3.45404909716e-22 0.
1466190982 1 5509.65722656 0. 3.45479634434e-22 0.
1466191019 1 5505.53759766 0. 3.45368967558e-22 0.
1466191080 1 5502.50927734 0. 3.45431505719e-22 0.
1466191140 1 5499.01904297 0. 3.45463810073e-22 0.
1466191200 1 5492.04345703 0. 3.45278771393e-22 0.
1466191252 1 5487.54052734 0. 3.45213084993e-22 0.
1466191282 1 5486.78662109 0. 3.45296730492e-22 0.
1466191307 1 5485.66210938 0. 3.45329066624e-22 0.
1466191329 1 5484.65478516 0. 3.45323867988e-22 0.
1466191364 1 5483.04589844 0. 3.45383681055e-22 0.
1466191424 1 5478.97070312 0. 3.45403614171e-22 0.
1466191484 1 5475.89892578 0. 3.45448854493e-22 0.
1466191544 1 5472.54492188 0. 3.45494396466e-22 0.
1466191605 1 5378.02246094 0. 3.3976653989e-22 0.
1466191665 1 5327.73535156 0. 3.36824944562e-22 0.
1466191725 1 5355.93603516 0. 3.38866920626e-22 0.
1466191785 1 5498.19433594 0. 3.48123334352e-22 0.
1466191845 1 5491.49804688 0. 3.47943130135e-22 0.
1466191905 1 5490.41552734 0. 3.4813958146e-22 0.
1466191965 1 5486.49267578 0. 3.4812641008e-22 0.
1466192026 1 5483.66796875 0. 3.48194007736e-22 0.
1466192086 1 5482.93359375 0. 3.48401724256e-22 0.
1466192146 1 5478.78955078 0. 3.4837432975e-22 0.
1466192184 1 5476.03564453 0. 3.48363468138e-22 0.
1466192198 1 5475.0703125 0. 3.48326942188e-22 0.
1466192233 1 5472.56591797 0. 3.48318965553e-22 0.
1466192293 1 5469.29443359 0. 3.48377801335e-22 0.
1466192353 1 5467.20556641 0. 3.48497823936e-22 0.
1466192413 1 5464.24414062 0. 3.48562648143e-22 0.
1466192473 1 5460.93847656 0. 3.48585122344e-22 0.
1466192534 1 5457.88183594 0. 3.48637059073e-22 0.
1466192594 1 5453.27636719 0. 3.48583466803e-22 0.
1466192654 1 5451.79833984 0. 3.48730810487e-22 0.
1466192714 1 5449.92919922 0. 3.48863155848e-22 0.
1466192774 1 5447.87988281 0. 3.48986070899e-22 0.
1466192834 1 5442.98681641 0. 3.48919481927e-22 0.
1466192894 1 5439.29833984 0. 3.48930354272e-22 0.
1466192955 1 5436.08300781 0. 3.48977526443e-22 0.
1466193015 1 5434.40722656 0. 3.49124145314e-22 0.
1466193075 1 5430.41943359 0. 3.49139356634e-22 0.
1466193135 1 5428.15332031 0. 3.49245690782e-22 0.
1466193195 1 5425.92333984 0. 3.49339583587e-22 0.
1466193255 1 5421.92382812 0. 3.49326560986e-22 0.
1466193315 1 5417.8984375 0. 3.493125428e-22 0.
1466193376 1 5415.03271484 0. 3.49381931299e-22 0.
1466193436 1 5412.62988281 0. 3.49470787658e-22 0.
1466193496 1 5408.13818359 0. 3.49424595864e-22 0.
1466193556 1 5404.60986328 0. 3.49444465634e-22 0.
1466193616 1 5400.42333984 0. 3.49428319211e-22 0.
1466193676 1 5398.09570312 0. 3.49529523575e-22 0.
1466193736 1 5395.19775391 0. 3.49589532301e-22 0.
1466193796 1 5391.88867188 0. 3.49627905279e-22 0.
1466193857 1 5388.81054688 0. 3.49666784083e-22 0.
1466193917 1 5382.80615234 0. 3.49521637713e-22 0.
1466193977 1 5378.14648438 0. 3.49495466098e-22 0.
1466194037 1 5374.65917969 0. 3.49524285758e-22 0.
1466194097 1 5370.05371094 0. 3.49492818571e-22 0.
1466194157 1 5366.50537109 0. 3.49516789707e-22 0.
1466194217 1 5364.05615234 0. 3.49605557918e-22 0.
1466194278 1 5361.23681641 0. 3.49692709492e-22 0.
1466194338 1 5359.09814453 0. 3.49808279019e-22 0.
1466194398 1 5355.54541016 0. 3.49825232364e-22 0.
1466194458 1 5352.17431641 0. 3.49857738139e-22 0.
1466194518 1 5349.00292969 0. 3.49900731861e-22 0.
1466194578 1 5343.68261719 0. 3.49808604372e-22 0.
1466194638 1 5342.21484375 0. 3.49958331072e-22 0.
1466194698 1 5338.16845703 0. 3.49942954834e-22 0.
1466194759 1 5332.54589844 0. 3.49837732783e-22 0.
1466194819 1 5329.25439453 0. 3.49877921128e-22 0.
1466194879 1 5324.171875 0. 3.49810144554e-22 0.
1466194939 1 5319.67333984 0. 3.49767258329e-22 0.
1466194999 1 5316.90234375 0. 3.49845127997e-22 0.
1466195059 1 5311.98144531 0. 3.49766606774e-22 0.
1466195119 1 5308.74951172 0. 3.49810728433e-22 0.
1466195180 1 5306.67382812 0. 3.49922049473e-22 0.
1466195240 1 5298.54296875 0. 3.4964384014e-22 0.
1466195300 1 5298.68798828 0. 3.49904006899e-22 0.
1466195360 1 5292.84521484 0. 3.49754268662e-22 0.
1466195420 1 5288.14599609 0. 3.49700240742e-22 0.
1466195480 1 5285.56054688 0. 3.49771792598e-22 0.
1466195540 1 5281.80761719 0. 3.49780282177e-22 0.
1466195600 1 5279.20703125 0. 3.49856555242e-22 0.
1466195661 1 5278.21777344 0. 3.50039533743e-22 0.
1466195721 1 5274.77001953 0. 3.50048619125e-22 0.
1466195781 1 5271.47021484 0. 3.50062089103e-22 0.
1466195841 1 5269.14599609 0. 3.50163619172e-22 0.
1466195901 1 5265.78759766 0. 3.50186288971e-22 0.
1466195961 1 5262.92578125 0. 3.50230908691e-22 0.
1466196021 1 5262.18554688 0. 3.50432583348e-22 0.
1466196081 1 5260.39648438 0. 3.50555830979e-22 0.
1466196142 1 5257.09375 0. 3.50588685291e-22 0.
1466196202 1 5255.13232422 0. 3.51191334459e-22 0.
1466196262 1 5254.97607422 0. 3.50947466961e-22 0.
1466196322 1 5252.18212891 0. 3.51019307215e-22 0.
1466196382 1 5248.83251953 0. 3.51034347388e-22 0.
1466196442 1 5246.88476562 0. 3.51136668803e-22 0.
1466196502 1 5245.08349609 0. 3.51254977078e-22 0.
1466196562 1 5242.18798828 0. 3.5130097096e-22 0.
1466196623 1 5240.00439453 0. 3.51404826656e-22 0.
1466196683 1 5239.81738281 0. 3.51632390043e-22 0.
1466196743 1 5235.57421875 0. 3.51591923946e-22 0.
1466196803 1 5230.32763672 0. 3.51473754704e-22 0.
1466196863 1 5229.27539062 0. 3.51651490306e-22 0.
1466196923 1 5224.04785156 0. 3.51545481865e-22 0.
1466196984 1 5223.85595703 0. 3.51779262322e-22 0.
1466197044 1 5221.67626953 0. 3.51871285536e-22 0.
1466197104 1 5218.42773438 0. 3.51895960925e-22 0.
1466197164 1 5213.42480469 0. 3.51819016654e-22 0.
1466197224 1 5213.00292969 0. 3.52042553839e-22 0.
1466197284 1 5208.52685547 0. 3.51988541908e-22 0.
1466197341 1 5208.82666016 0. 3.52233714815e-22 0.
1466197398 1 5203.91796875 0. 3.52117701552e-22 0.
1466197458 1 5202.18310547 0. 3.52247791938e-22 0.
1466197518 1 5199.46777344 0. 3.52306425435e-22 0.
1466197578 1 5195.11816406 0. 3.52263911183e-22 0.
1466197638 1 5193.60400391 0. 3.52400024792e-22 0.
1466197698 1 5188.66113281 0. 3.5231452204e-22 0.
1466197759 1 5183.94042969 0. 3.52228826398e-22 0.
1466197819 1 5181.96728516 0. 3.52336449097e-22 0.
1466197879 1 5178.76367188 0. 3.52367125603e-22 0.
1466197930 1 5175.88525391 0. 3.52383884307e-22 0.
1466197982 1 5174.63427734 0. 3.52505529713e-22 0.
1466198042 1 5171.42236328 0. 3.52526576717e-22 0.
1466198102 1 5168.60058594 0. 3.52576949824e-22 0.
1466198163 1 5166.40771484 0. 3.52670133218e-22 0.
1466198223 1 5160.64111328 0. 3.52517461477e-22 0.
1466198283 1 5155.30419922 0. 3.5240742766e-22 0.
1466198343 1 5153.01416016 0. 3.52497485425e-22 0.
1466198403 1 5151.46875 0. 3.52632177346e-22 0.
1466198463 1 5147.22460938 0. 3.52577887102e-22 0.
1466198523 1 5144.04150391 0. 3.52610224941e-22 0.
1466198583 1 5057.02929688 0. 3.47428441135e-22 0.
1466198643 1 4963.08837891 0. 3.40650471903e-22 0.
1466198703 1 5125.60644531 0. 3.52078539541e-22 0.
1466198764 1 5152.88378906 0. 3.54185341718e-22 0.
1466198824 1 5149.84619141 0. 3.54209402555e-22 0.
1466198884 1 5147.56201172 0. 3.54307555681e-22 0.
1466198944 1 5143.13720703 0. 3.54258277069e-22 0.
1466199004 1 5141.36425781 0. 3.54377012781e-22 0.
1466199064 1 5138.08740234 0. 3.54404764877e-22 0.
1466199101 1 5136.12109375 0. 3.54435677668e-22 0.
1466199139 1 5135.02392578 0. 3.54499136435e-22 0.
1466199199 1 5131.6640625 0. 3.54508403435e-22 0.
1466199259 1 5128.65185547 0. 3.54549869727e-22 0.
1466199312 1 5126.76708984 0. 3.54647665992e-22 0.
1466199365 1 5124.52197266 0. 3.5470519143e-22 0.
1466199426 1 5120.92333984 0. 3.54695096553e-22 0.
1466199486 1 5118.30957031 0. 3.54772043946e-22 0.
1466199546 1 5116.22998047 0. 3.54860614963e-22 0.
1466199606 1 5113.85986328 0. 3.54954657626e-22 0.
1466199666 1 5110.03222656 0. 3.54930069387e-22 0.
1466199726 1 5108.33056641 0. 3.55057907475e-22 0.
1466199787 1 5105.35498047 0. 3.55084866424e-22 0.
1466199847 1 5102.47314453 0. 3.55130711018e-22 0.
1466199907 1 5098.69921875 0. 3.55121064017e-22 0.
1466199967 1 5097.32421875 0. 3.55264641838e-22 0.
1466200027 1 5094.40234375 0. 3.55305292506e-22 0.
1466200087 1 5091.91894531 0. 3.55369037452e-22 0.
1466200147 1 5087.51416016 0. 3.55316978716e-22 0.
1466200207 1 5085.05566406 0. 3.55373191949e-22 0.
1466200267 1 5084.38623047 0. 3.55567035919e-22 0.
1466200328 1 5081.29443359 0. 3.55590868746e-22 0.
1466200388 1 5078.92529297 0. 3.55644794295e-22 0.
1466200448 1 5076.64453125 0. 3.55720011465e-22 0.
1466200508 1 5073.23730469 0. 3.55739263835e-22 0.
1466200568 1 5069.35498047 0. 3.5571415502e-22 0.
1466200628 1 5066.64013672 0. 3.55765969138e-22 0.
1466200688 1 5064.53564453 0. 3.55862386252e-22 0.
1466200748 1 5061.50195312 0. 3.55897785923e-22 0.
1466200809 1 5059.10400391 0. 3.55968440718e-22 0.
1466200869 1 5057.33837891 0. 3.5608268806e-22 0.
1466200929 1 5052.66015625 0. 3.55997244011e-22 0.
1466200989 1 5049.55615234 0. 3.5602275479e-22 0.
1466201049 1 5047.27539062 0. 3.56098984807e-22 0.
1466201109 1 5043.00244141 0. 3.56024476819e-22 0.
1466201169 1 5040.72949219 0. 3.56104229369e-22 0.
1466201229 1 5039.42382812 0. 3.56237212474e-22 0.
1466201289 1 5036.36425781 0. 3.56258842797e-22 0.
1466201349 1 5033.36035156 0. 3.56281860811e-22 0.
1466201409 1 5031.23583984 0. 3.56370844229e-22 0.
1466201469 1 5028.66894531 0. 3.56430071994e-22 0.
1466201529 1 5025.71826172 0. 3.56464458382e-22 0.
1466201589 1 5024.92041016 0. 3.64478771279e-22 0.
1466201649 1 5021.05615234 0. 3.56622581371e-22 0.
1466201709 1 5017.91259766 0. 3.56638416104e-22 0.
1466201770 1 5014.72412109 0. 3.56661667944e-22 0.
1466201830 1 5010.32470703 0. 3.5659380414e-22 0.
1466201890 1 5010.72998047 0. 3.56871738317e-22 0.
1466201950 1 5006.41748047 0. 3.56804069993e-22 0.
1466202010 1 5003.97851562 0. 3.56861202208e-22 0.
1466202070 1 5001.56982422 0. 3.56936793011e-22 0.
1466202130 1 4998.1640625 0. 3.56934448497e-22 0.
1466202191 1 4995.17675781 0. 3.56958171346e-22 0.
1466202251 1 4992.54882812 0. 3.57013857375e-22 0.
1466202311 1 4990.38476562 0. 3.57093965157e-22 0.
1466202371 1 4988.41552734 0. 3.57199925834e-22 0.
1466202431 1 4984.19775391 0. 3.57134421563e-22 0.
1466202491 1 4981.52587891 0. 3.57178900308e-22 0.
1466202551 1 4977.45703125 0. 3.57130741733e-22 0.
1466202611 1 4975.26025391 0. 3.57212803298e-22 0.
1466202672 1 4974.84375 0. 3.57427483182e-22 0.
1466202732 1 4971.48974609 0. 3.57433636663e-22 0.
1466202792 1 4969.25830078 0. 3.57503285505e-22 0.
1466202852 1 4966.60058594 0. 3.57550257348e-22 0.
1466202912 1 4964.48974609 0. 3.57636871442e-22 0.
1466202972 1 4960.78662109 0. 3.57622258812e-22 0.
1466203032 1 4959.11621094 0. 3.5775404301e-22 0.
1466203092 1 4957.234375 0. 3.57859857413e-22 0.
1466203153 1 4952.58691406 0. 3.57775799393e-22 0.
1466203213 1 4950.15869141 0. 3.57851621525e-22 0.
1466203253 1 4948.08447266 0. 3.57856950979e-22 0.
1466203293 1 4944.80908203 0. 3.57787835824e-22 0.
1466203353 1 4942.25732422 0. 3.57853269333e-22 0.
1466203414 1 4942.61816406 0. 3.5813001431e-22 0.
1466203474 1 4939.20458984 0. 3.58139076763e-22 0.
1466203535 1 4935.38574219 0. 3.58104250412e-22 0.
1466203595 1 4932.27148438 0. 3.58124582341e-22 0.
1466203656 1 4930.34863281 0. 3.58233117287e-22 0.
1466203717 1 4927.94238281 0. 3.58310481847e-22 0.
1466203777 1 4925.24267578 0. 3.58367186539e-22 0.
1466203838 1 4922.16943359 0. 3.58380713308e-22 0.
1466203898 1 4919.42871094 0. 3.58407461708e-22 0.
1466203959 1 4917.05566406 0. 3.58473391978e-22 0.
1466204019 1 4913.14257812 0. 3.5842071211e-22 0.
1466204080 1 4911.96630859 0. 3.58579238915e-22 0.
1466204140 1 4822.39550781 0. 3.52267303042e-22 0.
1466204201 1 4732.34082031 0. 3.45901662437e-22 0.
1466204261 1 4891.09082031 0. 3.57771425034e-22 0.
1466204322 1 4901.36474609 0. 3.58759014012e-22 0.
1466204371 1 4898.20849609 0. 3.58716491825e-22 0.
1466204420 1 4897.20947266 0. 3.58830270839e-22 0.
1466204459 1 4896.73925781 0. 3.58971013207e-22 0.
1466204474 1 4895.12207031 0. 3.58915468267e-22 0.
1466204512 1 4894.92773438 0. 3.5904147767e-22 0.
1466204572 1 4891.734375 0. 3.5962928523e-22 0.
1466204632 1 4889.52001953 0. 3.59113289159e-22 0.
1466204692 1 4885.80761719 0. 3.59076257691e-22 0.
1466204752 1 4883.92041016 0. 3.59162424381e-22 0.
1466204812 1 4880.97607422 0. 3.59174089092e-22 0.
1466204873 1 4877.96044922 0. 3.59195155749e-22 0.
1466204927 1 4874.43457031 0. 3.59148968353e-22 0.
1466204981 1 4870.26513672 0. 3.59053528189e-22 0.
1466205041 1 4865.50634766 0. 3.58935604238e-22 0.
1466205101 1 4864.59570312 0. 3.59096317596e-22 0.
1466205162 1 4861.89355469 0. 3.59130588875e-22 0.
1466205222 1 4857.48486328 0. 3.59052505427e-22 0.
1466205282 1 4852.58300781 0. 3.58922211258e-22 0.
1466205342 1 4849.62890625 0. 3.58943603281e-22 0.
1466205380 1 4851.38378906 0. 3.59233973426e-22 0.
1466205418 1 4849.33935547 0. 3.59234991832e-22 0.
1466205478 1 4848.65722656 0. 3.59419725622e-22 0.
1466205539 1 4845.12939453 0. 3.59388004867e-22 0.
1466205599 1 4842.02197266 0. 3.59393063214e-22 0.
1466205659 1 4836.53125 0. 3.5921203453e-22 0.
1466205719 1 4835.29882812 0. 3.59357755722e-22 0.
1466205767 1 4833.57861328 0. 0.0 0.
1466205790 1 4832.74853516 0. 3.59435374245e-22 0.
1466205801 1 4832.38671875 0. 3.59445439522e-22 0.
1466205811 1 4831.95019531 0. 3.59480439099e-22 0.
1466205846 1 4831.40234375 0. 3.59564056082e-22 0.
1466205906 1 4828.25585938 0. 3.59566033942e-22 0.
1466205966 1 4825.86279297 0. 3.59614551419e-22 0.
1466206026 1 4823.37304688 0. 3.59657665507e-22 0.
1466206086 1 4818.12695312 0. 3.59510255017e-22 0.
1466206146 1 4818.53662109 0. 3.59763049144e-22 0.
1466206206 1 4815.04345703 0. 3.59736785216e-22 0.
1466206267 1 4809.00878906 0. 3.59525351015e-22 0.
1466206327 1 4809.36621094 0. 3.59789499203e-22 0.
1466206387 1 4806.3046875 0. 3.59798324179e-22 0.
1466206447 1 4804.00976562 0. 3.59859469648e-22 0.
1466206507 1 4801.36669922 0. 3.59899239232e-22 0.
1466206567 1 4798.02880859 0. 3.59878145472e-22 0.
1466206627 1 4792.21630859 0. 3.59680556337e-22 0.
1466206687 1 4788.81494141 0. 3.59656533244e-22 0.
1466206748 1 4787.98388672 0. 3.59828910046e-22 0.
1466206808 1 4786.27197266 0. 3.59931687264e-22 0.
1466206868 1 4783.89746094 0. 3.59985926752e-22 0.
1466206926 1 4782.62451172 0. 3.60113025758e-22 0.
1466206960 1 4779.66699219 0. 3.60041209553e-22 0.
1466206997 1 4779.23583984 0. 3.6013700844e-22 0.
1466207057 1 4776.04882812 0. 3.60125362643e-22 0.
1466207117 1 4774.46044922 0. 3.60241553732e-22 0.
1466207177 1 4771.36865234 0. 3.60245877048e-22 0.
1466207237 1 4768.48779297 0. 3.60277748848e-22 0.
1466207298 1 4764.65966797 0. 3.60224495465e-22 0.
1466207358 1 4762.40917969 0. 3.60294711394e-22 0.
1466207418 1 4759.28320312 0. 3.60274267506e-22 0.
1466207478 1 4761.41162109 0. 3.606717759e-22 0.
1466207538 1 4758.00537109 0. 3.60647063883e-22 0.
1466207598 1 4754.40185547 0. 3.60608178191e-22 0.
1466207658 1 4753.57958984 0. 3.60789074436e-22 0.
1466207719 1 4748.06396484 0. 3.60615622688e-22 0.
1466207779 1 4748.57861328 0. 3.60893683441e-22 0.
1466207839 1 4743.10253906 0. 3.60703891294e-22 0.
1466207899 1 4743.89013672 0. 3.609939999e-22 0.
1466207959 1 4742.0078125 0. 3.61096795728e-22 0.
1466208019 1 4733.30859375 0. 3.60658074284e-22 0.
1466208079 1 4735.65917969 0. 3.61075015584e-22 0.
1466208140 1 4731.83496094 0. 3.61023252628e-22 0.
1466208200 1 4730.51611328 0. 3.61151522367e-22 0.
1466208255 1 4728.94433594 0. 3.61250185458e-22 0.
1466208311 1 4726.02783203 0. 3.61247459148e-22 0.
1466208371 1 4724.66357422 0. 3.6138787433e-22 0.
1466208431 1 4723.46289062 0. 3.6153874157e-22 0.
1466208492 1 4720.45263672 0. 3.61543027193e-22 0.
1466208552 1 4717.94677734 0. 3.61580251533e-22 0.
1466208612 1 4713.23339844 0. 3.61462768228e-22 0.
1466208672 1 4712.30371094 0. 3.61646452898e-22 0.
1466208732 1 4711.08007812 0. 3.6178597381e-22 0.
1466208792 1 4708.80615234 0. 3.61853511722e-22 0.
1466208852 1 4707.72314453 0. 3.62000752332e-22 0.
1466208912 1 4705.70263672 0. 3.62083635549e-22 0.
1466208973 1 4702.35693359 0. 3.62075279989e-22 0.
1466209033 1 4700.07910156 0. 3.62141594861e-22 0.
1466209093 1 4697.06347656 0. 3.62156297951e-22 0.
1466209153 1 4694.2265625 0. 3.62168453801e-22 0.
1466209213 1 4691.09375 0. 3.62164665323e-22 0.
1466209273 1 4688.28125 0. 3.62186986244e-22 0.
1466209333 1 4686.87988281 0. 3.62315325943e-22 0.
1466209393 1 4683.08007812 0. 3.62258203914e-22 0.
1466209454 1 4679.43115234 0. 3.62218602418e-22 0.
1466209514 1 4681.22607422 0. 3.62590077857e-22 0.
1466209574 1 4677.38232422 0. 3.62517494383e-22 0.
1466209634 1 4673.39697266 0. 3.6244407417e-22 0.
1466209694 1 4615.02246094 0. 3.58138633487e-22 0.
1466209754 1 4526.24121094 0. 3.51458970323e-22 0.
1466209814 1 4603.64404297 0. 3.57725309849e-22 0.
1466209874 1 4672.25732422 0. 3.63292980311e-22 0.
1466209935 1 4671.07714844 0. 3.63437175346e-22 0.
1466209995 1 4668.65527344 0. 3.63478395651e-22 0.
1466210055 1 4664.65332031 0. 3.63389695369e-22 0.
1466210115 1 4661.87255859 0. 3.63402679427e-22 0.
1466210175 1 4659.52197266 0. 3.63454534132e-22 0.
1466210235 1 4656.93164062 0. 3.63484226525e-22 0.
1466210295 1 4654.59179688 0. 3.63530684501e-22 0.
1466210355 1 4652.55859375 0. 3.63602587463e-22 0.
1466210416 1 4650.15917969 0. 3.6364398945e-22 0.
1466210476 1 4646.93115234 0. 3.63626717182e-22 0.
1466210536 1 4645.609375 0. 3.63741042011e-22 0.
1466210596 1 4644.11328125 0. 3.6386545392e-22 0.
1466210656 1 4640.44677734 0. 3.63802604769e-22 0.
1466210716 1 4637.06298828 0. 3.63771190845e-22 0.
1466210776 1 4635.50097656 0. 3.6388765638e-22 0.
1466210837 1 4633.96533203 0. 3.63993699701e-22 0.
1466210897 1 4631.63378906 0. 3.64040254724e-22 0.
1466210957 1 4628.58496094 0. 3.6402799626e-22 0.
1466211017 1 4625.87451172 0. 3.64032965101e-22 0.
1466211077 1 4622.97949219 0. 3.64039659827e-22 0.
1466211137 1 4620.25830078 0. 3.64057980325e-22 0.
1466211197 1 4617.99658203 0. 3.6410406576e-22 0.
1466211257 1 4615.32470703 0. 3.64119089197e-22 0.
1466211317 1 4612.01416016 0. 3.64094813351e-22 0.
1466211378 1 4610.74707031 0. 3.64216990163e-22 0.
1466211438 1 4607.64599609 0. 3.64204830877e-22 0.
1466211498 1 4605.39111328 0. 3.64255813666e-22 0.
1466211558 1 4602.91748047 0. 3.64291071859e-22 0.
1466211618 1 4599.43408203 0. 3.64229468321e-22 0.
1466211678 1 4597.03613281 0. 3.64278242446e-22 0.
1466211738 1 4594.48876953 0. 3.64306633934e-22 0.
1466211799 1 4593.09521484 0. 3.64416678969e-22 0.
1466211859 1 4592.70800781 0. 3.64611162287e-22 0.
1466211919 1 4591.03857422 0. 3.64709621646e-22 0.
1466211979 1 4587.05615234 0. 3.64621160867e-22 0.
1466212039 1 4585.37890625 0. 3.64730723332e-22 0.
1466212099 1 4582.80224609 0. 3.64754598896e-22 0.
1466212159 1 4579.77734375 0. 3.64742915675e-22 0.
1466212219 1 4576.31982422 0. 3.64693454779e-22 0.
1466212280 1 4574.359375 0. 3.64762867965e-22 0.
1466212340 1 4576.93652344 0. 3.65205079502e-22 0.
1466212400 1 4573.9296875 0. 3.65197704666e-22 0.
1466212460 1 4570.62451172 0. 3.65171176444e-22 0.
1466212520 1 4567.35986328 0. 3.65133927948e-22 0.
1466212580 1 4564.60449219 0. 3.65140250336e-22 0.
1466212640 1 4563.1953125 0. 3.65257389071e-22 0.
1466212701 1 4561.16552734 0. 3.65324183215e-22 0.
1466212761 1 4558.859375 0. 3.65372560943e-22 0.
1466212821 1 4555.37451172 0. 3.65314534553e-22 0.
1466212881 1 4554.23046875 0. 3.66050827933e-22 0.
1466212941 1 4550.78369141 0. 3.65416167412e-22 0.
1466213001 1 4548.36425781 0. 3.65447831175e-22 0.
1466213061 1 4546.85302734 0. 3.65565250003e-22 0.
1466213122 1 4545.43652344 0. 3.65682912035e-22 0.
1466213182 1 4542.21484375 0. 3.6566825592e-22 0.
1466213242 1 4540.29443359 0. 3.65747986691e-22 0.
1466213302 1 4537.60888672 0. 3.65760738854e-22 0.
1466213362 1 4534.20117188 0. 3.6572676696e-22 0.
1466213422 1 4532.68994141 0. 3.65843013313e-22 0.
1466213482 1 4531.73388672 0. 3.65992247308e-22 0.
1466213542 1 4528.71630859 0. 3.65982686548e-22 0.
1466213603 1 4526.38134766 0. 3.66026900658e-22 0.
1466213663 1 4522.90771484 0. 3.65977671681e-22 0.
1466213723 1 4521.32128906 0. 3.66073711681e-22 0.
1466213783 1 4520.75292969 0. 3.66254201779e-22 0.
1466213843 1 4518.44091797 0. 3.66306298526e-22 0.
1466213903 1 4515.86279297 0. 3.66315677582e-22 0.
1466213945 1 4513.72265625 0. 3.66322443705e-22 0.
1466213969 1 4512.37451172 0. 3.66300745473e-22 0.
1466213985 1 4510.90966797 0. 3.66242645752e-22 0.
1466214021 1 4510.90234375 0. 3.66378561004e-22 0.
1466214081 1 4508.38916016 0. 3.66404406475e-22 0.
1466214141 1 4507.07763672 0. 3.66528417763e-22 0.
1466214201 1 4503.21875 0. 3.66432897447e-22 0.
1466214261 1 4502.27099609 0. 3.66588039691e-22 0.
1466214321 1 4500.07666016 0. 3.66629556251e-22 0.
1466214381 1 4497.14941406 0. 3.66624735719e-22 0.
1466214442 1 4494.49121094 0. 3.66634374192e-22 0.
1466214502 1 4492.97705078 0. 3.66739087227e-22 0.
1466214562 1 4489.92236328 0. 3.66711779535e-22 0.
1466214622 1 4487.76611328 0. 3.66766568978e-22 0.
1466214682 1 4484.59423828 0. 3.66724602099e-22 0.
1466214742 1 4481.41796875 0. 3.66686740807e-22 0.
1466214802 1 4480.65917969 0. 3.66850858317e-22 0.
1466214862 1 4477.97607422 0. 3.66858160809e-22 0.
1466214922 1 4476.80175781 0. 3.66993016571e-22 0.
1466214983 1 4473.22998047 0. 3.66924758196e-22 0.
1466215043 1 4471.14794922 0. 3.66979413774e-22 0.
1466215103 1 4469.27246094 0. 3.67049379145e-22 0.
1466215163 1 4466.46533203 0. 3.67048107159e-22 0.
1466215223 1 4463.75146484 0. 3.67036935434e-22 0.
1466215283 1 4462.80175781 0. 3.67193392947e-22 0.
1466215343 1 4461.14306641 0. 3.67286823965e-22 0.
1466215403 1 4457.67431641 0. 3.67230598926e-22 0.
1466215464 1 4454.72949219 0. 3.67211225659e-22 0.
1466215524 1 4453.1640625 0. 3.67294479794e-22 0.
1466215584 1 4450.42431641 0. 3.67298030791e-22 0.
1466215644 1 4448.80029297 0. 3.673811989e-22 0.
1466215704 1 4446.50439453 0. 3.67417657485e-22 0.
1466215764 1 4444.69335938 0. 3.67495483559e-22 0.
1466215824 1 4442.21386719 0. 3.67509937032e-22 0.
1466215884 1 4440.40527344 0. 3.68247534013e-22 0.
1466215945 1 4437.94189453 0. 3.67606571616e-22 0.
1466216005 1 4435.3671875 0. 3.67617710162e-22 0.
1466216065 1 4433.47949219 0. 3.67698811921e-22 0.
1466216125 1 4429.95361328 0. 3.67627052589e-22 0.
1466216185 1 4428.49707031 0. 3.67734026376e-22 0.
1466216245 1 4425.90039062 0. 3.67751830023e-22 0.
1466216305 1 4423.37011719 0. 3.67777648816e-22 0.
1466216366 1 4421.25634766 0. 3.67823299323e-22 0.
1466216426 1 4418.63330078 0. 3.67817757977e-22 0.
1466216486 1 4415.25732422 0. 3.67755552601e-22 0.
1466216546 1 4413.91357422 0. 3.67882285742e-22 0.
1466216606 1 4411.39990234 0. 3.67884385334e-22 0.
1466216666 1 4407.02001953 0. 3.67751522123e-22 0.
1466216726 1 4406.20263672 0. 3.67901573736e-22 0.
1466216786 1 4405.23681641 0. 3.68027785025e-22 0.
1466216847 1 4410.19091797 0. 3.68613239895e-22 0.
1466216907 1 4408.41894531 0. 3.68657821574e-22 0.
1466216967 1 4403.77148438 0. 3.68454952842e-22 0.
1466217027 1 4353.63037109 0. 3.64484627019e-22 0.
1466217087 1 4306.56835938 0. 3.60745766233e-22 0.
1466217147 1 4291.75 0. 3.5973642941e-22 0.
1466217208 1 4395.73144531 0. 3.68686483105e-22 0.
1466217268 1 4393.79785156 0. 3.68750057997e-22 0.
1466217328 1 4391.01904297 0. 3.68746397472e-22 0.
1466217388 1 4389.90917969 0. 3.68875591514e-22 0.
1466217448 1 4388.1171875 0. 3.6894752236e-22 0.
1466217508 1 4385.41699219 0. 3.6895358536e-22 0.
1466217568 1 4382.79882812 0. 3.68957565069e-22 0.
1466217628 1 4379.47314453 0. 3.68904403809e-22 0.
1466217688 1 4378.09277344 0. 3.69016195972e-22 0.
1466217749 1 4376.30957031 0. 3.6908159692e-22 0.
1466217809 1 4374.83398438 0. 3.69184378457e-22 0.
1466217869 1 4372.37304688 0. 3.69204089573e-22 0.
1466217929 1 4369.45996094 0. 3.69202707084e-22 0.
1466217989 1 4368.78125 0. 3.69368769699e-22 0.
1466218049 1 4366.796875 0. 3.6941713091e-22 0.
1466218109 1 4363.86962891 0. 3.69401148043e-22 0.
1466218170 1 4360.18115234 0. 3.69322933615e-22 0.
1466218230 1 4358.703125 0. 3.69433241667e-22 0.
1466218290 1 4356.46484375 0. 3.69486240422e-22 0.
1466218350 1 4354.76806641 0. 3.69573764322e-22 0.
1466218410 1 4352.02294922 0. 3.69571344621e-22 0.
1466218470 1 4351.16650391 0. 3.69728604278e-22 0.
1466218530 1 4348.31689453 0. 3.6972007925e-22 0.
1466218591 1 4346.39941406 0. 3.69779510659e-22 0.
1466218651 1 4344.73925781 0. 3.6986410268e-22 0.
1466218711 1 4342.90527344 0. 3.69945283045e-22 0.
1466218771 1 4339.75439453 0. 3.69890020062e-22 0.
1466218831 1 4336.74707031 0. 3.69861236281e-22 0.
1466218891 1 4335.50244141 0. 3.69982730158e-22 0.
1466218951 1 4332.34033203 0. 3.69930519949e-22 0.
1466219012 1 4330.32861328 0. 3.69987113667e-22 0.
1466219072 1 4328.22900391 0. 3.70038679446e-22 0.
1466219132 1 4325.94042969 0. 3.70060657832e-22 0.
1466219192 1 4322.00683594 0. 3.69957640496e-22 0.
1466219252 1 4321.50732422 0. 3.70132468344e-22 0.
1466219312 1 4320.52685547 0. 3.70272831184e-22 0.
1466219372 1 4318.33837891 0. 3.70306392742e-22 0.
1466219432 1 4316.01074219 0. 3.70333842289e-22 0.
1466219493 1 4313.91455078 0. 3.70367857455e-22 0.
1466219553 1 4312.46386719 0. 3.70458943279e-22 0.
1466219613 1 4310.00732422 0. 3.70473214152e-22 0.
1466219673 1 4307.06054688 0. 3.70444676641e-22 0.
1466219733 1 4305.83886719 0. 3.70565815537e-22 0.
1466219793 1 4302.90771484 0. 3.70537495392e-22 0.
1466219853 1 4300.74414062 0. 0.0 0.
1466219888 1 4299.47900391 0. 3.7055439063e-22 0.
1466219901 1 4299.02685547 0. 3.70581363519e-22 0.
1466219938 1 4298.35253906 0. 3.70660682476e-22 0.
1466219999 1 4295.47412109 0. 3.70626240108e-22 0.
1466220059 1 4292.76025391 0. 3.70623426091e-22 0.
1466220119 1 4291.43896484 0. 3.70736786851e-22 0.
1466220179 1 4288.43505859 0. 3.7069126827e-22 0.
1466220239 1 4288.53320312 0. 3.70923900095e-22 0.
1466220299 1 4287.04150391 0. 3.71011697568e-22 0.
1466220359 1 4283.89013672 0. 3.70952846455e-22 0.
1466220419 1 4281.68945312 0. 3.70998029097e-22 0.
1466220480 1 4277.74462891 0. 3.70868434937e-22 0.
1466220540 1 4276.30859375 0. 3.70980762352e-22 0.
1466220600 1 4274.46142578 0. 3.71036964587e-22 0.
1466220660 1 4271.66943359 0. 3.71017670857e-22 0.
1466220720 1 4268.93164062 0. 3.70999010669e-22 0.
1466220770 1 4267.49755859 0. 3.71058384229e-22 0.
1466220821 1 4265.83349609 0. 3.71110928594e-22 0.
1466220881 1 4263.13916016 0. 3.71112594439e-22 0.
1466220942 1 4260.58251953 0. 3.71117664394e-22 0.
1466221002 1 4259.29394531 0. 3.71237272286e-22 0.
1466221062 1 4257.609375 0. 3.713180213e-22 0.
1466221122 1 4254.59130859 0. 3.71284869545e-22 0.
1466221182 1 4251.67431641 0. 3.71249978798e-22 0.
1466221242 1 4248.99023438 0. 3.71240909783e-22 0.
1466221302 1 4248.19189453 0. 3.7139122582e-22 0.
1466221362 1 4247.07373047 0. 3.7150674689e-22 0.
1466221423 1 4245.51074219 0. 3.71589539031e-22 0.
1466221483 1 4242.32177734 0. 3.71533187464e-22 0.
1466221543 1 4239.20458984 0. 3.71485294361e-22 0.
1466221603 1 4238.17041016 0. 3.71618738443e-22 0.
1466221663 1 4234.06005859 0. 3.71474842166e-22 0.
1466221723 1 4232.45068359 0. 3.71566060738e-22 0.
1466221783 1 4230.33837891 0. 3.71591555975e-22 0.
1466221844 1 4228.36572266 0. 3.71646166142e-22 0.
1466221904 1 4229.15136719 0. 3.71942273224e-22 0.
1466221964 1 4232.06103516 0. 3.72423451208e-22 0.
1466222024 1 4229.26074219 0. 3.72397904363e-22 0.
1466222084 1 4227.16992188 0. 3.72454540811e-22 0.
1466222144 1 4224.54931641 0. 3.72440868986e-22 0.
1466222204 1 4222.53076172 0. 3.72485172278e-22 0.
1466222265 1 4221.06982422 0. 3.72575859685e-22 0.
1466222325 1 4219.00097656 0. 3.7262515913e-22 0.
1466222385 1 4216.93505859 0. 3.7267740164e-22 0.
1466222445 1 4213.55810547 0. 3.7260928387e-22 0.
1466222505 1 4212.96142578 0. 3.72782315381e-22 0.
1466222565 1 4211.50097656 0. 3.72875876298e-22 0.
1466222625 1 4208.54492188 0. 3.72841988953e-22 0.
1466222686 1 4206.67480469 0. 3.72905612192e-22 0.
1466222746 1 4204.98095703 0. 3.72984817347e-22 0.
1466222806 1 4202.13525391 0. 3.72953196721e-22 0.
1466222866 1 4199.17431641 0. 3.72925655717e-22 0.
1466222926 1 4198.53466797 0. 3.73106821155e-22 0.
1466222986 1 4196.91992188 0. 3.73184389696e-22 0.
1466223046 1 4194.76367188 0. 3.73205363466e-22 0.
1466223107 1 4191.08837891 0. 3.73119994534e-22 0.
1466223167 1 4189.00537109 0. 3.73146785469e-22 0.
1466223227 1 4187.84179688 0. 3.73270709781e-22 0.
1466223287 1 4184.82080078 0. 3.73222348592e-22 0.
1466223347 1 4182.20654297 0. 3.73213254368e-22 0.
1466223407 1 4180.76953125 0. 3.73304559502e-22 0.
1466223467 1 4179.33203125 0. 3.73390787585e-22 0.
1466223528 1 4177.04003906 0. 3.73410314283e-22 0.
1466223588 1 4175.04150391 0. 3.73462812018e-22 0.
1466223648 1 4173.37451172 0. 3.73538312013e-22 0.
1466223708 1 4170.75634766 0. 3.73521552116e-22 0.
1466223768 1 4168.09814453 0. 3.73501751681e-22 0.
1466223828 1 4165.08642578 0. 3.73461242351e-22 0.
1466223888 1 4163.86523438 0. 3.73564068284e-22 0.
1466223948 1 4163.01220703 0. 3.73696184689e-22 0.
1466224008 1 4161.20068359 0. 3.73754255704e-22 0.
1466224069 1 4159.36523438 0. 3.73800747979e-22 0.
1466224129 1 4124.79931641 0. 3.70914280404e-22 0.
1466224189 1 4039.88891602 0. 3.63464271317e-22 0.
1466224249 1 4056.14599609 0. 3.65158097254e-22 0.
1466224309 1 4149.91943359 0. 3.73825064626e-22 0.
1466224369 1 4146.34716797 0. 3.73711689014e-22 0.
1466224429 1 4145.13916016 0. 3.73823227651e-22 0.
1466224489 1 4141.17236328 0. 3.73679506685e-22 0.
1466224550 1 4141.79785156 0. 3.739582449e-22 0.
1466224610 1 4139.43994141 0. 3.73963238759e-22 0.
1466224670 1 4135.97265625 0. 3.73861585322e-22 0.
1466224730 1 4133.19482422 0. 3.73827482629e-22 0.
1466224790 1 4130.43164062 0. 3.73798512458e-22 0.
1466224850 1 4130.12792969 0. 3.73998236568e-22 0.
1466224910 1 4127.68652344 0. 3.73991294021e-22 0.
1466224970 1 4125.11083984 0. 3.73980129011e-22 0.
1466225031 1 4124.75878906 0. 3.74160121571e-22 0.
1466225091 1 4121.68408203 0. 3.74101145044e-22 0.
1466225151 1 4119.82470703 0. 3.74160330184e-22 0.
1466225211 1 4119.34277344 0. 3.74334815491e-22 0.
1466225271 1 4116.23828125 0. 3.74267804042e-22 0.
1466225331 1 4114.12011719 0. 3.74291671773e-22 0.
1466225391 1 4113.84716797 0. 3.7448900256e-22 0.
1466225452 1 4110.77148438 0. 3.74423951892e-22 0.
1466225512 1 4109.39599609 0. 3.74522811571e-22 0.
1466225572 1 4106.06445312 0. 3.74435788657e-22 0.
1466225632 1 4104.39892578 0. 3.74507167468e-22 0.
1466225692 1 4101.63134766 0. 3.74466044674e-22 0.
1466225752 1 4101.43359375 0. 3.7466272944e-22 0.
1466225812 1 4099.40820312 0. 3.74699236504e-22 0.
1466225873 1 4097.9453125 0. 3.74781840124e-22 0.
1466225933 1 4094.83422852 0. 3.74719844698e-22 0.
1466225993 1 4093.70458984 0. 3.74833527256e-22 0.
1466226053 1 4091.51147461 0. 3.74861602213e-22 0.
1466226113 1 4088.70556641 0. 3.74811660321e-22 0.
1466226173 1 4087.47753906 0. 3.74924520214e-22 0.
1466226233 1 4084.26513672 0. 3.74842229913e-22 0.
1466226293 1 4081.26635742 0. 3.74778694357e-22 0.
1466226353 1 4080.4987793 0. 3.74930497953e-22 0.
1466226414 1 4077.95239258 0. 3.7491623866e-22 0.
1466226474 1 4077.01416016 0. 3.7504178355e-22 0.
1466226534 1 4075.55078125 0. 3.75140940003e-22 0.
1466226594 1 4072.30615234 0. 3.75060060896e-22 0.
1466226654 1 4068.89306641 0. 3.74966563574e-22 0.
1466226714 1 4067.67456055 0. 3.75061482401e-22 0.
1466226774 1 4066.41625977 0. 3.75170875255e-22 0.
1466226835 1 4063.24682617 0. 3.75095448411e-22 0.
1466226895 1 4062.03686523 0. 3.75216167567e-22 0.
1466226955 1 4060.49780273 0. 3.75307231567e-22 0.
1466227015 1 4057.74829102 0. 3.75267856319e-22 0.
1466227075 1 4055.40283203 0. 3.75272178688e-22 0.
1466227135 1 4053.64697266 0. 3.753306086e-22 0.
1466227195 1 4051.00146484 0. 3.75296465031e-22 0.
1466227255 1 4049.00439453 0. 3.75338602872e-22 0.
1466227316 1 4047.39428711 0. 3.75412339167e-22 0.
1466227376 1 4045.19702148 0. 3.75433823446e-22 0.
1466227436 1 4044.65576172 0. 3.75598249416e-22 0.
1466227496 1 4043.50439453 0. 3.75705484921e-22 0.
1466227556 1 4040.91162109 0. 3.75696592269e-22 0.
1466227616 1 4038.60913086 0. 3.75709300279e-22 0.
1466227676 1 4036.57519531 0. 3.75727295492e-22 0.
1466227736 1 4033.04467773 0. 3.75620096656e-22 0.
1466227796 1 4032.76977539 0. 3.75813825971e-22 0.
1466227857 1 4030.95263672 0. 3.75872734141e-22 0.
1466227917 1 4028.22924805 0. 3.75827074137e-22 0.
1466227977 1 4026.56201172 0. 3.75889077498e-22 0.
1466228037 1 4024.87768555 0. 3.75950505825e-22 0.
1466228097 1 4022.30517578 0. 3.75928050259e-22 0.
1466228157 1 4021.00048828 0. 3.76018859668e-22 0.
1466228218 1 4020.19604492 0. 3.76157380769e-22 0.
1466228278 1 4018.80517578 0. 3.76240987174e-22 0.
1466228338 1 4017.25439453 0. 3.76305972302e-22 0.
1466228398 1 4016.51196289 0. 3.76469245173e-22 0.
1466228458 1 4014.86083984 0. 3.76534968077e-22 0.
1466228518 1 4011.65673828 0. 3.76453970024e-22 0.
1466228578 1 4008.55932617 0. 3.76376093774e-22 0.
1466228639 1 4007.00415039 0. 3.76439602889e-22 0.
1466228699 1 4005.33105469 0. 3.76513492553e-22 0.
1466228759 1 4002.85302734 0. 3.76479330942e-22 0.
1466228819 1 4000.1628418 0. 3.76438932653e-22 0.
1466228879 1 3997.2800293 0. 3.76382773051e-22 0.
1466228939 1 3995.76733398 0. 3.76455478862e-22 0.
1466228999 1 3994.18432617 0. 3.76514659354e-22 0.
1466229059 1 3990.47460938 0. 3.7639541051e-22 0.
1466229119 1 3989.80615234 0. 3.76549041191e-22 0.
1466229180 1 3988.24853516 0. 3.76613475303e-22 0.
1466229240 1 3986.33300781 0. 3.76637164241e-22 0.
1466229300 1 3984.39282227 0. 3.76670138013e-22 0.
1466229360 1 3982.92822266 0. 3.76758496626e-22 0.
1466229420 1 3981.35546875 0. 3.76816538015e-22 0.
1466229480 1 3978.87866211 0. 3.76800988275e-22 0.
1466229540 1 3975.98657227 0. 3.76738817138e-22 0.
1466229601 1 3974.6887207 0. 3.76831817386e-22 0.
1466229661 1 3974.08032227 0. 3.76994659261e-22 0.
1466229721 1 3972.43676758 0. 3.7704728351e-22 0.
1466229781 1 3971.61791992 0. 3.77178233488e-22 0.
1466229841 1 3967.82495117 0. 3.77024723052e-22 0.
1466229901 1 3966.38037109 0. 3.7709700141e-22 0.
1466229961 1 3966.0546875 0. 3.7728779066e-22 0.
1466230021 1 3963.68115234 0. 3.77281859895e-22 0.
1466230082 1 3961.21948242 0. 3.77258496927e-22 0.
1466230142 1 3958.12475586 0. 3.77183494175e-22 0.
1466230202 1 3956.57373047 0. 3.77260587764e-22 0.
1466230262 1 3954.01904297 0. 3.77222727306e-22 0.
1466230322 1 3952.19921875 0. 3.77265696817e-22 0.
1466230382 1 3949.91894531 0. 3.77252257108e-22 0.
1466230442 1 3948.74511719 0. 3.77366228438e-22 0.
1466230502 1 3947.62207031 0. 3.77467390593e-22 0.
1466230563 1 3944.23999023 0. 3.77361759265e-22 0.
1466230623 1 3942.97338867 0. 3.7746670879e-22 0.
1466230683 1 3940.98925781 0. 3.77488816444e-22 0.
1466230743 1 3939.46557617 0. 3.77557954065e-22 0.
1466230803 1 3936.94433594 0. 3.77530087402e-22 0.
1466230863 1 3934.3269043 0. 3.77496138451e-22 0.
1466230923 1 3932.47680664 0. 3.77530668917e-22 0.
1466230983 1 3932.21948242 0. 3.77723239611e-22 0.
1466231043 1 3930.84863281 0. 3.77800066064e-22 0.
1466231104 1 3927.06445312 0. 3.77662840335e-22 0.
1466231164 1 3925.05932617 0. 3.77686564828e-22 0.
1466231224 1 3922.98876953 0. 3.77709774089e-22 0.
1466231284 1 3921.25805664 0. 3.77753121954e-22 0.
1466231344 1 3920.48754883 0. 3.779018652e-22 0.
1466231404 1 3916.80688477 0. 3.77760818769e-22 0.
1466231464 1 3915.43237305 0. 3.77846308793e-22 0.
1466231524 1 3913.96411133 0. 3.77919658021e-22 0.
1466231585 1 3912.66503906 0. 3.78005179277e-22 0.
1466231645 1 3911.24682617 0. 3.78082476797e-22 0.
1466231705 1 3907.15112305 0. 3.77902507539e-22 0.
1466231765 1 3904.86767578 0. 3.77901761781e-22 0.
1466231825 1 3903.44311523 0. 3.77990644851e-22 0.
1466231885 1 3901.57617188 0. 3.78013422691e-22 0.
1466231946 1 3898.55883789 0. 3.77939577364e-22 0.
1466232006 1 3898.77636719 0. 3.78181174624e-22 0.
1466232066 1 3894.66650391 0. 3.7799562161e-22 0.
1466232126 1 3896.04760742 0. 3.78341729143e-22 0.
1466232186 1 3897.09033203 0. 3.78654320757e-22 0.
1466232246 1 3895.54150391 0. 3.78730520783e-22 0.
1466232306 1 3894.37841797 0. 3.78827389478e-22 0.
1466232367 1 3892.92285156 0. 3.7890364783e-22 0.
1466232427 1 3891.23071289 0. 3.78953429021e-22 0.
1466232487 1 3890.22729492 0. 3.79078521334e-22 0.
1466232547 1 3888.04980469 0. 3.79083566772e-22 0.
1466232607 1 3885.19238281 0. 3.79659704062e-22 0.
1466232667 1 3884.13305664 0. 3.79135558511e-22 0.
1466232727 1 3882.54272461 0. 3.79205857923e-22 0.
1466232787 1 3880.76318359 0. 3.79249285947e-22 0.
1466232848 1 3878.48779297 0. 3.79261443345e-22 0.
1466232908 1 3876.36108398 0. 3.79256053339e-22 0.
1466232968 1 3874.50341797 0. 3.79295634599e-22 0.
1466233028 1 3872.09619141 0. 3.79272443108e-22 0.
1466233088 1 3869.72875977 0. 3.79259916182e-22 0.
1466233148 1 3868.67333984 0. 3.79357668407e-22 0.
1466233208 1 3866.80224609 0. 3.79380956472e-22 0.
1466233268 1 3864.56640625 0. 3.79377101502e-22 0.
1466233328 1 3862.51098633 0. 3.79398489008e-22 0.
1466233389 1 3860.08007812 0. 3.79382029666e-22 0.
1466233449 1 3860.33081055 0. 3.79623233462e-22 0.
1466233509 1 3857.65454102 0. 3.7957110308e-22 0.
1466233569 1 3854.3034668 0. 3.79461033376e-22 0.
1466233629 1 3854.73168945 0. 3.79720328338e-22 0.
1466233689 1 3853.1574707 0. 3.79781381093e-22 0.
1466233749 1 3851.14501953 0. 3.7979168805e-22 0.
1466233810 1 3849.02978516 0. 3.7979810769e-22 0.
1466233870 1 3847.18676758 0. 3.79817984907e-22 0.
1466233930 1 3846.23999023 0. 3.79936770948e-22 0.
1466233990 1 3843.99047852 0. 3.79937452758e-22 0.
1466234050 1 3841.75537109 0. 3.79917849573e-22 0.
1466234110 1 3838.65869141 0. 3.79832450586e-22 0.
1466234170 1 3837.27270508 0. 3.79910589596e-22 0.
1466234230 1 3837.37646484 0. 3.80135899586e-22 0.
1466234290 1 3834.14599609 0. 3.80020663287e-22 0.
1466234351 1 3831.64892578 0. 3.79993841973e-22 0.
1466234411 1 3829.96166992 0. 3.80029876549e-22 0.
1466234471 1 3828.99926758 0. 3.80148580769e-22 0.
1466234531 1 3827.54125977 0. 3.80227208177e-22 0.
1466234591 1 3825.56323242 0. 3.80238001083e-22 0.
1466234651 1 3823.28955078 0. 3.80231913845e-22 0.
1466234711 1 3821.11865234 0. 3.80216755634e-22 0.
1466234771 1 3819.97607422 0. 3.80318758598e-22 0.
1466234832 1 3817.44165039 0. 3.80273211703e-22 0.
1466234892 1 3816.04052734 0. 3.80340154883e-22 0.
1466234952 1 3813.17724609 0. 3.80266339836e-22 0.
1466235012 1 3811.58959961 0. 3.80326033095e-22 0.
1466235072 1 3810.77978516 0. 3.80452207283e-22 0.
1466235132 1 3809.40356445 0. 3.8053334224e-22 0.
1466235192 1 3807.10864258 0. 3.80515828464e-22 0.
1466235252 1 3805.94970703 0. 3.80594195882e-22 0.
1466235291 1 3803.90014648 0. 3.80540864172e-22 0.
1466235330 1 3754.91625977 0. 3.75770102758e-22 0.
1466235390 1 3704.06762695 0. 3.70866270081e-22 0.
1466235450 1 3728.83569336 0. 3.735761104e-22 0.
1466235511 1 3797.95483398 0. 3.8071427724e-22 0.
1466235571 1 3796.18920898 0. 3.80743494518e-22 0.
1466235631 1 3794.80151367 0. 3.80814542118e-22 0.
1466235691 1 3792.61254883 0. 3.8080729935e-22 0.
1466235751 1 3791.06225586 0. 3.80871142415e-22 0.
1466235811 1 3789.10229492 0. 3.80882972095e-22 0.
1466235871 1 3787.28564453 0. 3.80898615829e-22 0.
1466235932 1 3785.88891602 0. 3.80978532415e-22 0.
1466235992 1 3783.11694336 0. 3.80920140177e-22 0.
1466236052 1 3780.85986328 0. 3.80906445901e-22 0.
1466236112 1 3779.64624023 0. 3.80995024226e-22 0.
1466236172 1 3776.96459961 0. 3.80957022282e-22 0.
1466236232 1 3775.70703125 0. 3.810357297e-22 0.
1466236292 1 3772.94213867 0. 3.80965216765e-22 0.
1466236352 1 3771.53515625 0. 3.81042076553e-22 0.
1466236413 1 3770.19116211 0. 3.81129395878e-22 0.
1466236473 1 3767.78100586 0. 3.81096071688e-22 0.
1466236533 1 3766.91186523 0. 3.81222303427e-22 0.
1466236593 1 3765.02490234 0. 3.81239856664e-22 0.
1466236653 1 3763.24243164 0. 3.81277394589e-22 0.
1466236713 1 3759.80859375 0. 3.81139117891e-22 0.
1466236773 1 3758.54980469 0. 3.81227384295e-22 0.
1466236833 1 3757.30712891 0. 3.81315074013e-22 0.
1466236894 1 3755.50878906 0. 3.81346367759e-22 0.
1466236954 1 3753.7277832 0. 3.81382181279e-22 0.
1466237014 1 3750.95043945 0. 3.81310239762e-22 0.
1466237074 1 3750.18383789 0. 3.81440912221e-22 0.
1466237134 1 3748.90478516 0. 3.81532393002e-22 0.
1466237194 1 3746.30615234 0. 3.81483947631e-22 0.
1466237254 1 3744.13989258 0. 3.81471591788e-22 0.
1466237314 1 3742.41015625 0. 3.8150931635e-22 0.
1466237375 1 3740.43896484 0. 3.81519647939e-22 0.
1466237435 1 3737.65551758 0. 3.81444011075e-22 0.
1466237495 1 3735.14038086 0. 3.81400361963e-22 0.
1466237555 1 3733.52612305 0. 3.81453734908e-22 0.
1466237615 1 3731.49316406 0. 3.81463109466e-22 0.
1466237675 1 3730.1628418 0. 3.81542527251e-22 0.
1466237729 1 3728.18139648 0. 3.81526383654e-22 0.
1466237782 1 3727.11816406 0. 3.81610291132e-22 0.
1466237842 1 3724.58422852 0. 3.81566033679e-22 0.
1466237903 1 3721.09741211 0. 3.81411555505e-22 0.
1466237943 1 3719.5534668 0. 3.81412067107e-22 0.
1466237965 1 3718.97119141 0. 0.0 0.
1466237982 1 3718.52514648 0. 3.81408189172e-22 0.
1466238017 1 3717.60253906 0. 3.81447600081e-22 0.
1466238077 1 3714.74633789 0. 3.81386454731e-22 0.
1466238137 1 3712.55639648 0. 3.81375371699e-22 0.
1466238197 1 3710.99731445 0. 3.81417346972e-22 0.
1466238258 1 3709.79125977 0. 3.81510096591e-22 0.
1466238318 1 3707.77319336 0. 3.81506258808e-22 0.
1466238378 1 3706.93798828 0. 3.81647707286e-22 0.
1466238438 1 3703.75292969 0. 3.81545143382e-22 0.
1466238498 1 3702.93286133 0. 3.81667955644e-22 0.
1466238558 1 3698.43676758 0. 3.81420603647e-22 0.
1466238618 1 3697.30444336 0. 3.81519155633e-22 0.
1466238679 1 3697.79370117 0. 3.817851559e-22 0.
1466238739 1 3698.8671875 0. 3.82119165357e-22 0.
1466238799 1 3697.92480469 0. 3.82244557842e-22 0.
1466238859 1 3696.93237305 0. 3.82346635301e-22 0.
1466238919 1 3695.18066406 0. 3.82365355168e-22 0.
1466238979 1 3693.31005859 0. 3.82382804273e-22 0.
1466239039 1 3690.77758789 0. 3.82330590533e-22 0.
1466239100 1 3689.04760742 0. 3.82369193087e-22 0.
1466239160 1 3688.46459961 0. 3.8252494359e-22 0.
1466239220 1 3687.83374023 0. 3.82678104152e-22 0.
1466239280 1 3687.14770508 0. 3.82817785905e-22 0.
1466239340 1 3684.28271484 0. 3.82730921264e-22 0.
1466239400 1 3681.89892578 0. 3.82708540303e-22 0.
1466239460 1 3680.63867188 0. 3.8279183621e-22 0.
1466239520 1 3678.79125977 0. 3.82813890483e-22 0.
1466239581 1 3676.71923828 0. 3.82798851274e-22 0.
1466239641 1 3674.59399414 0. 3.82799054232e-22 0.
1466239701 1 3672.38256836 0. 3.82780752377e-22 0.
1466239761 1 3671.72094727 0. 3.82932221223e-22 0.
1466239821 1 3669.1628418 0. 3.82875120549e-22 0.
1466239881 1 3667.52001953 0. 3.82908271596e-22 0.
1466239941 1 3666.59912109 0. 3.8301982817e-22 0.
1466240002 1 3664.5390625 0. 3.83002953196e-22 0.
1466240062 1 3662.72412109 0. 3.83024844525e-22 0.
1466240122 1 3661.81542969 0. 3.83148384762e-22 0.
1466240182 1 3659.94726562 0. 3.83152164521e-22 0.
1466240242 1 3658.4543457 0. 3.83201940036e-22 0.
1466240302 1 3656.36669922 0. 3.83188640996e-22 0.
1466240362 1 3653.90795898 0. 0.0 0.
1466240397 1 3652.47338867 0. 3.83081723084e-22 0.
1466240432 1 3651.0390625 0. 3.83072579811e-22 0.
1466240479 1 3650.59521484 0. 3.8319811862e-22 0.
1466240509 1 3649.22436523 0. 3.83165531943e-22 0.
1466240553 1 3647.81884766 0. 3.83176489524e-22 0.
1466240613 1 3645.72460938 0. 3.83166690509e-22 0.
1466240673 1 3644.55419922 0. 3.83257024404e-22 0.
1466240733 1 3642.89306641 0. 3.83299029172e-22 0.
1466240793 1 3642.08886719 0. 3.83430432637e-22 0.
1466240853 1 3639.62158203 0. 3.83389047147e-22 0.
1466240913 1 3637.36328125 0. 3.83343521351e-22 0.
1466240974 1 3636.03540039 0. 3.83403323044e-22 0.
1466241034 1 3635.23950195 0. 3.83541827385e-22 0.
1466241094 1 3632.42431641 0. 3.83449540858e-22 0.
1466241129 1 3632.06298828 0. 3.83543498547e-22 0.
1466241165 1 3629.65820312 0. 3.834048368e-22 0.
1466241225 1 3627.93115234 0. 3.83426586843e-22 0.
1466241285 1 3626.83569336 0. 3.83538936049e-22 0.
1466241345 1 3625.72094727 0. 3.83631739806e-22 0.
1466241406 1 3624.40380859 0. 3.83705952244e-22 0.
1466241466 1 3622.26196289 0. 3.83696990512e-22 0.
1466241526 1 3621.18676758 0. 3.83793693884e-22 0.
1466241586 1 3619.10766602 0. 3.83785969937e-22 0.
1466241646 1 3617.74536133 0. 3.83852480445e-22 0.
1466241706 1 3616.89501953 0. 3.83979930835e-22 0.
1466241766 1 3614.2355957 0. 3.8390727201e-22 0.
1466241827 1 3611.54589844 0. 3.83841435494e-22 0.
1466241887 1 3610.24560547 0. 3.83908894112e-22 0.
1466241947 1 3608.17480469 0. 3.83897563159e-22 0.
1466242007 1 3606.19799805 0. 3.83902841703e-22 0.
1466242067 1 3604.71411133 0. 3.83953022064e-22 0.
1466242127 1 3602.62890625 0. 3.83946708807e-22 0.
1466242187 1 3600.81347656 0. 3.83971341709e-22 0.
1466242247 1 3599.39086914 0. 3.84023538523e-22 0.
1466242307 1 3597.70898438 0. 3.84064196461e-22 0.
1466242367 1 3597.02075195 0. 3.84192028446e-22 0.
1466242410 1 3596.2121582 0. 3.84263573208e-22 0.
1466242453 1 3593.44018555 0. 3.84117707536e-22 0.
1466242513 1 3592.26342773 0. 3.84193202267e-22 0.
1466242573 1 3590.13916016 0. 3.84175609912e-22 0.
1466242634 1 3588.70410156 0. 3.84247077819e-22 0.
1466242669 1 3587.8671875 0. 3.84260077425e-22 0.
1466242704 1 3587.03027344 0. 3.84296372296e-22 0.
1466242764 1 3584.36572266 0. 3.84247021849e-22 0.
1466242824 1 3583.00610352 0. 3.84312596303e-22 0.
1466242884 1 3580.69458008 0. 3.84279302234e-22 0.
1466242944 1 3578.07543945 0. 3.84208708842e-22 0.
1466243004 1 3578.70336914 0. 3.84482860202e-22 0.
1466243065 1 3575.9465332 0. 3.84389815212e-22 0.
1466243125 1 3573.74780273 0. 3.8437330452e-22 0.
1466243185 1 3573.85424805 0. 3.84587829968e-22 0.
1466243245 1 3574.66552734 0. 3.84883491434e-22 0.
1466243305 1 3572.46118164 0. 3.8485893889e-22 0.
1466243365 1 3570.65820312 0. 3.84868408088e-22 0.
1466243425 1 3568.44921875 0. 3.84839926781e-22 0.
1466243485 1 3567.65942383 0. 3.84966419528e-22 0.
1466243545 1 3565.6262207 0. 3.84950748507e-22 0.
1466243581 1 3564.44042969 0. 3.84919705608e-22 0.
1466243616 1 3563.24853516 0. 3.84912374507e-22 0.
1466243676 1 3561.8425293 0. 3.84992083094e-22 0.
1466243736 1 3559.75390625 0. 3.84982386757e-22 0.
1466243796 1 3558.11938477 0. 3.85005013934e-22 0.
1466243856 1 3556.7409668 0. 3.85050916738e-22 0.
1466243917 1 3555.16625977 0. 3.85086685186e-22 0.
1466243977 1 3553.00830078 0. 3.8507169353e-22 0.
1466244037 1 3551.34472656 0. 3.85098511841e-22 0.
1466244097 1 3549.48852539 0. 3.85096081419e-22 0.
1466244157 1 3547.87939453 0. 3.85124057243e-22 0.
1466244217 1 3546.57226562 0. 3.85181216799e-22 0.
1466244277 1 3544.45751953 0. 3.85168971598e-22 0.
1466244338 1 3543.24609375 0. 3.85243788422e-22 0.
1466244398 1 3541.50512695 0. 3.85263175241e-22 0.
1466244458 1 3539.14331055 0. 3.85211387309e-22 0.
1466244518 1 3537.06933594 0. 3.85198722542e-22 0.
1466244578 1 3535.19848633 0. 3.85216313031e-22 0.
1466244638 1 3533.93115234 0. 3.85288815408e-22 0.
1466244698 1 3533.46948242 0. 3.85447509651e-22 0.
1466244758 1 3532.08081055 0. 3.85511913734e-22 0.
1466244819 1 3530.14038086 0. 3.85497479181e-22 0.
1466244879 1 3527.37963867 0. 3.85399519622e-22 0.
1466244939 1 3525.71606445 0. 3.85420663189e-22 0.
1466244999 1 3523.48291016 0. 3.85387664638e-22 0.
1466245059 1 3522.09570312 0. 3.85447913236e-22 0.
1466245119 1 3521.61547852 0. 3.85597622369e-22 0.
1466245179 1 3519.35644531 0. 3.85557786761e-22 0.
1466245239 1 3518.06542969 0. 3.85625757253e-22 0.
1466245300 1 3516.83251953 0. 3.8569339335e-22 0.
1466245360 1 3514.38696289 0. 3.85632483362e-22 0.
1466245420 1 3513.33789062 0. 3.85734043139e-22 0.
1466245480 1 3511.43603516 0. 3.85731066401e-22 0.
1466245540 1 3509.67895508 0. 3.85745714529e-22 0.
1466245600 1 3508.85400391 0. 3.85856919013e-22 0.
1466245660 1 3452.78979492 0. 3.7989102166e-22 0.
1466245720 1 3402.36401367 0. 3.74527011867e-22 0.
1466245780 1 3454.78881836 0. 3.80517528173e-22 0.
1466245841 1 3501.44018555 0. 3.85878917814e-22 0.
1466245901 1 3500.4230957 0. 3.859669089e-22 0.
1466245961 1 3498.30200195 0. 3.85937290837e-22 0.
1466246021 1 3496.1171875 0. 3.85901669104e-22 0.
1466246081 1 3494.82348633 0. 3.85958496772e-22 0.
1466246141 1 3493.66821289 0. 3.86034901793e-22 0.
1466246201 1 3491.8125 0. 3.8604513301e-22 0.
1466246261 1 3489.75854492 0. 3.86022011684e-22 0.
1466246322 1 3487.5546875 0. 3.85975829632e-22 0.
1466246382 1 3485.51513672 0. 3.85957420921e-22 0.
1466246442 1 3484.15405273 0. 3.86025792275e-22 0.
1466246502 1 3482.33056641 0. 3.86022125558e-22 0.
1466246548 1 3481.09375 0. 3.86052592779e-22 0.
1466246580 1 3479.47631836 0. 3.85972908945e-22 0.
1466246627 1 3477.69042969 0. 3.85937079921e-22 0.
1466246687 1 3476.35449219 0. 3.85990220886e-22 0.
1466246747 1 3475.88012695 0. 3.8613660117e-22 0.
1466246807 1 3474.92089844 0. 3.86241807015e-22 0.
1466246867 1 3473.37988281 0. 3.86285150868e-22 0.
1466246925 1 3471.375 0. 3.8625417708e-22 0.
1466246983 1 3469.52880859 0. 3.86240194315e-22 0.
1466247043 1 3468.25292969 0. 3.86308841782e-22 0.
1466247103 1 3466.3449707 0. 3.86304010728e-22 0.
1466247163 1 3463.55859375 0. 3.8619647501e-22 0.
1466247223 1 3462.06494141 0. 3.86246915796e-22 0.
1466247283 1 3461.8137207 0. 3.86417034799e-22 0.
1466247344 1 3461.01147461 0. 3.86534685673e-22 0.
1466247404 1 3460.20288086 0. 3.86655857809e-22 0.
1466247464 1 3458.56030273 0. 3.86678689017e-22 0.
1466247524 1 3455.91796875 0. 3.8658562556e-22 0.
1466247584 1 3453.28686523 0. 3.86495729571e-22 0.
1466247644 1 3451.86450195 0. 3.86554629498e-22 0.
1466247704 1 3450.30078125 0. 3.86592846024e-22 0.
1466247765 1 3448.75585938 0. 3.86631295389e-22 0.
1466247825 1 3447.54907227 0. 3.86705445158e-22 0.
1466247885 1 3445.12353516 0. 3.86632340997e-22 0.
1466247945 1 3443.38476562 0. 3.86655163604e-22 0.
1466248005 1 3442.7434082 0. 3.8678329998e-22 0.
1466248065 1 3441.17480469 0. 3.86812297771e-22 0.
1466248125 1 3438.91333008 0. 3.86767525682e-22 0.
1466248186 1 3437.96655273 0. 3.86860607945e-22 0.
1466248246 1 3435.55419922 0. 3.86799943234e-22 0.
1466248306 1 3434.73022461 0. 3.86908879152e-22 0.
1466248366 1 3433.36206055 0. 3.86969721867e-22 0.
1466248402 1 3431.51196289 0. 3.86881154367e-22 0.
1466248438 1 3430.83642578 0. 3.86933258172e-22 0.
1466248498 1 3430.02685547 0. 3.87051011012e-22 0.
1466248558 1 3427.81176758 0. 3.87011264815e-22 0.
1466248618 1 3425.87915039 0. 3.86994488534e-22 0.
1466248679 1 3425.0793457 0. 3.87110903207e-22 0.
1466248739 1 3422.77587891 0. 3.87059407184e-22 0.
1466248799 1 3421.28613281 0. 3.87095009351e-22 0.
1466248859 1 3419.390625 0. 3.87088003219e-22 0.
1466248919 1 3417.03295898 0. 3.87024874214e-22 0.
1466248979 1 3415.97583008 0. 0.0 0.
1466249014 1 3415.35888672 0. 3.87144501614e-22 0.
1466249049 1 3414.74121094 0. 3.87204109717e-22 0.
1466249109 1 3412.44580078 0. 3.87163706335e-22 0.
1466249170 1 3411.73168945 0. 3.8729017381e-22 0.
1466249230 1 3409.78393555 0. 3.8727285501e-22 0.
1466249290 1 3407.50732422 0. 3.87216623746e-22 0.
1466249350 1 3405.69897461 0. 3.87219662343e-22 0.
1466249410 1 3403.79516602 0. 3.87205735953e-22 0.
1466249470 1 3401.10400391 0. 3.87104243522e-22 0.
1466249530 1 3400.86547852 0. 3.87279488886e-22 0.
1466249590 1 3399.89526367 0. 3.87375798219e-22 0.
1466249651 1 3397.11352539 0. 3.87262226413e-22 0.
1466249711 1 3395.45581055 0. 3.87286841913e-22 0.
1466249771 1 3394.03857422 0. 3.87318696246e-22 0.
1466249831 1 3393.26196289 0. 3.87445069429e-22 0.
1466249891 1 3392.18798828 0. 3.87524818047e-22 0.
1466249951 1 3390.11254883 0. 3.87494458176e-22 0.
1466250011 1 3388.00976562 0. 3.87457501765e-22 0.
1466250071 1 3386.69897461 0. 3.87507321856e-22 0.
1466250132 1 3385.13647461 0. 3.87540440597e-22 0.
1466250192 1 3383.53051758 0. 3.87560616751e-22 0.
1466250252 1 3381.56176758 0. 3.87541515533e-22 0.
1466250312 1 3379.5534668 0. 3.87506552858e-22 0.
1466250372 1 3377.55517578 0. 3.87481398152e-22 0.
1466250432 1 3376.09765625 0. 3.87520605321e-22 0.
1466250492 1 3374.81616211 0. 3.87577263031e-22 0.
1466250552 1 3371.93334961 0. 3.87450088813e-22 0.
1466250612 1 3370.11279297 0. 3.87448086433e-22 0.
1466250673 1 3369.77905273 0. 3.87608138073e-22 0.
1466250733 1 3366.39208984 0. 3.87429777322e-22 0.
1466250793 1 3366.58349609 0. 3.87634211273e-22 0.
1466250853 1 3366.50439453 0. 3.8779103252e-22 0.
1466250902 1 3367.23925781 0. 3.87998136234e-22 0.
1466250928 1 3367.36767578 0. 3.88095513575e-22 0.
1466250940 1 3367.42895508 0. 3.88123260864e-22 0.
1466250975 1 3367.60302734 0. 3.88232320471e-22 0.
1466251035 1 3363.51391602 0. 3.87946898736e-22 0.
1466251095 1 3361.49633789 0. 3.87923393568e-22 0.
1466251155 1 3358.45214844 0. 3.87782814451e-22 0.
1466251215 1 3357.59326172 0. 3.87902019638e-22 0.
1466251276 1 3357.05541992 0. 3.88032764072e-22 0.
1466251336 1 3354.88330078 0. 3.87991872534e-22 0.
1466251396 1 3353.13305664 0. 3.87986592727e-22 0.
1466251456 1 3351.16064453 0. 3.87965810679e-22 0.
1466251516 1 3349.77368164 0. 3.88008285e-22 0.
1466251576 1 3347.58374023 0. 3.87955555959e-22 0.
1466251636 1 3345.62255859 0. 3.87933535045e-22 0.
1466251697 1 3344.20581055 0. 3.87971571734e-22 0.
1466251757 1 3342.86621094 0. 3.88015761719e-22 0.
1466251817 1 3341.77368164 0. 3.88095877733e-22 0.
1466251877 1 3340.40917969 0. 3.88131666653e-22 0.
1466251937 1 3339.72070312 0. 3.8825468822e-22 0.
1466251997 1 3337.15649414 0. 3.88149877177e-22 0.
1466252057 1 3335.20605469 0. 3.88126870783e-22 0.
1466252110 1 3334.39038086 0. 3.8822241932e-22 0.
1466252163 1 3332.11743164 0. 3.88140175962e-22 0.
1466252224 1 3329.24487305 0. 3.88000823548e-22 0.
1466252284 1 3326.93652344 0. 3.87941549052e-22 0.
1466252344 1 3325.67773438 0. 3.8799108994e-22 0.
1466252404 1 3324.11352539 0. 3.880057221e-22 0.
1466252464 1 3322.140625 0. 3.87982981466e-22 0.
1466252524 1 3320.92578125 0. 3.88044641003e-22 0.
1466252584 1 3319.21166992 0. 3.88034576556e-22 0.
1466252644 1 3317.07983398 0. 3.87990330871e-22 0.
1466252705 1 3318.15234375 0. 3.88321819119e-22 0.
1466252765 1 3316.85205078 0. 3.88386394221e-22 0.
1466252825 1 3315.14868164 0. 3.88379272126e-22 0.
1466252885 1 3314.17285156 0. 3.88464770775e-22 0.
1466252945 1 3313.19580078 0. 3.88552402016e-22 0.
1466253005 1 3311.11181641 0. 3.88524795431e-22 0.
1466253065 1 3309.54516602 0. 3.88523837035e-22 0.
1466253125 1 3306.8996582 0. 3.88418369122e-22 0.
1466253186 1 3305.28979492 0. 3.88430432301e-22 0.
1466253246 1 3303.98706055 0. 3.88481494293e-22 0.
1466253306 1 3303.16455078 0. 3.8858185e-22 0.
1466253366 1 3301.61938477 0. 3.88599244743e-22 0.
1466253426 1 3299.52148438 0. 3.88541251044e-22 0.
1466253486 1 3296.87109375 0. 3.88428986728e-22 0.
1466253546 1 3294.93603516 0. 3.88410631696e-22 0.
1466253607 1 3294.51708984 0. 3.88563330213e-22 0.
1466253667 1 3292.63842773 0. 3.88551368676e-22 0.
1466253727 1 3291.59204102 0. 3.88627520526e-22 0.
1466253787 1 3288.98974609 0. 3.88527155601e-22 0.
1466253847 1 3288.08129883 0. 3.88621751799e-22 0.
1466253907 1 3286.33276367 0. 3.88615396386e-22 0.
1466253967 1 3284.73828125 0. 3.88628758947e-22 0.
1466254027 1 3283.14648438 0. 3.88635086581e-22 0.
1466254087 1 3281.81274414 0. 3.88675176399e-22 0.
1466254148 1 3280.27758789 0. 3.8869517708e-22 0.
1466254208 1 3278.15161133 0. 3.88647000591e-22 0.
1466254268 1 3276.40087891 0. 3.88641881448e-22 0.
1466254328 1 3275.94677734 0. 3.88780149843e-22 0.
1466254388 1 3273.38769531 0. 3.88671768645e-22 0.
1466254448 1 3271.85961914 0. 3.88697203803e-22 0.
1466254508 1 3270.22705078 0. 3.88700909446e-22 0.
1466254568 1 3267.97192383 0. 3.88635164353e-22 0.
1466254628 1 3267.03076172 0. 3.88715706073e-22 0.
1466254689 1 3264.04272461 0. 3.88562808065e-22 0.
1466254749 1 3263.50537109 0. 3.88703856231e-22 0.
1466254809 1 3262.54663086 0. 3.8878990556e-22 0.
1466254869 1 3259.79321289 0. 3.88651264683e-22 0.
1466254929 1 3258.30883789 0. 3.8867941247e-22 0.
1466254989 1 3257.34741211 0. 3.88765389573e-22 0.
1466255049 1 3255.59667969 0. 3.88753466718e-22 0.
1466255110 1 3254.37353516 0. 3.88809759468e-22 0.
1466255170 1 3252.1706543 0. 3.88745714761e-22 0.
1466255230 1 3249.86547852 0. 3.88664470929e-22 0.
1466255290 1 3247.50610352 0. 3.88578327571e-22 0.
1466255350 1 3245.83740234 0. 3.88570469377e-22 0.
1466255411 1 3244.98730469 0. 3.88670311076e-22 0.
1466255471 1 3244.67797852 0. 3.88835899939e-22 0.
1466255531 1 3242.75732422 0. 3.8881465433e-22 0.
1466255591 1 3241.41845703 0. 3.88856360368e-22 0.
1466255651 1 3239.30883789 0. 3.88796481738e-22 0.
1466255711 1 3237.27587891 0. 3.88747611521e-22 0.
1466255771 1 3236.24951172 0. 3.88832483145e-22 0.
1466255831 1 3234.25097656 0. 3.887970909e-22 0.
1466255892 1 3232.83447266 0. 3.88828428676e-22 0.
1466255952 1 3231.42919922 0. 3.88850866486e-22 0.
1466256012 1 3229.61132812 0. 3.8882152025e-22 0.
1466256051 1 3229.15649414 0. 3.88911811107e-22 0.
1466256075 1 3228.07958984 0. 3.88864232451e-22 0.
1466256121 1 3226.65600586 0. 3.88835914382e-22 0.
1466256181 1 3223.88818359 0. 3.8870575498e-22 0.
1466256242 1 3222.52368164 0. 3.88737036818e-22 0.
1466256302 1 3221.51855469 0. 3.88809818961e-22 0.
1466256362 1 3219.3605957 0. 3.88750124928e-22 0.
1466256422 1 3217.2578125 0. 3.88707428373e-22 0.
1466256482 1 3216.26953125 0. 3.8878968315e-22 0.
1466256542 1 3213.55273438 0. 3.88680933181e-22 0.
1466256602 1 3213.07568359 0. 3.88811168151e-22 0.
1466256662 1 3212.57861328 0. 3.88953152762e-22 0.
1466256723 1 3210.66210938 0. 3.88925460392e-22 0.
1466256783 1 3208.94921875 0. 3.88926465439e-22 0.
1466256843 1 3207.41625977 0. 3.88933673167e-22 0.
1466256903 1 3205.81713867 0. 3.88948936527e-22 0.
1466256963 1 3204.26489258 0. 3.88947422611e-22 0.
1466257023 1 3202.25854492 0. 3.88914114122e-22 0.
1466257083 1 3201.49047852 0. 3.89016302745e-22 0.
1466257144 1 3200.05419922 0. 3.89042726459e-22 0.
1466257204 1 3198.01269531 0. 3.88985437678e-22 0.
1466257264 1 3196.45019531 0. 3.89004532509e-22 0.
1466257324 1 3195.05151367 0. 3.89035492121e-22 0.
1466257384 1 3192.9519043 0. 3.88987514758e-22 0.
1466257444 1 3190.99511719 0. 3.88936063985e-22 0.
1466257504 1 3189.74267578 0. 3.88995534263e-22 0.
1466257564 1 3189.11987305 0. 3.891148765e-22 0.
1466257625 1 3186.04980469 0. 3.88942328185e-22 0.
1466257685 1 3184.29492188 0. 3.88937171999e-22 0.
1466257745 1 3183.60693359 0. 3.89049121457e-22 0.
1466257789 1 3182.59204102 0. 3.89073734574e-22 0.
1466257832 1 3180.99243164 0. 3.89017434319e-22 0.
1466257874 1 3178.83325195 0. 3.88898275054e-22 0.
1466257898 1 3178.01196289 0. 3.888782834e-22 0.
1466257941 1 3177.67236328 0. 3.88982658779e-22 0.
1466258001 1 3176.13354492 0. 3.8899477504e-22 0.
1466258052 1 3174.79492188 0. 3.89015411214e-22 0.
1466258103 1 3173.40185547 0. 3.89010765059e-22 0.
1466258164 1 3172.63452148 0. 3.89114274487e-22 0.
1466258199 1 3172.18676758 0. 3.89166085604e-22 0.
1466258213 1 3172.00976562 0. 3.89197797316e-22 0.
1466258227 1 3171.27172852 0. 3.89176895421e-22 0.
1466258262 1 3169.54785156 0. 3.8906240133e-22 0.
1466258322 1 3168.11181641 0. 3.89075507095e-22 0.
1466258382 1 3166.03198242 0. 0.0 0.
1466258417 1 3164.81835938 0. 3.8897178957e-22 0.
1466258452 1 3163.60449219 0. 3.88946696919e-22 0.
1466258513 1 3162.10498047 0. 3.88972976317e-22 0.
1466258573 1 3160.59790039 0. 3.88979804988e-22 0.
1466258633 1 3159.47705078 0. 3.89037125239e-22 0.
1466258693 1 3158.07666016 0. 3.89066966505e-22 0.
1466258753 1 3155.60205078 0. 3.88963845687e-22 0.
1466258813 1 3155.45654297 0. 3.8915096719e-22 0.
1466258873 1 3153.45605469 0. 3.89100304332e-22 0.
1466258934 1 3151.71679688 0. 3.8908521722e-22 0.
1466258994 1 3151.22631836 0. 3.89227057358e-22 0.
1466259054 1 3149.7043457 0. 3.89233459349e-22 0.
1466259114 1 3147.58691406 0. 3.89175153551e-22 0.
1466259174 1 3145.89941406 0. 3.89168776606e-22 0.
1466259220 1 3036.80517578 0. 3.76001945124e-22 0.
1466259266 1 0.110184878111 0. 3.66633206657e-23 0.
1466259326 1 0.102390810847 0. 0.0 0.
1466259386 1 0.098594121635 0. 0.0 0.
