1467248559 1 8896.06933594 0. 3.01161270022e-22 0.
1467248619 1 9270.79003906 0. 3.14150143596e-22 0.
1467248679 1 9429.76074219 0. 3.19988076212e-22 0.
1467248739 1 9419.68847656 0. 3.20089678798e-22 0.
1467248795 1 9410.60449219 0. 3.20220594162e-22 0.
1467248851 1 9400.69726562 0. 3.20340535313e-22 0.
1467248911 1 9392.89941406 0. 3.20612351199e-22 0.
1467248966 1 9382.44335938 0. 3.20673824103e-22 0.
1467249021 1 9372.75390625 0. 3.20749343418e-22 0.
1467249081 1 9361.921875 0. 3.20828101693e-22 0.
1467249141 1 9349.14355469 0. 3.20816483163e-22 0.
1467249186 1 9343.50292969 0. 3.20958756378e-22 0.
1467249231 1 9335.98242188 0. 3.2101624108e-22 0.
1467249292 1 9325.67089844 0. 3.21083829838e-22 0.
1467249352 1 9314.52539062 0. 3.21109402521e-22 0.
1467249412 1 9302.38671875 0. 3.21086267406e-22 0.
1467249472 1 9289.91601562 0. 3.21065616943e-22 0.
1467249532 1 9283.70605469 0. 3.21238501599e-22 0.
1467249592 1 9270.21679688 0. 3.21144378012e-22 0.
1467249652 1 9256.91796875 0. 3.21070712572e-22 0.
1467249712 1 9255.65429688 0. 3.21390412967e-22 0.
1467249773 1 9244.12988281 0. 3.21377472412e-22 0.
1467249833 1 9234.17089844 0. 3.21398385016e-22 0.
1467249893 1 9226.99316406 0. 3.21510269047e-22 0.
1467249953 1 9224.10449219 0. 3.21796452923e-22 0.
1467250013 1 9218.33105469 0. 3.21959856137e-22 0.
1467250073 1 9209.39453125 0. 3.22026725699e-22 0.
1467250133 1 9191.984375 0. 3.21779425218e-22 0.
1467250194 1 9183.61523438 0. 3.21853081639e-22 0.
1467250254 1 9169.68554688 0. 3.21713639401e-22 0.
1467250314 1 9162.33300781 0. 3.21801931121e-22 0.
1467250374 1 9149.42773438 0. 3.21693151004e-22 0.
1467250410 1 9144.78417969 0. 3.21772656015e-22 0.
1467250421 1 9143.64257812 0. 3.21776643733e-22 0.
1467250431 1 9142.94628906 0. 3.21809833379e-22 0.
1467250466 1 9138.69433594 0. 3.21839105638e-22 0.
1467250526 1 9132.09277344 0. 3.21955750089e-22 0.
1467250586 1 9122.23730469 0. 3.21972814976e-22 0.
1467250647 1 9106.47949219 0. 3.21751853715e-22 0.
1467250697 1 8865.6328125 0. 3.13540953736e-22 0.
1467250723 1 0.186095580459 0. 4.21772040279e-25 0.
1467250758 1 0.14370892942 0. 0.0 0.
