1467305981 1 9396.02050781 0. 2.88744853384e-22 0.
1467306041 1 9239.67578125 0. 2.84283586406e-22 0.
1467306101 1 8836.39160156 0. 2.72186904667e-22 0.
1467306161 1 9189.95117188 0. 2.8346193812e-22 0.
1467306196 1 9396.10839844 0. 2.90014574511e-22 0.
1467306231 1 9603.09375 0. 2.96672388145e-22 0.
1467306291 1 9591.86816406 0. 2.9679043948e-22 0.
1467306352 1 9577.5078125 0. 2.96764601526e-22 0.
1467306412 1 9565.87011719 0. 2.96813504427e-22 0.
1467306472 1 9555.16894531 0. 2.96887086671e-22 0.
1467306532 1 9547.86523438 0. 2.97050080377e-22 0.
1467306592 1 9543.36035156 0. 2.97292364203e-22 0.
1467306652 1 9534.7265625 0. 2.97419245393e-22 0.
1467306688 1 9528.81738281 0. 2.97473611878e-22 0.
1467306724 1 9514.94726562 0. 2.97232191839e-22 0.
1467306784 1 9496.70117188 0. 2.97025871704e-22 0.
1467306845 1 9490.18261719 0. 2.97177986427e-22 0.
1467306905 1 9477.609375 0. 2.97129774781e-22 0.
1467306965 1 9475.99902344 0. 2.97411765267e-22 0.
1467307025 1 9475.79882812 0. 2.97711788421e-22 0.
1467307085 1 9472.67773438 0. 2.97946143805e-22 0.
1467307145 1 9460.70996094 0. 2.97873570958e-22 0.
1467307206 1 9449.87402344 0. 2.97884695118e-22 0.
1467307266 1 9430.63183594 0. 2.97629303222e-22 0.
1467307327 1 9424.09375 0. 2.97764922722e-22 0.
1467307387 1 9416.72949219 0. 2.97869371654e-22 0.
1467307448 1 9403.38476562 0. 2.9778567778e-22 0.
1467307508 1 9390.35351562 0. 2.97707939661e-22 0.
1467307569 1 9387.72558594 0. 2.97956406193e-22 0.
1467307629 1 9376.53613281 0. 2.97936656675e-22 0.
1467307689 1 9367.26464844 0. 2.9795578281e-22 0.
1467307749 1 9359.5 0. 2.98024029373e-22 0.
1467307809 1 9350.15234375 0. 2.98044553276e-22 0.
1467307869 1 9346.4765625 0. 2.98235049619e-22 0.
1467307929 1 9335.46875 0. 2.982100279e-22 0.
1467307990 1 9326.75097656 0. 2.98240586568e-22 0.
1467308050 1 9319.14550781 0. 2.98301041616e-22 0.
1467308110 1 9304.91894531 0. 2.98150704703e-22 0.
1467308170 1 9299.74609375 0. 2.98293552729e-22 0.
1467308230 1 9286.16113281 0. 2.98158774558e-22 0.
1467308290 1 9278.734375 0. 2.98240713531e-22 0.
1467308350 1 9271.06054688 0. 2.98285508632e-22 0.
1467308410 1 9260.60839844 0. 2.98261949724e-22 0.
1467308471 1 9247.33496094 0. 2.9813170895e-22 0.
1467308531 1 9251.39355469 0. 2.98557253947e-22 0.
1467308591 1 9241.72363281 0. 2.98546114111e-22 0.
1467308651 1 9232.22265625 0. 2.98540631675e-22 0.
1467308711 1 9221.12304688 0. 2.98486501296e-22 0.
1467308771 1 9212.78320312 0. 2.9851225417e-22 0.
1467308831 1 9204.96386719 0. 2.9855397469e-22 0.
1467308891 1 9191.56152344 0. 2.98426976251e-22 0.
1467308952 1 9196.11425781 0. 2.9886846402e-22 0.
1467309012 1 9191.34472656 0. 2.99005960897e-22 0.
1467309054 1 9185.60253906 0. 2.99021853583e-22 0.
1467309097 1 9174.03515625 0. 2.98850765899e-22 0.
1467309157 1 9169.56445312 0. 2.98996448434e-22 0.
1467309217 1 9162.10644531 0. 2.99048389818e-22 0.
1467309277 1 9157.86914062 0. 2.99202195681e-22 0.
1467309337 1 9146.90917969 0. 2.99127411987e-22 0.
1467309398 1 9134.30859375 0. 2.98992666043e-22 0.
1467309458 1 9118.31933594 0. 2.98762317058e-22 0.
1467309518 1 9113.07324219 0. 2.98886812556e-22 0.
1467309578 1 9099.41699219 0. 2.98705938789e-22 0.
1467309638 1 9087.19335938 0. 2.98585779915e-22 0.
1467309698 1 9092.99804688 0. 2.99076076557e-22 0.
1467309758 1 9085.49414062 0. 2.99108648562e-22 0.
1467309819 1 9072.23242188 0. 2.98950952425e-22 0.
1467309865 1 9086.1953125 0. 2.99640141455e-22 0.
1467309911 1 9073.234375 0. 2.99413330664e-22 0.
1467309971 1 9063.05859375 0. 2.9937281423e-22 0.
1467310032 1 9064.890625 0. 2.9971019719e-22 0.
1467310092 1 9055.31933594 0. 2.99656533516e-22 0.
1467310152 1 9040.69140625 0. 2.9945533107e-22 0.
1467310212 1 9041.66699219 0. 2.99769925059e-22 0.
1467310272 1 9025.68164062 0. 2.99520664189e-22 0.
1467310332 1 9015.1640625 0. 2.99454948942e-22 0.
1467310392 1 9013.85546875 0. 2.9969490858e-22 0.
1467310453 1 8989.33984375 0. 2.99151482474e-22 0.
1467310513 1 8996.37304688 0. 2.99652544276e-22 0.
1467310573 1 8979.77636719 0. 2.99365678192e-22 0.
1467310633 1 8973.40625 0. 2.99428472879e-22 0.
1467310693 1 8970.45800781 0. 2.99615815107e-22 0.
1467310753 1 8961.00195312 0. 2.995822361e-22 0.
1467310813 1 8966.94140625 0. 3.00054238924e-22 0.
1467310874 1 8944.90332031 0. 2.99577773443e-22 0.
1467310934 1 8940.63476562 0. 2.99714836787e-22 0.
1467310994 1 8923.02246094 0. 2.99401430023e-22 0.
1467311054 1 8911.77539062 0. 2.99280940002e-22 0.
1467311114 1 8917.84375 0. 2.9975517547e-22 0.
1467311174 1 8908.39355469 0. 2.99697994153e-22 0.
1467311234 1 8898.62207031 0. 2.99642841502e-22 0.
1467311294 1 8898.5390625 0. 2.99901855625e-22 0.
1467311355 1 8886.48339844 0. 2.99762749227e-22 0.
1467311415 1 8878.24023438 0. 2.99764888703e-22 0.
1467311475 1 8881.56933594 0. 3.00144014209e-22 0.
1467311535 1 8872.12597656 0. 3.00091382111e-22 0.
1467311595 1 8861.27636719 0. 2.99986453076e-22 0.
1467311655 1 8852.56835938 0. 2.99944675293e-22 0.
1467311715 1 8843.72753906 0. 2.99899341385e-22 0.
1467311775 1 8826.140625 0. 2.99558940949e-22 0.
1467311835 1 8829.85742188 0. 2.99951870096e-22 0.
1467311896 1 8822.03320312 0. 2.99968237919e-22 0.
1467311956 1 8816.45507812 0. 3.00045177055e-22 0.
1467312016 1 8808.40722656 0. 3.00019882316e-22 0.
1467312076 1 8799.0390625 0. 2.9995895313e-22 0.
1467312136 1 8784.65136719 0. 2.99726503315e-22 0.
1467312196 1 8776.44628906 0. 2.9970314829e-22 0.
1467312256 1 8774.97070312 0. 2.99917742497e-22 0.
1467312316 1 8761.35644531 0. 2.99714658754e-22 0.
1467312377 1 8750.51757812 0. 2.99587580626e-22 0.
1467312424 1 8753.0546875 0. 2.99897950058e-22 0.
1467312472 1 8741.91210938 0. 2.99717327205e-22 0.
1467312533 1 8730.68066406 0. 2.99572399136e-22 0.
1467312593 1 8726.47753906 0. 2.99681379458e-22 0.
1467312653 1 8721.05273438 0. 2.99766894678e-22 0.
1467312713 1 8710.46777344 0. 2.9964440149e-22 0.
1467312773 1 8699.10839844 0. 2.99516323864e-22 0.
1467312833 1 8698.86523438 0. 2.99776376221e-22 0.
1467312893 1 8696.87597656 0. 2.99971192423e-22 0.
1467312953 1 8689.97851562 0. 2.99981068188e-22 0.
1467313014 1 8683.36523438 0. 3.00010982348e-22 0.
1467313074 1 8675.63867188 0. 3.00008526236e-22 0.
1467313134 1 8665.78417969 0. 2.99919651956e-22 0.
1467313194 1 8660.52734375 0. 2.99994039932e-22 0.
1467313254 1 8656.12011719 0. 3.00093991983e-22 0.
1467313314 1 8653.53125 0. 3.00263216601e-22 0.
1467313374 1 8644.19042969 0. 3.00190670738e-22 0.
1467313434 1 8643.20019531 0. 3.00415668118e-22 0.
1467313495 1 8637.35058594 0. 3.00474895043e-22 0.
1467313555 1 8628.26855469 0. 3.00403532623e-22 0.
1467313615 1 8620.00390625 0. 3.00382530078e-22 0.
1467313675 1 8462.9609375 0. 2.95146076965e-22 0.
1467313735 1 8354.16308594 0. 2.91702309654e-22 0.
1467313795 1 8762.34082031 0. 3.06166474903e-22 0.
1467313855 1 8779.81054688 0. 3.07046515251e-22 0.
1467313915 1 8772.03808594 0. 3.07012220954e-22 0.
1467313976 1 8766.94433594 0. 3.0709148902e-22 0.
1467314036 1 8760.51171875 0. 3.07132051746e-22 0.
1467314096 1 8753.69335938 0. 3.07154344352e-22 0.
1467314156 1 8747.95703125 0. 3.07208181843e-22 0.
1467314216 1 8743.65820312 0. 3.07307863551e-22 0.
1467314276 1 8737.75683594 0. 3.07349809999e-22 0.
1467314336 1 8731.87109375 0. 3.07394040621e-22 0.
1467314396 1 8724.40917969 0. 3.07390385687e-22 0.
1467314456 1 8719.53222656 0. 3.07476868483e-22 0.
1467314517 1 8713.75097656 0. 3.07532010675e-22 0.
1467314577 1 8707.21679688 0. 3.07565713957e-22 0.
1467314637 1 8702.07714844 0. 3.07623862003e-22 0.
1467314697 1 8696.1171875 0. 3.07681540403e-22 0.
1467314757 1 8691.3828125 0. 3.07767904381e-22 0.
1467314817 1 8684.19824219 0. 3.07779712744e-22 0.
1467314877 1 8678.50488281 0. 3.07823233775e-22 0.
1467314937 1 8672.92285156 0. 3.07890708177e-22 0.
1467314998 1 8666.82226562 0. 3.07923356478e-22 0.
1467315058 1 8660.67578125 0. 3.07957358974e-22 0.
1467315118 1 8657.453125 0. 3.08097933886e-22 0.
1467315178 1 8651.72363281 0. 3.08152241055e-22 0.
1467315238 1 8645.45800781 0. 3.08185103037e-22 0.
1467315298 1 8638.11425781 0. 3.08158466373e-22 0.
1467315358 1 8631.32421875 0. 3.08184650926e-22 0.
1467315418 1 8629.08007812 0. 3.08360910562e-22 0.
1467315478 1 8622.97851562 0. 3.084019857e-22 0.
1467315539 1 8616.21582031 0. 3.08420127356e-22 0.
1467315599 1 8610.60449219 0. 3.08479579756e-22 0.
1467315651 1 8603.55859375 0. 3.08445643625e-22 0.
1467315688 1 8600.80957031 0. 3.08491100619e-22 0.
1467315734 1 8596.01171875 0. 3.08498281715e-22 0.
1467315794 1 8588.76660156 0. 3.08497301358e-22 0.
1467315854 1 8583.08789062 0. 3.08556534721e-22 0.
1467315914 1 8579.38867188 0. 3.08678471898e-22 0.
1467315975 1 8575.02148438 0. 3.08751801391e-22 0.
1467316035 1 8571.45898438 0. 3.08878934291e-22 0.
1467316095 1 8566.71972656 0. 3.08954142417e-22 0.
1467316155 1 8558.63085938 0. 3.08902112666e-22 0.
1467316215 1 8556.81445312 0. 3.09096833453e-22 0.
1467316275 1 8550.49804688 0. 3.09121620095e-22 0.
1467316335 1 8543.390625 0. 3.09101466199e-22 0.
1467316395 1 8541.4296875 0. 3.09289149971e-22 0.
1467316456 1 8533.48535156 0. 3.09259669906e-22 0.
1467316516 1 8527.85253906 0. 3.09326012524e-22 0.
1467316576 1 8522.45800781 0. 3.09376570779e-22 0.
1467316636 1 8517.19824219 0. 3.09446058905e-22 0.
1467316696 1 8511.3046875 0. 3.09487343794e-22 0.
1467316756 1 8502.34863281 0. 3.09400213553e-22 0.
1467316816 1 8500.05078125 0. 3.09577154234e-22 0.
1467316876 1 8494.57324219 0. 3.09620859753e-22 0.
1467316937 1 8488.36035156 0. 3.09644690443e-22 0.
1467316997 1 8486.68066406 0. 3.09841465541e-22 0.
1467317057 1 8478.25195312 0. 3.09791718559e-22 0.
1467317117 1 8473.57324219 0. 3.09861276776e-22 0.
1467317177 1 8472.69824219 0. 3.10089046415e-22 0.
1467317237 1 8460.22753906 0. 3.09884140304e-22 0.
1467317297 1 8450.07910156 0. 3.09766483337e-22 0.
1467317357 1 8425.88671875 0. 3.09117883891e-22 0.
1467317418 1 8419.41796875 0. 3.09137163261e-22 0.
1467317457 1 8057.21337891 0. 2.96017970653e-22 0.
1467317497 1 0.150220274925 0. 2.06229365508e-23 0.
1467317558 1 0.128566384315 0. 0.0 0.
