1467569732 1 9577.95410156 0. 3.04370695857e-22 0.
1467569792 1 9564.12695312 0. 3.04292244584e-22 0.
1467569840 1 9553.48339844 0. 3.04243334256e-22 0.
1467569888 1 9546.58203125 0. 3.04313244727e-22 0.
1467569948 1 9504.30566406 0. 3.03329745529e-22 0.
1467570008 1 9492.2734375 0. 3.03299363773e-22 0.
1467570060 1 9468.61621094 0. 3.02854921997e-22 0.
1467570090 1 9480.12304688 0. 3.03380238018e-22 0.
1467570128 1 9469.01855469 0. 3.03196517245e-22 0.
1467570188 1 9473.61035156 0. 3.03669483227e-22 0.
1467570248 1 9452.31738281 0. 3.03316966589e-22 0.
1467570308 1 9410.58496094 0. 3.02324114725e-22 0.
1467570368 1 9417.35351562 0. 3.02901252995e-22 0.
1467570428 1 9387.68359375 0. 3.02291467377e-22 0.
1467570463 1 9370.37402344 0. 3.01890648639e-22 0.
1467570499 1 9353.06542969 0. 3.01542415268e-22 0.
1467570559 1 9362.37695312 0. 3.02192005156e-22 0.
1467570612 1 9309.3984375 0. 3.00777387861e-22 0.
1467570666 1 9314.18359375 0. 3.01227272993e-22 0.
1467570726 1 9316.765625 0. 3.01639176919e-22 0.
1467570786 1 9283.67382812 0. 3.0089838103e-22 0.
1467570846 1 9282.48535156 0. 3.0118214285e-22 0.
1467570906 1 9273.77929688 0. 3.01235057462e-22 0.
1467570966 1 9273.95996094 0. 3.01555086082e-22 0.
1467571026 1 9268.70898438 0. 3.01706722148e-22 0.
1467571084 1 9255.265625 0. 3.01576407549e-22 0.
1467571119 1 9242.34082031 0. 3.01371586143e-22 0.
1467571157 1 9210.98046875 0. 3.0052544443e-22 0.
1467571217 1 9174.2578125 0. 2.99653835794e-22 0.
1467571277 1 9168.70996094 0. 2.99773277893e-22 0.
1467571337 1 9158.59960938 0. 2.99768164153e-22 0.
1467571397 1 9177.6015625 0. 3.00707119619e-22 0.
1467571457 1 9166.0 0. 3.006385142e-22 0.
1467571517 1 9153.41894531 0. 3.00535381127e-22 0.
1467571578 1 9134.02734375 0. 3.00206605793e-22 0.
1467571638 1 9120.34667969 0. 0.0 0.
1467571673 1 9112.36328125 0. 2.99953699683e-22 0.
1467571708 1 9104.37109375 0. 2.99860459061e-22 0.
1467571751 1 9055.30175781 0. 2.98491353105e-22 0.
1467571795 1 9037.04296875 0. 2.98123116302e-22 0.
1467571845 1 9011.13769531 0. 2.97509205408e-22 0.
1467571896 1 8982.73632812 0. 2.96817113611e-22 0.
1467571956 1 8968.79785156 0. 2.96652927111e-22 0.
1467572016 1 8959.06738281 0. 2.96633526952e-22 0.
1467572077 1 8952.55273438 0. 2.96702576596e-22 0.
1467572137 1 8997.52050781 0. 2.98491341813e-22 0.
1467572197 1 9000.81347656 0. 2.98906512552e-22 0.
1467572257 1 9015.15625 0. 2.99672248709e-22 0.
1467572317 1 9002.83105469 0. 2.99551020485e-22 0.
1467572377 1 8960.62988281 0. 2.98440979661e-22 0.
1467572428 1 8920.03027344 0. 2.97336207199e-22 0.
1467572456 1 8913.203125 0. 2.97246435595e-22 0.
1467572493 1 8885.56835938 0. 2.96518861184e-22 0.
1467572534 1 8907.79882812 0. 2.97455715945e-22 0.
1467572575 1 8902.21972656 0. 2.97453902045e-22 0.
1467572611 1 8871.35058594 0. 2.96607945247e-22 0.
1467572624 1 8860.58886719 0. 2.96308368919e-22 0.
1467572661 1 8899.50976562 0. 2.97756717258e-22 0.
1467572721 1 8872.02636719 0. 2.97115547315e-22 0.
1467572781 1 8859.85546875 0. 2.97007777514e-22 0.
1467572841 1 8862.52148438 0. 2.97369414136e-22 0.
1467572901 1 8807.28320312 0. 2.957881275e-22 0.
1467572961 1 8827.6484375 0. 2.96748123967e-22 0.
1467573021 1 8773.65332031 0. 2.95206926816e-22 0.
1467573081 1 8750.56835938 0. 2.94702033316e-22 0.
1467573142 1 8738.28027344 0. 2.94557979138e-22 0.
1467573202 1 8725.18261719 0. 2.94381078957e-22 0.
1467573262 1 8756.70898438 0. 2.9571216112e-22 0.
1467573322 1 8735.22949219 0. 2.9525232285e-22 0.
1467573357 1 8722.70019531 0. 2.94956677583e-22 0.
1467573368 1 8718.69140625 0. 2.94888920155e-22 0.
1467573382 1 8713.70800781 0. 2.94795099037e-22 0.
1467573397 1 8688.37792969 0. 2.93991464146e-22 0.
1467573433 1 8725.47070312 0. 2.95424655132e-22 0.
1467573494 1 8558.44140625 0. 2.90036821419e-22 0.
1467573532 1 8876.85742188 0. 3.00975805697e-22 0.
1467573547 1 8982.09179688 0. 3.04611491051e-22 0.
1467573584 1 8714.60839844 0. 2.95717471649e-22 0.
1467573644 1 9164.04492188 0. 3.11208564649e-22 0.
1467573704 1 9158.12695312 0. 3.11292747453e-22 0.
1467573764 1 9150.61425781 0. 3.11313627916e-22 0.
1467573824 1 9139.58007812 0. 3.11192519437e-22 0.
1467573884 1 9135.37988281 0. 3.11313228704e-22 0.
1467573944 1 9141.37109375 0. 3.11743707527e-22 0.
1467574005 1 9140.69433594 0. 3.11969757022e-22 0.
1467574065 1 9132.89355469 0. 3.11944890746e-22 0.
1467574125 1 9120.4140625 0. 3.11793813755e-22 0.
1467574167 1 9113.12011719 0. 3.11747104371e-22 0.
1467574184 1 9111.80761719 0. 3.11793289991e-22 0.
1467574196 1 9110.66796875 0. 3.11812098226e-22 0.
1467574207 1 9109.52539062 0. 3.11821850402e-22 0.
1467574219 1 9109.24804688 0. 3.11859049165e-22 0.
1467574235 1 9108.68652344 0. 3.11911547568e-22 0.
1467574251 1 9106.06835938 0. 3.11895142371e-22 0.
1467574263 1 9104.01464844 0. 3.11889023772e-22 0.
1467574275 1 9098.97070312 0. 3.11757846495e-22 0.
1467574286 1 9102.08886719 0. 3.11916073929e-22 0.
1467574298 1 9096.60546875 0. 3.11781238434e-22 0.
1467574309 1 9097.7421875 0. 3.11876271602e-22 0.
1467574321 1 9098.37988281 0. 3.11948263061e-22 0.
1467574333 1 9096.62402344 0. 3.11949944331e-22 0.
1467574344 1 9095.67382812 0. 3.11976714731e-22 0.
1467574356 1 9095.71875 0. 3.1203422884e-22 0.
1467574368 1 9094.234375 0. 3.12023893743e-22 0.
1467574379 1 9093.34277344 0. 3.12053739224e-22 0.
1467574391 1 9091.14257812 0. 3.12036771197e-22 0.
1467574403 1 9090.02929688 0. 3.12038983338e-22 0.
1467574414 1 9090.49609375 0. 3.12114411619e-22 0.
1467574426 1 9090.19921875 0. 3.12154854993e-22 0.
1467574438 1 9089.73339844 0. 3.12200545857e-22 0.
1467574449 1 9085.39257812 0. 3.12101697112e-22 0.
1467574461 1 9083.77441406 0. 3.12108313409e-22 0.
1467574473 1 9080.06640625 0. 3.12045200609e-22 0.
1467574484 1 9078.25878906 0. 3.12042753296e-22 0.
1467574496 1 9076.98046875 0. 3.12035652983e-22 0.
1467574508 1 9077.42675781 0. 3.1211379067e-22 0.
1467574519 1 9075.59863281 0. 3.12096133863e-22 0.
1467574543 1 9073.51464844 0. 3.1212738779e-22 0.
1467574590 1 9071.2109375 0. 3.1226657188e-22 0.
1467574650 1 9062.48339844 0. 3.12245716861e-22 0.
1467574710 1 9056.24414062 0. 3.12301636021e-22 0.
1467574771 1 9050.703125 0. 3.12383929724e-22 0.
1467574806 1 9047.46972656 0. 3.12407547295e-22 0.
1467574816 1 9046.54296875 0. 3.12434876369e-22 0.
1467574826 1 9043.81835938 0. 3.12405315554e-22 0.
1467574836 1 9043.48046875 0. 3.12448231256e-22 0.
1467574848 1 9042.046875 0. 3.12448809377e-22 0.
1467574859 1 9035.91503906 0. 3.12300813037e-22 0.
1467574871 1 9037.71875 0. 3.12430948452e-22 0.
1467574883 1 9033.91015625 0. 3.12341391347e-22 0.
1467574894 1 9034.71484375 0. 3.12424894942e-22 0.
1467574906 1 9032.57714844 0. 3.12415189039e-22 0.
1467574918 1 9032.09863281 0. 3.12450355532e-22 0.
1467574929 1 9031.07226562 0. 3.12467421326e-22 0.
1467574941 1 9029.35253906 0. 3.12451659966e-22 0.
1467574952 1 9029.82324219 0. 3.12534004868e-22 0.
1467574964 1 9029.13183594 0. 3.12569627757e-22 0.
1467574976 1 9027.61132812 0. 3.12575855448e-22 0.
1467574987 1 9025.68261719 0. 3.12561235637e-22 0.
1467574999 1 9025.85644531 0. 3.12617857078e-22 0.
1467575011 1 9021.4453125 0. 3.12503545347e-22 0.
1467575022 1 9019.41015625 0. 3.12483298042e-22 0.
1467575034 1 9006.55664062 0. 3.1209620383e-22 0.
1467575046 1 9011.39355469 0. 3.12323737896e-22 0.
1467575057 1 9011.3984375 0. 3.12371093051e-22 0.
1467575069 1 9013.28613281 0. 3.12493221046e-22 0.
1467575081 1 9013.41210938 0. 3.12548171777e-22 0.
1467575092 1 9015.13671875 0. 3.12668437366e-22 0.
1467575104 1 9013.54394531 0. 3.12660084698e-22 0.
1467575116 1 9010.25683594 0. 3.1259343885e-22 0.
1467575127 1 9009.12890625 0. 3.12613328231e-22 0.
1467575139 1 9006.46679688 0. 3.12592047014e-22 0.
1467575151 1 9004.70996094 0. 3.12579401583e-22 0.
1467575173 1 9004.33300781 0. 3.12653851233e-22 0.
1467575220 1 8996.65527344 0. 3.12603873622e-22 0.
1467575280 1 8996.60839844 0. 3.12868540307e-22 0.
1467575341 1 8988.79296875 0. 3.12866699237e-22 0.
1467575401 1 8980.29882812 0. 3.12836420909e-22 0.
1467575461 1 8973.51855469 0. 3.12878846346e-22 0.
1467575521 1 8968.58398438 0. 3.12990376637e-22 0.
1467575581 1 8963.91894531 0. 3.13100376503e-22 0.
1467576113 1 8963.91894531 0. 3.15472665715e-22 0.
1467576645 1 0.0 0. 0.0 0.
1467576705 1 8825.8046875 0. 3.13163364619e-22 0.
1467576766 1 8824.26367188 0. 3.133798953e-22 0.
1467576826 1 8817.53027344 0. 3.13414140302e-22 0.
1467576867 1 8816.4140625 0. 3.13561903703e-22 0.
1467576884 1 8815.97070312 0. 3.13601997204e-22 0.
1467576894 1 8815.69335938 0. 3.13647438457e-22 0.
1467576916 1 8811.40136719 0. 3.13602177367e-22 0.
1467576938 1 8809.09863281 0. 3.13652980352e-22 0.
1467576949 1 8807.97363281 0. 3.13653977582e-22 0.
1467576959 1 8806.85742188 0. 3.1367261574e-22 0.
1467576995 1 8802.35253906 0. 3.13679400848e-22 0.
1467577030 1 8800.54492188 0. 3.13771595191e-22 0.
1467577040 1 8800.03125 0. 3.13767737974e-22 0.
1467577050 1 8799.51660156 0. 3.13793723261e-22 0.
1467577060 1 8798.54394531 0. 3.13849101156e-22 0.
1467577070 1 8796.58789062 0. 3.13817643903e-22 0.
1467577080 1 8794.6328125 0. 3.13759963011e-22 0.
1467577090 1 8792.67578125 0. 3.13733633942e-22 0.
1467577100 1 8791.55078125 0. 3.13762089433e-22 0.
1467577110 1 8790.22753906 0. 3.13753066692e-22 0.
1467577125 1 8789.56640625 0. 3.13790392652e-22 0.
1467577141 1 8788.12304688 0. 3.13814980851e-22 0.
1467577153 1 8787.53222656 0. 3.13847992154e-22 0.
1467577165 1 8785.83496094 0. 3.13833658341e-22 0.
1467577176 1 8783.984375 0. 3.13820977689e-22 0.
1467577188 1 8781.2890625 0. 3.13755274117e-22 0.
1467577199 1 8779.94726562 0. 3.13775398675e-22 0.
1467577211 1 8777.08691406 0. 3.13716430988e-22 0.
1467577247 1 8777.81542969 0. 3.1388828632e-22 0.
1467577283 1 8774.53710938 0. 3.13938812495e-22 0.
1467577313 1 8770.29785156 0. 3.13917917414e-22 0.
1467577342 1 8766.87011719 0. 3.13922711698e-22 0.
1467577355 1 8764.78417969 0. 3.1389191704e-22 0.
1467577373 1 8761.74414062 0. 3.13865715494e-22 0.
1467577402 1 8759.99121094 0. 3.13925809924e-22 0.
1467577425 1 8758.57910156 0. 3.13957253383e-22 0.
1467577435 1 8757.96875 0. 3.13973973297e-22 0.
1467577458 1 8755.2734375 0. 3.1399267203e-22 0.
1467577505 1 8750.56835938 0. 3.14026261245e-22 0.
1467577540 1 8745.35351562 0. 3.14012639095e-22 0.
1467577575 1 8741.05175781 0. 3.14006651842e-22 0.
1467577636 1 8737.28515625 0. 3.14124363747e-22 0.
1467577696 1 8734.35351562 0. 3.14280404883e-22 0.
1467577756 1 8729.44628906 0. 3.14358599346e-22 0.
1467577799 1 8724.31347656 0. 3.14358676329e-22 0.
1467577843 1 8714.73242188 0. 3.14213274886e-22 0.
1467577903 1 8707.07714844 0. 3.14193070042e-22 0.
1467577963 1 8704.00878906 0. 3.14335973589e-22 0.
1467578018 1 8699.84570312 0. 3.14428540585e-22 0.
1467578051 1 8695.64257812 0. 3.14428436934e-22 0.
1467578085 1 8690.05078125 0. 3.1436051137e-22 0.
1467578141 1 8686.15820312 0. 3.14462973486e-22 0.
1467578201 1 8674.97851562 0. 3.14312323215e-22 0.
1467578261 1 8672.91992188 0. 3.14494273463e-22 0.
1467578321 1 8667.53613281 0. 3.14555616805e-22 0.
1467578381 1 8657.59375 0. 3.14448842788e-22 0.
1467578441 1 8654.51269531 0. 3.1460899227e-22 0.
1467578502 1 8647.07910156 0. 3.14597759385e-22 0.
1467578562 1 8642.50097656 0. 3.14687606169e-22 0.
1467578607 1 8641.80761719 0. 3.14864247762e-22 0.
1467578631 1 8639.01171875 0. 3.14867289914e-22 0.
1467578669 1 8634.41503906 0. 3.14842009731e-22 0.
1467578730 1 8630.23632812 0. 3.14960128279e-22 0.
1467578790 1 8621.52246094 0. 3.14894283887e-22 0.
1467578850 1 8611.69140625 0. 3.14791199605e-22 0.
1467578910 1 8608.57617188 0. 3.14928306032e-22 0.
1467578970 1 8607.00683594 0. 3.15126576497e-22 0.
1467579030 1 8599.32714844 0. 3.15105432984e-22 0.
1467579065 1 8594.84570312 0. 3.15074755979e-22 0.
1467579101 1 8590.33691406 0. 3.15054437243e-22 0.
1467579161 1 8586.59667969 0. 3.1518374667e-22 0.
1467579221 1 8578.73339844 0. 3.1515535623e-22 0.
1467579281 1 8573.39355469 0. 3.15211879535e-22 0.
1467579341 1 8567.046875 0. 3.152426805e-22 0.
1467579402 1 8539.36132812 0. 3.14492624977e-22 0.
1467579462 1 8543.24414062 0. 3.14895228124e-22 0.
1467579522 1 8536.34570312 0. 3.14884499397e-22 0.
1467579582 1 8535.01269531 0. 3.15090072462e-22 0.
1467579642 1 8529.25195312 0. 3.15139762925e-22 0.
1467579702 1 8525.25683594 0. 3.15253648022e-22 0.
1467579762 1 8519.93359375 0. 3.15305599747e-22 0.
1467579822 1 8516.33789062 0. 3.15437527898e-22 0.
1467579883 1 8509.19140625 0. 3.15418557365e-22 0.
1467579943 1 8501.20800781 0. 3.15382430136e-22 0.
1467580003 1 8496.20019531 0. 3.15454366335e-22 0.
1467580063 1 8491.9140625 0. 3.1554514239e-22 0.
1467580123 1 8488.37890625 0. 3.1566721077e-22 0.
1467580183 1 8483.00292969 0. 3.15721447113e-22 0.
1467580243 1 8476.28613281 0. 3.15743226842e-22 0.
1467580303 1 8472.19335938 0. 3.15856947588e-22 0.
1467580364 1 8462.61621094 0. 3.15751023082e-22 0.
1467580424 1 8452.84472656 0. 3.15635561236e-22 0.
1467580484 1 8449.66992188 0. 3.1578441532e-22 0.
1467580544 1 8442.0859375 0. 3.15754252673e-22 0.
1467580604 1 8431.41503906 0. 3.1559707402e-22 0.
1467580664 1 8429.84179688 0. 3.15800231369e-22 0.
1467580724 1 8421.43457031 0. 3.15749583837e-22 0.
1467580784 1 8413.86523438 0. 3.1570603895e-22 0.
1467580845 1 8412.73535156 0. 3.15923946304e-22 0.
1467580905 1 8405.67089844 0. 3.15910263982e-22 0.
1467580965 1 8395.78613281 0. 3.15793744756e-22 0.
1467581025 1 8392.59667969 0. 3.15922418942e-22 0.
1467581085 1 8386.40527344 0. 3.15937204141e-22 0.
1467581145 1 8391.24414062 0. 3.16373067752e-22 0.
1467581205 1 8376.96582031 0. 3.16086544288e-22 0.
1467581265 1 8366.7109375 0. 3.15963837947e-22 0.
1467581325 1 8362.49902344 0. 3.16066762594e-22 0.
1467581386 1 8356.21679688 0. 3.16080417651e-22 0.
1467581446 1 8355.71777344 0. 3.16309238982e-22 0.
1467581506 1 8353.70996094 0. 3.16488477177e-22 0.
1467581566 1 8337.39648438 0. 3.16106216281e-22 0.
1467581626 1 8338.97363281 0. 3.16426035596e-22 0.
1467581686 1 8330.69335938 0. 3.16362292923e-22 0.
1467581746 1 8322.125 0. 3.16300755412e-22 0.
1467581806 1 8319.12011719 0. 3.16434020166e-22 0.
1467581867 1 8309.80761719 0. 3.1633601254e-22 0.
1467581927 1 8310.12109375 0. 3.16599377271e-22 0.
1467581987 1 8304.67285156 0. 3.16642687286e-22 0.
1467582029 1 8297.60839844 0. 3.16563415909e-22 0.
1467582072 1 8293.04296875 0. 3.16557403921e-22 0.
1467582132 1 8287.18847656 0. 3.16589391955e-22 0.
1467582192 1 8281.54785156 0. 3.16640121491e-22 0.
1467582251 1 8274.30761719 0. 3.16608595386e-22 0.
1467582285 1 8270.11523438 0. 3.16559723728e-22 0.
1467582320 1 8265.74707031 0. 3.16556430374e-22 0.
1467582380 1 8260.03320312 0. 3.16614341844e-22 0.
1467582434 1 8251.24511719 0. 3.16520495618e-22 0.
1467582487 1 8246.30761719 0. 3.16555471964e-22 0.
1467582547 1 8236.62402344 0. 3.16440838137e-22 0.
1467582607 1 8232.26464844 0. 3.16531163092e-22 0.
1467582668 1 8224.4296875 0. 3.16478962628e-22 0.
1467582728 1 8223.76171875 0. 3.16706792303e-22 0.
1467582788 1 8221.51660156 0. 3.16886438769e-22 0.
1467582848 1 8216.03027344 0. 3.1691629526e-22 0.
1467582908 1 8210.33398438 0. 3.16948694758e-22 0.
1467582968 1 8201.8125 0. 3.16859193378e-22 0.
1467583028 1 8199.48730469 0. 3.17032114011e-22 0.
1467583089 1 8193.33007812 0. 3.17053609675e-22 0.
1467583149 1 8188.55908203 0. 3.17119391783e-22 0.
1467583209 1 8181.76708984 0. 3.17107495452e-22 0.
1467583269 1 8172.94287109 0. 3.17030118317e-22 0.
1467583329 1 8166.08203125 0. 3.17018627413e-22 0.
1467583389 1 8164.07666016 0. 3.17188157104e-22 0.
1467583449 1 8157.80712891 0. 3.17196306196e-22 0.
1467583510 1 8154.11767578 0. 3.17313208143e-22 0.
1467583570 1 8142.12109375 0. 3.17079132013e-22 0.
1467583630 1 8140.6015625 0. 3.17266750176e-22 0.
1467583690 1 8135.38720703 0. 3.17322354018e-22 0.
1467583727 1 8127.54785156 0. 3.17162592898e-22 0.
1467583764 1 8128.06005859 0. 3.17326549268e-22 0.
1467583825 1 8122.18652344 0. 3.17355989341e-22 0.
1467583885 1 8112.17822266 0. 3.17224843912e-22 0.
1467583945 1 8102.85253906 0. 3.17101122706e-22 0.
1467584005 1 8096.22119141 0. 3.17087724037e-22 0.
1467584065 1 8090.17285156 0. 3.17110767993e-22 0.
1467584125 1 8084.63427734 0. 3.17142492851e-22 0.
1467584185 1 8085.03369141 0. 3.1740730611e-22 0.
1467584246 1 8076.02246094 0. 3.17298005562e-22 0.
1467584306 1 8074.81933594 0. 3.17498760144e-22 0.
1467584366 1 8071.29541016 0. 3.17610778353e-22 0.
1467584426 1 8070.23974609 0. 3.17815410871e-22 0.
1467584486 1 8061.41015625 0. 3.17715926273e-22 0.
1467584546 1 8053.35595703 0. 3.1762969462e-22 0.
1467584606 1 7937.93457031 0. 3.13329509411e-22 0.
1467584666 1 7961.87304688 0. 3.14522372185e-22 0.
1467584726 1 7815.47998047 0. 3.08996552172e-22 0.
1467584787 1 8098.76074219 0. 3.2042300252e-22 0.
1467584847 1 8093.81982422 0. 3.20476389638e-22 0.
1467584907 1 8089.73193359 0. 3.20570879599e-22 0.
1467584967 1 8084.39306641 0. 3.20616586023e-22 0.
1467585027 1 8079.65039062 0. 3.20675564562e-22 0.
1467585087 1 8072.31494141 0. 3.20628626639e-22 0.
1467585147 1 8067.16210938 0. 3.2067221026e-22 0.
1467585207 1 8064.82324219 0. 3.20828964458e-22 0.
1467585268 1 8056.58203125 0. 3.20737248657e-22 0.
1467585328 1 8049.10742188 0. 3.206962359e-22 0.
1467585388 1 8048.91064453 0. 3.20921202743e-22 0.
1467585448 1 8044.41308594 0. 3.20991206034e-22 0.
1467585508 1 8037.39355469 0. 3.20962710019e-22 0.
1467585568 1 8029.98974609 0. 3.20914873452e-22 0.
1467585628 1 8025.97070312 0. 3.21000369529e-22 0.
1467585688 1 8023.76660156 0. 3.2115736689e-22 0.
1467585749 1 8016.88818359 0. 3.21134984067e-22 0.
1467585809 1 8010.59960938 0. 3.21130784668e-22 0.
1467585869 1 8004.81103516 0. 3.21144006919e-22 0.
1467585929 1 7999.55615234 0. 3.21169312201e-22 0.
1467585989 1 7998.23681641 0. 3.21362880125e-22 0.
1467586049 1 7990.60693359 0. 3.2130951604e-22 0.
1467586109 1 7986.52441406 0. 3.2139722892e-22 0.
1467586144 1 7984.14306641 0. 3.2142768752e-22 0.
1467586180 1 7981.75390625 0. 3.21483507838e-22 0.
1467586240 1 7979.64453125 0. 0.0 0.
1467586275 1 7978.41601562 0. 3.21749690011e-22 0.
1467586285 1 7978.06542969 0. 3.2180062375e-22 0.
1467586320 1 7973.06005859 0. 3.21737870526e-22 0.
1467586380 1 7962.5390625 0. 3.21563182583e-22 0.
1467586432 1 7959.06689453 0. 3.21646289635e-22 0.
1467586484 1 7955.83935547 0. 3.21733374358e-22 0.
1467586545 1 7951.23388672 0. 3.21782352405e-22 0.
1467586605 1 7946.80078125 0. 3.2185592572e-22 0.
1467586665 1 7937.87841797 0. 3.21752128712e-22 0.
1467586703 1 7936.30566406 0. 3.21844266682e-22 0.
1467586741 1 7934.36181641 0. 3.21910026141e-22 0.
1467586783 1 7928.36767578 0. 3.21840831686e-22 0.
1467586826 1 7926.84619141 0. 3.21960987174e-22 0.
1467586886 1 7919.27636719 0. 3.2190899824e-22 0.
1467586932 1 7918.61035156 0. 3.22063466776e-22 0.
1467586978 1 7913.88134766 0. 3.22061789224e-22 0.
1467587038 1 7907.66650391 0. 3.22044738825e-22 0.
1467587098 1 7902.32470703 0. 3.22071633435e-22 0.
1467587158 1 7896.83349609 0. 3.2210065078e-22 0.
1467587219 1 7897.04248047 0. 3.22354042633e-22 0.
1467587279 1 7891.36132812 0. 3.22375351492e-22 0.
1467587339 1 7885.64453125 0. 3.22382870949e-22 0.
1467587399 1 7877.1875 0. 3.22276211924e-22 0.
1467587459 1 7871.40039062 0. 3.2229170464e-22 0.
1467587519 1 7868.25878906 0. 3.22406090018e-22 0.
1467587579 1 7865.29345703 0. 3.22534532856e-22 0.
1467587640 1 7857.72412109 0. 3.22463922569e-22 0.
1467587700 1 7855.95263672 0. 3.22642005959e-22 0.
1467587760 1 7851.74902344 0. 3.22729547761e-22 0.
1467587820 1 7846.79443359 0. 3.22767080805e-22 0.
1467587880 1 7843.85839844 0. 3.22898592366e-22 0.
1467587940 1 7838.27978516 0. 3.22913226524e-22 0.
1467588000 1 7830.87011719 0. 3.2286417051e-22 0.
1467588061 1 7827.18798828 0. 3.22964105485e-22 0.
1467588121 1 7825.13427734 0. 3.23125735452e-22 0.
1467588181 1 7821.11962891 0. 3.23201450656e-22 0.
1467588230 1 7815.91015625 0. 3.23202320938e-22 0.
1467588279 1 7811.27783203 0. 3.23210561857e-22 0.
1467588339 1 7805.22509766 0. 3.23197561701e-22 0.
1467588399 1 7802.33691406 0. 3.23336153688e-22 0.
1467588459 1 7797.00390625 0. 3.23354998932e-22 0.
1467588520 1 7792.20605469 0. 3.234095897e-22 0.
1467588580 1 7787.14697266 0. 3.23444625729e-22 0.
1467588640 1 7782.41259766 0. 3.23495659968e-22 0.
1467588700 1 7778.13232422 0. 3.23562933768e-22 0.
1467588760 1 7772.3984375 0. 3.23574811148e-22 0.
1467588820 1 7765.74365234 0. 3.23537999766e-22 0.
1467588880 1 7764.40332031 0. 3.23731010913e-22 0.
1467588941 1 7758.85400391 0. 3.2374458727e-22 0.
1467588998 1 7753.22314453 0. 3.23745045454e-22 0.
1467589033 1 7750.54736328 0. 0.0 0.
1467589045 1 7749.57568359 0. 3.23757828638e-22 0.
1467589081 1 7746.875 0. 3.23793117526e-22 0.
1467589141 1 7744.53271484 0. 3.2395010629e-22 0.
1467589201 1 7739.03173828 0. 3.23968930308e-22 0.
1467589261 1 7733.02148438 0. 3.23969781185e-22 0.
1467589321 1 7729.51708984 0. 0.0 0.
1467589356 1 7727.47314453 0. 3.24108733374e-22 0.
1467589381 1 7726.00146484 0. 3.24149692459e-22 0.
1467589425 1 7725.05712891 0. 3.24307260712e-22 0.
1467589470 1 7719.75488281 0. 3.24268864826e-22 0.
1467589516 1 7713.29394531 0. 3.24179067361e-22 0.
1467589562 1 7711.078125 0. 3.24265197815e-22 0.
1467589615 1 7709.22265625 0. 3.2441501329e-22 0.
1467589675 1 7703.27490234 0. 3.24398085169e-22 0.
1467589735 1 7698.75683594 0. 3.24443754405e-22 0.
1467589796 1 7693.48095703 0. 3.24468901719e-22 0.
1467589856 1 7690.47070312 0. 3.24586625431e-22 0.
1467589916 1 7687.50341797 0. 3.24695976946e-22 0.
1467589976 1 7684.08984375 0. 3.24799876409e-22 0.
1467590036 1 7679.09912109 0. 3.24838116692e-22 0.
1467590096 1 7674.44580078 0. 3.24880651965e-22 0.
1467590156 1 7667.92236328 0. 3.24855606572e-22 0.
1467590216 1 7661.82519531 0. 3.24830015638e-22 0.
1467590260 1 7658.28759766 0. 3.24872477727e-22 0.
1467590305 1 7654.60693359 0. 3.24892605764e-22 0.
1467590365 1 7648.72460938 0. 3.2488534931e-22 0.
1467590425 1 7645.80566406 0. 3.2500164756e-22 0.
1467590485 1 7638.96386719 0. 3.24962980144e-22 0.
1467590545 1 7635.54833984 0. 3.25055441584e-22 0.
1467590580 1 7633.55566406 0. 3.250923588e-22 0.
1467590615 1 7631.56347656 0. 3.25148138549e-22 0.
1467590675 1 7628.18408203 0. 3.25263658018e-22 0.
1467590735 1 7623.67431641 0. 3.25308875235e-22 0.
1467590771 1 7622.12158203 0. 3.25385632252e-22 0.
1467590807 1 7618.22314453 0. 3.25366304528e-22 0.
1467590859 1 7614.14648438 0. 3.25398872872e-22 0.
1467590910 1 7611.74316406 0. 3.25504714434e-22 0.
1467590970 1 7602.91650391 0. 3.25362000472e-22 0.
1467591030 1 7598.92138672 0. 3.25436424289e-22 0.
1467591090 1 7591.65185547 0. 3.25370451356e-22 0.
1467591151 1 7586.79052734 0. 3.25402983931e-22 0.
1467591211 1 7581.00878906 0. 3.25401900728e-22 0.
1467591271 1 7577.33544922 0. 3.25485193404e-22 0.
1467591331 1 7576.63720703 0. 3.25701598244e-22 0.
1467591391 1 7570.74658203 0. 3.25703056334e-22 0.
1467591429 1 7568.10595703 0. 3.25745017946e-22 0.
1467591467 1 7564.82910156 0. 3.25756132594e-22 0.
1467591527 1 7559.13378906 0. 3.25749618023e-22 0.
1467591587 1 7552.84912109 0. 3.2572891847e-22 0.
1467591628 1 7551.66748047 0. 3.25846862653e-22 0.
1467591669 1 7546.02880859 0. 3.25769701392e-22 0.
1467591729 1 7543.70849609 0. 3.25922269018e-22 0.
1467591789 1 7542.5078125 0. 3.26101920247e-22 0.
1467591849 1 7533.64746094 0. 3.25973005234e-22 0.
1467591910 1 7529.25878906 0. 3.26034974996e-22 0.
1467591970 1 7524.37255859 0. 3.26061385122e-22 0.
1467592030 1 7519.10986328 0. 3.26072318057e-22 0.
1467592090 1 7516.68310547 0. 3.26215603658e-22 0.
1467592150 1 7510.39892578 0. 3.26194396705e-22 0.
1467592210 1 7505.83691406 0. 3.26244053285e-22 0.
1467592270 1 7502.71142578 0. 3.26348523893e-22 0.
1467592330 1 7497.31005859 0. 3.26359461018e-22 0.
1467592391 1 7493.25048828 0. 3.26427374664e-22 0.
1467592451 1 7487.91503906 0. 3.26442531935e-22 0.
1467592511 1 7480.11474609 0. 3.26352056616e-22 0.
1467592571 1 7476.859375 0. 3.2645242963e-22 0.
1467592631 1 7471.8203125 0. 3.26465899832e-22 0.
1467592691 1 7467.92285156 0. 3.2655477035e-22 0.
1467592752 1 7464.78173828 0. 3.26664203271e-22 0.
1467592812 1 7460.75244141 0. 3.26728083783e-22 0.
1467592872 1 7455.73730469 0. 3.26758427628e-22 0.
1467592932 1 7451.82373047 0. 3.2682751822e-22 0.
1467592992 1 7444.44238281 0. 3.26753221238e-22 0.
1467593052 1 7440.95507812 0. 3.26841192664e-22 0.
1467593112 1 7435.1796875 0. 3.26826319712e-22 0.
1467593172 1 7430.83740234 0. 3.2687658779e-22 0.
1467593233 1 7425.57958984 0. 3.26889389432e-22 0.
1467593293 1 7420.75341797 0. 3.26929156074e-22 0.
1467593353 1 7417.47119141 0. 3.27019018041e-22 0.
1467593413 1 7411.55419922 0. 3.2700091866e-22 0.
1467593473 1 7409.5703125 0. 3.27161414348e-22 0.
1467593533 1 7405.92871094 0. 3.27245097917e-22 0.
1467593593 1 7399.84082031 0. 3.27217547018e-22 0.
1467593654 1 7398.53710938 0. 3.27400733e-22 0.
1467593714 1 7394.29296875 0. 3.27461785839e-22 0.
1467593774 1 7390.69628906 0. 3.27544728068e-22 0.
1467593834 1 7385.73974609 0. 3.27555053219e-22 0.
1467593894 1 7379.92675781 0. 3.27534608681e-22 0.
1467593954 1 7376.421875 0. 3.27620432332e-22 0.
1467594014 1 7371.32714844 0. 3.27640223787e-22 0.
1467594074 1 7364.89599609 0. 3.27592107405e-22 0.
1467594135 1 7363.33496094 0. 3.27765506469e-22 0.
1467594195 1 7358.00878906 0. 3.27780258354e-22 0.
1467594255 1 7351.80322266 0. 3.27737899528e-22 0.
1467594315 1 7347.31640625 0. 0.0 0.
1467594350 1 7344.69726562 0. 3.27774418938e-22 0.
1467594376 1 7342.78222656 0. 3.2780502795e-22 0.
1467594426 1 7336.50732422 0. 3.27740667389e-22 0.
1467594487 1 7334.56933594 0. 3.27904412247e-22 0.
1467594547 1 7329.69628906 0. 3.27921265804e-22 0.
1467594607 1 7322.39941406 0. 3.27836728377e-22 0.
1467594667 1 7322.56445312 0. 3.28084320645e-22 0.
1467594727 1 7317.80664062 0. 3.28104489326e-22 0.
1467594787 1 7313.78466797 0. 3.28164527188e-22 0.
1467594847 1 7311.20703125 0. 3.28290704206e-22 0.
1467594908 1 7303.87939453 0. 3.28203102989e-22 0.
1467594968 1 7300.22949219 0. 3.28278528363e-22 0.
1467595028 1 7295.54931641 0. 3.28306973347e-22 0.
1467595088 1 7288.40869141 0. 3.28229718802e-22 0.
1467595148 1 7287.10693359 0. 3.2841508953e-22 0.
1467595197 1 7283.18505859 0. 3.28447635112e-22 0.
1467595224 1 7281.30517578 0. 3.28466231346e-22 0.
1467595243 1 7278.43164062 0. 3.28401654746e-22 0.
1467595285 1 7275.51123047 0. 3.28438333784e-22 0.
1467595345 1 7249.10205078 0. 3.27497452239e-22 0.
1467595405 1 7089.69921875 0. 3.20528586737e-22 0.
1467595465 1 7078.77880859 0. 3.20266581646e-22 0.
1467595526 1 7090.79541016 0. 3.21049827581e-22 0.
1467595586 1 7268.58837891 0. 3.29329840258e-22 0.
1467595646 1 7264.55566406 0. 3.2938897198e-22 0.
1467595706 1 7260.33789062 0. 3.29441322814e-22 0.
1467595766 1 7255.90869141 0. 3.29479469791e-22 0.
1467595826 1 7248.04882812 0. 3.29372187996e-22 0.
1467595886 1 7245.78857422 0. 3.29501629723e-22 0.
1467595946 1 7244.25292969 0. 3.29675953331e-22 0.
1467596006 1 7234.69335938 0. 3.29482274841e-22 0.
1467596067 1 7232.91455078 0. 3.29640492495e-22 0.
1467596127 1 7229.01660156 0. 3.29702721745e-22 0.
1467596187 1 7224.24609375 0. 3.29728933499e-22 0.
1467596247 1 7222.62304688 0. 3.29887956917e-22 0.
1467596307 1 7214.88427734 0. 3.29782925099e-22 0.
1467596367 1 7212.54736328 0. 3.29917026713e-22 0.
1467596427 1 7209.38671875 0. 3.30014195571e-22 0.
1467596487 1 7203.91845703 0. 3.30012255279e-22 0.
1467596548 1 7199.13574219 0. 3.30039658164e-22 0.
1467596608 1 7195.26904297 0. 3.30093321756e-22 0.
1467596668 1 7191.96289062 0. 3.30183936033e-22 0.
1467596726 1 7187.09130859 0. 3.30192757235e-22 0.
1467596762 1 7184.97412109 0. 3.30238722641e-22 0.
1467596800 1 7180.40771484 0. 3.3017854258e-22 0.
1467596860 1 7177.95556641 0. 3.30308754626e-22 0.
1467596920 1 7175.57470703 0. 3.30432800438e-22 0.
1467596972 1 7170.82910156 0. 3.3041269956e-22 0.
1467597023 1 7164.41503906 0. 3.30325391122e-22 0.
1467597084 1 7160.72558594 0. 3.30395579986e-22 0.
1467597144 1 7160.05273438 0. 3.30604151977e-22 0.
1467597204 1 7155.88574219 0. 3.30649931862e-22 0.
1467597255 1 7150.04199219 0. 3.30579158082e-22 0.
1467597306 1 7148.46972656 0. 3.30707131583e-22 0.
1467597353 1 7144.18457031 0. 3.30696452123e-22 0.
1467597399 1 7139.71630859 0. 3.30682659953e-22 0.
1467597459 1 7136.39257812 0. 3.30763155791e-22 0.
1467597519 1 7132.22216797 0. 3.30798482012e-22 0.
1467597580 1 7127.59082031 0. 3.30817417622e-22 0.
1467597640 1 7122.82763672 0. 3.30841691371e-22 0.
1467597696 1 7119.18164062 0. 3.30887764765e-22 0.
1467597731 1 7113.71484375 0. 3.30784885344e-22 0.
1467597769 1 7113.10302734 0. 3.30904375182e-22 0.
1467597829 1 7108.73388672 0. 3.30942595076e-22 0.
1467597889 1 7104.61376953 0. 3.30986976743e-22 0.
1467597950 1 7103.42529297 0. 3.31173669346e-22 0.
1467597995 1 7098.04638672 0. 3.31099249008e-22 0.
1467598018 1 7098.83886719 0. 3.31235539034e-22 0.
1467598055 1 7097.35546875 0. 3.31301098922e-22 0.
1467598115 1 7092.87011719 0. 3.31332919394e-22 0.
1467598162 1 7088.11816406 0. 3.31296457318e-22 0.
1467598209 1 7084.17480469 0. 3.3129482372e-22 0.
1467598269 1 7080.97851562 0. 3.31377787847e-22 0.
1467598329 1 7076.77099609 0. 3.31435798394e-22 0.
1467598389 1 7070.8046875 0. 3.31382065573e-22 0.
1467598450 1 7066.08789062 0. 3.31407314927e-22 0.
1467598510 1 7061.16503906 0. 3.31413344354e-22 0.
1467598570 1 7060.65966797 0. 3.31640534536e-22 0.
1467598630 1 7054.13232422 0. 3.31576812595e-22 0.
1467598690 1 7047.21630859 0. 3.31489109492e-22 0.
1467598750 1 7048.27880859 0. 3.3177574725e-22 0.
1467598810 1 7045.30957031 0. 3.31872996679e-22 0.
1467598870 1 7041.46679688 0. 3.31925798892e-22 0.
1467598930 1 7034.15869141 0. 3.31819831951e-22 0.
1467598991 1 7030.45117188 0. 3.31889207447e-22 0.
1467599051 1 7026.86865234 0. 3.31962470232e-22 0.
1467599111 1 7022.20117188 0. 3.3197795236e-22 0.
1467599171 1 7019.7734375 0. 3.32095185106e-22 0.
1467599231 1 7018.00732422 0. 3.3225371168e-22 0.
1467599291 1 7012.23242188 0. 3.32217099548e-22 0.
1467599351 1 7007.64794922 0. 3.32241128174e-22 0.
1467599411 1 7003.20556641 0. 3.32267663998e-22 0.
1467599472 1 6999.00683594 0. 3.32314765916e-22 0.
1467599532 1 6998.06933594 0. 3.32514514163e-22 0.
1467599592 1 6993.68212891 0. 3.32551193705e-22 0.
1467599652 1 6985.75341797 0. 3.32415635561e-22 0.
1467599712 1 6985.88769531 0. 3.32656977787e-22 0.
1467599772 1 6983.51416016 0. 3.32774415943e-22 0.
1467599832 1 6977.05126953 0. 3.32715237434e-22 0.
1467599892 1 6969.92285156 0. 3.32611669059e-22 0.
1467599953 1 6963.50244141 0. 3.32538046214e-22 0.
1467600013 1 6963.07617188 0. 3.32762093705e-22 0.
1467600073 1 6956.14404297 0. 3.32672565816e-22 0.
1467600111 1 6953.78955078 0. 3.32729851604e-22 0.
1467600124 1 6953.07763672 0. 3.32748822831e-22 0.
1467600143 1 6950.26757812 0. 3.32677780142e-22 0.
1467600186 1 6949.90380859 0. 3.32833728267e-22 0.
1467600246 1 6949.20849609 0. 3.33027532105e-22 0.
1467600306 1 6942.63867188 0. 3.32961762839e-22 0.
1467600367 1 6939.27832031 0. 3.33037221422e-22 0.
1467600402 1 6937.31933594 0. 3.33056746386e-22 0.
1467600412 1 6936.75976562 0. 3.33080757634e-22 0.
1467600447 1 6936.76025391 0. 3.33244265501e-22 0.
1467600507 1 6931.05371094 0. 3.33206652163e-22 0.
1467600567 1 6924.77832031 0. 3.33147095403e-22 0.
1467600627 1 6924.30517578 0. 3.33357293755e-22 0.
1467600687 1 6918.83642578 0. 3.33342168962e-22 0.
1467600747 1 6913.84765625 0. 3.33339306723e-22 0.
1467600807 1 6915.44140625 0. 3.33663687677e-22 0.
1467600868 1 6908.13964844 0. 3.3354826004e-22 0.
1467600928 1 6902.43212891 0. 3.33524626732e-22 0.
1467600988 1 6902.89453125 0. 3.33779180031e-22 0.
1467601048 1 6897.04296875 0. 3.33738255656e-22 0.
1467601108 1 6893.46484375 0. 3.33809099868e-22 0.
1467601168 1 6888.41503906 0. 3.33817889269e-22 0.
1467601229 1 6886.76757812 0. 0.0 0.
1467601264 1 6885.80664062 0. 3.34035523561e-22 0.
1467601276 1 6885.46972656 0. 3.34090104671e-22 0.
1467601313 1 6880.93408203 0. 3.34044480213e-22 0.
1467601373 1 6874.92041016 0. 3.33993538647e-22 0.
1467601432 1 6872.98730469 0. 3.34141520696e-22 0.
1467601492 1 6871.51953125 0. 3.3431762327e-22 0.
1467601553 1 6867.38183594 0. 3.34360224965e-22 0.
1467601603 1 6863.26123047 0. 3.34372251219e-22 0.
1467601654 1 6858.21386719 0. 3.3432397509e-22 0.
1467601714 1 6853.75244141 0. 3.34363141323e-22 0.
1467601774 1 6848.15332031 0. 3.34335545886e-22 0.
1467601834 1 6845.70263672 0. 3.34467120975e-22 0.
1467601894 1 6841.96679688 0. 3.34523072254e-22 0.
1467601954 1 6837.96142578 0. 3.34567799316e-22 0.
1467602014 1 6834.17431641 0. 3.34613535049e-22 0.
1467602074 1 6830.89257812 0. 3.347093232e-22 0.
1467602135 1 6826.3984375 0. 3.34737378655e-22 0.
1467602195 1 6823.73095703 0. 3.34857949967e-22 0.
1467602255 1 6818.59765625 0. 3.34852813514e-22 0.
1467602315 1 6812.57617188 0. 3.34804420291e-22 0.
1467602375 1 6810.06884766 0. 3.34918654528e-22 0.
1467602435 1 6805.96337891 0. 3.34954641732e-22 0.
1467602495 1 6801.078125 0. 3.34948416358e-22 0.
1467602542 1 6797.60986328 0. 3.34967155147e-22 0.
1467602574 1 6795.50292969 0. 3.35010467121e-22 0.
1467602619 1 6793.35693359 0. 3.35069440265e-22 0.
1467602680 1 6790.18408203 0. 3.35150996987e-22 0.
1467602740 1 6786.07128906 0. 3.3518875388e-22 0.
1467602801 1 6784.00292969 0. 3.3532186936e-22 0.
1467602861 1 6779.42236328 0. 3.3533223697e-22 0.
1467602921 1 6776.06542969 0. 3.35406749999e-22 0.
1467602981 1 6773.29931641 0. 3.35510447335e-22 0.
1467603041 1 6768.29931641 0. 3.35511120977e-22 0.
1467603101 1 6764.37353516 0. 3.35556549333e-22 0.
1467603161 1 6759.70361328 0. 3.35559434244e-22 0.
1467603222 1 6755.36523438 0. 3.35583918045e-22 0.
1467603282 1 6750.58740234 0. 3.35578255413e-22 0.
1467603342 1 6744.55664062 0. 3.3552172006e-22 0.
1467603402 1 6738.96875 0. 3.35487782163e-22 0.
1467603462 1 6709.58935547 0. 3.34254977813e-22 0.
1467603522 1 6572.42919922 0. 3.27645555648e-22 0.
1467603582 1 6549.53662109 0. 3.26734189599e-22 0.
1467603642 1 6727.80224609 0. 3.35863761416e-22 0.
1467603703 1 6724.99658203 0. 3.35964092122e-22 0.
1467603763 1 6721.15087891 0. 3.35992539585e-22 0.
1467603823 1 6717.00048828 0. 3.36021120544e-22 0.
1467603883 1 6712.625 0. 3.36035399685e-22 0.
1467603943 1 6710.1171875 0. 3.36141742467e-22 0.
1467604003 1 6706.24316406 0. 3.36181266053e-22 0.
1467604063 1 6701.88818359 0. 3.36199411099e-22 0.
1467604124 1 6698.68945312 0. 3.36279339614e-22 0.
1467604184 1 6696.33886719 0. 3.36398810153e-22 0.
1467604232 1 6693.58886719 0. 3.36445790532e-22 0.
1467604258 1 6692.25683594 0. 3.36490542928e-22 0.
1467604296 1 6688.78759766 0. 3.36460350945e-22 0.
1467604340 1 6684.87890625 0. 3.36440667326e-22 0.
1467604384 1 6682.93896484 0. 3.36524407616e-22 0.
1467604444 1 6680.20214844 0. 3.36626032734e-22 0.
1467604504 1 6674.80957031 0. 3.36592488463e-22 0.
1467604564 1 6670.20166016 0. 3.36606265053e-22 0.
1467604624 1 6665.77734375 0. 3.36621277807e-22 0.
1467604673 1 6663.70458984 0. 3.36707462815e-22 0.
1467604722 1 6660.60302734 0. 3.3673568424e-22 0.
1467604757 1 6658.35253906 0. 3.36753781352e-22 0.
1467604792 1 6656.10253906 0. 3.36776296367e-22 0.
1467604853 1 6651.74023438 0. 3.36798790428e-22 0.
1467604913 1 6648.13720703 0. 3.36859273088e-22 0.
1467604973 1 6644.70654297 0. 3.36929603424e-22 0.
1467605018 1 6640.51025391 0. 3.36900305159e-22 0.
1467605040 1 6639.20410156 0. 3.36923825959e-22 0.
1467605078 1 6635.27197266 0. 3.36859223966e-22 0.
1467605138 1 6633.32373047 0. 3.3699793495e-22 0.
1467605198 1 6629.73486328 0. 3.37056991949e-22 0.
1467605258 1 6625.41259766 0. 3.37072653834e-22 0.
1467605319 1 6619.49511719 0. 3.37006214354e-22 0.
1467605379 1 6616.02978516 0. 3.37651999206e-22 0.
1467605422 1 6615.1875 0. 3.37220908486e-22 0.
1467605466 1 6612.54541016 0. 3.37234334898e-22 0.
1467605526 1 6608.27539062 0. 3.37258183671e-22 0.
1467605587 1 6608.38330078 0. 3.37514687034e-22 0.
1467605647 1 6602.77636719 0. 3.37463953344e-22 0.
1467605707 1 6599.5625 0. 3.37540307345e-22 0.
1467605767 1 6597.21826172 0. 3.37658267909e-22 0.
1467605827 1 6595.01269531 0. 3.3777797643e-22 0.
1467605887 1 6589.27880859 0. 3.37719568817e-22 0.
1467605947 1 6586.47705078 0. 3.37821356149e-22 0.
1467606007 1 6581.0859375 0. 3.37777011422e-22 0.
1467606068 1 6578.09716797 0. 3.37855853679e-22 0.
1467606128 1 6575.29003906 0. 3.3793824699e-22 0.
1467606178 1 6573.50146484 0. 3.38059576511e-22 0.
1467606206 1 6572.43798828 0. 3.38104868142e-22 0.
1467606243 1 6568.94677734 0. 3.38063385966e-22 0.
1467606304 1 6565.05957031 0. 3.38093034862e-22 0.
1467606364 1 6561.83105469 0. 3.38166851555e-22 0.
1467606424 1 6558.4765625 0. 3.3823657651e-22 0.
1467606484 1 6556.20410156 0. 3.3834483516e-22 0.
1467606544 1 6550.81738281 0. 3.38311247946e-22 0.
1467606604 1 6548.15722656 0. 3.38403241569e-22 0.
1467606664 1 6544.66015625 0. 3.38449497592e-22 0.
1467606725 1 6540.37792969 0. 3.38482395018e-22 0.
1467606785 1 6537.12011719 0. 3.3855034251e-22 0.
1467606845 1 6532.69140625 0. 3.3856507858e-22 0.
1467606905 1 6529.51855469 0. 3.38644604994e-22 0.
1467606965 1 6526.10986328 0. 3.38724143711e-22 0.
1467607025 1 6520.8984375 0. 3.3868869499e-22 0.
1467607085 1 6516.953125 0. 3.38735397517e-22 0.
1467607145 1 6513.08886719 0. 3.38773366783e-22 0.
1467607201 1 6511.14306641 0. 0.0 0.
1467607232 1 6510.06738281 0. 3.38930188433e-22 0.
1467607242 1 6509.71826172 0. 3.38978896498e-22 0.
1467607252 1 6508.70263672 0. 3.38985064951e-22 0.
1467607266 1 6509.88623047 0. 3.39084216332e-22 0.
1467607304 1 6505.36572266 0. 3.3898303084e-22 0.
1467607364 1 6499.85693359 0. 3.38949379596e-22 0.
1467607424 1 6495.55517578 0. 3.38970303334e-22 0.
1467607484 1 6493.27246094 0. 3.3909479197e-22 0.
1467607544 1 6490.77539062 0. 3.39205999842e-22 0.
1467607604 1 6488.09228516 0. 3.39307855527e-22 0.
1467607665 1 6483.58105469 0. 3.39298775455e-22 0.
1467607725 1 6477.19873047 0. 3.39200235959e-22 0.
1467607785 1 6474.17724609 0. 3.39280726556e-22 0.
1467607845 1 6470.70996094 0. 3.39342106971e-22 0.
1467607905 1 6465.17822266 0. 3.39283675968e-22 0.
1467607965 1 6463.65039062 0. 3.39443432936e-22 0.
1467608025 1 6462.10839844 0. 3.39604923114e-22 0.
1467608085 1 6455.99902344 0. 3.39529349421e-22 0.
1467608146 1 6454.61572266 0. 3.39687572635e-22 0.
1467608206 1 6449.90429688 0. 3.39675945194e-22 0.
1467608266 1 6443.40429688 0. 3.39575750536e-22 0.
1467608325 1 6440.26708984 0. 3.39632691204e-22 0.
1467608384 1 6437.48339844 0. 3.39716417899e-22 0.
1467608444 1 6434.42578125 0. 3.39787474401e-22 0.
1467608504 1 6432.81689453 0. 3.39940347447e-22 0.
1467608564 1 6429.50976562 0. 3.40000769046e-22 0.
1467608624 1 6423.70214844 0. 3.39922750965e-22 0.
1467608685 1 6420.22900391 0. 3.39962331659e-22 0.
1467608734 1 6419.40478516 0. 3.40123416619e-22 0.
1467608784 1 6415.61083984 0. 3.40113599096e-22 0.
1467608844 1 6412.26123047 0. 3.40186032555e-22 0.
1467608904 1 6409.45996094 0. 3.40267217955e-22 0.
1467608964 1 6405.65039062 0. 3.40300769039e-22 0.
1467609024 1 6400.36425781 0. 3.40244773352e-22 0.
1467609084 1 6398.63574219 0. 3.4039577199e-22 0.
1467609144 1 6394.73242188 0. 3.40414432227e-22 0.
1467609205 1 6392.39013672 0. 3.40533351942e-22 0.
1467609265 1 6388.07177734 0. 3.4054056436e-22 0.
1467609325 1 6383.98095703 0. 3.4054549452e-22 0.
1467609378 1 6378.38720703 0. 3.40419785065e-22 0.
1467609408 1 6378.28369141 0. 0.0 0.
1467609420 1 6378.24121094 0. 3.40562604577e-22 0.
1467609455 1 6378.12060547 0. 3.40646663075e-22 0.
1467609516 1 6377.58154297 0. 3.40821091298e-22 0.
1467609576 1 6381.00097656 0. 3.41210736449e-22 0.
1467609636 1 6369.28955078 0. 3.40782844123e-22 0.
1467609696 1 6306.33056641 0. 3.37644237922e-22 0.
1467609756 1 6213.07714844 0. 3.32886484297e-22 0.
1467609816 1 6233.66210938 0. 3.34212891052e-22 0.
1467609869 1 6363.21972656 0. 3.41358034733e-22 0.
1467609922 1 6359.52294922 0. 3.41366153252e-22 0.
1467609983 1 6353.79003906 0. 3.41298134962e-22 0.
1467610043 1 6351.25097656 0. 3.41406826939e-22 0.
1467610090 1 6347.32617188 0. 3.41368297121e-22 0.
1467610136 1 6342.64404297 0. 3.41298112781e-22 0.
1467610197 1 6337.00097656 0. 3.41228756701e-22 0.
1467610257 1 6330.20898438 0. 3.41087919291e-22 0.
1467610317 1 6326.47753906 0. 3.41123580819e-22 0.
1467610377 1 6323.765625 0. 3.41213749841e-22 0.
1467610437 1 6320.65576172 0. 3.41282002603e-22 0.
1467610497 1 6319.48876953 0. 3.41445705417e-22 0.
1467610557 1 6314.86962891 0. 3.41437033518e-22 0.
1467610617 1 6310.58300781 0. 3.414434317e-22 0.
1467610678 1 6306.21044922 0. 3.41431000319e-22 0.
1467610738 1 6302.73486328 0. 3.41485386133e-22 0.
1467610798 1 6297.86816406 0. 3.41454498572e-22 0.
1467610858 1 6294.76416016 0. 3.41527607237e-22 0.
1467610918 1 6292.27636719 0. 3.41629272763e-22 0.
1467610978 1 6288.79980469 0. 3.41676520766e-22 0.
1467611038 1 6284.60644531 0. 3.41701553028e-22 0.
1467611098 1 6285.11230469 0. 3.41961594963e-22 0.
1467611159 1 6283.49121094 0. 3.42105127171e-22 0.
1467611219 1 6280.26123047 0. 3.42170663064e-22 0.
1467611254 1 6278.35058594 0. 3.42179132297e-22 0.
1467611267 1 6277.65234375 0. 3.42198415029e-22 0.
1467611305 1 6274.7109375 0. 3.42201111302e-22 0.
1467611365 1 6272.80224609 0. 3.42339878571e-22 0.
1467611425 1 6269.86279297 0. 3.42420464159e-22 0.
1467611485 1 6265.50927734 0. 3.4241609567e-22 0.
1467611546 1 6262.62548828 0. 3.42484019196e-22 0.
1467611606 1 6259.56445312 0. 3.42550470226e-22 0.
1467611666 1 6257.11523438 0. 3.42643700661e-22 0.
1467611726 1 6253.94238281 0. 3.42700294879e-22 0.
1467611786 1 6250.59814453 0. 3.42735209782e-22 0.
1467611846 1 6246.66455078 0. 3.42756978509e-22 0.
1467611906 1 6241.97509766 0. 3.42740982485e-22 0.
1467611966 1 6238.42089844 0. 3.42771301912e-22 0.
1467612026 1 6234.36914062 0. 3.42781952418e-22 0.
1467612086 1 6230.96777344 0. 3.4282530772e-22 0.
1467612147 1 6226.25732422 0. 3.42804207126e-22 0.
1467612207 1 6223.16601562 0. 3.42862197405e-22 0.
1467612267 1 6220.17675781 0. 3.42933460241e-22 0.
1467612327 1 6217.91357422 0. 3.43045863446e-22 0.
1467612387 1 6213.38916016 0. 3.43030726408e-22 0.
1467612433 1 6210.33056641 0. 3.43041781783e-22 0.
1467612480 1 6208.38720703 0. 3.43106338241e-22 0.
1467612540 1 6205.94580078 0. 3.43206896319e-22 0.
1467612582 1 6202.41113281 0. 3.43171279866e-22 0.
1467612605 1 6200.87304688 0. 3.43186433513e-22 0.
1467612625 1 6200.17822266 0. 3.43217990802e-22 0.
1467612645 1 6199.68115234 0. 3.43278477735e-22 0.
1467612687 1 6196.24902344 0. 3.4324293501e-22 0.
1467612747 1 6190.58447266 0. 3.43169881555e-22 0.
1467612807 1 6185.29541016 0. 3.4311503463e-22 0.
1467612868 1 6185.85449219 0. 3.43385005175e-22 0.
1467612928 1 6183.26757812 0. 3.43461460705e-22 0.
1467612988 1 6178.30175781 0. 3.43429387764e-22 0.
1467613048 1 6174.28369141 0. 3.43448112871e-22 0.
1467613108 1 6171.18212891 0. 3.43503866751e-22 0.
1467613168 1 6163.67382812 0. 3.43316161875e-22 0.
1467613228 1 6163.69384766 0. 3.43553265712e-22 0.
1467613288 1 6160.91748047 0. 3.43629497142e-22 0.
1467613349 1 6156.09228516 0. 3.43599296093e-22 0.
1467613409 1 6155.75341797 0. 3.43810509464e-22 0.
1467613469 1 6148.89453125 0. 3.43663082352e-22 0.
1467613529 1 6147.91259766 0. 3.43834906173e-22 0.
1467613589 1 6143.63427734 0. 3.43828360017e-22 0.
1467613649 1 6138.54003906 0. 3.43777563943e-22 0.
1467613709 1 6137.47460938 0. 3.44587692855e-22 0.
1467613769 1 6132.67822266 0. 3.43915023938e-22 0.
1467613830 1 6130.98925781 0. 3.4404500555e-22 0.
1467613890 1 6126.09326172 0. 3.44001531357e-22 0.
1467613950 1 6123.76269531 0. 3.4410661205e-22 0.
1467614010 1 6120.68554688 0. 3.44158495367e-22 0.
1467614070 1 6113.47460938 0. 3.43992634767e-22 0.
1467614130 1 6113.51660156 0. 3.44230948657e-22 0.
1467614190 1 6110.17724609 0. 3.44269504821e-22 0.
1467614226 1 6108.20703125 0. 3.44277902525e-22 0.
1467614239 1 6107.4609375 0. 3.44285225405e-22 0.
1467614277 1 6103.15527344 0. 3.44206812593e-22 0.
1467614337 1 6100.78125 0. 3.44299673714e-22 0.
1467614398 1 6097.92822266 0. 3.44379704664e-22 0.
1467614458 1 6091.03808594 0. 3.44218305379e-22 0.
1467614518 1 6090.03564453 0. 3.44389424423e-22 0.
1467614578 1 6086.68554688 0. 3.4442368963e-22 0.
1467614638 1 6086.75585938 0. 3.44666916842e-22 0.
1467614698 1 6083.58837891 0. 3.44720044804e-22 0.
1467614758 1 6080.66455078 0. 3.44797003354e-22 0.
1467614818 1 6077.14160156 0. 3.44831176691e-22 0.
1467614879 1 6067.58398438 0. 3.44517170507e-22 0.
1467614939 1 6065.54296875 0. 3.44625625663e-22 0.
1467614999 1 6063.77636719 0. 3.4475620236e-22 0.
1467615059 1 6059.80566406 0. 3.44754735603e-22 0.
1467615119 1 6055.79589844 0. 3.447577689e-22 0.
1467615179 1 6053.24804688 0. 3.44853525961e-22 0.
1467615239 1 6049.01660156 0. 3.44847466393e-22 0.
1467615299 1 6044.80566406 0. 3.44830950496e-22 0.
1467615359 1 6042.45458984 0. 3.44931686644e-22 0.
1467615420 1 6036.30175781 0. 3.44809008642e-22 0.
1467615480 1 6035.89550781 0. 3.45020654287e-22 0.
1467615540 1 6033.11474609 0. 3.45092007677e-22 0.
1467615600 1 6029.34033203 0. 3.4510015854e-22 0.
1467615660 1 6028.47705078 0. 3.4528430972e-22 0.
1467615720 1 6022.87792969 0. 3.45193096188e-22 0.
1467615765 1 6020.93408203 0. 3.45254806714e-22 0.
1467615809 1 6017.09179688 0. 3.45195543397e-22 0.
1467615869 1 6014.76953125 0. 3.45298430999e-22 0.
1467615929 1 6012.31542969 0. 3.45388166665e-22 0.
1467615989 1 6009.06298828 0. 3.45420384573e-22 0.
1467616049 1 6004.16845703 0. 3.45377927196e-22 0.
1467616110 1 6001.11425781 0. 3.45425116046e-22 0.
1467616170 1 6001.52929688 0. 3.45677951252e-22 0.
1467616230 1 5995.73583984 0. 3.45572632991e-22 0.
1467616290 1 5993.58007812 0. 3.45674041201e-22 0.
1467616350 1 5987.68554688 0. 3.45566353938e-22 0.
1467616410 1 5982.91357422 0. 3.45514884296e-22 0.
1467616470 1 5979.58789062 0. 3.45567091656e-22 0.
1467616530 1 5974.79785156 0. 3.4551289824e-22 0.
1467616591 1 5972.203125 0. 3.45591959208e-22 0.
1467616651 1 5967.37548828 0. 3.45544596627e-22 0.
1467616711 1 5964.90820312 0. 3.45633616176e-22 0.
1467616771 1 5962.56738281 0. 3.45729445434e-22 0.
1467616831 1 5958.11865234 0. 3.45694621819e-22 0.
1467616891 1 5954.50439453 0. 3.45715716008e-22 0.
1467616951 1 5951.37304688 0. 0.0 0.
1467616986 1 5949.54541016 0. 3.45763691394e-22 0.
1467617021 1 5947.71826172 0. 3.45792456649e-22 0.
1467617082 1 5945.39404297 0. 3.45910028247e-22 0.
1467617142 1 5940.87109375 0. 3.45875498256e-22 0.
1467617202 1 5939.00537109 0. 3.45986968343e-22 0.
1467617262 1 5934.68310547 0. 3.45972172649e-22 0.
1467617322 1 5928.51318359 0. 3.45838066965e-22 0.
1467617382 1 5926.63818359 0. 3.45953169025e-22 0.
1467617442 1 5921.32763672 0. 3.45873533225e-22 0.
1467617502 1 5918.39404297 0. 3.45931875016e-22 0.
1467617563 1 5914.64013672 0. 3.45932152688e-22 0.
1467617623 1 5910.14208984 0. 3.45899677812e-22 0.
1467617683 1 5908.15527344 0. 3.46009613738e-22 0.
1467617743 1 5905.56640625 0. 3.46096010342e-22 0.
1467617803 1 5902.54736328 0. 3.46150463989e-22 0.
1467617863 1 5899.76660156 0. 3.46214893923e-22 0.
1467617923 1 5894.33544922 0. 3.46127656107e-22 0.
1467617984 1 5895.09667969 0. 3.46397152071e-22 0.
1467618044 1 5892.83105469 0. 3.46491337268e-22 0.
1467618104 1 5889.49902344 0. 3.46531402822e-22 0.
1467618164 1 5881.83398438 0. 3.46311164229e-22 0.
1467618224 1 5881.88867188 0. 3.46544182596e-22 0.
1467618284 1 5880.12158203 0. 3.46665526358e-22 0.
1467618344 1 5876.41650391 0. 3.46683370445e-22 0.
1467618404 1 5874.10986328 0. 3.4677487747e-22 0.
1467618465 1 5870.11816406 0. 3.4676448599e-22 0.
1467618525 1 5866.6640625 0. 3.46788354559e-22 0.
1467618585 1 5862.45019531 0. 3.46775983501e-22 0.
1467618645 1 5858.54052734 0. 3.46787423851e-22 0.
1467618705 1 5855.06396484 0. 3.46803661413e-22 0.
1467618765 1 5850.44628906 0. 3.46754750666e-22 0.
1467618825 1 5849.12304688 0. 3.46912555257e-22 0.
1467618885 1 5847.27929688 0. 3.47028948519e-22 0.
1467618946 1 5844.47851562 0. 3.47092476502e-22 0.
1467619006 1 5840.12695312 0. 3.47063629828e-22 0.
1467619066 1 5834.48242188 0. 3.46956457073e-22 0.
1467619126 1 5832.81689453 0. 3.47097427611e-22 0.
1467619186 1 5829.99462891 0. 3.47152734521e-22 0.
1467619246 1 5821.70800781 0. 3.46889223397e-22 0.
1467619306 1 5818.36376953 0. 3.46917002994e-22 0.
1467619367 1 5815.85888672 0. 3.47008035304e-22 0.
1467619427 1 5812.13037109 0. 3.47013873941e-22 0.
1467619487 1 5807.56494141 0. 3.46971227834e-22 0.
1467619547 1 5806.31689453 0. 3.47137380047e-22 0.
1467619607 1 5803.93505859 0. 3.47225705818e-22 0.
1467619667 1 5800.40820312 0. 3.47242177098e-22 0.
1467619727 1 5798.82470703 0. 3.47372136146e-22 0.
1467619788 1 5792.39501953 0. 3.47216261924e-22 0.
1467619848 1 5788.48828125 0. 3.47217864571e-22 0.
1467619908 1 5784.64599609 0. 3.47218584953e-22 0.
1467619968 1 5778.14892578 0. 3.47055045107e-22 0.
1467620028 1 5777.05029297 0. 3.47221776707e-22 0.
1467620088 1 5776.04638672 0. 3.4740074943e-22 0.
1467620138 1 5636.75292969 0. 3.39245430816e-22 0.
1467620189 1 0.134181901813 0. 1.44640715554e-23 0.
1467620249 1 0.118504375219 0. 0.0 0.
