1467773935 1 9000.08300781 0. 3.12831332304e-22 0.
1467773995 1 8626.89746094 0. 3.00261181046e-22 0.
1467774043 1 9246.92773438 0. 3.2221660138e-22 0.
1467774090 1 9242.70800781 0. 3.22388379413e-22 0.
1467774151 1 9230.51855469 0. 3.22348542568e-22 0.
1467774211 1 9222.28417969 0. 3.22522094412e-22 0.
1467774271 1 9194.6484375 0. 3.22043470774e-22 0.
1467774331 1 9190.08300781 0. 3.22269120721e-22 0.
1467774391 1 9184.75488281 0. 3.22470000492e-22 0.
1467774451 1 9187.83203125 0. 3.22929490434e-22 0.
1467774512 1 9167.66699219 0. 3.22635609315e-22 0.
1467774572 1 9147.06933594 0. 3.22267162063e-22 0.
1467774632 1 9137.25585938 0. 3.22315831009e-22 0.
1467774692 1 9134.58398438 0. 3.22608902423e-22 0.
1467774742 1 9072.35253906 0. 3.20767457351e-22 0.
1467774793 1 8909.50488281 0. 3.1535273001e-22 0.
1467774853 1 8679.57910156 0. 3.0756355866e-22 0.
1467774913 1 9141.05566406 0. 3.24338548296e-22 0.
1467774973 1 9142.57324219 0. 3.24781096884e-22 0.
1467775034 1 9125.30078125 0. 3.24575890421e-22 0.
1467775094 1 9126.31054688 0. 3.24960487879e-22 0.
1467775154 1 9107.27246094 0. 3.24659254097e-22 0.
1467775214 1 9103.48144531 0. 3.24885447242e-22 0.
1467775274 1 9092.16113281 0. 3.24820437833e-22 0.
1467775334 1 9095.25878906 0. 3.25268427098e-22 0.
1467775394 1 9075.1640625 0. 3.24915432862e-22 0.
1467775454 1 9076.95507812 0. 3.25357005676e-22 0.
1467775515 1 9070.52929688 0. 3.25456668326e-22 0.
1467775575 1 9047.12109375 0. 3.25018753848e-22 0.
1467775635 1 9046.67285156 0. 3.25324483292e-22 0.
1467775695 1 9028.6328125 0. 3.25047306885e-22 0.
1467775755 1 9018.44433594 0. 3.25042051698e-22 0.
1467775815 1 9017.20898438 0. 3.25335836694e-22 0.
1467775875 1 9000.63867188 0. 3.2507913722e-22 0.
1467775935 1 8990.59960938 0. 3.25057435433e-22 0.
1467775996 1 8986.29101562 0. 3.25213684415e-22 0.
1467776056 1 8962.81933594 0. 3.24720464354e-22 0.
1467776116 1 8962.48632812 0. 3.25061670886e-22 0.
1467776176 1 8950.32910156 0. 3.249572581e-22 0.
1467776236 1 8946.16308594 0. 3.25133041843e-22 0.
1467776296 1 8933.88671875 0. 3.25024252807e-22 0.
1467776356 1 8930.98730469 0. 3.25247320948e-22 0.
1467776416 1 8926.6796875 0. 3.25395278477e-22 0.
1467776477 1 8915.32128906 0. 3.25344917582e-22 0.
1467776537 1 8912.40332031 0. 3.25543009909e-22 0.
1467776597 1 8900.66113281 0. 3.25445477493e-22 0.
1467776632 1 8893.81347656 0. 3.25340989549e-22 0.
1467776642 1 8891.85839844 0. 3.25356710732e-22 0.
1467776677 1 8885.0078125 0. 3.25311184195e-22 0.
1467776727 1 8875.90527344 0. 3.25248070243e-22 0.
1467776777 1 8877.70996094 0. 3.25578976142e-22 0.
1467776837 1 8870.42773438 0. 3.25604411429e-22 0.
1467776877 1 8841.01757812 0. 3.2480531252e-22 0.
1467776894 1 8837.28613281 0. 3.24793612632e-22 0.
1467776932 1 8847.796875 0. 3.25286702148e-22 0.
1467776992 1 8837.98828125 0. 3.25224973689e-22 0.
1467777052 1 8828.0234375 0. 3.251920121e-22 0.
1467777112 1 8825.15625 0. 3.25414755148e-22 0.
1467777172 1 8818.95800781 0. 3.25515231997e-22 0.
1467777233 1 8815.29882812 0. 3.25679060775e-22 0.
1467777293 1 8800.66894531 0. 3.25448635067e-22 0.
1467777353 1 8796.38378906 0. 3.25599506649e-22 0.
1467777398 1 8782.83496094 0. 3.2532952003e-22 0.
1467777421 1 8778.36523438 0. 3.25325938578e-22 0.
1467777459 1 8772.12304688 0. 3.25235486643e-22 0.
1467777519 1 8763.72265625 0. 3.2522370183e-22 0.
1467777579 1 8758.01269531 0. 3.25306785381e-22 0.
1467777639 1 8745.3515625 0. 3.25165129309e-22 0.
1467777699 1 8749.73535156 0. 3.25596955485e-22 0.
1467777760 1 8740.21289062 0. 3.25560548582e-22 0.
1467777820 1 8726.76171875 0. 3.25385484673e-22 0.
1467777880 1 8725.91113281 0. 3.256306047e-22 0.
1467777940 1 8722.73730469 0. 3.25800972526e-22 0.
1467778000 1 8721.39160156 0. 3.2603604528e-22 0.
1467778060 1 8688.70117188 0. 3.25169887771e-22 0.
1467778120 1 8676.9375 0. 3.24975067512e-22 0.
1467778180 1 8675.22753906 0. 3.25200382522e-22 0.
1467778241 1 8663.37402344 0. 3.25074478991e-22 0.
1467778301 1 8663.02246094 0. 3.25347353164e-22 0.
1467778361 1 8651.48730469 0. 3.25202909431e-22 0.
1467778400 1 8654.01464844 0. 3.25514483981e-22 0.
1467778416 1 8647.22949219 0. 3.25340399274e-22 0.
1467778453 1 8649.75195312 0. 3.25576287428e-22 0.
1467778513 1 8638.26464844 0. 3.25453869081e-22 0.
1467778573 1 8636.60449219 0. 3.25675335056e-22 0.
1467778634 1 8630.22363281 0. 3.25736544638e-22 0.
1467778694 1 8620.35742188 0. 3.25637694983e-22 0.
1467778754 1 8612.68652344 0. 3.25634384815e-22 0.
1467778814 1 8596.12890625 0. 3.2529531543e-22 0.
1467778874 1 8572.83398438 0. 3.24725363944e-22 0.
1467778934 1 8574.50976562 0. 3.25077103347e-22 0.
1467778994 1 8582.95410156 0. 3.2566913252e-22 0.
1467779054 1 8570.55175781 0. 3.25487037106e-22 0.
1467779115 1 8566.39550781 0. 3.25624490854e-22 0.
1467779175 1 8551.69042969 0. 3.25354421788e-22 0.
1467779235 1 8560.06640625 0. 3.25937640442e-22 0.
1467779295 1 8548.05957031 0. 3.25787340741e-22 0.
1467779355 1 8535.60058594 0. 3.25588452269e-22 0.
1467779415 1 8523.63476562 0. 3.25423001944e-22 0.
1467779475 1 8524.66699219 0. 3.25741829703e-22 0.
1467779535 1 8518.16601562 0. 3.25790799902e-22 0.
1467779595 1 8503.89453125 0. 3.25514164133e-22 0.
1467779656 1 8499.24121094 0. 3.25636159731e-22 0.
1467779716 1 8479.55664062 0. 3.2515953506e-22 0.
1467779765 1 8468.10644531 0. 3.24934221142e-22 0.
1467779801 1 8477.68359375 0. 3.25442073014e-22 0.
1467779846 1 8466.98730469 0. 3.25261484194e-22 0.
1467779907 1 8454.23339844 0. 3.25073630253e-22 0.
1467779967 1 8455.88574219 0. 3.25399630313e-22 0.
1467780012 1 8450.39257812 0. 3.25404322778e-22 0.
1467780058 1 8449.04003906 0. 3.25571689379e-22 0.
1467780118 1 8441.32617188 0. 3.25568451746e-22 0.
1467780170 1 8442.59960938 0. 3.25828941103e-22 0.
1467780200 1 8423.29589844 0. 3.25282102011e-22 0.
1467780238 1 8436.28027344 0. 3.25915783761e-22 0.
1467780298 1 8426.05761719 0. 3.25796328362e-22 0.
1467780358 1 8413.828125 0. 3.25613561218e-22 0.
1467780418 1 8418.73632812 0. 3.26076161581e-22 0.
1467780478 1 8410.88476562 0. 3.26034950923e-22 0.
1467780538 1 8397.2421875 0. 3.25789102048e-22 0.
1467780598 1 8380.08300781 0. 3.25416839944e-22 0.
1467780658 1 8378.24121094 0. 3.25602126632e-22 0.
1467780718 1 8370.86328125 0. 3.25611818521e-22 0.
1467780779 1 8359.37890625 0. 3.25425983989e-22 0.
1467780839 1 8360.6953125 0. 3.25745259981e-22 0.
1467780899 1 8358.39355469 0. 3.25928975877e-22 0.
1467780959 1 8351.98730469 0. 3.25982651826e-22 0.
1467781019 1 8340.75878906 0. 3.25809786862e-22 0.
1467781079 1 8333.65722656 0. 3.25822439921e-22 0.
1467781139 1 8333.92578125 0. 3.26064579919e-22 0.
1467781200 1 8314.38671875 0. 3.25602001856e-22 0.
1467781260 1 8310.48925781 0. 3.25714572089e-22 0.
1467781320 1 8304.43652344 0. 3.25747980116e-22 0.
1467781380 1 8298.18652344 0. 3.25774637057e-22 0.
1467781416 1 8299.49902344 0. 3.26031233869e-22 0.
1467781452 1 8288.0390625 0. 3.25734726555e-22 0.
1467781512 1 8280.02148438 0. 3.25677881683e-22 0.
1467781572 1 8276.59277344 0. 3.25810487327e-22 0.
1467781633 1 8266.11523438 0. 3.25677564905e-22 0.
1467781693 1 8260.64160156 0. 3.25738821436e-22 0.
1467781753 1 8250.62890625 0. 3.25612136069e-22 0.
1467781813 1 8246.78320312 0. 3.25722755509e-22 0.
1467781873 1 8235.75390625 0. 3.25562376406e-22 0.
1467781933 1 8243.02929688 0. 3.26128458482e-22 0.
1467781993 1 8223.20996094 0. 3.25617573524e-22 0.
1467782054 1 8103.0234375 0. 3.21136663705e-22 0.
1467782109 1 7850.23242188 0. 3.11462217835e-22 0.
1467782164 1 8118.37792969 0. 3.22266181278e-22 0.
1467782215 1 8335.68164062 0. 3.31130855023e-22 0.
1467782267 1 8338.17773438 0. 3.31465736206e-22 0.
1467782327 1 8336.578125 0. 3.31678923555e-22 0.
1467782387 1 8332.29101562 0. 3.31780538554e-22 0.
1467782447 1 8329.71386719 0. 3.31929971989e-22 0.
1467782508 1 8320.20214844 0. 3.31830994544e-22 0.
1467782568 1 8316.40234375 0. 3.3195356989e-22 0.
1467782628 1 8311.25097656 0. 3.32004516765e-22 0.
1467782688 1 8303.88867188 0. 3.31980410083e-22 0.
1467782748 1 8294.59082031 0. 3.3191161774e-22 0.
1467782808 1 8292.18457031 0. 3.32075980746e-22 0.
1467782868 1 8285.48632812 0. 3.32082978028e-22 0.
1467782928 1 8279.40039062 0. 3.32122611251e-22 0.
1467782989 1 8276.62011719 0. 3.32289206327e-22 0.
1467783049 1 8267.625 0. 3.32196336357e-22 0.
1467783109 1 8262.88964844 0. 3.3227888139e-22 0.
1467783169 1 8253.53808594 0. 3.32192036813e-22 0.
1467783229 1 8250.50292969 0. 3.32340432151e-22 0.
1467783289 1 8243.86035156 0. 3.3232402121e-22 0.
1467783349 1 8239.80566406 0. 3.3243588318e-22 0.
1467783410 1 8232.5859375 0. 3.32427381537e-22 0.
1467783470 1 8223.09472656 0. 3.32318496822e-22 0.
1467783530 1 8218.53808594 0. 3.3240319544e-22 0.
1467783590 1 8213.25585938 0. 3.32455234451e-22 0.
1467783650 1 8206.17578125 0. 3.32447622883e-22 0.
1467783710 1 8204.75390625 0. 3.32651657395e-22 0.
1467783770 1 8195.74316406 0. 3.32543046028e-22 0.
1467783830 1 8185.42041016 0. 3.32414585815e-22 0.
1467783891 1 8187.33740234 0. 3.32752756713e-22 0.
1467783951 1 8178.41015625 0. 3.32665219524e-22 0.
1467784011 1 8176.19042969 0. 3.328173857e-22 0.
1467784071 1 8164.18017578 0. 3.32618043178e-22 0.
1467784131 1 8157.65478516 0. 3.32617865122e-22 0.
1467784191 1 8150.96386719 0. 3.32609448652e-22 0.
1467784251 1 8146.32666016 0. 3.32692163018e-22 0.
1467784311 1 8134.47070312 0. 3.32472310155e-22 0.
1467784372 1 8129.30908203 0. 3.32541536971e-22 0.
1467784432 1 8125.31542969 0. 3.3262422135e-22 0.
1467784492 1 8122.65087891 0. 3.32768985498e-22 0.
1467784552 1 8117.57617188 0. 3.32816767474e-22 0.
1467784612 1 8104.58740234 0. 3.32574384484e-22 0.
1467784672 1 8102.67333984 0. 3.3274896908e-22 0.
1467784732 1 8091.58496094 0. 3.32570338628e-22 0.
1467784793 1 8087.31542969 0. 3.32658205172e-22 0.
1467784853 1 8081.52636719 0. 3.32689491439e-22 0.
1467784913 1 8076.23388672 0. 3.32718148395e-22 0.
1467784973 1 8071.875 0. 3.32798343749e-22 0.
1467785033 1 8069.63720703 0. 3.32983160469e-22 0.
1467785093 1 8059.37109375 0. 3.32823116965e-22 0.
1467785153 1 8052.69384766 0. 3.32817183086e-22 0.
1467785213 1 8047.79394531 0. 3.3288499217e-22 0.
1467785273 1 8038.15527344 0. 3.3274454569e-22 0.
1467785327 1 8031.37451172 0. 3.32720423654e-22 0.
1467785381 1 8027.39453125 0. 3.32782113047e-22 0.
1467785441 1 8024.89599609 0. 3.3292750292e-22 0.
1467785501 1 8013.04394531 0. 3.32704867798e-22 0.
1467785561 1 8006.36132812 0. 3.32698067325e-22 0.
1467785621 1 8002.08984375 0. 0.0 0.
1467785656 1 7999.59814453 0. 3.32797728487e-22 0.
1467785683 1 7997.6875 0. 3.32843263631e-22 0.
1467785733 1 7998.51904297 0. 3.33124552628e-22 0.
1467785791 1 7989.96679688 0. 3.33018289804e-22 0.
1467785845 1 7982.28857422 0. 3.3295478102e-22 0.
1467785900 1 7989.20019531 0. 3.33455158441e-22 0.
1467785960 1 7983.35888672 0. 3.33482756244e-22 0.
1467786020 1 7977.62890625 0. 3.33512179697e-22 0.
1467786080 1 7974.9296875 0. 3.33660030892e-22 0.
1467786141 1 7973.453125 0. 3.33855324642e-22 0.
1467786182 1 7964.63964844 0. 3.33678079919e-22 0.
1467786200 1 7971.64941406 0. 3.34075145127e-22 0.
1467786237 1 7959.59375 0. 3.33705500908e-22 0.
1467786297 1 7958.91650391 0. 3.33927382307e-22 0.
1467786357 1 7950.1171875 0. 3.33830952271e-22 0.
1467786417 1 7944.26269531 0. 3.3384833864e-22 0.
1467786478 1 7939.20947266 0. 3.3389767062e-22 0.
1467786538 1 7929.79492188 0. 3.33780671933e-22 0.
1467786598 1 7927.5546875 0. 3.33938524311e-22 0.
1467786658 1 7924.32617188 0. 3.34070436253e-22 0.
1467786718 1 7920.31494141 0. 3.34170176704e-22 0.
1467786778 1 7914.76269531 0. 3.34205554452e-22 0.
1467786838 1 7910.89306641 0. 3.34290691517e-22 0.
1467786898 1 7902.67871094 0. 3.34203919647e-22 0.
1467786959 1 7900.44189453 0. 3.34376727422e-22 0.
1467787019 1 7900.22314453 0. 3.34632331674e-22 0.
1467787079 1 7891.65625 0. 3.34522887763e-22 0.
1467787139 1 7886.70458984 0. 3.34588464629e-22 0.
1467787179 1 7884.63671875 0. 3.34664375622e-22 0.
1467787197 1 7878.37109375 0. 3.34501850711e-22 0.
1467787219 1 7880.70019531 0. 3.34678034416e-22 0.
1467787263 1 7878.05664062 0. 3.34749824002e-22 0.
1467787298 1 7875.94091797 0. 3.34789853841e-22 0.
1467787308 1 7875.33740234 0. 3.34829439528e-22 0.
1467787326 1 7871.68603516 0. 3.34769503054e-22 0.
1467787369 1 7864.57763672 0. 3.34636881405e-22 0.
1467787429 1 7861.43603516 0. 3.34764321542e-22 0.
1467787489 1 7859.51367188 0. 3.34939630995e-22 0.
1467787549 1 7851.03759766 0. 3.34841469769e-22 0.
1467787610 1 7845.45117188 0. 3.34863632974e-22 0.
1467787670 1 7842.22119141 0. 3.35000117734e-22 0.
1467787730 1 7839.51660156 0. 3.35123824591e-22 0.
1467787790 1 7832.20556641 0. 3.35062535914e-22 0.
1467787850 1 7819.30419922 0. 3.3479869358e-22 0.
1467787910 1 7816.8984375 0. 3.34950632432e-22 0.
1467787970 1 7816.75585938 0. 3.35190941521e-22 0.
1467788031 1 7816.109375 0. 3.35415402781e-22 0.
1467788091 1 7812.94335938 0. 3.35547141695e-22 0.
1467788144 1 7806.50878906 0. 3.3549498118e-22 0.
1467788197 1 7800.06445312 0. 3.35460834103e-22 0.
1467788235 1 7807.32324219 0. 3.35924204222e-22 0.
1467788251 1 7795.38037109 0. 3.35492679446e-22 0.
1467788289 1 7794.10302734 0. 3.3558355911e-22 0.
1467788349 1 7790.06298828 0. 3.35678520765e-22 0.
1467788409 1 7783.36669922 0. 3.35630575698e-22 0.
1467788469 1 7776.15283203 0. 3.35595262004e-22 0.
1467788529 1 7771.85839844 0. 3.35672209666e-22 0.
1467788581 1 7764.63085938 0. 3.35604858516e-22 0.
1467788610 1 7756.28222656 0. 3.35381265201e-22 0.
1467788646 1 7763.12548828 0. 3.35802240589e-22 0.
1467788681 1 7756.92480469 0. 3.3567191845e-22 0.
1467788716 1 7753.859375 0. 3.35704717292e-22 0.
1467788776 1 7751.40966797 0. 3.35867297121e-22 0.
1467788824 1 7746.57568359 0. 3.35866826145e-22 0.
1467788873 1 7745.16650391 0. 3.36020911959e-22 0.
1467788933 1 7652.51611328 0. 3.32252771383e-22 0.
1467788993 1 7514.24511719 0. 3.26510203728e-22 0.
1467789053 1 7574.73876953 0. 3.29351776179e-22 0.
1467789113 1 7723.19580078 0. 3.36081269277e-22 0.
1467789173 1 7718.10058594 0. 3.36116068383e-22 0.
1467789234 1 7711.63720703 0. 3.36114922354e-22 0.
1467789294 1 7706.86035156 0. 3.36160593099e-22 0.
1467789354 1 7700.30029297 0. 3.36145844197e-22 0.
1467789414 1 7692.55078125 0. 3.36065948299e-22 0.
1467789474 1 7686.67041016 0. 3.36082884246e-22 0.
1467789534 1 7688.68359375 0. 3.36421082681e-22 0.
1467789594 1 7681.92333984 0. 3.36392404287e-22 0.
1467789642 1 7678.75683594 0. 3.36478143161e-22 0.
1467789667 1 7676.86181641 0. 3.36486630153e-22 0.
1467789697 1 7672.48632812 0. 3.36418063402e-22 0.
1467789748 1 7666.36669922 0. 3.36364472957e-22 0.
1467789809 1 7658.77441406 0. 3.36322909122e-22 0.
1467789869 1 7654.32861328 0. 3.36383581362e-22 0.
1467789929 1 7652.20996094 0. 3.36548457988e-22 0.
1467789989 1 7646.28955078 0. 3.36544748694e-22 0.
1467790049 1 7636.90429688 0. 3.36409228908e-22 0.
1467790084 1 7631.42626953 0. 3.3631597541e-22 0.
1467790094 1 7629.83447266 0. 3.36294570282e-22 0.
1467790105 1 7640.50683594 0. 3.36788331471e-22 0.
1467790123 1 7638.01855469 0. 3.36759241044e-22 0.
1467790166 1 7634.078125 0. 3.3677346671e-22 0.
1467790201 1 7630.86767578 0. 3.36767199024e-22 0.
1467790236 1 7627.66113281 0. 3.36787612784e-22 0.
1467790296 1 7622.82373047 0. 3.3685735325e-22 0.
1467790356 1 7614.41357422 0. 3.36750333336e-22 0.
1467790416 1 7609.03613281 0. 3.36774655748e-22 0.
1467790477 1 7604.86523438 0. 3.36843730789e-22 0.
1467790537 1 7598.94287109 0. 3.36844496768e-22 0.
1467790597 1 7594.84326172 0. 3.36915866554e-22 0.
1467790657 1 7589.20507812 0. 3.36936616333e-22 0.
1467790717 1 7584.84228516 0. 3.37015778098e-22 0.
1467790777 1 7579.27832031 0. 3.37009940628e-22 0.
1467790837 1 7573.92480469 0. 3.37040114102e-22 0.
1467790897 1 7573.45751953 0. 3.37256843035e-22 0.
1467790958 1 7566.28076172 0. 3.37209505083e-22 0.
1467791018 1 7564.32128906 0. 3.37381066785e-22 0.
1467791078 1 7557.17236328 0. 3.37311150999e-22 0.
1467791138 1 7547.30224609 0. 3.37133188917e-22 0.
1467791198 1 7545.94628906 0. 3.37307856436e-22 0.
1467791258 1 7541.76660156 0. 3.37382743007e-22 0.
1467791318 1 7535.35400391 0. 3.37372484615e-22 0.
1467791378 1 7532.09472656 0. 3.37481560445e-22 0.
1467791439 1 7527.18652344 0. 3.37524282926e-22 0.
1467791499 1 7520.6640625 0. 3.37487751677e-22 0.
1467791559 1 7517.25 0. 3.37585808421e-22 0.
1467791619 1 7513.71289062 0. 3.37680524285e-22 0.
1467791679 1 7507.29443359 0. 3.3765541906e-22 0.
1467791739 1 7502.24755859 0. 3.37669006038e-22 0.
1467791799 1 7496.234375 0. 3.37659955277e-22 0.
1467791859 1 7494.17138672 0. 3.37814653436e-22 0.
1467791920 1 7488.90478516 0. 3.37833258823e-22 0.
1467791980 1 7484.34033203 0. 3.37896649944e-22 0.
1467792040 1 7478.55322266 0. 3.37879586676e-22 0.
1467792100 1 7472.63525391 0. 3.37874609209e-22 0.
1467792160 1 7468.96044922 0. 3.37957410663e-22 0.
1467792220 1 7465.01025391 0. 3.38035093553e-22 0.
1467792280 1 7455.95166016 0. 3.37874611997e-22 0.
1467792340 1 7451.33154297 0. 3.37937770229e-22 0.
1467792401 1 7449.28222656 0. 3.38088731068e-22 0.
1467792461 1 7443.97509766 0. 3.38098380397e-22 0.
1467792521 1 7438.65185547 0. 3.38123016681e-22 0.
1467792581 1 7432.89794922 0. 3.38122605487e-22 0.
1467792641 1 7426.59960938 0. 3.38076603328e-22 0.
1467792701 1 7421.39941406 0. 3.38089978452e-22 0.
1467792738 1 7420.24365234 0. 3.38200100412e-22 0.
1467792764 1 7418.57519531 0. 3.38225362198e-22 0.
1467792814 1 7413.81689453 0. 3.38245210839e-22 0.
1467792874 1 7410.22802734 0. 3.38325348137e-22 0.
1467792934 1 7409.04736328 0. 3.38507931766e-22 0.
1467792994 1 7401.37451172 0. 3.38425194943e-22 0.
1467793054 1 7393.96484375 0. 3.38329147022e-22 0.
1467793114 1 7388.44677734 0. 3.38330442347e-22 0.
1467793174 1 7385.73681641 0. 3.38457108271e-22 0.
1467793235 1 7380.81787109 0. 3.38480766969e-22 0.
1467793295 1 7374.25048828 0. 3.38435703669e-22 0.
1467793355 1 7367.53076172 0. 3.38365972297e-22 0.
1467793415 1 7364.01025391 0. 3.38457879599e-22 0.
1467793475 1 7364.32958984 0. 3.38735293338e-22 0.
1467793535 1 7356.18847656 0. 3.38620908607e-22 0.
1467793595 1 7352.43066406 0. 3.38678275472e-22 0.
1467793651 1 7351.00341797 0. 3.38836680605e-22 0.
1467793698 1 7347.87451172 0. 3.38894908647e-22 0.
1467793724 1 7346.09277344 0. 3.38902194498e-22 0.
1467793760 1 7343.74267578 0. 3.38941848328e-22 0.
1467793820 1 7335.46826172 0. 3.38820837538e-22 0.
1467793855 1 7330.63574219 0. 3.38708431155e-22 0.
1467793890 1 7325.78222656 0. 3.38650985398e-22 0.
1467793951 1 7320.25927734 0. 3.38657504188e-22 0.
1467794011 1 7318.39892578 0. 3.38831111721e-22 0.
1467794071 1 7313.33447266 0. 3.38848991695e-22 0.
1467794131 1 7307.44677734 0. 3.38835971738e-22 0.
1467794191 1 7302.93310547 0. 3.38880500202e-22 0.
1467794251 1 7296.52539062 0. 3.38840331896e-22 0.
1467794311 1 7291.25 0. 3.38842114131e-22 0.
1467794372 1 7287.92480469 0. 3.38950123269e-22 0.
1467794427 1 7284.48632812 0. 3.39030321359e-22 0.
1467794482 1 7278.28710938 0. 3.38966158774e-22 0.
1467794543 1 7274.01416016 0. 3.39021262615e-22 0.
1467794603 1 7272.78515625 0. 3.39215537884e-22 0.
1467794663 1 7268.59326172 0. 3.39273601658e-22 0.
1467794723 1 7261.12988281 0. 3.39197162995e-22 0.
1467794783 1 7255.53222656 0. 3.39185593188e-22 0.
1467794843 1 7248.53271484 0. 3.39118634998e-22 0.
1467794903 1 7249.84277344 0. 3.39420256047e-22 0.
1467794963 1 7242.35302734 0. 3.39331013694e-22 0.
1467795024 1 7241.65527344 0. 3.39541924599e-22 0.
1467795084 1 7236.75634766 0. 3.39569019234e-22 0.
1467795144 1 7231.81640625 0. 3.39603551714e-22 0.
1467795204 1 7083.83544922 0. 3.32894392518e-22 0.
1467795264 1 7056.36328125 0. 3.31880496775e-22 0.
1467795324 1 6996.48486328 0. 3.29255070956e-22 0.
1467795384 1 7219.29931641 0. 3.40009997524e-22 0.
1467795444 1 7214.49804688 0. 3.40047786328e-22 0.
1467795479 1 7211.69726562 0. 3.40039602186e-22 0.
1467795489 1 7210.89648438 0. 3.40062752589e-22 0.
1467795524 1 7211.23681641 0. 3.40239585907e-22 0.
1467795585 1 7216.28466797 0. 3.4073883339e-22 0.
1467795637 1 7211.88769531 0. 3.40732972012e-22 0.
1467795688 1 7212.04003906 0. 3.4096017234e-22 0.
1467795749 1 7209.72900391 0. 3.41097098927e-22 0.
1467795809 1 7200.12158203 0. 3.40893403249e-22 0.
1467795869 1 7194.47509766 0. 3.40874030344e-22 0.
1467795929 1 7190.66259766 0. 3.40944776695e-22 0.
1467795989 1 7186.13916016 0. 3.40992879112e-22 0.
1467796049 1 7180.0390625 0. 3.40956001998e-22 0.
1467796110 1 7176.99560547 0. 3.41060449579e-22 0.
1467796170 1 7169.91015625 0. 3.40983461295e-22 0.
1467796230 1 7166.09228516 0. 3.41058791128e-22 0.
1467796290 1 7161.61425781 0. 3.41094115249e-22 0.
1467796350 1 7153.85400391 0. 3.40974421985e-22 0.
1467796406 1 7152.44384766 0. 3.4113751187e-22 0.
1467796461 1 7150.36425781 0. 3.41266042305e-22 0.
1467796522 1 7146.50683594 0. 3.41339178744e-22 0.
1467796582 1 7139.88867188 0. 3.41265955261e-22 0.
1467796642 1 7139.59863281 0. 3.41514436465e-22 0.
1467796702 1 7131.75439453 0. 3.41398101244e-22 0.
1467796762 1 7125.28759766 0. 3.4133943951e-22 0.
1467796822 1 7121.20800781 0. 3.41379216029e-22 0.
1467796882 1 7119.49023438 0. 3.42145901103e-22 0.
1467796941 1 7113.45800781 0. 3.41513458763e-22 0.
1467797001 1 7109.76953125 0. 3.4157330444e-22 0.
1467797061 1 7107.05615234 0. 3.41700546142e-22 0.
1467797122 1 7101.80615234 0. 3.41709974913e-22 0.
1467797182 1 7093.33349609 0. 3.41552373769e-22 0.
1467797242 1 7094.13623047 0. 3.41839619798e-22 0.
1467797288 1 7087.38525391 0. 3.4172782509e-22 0.
1467797335 1 7083.81787109 0. 3.41739593497e-22 0.
1467797395 1 7082.22216797 0. 3.41921774698e-22 0.
1467797449 1 7076.03076172 0. 3.41844103539e-22 0.
1467797503 1 7071.42871094 0. 3.41852498612e-22 0.
1467797563 1 7070.46435547 0. 3.42056462032e-22 0.
1467797623 1 7066.93701172 0. 3.42122615593e-22 0.
1467797683 1 7060.68359375 0. 3.42069463098e-22 0.
1467797744 1 7056.47607422 0. 3.42126955747e-22 0.
1467797804 1 7051.18798828 0. 3.42114695215e-22 0.
1467797864 1 7048.50244141 0. 3.42234963854e-22 0.
1467797924 1 7042.55859375 0. 3.42201174662e-22 0.
1467797984 1 7038.97802734 0. 3.42270155689e-22 0.
1467798044 1 7036.90283203 0. 3.4241840978e-22 0.
1467798104 1 7027.98291016 0. 3.42247836571e-22 0.
1467798164 1 7022.30078125 0. 3.42225420882e-22 0.
1467798225 1 7016.6328125 0. 3.42199144182e-22 0.
1467798285 1 7015.52734375 0. 3.42390939729e-22 0.
1467798345 1 7009.90625 0. 3.42357433151e-22 0.
1467798383 1 7005.98535156 0. 3.42347057472e-22 0.
1467798408 1 7005.04101562 0. 3.42397345247e-22 0.
1467798453 1 7004.07177734 0. 3.4253087895e-22 0.
1467798489 1 7003.32470703 0. 3.42620038665e-22 0.
1467798504 1 7002.99169922 0. 3.42661286183e-22 0.
1467798545 1 6996.97949219 0. 3.42566104232e-22 0.
1467798591 1 6994.75585938 0. 3.42656655338e-22 0.
1467798636 1 6989.36230469 0. 3.42563612185e-22 0.
1467798696 1 6986.83398438 0. 3.42703167121e-22 0.
1467798757 1 6980.78320312 0. 3.42653201057e-22 0.
1467798792 1 6977.24169922 0. 3.42605029181e-22 0.
1467798817 1 6974.72314453 0. 3.4257394817e-22 0.
1467798867 1 6975.04638672 0. 3.42805904912e-22 0.
1467798927 1 6967.88525391 0. 3.42727894273e-22 0.
1467798977 1 6962.64208984 0. 3.42684775408e-22 0.
1467799027 1 6960.35498047 0. 3.42781349497e-22 0.
1467799088 1 6958.34912109 0. 3.42935345282e-22 0.
1467799148 1 6953.48339844 0. 3.42926127166e-22 0.
1467799208 1 6950.91748047 0. 3.43053550266e-22 0.
1467799268 1 6941.78710938 0. 3.42863415202e-22 0.
1467799328 1 6940.83837891 0. 3.43064258651e-22 0.
1467799388 1 6933.44238281 0. 3.42945008454e-22 0.
1467799448 1 6929.22998047 0. 3.43000043973e-22 0.
1467799509 1 6929.20263672 0. 3.43231757202e-22 0.
1467799569 1 6922.06787109 0. 3.43142285765e-22 0.
1467799629 1 6918.61132812 0. 3.43201458301e-22 0.
1467799689 1 6912.19335938 0. 3.4313136083e-22 0.
1467799749 1 6909.44726562 0. 3.43244028401e-22 0.
1467799809 1 6902.70751953 0. 0.0 0.
1467799844 1 6898.77832031 0. 3.43097116706e-22 0.
1467799856 1 6897.44091797 0. 3.43093907139e-22 0.
1467799893 1 6900.7421875 0. 3.43410867664e-22 0.
1467799953 1 6896.27978516 0. 3.43441716343e-22 0.
1467800013 1 6889.44873047 0. 3.43347814565e-22 0.
1467800073 1 6884.30664062 0. 3.43334672479e-22 0.
1467800134 1 6880.47265625 0. 3.43399437871e-22 0.
1467800194 1 6877.40820312 0. 3.43495471275e-22 0.
1467800254 1 6872.796875 0. 3.43523088197e-22 0.
1467800314 1 6868.45507812 0. 3.43539659581e-22 0.
1467800374 1 6861.55126953 0. 3.43443994373e-22 0.
1467800434 1 6857.87890625 0. 3.43497794344e-22 0.
1467800494 1 6852.31445312 0. 3.43471029665e-22 0.
1467800554 1 6848.07421875 0. 3.43511713403e-22 0.
1467800614 1 6845.95263672 0. 3.43666952675e-22 0.
1467800675 1 6843.33886719 0. 3.43768499308e-22 0.
1467800735 1 6837.49755859 0. 3.43731438624e-22 0.
1467800795 1 6837.00830078 0. 3.43952606708e-22 0.
1467800855 1 6830.39306641 0. 3.43886617099e-22 0.
1467800915 1 6827.60058594 0. 3.43986004662e-22 0.
1467800975 1 6823.02050781 0. 3.4400402796e-22 0.
1467801035 1 6816.88916016 0. 3.43954814304e-22 0.
1467801095 1 6812.16992188 0. 3.43959964569e-22 0.
1467801156 1 6808.44580078 0. 3.44026799077e-22 0.
1467801216 1 6803.58300781 0. 3.44028523009e-22 0.
1467801276 1 6804.84375 0. 3.44338551987e-22 0.
1467801336 1 6798.83251953 0. 3.44287736968e-22 0.
1467801396 1 6790.09082031 0. 3.44091689543e-22 0.
1467801456 1 6796.01855469 0. 3.44632523992e-22 0.
1467801516 1 6787.26660156 0. 3.4443882348e-22 0.
1467801577 1 6778.57861328 0. 3.44241131417e-22 0.
1467801637 1 6780.94189453 0. 3.44625479776e-22 0.
1467801697 1 6771.81054688 0. 3.44406720217e-22 0.
1467801746 1 6765.24414062 0. 3.44271414969e-22 0.
1467801787 1 6771.82714844 0. 3.44778542341e-22 0.
1467801839 1 6768.29541016 0. 3.44802129108e-22 0.
1467801899 1 6758.56396484 0. 3.44556226049e-22 0.
1467801945 1 6760.03222656 0. 3.44826708408e-22 0.
1467801992 1 6753.07910156 0. 3.44668160869e-22 0.
1467802052 1 6745.48388672 0. 3.44524038593e-22 0.
1467802112 1 6751.08203125 0. 3.45060347019e-22 0.
1467802172 1 6741.65576172 0. 3.45400079374e-22 0.
1467802232 1 6738.36083984 0. 3.44910708969e-22 0.
1467802292 1 6736.10009766 0. 3.45043614338e-22 0.
1467802353 1 6672.3828125 0. 3.42021723058e-22 0.
1467802413 1 6571.86279297 0. 3.37119540667e-22 0.
1467802473 1 6431.21337891 0. 3.30099075518e-22 0.
1467802533 1 6721.96240234 0. 3.45298452464e-22 0.
1467802593 1 6730.83935547 0. 3.46032451454e-22 0.
1467802653 1 6726.58837891 0. 3.46042069841e-22 0.
1467802713 1 6721.70166016 0. 3.4604138844e-22 0.
1467802774 1 6717.0390625 0. 3.46049300045e-22 0.
1467802834 1 6712.14599609 0. 3.4605358823e-22 0.
1467802894 1 6710.16455078 0. 3.46203626014e-22 0.
1467802954 1 6705.65917969 0. 3.46225371365e-22 0.
1467802989 1 6703.03125 0. 3.46211059621e-22 0.
1467803020 1 6700.69091797 0. 3.46217994401e-22 0.
1467803076 1 6698.12988281 0. 3.46338847584e-22 0.
1467803136 1 6695.51464844 0. 3.46451046486e-22 0.
1467803197 1 6687.40087891 0. 3.4628588681e-22 0.
1467803257 1 6685.28662109 0. 3.46423321265e-22 0.
1467803317 1 6683.89501953 0. 3.46606712203e-22 0.
1467803377 1 6677.72851562 0. 3.46546006981e-22 0.
1467803437 1 6673.34375 0. 3.46566387384e-22 0.
1467803497 1 6670.72949219 0. 3.46683515523e-22 0.
1467803557 1 6665.02929688 0. 3.4664742037e-22 0.
1467803617 1 6661.73242188 0. 3.46722565071e-22 0.
1467803678 1 6659.39892578 0. 3.46856070977e-22 0.
1467803738 1 6654.0390625 0. 3.46837692617e-22 0.
1467803798 1 6652.10742188 0. 3.46972248141e-22 0.
1467803858 1 6646.66845703 0. 3.46946053057e-22 0.
1467803918 1 6643.69628906 0. 3.47040050817e-22 0.
1467803978 1 6639.20166016 0. 3.4706742535e-22 0.
1467804038 1 6632.39257812 0. 3.46963315694e-22 0.
1467804099 1 6629.36083984 0. 3.47050475248e-22 0.
1467804159 1 6625.79638672 0. 3.47116004462e-22 0.
1467804219 1 6620.57568359 0. 3.47091004232e-22 0.
1467804279 1 6619.83007812 0. 3.47298121057e-22 0.
1467804339 1 6612.04003906 0. 3.47129560901e-22 0.
1467804399 1 6610.22119141 0. 3.4727834605e-22 0.
1467804459 1 6604.48730469 0. 3.472383636e-22 0.
1467804519 1 6600.59326172 0. 3.4727787699e-22 0.
1467804580 1 6595.98974609 0. 3.47290474966e-22 0.
1467804640 1 6591.97558594 0. 3.47331592404e-22 0.
1467804700 1 6587.41455078 0. 3.47343773301e-22 0.
1467804760 1 6583.28417969 0. 3.47380549929e-22 0.
1467804820 1 6581.17236328 0. 3.47502614682e-22 0.
1467804880 1 6574.70068359 0. 3.47415206424e-22 0.
1467804940 1 6570.77441406 0. 3.47440483699e-22 0.
1467805001 1 6575.89990234 0. 3.47965978652e-22 0.
1467805061 1 6570.41552734 0. 3.47930196652e-22 0.
1467805122 1 6565.64404297 0. 3.47909679698e-22 0.
1467805182 1 6559.64794922 0. 3.47861456224e-22 0.
1467805243 1 6553.82421875 0. 3.47808477153e-22 0.
1467805304 1 6551.11767578 0. 3.4792475485e-22 0.
1467805364 1 6546.45654297 0. 3.47908150129e-22 0.
1467805424 1 6543.48535156 0. 3.48000067361e-22 0.
1467805485 1 6539.88085938 0. 3.48072753077e-22 0.
1467805546 1 6536.15332031 0. 3.48124838129e-22 0.
1467805606 1 6531.15185547 0. 3.48101334526e-22 0.
1467805666 1 6528.91650391 0. 3.48241369642e-22 0.
1467805726 1 6526.23339844 0. 3.48342559063e-22 0.
1467805786 1 6523.10546875 0. 3.48423691564e-22 0.
1467805846 1 6518.70458984 0. 3.48444133084e-22 0.
1467805906 1 6515.06054688 0. 3.48496851114e-22 0.
1467805967 1 6512.06054688 0. 3.48576531038e-22 0.
1467806027 1 6508.83056641 0. 3.48658495312e-22 0.
1467806087 1 6503.40527344 0. 3.48612634048e-22 0.
1467806147 1 6499.578125 0. 3.48663664065e-22 0.
1467806207 1 6495.80859375 0. 3.48714902588e-22 0.
1467806267 1 6491.79541016 0. 3.48749005189e-22 0.
1467806327 1 6488.58984375 0. 3.48827892762e-22 0.
1467806387 1 6485.85644531 0. 3.4893004126e-22 0.
1467806448 1 6480.20996094 0. 3.48868832205e-22 0.
1467806508 1 6478.53613281 0. 3.49026652577e-22 0.
1467806568 1 6475.62255859 0. 3.49122336547e-22 0.
1467806628 1 6471.25 0. 3.49128477381e-22 0.
1467806688 1 6465.89013672 0. 3.49097240607e-22 0.
1467806748 1 6462.21875 0. 3.49154412718e-22 0.
1467806808 1 6458.04394531 0. 3.49178516414e-22 0.
1467806868 1 6452.89648438 0. 3.49142902325e-22 0.
1467806929 1 6450.94189453 0. 3.49297932717e-22 0.
1467806989 1 6446.95214844 0. 3.49323011864e-22 0.
1467807049 1 6443.19140625 0. 3.49371193111e-22 0.
1467807109 1 6438.34960938 0. 3.49362004676e-22 0.
1467807169 1 6436.81884766 0. 3.49510370078e-22 0.
1467807229 1 6433.56982422 0. 3.49584449046e-22 0.
1467807289 1 6428.77880859 0. 3.4957413846e-22 0.
1467807349 1 6424.75878906 0. 3.49596929545e-22 0.
1467807410 1 6421.01757812 0. 3.49633041095e-22 0.
1467807470 1 6417.98828125 0. 3.49725070255e-22 0.
1467807530 1 6413.19824219 0. 3.4972088168e-22 0.
1467807590 1 6410.86083984 0. 3.49834776452e-22 0.
1467807650 1 6407.92236328 0. 3.49912869429e-22 0.
1467807710 1 6404.66845703 0. 3.49981933213e-22 0.
1467807770 1 6400.97021484 0. 3.50030372988e-22 0.
1467807831 1 6398.25195312 0. 3.50133541833e-22 0.
1467807891 1 6394.91894531 0. 3.5019707102e-22 0.
1467807951 1 6389.6640625 0. 3.50173796465e-22 0.
1467808011 1 6387.08447266 0. 3.50270086991e-22 0.
1467808071 1 6381.92578125 0. 3.50233944629e-22 0.
1467808131 1 6379.36621094 0. 3.50342406173e-22 0.
1467808191 1 6375.96533203 0. 3.50421242045e-22 0.
1467808251 1 6370.63037109 0. 3.50375816982e-22 0.
1467808311 1 6367.28662109 0. 3.50436677717e-22 0.
1467808372 1 6364.640625 0. 3.50540566391e-22 0.
1467808432 1 6361.07275391 0. 3.50583590206e-22 0.
1467808492 1 6357.04101562 0. 3.50597772351e-22 0.
1467808552 1 6351.33105469 0. 3.50543908e-22 0.
1467808612 1 6348.18603516 0. 3.50620663206e-22 0.
1467808670 1 6345.23779297 0. 3.5067548152e-22 0.
1467808727 1 6339.87060547 0. 3.50624407208e-22 0.
1467808787 1 6338.43994141 0. 3.50783119676e-22 0.
1467808848 1 6336.17480469 0. 3.50894598197e-22 0.
1467808908 1 6330.16552734 0. 3.5081557985e-22 0.
1467808968 1 6326.18994141 0. 3.50829648656e-22 0.
1467809028 1 6324.12890625 0. 3.50960237794e-22 0.
1467809088 1 6320.92919922 0. 3.5102265088e-22 0.
1467809148 1 6319.24023438 0. 3.51186778633e-22 0.
1467809208 1 6313.10839844 0. 3.51099467982e-22 0.
1467809268 1 6308.25976562 0. 3.51063844246e-22 0.
1467809329 1 6306.01855469 0. 3.51195247551e-22 0.
1467809381 1 6304.03564453 0. 3.51296194289e-22 0.
1467809433 1 6301.06835938 0. 3.51345910352e-22 0.
1467809494 1 6297.05761719 0. 3.51375325052e-22 0.
1467809554 1 6293.26513672 0. 3.51403314904e-22 0.
1467809614 1 6288.38867188 0. 3.51373757268e-22 0.
1467809674 1 6284.34521484 0. 3.51400432721e-22 0.
1467809734 1 6280.31396484 0. 3.51421425814e-22 0.
1467809794 1 6276.5078125 0. 3.51464426464e-22 0.
1467809854 1 6273.64013672 0. 3.51551802033e-22 0.
1467809914 1 6271.49365234 0. 3.51684516373e-22 0.
1467809975 1 6267.00976562 0. 3.51675632639e-22 0.
1467810035 1 6260.3125 0. 3.51535544297e-22 0.
1467810095 1 6260.12109375 0. 3.51771268841e-22 0.
1467810155 1 6257.50537109 0. 3.51883870531e-22 0.
1467810215 1 6253.62548828 0. 3.51897896218e-22 0.
1467810275 1 6249.95654297 0. 3.51922669224e-22 0.
1467810335 1 6247.93066406 0. 3.52055790287e-22 0.
1467810395 1 6242.24951172 0. 3.51987149062e-22 0.
1467810456 1 6240.67919922 0. 3.52148177872e-22 0.
1467810510 1 6236.6796875 0. 3.52158410085e-22 0.
1467810542 1 6232.30126953 0. 3.52060004825e-22 0.
1467810579 1 6233.71240234 0. 3.52262401006e-22 0.
1467810625 1 6231.02001953 0. 3.52294738782e-22 0.
1467810671 1 6227.26074219 0. 3.52279103219e-22 0.
1467810711 1 6223.61425781 0. 3.52241923111e-22 0.
1467810752 1 6222.35791016 0. 3.52338674429e-22 0.
1467810812 1 6219.00976562 0. 3.52397010729e-22 0.
1467810872 1 6215.80908203 0. 3.52452660882e-22 0.
1467810932 1 6211.82324219 0. 3.52475790394e-22 0.
1467810992 1 6206.38378906 0. 3.52416195875e-22 0.
1467811052 1 6102.77685547 0. 3.46774398099e-22 0.
1467811113 1 6007.83691406 0. 3.41616172461e-22 0.
1467811173 1 6021.46630859 0. 3.42605536182e-22 0.
1467811233 1 6194.30322266 0. 3.52686195745e-22 0.
1467811293 1 6188.69482422 0. 3.52583472023e-22 0.
1467811353 1 6187.67626953 0. 3.52750331864e-22 0.
1467811413 1 6187.8984375 0. 3.52950720066e-22 0.
1467811473 1 6186.15478516 0. 3.53060124088e-22 0.
1467811533 1 6184.93017578 0. 3.53180446068e-22 0.
1467811593 1 6177.34912109 0. 3.52980431984e-22 0.
1467811654 1 6173.27197266 0. 3.530027643e-22 0.
1467811714 1 6170.42724609 0. 3.53074777323e-22 0.
1467811774 1 6166.30078125 0. 3.53110714125e-22 0.
1467811834 1 6163.62744141 0. 3.53197045493e-22 0.
1467811894 1 6159.93261719 0. 3.53228557972e-22 0.
1467811954 1 6156.53173828 0. 3.53284421598e-22 0.
1467812014 1 6154.34179688 0. 3.53397168524e-22 0.
1467812075 1 6151.78125 0. 3.53498644997e-22 0.
1467812135 1 6148.88818359 0. 3.5356555041e-22 0.
1467812195 1 6145.07910156 0. 3.54202895513e-22 0.
1467812255 1 6140.42089844 0. 3.53558192605e-22 0.
1467812315 1 6138.15673828 0. 3.53686224444e-22 0.
1467812375 1 6133.95898438 0. 3.53683276526e-22 0.
1467812435 1 6128.36914062 0. 3.53609003274e-22 0.
1467812495 1 6125.20068359 0. 3.53659907258e-22 0.
1467812556 1 6122.61572266 0. 3.53757968217e-22 0.
1467812616 1 6117.90283203 0. 3.53731498159e-22 0.
1467812676 1 6114.51171875 0. 3.53782091751e-22 0.
1467812736 1 6111.05908203 0. 3.53828593467e-22 0.
1467812796 1 6104.35400391 0. 3.5368015034e-22 0.
1467812856 1 6103.49511719 0. 3.53872049569e-22 0.
1467812904 1 6100.35888672 0. 3.53893362294e-22 0.
1467812932 1 6099.54052734 0. 3.53959846119e-22 0.
1467812972 1 6099.26855469 0. 3.5410411325e-22 0.
1467813033 1 6095.84179688 0. 3.54136410964e-22 0.
1467813093 1 6090.89794922 0. 3.54086017698e-22 0.
1467813153 1 6086.98974609 0. 3.54108848737e-22 0.
1467813213 1 6083.99169922 0. 3.54175788859e-22 0.
1467813273 1 6081.01269531 0. 3.54248006036e-22 0.
1467813333 1 6076.94042969 0. 3.5426458473e-22 0.
1467813393 1 6074.35546875 0. 3.54348914304e-22 0.
1467813453 1 6072.31201172 0. 3.54467289672e-22 0.
1467813514 1 6066.39306641 0. 3.54370603143e-22 0.
1467813565 1 6064.92724609 0. 3.54486517938e-22 0.
1467813617 1 6058.78320312 0. 3.54344670741e-22 0.
1467813677 1 6056.12646484 0. 3.54419372899e-22 0.
1467813737 1 6050.59130859 0. 3.54353674649e-22 0.
1467813797 1 6048.48583984 0. 3.54465076221e-22 0.
1467813858 1 6042.94433594 0. 3.54383082209e-22 0.
1467813918 1 6037.71191406 0. 3.54342374844e-22 0.
1467813978 1 6035.13134766 0. 3.54432303175e-22 0.
1467814038 1 6034.72412109 0. 3.5464511026e-22 0.
1467814098 1 6027.7265625 0. 3.54473433455e-22 0.
1467814158 1 6025.09326172 0. 3.54573341899e-22 0.
1467814218 1 6023.88476562 0. 3.54745781028e-22 0.
1467814279 1 6019.31591797 0. 3.54724881775e-22 0.
1467814339 1 6016.70751953 0. 3.54810445724e-22 0.
1467814399 1 6014.69287109 0. 3.54942622268e-22 0.
1467814459 1 6005.44873047 0. 3.54641411138e-22 0.
1467814519 1 6001.42578125 0. 3.54652847255e-22 0.
1467814579 1 6007.69921875 0. 3.55259972833e-22 0.
1467814639 1 6004.41992188 0. 3.5532011843e-22 0.
1467814699 1 6004.42285156 0. 3.55554628594e-22 0.
1467814760 1 6000.92382812 0. 3.55599675378e-22 0.
1467814820 1 5995.28320312 0. 3.5549789454e-22 0.
1467814880 1 5994.13183594 0. 3.55667947749e-22 0.
1467814940 1 5991.90576172 0. 3.55770336011e-22 0.
1467815000 1 5985.85449219 0. 3.5565056163e-22 0.
1467815060 1 5983.35205078 0. 3.55740197178e-22 0.
1467815120 1 5981.22460938 0. 3.55862948797e-22 0.
1467815180 1 5977.63769531 0. 3.55899257574e-22 0.
1467815241 1 5974.84570312 0. 3.55973542843e-22 0.
1467815301 1 5970.79492188 0. 3.55978563791e-22 0.
1467815361 1 5964.30419922 0. 3.55824921159e-22 0.
1467815421 1 5963.63476562 0. 3.56013393013e-22 0.
1467815481 1 5961.59179688 0. 3.56149479738e-22 0.
1467815541 1 5958.68359375 0. 3.5621729044e-22 0.
1467815601 1 5954.62597656 0. 3.56196992898e-22 0.
1467815661 1 5948.79150391 0. 3.56096093333e-22 0.
1467815722 1 5946.91357422 0. 3.56208681416e-22 0.
1467815782 1 5942.375 0. 3.56197432136e-22 0.
1467815842 1 5939.91064453 0. 3.56295663802e-22 0.
1467815902 1 5934.49023438 0. 3.56210889948e-22 0.
1467815962 1 5933.1953125 0. 3.56380486495e-22 0.
1467816022 1 5930.28662109 0. 3.56446193938e-22 0.
1467816082 1 5927.39599609 0. 3.56516571152e-22 0.
1467816142 1 5923.92578125 0. 3.56549632949e-22 0.
1467816203 1 5919.73046875 0. 3.56549885818e-22 0.
1467816263 1 5916.38427734 0. 3.56581858824e-22 0.
1467816323 1 5911.64453125 0. 3.56543795696e-22 0.
1467816380 1 5910.63183594 0. 3.5670463717e-22 0.
1467816437 1 5906.91992188 0. 0.0 0.
1467816472 1 5904.62841797 0. 3.56704220173e-22 0.
1467816507 1 5902.33935547 0. 3.56702603269e-22 0.
1467816567 1 5899.15722656 0. 3.56760362355e-22 0.
1467816627 1 5897.17431641 0. 3.56892580899e-22 0.
1467816689 1 5893.71337891 0. 3.56929312526e-22 0.
1467816750 1 5890.52099609 0. 3.56988030242e-22 0.
1467816810 1 5884.99023438 0. 3.56889074695e-22 0.
1467816870 1 5882.30859375 0. 3.56961017796e-22 0.
1467816930 1 5880.875 0. 3.57118623932e-22 0.
1467816991 1 5875.87451172 0. 3.57058161466e-22 0.
1467817051 1 5872.24951172 0. 3.57082444186e-22 0.
1467817111 1 5869.578125 0. 3.57149165903e-22 0.
1467817171 1 5865.96582031 0. 3.57170360467e-22 0.
1467817231 1 5864.13232422 0. 3.57310154003e-22 0.
1467817291 1 5861.12744141 0. 3.57379733833e-22 0.
1467817351 1 5858.79443359 0. 3.57464175393e-22 0.
1467817411 1 5852.18603516 0. 3.57294064986e-22 0.
1467817472 1 5849.19384766 0. 3.5736902807e-22 0.
1467817532 1 5846.72021484 0. 3.57456084076e-22 0.
1467817592 1 5842.24462891 0. 3.57427778299e-22 0.
1467817652 1 5841.078125 0. 3.57582144426e-22 0.
1467817712 1 5837.00146484 0. 3.57575525123e-22 0.
1467817772 1 5833.90869141 0. 3.57646034848e-22 0.
1467817832 1 5832.41552734 0. 3.57804647902e-22 0.
1467817892 1 5829.28759766 0. 3.57847977777e-22 0.
1467817953 1 5825.69775391 0. 3.57862482079e-22 0.
1467818013 1 5820.88183594 0. 3.57799219361e-22 0.
1467818073 1 5819.08642578 0. 3.57931995153e-22 0.
1467818133 1 5816.32226562 0. 3.5801181094e-22 0.
1467818193 1 5811.40722656 0. 3.57949906508e-22 0.
1467818253 1 5807.42382812 0. 3.57951497743e-22 0.
1467818313 1 5805.38183594 0. 3.5805862716e-22 0.
1467818373 1 5802.61767578 0. 3.58133520559e-22 0.
1467818434 1 5797.32617188 0. 3.58035675651e-22 0.
1467818494 1 5793.50634766 0. 3.58037934816e-22 0.
1467818554 1 5791.33496094 0. 3.58140055582e-22 0.
1467818614 1 5789.31445312 0. 3.58257586372e-22 0.
1467818674 1 5786.25292969 0. 3.58298860198e-22 0.
1467818734 1 5782.72412109 0. 3.58331003019e-22 0.
1467818794 1 5778.84619141 0. 3.5833238526e-22 0.
1467818855 1 5774.7578125 0. 3.58312840287e-22 0.
1467818915 1 5772.89941406 0. 3.58433881824e-22 0.
1467818975 1 5768.39257812 0. 3.58394359733e-22 0.
1467819035 1 5764.2578125 0. 3.58385064265e-22 0.
1467819095 1 5759.86816406 0. 3.58351660656e-22 0.
1467819155 1 5757.87011719 0. 3.5845950512e-22 0.
1467819199 1 5755.71337891 0. 3.5849387604e-22 0.
1467819244 1 5754.32714844 0. 3.58583087749e-22 0.
1467819304 1 5751.81347656 0. 3.58676952489e-22 0.
1467819364 1 5748.72802734 0. 3.58715255543e-22 0.
1467819424 1 5746.48681641 0. 3.58797171436e-22 0.
1467819484 1 5745.55908203 0. 3.5898926046e-22 0.
1467819544 1 5741.15869141 0. 3.58929632171e-22 0.
1467819605 1 5738.62011719 0. 3.59038020737e-22 0.
1467819665 1 5733.36767578 0. 3.58960569856e-22 0.
1467819725 1 5730.00292969 0. 3.58978323443e-22 0.
1467819785 1 5728.60107422 0. 3.59116851738e-22 0.
1467819845 1 5726.54052734 0. 3.59224218809e-22 0.
1467819905 1 5719.71386719 0. 3.59035863132e-22 0.
1467819965 1 5719.27441406 0. 3.5924474228e-22 0.
1467820025 1 5715.11914062 0. 3.59225707835e-22 0.
1467820086 1 5709.95751953 0. 3.59151899964e-22 0.
1467820146 1 5708.90429688 0. 3.59320148423e-22 0.
1467820206 1 5704.35009766 0. 3.59272457895e-22 0.
1467820266 1 5703.48144531 0. 3.59440295801e-22 0.
1467820326 1 5700.28955078 0. 3.59488518104e-22 0.
1467820386 1 5696.25634766 0. 3.59457189931e-22 0.
1467820446 1 5693.17089844 0. 3.59500792638e-22 0.
1467820507 1 5691.22265625 0. 3.59610566707e-22 0.
1467820567 1 5688.8046875 0. 3.59697100078e-22 0.
1467820627 1 5683.01416016 0. 3.59580015442e-22 0.
1467820687 1 5681.12695312 0. 3.59702589064e-22 0.
1467820747 1 5675.03515625 0. 3.5954225918e-22 0.
1467820807 1 5672.92285156 0. 3.59669790167e-22 0.
1467820867 1 5670.50878906 0. 3.59743194295e-22 0.
1467820927 1 5668.04296875 0. 3.59827277102e-22 0.
1467820978 1 5665.77490234 0. 3.59875905253e-22 0.
1467821029 1 5662.31445312 0. 3.59858241954e-22 0.
1467821064 1 5659.92333984 0. 3.59806178648e-22 0.
1467821099 1 5657.53662109 0. 3.5981006809e-22 0.
1467821159 1 5653.77294922 0. 3.59841434409e-22 0.
1467821219 1 5647.72167969 0. 3.60289591594e-22 0.
1467821280 1 5645.328125 0. 3.59754953617e-22 0.
1467821340 1 5641.93164062 0. 3.5977453937e-22 0.
1467821400 1 5639.52099609 0. 3.59863439749e-22 0.
1467821460 1 5635.34423828 0. 3.59824214039e-22 0.
1467821520 1 5631.46728516 0. 3.59815228556e-22 0.
1467821580 1 5629.75292969 0. 3.59930154724e-22 0.
1467821641 1 5627.32519531 0. 3.60005798034e-22 0.
1467821701 1 5622.65283203 0. 3.59931523474e-22 0.
1467821747 1 5619.27832031 0. 3.59912363201e-22 0.
1467821768 1 5617.72460938 0. 3.59901573815e-22 0.
1467821803 1 5615.15917969 0. 3.59850890272e-22 0.
1467821863 1 5610.82470703 0. 3.59831511706e-22 0.
1467821924 1 5609.58789062 0. 3.60004505321e-22 0.
1467821984 1 5604.85546875 0. 3.59943527416e-22 0.
1467822044 1 5602.72998047 0. 3.60038914683e-22 0.
1467822104 1 5599.20214844 0. 3.60047906516e-22 0.
1467822164 1 5597.82519531 0. 3.60199372806e-22 0.
1467822224 1 5593.7265625 0. 3.60171105249e-22 0.
1467822284 1 5591.54589844 0. 3.60250510046e-22 0.
1467822344 1 5586.67871094 0. 3.60186565736e-22 0.
1467822404 1 5582.44970703 0. 3.60142384605e-22 0.
1467822465 1 5579.89404297 0. 3.60211664118e-22 0.
1467822525 1 5576.48583984 0. 3.60225739328e-22 0.
1467822585 1 5572.95800781 0. 3.60244500097e-22 0.
1467822645 1 5569.80566406 0. 3.60255935574e-22 0.
1467822705 1 5567.64648438 0. 3.60353140935e-22 0.
1467822765 1 5563.66259766 0. 3.60334015259e-22 0.
1467822825 1 5559.44384766 0. 3.60298361277e-22 0.
1467822883 1 5555.02929688 0. 3.6022480201e-22 0.
1467822940 1 5551.27246094 0. 3.60215900955e-22 0.
1467823000 1 5547.93701172 0. 3.60237672794e-22 0.
1467823060 1 5544.40820312 0. 3.60245255822e-22 0.
1467823120 1 5540.70898438 0. 3.60240836914e-22 0.
1467823181 1 5537.60058594 0. 3.6027074018e-22 0.
1467823241 1 5534.94042969 0. 3.60316978201e-22 0.
1467823301 1 5529.75927734 0. 3.60223913755e-22 0.
1467823361 1 5529.06787109 0. 3.60406232573e-22 0.
1467823421 1 5529.11962891 0. 3.60642241307e-22 0.
1467823481 1 5522.29003906 0. 3.60429672226e-22 0.
1467823541 1 5518.63623047 0. 3.60424869919e-22 0.
1467823601 1 5516.42626953 0. 3.60516536574e-22 0.
1467823662 1 5512.87207031 0. 3.60521387446e-22 0.
1467823722 1 5510.28125 0. 3.60588833771e-22 0.
1467823782 1 5510.34277344 0. 3.60834724571e-22 0.
1467823842 1 5513.77197266 0. 3.6129394909e-22 0.
1467823902 1 5511.60742188 0. 3.61374450446e-22 0.
1467823962 1 5510.24365234 0. 3.61521749371e-22 0.
1467824022 1 5506.16699219 0. 3.61499492319e-22 0.
1467824082 1 5501.91308594 0. 3.61455206455e-22 0.
1467824143 1 5501.60839844 0. 3.61666360794e-22 0.
1467824203 1 5499.24462891 0. 3.61748750781e-22 0.
1467824263 1 5494.25439453 0. 3.61654293464e-22 0.
1467824323 1 5490.609375 0. 3.61657706272e-22 0.
1467824383 1 5486.90429688 0. 3.61659485175e-22 0.
1467824443 1 5484.28808594 0. 3.61724606749e-22 0.
1467824503 1 5480.76660156 0. 3.6172653467e-22 0.
1467824563 1 5476.6328125 0. 3.61689554762e-22 0.
1467824624 1 5474.35009766 0. 3.61775167715e-22 0.
1467824684 1 5471.80957031 0. 3.61857017764e-22 0.
1467824744 1 5468.06298828 0. 3.6182933925e-22 0.
1467824779 1 5466.99072266 0. 3.61916276512e-22 0.
1467824815 1 5463.93994141 0. 3.61845291069e-22 0.
1467824875 1 5461.65527344 0. 3.61914609396e-22 0.
1467824935 1 5457.67626953 0. 3.61903691885e-22 0.
1467824995 1 5453.86279297 0. 3.61887195953e-22 0.
1467825055 1 5450.62988281 0. 3.6190357798e-22 0.
1467825116 1 5447.33447266 0. 3.6191034735e-22 0.
1467825176 1 5445.60644531 0. 3.62034506573e-22 0.
1467825236 1 5441.04541016 0. 3.61980723255e-22 0.
1467825296 1 5439.23486328 0. 3.62112601217e-22 0.
1467825356 1 5438.16015625 0. 3.62260733628e-22 0.
1467825416 1 5431.79296875 0. 3.62073032964e-22 0.
1467825476 1 5428.89501953 0. 3.62123325191e-22 0.
1467825536 1 5426.20361328 0. 3.62183101379e-22 0.
1467825596 1 5422.40917969 0. 3.6215786585e-22 0.
1467825657 1 5417.88232422 0. 3.62096235017e-22 0.
1467825717 1 5415.54052734 0. 3.62174383268e-22 0.
1467825777 1 5410.92089844 0. 3.62108223867e-22 0.
1467825837 1 5407.51220703 0. 3.62118833255e-22 0.
1467825897 1 5405.13232422 0. 3.62188103144e-22 0.
1467825957 1 5402.16894531 0. 3.62234038841e-22 0.
1467826017 1 5399.56005859 0. 3.62294773919e-22 0.
1467826077 1 5395.05859375 0. 3.62224749072e-22 0.
1467826138 1 5393.08789062 0. 3.62331931828e-22 0.
1467826198 1 5284.12402344 0. 3.55226617736e-22 0.
1467826258 1 5219.76953125 0. 3.51121871306e-22 0.
1467826318 1 5394.94775391 0. 3.63145130642e-22 0.
1467826378 1 5392.63232422 0. 3.63226098494e-22 0.
1467826438 1 5391.97900391 0. 3.63411140284e-22 0.
1467826498 1 5387.39794922 0. 3.63343465572e-22 0.
1467826558 1 5383.54589844 0. 3.63329819205e-22 0.
1467826618 1 5380.19335938 0. 3.63336410579e-22 0.
1467826679 1 5376.00195312 0. 3.63281060088e-22 0.
1467826739 1 5372.89208984 0. 3.63309669606e-22 0.
1467826799 1 5372.72363281 0. 3.63537112726e-22 0.
1467826859 1 5369.74707031 0. 3.63568953951e-22 0.
1467826919 1 5367.13574219 0. 3.63625090774e-22 0.
1467826979 1 5361.6796875 0. 3.63492271022e-22 0.
1467827039 1 5358.71337891 0. 3.6352279416e-22 0.
1467827100 1 5357.97998047 0. 3.63707537047e-22 0.
1467827160 1 5352.92529297 0. 3.63600921519e-22 0.
1467827220 1 5350.36425781 0. 3.64778183266e-22 0.
1467827280 1 5346.12744141 0. 3.63611959419e-22 0.
1467827340 1 5340.76757812 0. 3.6347978883e-22 0.
1467827400 1 5337.15820312 0. 3.63469898785e-22 0.
1467827460 1 5334.90917969 0. 3.6355106386e-22 0.
1467827520 1 5331.79003906 0. 3.63567964166e-22 0.
1467827580 1 5329.04589844 0. 3.6360470148e-22 0.
1467827641 1 5324.39355469 0. 3.63527433718e-22 0.
1467827701 1 5322.38134766 0. 3.63639899878e-22 0.
1467827761 1 5319.74707031 0. 3.6369066582e-22 0.
1467827821 1 5315.15185547 0. 3.63614374459e-22 0.
1467827881 1 5312.40966797 0. 3.63664915275e-22 0.
1467827941 1 5309.84716797 0. 3.63721291488e-22 0.
1467828001 1 5307.92480469 0. 3.63823728391e-22 0.
1467828062 1 5302.61669922 0. 3.63690569844e-22 0.
1467828122 1 5299.46240234 0. 3.63715033355e-22 0.
1467828182 1 5296.29589844 0. 3.6372964664e-22 0.
1467828242 1 5294.70654297 0. 3.6385987549e-22 0.
1467828302 1 5290.87255859 0. 3.63817218271e-22 0.
1467828362 1 5289.34863281 0. 3.63944217331e-22 0.
1467828422 1 5283.70507812 0. 3.63802232368e-22 0.
1467828482 1 5281.89453125 0. 3.6389684049e-22 0.
1467828542 1 5278.53369141 0. 3.63929988971e-22 0.
1467828603 1 5274.69824219 0. 3.63895661993e-22 0.
1467828663 1 5271.87158203 0. 3.63929100905e-22 0.
1467828708 1 5268.81347656 0. 3.63900334475e-22 0.
1467828753 1 5268.47705078 0. 3.64050343828e-22 0.
1467828814 1 5265.27685547 0. 3.64064891386e-22 0.
1467828874 1 5259.24902344 0. 3.63884321631e-22 0.
1467828934 1 5258.01318359 0. 3.64029652005e-22 0.
1467828994 1 5254.97753906 0. 3.64053223873e-22 0.
1467829054 1 5250.13623047 0. 3.63956568679e-22 0.
1467829114 1 5247.61376953 0. 3.64025867232e-22 0.
1467829174 1 5244.21533203 0. 3.64025983122e-22 0.
1467829234 1 5240.79541016 0. 3.64023433914e-22 0.
1467829295 1 5236.60302734 0. 3.6396228426e-22 0.
1467829355 1 5232.48242188 0. 3.63903425793e-22 0.
1467829415 1 5230.3359375 0. 3.63997250364e-22 0.
1467829475 1 5227.13769531 0. 3.64009009603e-22 0.
1467829535 1 5223.43164062 0. 3.63986338862e-22 0.
1467829595 1 5221.43603516 0. 3.64084531841e-22 0.
1467829655 1 5217.1484375 0. 3.64016447654e-22 0.
1467829716 1 5213.71875 0. 3.64003738564e-22 0.
1467829776 1 5209.84033203 0. 3.63972446779e-22 0.
1467829836 1 5206.75927734 0. 3.63984387764e-22 0.
1467829896 1 5202.98632812 0. 3.63956712242e-22 0.
1467829956 1 5201.23388672 0. 3.64062615875e-22 0.
1467830016 1 5196.8984375 0. 3.63987846674e-22 0.
1467830076 1 5195.28076172 0. 3.64100632136e-22 0.
1467830136 1 5191.38574219 0. 3.64063682577e-22 0.
1467830196 1 5186.53857422 0. 3.63962686843e-22 0.
1467830257 1 5184.68457031 0. 3.64053089724e-22 0.
1467830317 1 5182.20654297 0. 3.64111364028e-22 0.
1467830377 1 5179.03515625 0. 3.64124589003e-22 0.
1467830437 1 5174.18310547 0. 3.64021267577e-22 0.
1467830497 1 5170.38671875 0. 3.63984036421e-22 0.
1467830557 1 5174.96289062 0. 3.64534142204e-22 0.
1467830617 1 5172.53613281 0. 3.64604406617e-22 0.
1467830674 1 5169.4453125 0. 3.64598449701e-22 0.
1467830730 1 5165.17919922 0. 3.64495459756e-22 0.
1467830791 1 5162.16357422 0. 3.64515835491e-22 0.
1467830851 1 5158.61767578 0. 3.64495803148e-22 0.
1467830911 1 5153.66503906 0. 0.0 0.
1467830946 1 5150.77490234 0. 3.6429546637e-22 0.
1467830956 1 5149.94873047 0. 3.64279158785e-22 0.
1467830991 1 5150.53369141 0. 3.64462709969e-22 0.
1467831051 1 5149.12304688 0. 3.6460199058e-22 0.
1467831111 1 5146.73046875 0. 3.64671558559e-22 0.
1467831171 1 5143.27490234 0. 3.64667626842e-22 0.
1467831231 1 5140.97753906 0. 3.6473765481e-22 0.
1467831292 1 5136.51708984 0. 3.64651620305e-22 0.
1467831352 1 5131.21191406 0. 3.64508729812e-22 0.
1467831412 1 5127.17724609 0. 3.6444809308e-22 0.
1467831472 1 5123.50244141 0. 3.64429525628e-22 0.
1467831532 1 5122.73193359 0. 3.64600504927e-22 0.
1467831592 1 5120.57763672 0. 3.64685924802e-22 0.
1467831652 1 5117.6015625 0. 3.64717509785e-22 0.
1467831712 1 5114.55908203 0. 3.64728430527e-22 0.
1467831773 1 5110.80419922 0. 3.64698265178e-22 0.
1467831833 1 5108.23632812 0. 3.64742338994e-22 0.
1467831893 1 5104.04492188 0. 3.64671913628e-22 0.
1467831953 1 5101.95068359 0. 3.64752089643e-22 0.
1467832013 1 5100.48876953 0. 3.64887591921e-22 0.
1467832073 1 5096.41162109 0. 3.64830387757e-22 0.
1467832133 1 5093.05126953 0. 3.64821647946e-22 0.
1467832194 1 5090.12109375 0. 3.64843909791e-22 0.
1467832254 1 5087.61035156 0. 3.64906049415e-22 0.
1467832314 1 5085.16894531 0. 3.64972160277e-22 0.
1467832374 1 5080.73730469 0. 3.64890612915e-22 0.
1467832434 1 5078.1015625 0. 3.64943227092e-22 0.
1467832494 1 5074.54980469 0. 3.64923709364e-22 0.
1467832554 1 5071.85595703 0. 3.64946782525e-22 0.
1467832614 1 5068.31689453 0. 3.64934578047e-22 0.
1467832675 1 5065.17773438 0. 3.649405587e-22 0.
1467832735 1 5062.57128906 0. 3.64994536277e-22 0.
1467832795 1 5059.16064453 0. 3.64981316261e-22 0.
1467832855 1 5056.27441406 0. 3.65006139446e-22 0.
1467832915 1 5052.91992188 0. 3.64995627301e-22 0.
1467832975 1 5049.92431641 0. 3.64998742667e-22 0.
1467833035 1 5048.68554688 0. 3.65149214599e-22 0.
1467833095 1 5044.97314453 0. 3.65124668364e-22 0.
1467833155 1 5041.15332031 0. 3.65083882903e-22 0.
1467833216 1 5036.74658203 0. 3.64993719767e-22 0.
1467833276 1 5034.38623047 0. 3.65055974815e-22 0.
1467833336 1 5032.20410156 0. 3.65125697321e-22 0.
1467833396 1 5031.26074219 0. 3.65294708938e-22 0.
1467833456 1 5025.96972656 0. 3.65135039886e-22 0.
1467833516 1 5021.29736328 0. 3.65032592951e-22 0.
1467833576 1 5020.38964844 0. 3.65198812319e-22 0.
1467833636 1 5016.18212891 0. 3.65120962694e-22 0.
1467833697 1 5012.33789062 0. 3.65072838113e-22 0.
1467833757 1 5010.9609375 0. 3.65211402958e-22 0.
1467833817 1 5007.74511719 0. 3.65196642248e-22 0.
1467833877 1 5005.58984375 0. 3.65263455599e-22 0.
1467833937 1 5002.56396484 0. 3.65279578936e-22 0.
1467833997 1 4998.37744141 0. 3.65198444737e-22 0.
1467834057 1 4993.31298828 0. 3.65064390265e-22 0.
1467834117 1 4992.72070312 0. 3.65243186662e-22 0.
1467834178 1 4988.43701172 0. 3.6516789427e-22 0.
1467834238 1 4985.03515625 0. 3.65158247843e-22 0.
1467834298 1 4980.55126953 0. 3.6506357304e-22 0.
1467834358 1 4978.78515625 0. 3.65160869492e-22 0.
1467834418 1 4977.23632812 0. 3.65271179313e-22 0.
1467834478 1 4970.37548828 0. 3.64998769261e-22 0.
1467834538 1 4969.41845703 0. 3.65153073643e-22 0.
1467834598 1 4966.7890625 0. 3.65194921101e-22 0.
1467834659 1 4964.57714844 0. 3.65263737178e-22 0.
1467834719 1 4962.36035156 0. 3.65331285832e-22 0.
1467834770 1 4958.98339844 0. 3.65285110012e-22 0.
1467834797 1 4957.24316406 0. 3.65240484695e-22 0.
1467834832 1 4954.93798828 0. 3.65204552996e-22 0.
1467834892 1 4950.89306641 0. 3.65152619167e-22 0.
1467834952 1 4949.30908203 0. 3.65261641286e-22 0.
1467835012 1 4946.13378906 0. 3.65268081691e-22 0.
1467835072 1 4943.98095703 0. 3.65338115582e-22 0.
1467835132 1 4939.93847656 0. 3.652743072e-22 0.
1467835193 1 4937.73730469 0. 3.65327450256e-22 0.
1467835253 1 4931.83056641 0. 3.65115952038e-22 0.
1467835313 1 4932.24853516 0. 3.65378750989e-22 0.
1467835373 1 4928.73876953 0. 3.65345525309e-22 0.
1467835433 1 4926.79003906 0. 3.65442152753e-22 0.
1467835493 1 4923.46484375 0. 3.65407824031e-22 0.
1467835553 1 4921.4140625 0. 3.65493042316e-22 0.
1467835613 1 4919.34667969 0. 3.65564010745e-22 0.
1467835673 1 4916.01904297 0. 3.65546499113e-22 0.
1467835734 1 4913.80908203 0. 3.65610034559e-22 0.
1467835794 1 4910.25390625 0. 3.65570975952e-22 0.
1467835854 1 4909.14013672 0. 3.6571328212e-22 0.
1467835914 1 4905.23291016 0. 3.65643047005e-22 0.
1467835974 1 4903.25097656 0. 3.6571471156e-22 0.
1467836034 1 4900.25878906 0. 3.65718436577e-22 0.
1467836094 1 4896.52880859 0. 3.65670974118e-22 0.
1467836155 1 4895.36621094 0. 3.65815542638e-22 0.
1467836215 1 4893.80175781 0. 3.65918817365e-22 0.
1467836275 1 4890.22363281 0. 3.65887799016e-22 0.
1467836335 1 4884.5703125 0. 3.65688370566e-22 0.
1467836395 1 4882.23535156 0. 3.65739691341e-22 0.
1467836455 1 4880.15234375 0. 3.6581289359e-22 0.
1467836502 1 4876.87988281 0. 3.65748818715e-22 0.
1467836548 1 4874.51904297 0. 3.6574029916e-22 0.
1467836608 1 4870.90283203 0. 3.65709414746e-22 0.
1467836668 1 4866.57275391 0. 3.65617148873e-22 0.
1467836728 1 4863.57080078 0. 3.65610338051e-22 0.
1467836789 1 4862.05322266 0. 3.65721362208e-22 0.
1467836849 1 4858.83251953 0. 3.6571150046e-22 0.
1467836909 1 4855.5078125 0. 3.65677755315e-22 0.
1467836969 1 4854.90625 0. 3.65859264237e-22 0.
1467837029 1 4852.04003906 0. 3.65863173649e-22 0.
1467837089 1 4848.89794922 0. 3.65853779701e-22 0.
1467837150 1 4845.76123047 0. 3.65836689884e-22 0.
1467837210 1 4843.30419922 0. 3.65881383629e-22 0.
1467837270 1 4840.38330078 0. 3.65880114048e-22 0.
1467837330 1 4837.81445312 0. 3.65917799977e-22 0.
1467837390 1 4835.61572266 0. 3.65982757681e-22 0.
1467837450 1 4834.27832031 0. 3.66116200763e-22 0.
1467837510 1 4829.15771484 0. 3.65938550729e-22 0.
1467837570 1 4828.25048828 0. 3.6609892637e-22 0.
1467837631 1 4824.73242188 0. 3.66059980779e-22 0.
1467837691 1 4822.63818359 0. 3.66120719869e-22 0.
1467837751 1 4822.14453125 0. 3.6629475385e-22 0.
1467837811 1 4818.72753906 0. 3.66270207357e-22 0.
1467837871 1 4815.17089844 0. 3.66234043646e-22 0.
1467837931 1 4813.00146484 0. 3.66293280621e-22 0.
1467837991 1 4802.14404297 0. 3.65685743276e-22 0.
1467838027 1 4795.81005859 0. 3.65312888424e-22 0.
1467838062 1 4789.48193359 0. 3.64971758208e-22 0.
1467838097 1 4523.42822266 0. 3.44844709784e-22 0.
1467838132 1 4676.28417969 0. 3.56618604095e-22 0.
1467838192 1 4754.17285156 0. 3.62751019141e-22 0.
1467838252 1 4814.37695312 0. 3.67591569533e-22 0.
1467838312 1 4812.24121094 0. 3.67643826982e-22 0.
1467838372 1 4809.30371094 0. 3.67654253732e-22 0.
1467838432 1 4805.67431641 0. 3.6761141229e-22 0.
1467838493 1 4803.88232422 0. 3.67699781047e-22 0.
1467838553 1 4800.50537109 0. 3.67669076645e-22 0.
1467838613 1 4798.51513672 0. 3.67740729381e-22 0.
1467838673 1 4795.85839844 0. 3.67772451261e-22 0.
1467838710 1 4793.51904297 0. 3.67760643535e-22 0.
1467838748 1 4793.12402344 0. 3.67859881057e-22 0.
1467838808 1 4791.58642578 0. 3.67970303166e-22 0.
1467838868 1 4785.4375 0. 3.67727481586e-22 0.
1467838928 1 4782.08642578 0. 3.67705734586e-22 0.
1467838989 1 4780.28808594 0. 3.67782196588e-22 0.
1467839049 1 4776.66845703 0. 3.67736384063e-22 0.
1467839109 1 4774.51855469 0. 3.67790728476e-22 0.
1467839155 1 4772.89599609 0. 3.67831010495e-22 0.
1467839201 1 4769.38330078 0. 3.67743869835e-22 0.
1467839236 1 4766.47265625 0. 3.67647257064e-22 0.
1467839271 1 4767.40527344 0. 3.67857203778e-22 0.
1467839331 1 4767.48046875 0. 3.68082332217e-22 0.
1467839391 1 4765.20068359 0. 3.68133894414e-22 0.
1467839451 1 4762.21191406 0. 3.68124285457e-22 0.
1467839512 1 4760.15966797 0. 3.6820197938e-22 0.
1467839572 1 4757.80419922 0. 3.68240507823e-22 0.
1467839632 1 4752.30078125 0. 3.68047915528e-22 0.
1467839692 1 4750.74804688 0. 3.68145041857e-22 0.
1467839752 1 4747.79101562 0. 3.68146437767e-22 0.
1467839812 1 4745.37841797 0. 3.68182125805e-22 0.
1467839864 1 4744.57080078 0. 3.68324926891e-22 0.
1467839916 1 4741.15722656 0. 3.68260456657e-22 0.
1467839976 1 4739.37011719 0. 3.68341793483e-22 0.
1467840036 1 4737.50634766 0. 3.68421275799e-22 0.
1467840097 1 4734.72705078 0. 3.68420209451e-22 0.
1467840157 1 4733.52294922 0. 3.68552171619e-22 0.
1467840217 1 4729.67138672 0. 3.68485000781e-22 0.
1467840277 1 4727.62158203 0. 3.68551545242e-22 0.
1467840337 1 4724.83105469 0. 3.68571300156e-22 0.
1467840397 1 4722.328125 0. 3.68609788964e-22 0.
1467840458 1 4720.82373047 0. 3.68704141335e-22 0.
1467840518 1 4719.28320312 0. 3.6880081732e-22 0.
1467840578 1 4716.08056641 0. 3.68780039213e-22 0.
1467840638 1 4715.1171875 0. 3.68921463007e-22 0.
1467840698 1 4712.80371094 0. 3.68986130706e-22 0.
1467840758 1 4707.890625 0. 3.6880704818e-22 0.
1467840818 1 4704.92529297 0. 3.68810538278e-22 0.
1467840878 1 4704.02734375 0. 3.68971645368e-22 0.
1467840939 1 4701.82128906 0. 3.69021120123e-22 0.
1467840999 1 4698.57275391 0. 3.68976480664e-22 0.
1467841059 1 4697.63964844 0. 3.69124633723e-22 0.
1467841119 1 4693.8046875 0. 3.69053456522e-22 0.
1467841179 1 4691.19042969 0. 3.69062015418e-22 0.
1467841218 1 4688.58740234 0. 3.69000369728e-22 0.
1467841256 1 4686.33984375 0. 3.68982816221e-22 0.
1467841316 1 4685.78808594 0. 3.69155951154e-22 0.
1467841376 1 4682.34082031 0. 3.69119666022e-22 0.
1467841436 1 4680.75976562 0. 3.69214755805e-22 0.
1467841497 1 4679.00683594 0. 3.69298669056e-22 0.
1467841557 1 4675.63037109 0. 3.69383733316e-22 0.
1467841617 1 4673.38378906 0. 3.69297786059e-22 0.
1467841677 1 4670.5 0. 3.6930387489e-22 0.
1467841737 1 4668.42773438 0. 3.69353095716e-22 0.
1467841797 1 4665.40039062 0. 3.69345304591e-22 0.
1467841857 1 4662.16503906 0. 3.69312058212e-22 0.
1467841917 1 4659.20800781 0. 3.6930295325e-22 0.
1467841958 1 4657.60302734 0. 3.6932654172e-22 0.
1467841998 1 4655.90722656 0. 3.69344157825e-22 0.
1467842059 1 4652.24511719 0. 3.69272020607e-22 0.
1467842119 1 4651.09667969 0. 3.6940568791e-22 0.
1467842179 1 4650.46679688 0. 3.69575183965e-22 0.
1467842239 1 4646.578125 0. 3.69485937886e-22 0.
1467842299 1 4645.66259766 0. 3.69620578168e-22 0.
1467842359 1 4642.30371094 0. 3.69584961022e-22 0.
1467842419 1 4640.171875 0. 3.6963816953e-22 0.
1467842480 1 4638.45996094 0. 3.6972852706e-22 0.
1467842540 1 4635.70214844 0. 3.69720772981e-22 0.
1467842600 1 4632.65429688 0. 3.69695029705e-22 0.
1467842660 1 4629.75097656 0. 3.69686470425e-22 0.
1467842720 1 4628.22216797 0. 3.6978980381e-22 0.
1467842780 1 4626.56494141 0. 3.69885625174e-22 0.
1467842840 1 4624.44726562 0. 3.69928022633e-22 0.
1467842900 1 4620.03125 0. 3.69801148059e-22 0.
1467842961 1 4618.11279297 0. 3.6986213947e-22 0.
1467843021 1 4615.82861328 0. 3.69915008185e-22 0.
1467843081 1 4613.77636719 0. 3.69970342933e-22 0.
1467843141 1 4611.15673828 0. 3.69986590743e-22 0.
1467843201 1 4608.20654297 0. 3.6996281183e-22 0.
1467843261 1 4605.34619141 0. 3.69953375028e-22 0.
1467843321 1 4602.13134766 0. 3.69913969852e-22 0.
1467843381 1 4599.81103516 0. 3.69945424864e-22 0.
1467843441 1 4598.05859375 0. 3.70032195433e-22 0.
1467843502 1 4596.06689453 0. 3.70093737659e-22 0.
1467843562 1 4594.08251953 0. 3.70155290844e-22 0.
1467843622 1 4592.26367188 0. 3.7024420918e-22 0.
1467843682 1 4588.90625 0. 3.70181776064e-22 0.
1467843742 1 4586.65869141 0. 3.70208898997e-22 0.
1467843802 1 4582.88964844 0. 3.70142151976e-22 0.
1467843862 1 4580.82226562 0. 3.70197559302e-22 0.
1467843923 1 4578.91455078 0. 3.70263646169e-22 0.
1467843983 1 4576.34570312 0. 3.70277993319e-22 0.
1467844043 1 4575.06054688 0. 3.70393500216e-22 0.
1467844103 1 4572.23828125 0. 3.70384202677e-22 0.
1467844163 1 4570.38818359 0. 3.7044704011e-22 0.
1467844223 1 4565.82861328 0. 3.70298063102e-22 0.
1467844283 1 4563.03369141 0. 3.70280785813e-22 0.
1467844344 1 4561.49169922 0. 3.7037938659e-22 0.
1467844404 1 4559.28369141 0. 3.70433545629e-22 0.
1467844464 1 4558.69580078 0. 3.70599123985e-22 0.
1467844524 1 4555.32763672 0. 3.71170387879e-22 0.
1467844584 1 4553.64990234 0. 3.70626492041e-22 0.
1467844644 1 4550.19775391 0. 3.70564460111e-22 0.
1467844704 1 4548.49658203 0. 3.70644169614e-22 0.
1467844764 1 4545.95605469 0. 3.70650038656e-22 0.
1467844825 1 4541.74121094 0. 3.7052863892e-22 0.
1467844885 1 4540.49365234 0. 3.70657382417e-22 0.
1467844945 1 4536.53125 0. 3.70556110874e-22 0.
1467845005 1 4532.00878906 0. 3.70408491958e-22 0.
1467845065 1 4532.41503906 0. 3.7066937599e-22 0.
1467845125 1 4530.47753906 0. 3.70712132368e-22 0.
1467845185 1 4526.56494141 0. 3.70618078691e-22 0.
1467845245 1 4525.52734375 0. 3.70759401484e-22 0.
1467845305 1 4522.06542969 0. 3.7069239208e-22 0.
1467845366 1 4519.83789062 0. 3.70724276417e-22 0.
1467845426 1 4519.39599609 0. 3.70909629006e-22 0.
1467845486 1 4517.40283203 0. 3.70961811882e-22 0.
1467845546 1 4515.9609375 0. 3.71062992262e-22 0.
1467845606 1 4514.37011719 0. 3.71147842333e-22 0.
1467845666 1 4511.58203125 0. 3.7114657682e-22 0.
1467845726 1 4508.08007812 0. 3.71079738685e-22 0.
1467845787 1 4507.03271484 0. 3.71214281401e-22 0.
1467845847 1 4504.66357422 0. 3.71240667971e-22 0.
1467845907 1 4502.51416016 0. 3.71279907158e-22 0.
1467845967 1 4499.36474609 0. 3.71238594315e-22 0.
1467846027 1 4499.0 0. 3.71434376457e-22 0.
1467846087 1 4497.69775391 0. 3.71535732821e-22 0.
1467846147 1 4494.36181641 0. 3.7147281485e-22 0.
1467846208 1 4491.42626953 0. 3.71451565582e-22 0.
1467846268 1 4489.15527344 0. 3.71483134865e-22 0.
1467846328 1 4486.35107422 0. 3.71474368033e-22 0.
1467846388 1 4484.67724609 0. 3.71556200668e-22 0.
1467846448 1 4481.93066406 0. 3.71545353135e-22 0.
1467846508 1 4481.55126953 0. 3.71731816467e-22 0.
1467846568 1 4478.35107422 0. 3.71683315198e-22 0.
1467846628 1 4475.71191406 0. 3.71691055477e-22 0.
1467846688 1 4473.10693359 0. 3.71683326276e-22 0.
1467846749 1 4471.11669922 0. 3.71746631271e-22 0.
1467846809 1 4469.14697266 0. 3.71803504251e-22 0.
1467846869 1 4466.02734375 0. 3.71760056351e-22 0.
1467846916 1 4464.09033203 0. 3.71769769513e-22 0.
1467846941 1 4463.13378906 0. 3.7179587306e-22 0.
1467846979 1 4461.58935547 0. 3.71788261161e-22 0.
1467847039 1 4459.2109375 0. 3.71806481918e-22 0.
1467847099 1 4458.20800781 0. 3.71941332961e-22 0.
1467847159 1 4457.84228516 0. 3.72128581668e-22 0.
1467847219 1 4454.72460938 0. 3.72086884656e-22 0.
1467847279 1 4451.20458984 0. 3.72011411604e-22 0.
1467847339 1 4448.76025391 0. 3.72022142541e-22 0.
1467847400 1 4447.80957031 0. 3.72162824505e-22 0.
1467847460 1 4445.42285156 0. 3.72172532914e-22 0.
1467847520 1 4443.23730469 0. 3.72203813074e-22 0.
1467847580 1 4441.10253906 0. 3.7224584209e-22 0.
1467847640 1 4439.54443359 0. 3.72343643064e-22 0.
1467847700 1 4435.53613281 0. 3.72219439983e-22 0.
1467847760 1 4434.18847656 0. 3.72324424822e-22 0.
1467847820 1 4433.10839844 0. 3.72454155425e-22 0.
1467847881 1 4429.90087891 0. 3.72396650493e-22 0.
1467847941 1 4427.96679688 0. 3.72447107535e-22 0.
1467848001 1 4425.50732422 0. 3.72458552943e-22 0.
1467848061 1 4423.23339844 0. 3.72485689012e-22 0.
1467848121 1 4422.07568359 0. 3.72611860325e-22 0.
1467848181 1 4419.60693359 0. 3.726147016e-22 0.
1467848241 1 4416.75634766 0. 3.72585841328e-22 0.
1467848301 1 4416.18505859 0. 3.72753078708e-22 0.
1467848361 1 4412.17480469 0. 3.72642434567e-22 0.
1467848422 1 4411.10791016 0. 3.72775206877e-22 0.
1467848482 1 4408.12451172 0. 3.72738027126e-22 0.
1467848542 1 4404.75341797 0. 3.72669152708e-22 0.
1467848602 1 4405.18261719 0. 3.72930488768e-22 0.
1467848656 1 4404.04833984 0. 3.73026005832e-22 0.
1467848686 1 4402.82226562 0. 3.73035328096e-22 0.
1467848724 1 4400.20019531 0. 3.72943102359e-22 0.
1467848784 1 4398.48046875 0. 3.73017805272e-22 0.
1467848844 1 4397.72558594 0. 3.73170115194e-22 0.
1467848904 1 4396.99121094 0. 3.73328381461e-22 0.
1467848964 1 4394.26367188 0. 3.73317702672e-22 0.
1467849024 1 4390.67724609 0. 3.73230063427e-22 0.
1467849084 1 4389.31591797 0. 3.73329521712e-22 0.
1467849145 1 4386.51708984 0. 3.73311442299e-22 0.
1467849205 1 4386.02099609 0. 3.73498942885e-22 0.
1467849265 1 4382.02490234 0. 3.73370271305e-22 0.
1467849325 1 4379.89648438 0. 3.73398388348e-22 0.
1467849385 1 4379.45019531 0. 3.73593424711e-22 0.
1467849445 1 4377.57519531 0. 3.73637107074e-22 0.
1467849505 1 4374.61865234 0. 3.73607801065e-22 0.
1467849565 1 4370.32373047 0. 3.73470114242e-22 0.
1467849626 1 4367.60742188 0. 3.734515685e-22 0.
1467849686 1 4366.0703125 0. 3.73536224775e-22 0.
1467849746 1 4364.12109375 0. 3.73601198046e-22 0.
1467849806 1 4363.11767578 0. 3.73733142547e-22 0.
1467849866 1 4358.60351562 0. 3.73591325684e-22 0.
1467849926 1 4306.02148438 0. 3.69255595518e-22 0.
1467849986 1 4266.38232422 0. 3.66076546896e-22 0.
1467850047 1 4273.234375 0. 3.6686912445e-22 0.
1467850109 1 4355.17822266 0. 3.74152193912e-22 0.
1467850171 1 4354.02246094 0. 3.74282514079e-22 0.
1467850231 1 4351.96826172 0. 3.74312098899e-22 0.
1467850291 1 4350.69824219 0. 3.74425739052e-22 0.
1467850351 1 4348.76660156 0. 3.74472054645e-22 0.
1467850411 1 4344.61767578 0. 3.74339515133e-22 0.
1467850471 1 4343.33154297 0. 3.74447156962e-22 0.
1467850506 1 4342.58105469 0. 3.74489942477e-22 0.
1467850518 1 4342.34423828 0. 3.74513135341e-22 0.
1467850554 1 4342.03417969 0. 3.74627089153e-22 0.
1467850614 1 4339.41064453 0. 3.74616426666e-22 0.
1467850674 1 4336.77636719 0. 3.74609549004e-22 0.
1467850734 1 4333.84082031 0. 3.74572096353e-22 0.
1467850794 1 4331.44384766 0. 3.7458776962e-22 0.
1467850854 1 4330.32714844 0. 3.74705772746e-22 0.
1467850908 1 4329.87255859 0. 3.74862930285e-22 0.
1467850962 1 4328.82177734 0. 3.74961711403e-22 0.
1467851022 1 4325.85888672 0. 3.74917467659e-22 0.
1467851082 1 4323.50976562 0. 3.74928828825e-22 0.
1467851142 1 4321.04980469 0. 3.74936684644e-22 0.
1467851202 1 4318.69189453 0. 3.74949012128e-22 0.
1467851262 1 4315.75732422 0. 3.74915620234e-22 0.
1467851322 1 4314.35009766 0. 3.75006831909e-22 0.
1467851383 1 4311.77832031 0. 3.75013760842e-22 0.
1467851443 1 4310.88476562 0. 3.75155801539e-22 0.
1467851503 1 4308.73828125 0. 3.75181981475e-22 0.
1467851563 1 4306.11376953 0. 3.75168393428e-22 0.
1467851623 1 4303.34521484 0. 3.75145959346e-22 0.
1467851683 1 4303.27685547 0. 3.75350965176e-22 0.
1467851743 1 4301.45947266 0. 3.75413490107e-22 0.
1467851803 1 4298.328125 0. 3.75360015036e-22 0.
1467851864 1 4295.85302734 0. 3.75360432968e-22 0.
1467851924 1 4292.7578125 0. 3.75309040156e-22 0.
1467851984 1 4291.05078125 0. 3.75368987839e-22 0.
1467852044 1 4290.12939453 0. 3.75505701426e-22 0.
1467852104 1 4286.92236328 0. 3.75444166692e-22 0.
1467852164 1 4284.41601562 0. 3.75434594201e-22 0.
1467852224 1 4283.87402344 0. 3.75601839222e-22 0.
1467852284 1 4281.41015625 0. 3.75601131529e-22 0.
1467852344 1 4279.83203125 0. 3.75670821175e-22 0.
1467852404 1 4278.24072266 0. 3.75753082759e-22 0.
1467852465 1 4274.66943359 0. 3.75654026875e-22 0.
1467852525 1 4272.50732422 0. 3.75686769752e-22 0.
1467852585 1 4272.15527344 0. 3.75864714462e-22 0.
1467852645 1 4271.10058594 0. 3.75988799862e-22 0.
1467852705 1 4268.39306641 0. 3.75965775365e-22 0.
1467852765 1 4264.32617188 0. 3.75819974457e-22 0.
1467852825 1 4262.92138672 0. 3.7591448899e-22 0.
1467852885 1 4261.30712891 0. 3.7615548589e-22 0.
1467852946 1 4259.86328125 0. 3.76088907295e-22 0.
1467853006 1 4257.01171875 0. 3.76060647341e-22 0.
1467853066 1 4255.51464844 0. 3.76146841997e-22 0.
1467853126 1 4251.73046875 0. 3.76028899311e-22 0.
1467853186 1 4249.22558594 0. 3.76019565361e-22 0.
1467853246 1 4248.86474609 0. 3.76214370776e-22 0.
1467853306 1 4248.4140625 0. 3.76376234897e-22 0.
1467853366 1 4246.29394531 0. 3.76412045801e-22 0.
1467853427 1 4243.59472656 0. 3.76387272732e-22 0.
1467853487 1 4241.41455078 0. 3.76412579995e-22 0.
1467853547 1 4238.74853516 0. 3.76382065329e-22 0.
1467853607 1 4238.14013672 0. 3.76537087194e-22 0.
1467853667 1 4235.48974609 0. 3.7652297276e-22 0.
1467853727 1 4233.16992188 0. 3.76532405767e-22 0.
1467853787 1 4232.02490234 0. 3.76651713328e-22 0.
1467853847 1 4230.07958984 0. 3.76696019835e-22 0.
1467853907 1 4227.234375 0. 3.76656404876e-22 0.
1467853967 1 4224.88720703 0. 3.76649902586e-22 0.
1467854028 1 4223.47363281 0. 3.76733155355e-22 0.
1467854088 1 4221.98486328 0. 3.76831389553e-22 0.
1467854148 1 4218.79980469 0. 3.76767576486e-22 0.
1467854208 1 4218.65625 0. 3.76965503691e-22 0.
1467854268 1 4215.38183594 0. 3.7689283196e-22 0.
1467854328 1 4211.81738281 0. 3.76794549517e-22 0.
1467854388 1 4211.00341797 0. 3.76938257474e-22 0.
1467854449 1 4208.81787109 0. 3.76960500493e-22 0.
1467854509 1 4205.55078125 0. 3.76875507043e-22 0.
1467854569 1 4204.46484375 0. 3.7699703828e-22 0.
1467854629 1 4201.74365234 0. 3.7696919569e-22 0.
1467854689 1 4200.90478516 0. 3.77120294523e-22 0.
1467854749 1 4199.37744141 0. 3.77192091465e-22 0.
1467854809 1 4196.32373047 0. 3.77123472723e-22 0.
1467854869 1 4194.52978516 0. 3.77177568038e-22 0.
1467854929 1 4193.37402344 0. 3.77290446877e-22 0.
1467854990 1 4190.84960938 0. 3.77285132123e-22 0.
1467855050 1 4188.64160156 0. 3.77293475829e-22 0.
1467855110 1 4186.10644531 0. 3.77295165509e-22 0.
1467855170 1 4184.67578125 0. 3.77376504797e-22 0.
1467855230 1 4181.74658203 0. 3.7804058758e-22 0.
1467855290 1 4179.77441406 0. 3.77376273276e-22 0.
1467855350 1 4178.08203125 0. 3.77436661565e-22 0.
1467855410 1 4175.04345703 0. 3.77388636254e-22 0.
1467855470 1 4173.74365234 0. 3.77478105486e-22 0.
1467855531 1 4173.12353516 0. 3.77638021431e-22 0.
1467855591 1 4170.17822266 0. 3.77601329757e-22 0.
1467855651 1 4167.84179688 0. 3.7760715175e-22 0.
1467855711 1 4164.96484375 0. 3.7756338635e-22 0.
1467855771 1 4164.95800781 0. 3.77776029963e-22 0.
1467855831 1 4161.66259766 0. 3.77695938634e-22 0.
1467855891 1 4161.99121094 0. 3.77942201747e-22 0.
1467855951 1 4159.64404297 0. 3.77945714565e-22 0.
1467856012 1 4153.93603516 0. 3.77649021039e-22 0.
1467856072 1 4154.22216797 0. 3.77895602689e-22 0.
1467856132 1 4151.69335938 0. 3.77874975958e-22 0.
1467856192 1 4151.140625 0. 3.78032008392e-22 0.
1467856252 1 4149.79394531 0. 3.78121150201e-22 0.
1467856312 1 4146.32910156 0. 3.7802771731e-22 0.
1467856372 1 4145.25585938 0. 3.7815368233e-22 0.
1467856433 1 4142.38867188 0. 3.78099518213e-22 0.
1467856493 1 4140.70703125 0. 3.78167365988e-22 0.
1467856553 1 4139.25976562 0. 3.78237281743e-22 0.
1467856613 1 4135.52783203 0. 3.78122138535e-22 0.
1467856673 1 4134.58398438 0. 3.78247375578e-22 0.
1467856710 1 4133.19873047 0. 3.7826782996e-22 0.
1467856724 1 4132.61914062 0. 3.78263098121e-22 0.
1467856761 1 4130.97705078 0. 3.78235780953e-22 0.
1467856821 1 4128.45898438 0. 3.78223671774e-22 0.
1467856881 1 4126.16845703 0. 3.78230673037e-22 0.
1467856942 1 4124.17431641 0. 3.78263322884e-22 0.
1467857002 1 4122.27587891 0. 3.78296531969e-22 0.
1467857062 1 4119.36572266 0. 3.7824379553e-22 0.
1467857122 1 4119.03808594 0. 3.78425764323e-22 0.
1467857182 1 4116.1640625 0. 3.78376524293e-22 0.
1467857242 1 4113.25585938 0. 3.78324962925e-22 0.
1467857302 1 4112.20410156 0. 3.78451196074e-22 0.
1467857362 1 4108.40185547 0. 3.78316861785e-22 0.
1467857423 1 4107.03271484 0. 3.78404753711e-22 0.
1467857483 1 4105.79394531 0. 3.78504041082e-22 0.
1467857543 1 4103.88671875 0. 3.78534120716e-22 0.
1467857603 1 4100.82519531 0. 3.78476693606e-22 0.
1467857663 1 4097.57177734 0. 3.78392014919e-22 0.
1467857723 1 4094.79248047 0. 3.78350503506e-22 0.
1467857783 1 4093.41113281 0. 3.78439291129e-22 0.
1467857843 1 4092.24023438 0. 3.78539333486e-22 0.
1467857904 1 4087.29663086 0. 3.78278502968e-22 0.
1467857964 1 4086.24438477 0. 3.78393003892e-22 0.
1467858024 1 4083.18505859 0. 3.78326875305e-22 0.
1467858084 1 4082.53466797 0. 3.78482833801e-22 0.
1467858144 1 4080.62866211 0. 3.78524232689e-22 0.
1467858204 1 4078.47021484 0. 3.78530807222e-22 0.
1467858264 1 4078.56030273 0. 3.78755827805e-22 0.
1467858324 1 4075.29101562 0. 3.78660151693e-22 0.
1467858385 1 4073.53955078 0. 3.78713936643e-22 0.
1467858445 1 4072.78955078 0. 3.78860836143e-22 0.
1467858505 1 4068.28857422 0. 3.78643348176e-22 0.
1467858565 1 4066.83496094 0. 3.78722352983e-22 0.
1467858625 1 4065.11254883 0. 3.78786596653e-22 0.
1467858685 1 4061.06689453 0. 3.78620310608e-22 0.
1467858745 1 4058.38061523 0. 3.78593161644e-22 0.
1467858805 1 4058.99316406 0. 3.78860426919e-22 0.
1467858865 1 4057.20996094 0. 3.78898786772e-22 0.
1467858926 1 4053.14526367 0. 3.78742160581e-22 0.
1467858986 1 4051.80444336 0. 3.78826250719e-22 0.
1467859046 1 4050.7878418 0. 3.78944389891e-22 0.
1467859106 1 4045.625 0. 3.78677303623e-22 0.
1467859166 1 4046.12573242 0. 3.78929753498e-22 0.
1467859226 1 4043.34033203 0. 3.78884692774e-22 0.
1467859286 1 4040.99829102 0. 3.78887833754e-22 0.
1467859347 1 4038.18164062 0. 3.78815774338e-22 0.
1467859407 1 4036.58618164 0. 3.7888803397e-22 0.
1467859467 1 4036.18920898 0. 3.7906365892e-22 0.
1467859527 1 4035.23339844 0. 3.79186094926e-22 0.
1467859587 1 4035.98046875 0. 3.79470634879e-22 0.
1467859647 1 4032.19604492 0. 3.79319207999e-22 0.
1467859707 1 4031.04907227 0. 3.79426955789e-22 0.
1467859767 1 4028.72363281 0. 3.7941578741e-22 0.
1467859828 1 4026.91333008 0. 3.79462023662e-22 0.
1467859888 1 4024.67504883 0. 3.79467582926e-22 0.
1467859948 1 4022.98974609 0. 3.79516858931e-22 0.
1467860008 1 4021.74780273 0. 3.79608329801e-22 0.
1467860068 1 4021.15063477 0. 3.7976396637e-22 0.
1467860128 1 4018.28466797 0. 3.79704920402e-22 0.
1467860188 1 4017.60620117 0. 3.79861803949e-22 0.
1467860248 1 4015.1574707 0. 3.79853312366e-22 0.
1467860309 1 4012.74780273 0. 3.79828729737e-22 0.
1467860369 1 4011.17553711 0. 3.79901755994e-22 0.
1467860429 1 4009.45068359 0. 3.79941027422e-22 0.
1467860489 1 4008.97753906 0. 3.80108769785e-22 0.
1467860549 1 4006.05517578 0. 3.80045894592e-22 0.
1467860609 1 4002.96069336 0. 3.7996328695e-22 0.
1467860669 1 4001.89111328 0. 3.80070117258e-22 0.
1467860729 1 3999.63012695 0. 3.80073608033e-22 0.
1467860790 1 3997.84985352 0. 3.80114577215e-22 0.
1467860850 1 3994.92895508 0. 3.80044234617e-22 0.
1467860910 1 3994.15307617 0. 3.80176617762e-22 0.
1467860970 1 3993.08032227 0. 3.8028108204e-22 0.
1467861030 1 3991.99902344 0. 3.80385711074e-22 0.
1467861090 1 3991.0925293 0. 3.80511961036e-22 0.
1467861150 1 3989.6953125 0. 3.80600535858e-22 0.
1467861210 1 3986.57543945 0. 3.807785842e-22 0.
1467861271 1 3984.00146484 0. 3.80480358032e-22 0.
1467861331 1 3985.33691406 0. 3.80829324642e-22 0.
1467861391 1 3982.16943359 0. 3.80749229855e-22 0.
1467861451 1 3980.72973633 0. 3.80823063353e-22 0.
1467861511 1 3979.26586914 0. 3.8088738589e-22 0.
1467861571 1 3976.63085938 0. 3.80848346488e-22 0.
1467861631 1 3974.90795898 0. 3.80895631963e-22 0.
1467861691 1 3974.11499023 0. 3.81016339196e-22 0.
1467861752 1 3971.99194336 0. 3.81038430829e-22 0.
1467861812 1 3971.08886719 0. 3.8115993095e-22 0.
1467861872 1 3969.34692383 0. 3.81207647477e-22 0.
1467861932 1 3966.94458008 0. 3.81204270314e-22 0.
1467861992 1 3964.67651367 0. 3.8119731446e-22 0.
1467862027 1 3963.35351562 0. 3.81162882045e-22 0.
1467862062 1 3962.0300293 0. 3.81171356721e-22 0.
1467862122 1 3960.57617188 0. 3.81256627544e-22 0.
1467862183 1 3957.85571289 0. 3.812102829e-22 0.
1467862243 1 3956.82373047 0. 3.8131579683e-22 0.
1467862303 1 3953.94433594 0. 3.81249274335e-22 0.
1467862363 1 3953.21044922 0. 3.81396364017e-22 0.
1467862423 1 3950.91333008 0. 3.81373122771e-22 0.
1467862483 1 3948.47094727 0. 3.81348844318e-22 0.
1467862543 1 3947.17773438 0. 3.81449760063e-22 0.
1467862603 1 3943.37768555 0. 3.8129041499e-22 0.
1467862664 1 3943.32348633 0. 3.81494042161e-22 0.
1467862709 1 3942.36938477 0. 3.81562981534e-22 0.
1467862755 1 3941.08691406 0. 3.815986112e-22 0.
1467862816 1 3939.70288086 0. 3.81677966488e-22 0.
1467862876 1 3936.25390625 0. 3.81562000533e-22 0.
1467862936 1 3935.00366211 0. 3.81657592959e-22 0.
1467862996 1 3935.0078125 0. 3.8186963562e-22 0.
1467863056 1 3933.53051758 0. 3.81934071863e-22 0.
1467863116 1 3931.02490234 0. 3.81901474354e-22 0.
1467863176 1 3929.14331055 0. 3.8193849183e-22 0.
1467863236 1 3926.23046875 0. 3.81866350083e-22 0.
1467863297 1 3924.49926758 0. 3.8190875849e-22 0.
1467863357 1 3924.16259766 0. 3.82096317363e-22 0.
1467863417 1 3921.99829102 0. 3.82093998636e-22 0.
1467863477 1 3921.28613281 0. 3.82234016644e-22 0.
1467863537 1 3918.72802734 0. 3.82183530622e-22 0.
1467863597 1 3917.02392578 0. 3.82243556266e-22 0.
1467863657 1 3916.70043945 0. 3.82432389057e-22 0.
1467863717 1 3914.47753906 0. 3.82411440931e-22 0.
1467863777 1 3912.34814453 0. 3.82422382178e-22 0.
1467863838 1 3910.24829102 0. 3.82431074067e-22 0.
1467863898 1 3910.08325195 0. 3.82627478215e-22 0.
1467863958 1 3908.00048828 0. 3.82636177885e-22 0.
1467864018 1 3906.9909668 0. 3.82749053018e-22 0.
1467864078 1 3905.7487793 0. 3.82832322693e-22 0.
1467864138 1 3903.70361328 0. 3.82842494814e-22 0.
1467864198 1 3899.96948242 0. 3.8267183106e-22 0.
1467864258 1 3901.09716797 0. 3.8295170369e-22 0.
1467864319 1 3901.16577148 0. 3.83124684235e-22 0.
1467864379 1 3901.23950195 0. 3.83310693812e-22 0.
1467864439 1 3901.36230469 0. 3.83482888124e-22 0.
1467864499 1 3897.16748047 0. 3.8327756489e-22 0.
1467864559 1 3895.24121094 0. 3.8330346092e-22 0.
1467864619 1 3893.07324219 0. 3.83301249342e-22 0.
1467864679 1 3891.60009766 0. 3.83372822469e-22 0.
1467864739 1 3889.49462891 0. 3.8338225817e-22 0.
1467864800 1 3887.34106445 0. 3.8337056862e-22 0.
1467864860 1 3885.04199219 0. 3.83355045592e-22 0.
1467864920 1 3885.12695312 0. 3.83582491269e-22 0.
1467864961 1 3859.09375 0. 3.84064822211e-22 0.
1467865001 1 0.159729212523 0. 4.66704957163e-23 0.
