1468282335 1 8032.53320312 0. 3.25802974525e-22 0.
1468282395 1 8064.76123047 0. 3.27582997592e-22 0.
1468282435 1 8002.61083984 0. 3.25385826695e-22 0.
1468282475 1 7881.89697266 0. 3.20761018222e-22 0.
1468282535 1 8191.89208984 0. 3.33833545401e-22 0.
1468282595 1 8174.64013672 0. 3.33594047676e-22 0.
1468282655 1 8164.13720703 0. 3.33675775703e-22 0.
1468282715 1 8155.16308594 0. 3.33831595787e-22 0.
1468282775 1 8144.91113281 0. 3.33918765476e-22 0.
1468282835 1 8135.39941406 0. 3.34044177052e-22 0.
1468282896 1 8124.953125 0. 3.34080798399e-22 0.
1468282956 1 8114.12695312 0. 3.34102997959e-22 0.
1468283016 1 8107.68457031 0. 3.34309389634e-22 0.
1468283065 1 8101.47753906 0. 3.34450970325e-22 0.
1468283114 1 8087.5390625 0. 3.34251223712e-22 0.
1468283174 1 8087.73095703 0. 3.34711481455e-22 0.
1468283219 1 8077.87597656 0. 3.34660101495e-22 0.
1468283264 1 8069.05419922 0. 3.34588600417e-22 0.
1468283324 1 8058.67529297 0. 3.34575393094e-22 0.
1468283375 1 8050.82421875 0. 3.34611587595e-22 0.
1468283427 1 8040.70117188 0. 3.34533918202e-22 0.
1468283487 1 8027.34814453 0. 3.3441032045e-22 0.
1468283547 1 8022.56396484 0. 3.34637902047e-22 0.
1468283607 1 8013.90039062 0. 3.346666568e-22 0.
1468283668 1 8007.39941406 0. 3.34777277176e-22 0.
1468283728 1 7993.30957031 0. 3.34618325123e-22 0.
1468283788 1 7991.19091797 0. 3.3495612615e-22 0.
1468283848 1 7985.08691406 0. 3.35082760257e-22 0.
1468283908 1 7976.98876953 0. 3.35092347319e-22 0.
1468283968 1 7957.50683594 0. 3.34597617147e-22 0.
1468284028 1 7961.33642578 0. 3.3512453611e-22 0.
1468284088 1 7955.62841797 0. 3.35210811809e-22 0.
1468284149 1 7947.71337891 0. 3.35226919201e-22 0.
1468284209 1 7939.46484375 0. 3.3519085145e-22 0.
1468284269 1 7916.00976562 0. 3.34561778724e-22 0.
1468284329 1 7770.57470703 0. 3.2878465739e-22 0.
1468284389 1 7532.99560547 0. 3.19075541737e-22 0.
1468284449 1 7910.28759766 0. 3.3541813486e-22 0.
1468284509 1 7950.62158203 0. 3.37498139002e-22 0.
1468284569 1 7943.74023438 0. 3.37550119023e-22 0.
1468284630 1 7936.31298828 0. 3.37589511687e-22 0.
1468284690 1 7927.78076172 0. 3.37577627094e-22 0.
1468284750 1 7919.78955078 0. 3.37580921324e-22 0.
1468284810 1 7913.58447266 0. 3.37642857648e-22 0.
1468284870 1 7907.32666016 0. 3.37720744461e-22 0.
1468284930 1 7900.25292969 0. 3.37796705323e-22 0.
1468284990 1 7894.35644531 0. 3.37915250375e-22 0.
1468285050 1 7885.15917969 0. 3.38437185125e-22 0.
1468285111 1 7879.79492188 0. 3.37950664213e-22 0.
1468285169 1 7875.77099609 0. 3.38104303454e-22 0.
1468285227 1 7869.67871094 0. 3.38153017158e-22 0.
1468285287 1 7864.03320312 0. 3.38264248402e-22 0.
1468285347 1 7855.50585938 0. 3.38247391243e-22 0.
1468285408 1 7851.56201172 0. 3.38414556094e-22 0.
1468285468 1 7845.15136719 0. 3.38470236231e-22 0.
1468285528 1 7838.68115234 0. 3.38529818289e-22 0.
1468285588 1 7833.19287109 0. 3.38625936286e-22 0.
1468285648 1 7825.76416016 0. 3.38639785069e-22 0.
1468285708 1 7818.12109375 0. 3.38643107524e-22 0.
1468285768 1 7813.66992188 0. 3.38752779942e-22 0.
1468285828 1 7807.70751953 0. 3.38795743829e-22 0.
1468285889 1 7800.72314453 0. 3.38800812596e-22 0.
1468285949 1 7790.46240234 0. 3.3866674229e-22 0.
1468286009 1 7788.58496094 0. 3.38936354872e-22 0.
1468286069 1 7780.1015625 0. 3.38864778221e-22 0.
1468286129 1 7772.91503906 0. 3.3884202483e-22 0.
1468286189 1 7767.63525391 0. 3.3893586241e-22 0.
1468286249 1 7759.53710938 0. 3.38905028639e-22 0.
1468286309 1 7752.54541016 0. 3.38945041747e-22 0.
1468286370 1 7747.50097656 0. 3.39024165716e-22 0.
1468286430 1 7742.22216797 0. 3.39034585923e-22 0.
1468286490 1 7733.64648438 0. 3.38966277731e-22 0.
1468286550 1 7725.40234375 0. 3.38945775764e-22 0.
1468286610 1 7722.11865234 0. 3.39107610581e-22 0.
1468286670 1 7716.91308594 0. 3.39201487992e-22 0.
1468286730 1 7708.59375 0. 3.39153076581e-22 0.
1468286790 1 7705.07470703 0. 3.39316712917e-22 0.
1468286851 1 7699.17529297 0. 3.39349996879e-22 0.
1468286911 1 7690.45263672 0. 3.39265317564e-22 0.
1468286971 1 7686.47851562 0. 3.39393311744e-22 0.
1468287031 1 7682.46386719 0. 3.39529229811e-22 0.
1468287091 1 7676.64648438 0. 3.39554805361e-22 0.
1468287151 1 7672.28369141 0. 3.39655045599e-22 0.
1468287211 1 7662.97998047 0. 3.39541887751e-22 0.
1468287272 1 7654.91015625 0. 3.39492053865e-22 0.
1468287332 1 7648.14355469 0. 3.39490951633e-22 0.
1468287392 1 7642.82617188 0. 3.3953700176e-22 0.
1468287452 1 7638.37255859 0. 3.39646786275e-22 0.
1468287512 1 7635.25732422 0. 3.39818817371e-22 0.
1468287572 1 7624.96142578 0. 3.39674088555e-22 0.
1468287632 1 7600.3671875 0. 3.38891007492e-22 0.
1468287692 1 7590.2265625 0. 3.38722175245e-22 0.
1468287753 1 7582.33154297 0. 3.38648588629e-22 0.
1468287813 1 7568.50097656 0. 3.38346346197e-22 0.
1468287873 1 7563.73925781 0. 3.38422268898e-22 0.
1468287933 1 7554.95703125 0. 3.38319401556e-22 0.
1468287993 1 7550.92041016 0. 3.38427828519e-22 0.
1468288053 1 7545.62353516 0. 3.38474416651e-22 0.
1468288113 1 7538.92724609 0. 3.38478282975e-22 0.
1468288174 1 7529.0546875 0. 3.38322125905e-22 0.
1468288234 1 7526.44580078 0. 3.38503478523e-22 0.
1468288291 1 7512.94824219 0. 3.38188910648e-22 0.
1468288349 1 7502.73291016 0. 3.37999295107e-22 0.
1468288409 1 7492.28125 0. 3.37826713989e-22 0.
1468288469 1 7490.20361328 0. 3.38553406035e-22 0.
1468288529 1 7357.55175781 0. 3.32279773213e-22 0.
1468288590 1 7316.42480469 0. 3.30661722913e-22 0.
1468288650 1 7324.74023438 0. 3.31348952458e-22 0.
1468288710 1 7531.76513672 0. 3.41002821631e-22 0.
1468288770 1 7522.46533203 0. 3.408702873e-22 0.
1468288830 1 7517.81835938 0. 3.40960108345e-22 0.
1468288890 1 7512.39990234 0. 3.41013590554e-22 0.
1468288950 1 7506.82568359 0. 3.41030156139e-22 0.
1468289011 1 7498.89599609 0. 3.40931669371e-22 0.
1468289071 1 7496.34667969 0. 3.41085525512e-22 0.
1468289131 1 7492.36865234 0. 3.41153340547e-22 0.
1468289191 1 7487.83837891 0. 3.41211256096e-22 0.
1468289251 1 7481.12646484 0. 3.41214069401e-22 0.
1468289311 1 7474.14746094 0. 3.41181797985e-22 0.
1468289370 1 7467.81445312 0. 3.41187209509e-22 0.
1468289406 1 7465.25634766 0. 3.41250951955e-22 0.
1468289443 1 7461.16455078 0. 3.4118480082e-22 0.
1468289503 1 7458.86328125 0. 3.41320994266e-22 0.
1468289564 1 7452.99951172 0. 3.41399345315e-22 0.
1468289624 1 7447.21289062 0. 3.41425653256e-22 0.
1468289684 1 7441.32861328 0. 3.41469159224e-22 0.
1468289744 1 7436.55224609 0. 3.41509677825e-22 0.
1468289779 1 7433.76611328 0. 3.4154033298e-22 0.
1468289814 1 7430.96728516 0. 3.4155463018e-22 0.
1468289874 1 7424.90966797 0. 3.41576148605e-22 0.
1468289935 1 7418.10107422 0. 3.41515531728e-22 0.
1468289995 1 7412.46435547 0. 3.41512125139e-22 0.
1468290055 1 7407.09619141 0. 3.41562381406e-22 0.
1468290115 1 7400.85253906 0. 3.41537740387e-22 0.
1468290175 1 7393.52636719 0. 3.41481653214e-22 0.
1468290235 1 7389.17382812 0. 3.41586393214e-22 0.
1468290295 1 7383.89941406 0. 3.41639750144e-22 0.
1468290355 1 7379.39550781 0. 3.41721725825e-22 0.
1468290415 1 7374.50048828 0. 3.41745785995e-22 0.
1468290476 1 7366.17578125 0. 3.41644691177e-22 0.
1468290536 1 7364.10839844 0. 3.41816698982e-22 0.
1468290596 1 7355.09912109 0. 3.41684377721e-22 0.
1468290656 1 7348.73583984 0. 3.41663527056e-22 0.
1468290716 1 7344.90625 0. 3.41738660017e-22 0.
1468290776 1 7337.60888672 0. 3.41675439077e-22 0.
1468290836 1 7330.17333984 0. 3.41625907765e-22 0.
1468290896 1 7326.28564453 0. 3.41669912303e-22 0.
1468290957 1 7320.66113281 0. 3.41667597179e-22 0.
1468291017 1 7317.16210938 0. 3.41783835601e-22 0.
1468291077 1 7311.34521484 0. 3.41776162476e-22 0.
1468291137 1 7303.91308594 0. 3.41703031368e-22 0.
1468291197 1 7298.81054688 0. 3.41727631639e-22 0.
1468291257 1 7290.48681641 0. 3.41624303958e-22 0.
1468291317 1 7288.00830078 0. 3.41756795363e-22 0.
1468291378 1 7281.23779297 0. 3.41684865295e-22 0.
1468291438 1 7274.67529297 0. 3.41655477548e-22 0.
1468291498 1 7269.89453125 0. 3.41686446612e-22 0.
1468291558 1 7265.26318359 0. 3.41737008165e-22 0.
1468291618 1 7260.07128906 0. 3.41762063302e-22 0.
1468291678 1 7251.69824219 0. 3.41639275984e-22 0.
1468291738 1 7247.48681641 0. 3.41709985302e-22 0.
1468291798 1 7244.49169922 0. 3.4184811939e-22 0.
1468291859 1 7235.59765625 0. 3.41706357995e-22 0.
1468291919 1 7226.63378906 0. 3.41528180597e-22 0.
1468291979 1 7226.86621094 0. 3.41795067705e-22 0.
1468292039 1 7222.07519531 0. 3.41817528362e-22 0.
1468292099 1 7215.72753906 0. 3.41778015475e-22 0.
1468292159 1 7211.72363281 0. 3.41868866424e-22 0.
1468292219 1 7206.82958984 0. 3.41875545482e-22 0.
1468292279 1 7201.30419922 0. 3.4186236302e-22 0.
1468292340 1 7195.37402344 0. 3.41857649793e-22 0.
1468292400 1 7191.97949219 0. 3.41918379924e-22 0.
1468292460 1 7185.17431641 0. 3.41839594212e-22 0.
1468292520 1 7177.76660156 0. 3.41777703181e-22 0.
1468292580 1 7170.50634766 0. 3.41696088702e-22 0.
1468292640 1 7164.359375 0. 3.41652344845e-22 0.
1468292700 1 7156.05810547 0. 3.4154888475e-22 0.
1468292761 1 7152.28662109 0. 3.4168235337e-22 0.
1468292821 1 7151.23681641 0. 3.41863156473e-22 0.
1468292881 1 7143.61474609 0. 3.41748738698e-22 0.
1468292941 1 7137.54589844 0. 3.41770021717e-22 0.
1468293001 1 7134.06054688 0. 3.41874284364e-22 0.
1468293061 1 7130.51464844 0. 3.41917522314e-22 0.
1468293121 1 7127.03955078 0. 3.42030129696e-22 0.
1468293181 1 7124.90869141 0. 3.42161506603e-22 0.
1468293242 1 7117.81884766 0. 3.42106749088e-22 0.
1468293302 1 7111.31103516 0. 3.42066169382e-22 0.
1468293362 1 7105.02587891 0. 3.42053704336e-22 0.
1468293422 1 7097.25341797 0. 3.41952720567e-22 0.
1468293482 1 7089.83154297 0. 3.41834734188e-22 0.
1468293542 1 7081.57128906 0. 3.41714670453e-22 0.
1468293603 1 7079.43994141 0. 3.4185584609e-22 0.
1468293663 1 7074.66845703 0. 3.41863352868e-22 0.
1468293723 1 7068.65576172 0. 3.41859239336e-22 0.
1468293783 1 7064.22949219 0. 3.41873454678e-22 0.
1468293843 1 7059.89306641 0. 3.41945350501e-22 0.
1468293903 1 7053.3984375 0. 3.41891783173e-22 0.
1468293963 1 7049.48779297 0. 3.41954175001e-22 0.
1468294023 1 7041.23144531 0. 3.41847768553e-22 0.
1468294083 1 7038.13378906 0. 3.41962386978e-22 0.
1468294144 1 7036.21337891 0. 3.42117250454e-22 0.
1468294204 1 7030.21972656 0. 3.42101181638e-22 0.
1468294264 1 7020.41210938 0. 3.41861192811e-22 0.
1468294318 1 7018.03417969 0. 3.41978435476e-22 0.
1468294349 1 7013.38134766 0. 3.41889305499e-22 0.
1468294385 1 7009.70800781 0. 3.41866670967e-22 0.
1468294439 1 7004.71972656 0. 3.41848330259e-22 0.
1468294494 1 7000.2265625 0. 3.42200356129e-22 0.
1468294554 1 6995.01171875 0. 3.41879402485e-22 0.
1468294614 1 6992.5078125 0. 3.42023064264e-22 0.
1468294674 1 6908.83349609 0. 3.38147885542e-22 0.
1468294712 1 6890.86572266 0. 3.37432355049e-22 0.
1468294724 1 6884.86523438 0. 3.37139406846e-22 0.
1468294759 1 6867.99804688 0. 3.36481776436e-22 0.
1468294819 1 6734.61523438 0. 3.30262950934e-22 0.
1468294879 1 7005.609375 0. 3.43825216029e-22 0.
1468294940 1 7005.15185547 0. 3.44046302288e-22 0.
1468295000 1 7000.45263672 0. 3.44070832532e-22 0.
1468295060 1 6993.66308594 0. 3.43983781844e-22 0.
1468295120 1 6990.90039062 0. 3.44132434639e-22 0.
1468295180 1 6986.28613281 0. 3.44156168183e-22 0.
1468295240 1 6980.50244141 0. 3.44110998134e-22 0.
1468295300 1 6976.46923828 0. 3.44176583456e-22 0.
1468295360 1 6973.25341797 0. 3.44253280298e-22 0.
1468295412 1 6971.11376953 0. 3.44373578377e-22 0.
1468295463 1 6966.734375 0. 3.44401757672e-22 0.
1468295498 1 6963.73095703 0. 3.44362774945e-22 0.
1468295533 1 6960.71191406 0. 3.44352015792e-22 0.
1468295593 1 6954.30029297 0. 3.44322670183e-22 0.
1468295653 1 6949.42138672 0. 3.4433787954e-22 0.
1468295714 1 6944.32519531 0. 3.44341358472e-22 0.
1468295774 1 6940.49804688 0. 3.44409473495e-22 0.
1468295834 1 6936.51318359 0. 3.44474373753e-22 0.
1468295894 1 6930.86767578 0. 3.44434763633e-22 0.
1468295954 1 6923.35498047 0. 3.44312665903e-22 0.
1468296014 1 6920.14355469 0. 3.44417743504e-22 0.
1468296074 1 6914.93164062 0. 3.44413976894e-22 0.
1468296134 1 6909.44824219 0. 3.44410348213e-22 0.
1468296195 1 6906.56298828 0. 3.44553811379e-22 0.
1468296255 1 6903.40673828 0. 3.44660947311e-22 0.
1468296315 1 6896.40136719 0. 3.44552009074e-22 0.
1468296375 1 6892.40234375 0. 3.44619908967e-22 0.
1468296435 1 6887.47216797 0. 3.44625143848e-22 0.
1468296495 1 6881.39013672 0. 3.44530404123e-22 0.
1468296555 1 6874.72607422 0. 3.44475460135e-22 0.
1468296616 1 6873.20507812 0. 3.44694418873e-22 0.
1468296676 1 6868.96484375 0. 3.44752083796e-22 0.
1468296736 1 6861.91210938 0. 3.44628967562e-22 0.
1468296796 1 6859.32861328 0. 3.44742633886e-22 0.
1468296856 1 6857.10253906 0. 3.44880899562e-22 0.
1468296916 1 6853.60302734 0. 3.44963411333e-22 0.
1468296957 1 6850.45410156 0. 3.44969095153e-22 0.
1468296988 1 6847.51025391 0. 3.44992016693e-22 0.
1468297040 1 6844.25097656 0. 3.45040747227e-22 0.
1468297100 1 6838.66748047 0. 3.45029810444e-22 0.
1468297160 1 6834.43066406 0. 3.45084247823e-22 0.
1468297220 1 6828.72900391 0. 3.45046233641e-22 0.
1468297256 1 6825.59228516 0. 3.45035001956e-22 0.
1468297292 1 6823.17773438 0. 3.45049706627e-22 0.
1468297327 1 6820.51464844 0. 3.45049803997e-22 0.
1468297362 1 6818.16748047 0. 3.45093219639e-22 0.
1468297422 1 6813.92724609 0. 3.45123470822e-22 0.
1468297482 1 6809.20410156 0. 3.45148875091e-22 0.
1468297542 1 6805.97070312 0. 3.45238753132e-22 0.
1468297602 1 6802.015625 0. 3.45269969152e-22 0.
1468297663 1 6795.53369141 0. 3.45204960757e-22 0.
1468297723 1 6791.04736328 0. 3.45246305325e-22 0.
1468297783 1 6786.21240234 0. 3.4523094388e-22 0.
1468297843 1 6783.89941406 0. 3.45402258465e-22 0.
1468297903 1 6777.96044922 0. 3.45318603009e-22 0.
1468297963 1 6773.78955078 0. 3.45353509711e-22 0.
1468298023 1 6769.01708984 0. 3.45364029833e-22 0.
1468298084 1 6763.11474609 0. 3.45335554339e-22 0.
1468298144 1 6760.80810547 0. 3.45459710944e-22 0.
1468298204 1 6753.61083984 0. 3.45340676716e-22 0.
1468298264 1 6748.546875 0. 3.45339556879e-22 0.
1468298324 1 6742.83447266 0. 3.45306013975e-22 0.
1468298384 1 6735.50097656 0. 3.45194339952e-22 0.
1468298444 1 6731.3828125 0. 3.45209273376e-22 0.
1468298504 1 6729.31152344 0. 3.45374915608e-22 0.
1468298565 1 6727.05371094 0. 3.45520112071e-22 0.
1468298625 1 6721.25048828 0. 3.45446655982e-22 0.
1468298685 1 6717.01269531 0. 3.45453357713e-22 0.
1468298745 1 6711.32470703 0. 3.45413396818e-22 0.
1468298805 1 6706.45166016 0. 3.45425890976e-22 0.
1468298865 1 6703.80371094 0. 3.45559591761e-22 0.
1468298925 1 6698.73925781 0. 3.45612364165e-22 0.
1468298985 1 6694.38183594 0. 3.45627904494e-22 0.
1468299046 1 6690.15576172 0. 3.45649327548e-22 0.
1468299106 1 6681.37890625 0. 3.4544719498e-22 0.
1468299166 1 6678.73583984 0. 3.45543334793e-22 0.
1468299226 1 6676.19677734 0. 3.45630816947e-22 0.
1468299286 1 6669.20458984 0. 3.45537348013e-22 0.
1468299346 1 6664.92041016 0. 3.45573030075e-22 0.
1468299406 1 6661.27294922 0. 3.45682363774e-22 0.
1468299466 1 6658.95507812 0. 3.45772720384e-22 0.
1468299501 1 6657.60205078 0. 3.4580130875e-22 0.
1468299513 1 6657.14208984 0. 3.45852588656e-22 0.
1468299550 1 6653.51123047 0. 3.45826955679e-22 0.
1468299610 1 6650.32666016 0. 3.45939372265e-22 0.
1468299671 1 6642.51367188 0. 3.45823667994e-22 0.
1468299731 1 6638.58056641 0. 3.45904387322e-22 0.
1468299791 1 6635.02441406 0. 3.4594703396e-22 0.
1468299851 1 6627.21582031 0. 3.45765411595e-22 0.
1468299911 1 6623.59375 0. 3.45793938888e-22 0.
1468299971 1 6618.67089844 0. 3.45774073929e-22 0.
1468300031 1 6616.31884766 0. 3.45901596597e-22 0.
1468300091 1 6613.26318359 0. 3.45973574513e-22 0.
1468300152 1 6609.38330078 0. 3.46016995212e-22 0.
1468300212 1 6605.27587891 0. 3.46044295245e-22 0.
1468300272 1 6600.53173828 0. 3.46078643234e-22 0.
1468300332 1 6593.99707031 0. 3.45981367133e-22 0.
1468300392 1 6590.49853516 0. 3.46051397417e-22 0.
1468300452 1 6585.27294922 0. 3.46009109268e-22 0.
1468300512 1 6582.69873047 0. 3.46132882968e-22 0.
1468300573 1 6578.27880859 0. 3.46151769591e-22 0.
1468300633 1 6576.609375 0. 3.46335169808e-22 0.
1468300693 1 6574.08398438 0. 3.46446758678e-22 0.
1468300753 1 6567.02441406 0. 3.46304052177e-22 0.
1468300813 1 6564.37792969 0. 3.46424587684e-22 0.
1468300872 1 6559.26367188 0. 3.46396416218e-22 0.
1468300931 1 6556.77539062 0. 3.46512093101e-22 0.
1468300991 1 6553.81738281 0. 3.46567539076e-22 0.
1468301051 1 6547.58691406 0. 3.46501468107e-22 0.
1468301111 1 6543.30126953 0. 3.46501872195e-22 0.
1468301172 1 6540.10205078 0. 3.46600657969e-22 0.
1468301232 1 6536.94970703 0. 3.46686473574e-22 0.
1468301292 1 6533.54833984 0. 3.46727697081e-22 0.
1468301352 1 6529.94775391 0. 3.4682063764e-22 0.
1468301398 1 6525.82714844 0. 3.46808182393e-22 0.
1468301421 1 6521.79345703 0. 3.46676789261e-22 0.
1468301458 1 6520.27148438 0. 3.46783990811e-22 0.
1468301519 1 6516.87939453 0. 3.46838764984e-22 0.
1468301579 1 6513.72216797 0. 3.46930176079e-22 0.
1468301639 1 6473.36816406 0. 3.45023657881e-22 0.
1468301699 1 6294.59765625 0. 3.35757608919e-22 0.
1468301759 1 6381.76513672 0. 3.406721148e-22 0.
1468301819 1 6508.80712891 0. 3.47680536085e-22 0.
1468301879 1 6504.62060547 0. 3.47717185827e-22 0.
1468301939 1 6501.76123047 0. 3.47792279035e-22 0.
1468301974 1 6498.20654297 0. 3.47765674286e-22 0.
1468302010 1 6494.24951172 0. 3.47688813762e-22 0.
1468302070 1 6491.30224609 0. 3.47790475043e-22 0.
1468302130 1 6489.88525391 0. 3.47964322938e-22 0.
1468302190 1 6484.49072266 0. 3.47942719549e-22 0.
1468302250 1 6481.67822266 0. 3.48034748817e-22 0.
1468302310 1 6477.78173828 0. 3.48066000315e-22 0.
1468302370 1 6473.39550781 0. 3.48100280322e-22 0.
1468302430 1 6470.05078125 0. 3.48170376901e-22 0.
1468302491 1 6466.19921875 0. 3.48204000076e-22 0.
1468302551 1 6461.33056641 0. 3.48183006833e-22 0.
1468302611 1 6456.5390625 0. 3.48194521456e-22 0.
1468302671 1 6451.54199219 0. 3.48164359731e-22 0.
1468302731 1 6449.11132812 0. 3.48271939205e-22 0.
1468302791 1 6444.79541016 0. 3.48309660667e-22 0.
1468302851 1 6440.56103516 0. 3.48357598995e-22 0.
1468302911 1 6435.72412109 0. 3.48325384253e-22 0.
1468302972 1 6431.99560547 0. 3.48379239729e-22 0.
1468303032 1 6428.81884766 0. 3.48451432381e-22 0.
1468303092 1 6423.55126953 0. 3.48435426729e-22 0.
1468303152 1 6418.41552734 0. 3.48429986569e-22 0.
1468303212 1 6414.10107422 0. 3.48456664273e-22 0.
1468303272 1 6412.44970703 0. 3.48572941034e-22 0.
1468303332 1 6407.78222656 0. 3.48595846508e-22 0.
1468303393 1 6406.00976562 0. 3.48750231675e-22 0.
1468303453 1 6400.38378906 0. 3.48722510382e-22 0.
1468303491 1 6398.19482422 0. 3.7034282686e-22 0.
1468303529 1 6394.81884766 0. 3.48777145366e-22 0.
1468303589 1 6392.94238281 0. 3.48890883562e-22 0.
1468303649 1 6387.54492188 0. 3.48842394338e-22 0.
1468303710 1 6384.23095703 0. 3.4891139049e-22 0.
1468303770 1 6380.02978516 0. 3.48913931086e-22 0.
1468303830 1 6374.63330078 0. 3.48866287715e-22 0.
1468303890 1 6370.94433594 0. 3.48912161405e-22 0.
1468303939 1 6368.65576172 0. 3.49007125049e-22 0.
1468303989 1 6364.37597656 0. 3.48963619351e-22 0.
1468304049 1 6359.02783203 0. 3.48914785275e-22 0.
1468304109 1 6355.29394531 0. 3.48956984333e-22 0.
1468304169 1 6351.98730469 0. 3.49026486538e-22 0.
1468304229 1 6349.05078125 0. 3.49107186049e-22 0.
1468304280 1 6344.34277344 0. 3.49052480729e-22 0.
1468304330 1 6339.64746094 0. 3.49015987041e-22 0.
1468304390 1 6336.93554688 0. 3.49123856312e-22 0.
1468304451 1 6331.40625 0. 3.49067463779e-22 0.
1468304511 1 6328.68554688 0. 3.49139611718e-22 0.
1468304571 1 6323.72558594 0. 3.49155794297e-22 0.
1468304631 1 6321.203125 0. 3.49293179145e-22 0.
1468304691 1 6317.09814453 0. 3.49295062751e-22 0.
1468304751 1 6313.13720703 0. 3.49306470633e-22 0.
1468304811 1 6310.56201172 0. 3.49425179876e-22 0.
1468304871 1 6306.078125 0. 3.4942644049e-22 0.
1468304931 1 6300.57861328 0. 3.49369224082e-22 0.
1468304992 1 6297.24951172 0. 3.49433289111e-22 0.
1468305052 1 6293.11962891 0. 3.49444203505e-22 0.
1468305112 1 6288.33349609 0. 3.49424683326e-22 0.
1468305172 1 6284.55664062 0. 3.49493007906e-22 0.
1468305232 1 6280.92236328 0. 3.49559494727e-22 0.
1468305292 1 6277.6171875 0. 3.49617584684e-22 0.
1468305352 1 6272.92382812 0. 3.49578672719e-22 0.
1468305413 1 6268.94482422 0. 3.49603314513e-22 0.
1468305451 1 6268.01123047 0. 3.49746672977e-22 0.
1468305464 1 6266.43115234 0. 3.49725526223e-22 0.
1468305499 1 6263.53857422 0. 3.49680125909e-22 0.
1468305559 1 6259.4375 0. 3.49686549235e-22 0.
1468305620 1 6255.95898438 0. 3.49726274869e-22 0.
1468305680 1 6252.39941406 0. 3.49779573536e-22 0.
1468305740 1 6248.41552734 0. 3.49783154265e-22 0.
1468305790 1 6247.48925781 0. 3.49939528911e-22 0.
1468305841 1 6242.80371094 0. 3.49888061606e-22 0.
1468305901 1 6238.72949219 0. 3.49915019784e-22 0.
1468305961 1 6236.5390625 0. 3.50030884826e-22 0.
1468306021 1 6230.52978516 0. 3.49966316507e-22 0.
1468306081 1 6225.75292969 0. 3.49930341777e-22 0.
1468306141 1 6225.09130859 0. 3.5011964151e-22 0.
1468306201 1 6220.63818359 0. 3.50113623129e-22 0.
1468306262 1 6217.33203125 0. 3.5014850071e-22 0.
1468306322 1 6213.08251953 0. 3.50201839936e-22 0.
1468306382 1 6208.97216797 0. 3.5023593619e-22 0.
1468306442 1 6204.49462891 0. 3.50206618325e-22 0.
1468306502 1 6200.43066406 0. 3.50214893108e-22 0.
1468306562 1 6196.31884766 0. 3.50174402852e-22 0.
1468306622 1 6194.96044922 0. 3.5035583185e-22 0.
1468306683 1 6191.35986328 0. 3.50463386633e-22 0.
1468306743 1 6186.59423828 0. 3.50442290702e-22 0.
1468306803 1 6180.10205078 0. 3.50336365417e-22 0.
1468306863 1 6177.97265625 0. 3.50485372657e-22 0.
1468306923 1 6176.53369141 0. 3.50656244524e-22 0.
1468306983 1 6170.90917969 0. 3.50581409907e-22 0.
1468307043 1 6168.02050781 0. 3.50681776903e-22 0.
1468307104 1 6164.58203125 0. 3.50711952643e-22 0.
1468307164 1 6161.86425781 0. 3.50830279986e-22 0.
1468307199 1 6159.64404297 0. 3.50847959858e-22 0.
1468307234 1 6155.32177734 0. 3.50767848402e-22 0.
1468307295 1 6151.49365234 0. 3.50770123959e-22 0.
1468307355 1 6149.71337891 0. 3.50927031414e-22 0.
1468307415 1 6143.24804688 0. 3.50780543247e-22 0.
1468307452 1 6140.4140625 0. 3.50796502638e-22 0.
1468307489 1 6138.47412109 0. 3.50819067734e-22 0.
1468307549 1 6137.71337891 0. 3.50976220134e-22 0.
1468307609 1 6133.45556641 0. 3.50974531916e-22 0.
1468307669 1 6129.46435547 0. 3.50983264903e-22 0.
1468307730 1 6128.35058594 0. 3.51165156253e-22 0.
1468307790 1 6125.22119141 0. 3.51260684892e-22 0.
1468307850 1 6121.50439453 0. 3.51254055901e-22 0.
1468307910 1 6117.22070312 0. 3.5128228623e-22 0.
1468307970 1 6111.88330078 0. 3.51239066728e-22 0.
1468308030 1 6109.27587891 0. 3.51301437014e-22 0.
1468308090 1 6105.49658203 0. 3.51339384814e-22 0.
1468308150 1 6098.99121094 0. 3.51216865385e-22 0.
1468308211 1 6096.01513672 0. 3.51302420153e-22 0.
1468308271 1 6093.22460938 0. 3.51387420096e-22 0.
1468308331 1 6089.75390625 0. 3.51429171853e-22 0.
1468308391 1 6083.85107422 0. 3.51333965747e-22 0.
1468308451 1 6079.88867188 0. 3.51357638754e-22 0.
1468308511 1 6076.53173828 0. 3.5145585757e-22 0.
1468308571 1 6071.70996094 0. 3.51407810582e-22 0.
1468308631 1 6068.29150391 0. 3.51467330886e-22 0.
1468308692 1 6065.61328125 0. 3.51554782485e-22 0.
1468308752 1 6061.19970703 0. 3.51556892715e-22 0.
1468308812 1 6055.74560547 0. 3.51507754163e-22 0.
1468308849 1 6053.43798828 0. 3.51511130262e-22 0.
1468308861 1 6052.68945312 0. 3.51493449015e-22 0.
1468308896 1 6050.50390625 0. 3.51490045481e-22 0.
1468308956 1 6048.11035156 0. 3.5162580725e-22 0.
1468309016 1 6042.32324219 0. 3.51531636149e-22 0.
1468309076 1 6040.10595703 0. 3.5162909967e-22 0.
1468309136 1 6031.39208984 0. 3.51330108622e-22 0.
1468309197 1 6028.86376953 0. 3.51449601677e-22 0.
1468309257 1 6020.39794922 0. 3.51197031626e-22 0.
1468309317 1 6017.66308594 0. 3.51290614457e-22 0.
1468309377 1 6016.0546875 0. 3.51474446035e-22 0.
1468309437 1 6015.49121094 0. 3.51704794675e-22 0.
1468309497 1 6010.14501953 0. 3.51628751294e-22 0.
1468309557 1 6009.39697266 0. 3.51842343305e-22 0.
1468309618 1 5882.16308594 0. 3.44599581191e-22 0.
1468309678 1 5782.85449219 0. 3.38997659876e-22 0.
1468309738 1 6003.93896484 0. 3.52196407095e-22 0.
1468309798 1 6004.82568359 0. 3.52497687132e-22 0.
1468309858 1 5999.22021484 0. 3.52401738823e-22 0.
1468309918 1 5996.63867188 0. 3.52474198241e-22 0.
1468309978 1 5992.65185547 0. 3.52476286487e-22 0.
1468310023 1 5988.66064453 0. 3.52413630652e-22 0.
1468310068 1 5985.73779297 0. 3.52430117599e-22 0.
1468310128 1 5982.03710938 0. 3.52443797622e-22 0.
1468310188 1 5979.29394531 0. 3.52569342152e-22 0.
1468310249 1 5976.61132812 0. 3.52644747e-22 0.
1468310309 1 5971.67675781 0. 3.52562306645e-22 0.
1468310369 1 5969.35742188 0. 3.52675903632e-22 0.
1468310429 1 5967.31201172 0. 3.52776964697e-22 0.
1468310489 1 5961.12695312 0. 3.52695943835e-22 0.
1468310549 1 5958.43945312 0. 3.5276344062e-22 0.
1468310610 1 5953.63427734 0. 3.52724782223e-22 0.
1468310670 1 5949.31640625 0. 3.52702908336e-22 0.
1468310730 1 5946.82666016 0. 3.52810764811e-22 0.
1468310790 1 5944.59033203 0. 3.5293350583e-22 0.
1468310850 1 5941.75146484 0. 3.53031187868e-22 0.
1468310910 1 5936.58935547 0. 3.52969267902e-22 0.
1468310970 1 5934.98291016 0. 3.53103101724e-22 0.
1468311030 1 5933.22802734 0. 3.53261428402e-22 0.
1468311091 1 5926.02978516 0. 3.5307580651e-22 0.
1468311151 1 5924.24365234 0. 3.53213681772e-22 0.
1468311211 1 5920.3984375 0. 3.53227473688e-22 0.
1468311271 1 5916.35498047 0. 3.53182981909e-22 0.
1468311331 1 5915.20898438 0. 3.53364102699e-22 0.
1468311391 1 5910.8125 0. 3.53344010851e-22 0.
1468311451 1 5907.44970703 0. 3.53394583996e-22 0.
1468311511 1 5905.3515625 0. 3.535196045e-22 0.
1468311572 1 5901.62060547 0. 3.53544561047e-22 0.
1468311632 1 5897.67382812 0. 3.5354027558e-22 0.
1468311692 1 5894.54345703 0. 3.53614263727e-22 0.
1468311752 1 5891.28369141 0. 3.53652357019e-22 0.
1468311812 1 5887.89794922 0. 3.54340173457e-22 0.
1468311872 1 5880.3203125 0. 3.5346476711e-22 0.
1468311932 1 5877.01757812 0. 3.53504294931e-22 0.
1468311992 1 5875.29589844 0. 3.53625531536e-22 0.
1468312053 1 5873.06933594 0. 3.53758954056e-22 0.
1468312113 1 5870.171875 0. 3.53815948931e-22 0.
1468312150 1 5867.07763672 0. 3.5378466709e-22 0.
1468312188 1 5864.29101562 0. 3.53738858263e-22 0.
1468312233 1 5862.62158203 0. 3.53839020238e-22 0.
1468312279 1 5859.39697266 0. 3.53837861583e-22 0.
1468312339 1 5856.30517578 0. 3.53913169819e-22 0.
1468312399 1 5853.78320312 0. 3.53977924357e-22 0.
1468312459 1 5850.13134766 0. 3.54039972184e-22 0.
1468312519 1 5847.16064453 0. 3.5412539635e-22 0.
1468312579 1 5844.2421875 0. 3.54194496298e-22 0.
1468312639 1 5841.09277344 0. 3.54262620444e-22 0.
1468312700 1 5835.56152344 0. 3.54137962855e-22 0.
1468312760 1 5832.60986328 0. 3.5419754759e-22 0.
1468312820 1 5830.14208984 0. 3.54289027739e-22 0.
1468312880 1 5826.76074219 0. 3.54293255261e-22 0.
1468312940 1 5822.93652344 0. 3.54317655388e-22 0.
1468313000 1 5818.27587891 0. 3.54317502878e-22 0.
1468313060 1 5815.140625 0. 3.54362707284e-22 0.
1468313120 1 5812.71142578 0. 3.54443012975e-22 0.
1468313181 1 5810.82519531 0. 3.54553175317e-22 0.
1468313241 1 5806.01074219 0. 3.54531911358e-22 0.
1468313295 1 5801.71142578 0. 3.5449296875e-22 0.
1468313340 1 5799.80322266 0. 3.54535097025e-22 0.
1468313390 1 5798.98339844 0. 3.54662413771e-22 0.
1468313450 1 5796.44140625 0. 3.5476001722e-22 0.
1468313510 1 5792.04199219 0. 3.54761411574e-22 0.
1468313570 1 5789.73144531 0. 3.54868042313e-22 0.
1468313630 1 5785.84228516 0. 3.54852084534e-22 0.
1468313690 1 5782.09716797 0. 3.54882754169e-22 0.
1468313750 1 5779.97021484 0. 3.55008780411e-22 0.
1468313811 1 5776.49560547 0. 3.5502187118e-22 0.
1468313871 1 5773.36474609 0. 3.55028393243e-22 0.
1468313931 1 5768.17285156 0. 3.54946840291e-22 0.
1468313991 1 5765.45849609 0. 3.55065928886e-22 0.
1468314051 1 5763.03417969 0. 3.55122117679e-22 0.
1468314111 1 5759.63916016 0. 3.55131164245e-22 0.
1468314171 1 5756.04638672 0. 3.55417309967e-22 0.
1468314232 1 5752.02441406 0. 3.5519149301e-22 0.
1468314292 1 5749.00097656 0. 3.55250083555e-22 0.
1468314352 1 5745.24609375 0. 3.55246764161e-22 0.
1468314412 1 5739.58544922 0. 3.55068637381e-22 0.
1468314472 1 5740.27978516 0. 3.55377162693e-22 0.
1468314532 1 5737.47802734 0. 3.55429538895e-22 0.
1468314592 1 5732.953125 0. 3.55406537168e-22 0.
1468314652 1 5729.70849609 0. 3.55479223677e-22 0.
1468314713 1 5727.00488281 0. 3.5551036309e-22 0.
1468314773 1 5725.66894531 0. 3.55684908158e-22 0.
1468314833 1 5720.32519531 0. 3.55560901568e-22 0.
1468314893 1 5716.34277344 0. 3.5553722254e-22 0.
1468314953 1 5714.48730469 0. 3.55660505511e-22 0.
1468315013 1 5712.35351562 0. 3.55770638047e-22 0.
1468315073 1 5709.26464844 0. 3.55820531199e-22 0.
1468315134 1 5706.82568359 0. 3.55909260297e-22 0.
1468315194 1 5702.12597656 0. 3.5586321935e-22 0.
1468315246 1 5698.16210938 0. 3.55831259631e-22 0.
1468315298 1 5696.35400391 0. 3.55935889854e-22 0.
1468315358 1 5693.89697266 0. 3.56008318786e-22 0.
1468315419 1 5690.04150391 0. 3.56014710962e-22 0.
1468315478 1 5686.07763672 0. 3.56021406695e-22 0.
1468315537 1 5681.41455078 0. 3.55986915536e-22 0.
1468315598 1 5679.40722656 0. 3.56111009151e-22 0.
1468315658 1 5677.71289062 0. 3.56212872966e-22 0.
1468315718 1 5674.07421875 0. 3.56250491584e-22 0.
1468315778 1 5671.41845703 0. 3.56324789873e-22 0.
1468315838 1 5667.22265625 0. 3.56291711011e-22 0.
1468315898 1 5663.99023438 0. 3.56315340442e-22 0.
1468315958 1 5661.35400391 0. 3.5639811035e-22 0.
1468316019 1 5658.66259766 0. 3.56448296451e-22 0.
1468316079 1 5652.74804688 0. 3.56307431067e-22 0.
1468316139 1 5648.34521484 0. 3.56268220544e-22 0.
1468316199 1 5646.23339844 0. 3.56367970185e-22 0.
1468316259 1 5643.98681641 0. 3.56450458943e-22 0.
1468316319 1 5641.68505859 0. 3.56564755243e-22 0.
1468316379 1 5637.40820312 0. 3.56513780843e-22 0.
1468316439 1 5634.421875 0. 3.56576147481e-22 0.
1468316481 1 5630.41601562 0. 3.56494234185e-22 0.
1468316522 1 5629.10302734 0. 3.56591511888e-22 0.
1468316582 1 5625.18066406 0. 3.56566417557e-22 0.
1468316642 1 5621.43701172 0. 3.56566012759e-22 0.
1468316702 1 5620.1015625 0. 3.56714183776e-22 0.
1468316762 1 5616.68847656 0. 3.56746767294e-22 0.
1468316823 1 5612.64160156 0. 3.56715151474e-22 0.
1468316883 1 5610.49951172 0. 3.56830730427e-22 0.
1468316943 1 5605.5703125 0. 3.56790428043e-22 0.
1468316997 1 5603.07910156 0. 3.56825806901e-22 0.
1468317036 1 5602.50146484 0. 3.56949741347e-22 0.
1468317082 1 5600.08544922 0. 3.56940293411e-22 0.
1468317142 1 5594.69824219 0. 3.56869195294e-22 0.
1468317202 1 5592.5546875 0. 3.56929994824e-22 0.
1468317262 1 5588.26171875 0. 3.56931568524e-22 0.
1468317323 1 5583.90673828 0. 3.5689720529e-22 0.
1468317383 1 5581.57324219 0. 3.56967263339e-22 0.
1468317443 1 5578.54150391 0. 3.56994140671e-22 0.
1468317503 1 5575.50585938 0. 3.57025429323e-22 0.
1468317563 1 5572.59228516 0. 3.5705999942e-22 0.
1468317623 1 5572.41552734 0. 3.57276301182e-22 0.
1468317683 1 5569.47070312 0. 3.57346592664e-22 0.
1468317744 1 5567.39697266 0. 3.57456732698e-22 0.
1468317804 1 5562.08447266 0. 3.57348226701e-22 0.
1468317864 1 5559.57080078 0. 3.57446290417e-22 0.
1468317924 1 5503.46533203 0. 3.54102812281e-22 0.
1468317984 1 5397.41943359 0. 3.47489409831e-22 0.
1468318044 1 5449.18847656 0. 3.51040833444e-22 0.
1468318104 1 5548.87402344 0. 3.57710024431e-22 0.
1468318164 1 5545.34570312 0. 3.57735483337e-22 0.
1468318225 1 5540.92724609 0. 3.57670386935e-22 0.
1468318285 1 5537.41455078 0. 3.57673392594e-22 0.
1468318345 1 5534.86328125 0. 3.577318688e-22 0.
1468318405 1 5531.49853516 0. 3.577516375e-22 0.
1468318465 1 5527.56152344 0. 3.5773578083e-22 0.
1468318525 1 5525.47265625 0. 3.5783106194e-22 0.
1468318585 1 5520.66259766 0. 3.5775175479e-22 0.
1468318646 1 5518.22851562 0. 3.57831464266e-22 0.
1468318706 1 5515.08300781 0. 3.57907587127e-22 0.
1468318766 1 5510.78125 0. 3.57883728361e-22 0.
1468318826 1 5508.28857422 0. 3.57941526989e-22 0.
1468318886 1 5503.17089844 0. 3.57866806055e-22 0.
1468318946 1 5502.41015625 0. 3.58049275277e-22 0.
1468319006 1 5498.28710938 0. 3.58031361143e-22 0.
1468319067 1 5495.63623047 0. 3.58084658897e-22 0.
1468319127 1 5492.97607422 0. 3.58168399076e-22 0.
1468319187 1 5489.67041016 0. 3.58163169729e-22 0.
1468319247 1 5485.92773438 0. 3.5816744444e-22 0.
1468319307 1 5484.16162109 0. 3.58275521501e-22 0.
1468319367 1 5480.06201172 0. 3.58227636524e-22 0.
1468319427 1 5477.35009766 0. 3.58263769016e-22 0.
1468319487 1 5475.16064453 0. 3.58325637962e-22 0.
1468319548 1 5471.85009766 0. 3.58363089185e-22 0.
1468319608 1 5468.79394531 0. 3.5841376097e-22 0.
1468319668 1 5465.34472656 0. 3.58420256341e-22 0.
1468319728 1 5461.67773438 0. 3.58404868243e-22 0.
1468319788 1 5457.90722656 0. 3.58407936148e-22 0.
1468319848 1 5454.44775391 0. 3.58411218684e-22 0.
1468319908 1 5452.15332031 0. 3.58523200826e-22 0.
1468319968 1 5448.81445312 0. 3.58550747768e-22 0.
1468320029 1 5445.60791016 0. 3.58551819735e-22 0.
1468320089 1 5439.08251953 0. 3.58385220434e-22 0.
1468320149 1 5437.97363281 0. 3.5855730188e-22 0.
1468320209 1 5437.05664062 0. 3.58735153662e-22 0.
1468320269 1 5434.28320312 0. 3.58735359342e-22 0.
1468320329 1 5431.79980469 0. 3.58808566443e-22 0.
1468320389 1 5428.52294922 0. 3.58813184975e-22 0.
1468320449 1 5425.56982422 0. 3.58868621374e-22 0.
1468320510 1 5419.5625 0. 3.58736272344e-22 0.
1468320570 1 5416.98095703 0. 3.58781653864e-22 0.
1468320630 1 5415.70947266 0. 3.58934401748e-22 0.
1468320690 1 5415.27734375 0. 3.59180767618e-22 0.
1468320750 1 5410.42871094 0. 3.59092460678e-22 0.
1468320810 1 5406.98291016 0. 3.59105143719e-22 0.
1468320870 1 5403.86376953 0. 3.59137606084e-22 0.
1468320931 1 5400.47412109 0. 3.59159559919e-22 0.
1468320991 1 5398.31201172 0. 3.59217271558e-22 0.
1468321051 1 5395.51660156 0. 3.59260555488e-22 0.
1468321111 1 5390.14697266 0. 3.59159560208e-22 0.
1468321171 1 5387.4921875 0. 3.59218539938e-22 0.
1468321231 1 5384.5390625 0. 3.59286594571e-22 0.
1468321291 1 5381.94824219 0. 3.59328681146e-22 0.
1468321351 1 5378.81542969 0. 3.59359933778e-22 0.
1468321411 1 5374.890625 0. 3.59346101231e-22 0.
1468321472 1 5372.67285156 0. 3.59441580626e-22 0.
1468321532 1 5368.58935547 0. 3.59385074536e-22 0.
1468321592 1 5366.70947266 0. 3.594892163e-22 0.
1468321652 1 5364.68261719 0. 3.59571897292e-22 0.
1468321712 1 5360.85839844 0. 3.59545044357e-22 0.
1468321772 1 5359.45703125 0. 3.5969736663e-22 0.
1468321832 1 5353.89697266 0. 3.59532670299e-22 0.
1468321892 1 5352.14453125 0. 3.5965554231e-22 0.
1468321953 1 5346.83154297 0. 3.59548369456e-22 0.
1468322013 1 5345.25634766 0. 3.59679424875e-22 0.
1468322073 1 5341.21386719 0. 3.59662956491e-22 0.
1468322133 1 5335.86914062 0. 3.59522159689e-22 0.
1468322193 1 5331.80322266 0. 3.59464376665e-22 0.
1468322253 1 5332.16064453 0. 3.59655634651e-22 0.
1468322313 1 5330.65576172 0. 3.59766911334e-22 0.
1468322374 1 5331.69775391 0. 3.6002206951e-22 0.
1468322434 1 5333.22949219 0. 3.60355971065e-22 0.
1468322494 1 5326.515625 0. 3.60104141541e-22 0.
1468322554 1 5323.42089844 0. 3.60108927113e-22 0.
1468322614 1 5319.20263672 0. 3.60035535077e-22 0.
1468322674 1 5318.72021484 0. 3.60228148587e-22 0.
1468322734 1 5316.33740234 0. 3.60266929358e-22 0.
1468322794 1 5313.33789062 0. 3.60300179256e-22 0.
1468322855 1 5310.29541016 0. 3.60344835822e-22 0.
1468322915 1 5307.56689453 0. 3.60424056696e-22 0.
1468322975 1 5303.4140625 0. 3.60380743062e-22 0.
1468323035 1 5301.27978516 0. 3.60461736819e-22 0.
1468323095 1 5297.296875 0. 3.60456049616e-22 0.
1468323155 1 5293.94384766 0. 3.61105817963e-22 0.
1468323215 1 5290.78125 0. 3.60469758853e-22 0.
1468323276 1 5289.92871094 0. 3.60658734458e-22 0.
1468323336 1 5286.70654297 0. 3.60666221813e-22 0.
1468323396 1 5284.49169922 0. 3.60770372821e-22 0.
1468323456 1 5280.79052734 0. 3.60726457384e-22 0.
1468323516 1 5278.26220703 0. 3.60759045959e-22 0.
1468323576 1 5275.296875 0. 3.60841500789e-22 0.
1468323636 1 5271.64208984 0. 3.60814964538e-22 0.
1468323696 1 5270.48095703 0. 3.6097435367e-22 0.
1468323757 1 5264.75732422 0. 3.6079503927e-22 0.
1468323817 1 5262.41650391 0. 3.60834523271e-22 0.
1468323877 1 5260.5 0. 3.60974236732e-22 0.
1468323937 1 5257.00195312 0. 3.60990642995e-22 0.
1468323997 1 5254.16113281 0. 3.61015990168e-22 0.
1468324057 1 5250.05908203 0. 3.60981948211e-22 0.
1468324117 1 5250.64990234 0. 3.61279100178e-22 0.
1468324178 1 5246.92138672 0. 3.61241932405e-22 0.
1468324238 1 5242.68115234 0. 3.61150210872e-22 0.
1468324298 1 5238.79931641 0. 3.61122377128e-22 0.
1468324358 1 5235.09863281 0. 3.6110155508e-22 0.
1468324418 1 5230.72265625 0. 3.61016616328e-22 0.
1468324478 1 5228.34521484 0. 3.61105306473e-22 0.
1468324538 1 5222.95703125 0. 3.60926997936e-22 0.
1468324598 1 5222.70410156 0. 3.61126129558e-22 0.
1468324658 1 5219.55273438 0. 3.61139806843e-22 0.
1468324719 1 5215.9765625 0. 3.61125674316e-22 0.
1468324779 1 5213.01855469 0. 3.61158317538e-22 0.
1468324839 1 5211.41650391 0. 3.61292546624e-22 0.
1468324899 1 5208.44628906 0. 3.61342516358e-22 0.
1468324959 1 5203.04492188 0. 3.61212665191e-22 0.
1468325019 1 5202.90917969 0. 3.6142548213e-22 0.
1468325079 1 5199.61328125 0. 3.61426767065e-22 0.
1468325140 1 5194.72753906 0. 3.61326298338e-22 0.
1468325200 1 5193.50878906 0. 3.61487762545e-22 0.
1468325260 1 5191.10791016 0. 3.61545962019e-22 0.
1468325320 1 5186.75927734 0. 3.61482339924e-22 0.
1468325380 1 5186.00634766 0. 3.61626579658e-22 0.
1468325415 1 5186.22558594 0. 3.61811576665e-22 0.
1468325450 1 5183.07568359 0. 3.6174186776e-22 0.
1468325511 1 5179.05126953 0. 3.61682263266e-22 0.
1468325571 1 5177.36669922 0. 3.61799460861e-22 0.
1468325631 1 5174.24755859 0. 3.61831864016e-22 0.
1468325691 1 5172.33154297 0. 3.61937383869e-22 0.
1468325751 1 5170.64599609 0. 3.62037198793e-22 0.
1468325804 1 4947.625 0. 3.46757874224e-22 0.
1468325857 1 0.134301424026 0. 2.73969906499e-23 0.
1468325917 1 0.118965134025 0. 0.0 0.
