1469151372 1 0.0 0. 0.0 0.
1469151407 1 0.0 0. 0.0 0.
1469151417 1 10099.3867188 0. 3.6950567946e-22 0.
1469151427 1 10099.2353516 0. 3.6963933275e-22 0.
1469151437 1 10099.296875 0. 3.69772495008e-22 0.
1469151469 1 10090.4179688 0. 3.69733480465e-22 0.
1469151525 1 10072.9775391 0. 3.69688049304e-22 0.
1469151586 1 10046.0664062 0. 3.69415507851e-22 0.
1469151631 1 10031.2011719 0. 3.6942989953e-22 0.
1469151677 1 10021.1826172 0. 3.69579086414e-22 0.
1469151737 1 10014.1689453 0. 3.69993054899e-22 0.
1469151793 1 9998.80761719 0. 3.70029694204e-22 0.
1469151848 1 9973.59082031 0. 3.69605389258e-22 0.
1469151908 1 9960.05078125 0. 3.69672599111e-22 0.
1469151968 1 9959.70703125 0. 3.70170128144e-22 0.
1469152028 1 9950.97851562 0. 3.70326185484e-22 0.
1469152089 1 9945.84570312 0. 3.70619121772e-22 0.
1469152149 1 9916.046875 0. 3.70079157419e-22 0.
1469152209 1 9712.17675781 0. 3.62980229704e-22 0.
1469152269 1 9398.72265625 0. 3.51747202216e-22 0.
1469152329 1 9901.46972656 0. 3.71180830317e-22 0.
1469152389 1 9893.30371094 0. 3.71414190356e-22 0.
1469152449 1 9882.90820312 0. 3.71582994062e-22 0.
1469152509 1 9867.69042969 0. 3.7151654486e-22 0.
1469152570 1 9857.18554688 0. 3.71632142193e-22 0.
1469152630 1 9844.9140625 0. 3.71669615741e-22 0.
1469152690 1 9833.76171875 0. 3.71768942047e-22 0.
1469152725 1 9827.25683594 0. 3.71745803335e-22 0.
1469152760 1 9820.72558594 0. 3.71819784732e-22 0.
1469152820 1 9807.53417969 0. 3.71889524402e-22 0.
1469152881 1 9796.6875 0. 3.71963285349e-22 0.
1469152941 1 9786.58203125 0. 3.72053354207e-22 0.
1469153001 1 9772.05566406 0. 3.71970735158e-22 0.
1469153055 1 9758.37890625 0. 3.71899641727e-22 0.
1469153109 1 9751.08691406 0. 3.72052248329e-22 0.
1469153170 1 9737.65917969 0. 3.72027647519e-22 0.
1469153230 1 9725.51269531 0. 3.72028542209e-22 0.
1469153265 1 9718.42578125 0. 3.72002529929e-22 0.
1469153290 1 9713.43554688 0. 3.7201429738e-22 0.
1469153339 1 9702.04882812 0. 0.0 0.
1469153375 1 9694.0234375 0. 3.71900064574e-22 0.
1469153389 1 9690.81542969 0. 3.71911081694e-22 0.
1469153428 1 9686.66015625 0. 3.720316403e-22 0.
1469153488 1 9671.92285156 0. 3.71895620873e-22 0.
1469153548 1 9657.84179688 0. 3.71805548664e-22 0.
1469153608 1 9641.90332031 0. 3.71633507869e-22 0.
1469153668 1 9627.57421875 0. 3.71502437676e-22 0.
1469153709 1 9623.55371094 0. 3.71628982949e-22 0.
1469153725 1 9622.0 0. 3.716259842e-22 0.
1469153760 1 9618.49609375 0. 3.71739935288e-22 0.
1469153820 1 9611.4765625 0. 3.71901755351e-22 0.
1469153880 1 9595.63085938 0. 3.717368123e-22 0.
1469153923 1 9592.01757812 0. 3.71914225937e-22 0.
1469153943 1 9583.82519531 0. 3.71740239642e-22 0.
1469153977 1 9580.27636719 0. 3.71822259079e-22 0.
1469154026 1 9567.48144531 0. 3.71625252886e-22 0.
1469154064 1 9561.77050781 0. 3.71627753229e-22 0.
1469154085 1 9558.58789062 0. 3.71620005472e-22 0.
1469154107 1 9555.34863281 0. 3.71659900839e-22 0.
1469154153 1 9542.62304688 0. 3.71514661928e-22 0.
1469154213 1 9528.98144531 0. 3.71421742369e-22 0.
1469154273 1 9516.2265625 0. 3.71345772102e-22 0.
1469154333 1 9503.0859375 0. 3.7125832411e-22 0.
1469154393 1 9497.3984375 0. 3.71426930726e-22 0.
1469154454 1 9487.65429688 0. 3.71415768667e-22 0.
1469154514 1 9475.92578125 0. 3.71340421757e-22 0.
1469154574 1 9469.46386719 0. 3.71500217223e-22 0.
1469154622 1 9463.953125 0. 3.71636911108e-22 0.
1469154670 1 9453.56152344 0. 3.71524144714e-22 0.
1469154705 1 9445.91796875 0. 3.71405978582e-22 0.
1469154740 1 9438.296875 0. 3.71378928151e-22 0.
1469154800 1 9427.62402344 0. 3.71377028661e-22 0.
1469154860 1 9417.53710938 0. 3.71339705196e-22 0.
1469154920 1 9404.515625 0. 3.71188017154e-22 0.
1469154980 1 9392.83691406 0. 3.71133062002e-22 0.
1469155027 1 9386.71972656 0. 3.71198412154e-22 0.
1469155075 1 9378.78222656 0. 3.71158176052e-22 0.
1469155135 1 9196.18164062 0. 3.64285103339e-22 0.
1469155195 1 8927.44433594 0. 3.53961040984e-22 0.
1469155255 1 9339.28417969 0. 3.70675486994e-22 0.
1469155293 1 9378.43359375 0. 3.72469030778e-22 0.
1469155308 1 9376.80664062 0. 3.72528134125e-22 0.
1469155346 1 9368.01367188 0. 3.72369868895e-22 0.
1469155398 1 9360.09082031 0. 3.72383310683e-22 0.
1469155431 1 9354.18359375 0. 3.72391425258e-22 0.
1469155454 1 9348.328125 0. 3.72273095517e-22 0.
1469155495 1 9346.37988281 0. 3.72480674594e-22 0.
1469155555 1 9337.16308594 0. 3.72493187929e-22 0.
1469155615 1 9328.2578125 0. 3.72505528024e-22 0.
1469155675 1 9315.01660156 0. 3.72372426074e-22 0.
1469155735 1 9307.18164062 0. 3.72428339073e-22 0.
1469155795 1 9298.07128906 0. 3.72410170468e-22 0.
1469155856 1 9288.42382812 0. 0.0 0.
1469155891 1 9282.79492188 0. 3.72343128608e-22 0.
1469155926 1 9277.171875 0. 3.72351016519e-22 0.
1469155986 1 9268.19726562 0. 3.72382722345e-22 0.
1469156046 1 9257.51757812 0. 3.72341404168e-22 0.
1469156106 1 9245.48242188 0. 3.72222820338e-22 0.
1469156166 1 9235.5 0. 3.7216743098e-22 0.
1469156226 1 9229.265625 0. 3.72251164464e-22 0.
1469156286 1 9222.3828125 0. 3.72321331569e-22 0.
1469156347 1 9214.8828125 0. 3.72380327496e-22 0.
1469156407 1 9205.83496094 0. 3.72382457274e-22 0.
1469156467 1 9192.08007812 0. 3.72147372113e-22 0.
1469156527 1 9183.54101562 0. 3.72145368052e-22 0.
1469156587 1 9175.22265625 0. 3.72144491719e-22 0.
1469156647 1 9161.69921875 0. 3.71965588963e-22 0.
1469156707 1 9150.04492188 0. 3.71849044731e-22 0.
1469156767 1 9147.1484375 0. 3.72085442274e-22 0.
1469156819 1 9136.6875 0. 3.71934428685e-22 0.
1469156871 1 9128.19042969 0. 3.71881569872e-22 0.
1469156931 1 9120.09375 0. 3.71886356003e-22 0.
1469156991 1 9110.94433594 0. 3.71831937496e-22 0.
1469157051 1 9102.95410156 0. 3.71832967017e-22 0.
1469157108 1 9093.17675781 0. 3.71793716403e-22 0.
1469157164 1 9085.046875 0. 3.71750278105e-22 0.
1469157225 1 9075.13183594 0. 3.71717156249e-22 0.
1469157285 1 9060.91796875 0. 3.71457858573e-22 0.
1469157345 1 9053.91503906 0. 3.71544554205e-22 0.
1469157405 1 9046.24121094 0. 3.71577403931e-22 0.
1469157465 1 9038.12109375 0. 3.71626048133e-22 0.
1469157525 1 9029.22753906 0. 3.71631213403e-22 0.
1469157585 1 9019.77441406 0. 3.71594690889e-22 0.
1469157645 1 9005.55761719 0. 3.71344935083e-22 0.
1469157706 1 8999.41601562 0. 3.71410709894e-22 0.
1469157766 1 8992.53515625 0. 3.7149795552e-22 0.
1469157826 1 8984.65039062 0. 3.71521957687e-22 0.
1469157886 1 8970.64746094 0. 3.71276192488e-22 0.
1469157946 1 8967.20507812 0. 3.71471410591e-22 0.
1469158006 1 8960.20019531 0. 3.71498240751e-22 0.
1469158066 1 8947.09472656 0. 3.7128394485e-22 0.
1469158126 1 8940.16113281 0. 3.71324085532e-22 0.
1469158176 1 8935.48242188 0. 3.71428795236e-22 0.
1469158226 1 8926.05664062 0. 3.71308050936e-22 0.
1469158261 1 8919.41894531 0. 3.7122466464e-22 0.
1469158296 1 8912.77246094 0. 3.7114016553e-22 0.
1469158356 1 8906.14746094 0. 3.71223221295e-22 0.
1469158416 1 8898.29199219 0. 3.7124065197e-22 0.
1469158476 1 8885.81640625 0. 3.71067778162e-22 0.
1469158537 1 8876.27539062 0. 3.71016461073e-22 0.
1469158597 1 8867.62109375 0. 3.70982564146e-22 0.
1469158657 1 8859.640625 0. 3.70951025794e-22 0.
1469158717 1 8853.92480469 0. 3.71039249341e-22 0.
1469158777 1 8845.66503906 0. 3.71049286275e-22 0.
1469158837 1 8839.56347656 0. 3.71140508995e-22 0.
1469158897 1 8827.68847656 0. 3.70964672103e-22 0.
1469158958 1 8815.92675781 0. 3.70789593201e-22 0.
1469159018 1 8814.07128906 0. 3.7102408356e-22 0.
1469159078 1 8804.50195312 0. 3.70951429564e-22 0.
1469159138 1 8793.47460938 0. 3.70774792979e-22 0.
1469159198 1 8783.56347656 0. 3.70665595826e-22 0.
1469159258 1 8774.76953125 0. 3.70605082685e-22 0.
1469159318 1 8772.90820312 0. 3.70855786416e-22 0.
1469159378 1 8761.99023438 0. 3.70720936335e-22 0.
1469159417 1 8757.73144531 0. 3.70766824331e-22 0.
1469159456 1 8755.65136719 0. 3.70906564446e-22 0.
1469159516 1 8746.61523438 0. 3.70859359428e-22 0.
1469159576 1 8735.77050781 0. 3.70726502697e-22 0.
1469159636 1 8729.20410156 0. 3.70729482696e-22 0.
1469159696 1 8721.39160156 0. 3.70709544859e-22 0.
1469159756 1 8541.57910156 0. 3.6336165875e-22 0.
1469159816 1 8305.60351562 0. 3.53629575368e-22 0.
1469159877 1 8705.43164062 0. 3.7100953563e-22 0.
1469159937 1 8702.44824219 0. 3.7123195294e-22 0.
1469159997 1 8698.56152344 0. 3.71392002021e-22 0.
1469160057 1 8685.1875 0. 3.71136588748e-22 0.
1469160117 1 8678.30273438 0. 3.71164469688e-22 0.
1469160177 1 8670.56738281 0. 3.7114630816e-22 0.
1469160237 1 8664.59570312 0. 3.71207367659e-22 0.
1469160298 1 8655.18457031 0. 3.71164618751e-22 0.
1469160343 1 8650.19238281 0. 3.7123236305e-22 0.
1469160366 1 8646.59863281 0. 3.71231049864e-22 0.
1469160404 1 8637.97265625 0. 3.71019117827e-22 0.
1469160464 1 8631.8359375 0. 3.71059183361e-22 0.
1469160524 1 8626.02929688 0. 3.71119387586e-22 0.
1469160573 1 8620.10449219 0. 3.71155300293e-22 0.
1469160622 1 8613.76855469 0. 3.711308897e-22 0.
1469160657 1 8609.26074219 0. 3.71067039983e-22 0.
1469160692 1 8604.75195312 0. 3.71075100964e-22 0.
1469160753 1 8594.45214844 0. 3.70965577977e-22 0.
1469160813 1 8586.9296875 0. 3.70995422323e-22 0.
1469160873 1 8579.63378906 0. 3.70971475091e-22 0.
1469160933 1 8568.56933594 0. 3.70774457438e-22 0.
1469160993 1 8559.69726562 0. 3.70712731758e-22 0.
1469161053 1 8555.39941406 0. 3.707773045e-22 0.
1469161113 1 8548.85253906 0. 3.70853041307e-22 0.
1469161173 1 8539.56445312 0. 3.70765860538e-22 0.
1469161233 1 8530.59082031 0. 3.70693063304e-22 0.
1469161294 1 8522.61816406 0. 3.70659384322e-22 0.
1469161354 1 8516.01269531 0. 3.70704548717e-22 0.
1469161414 1 8505.29882812 0. 3.70618709617e-22 0.
1469161474 1 8496.10449219 0. 3.7052972882e-22 0.
1469161534 1 8490.06152344 0. 3.70527711717e-22 0.
1469161594 1 8482.1015625 0. 3.7045855298e-22 0.
1469161654 1 8472.54589844 0. 3.70374200943e-22 0.
1469161715 1 8465.58789062 0. 3.70375576383e-22 0.
1469161774 1 8459.60742188 0. 3.70423884693e-22 0.
1469161812 1 8454.87207031 0. 3.70437717748e-22 0.
1469161850 1 8449.25488281 0. 3.70402990194e-22 0.
1469161910 1 8436.19140625 0. 3.7015839014e-22 0.
1469161970 1 8436.77050781 0. 3.70490070791e-22 0.
1469162007 1 8437.83007812 0. 3.70755829038e-22 0.
1469162045 1 8432.73730469 0. 3.70708797122e-22 0.
1469162105 1 8420.97949219 0. 3.70463550855e-22 0.
1469162165 1 8415.04101562 0. 3.70525342735e-22 0.
1469162225 1 8408.95605469 0. 3.70563566393e-22 0.
1469162285 1 8401.90039062 0. 3.70589914367e-22 0.
1469162345 1 8394.9921875 0. 3.70661346165e-22 0.
1469162405 1 8389.67871094 0. 3.70729075992e-22 0.
1469162466 1 8379.07128906 0. 3.70537905728e-22 0.
1469162526 1 8370.56542969 0. 3.70522366378e-22 0.
1469162586 1 8364.91015625 0. 3.70596165714e-22 0.
1469162646 1 8357.20996094 0. 3.70606421251e-22 0.
1469162706 1 8346.67480469 0. 3.70426559088e-22 0.
1469162766 1 8341.8203125 0. 3.70555729287e-22 0.
1469162826 1 8330.60644531 0. 3.70393649068e-22 0.
1469162887 1 8329.0390625 0. 3.70627850042e-22 0.
1469162947 1 8323.53710938 0. 3.70689800212e-22 0.
1469163007 1 8316.34667969 0. 3.70667530643e-22 0.
1469163048 1 8311.26269531 0. 3.70628995609e-22 0.
1469163090 1 8301.21289062 0. 3.70386609437e-22 0.
1469163150 1 8294.21582031 0. 3.70410354598e-22 0.
1469163210 1 8288.28320312 0. 3.70438230876e-22 0.
1469163271 1 8275.82617188 0. 3.70204715344e-22 0.
1469163331 1 8269.98632812 0. 3.70294864315e-22 0.
1469163391 1 8262.47753906 0. 3.70279376277e-22 0.
1469163451 1 8254.875 0. 3.70253898941e-22 0.
1469163509 1 8251.87792969 0. 3.70419526531e-22 0.
1469163545 1 8250.68652344 0. 3.70541654845e-22 0.
1469163583 1 8244.47851562 0. 3.70419052567e-22 0.
1469163643 1 8235.875 0. 3.7036260054e-22 0.
1469163703 1 8230.0625 0. 3.70438323958e-22 0.
1469163763 1 8221.21777344 0. 3.70306807149e-22 0.
1469163823 1 8212.85742188 0. 3.70269601389e-22 0.
1469163883 1 8207.60449219 0. 3.70316544243e-22 0.
1469163944 1 8199.13574219 0. 3.70223130489e-22 0.
1469164004 1 8191.18261719 0. 3.70173496622e-22 0.
1469164064 1 8183.72119141 0. 3.7014475065e-22 0.
1469164124 1 8179.29541016 0. 3.70266914424e-22 0.
1469164184 1 8172.90380859 0. 3.70318015037e-22 0.
1469164244 1 8167.65673828 0. 3.70421417324e-22 0.
1469164304 1 8159.21191406 0. 3.70325023097e-22 0.
1469164364 1 8151.90039062 0. 3.70277705796e-22 0.
1469164424 1 8143.60742188 0. 3.70206849143e-22 0.
1469164485 1 8138.07519531 0. 3.70271098058e-22 0.
1469164545 1 8131.19726562 0. 3.70252131368e-22 0.
1469164605 1 8123.92333984 0. 3.70273936622e-22 0.
1469164665 1 8114.69726562 0. 3.7017423358e-22 0.
1469164725 1 8110.34667969 0. 3.7028652937e-22 0.
1469164785 1 8103.73291016 0. 3.70316894515e-22 0.
1469164845 1 8100.97167969 0. 3.70495745463e-22 0.
1469164905 1 8092.52539062 0. 3.70393969756e-22 0.
1469164966 1 8086.47265625 0. 3.7041462859e-22 0.
1469165026 1 8079.84082031 0. 3.70407810703e-22 0.
1469165086 1 8072.57226562 0. 3.70415575307e-22 0.
1469165146 1 8063.09326172 0. 3.70288961506e-22 0.
1469165206 1 8058.13330078 0. 3.70391229195e-22 0.
1469165245 1 8054.43408203 0. 3.70442230056e-22 0.
1469165283 1 8047.12402344 0. 3.70275758011e-22 0.
1469165344 1 8042.59326172 0. 3.70364731777e-22 0.
1469165404 1 8036.74560547 0. 3.70435534141e-22 0.
1469165464 1 8031.28857422 0. 3.70515648639e-22 0.
1469165524 1 8023.47216797 0. 3.70482290333e-22 0.
1469165584 1 8018.54736328 0. 3.70543600496e-22 0.
1469165644 1 8009.68847656 0. 3.70441208831e-22 0.
1469165704 1 8002.04101562 0. 3.70434431731e-22 0.
1469165765 1 7994.52246094 0. 3.70416302235e-22 0.
1469165825 1 7987.18261719 0. 3.70379554079e-22 0.
1469165885 1 7981.21191406 0. 3.70402576464e-22 0.
1469165945 1 7975.82910156 0. 3.70469262706e-22 0.
1469166005 1 7967.18554688 0. 3.70570283998e-22 0.
1469166065 1 7964.32861328 0. 3.70561563043e-22 0.
1469166125 1 7955.02587891 0. 3.70443090501e-22 0.
1469166185 1 7948.43066406 0. 3.70449919964e-22 0.
1469166246 1 7941.60546875 0. 3.70420532019e-22 0.
1469166306 1 7935.51855469 0. 3.70467636562e-22 0.
1469166366 1 7929.05615234 0. 3.70466617104e-22 0.
1469166426 1 7918.52148438 0. 3.70272316952e-22 0.
1469166486 1 7916.92236328 0. 3.70482499257e-22 0.
1469166546 1 7907.11474609 0. 3.70320777991e-22 0.
1469166600 1 7904.62744141 0. 3.7051200984e-22 0.
1469166632 1 7903.98632812 0. 3.70647047605e-22 0.
1469166669 1 7897.90136719 0. 3.70521903957e-22 0.
1469166729 1 7889.79736328 0. 3.70447987503e-22 0.
1469166789 1 7884.31152344 0. 3.70505631211e-22 0.
1469166839 1 7880.13232422 0. 3.70537617763e-22 0.
1469166870 1 7876.40527344 0. 0.0 0.
1469166885 1 7874.484375 0. 3.70472937141e-22 0.
1469166920 1 7870.18701172 0. 3.70440439347e-22 0.
1469166980 1 7864.06445312 0. 3.70461385703e-22 0.
1469167041 1 7856.88964844 0. 3.70492117208e-22 0.
1469167101 1 7849.04003906 0. 3.70436998243e-22 0.
1469167161 1 7842.54003906 0. 3.70403531969e-22 0.
1469167221 1 7835.07080078 0. 3.70391609824e-22 0.
1469167281 1 7831.02490234 0. 3.70480922499e-22 0.
1469167328 1 7825.89501953 0. 0.0 0.
1469167349 1 7823.52197266 0. 3.70391111082e-22 0.
1469167384 1 7819.71044922 0. 3.70389546621e-22 0.
1469167443 1 7811.18603516 0. 3.70290204207e-22 0.
1469167503 1 7803.3671875 0. 3.70200125657e-22 0.
1469167563 1 7796.72851562 0. 3.70199289955e-22 0.
1469167624 1 7791.24609375 0. 3.70225650759e-22 0.
1469167684 1 7785.23242188 0. 3.70250095667e-22 0.
1469167744 1 7780.08886719 0. 3.7037403657e-22 0.
1469167804 1 7772.19677734 0. 3.70343033201e-22 0.
1469167864 1 7766.76660156 0. 0.0 0.
1469167899 1 7763.59716797 0. 3.70338698026e-22 0.
1469167934 1 7760.4296875 0. 3.70389337006e-22 0.
1469167994 1 7755.38037109 0. 3.70471559108e-22 0.
1469168054 1 7748.29492188 0. 3.70427295842e-22 0.
1469168115 1 7740.45703125 0. 3.70326331772e-22 0.
1469168175 1 7734.13769531 0. 3.70312791929e-22 0.
1469168235 1 7727.78076172 0. 3.70274399519e-22 0.
1469168295 1 7726.01757812 0. 3.70572343513e-22 0.
1469168355 1 7717.73242188 0. 3.70427860094e-22 0.
1469168415 1 7710.50585938 0. 0.0 0.
1469168450 1 7706.27929688 0. 3.70420512413e-22 0.
1469168486 1 7702.04199219 0. 3.70391045471e-22 0.
1469168546 1 7697.05615234 0. 3.70438692328e-22 0.
1469168606 1 7689.67138672 0. 3.70291243172e-22 0.
1469168666 1 7685.29052734 0. 3.70446636177e-22 0.
1469168726 1 7678.69140625 0. 3.70433064401e-22 0.
1469168786 1 7672.76416016 0. 3.70424253579e-22 0.
1469168846 1 7665.19970703 0. 3.7035992784e-22 0.
1469168906 1 7661.04296875 0. 3.70499272769e-22 0.
1469168967 1 7654.89111328 0. 3.70543405145e-22 0.
1469169014 1 7648.11279297 0. 3.70422913706e-22 0.
1469169061 1 7643.19140625 0. 3.70435508902e-22 0.
1469169121 1 7635.66503906 0. 3.70373063188e-22 0.
1469169182 1 7629.48583984 0. 3.70393130512e-22 0.
1469169242 1 7622.57226562 0. 3.70357586426e-22 0.
1469169302 1 7618.62402344 0. 3.70419799163e-22 0.
1469169339 1 7615.03369141 0. 0.0 0.
1469169351 1 7613.81835938 0. 3.70331367467e-22 0.
1469169387 1 7610.42041016 0. 3.70400518319e-22 0.
1469169447 1 7604.91259766 0. 3.70419130859e-22 0.
1469169507 1 7597.56494141 0. 3.70354836652e-22 0.
1469169567 1 7592.10351562 0. 3.70405302317e-22 0.
1469169627 1 7584.97949219 0. 3.70431460857e-22 0.
1469169687 1 7578.93603516 0. 3.70432385619e-22 0.
1469169747 1 7574.28613281 0. 3.70533712668e-22 0.
1469169808 1 7568.22216797 0. 3.70565990362e-22 0.
1469169868 1 7561.49755859 0. 3.70485298113e-22 0.
1469169928 1 7554.46679688 0. 3.70448685462e-22 0.
1469169988 1 7549.38525391 0. 3.70516897283e-22 0.
1469170048 1 7544.43164062 0. 3.70622589442e-22 0.
1469170108 1 7537.55566406 0. 3.70543232799e-22 0.
1469170168 1 7528.35595703 0. 3.70384487678e-22 0.
1469170228 1 7522.73828125 0. 3.70400628932e-22 0.
1469170289 1 7515.90332031 0. 3.7037844654e-22 0.
1469170349 1 7509.41162109 0. 3.70342353354e-22 0.
1469170409 1 7503.56445312 0. 3.70352544717e-22 0.
1469170468 1 7498.62060547 0. 3.70430233041e-22 0.
1469170526 1 7492.59472656 0. 3.70425211411e-22 0.
1469170586 1 7485.94433594 0. 3.70371577773e-22 0.
1469170646 1 7478.79736328 0. 3.70314350931e-22 0.
1469170706 1 7473.16113281 0. 3.70340332297e-22 0.
1469170767 1 7468.65478516 0. 3.70399733994e-22 0.
1469170827 1 7463.54882812 0. 3.70472371468e-22 0.
1469170887 1 7453.68798828 0. 3.70261501277e-22 0.
1469170947 1 7450.23242188 0. 3.70351929587e-22 0.
1469171007 1 7295.91748047 0. 3.62960605166e-22 0.
1469171067 1 7376.70117188 0. 0.0 0.
1469171102 1 7423.82666016 0. 3.69755711551e-22 0.
1469171112 1 7437.30712891 0. 3.70494502858e-22 0.
1469171147 1 7435.75 0. 3.70606076162e-22 0.
1469171208 1 7432.70361328 0. 3.70709050249e-22 0.
1469171268 1 7425.95068359 0. 3.70646444801e-22 0.
1469171328 1 7420.00195312 0. 3.70646694021e-22 0.
1469171388 1 7410.44775391 0. 3.70507827351e-22 0.
1469171448 1 7404.16796875 0. 3.70504874439e-22 0.
1469171500 1 7404.82763672 0. 3.70777554929e-22 0.
1469171551 1 7399.06298828 0. 0.0 0.
1469171586 1 7395.140625 0. 3.70649031029e-22 0.
1469171622 1 7391.22705078 0. 3.70627175758e-22 0.
1469171682 1 7385.88671875 0. 3.70674794895e-22 0.
1469171742 1 7379.87255859 0. 3.70663974082e-22 0.
1469171802 1 7377.25195312 0. 3.70831642132e-22 0.
1469171862 1 7371.73144531 0. 3.70906804547e-22 0.
1469171900 1 7368.08105469 0. 3.70889599644e-22 0.
1469171939 1 7363.58056641 0. 3.7083988719e-22 0.
1469171982 1 7360.03027344 0. 3.70874866779e-22 0.
1469172024 1 7355.40478516 0. 3.70850277471e-22 0.
1469172084 1 7349.41845703 0. 3.70843828731e-22 0.
1469172145 1 7341.55712891 0. 3.70755829201e-22 0.
1469172205 1 7336.52050781 0. 3.70804598991e-22 0.
1469172265 1 7330.75 0. 3.70804342122e-22 0.
1469172325 1 7327.16552734 0. 3.70934505363e-22 0.
1469172376 1 7321.16748047 0. 3.70861447796e-22 0.
1469172427 1 7317.33984375 0. 3.70869888477e-22 0.
1469172462 1 7314.69677734 0. 3.70854413922e-22 0.
1469172497 1 7312.05126953 0. 3.70903533668e-22 0.
1469172557 1 7307.0234375 0. 0.0 0.
1469172592 1 7304.08007812 0. 3.70996324568e-22 0.
1469172627 1 7301.13476562 0. 3.71037053513e-22 0.
1469172687 1 7294.65234375 0. 3.71018301754e-22 0.
1469172747 1 7286.94970703 0. 3.70932014821e-22 0.
1469172808 1 7282.52539062 0. 3.71000720993e-22 0.
1469172868 1 7276.1015625 0. 3.70974517994e-22 0.
1469172928 1 7271.19824219 0. 3.71044817835e-22 0.
1469172984 1 7220.44677734 0. 3.69916196215e-22 0.
1469173040 1 0.149054229259 0. 2.17758585544e-23 0.
1469173100 1 0.127954855561 0. 0.0 0.
1469173160 1 0.120287045836 0. 0.0 0.
1469173220 1 0.115864165127 0. 0.0 0.
