1469281068 1 10082.3115234 0. 3.66698334212e-22 0.
1469281128 1 10070.0029297 0. 3.66810081174e-22 0.
1469281188 1 10061.4863281 0. 3.6707060837e-22 0.
1469281248 1 10048.9013672 0. 3.67160337795e-22 0.
1469281308 1 10032.1494141 0. 3.67009503118e-22 0.
1469281362 1 10019.2128906 0. 3.67011028069e-22 0.
1469281415 1 10017.4248047 0. 3.673192036e-22 0.
1469281475 1 9991.54003906 0. 3.66871607449e-22 0.
1469281535 1 9979.76464844 0. 3.66876252625e-22 0.
1469281596 1 9962.0078125 0. 3.66763521345e-22 0.
1469281649 1 9953.28222656 0. 3.66978029966e-22 0.
1469281703 1 9934.28808594 0. 3.66801029774e-22 0.
1469281763 1 9930.53320312 0. 3.67228792037e-22 0.
1469281824 1 9912.46875 0. 3.67135947216e-22 0.
1469281884 1 9895.76269531 0. 3.67072908158e-22 0.
1469281944 1 9871.59277344 0. 3.66735452791e-22 0.
1469282004 1 9846.20996094 0. 3.66291993176e-22 0.
1469282064 1 9833.0546875 0. 3.66301026478e-22 0.
1469282124 1 9820.91210938 0. 3.66286532099e-22 0.
1469282184 1 9809.43066406 0. 3.66396229345e-22 0.
1469282244 1 9789.00097656 0. 3.66099873155e-22 0.
1469282305 1 9776.14746094 0. 3.66132069674e-22 0.
1469282365 1 9757.74902344 0. 3.67104740937e-22 0.
1469282425 1 9747.92382812 0. 3.65972538116e-22 0.
1469282485 1 9734.45410156 0. 3.65929813149e-22 0.
1469282545 1 9714.94433594 0. 3.65672152428e-22 0.
1469282605 1 9699.58886719 0. 3.65518967186e-22 0.
1469282665 1 9685.53710938 0. 3.6546157161e-22 0.
1469282725 1 9672.29589844 0. 3.65389676006e-22 0.
1469282786 1 9662.83300781 0. 3.65447514284e-22 0.
1469282821 1 9657.3125 0. 3.65484803481e-22 0.
1469282856 1 9651.76367188 0. 3.65539997356e-22 0.
1469282916 1 9638.96777344 0. 3.65513596796e-22 0.
1469282976 1 9630.52929688 0. 3.65631087697e-22 0.
1469283036 1 9607.3046875 0. 3.65478783205e-22 0.
1469283097 1 9587.30371094 0. 3.64886787903e-22 0.
1469283157 1 9580.12792969 0. 3.6503201022e-22 0.
1469283217 1 9576.69238281 0. 3.65359170379e-22 0.
1469283277 1 9566.72558594 0. 3.65376610473e-22 0.
1469283337 1 9546.90332031 0. 3.65027723823e-22 0.
1469283397 1 9516.77636719 0. 3.64257137403e-22 0.
1469283457 1 9525.1640625 0. 3.64947451834e-22 0.
1469283499 1 9505.28125 0. 3.64448332069e-22 0.
1469283517 1 9508.53027344 0. 3.64706022378e-22 0.
1469283555 1 9514.84082031 0. 3.65187086138e-22 0.
1469283615 1 9508.08105469 0. 3.6525973306e-22 0.
1469283675 1 9490.01953125 0. 3.64967094727e-22 0.
1469283735 1 9470.96191406 0. 3.64634012877e-22 0.
1469283795 1 9472.16601562 0. 3.6502426967e-22 0.
1469283855 1 9447.50390625 0. 3.64486865544e-22 0.
1469283915 1 9440.4609375 0. 3.64611321676e-22 0.
1469283975 1 9421.96191406 0. 3.64269326449e-22 0.
1469284036 1 9392.92871094 0. 3.6352119798e-22 0.
1469284096 1 9389.47753906 0. 3.6377663416e-22 0.
1469284156 1 9377.24316406 0. 3.63719322142e-22 0.
1469284216 1 9372.52050781 0. 3.63946622402e-22 0.
1469284276 1 9370.43945312 0. 3.64249744595e-22 0.
1469284336 1 9361.01953125 0. 3.64278418895e-22 0.
1469284372 1 9023.32910156 0. 3.5387022346e-22 0.
1469284408 1 0.163899108768 0. 0.0 0.
1469284468 1 0.137000262737 0. 0.0 0.
1469285545 1 0.137000262737 0. 0.0 0.
