1469368988 1 11026.2177734 0. 3.80724204871e-22 0.
1469369048 1 11011.3027344 0. 3.8087349316e-22 0.
1469369093 1 10999.6992188 0. 3.81009488293e-22 0.
1469369138 1 10990.7880859 0. 3.81167214239e-22 0.
1469369199 1 10973.5957031 0. 3.81249188759e-22 0.
1469369259 1 10952.3183594 0. 3.81173619861e-22 0.
1469369319 1 10932.6982422 0. 3.81086884301e-22 0.
1469369379 1 10689.609375 0. 3.7323059573e-22 0.
1469369439 1 10397.3378906 0. 3.63601572924e-22 0.
1469369499 1 10882.2539062 0. 3.81173399819e-22 0.
1469369560 1 10864.2080078 0. 3.81143116284e-22 0.
1469369620 1 10854.6523438 0. 3.81340932917e-22 0.
1469369680 1 10852.5244141 0. 3.81775698436e-22 0.
1469369740 1 10845.7958984 0. 3.82047723697e-22 0.
1469369800 1 10821.0703125 0. 3.81674058079e-22 0.
1469369860 1 10813.9804688 0. 3.82075539492e-22 0.
1469369900 1 10804.7041016 0. 3.82143358689e-22 0.
1469369930 1 10792.6347656 0. 3.82007264994e-22 0.
1469369981 1 10777.9345703 0. 3.81948785704e-22 0.
1469370041 1 10766.2197266 0. 3.82056800758e-22 0.
1469370076 1 10759.3710938 0. 3.82109673189e-22 0.
1469370089 1 10755.1884766 0. 3.82111506901e-22 0.
1469370117 1 10744.2578125 0. 3.81901409645e-22 0.
1469370169 1 10730.9453125 0. 3.81906260977e-22 0.
1469370230 1 10711.1875 0. 3.81767124037e-22 0.
1469370290 1 10694.8642578 0. 3.81678924432e-22 0.
1469370350 1 10672.2792969 0. 3.81358269983e-22 0.
1469370410 1 10672.4257812 0. 3.81886283174e-22 0.
1469370470 1 10655.3613281 0. 3.81761902484e-22 0.
1469370530 1 10636.7529297 0. 3.81603972983e-22 0.
1469370590 1 10619.0087891 0. 3.81476928653e-22 0.
1469370651 1 10605.4443359 0. 3.81464798594e-22 0.
1469370711 1 10586.0263672 0. 3.81335659949e-22 0.
1469370771 1 10569.4072266 0. 3.81317264954e-22 0.
1469370831 1 10555.3730469 0. 3.8128367061e-22 0.
1469370891 1 10536.3291016 0. 3.81101770388e-22 0.
1469370951 1 10528.7929688 0. 3.81281564226e-22 0.
1469371011 1 10523.5361328 0. 3.81506194691e-22 0.
1469371071 1 10487.0888672 0. 3.80627245406e-22 0.
1469371131 1 10482.21875 0. 3.80910167394e-22 0.
1469371192 1 10464.5039062 0. 3.80748450045e-22 0.
1469371252 1 10441.9404297 0. 3.80357815213e-22 0.
1469371312 1 10430.4863281 0. 3.8036008085e-22 0.
1469371372 1 10414.3486328 0. 3.80213287944e-22 0.
1469371432 1 10388.3847656 0. 3.79699033321e-22 0.
1469371492 1 10370.4316406 0. 3.79476701971e-22 0.
1469371532 1 10367.1230469 0. 3.79704855317e-22 0.
1469371558 1 10367.4707031 0. 3.79913665136e-22 0.
1469371606 1 10350.7412109 0. 3.79649616502e-22 0.
1469371666 1 10328.8935547 0. 3.79266501514e-22 0.
1469371726 1 10315.0976562 0. 3.79160931187e-22 0.
1469371786 1 10282.7998047 0. 3.78400753268e-22 0.
1469371846 1 10277.5361328 0. 3.78606957879e-22 0.
1469371906 1 10254.1464844 0. 3.78214993338e-22 0.
1469371966 1 10248.3896484 0. 3.78459372947e-22 0.
1469372027 1 10242.0595703 0. 3.78612250176e-22 0.
1469372087 1 10231.9794922 0. 3.78595156303e-22 0.
1469372147 1 10219.7128906 0. 3.784725128e-22 0.
1469372207 1 10213.453125 0. 3.78679000722e-22 0.
1469372267 1 10201.03125 0. 3.78662887819e-22 0.
1469372327 1 10173.6630859 0. 3.7807745662e-22 0.
1469372387 1 10156.5683594 0. 3.77854038501e-22 0.
1469372447 1 10145.0361328 0. 3.77827115062e-22 0.
1469372508 1 10143.2353516 0. 3.78122518438e-22 0.
1469372568 1 10129.9033203 0. 3.77967865469e-22 0.
1469372628 1 10120.9257812 0. 3.78023229426e-22 0.
1469372685 1 10097.8222656 0. 3.77565445483e-22 0.
1469372733 1 10089.4501953 0. 3.77605074329e-22 0.
1469372785 1 10082.7470703 0. 3.77624351542e-22 0.
1469372845 1 10078.3320312 0. 3.77843843011e-22 0.
1469372905 1 10051.3789062 0. 3.77224041883e-22 0.
1469372965 1 10032.1132812 0. 3.76913603377e-22 0.
1469373025 1 10021.5761719 0. 3.76928638652e-22 0.
1469373085 1 10009.2949219 0. 3.76842484906e-22 0.
1469373134 1 10015.9785156 0. 3.77388243858e-22 0.
1469373182 1 10007.3583984 0. 3.77379854548e-22 0.
1469373218 1 9993.08691406 0. 3.77114106103e-22 0.
1469373249 1 9999.47167969 0. 3.77525873498e-22 0.
1469373296 1 9987.2890625 0. 3.77370603383e-22 0.
1469373347 1 9972.46191406 0. 3.77159273708e-22 0.
1469373407 1 9974.94042969 0. 3.7761211742e-22 0.
1469373467 1 9958.87207031 0. 3.77429911109e-22 0.
1469373528 1 9950.67089844 0. 3.77534709188e-22 0.
1469373588 1 9932.88378906 0. 3.77163650301e-22 0.
1469373648 1 9913.16796875 0. 3.76780904504e-22 0.
1469373708 1 9903.67089844 0. 3.76812573437e-22 0.
1469373756 1 9903.71875 0. 3.77143695461e-22 0.
1469373794 1 9896.703125 0. 3.77072916914e-22 0.
1469373845 1 9894.07910156 0. 3.77273631693e-22 0.
1469373905 1 9886.80859375 0. 3.77404140139e-22 0.
1469373965 1 9878.58105469 0. 3.77452963399e-22 0.
1469374000 1 9873.78222656 0. 3.77457872935e-22 0.
1469374023 1 9870.66503906 0. 3.77508347238e-22 0.
1469374071 1 9851.08007812 0. 3.77098178898e-22 0.
1469374131 1 9841.49609375 0. 3.7711769735e-22 0.
1469374191 1 9829.49707031 0. 3.77051498469e-22 0.
1469374251 1 9817.3515625 0. 3.76964496711e-22 0.
1469374311 1 9798.06542969 0. 3.76556581397e-22 0.
1469374372 1 9806.59863281 0. 3.77228993829e-22 0.
1469374432 1 9797.52148438 0. 3.77285540489e-22 0.
1469374469 1 9789.59667969 0. 3.77194780241e-22 0.
1469374482 1 9789.82910156 0. 3.77296373814e-22 0.
1469374509 1 9785.59277344 0. 3.77287975493e-22 0.
1469374559 1 9773.82617188 0. 3.77132221742e-22 0.
1469374619 1 9749.85253906 0. 3.76565190548e-22 0.
1469374679 1 9757.31542969 0. 3.77182552194e-22 0.
1469374739 1 9733.49707031 0. 3.76632514012e-22 0.
1469374799 1 9724.078125 0. 3.76609124498e-22 0.
1469374859 1 9708.81445312 0. 3.76381212576e-22 0.
1469374919 1 9692.98535156 0. 3.76120356208e-22 0.
1469374980 1 9681.91992188 0. 3.76051270218e-22 0.
1469375040 1 9669.28515625 0. 3.75927789151e-22 0.
1469375100 1 9644.80078125 0. 3.75380673742e-22 0.
1469375160 1 9639.82128906 0. 3.75525644929e-22 0.
1469375220 1 9629.14746094 0. 3.7545124692e-22 0.
1469375259 1 9628.42578125 0. 3.75689228732e-22 0.
1469375275 1 9625.7734375 0. 3.75727532796e-22 0.
1469375312 1 9604.86914062 0. 3.75040140496e-22 0.
1469375361 1 9609.46191406 0. 3.75436773344e-22 0.
1469375399 1 9609.79003906 0. 3.75680475666e-22 0.
1469375448 1 9578.89941406 0. 3.74780662358e-22 0.
1469375508 1 9569.26757812 0. 3.74807531908e-22 0.
1469375568 1 9545.06347656 0. 3.74219319133e-22 0.
1469375628 1 9544.02636719 0. 3.74533981522e-22 0.
1469375688 1 9528.76953125 0. 0.0 0.
1469375724 1 9519.86914062 0. 3.74044702053e-22 0.
1469375759 1 9510.93261719 0. 3.73945065612e-22 0.
1469375806 1 9523.73632812 0. 3.74774386314e-22 0.
1469375831 1 9524.31152344 0. 3.74972832527e-22 0.
1469375868 1 9515.43457031 0. 3.74856508588e-22 0.
1469375928 1 9495.35351562 0. 3.74405665658e-22 0.
1469375988 1 9481.20117188 0. 3.7420304488e-22 0.
1469376049 1 9489.26660156 0. 3.74845122573e-22 0.
1469376109 1 9455.890625 0. 3.73885187293e-22 0.
1469376169 1 9454.328125 0. 3.74123606185e-22 0.
1469376229 1 9454.05664062 0. 3.7446735377e-22 0.
1469376289 1 9433.04101562 0. 3.74010950444e-22 0.
1469376339 1 9425.80078125 0. 3.74024901091e-22 0.
1469376368 1 9429.76953125 0. 3.74323678694e-22 0.
1469376406 1 9428.06054688 0. 3.74465717189e-22 0.
1469376466 1 9420.04199219 0. 3.74442162014e-22 0.
1469376526 1 9385.05273438 0. 3.73440542385e-22 0.
1469376582 1 9396.93164062 0. 3.74175312536e-22 0.
1469376624 1 9385.42285156 0. 3.73968652271e-22 0.
1469376655 1 9378.60839844 0. 3.73802673122e-22 0.
1469376701 1 9371.45507812 0. 3.73803395262e-22 0.
1469376761 1 9375.03417969 0. 3.74314888374e-22 0.
1469376807 1 9379.36621094 0. 3.74792595575e-22 0.
1469376838 1 9367.90234375 0. 3.74520002232e-22 0.
1469376883 1 9340.03222656 0. 3.73628602452e-22 0.
1469376922 1 9354.37890625 0. 3.74407619333e-22 0.
1469376961 1 9346.36621094 0. 3.74323971303e-22 0.
1469377021 1 9318.42871094 0. 3.73447954448e-22 0.
1469377081 1 9311.29882812 0. 3.73462258796e-22 0.
1469377141 1 9307.37109375 0. 3.73668508441e-22 0.
1469377201 1 9300.66894531 0. 3.73725208658e-22 0.
1469377261 1 9253.20214844 0. 3.72132572737e-22 0.
1469377322 1 9277.93457031 0. 3.73480890182e-22 0.
1469377382 1 9269.01269531 0. 3.73495238706e-22 0.
1469377442 1 9239.40917969 0. 3.72654339841e-22 0.
1469377502 1 9250.375 0. 3.73396868895e-22 0.
1469377562 1 9241.67871094 0. 3.73408945747e-22 0.
1469377622 1 9220.47167969 0. 3.72881078588e-22 0.
1469377682 1 9197.63769531 0. 3.73610057013e-22 0.
1469377742 1 9210.24414062 0. 3.73147700013e-22 0.
1469377803 1 9188.80371094 0. 3.72581481038e-22 0.
1469377863 1 9183.80761719 0. 3.72683932612e-22 0.
1469377923 1 9170.62207031 0. 3.7248849147e-22 0.
1469377983 1 9161.08105469 0. 3.72445487342e-22 0.
1469378043 1 9132.21777344 0. 3.71586897986e-22 0.
1469378103 1 9125.64746094 0. 3.71691519058e-22 0.
1469378163 1 9120.29882812 0. 3.71830071886e-22 0.
1469378217 1 9128.4765625 0. 3.72499171244e-22 0.
1469378272 1 9106.98339844 0. 3.71902883271e-22 0.
1469378332 1 9110.09765625 0. 3.72329956483e-22 0.
1469378392 1 9108.28710938 0. 3.7264290317e-22 0.
1469378452 1 9095.31152344 0. 3.72442883526e-22 0.
1469378512 1 9066.07421875 0. 3.71524267213e-22 0.
1469378573 1 9045.11328125 0. 3.70988583323e-22 0.
1469378633 1 9056.61425781 0. 3.71810118493e-22 0.
1469378693 1 9031.36035156 0. 3.71075077214e-22 0.
1469378753 1 9062.48339844 0. 3.72667300145e-22 0.
1469378813 1 9026.71875 0. 3.71483931276e-22 0.
1469378873 1 9021.12207031 0. 3.71608409901e-22 0.
1469378934 1 9008.8203125 0. 3.71435241061e-22 0.
1469378994 1 8974.56738281 0. 3.70386391809e-22 0.
1469379054 1 8947.73046875 0. 3.69640856442e-22 0.
1469379114 1 8936.27050781 0. 3.69493651254e-22 0.
1469379174 1 8922.41015625 0. 3.6920027212e-22 0.
1469379234 1 8918.52246094 0. 3.69355702445e-22 0.
1469379294 1 8899.47949219 0. 3.68873694389e-22 0.
1469379354 1 8878.06640625 0. 3.68292770555e-22 0.
1469379415 1 8859.69140625 0. 3.67832632604e-22 0.
1469379475 1 8857.12695312 0. 3.67988813852e-22 0.
1469379535 1 8866.83691406 0. 3.68702530233e-22 0.
1469379595 1 8872.42578125 0. 3.69295827557e-22 0.
1469379655 1 8869.81835938 0. 3.69491031566e-22 0.
1469379715 1 8861.30566406 0. 3.6941447234e-22 0.
1469379775 1 8855.32226562 0. 3.69527358379e-22 0.
1469379836 1 8832.83886719 0. 3.68888502025e-22 0.
1469379896 1 8826.10839844 0. 3.68923171181e-22 0.
1469379939 1 8678.81835938 0. 3.64409256162e-22 0.
1469379982 1 0.162637293339 0. 1.68907622318e-23 0.
