1470052359 1 2361.68505859 0. 3.00214597771e-22 0.
1470052420 1 2436.4140625 0. 3.10202201335e-22 0.
1470052455 1 2434.49414062 0. 3.10284673372e-22 0.
1470052490 1 2433.31274414 0. 3.10381321639e-22 0.
1470052550 1 2430.81176758 0. 3.10564336528e-22 0.
1470052588 1 2429.83007812 0. 3.10753578132e-22 0.
1470052626 1 2428.40795898 0. 3.10849445327e-22 0.
1470052687 1 2425.12402344 0. 3.10907564326e-22 0.
1470052747 1 2422.69482422 0. 3.11105231817e-22 0.
1470052807 1 2419.34619141 0. 3.11158001866e-22 0.
1470052867 1 2416.71533203 0. 3.11297922652e-22 0.
1470052921 1 2413.83764648 0. 3.11331861767e-22 0.
1470052976 1 2411.15063477 0. 3.11383095585e-22 0.
1470053036 1 2407.49487305 0. 3.11346869352e-22 0.
1470053096 1 2404.25268555 0. 3.11397343674e-22 0.
1470053156 1 2399.42333984 0. 3.11254568124e-22 0.
1470053216 1 2397.31835938 0. 3.11433832542e-22 0.
1470053276 1 2394.33105469 0. 3.11463078221e-22 0.
1470053336 1 2391.67919922 0. 3.11613619789e-22 0.
1470053396 1 2388.60302734 0. 3.11710478979e-22 0.
1470053457 1 2385.72827148 0. 3.11809799384e-22 0.
1470053517 1 2382.91601562 0. 3.11883185449e-22 0.
1470053577 1 2378.62280273 0. 3.1172394158e-22 0.
1470053637 1 2328.25805664 0. 3.05520942569e-22 0.
1470053697 1 2297.16723633 0. 3.01828522176e-22 0.
1470053757 1 2374.27832031 0. 3.1239054327e-22 0.
1470053817 1 2374.03320312 0. 3.12830900088e-22 0.
1470053877 1 2372.05810547 0. 3.13025650562e-22 0.
1470053938 1 2370.11499023 0. 3.13189939107e-22 0.
1470053998 1 2367.79077148 0. 3.13289602463e-22 0.
1470054058 1 2364.8269043 0. 3.13318320172e-22 0.
1470054118 1 2361.90405273 0. 3.13355182116e-22 0.
1470054178 1 2359.36157227 0. 3.13487319204e-22 0.
1470054238 1 2356.47412109 0. 3.13517495496e-22 0.
1470054298 1 2354.89160156 0. 3.13674490017e-22 0.
1470054358 1 2352.61669922 0. 3.13779997167e-22 0.
1470054419 1 2349.55883789 0. 3.13766004357e-22 0.
1470054479 1 2347.72216797 0. 3.13966911527e-22 0.
1470054539 1 2344.421875 0. 3.13954673238e-22 0.
1470054599 1 2342.95507812 0. 3.14139638633e-22 0.
1470054659 1 2340.76098633 0. 3.14268228612e-22 0.
1470054719 1 2337.30883789 0. 3.14163360106e-22 0.
1470054779 1 2333.78881836 0. 3.14061793373e-22 0.
1470054839 1 2334.10473633 0. 3.14350145551e-22 0.
1470054900 1 2331.64257812 0. 3.14247803102e-22 0.
1470054960 1 2331.3293457 0. 3.14415554755e-22 0.
1470055020 1 2329.40625 0. 3.14354771411e-22 0.
1470055080 1 2327.93237305 0. 3.14393478478e-22 0.
1470055140 1 2327.48681641 0. 3.14551011518e-22 0.
1470055200 1 2326.64550781 0. 3.14657546504e-22 0.
1470055260 1 2324.71191406 0. 3.14659617553e-22 0.
1470055320 1 2322.97753906 0. 3.14635194538e-22 0.
1470055381 1 2319.8215332 0. 3.14409529541e-22 0.
1470055441 1 2317.93920898 0. 3.14374347325e-22 0.
1470055501 1 2317.91552734 0. 3.14575357351e-22 0.
1470055561 1 2314.9675293 0. 3.14438356215e-22 0.
1470055621 1 2312.99609375 0. 3.14483917685e-22 0.
1470055681 1 2312.16333008 0. 3.14683408504e-22 0.
1470055741 1 2309.70239258 0. 3.1468346006e-22 0.
1470055801 1 2309.42358398 0. 3.1496083685e-22 0.
1470055862 1 2307.40869141 0. 3.14994950758e-22 0.
1470055922 1 2306.25732422 0. 3.15155948523e-22 0.
1470055982 1 2304.31494141 0. 3.15253955003e-22 0.
1470056042 1 2299.97290039 0. 3.1497210143e-22 0.
1470056102 1 2300.70483398 0. 3.1544565373e-22 0.
1470056162 1 2297.55859375 0. 3.15389444473e-22 0.
1470056222 1 2298.40332031 0. 3.15835644611e-22 0.
1470056282 1 2295.33251953 0. 3.15731901489e-22 0.
1470056343 1 2292.46704102 0. 3.15649112241e-22 0.
1470056403 1 2290.24243164 0. 3.15704306746e-22 0.
1470056463 1 2289.09985352 0. 3.15862800751e-22 0.
1470056523 1 2287.15307617 0. 3.15874951863e-22 0.
1470056583 1 2285.89428711 0. 3.15985855555e-22 0.
1470056643 1 2284.79736328 0. 3.16083671364e-22 0.
1470056703 1 2282.12866211 0. 3.15961153064e-22 0.
1470056763 1 2280.57617188 0. 3.15950419071e-22 0.
1470056824 1 2278.34301758 0. 3.15868447747e-22 0.
1470056884 1 2277.81494141 0. 3.15969834621e-22 0.
1470056944 1 2276.58959961 0. 3.15968978651e-22 0.
1470057004 1 2275.99023438 0. 3.16075151989e-22 0.
1470057064 1 2273.75634766 0. 3.15954956232e-22 0.
1470057124 1 2272.47070312 0. 3.15914095669e-22 0.
1470057184 1 2271.54614258 0. 3.16001367361e-22 0.
1470057244 1 2270.97631836 0. 3.16097360098e-22 0.
1470057305 1 2269.84301758 0. 3.16103895744e-22 0.
1470057365 1 2269.31420898 0. 3.1618884718e-22 0.
1470057425 1 2266.70727539 0. 3.1601315897e-22 0.
1470057485 1 2264.29272461 0. 3.15986040654e-22 0.
1470057545 1 2263.44189453 0. 3.16211387578e-22 0.
1470057605 1 2261.90600586 0. 3.16332459565e-22 0.
1470057665 1 2259.21606445 0. 3.16264976361e-22 0.
1470057725 1 1065.43078613 0. 1.49751692703e-22 0.
1470057786 1 266.842773438 0. 3.7608489721e-23 0.
1470057846 1 18.1662788391 0. 2.56544209947e-24 0.
1470057906 1 5.48192405701 0. 7.74631686817e-25 0.
1470057966 1 5.42585086823 0. 7.67206908343e-25 0.
1470058026 1 5.41566467285 0. 7.66232502087e-25 0.
1470058062 1 5.40774774551 0. 7.65302303235e-25 0.
1470058097 1 5.36860895157 0. 7.60135533173e-25 0.
1470058158 1 5.39897012711 0. 7.64804620625e-25 0.
1470058218 1 5.43790102005 0. 7.70805980182e-25 0.
1470058278 1 5.35844373703 0. 7.60458899371e-25 0.
1470058338 1 4.38002157211 0. 6.22383167675e-25 0.
1470058398 1 2.76063299179 0. 3.92606599566e-25 0.
1470058458 1 2.71191596985 0. 3.85876694782e-25 0.
1470058518 1 2.6618847847 0. 3.78984121973e-25 0.
1470058579 1 2.59200072289 0. 3.69214387339e-25 0.
1470058639 1 2.59293460846 0. 3.69628518706e-25 0.
1470058699 1 2.6294605732 0. 3.75037048322e-25 0.
1470058759 1 2.67328929901 0. 3.81522431534e-25 0.
1470058819 1 2.61336517334 0. 3.73192502617e-25 0.
1470058879 1 2.61162447929 0. 3.73155919231e-25 0.
1470058939 1 2.60262060165 0. 3.72045379709e-25 0.
1470058999 1 2.60467195511 0. 3.72541846774e-25 0.
1470059060 1 2.55583167076 0. 3.65731658467e-25 0.
1470059120 1 2.55070972443 0. 3.65177044235e-25 0.
1470059180 1 2.53003978729 0. 3.62407882963e-25 0.
1470059240 1 2.54497909546 0. 3.64758426258e-25 0.
1470059300 1 2.51149296761 0. 3.60079136182e-25 0.
1470059360 1 2.49196863174 0. 3.5750257305e-25 0.
1470059420 1 2.46701383591 0. 3.54139028886e-25 0.
1470059481 1 2.45118093491 0. 3.52059167555e-25 0.
1470059541 1 2.40883493423 0. 3.46160061156e-25 0.
1470059601 1 2.37098646164 0. 3.40868592105e-25 0.
1470059661 1 2.38824152946 0. 3.4345741701e-25 0.
1470059721 1 2.37300157547 0. 3.41472068404e-25 0.
1470059781 1 2.42775988579 0. 3.49526772815e-25 0.
1470059841 1 2.38319587708 0. 3.43272595414e-25 0.
1470059901 1 2.39175462723 0. 3.4469478867e-25 0.
1470059962 1 2.40783810616 0. 3.47137186446e-25 0.
1470060022 1 2.36059713364 0. 3.40482730879e-25 0.
1470060082 1 2.34883999825 0. 3.38985746993e-25 0.
1470060142 1 2.32489538193 0. 3.35697104041e-25 0.
1470060202 1 2.33858513832 0. 3.379011118e-25 0.
1470060262 1 2.31907057762 0. 3.35181699659e-25 0.
1470060297 1 2.29364228249 0. 3.31602116839e-25 0.
1470060332 1 2.2777402401 0. 3.29424895061e-25 0.
1470060392 1 2.35023498535 0. 3.40079505965e-25 0.
1470060453 1 2.31660294533 0. 3.35359489064e-25 0.
1470060513 1 2.34081149101 0. 3.39040457043e-25 0.
1470060573 1 2.31514668465 0. 3.35427589235e-25 0.
1470060633 1 2.31316423416 0. 3.35254264674e-25 0.
1470060693 1 2.30168151855 0. 3.33781922791e-25 0.
1470060753 1 2.28131508827 0. 3.31025289174e-25 0.
1470060813 1 2.25947213173 0. 3.28024890902e-25 0.
1470060873 1 2.21236944199 0. 3.2134943728e-25 0.
1470060933 1 2.27799654007 0. 3.3099587292e-25 0.
1470060994 1 2.25115966797 0. 3.27249367553e-25 0.
1470061054 1 2.2041990757 0. 3.20569482454e-25 0.
1470061114 1 2.0847992897 0. 3.0334005229e-25 0.
1470061149 1 2.23143315315 0. 3.24777307682e-25 0.
1470061184 1 2.19945025444 0. 3.20189084147e-25 0.
1470061244 1 2.18420791626 0. 3.18136320905e-25 0.
1470061305 1 2.20944523811 0. 3.21961262719e-25 0.
1470061365 1 2.20451498032 0. 3.21364023093e-25 0.
1470061425 1 2.14759421349 0. 3.13253431307e-25 0.
1470061485 1 2.19748139381 0. 3.20606790964e-25 0.
1470061545 1 2.1334502697 0. 3.11414407695e-25 0.
1470061605 1 2.13346838951 0. 3.11595562166e-25 0.
1470061665 1 2.15375494957 0. 3.1471965494e-25 0.
1470061725 1 2.16583323479 0. 3.16584465042e-25 0.
1470061785 1 2.11150550842 0. 3.0876166474e-25 0.
1470061846 1 2.15783953667 0. 3.15692491114e-25 0.
1470061906 1 2.14879083633 0. 3.14478746229e-25 0.
1470061966 1 2.13677167892 0. 3.12904125485e-25 0.
1470062026 1 2.14234614372 0. 3.13898761259e-25 0.
1470062086 1 2.13400554657 0. 3.12800461473e-25 0.
1470062146 1 2.13430690765 0. 3.12988032916e-25 0.
1470062206 1 2.15103435516 0. 3.15608296873e-25 0.
1470062261 1 2.12969493866 0. 3.12646765478e-25 0.
1470062316 1 2.15244197845 0. 3.16086438859e-25 0.
1470062376 1 2.15374875069 0. 3.16397437756e-25 0.
1470062436 1 2.09224843979 0. 3.07538418154e-25 0.
1470062496 1 2.15209341049 0. 3.16504609154e-25 0.
1470062556 1 2.08480739594 0. 3.06748114553e-25 0.
1470062616 1 2.14894938469 0. 3.163313506e-25 0.
1470062676 1 2.13056588173 0. 3.13750734968e-25 0.
1470062737 1 2.12112498283 0. 3.12526355887e-25 0.
1470062797 1 2.08372235298 0. 3.07122599494e-25 0.
1470062857 1 2.05962872505 0. 3.03749656107e-25 0.
1470062917 1 1.87138557434 0. 2.76128808824e-25 0.
1470062977 1 1.83584034443 0. 2.70938564129e-25 0.
1470063037 1 1.84366798401 0. 2.7221805043e-25 0.
1470063097 1 1.82716298103 0. 2.69937138066e-25 0.
1470063157 1 1.89637923241 0. 2.80343302192e-25 0.
1470063218 1 1.84418487549 0. 2.72780887222e-25 0.
1470063254 1 1.870423913 0. 2.76660360361e-25 0.
1470063290 1 1.8581315279 0. 2.74938062747e-25 0.
1470063350 1 1.84954369068 0. 2.73828500104e-25 0.
1470063410 1 1.85203969479 0. 2.74290654031e-25 0.
1470063470 1 1.84539401531 0. 2.73380336039e-25 0.
1470063531 1 1.80619359016 0. 2.6772099835e-25 0.
1470063591 1 1.8549977541 0. 2.75065367301e-25 0.
1470063651 1 1.80995166302 0. 2.68495654931e-25 0.
1470063711 1 1.77012908459 0. 2.62724904642e-25 0.
1470063771 1 1.8171132803 0. 2.69831142692e-25 0.
1470063831 1 1.76684772968 0. 2.6249612642e-25 0.
1470063891 1 1.739351511 0. 2.58512965334e-25 0.
1470063951 1 1.7837253809 0. 2.65217450501e-25 0.
1470064012 1 1.75036549568 0. 2.60406356865e-25 0.
1470064072 1 1.74061954021 0. 2.590453763e-25 0.
1470064132 1 1.73337709904 0. 2.58042621872e-25 0.
1470064192 1 1.72289836407 0. 2.56638650276e-25 0.
1470064252 1 1.73413896561 0. 2.58406308764e-25 0.
1470064312 1 1.73564422131 0. 2.58727397067e-25 0.
1470064372 1 1.72636699677 0. 2.57497524893e-25 0.
1470064432 1 1.6982884407 0. 2.53395434465e-25 0.
1470064493 1 1.74373614788 0. 2.60261384694e-25 0.
1470064553 1 1.69676554203 0. 2.53404833826e-25 0.
1470064613 1 1.69233572483 0. 2.52853242474e-25 0.
1470064673 1 1.69761824608 0. 2.53748950419e-25 0.
1470064733 1 1.67919194698 0. 2.51066186647e-25 0.
1470064793 1 1.65180182457 0. 2.47076050164e-25 0.
1470064853 1 1.63609719276 0. 2.44814647356e-25 0.
1470064913 1 1.64244639874 0. 2.45896768827e-25 0.
1470064974 1 1.63426792622 0. 2.44775585641e-25 0.
1470065034 1 1.62116241455 0. 2.42912570175e-25 0.
1470065094 1 1.61254715919 0. 2.41710960967e-25 0.
1470065154 1 1.59767758846 0. 2.39587409675e-25 0.
1470065214 1 1.58314311504 0. 2.37502086487e-25 0.
1470065274 1 1.58032917976 0. 2.37175023469e-25 0.
1470065334 1 1.57150137424 0. 2.35919916842e-25 0.
1470065394 1 1.55864930153 0. 2.34122223981e-25 0.
1470065455 1 1.52508985996 0. 2.29186687928e-25 0.
1470065515 1 1.6022939682 0. 2.40920280466e-25 0.
1470065575 1 1.54739379883 0. 2.32774028626e-25 0.
1470065635 1 1.73163151741 0. 2.60567628327e-25 0.
1470065695 1 2.5866150856 0. 3.89332271114e-25 0.
1470065755 1 3.06452918053 0. 4.61377401485e-25 0.
1470065815 1 3.02903079987 0. 4.56233023013e-25 0.
1470065875 1 3.02872300148 0. 4.56362735427e-25 0.
1470065936 1 3.02125239372 0. 4.55534968695e-25 0.
1470065996 1 3.0870847702 0. 4.65637099157e-25 0.
1470066056 1 3.07291173935 0. 4.63711378194e-25 0.
1470066116 1 3.06681537628 0. 4.62995929865e-25 0.
1470066176 1 3.05222344398 0. 4.60999544877e-25 0.
1470066236 1 3.02632594109 0. 4.57250923002e-25 0.
1470066296 1 3.01039242744 0. 4.55074417486e-25 0.
1470066356 1 3.010846138 0. 4.55329412259e-25 0.
1470066416 1 3.04643535614 0. 4.60809037693e-25 0.
1470066477 1 3.05668735504 0. 4.62576151154e-25 0.
1470066537 1 3.04525446892 0. 4.61021238824e-25 0.
1470066597 1 3.00561833382 0. 4.55158084305e-25 0.
1470066657 1 2.99215054512 0. 4.53303878025e-25 0.
1470066717 1 2.97595930099 0. 4.51105641126e-25 0.
1470066777 1 2.94297742844 0. 4.4631722864e-25 0.
1470066837 1 2.95066595078 0. 4.47769919882e-25 0.
1470066897 1 2.95097327232 0. 4.47977209322e-25 0.
1470066958 1 2.9964363575 0. 4.55037235865e-25 0.
1470067018 1 3.01226234436 0. 4.5762958333e-25 0.
1470067078 1 3.09560155869 0. 4.70498377948e-25 0.
1470067138 1 3.0520055294 0. 4.64068828922e-25 0.
1470067198 1 3.05478596687 0. 4.64658583824e-25 0.
1470067258 1 3.04395031929 0. 4.63105626367e-25 0.
1470067318 1 3.06616520882 0. 4.66706344137e-25 0.
1470067379 1 3.03040647507 0. 4.61450888466e-25 0.
1470067439 1 3.03200244904 0. 4.61891066695e-25 0.
1470067499 1 3.00420069695 0. 4.57844117288e-25 0.
1470067559 1 3.0098798275 0. 4.58858173832e-25 0.
1470067619 1 2.99782657623 0. 4.57261756389e-25 0.
1470067679 1 2.98629236221 0. 4.55714303376e-25 0.
1470067740 1 2.97635507584 0. 4.54411921025e-25 0.
1470067800 1 2.98920583725 0. 4.566058579e-25 0.
1470067860 1 2.99476575851 0. 4.57658284346e-25 0.
1470067920 1 2.98327517509 0. 4.56047973883e-25 0.
1470067980 1 2.9602856636 0. 4.52782321835e-25 0.
1470068040 1 2.95181012154 0. 4.51671687892e-25 0.
1470068100 1 2.94115829468 0. 4.51071610654e-25 0.
1470068160 1 2.93494915962 0. 4.49539901724e-25 0.
1470068221 1 2.90992689133 0. 4.45895080569e-25 0.
1470068281 1 2.90002417564 0. 4.44489665834e-25 0.
1470068341 1 2.88444519043 0. 4.4224346873e-25 0.
1470068401 1 2.87800002098 0. 4.41459229566e-25 0.
1470068461 1 2.8992767334 0. 4.44933839099e-25 0.
1470068521 1 2.86219477654 0. 4.39488633301e-25 0.
1470068581 1 2.87592840195 0. 4.41775310437e-25 0.
1470068642 1 2.81560111046 0. 4.32706405803e-25 0.
1470068702 1 2.81804847717 0. 4.33282327995e-25 0.
1470068762 1 2.8492410183 0. 4.38229536306e-25 0.
1470068822 1 2.91907572746 0. 4.49201179945e-25 0.
1470068882 1 2.93800473213 0. 4.52273394229e-25 0.
1470068942 1 2.94158697128 0. 4.52961198546e-25 0.
1470069002 1 2.94971966743 0. 4.544071645e-25 0.
1470069062 1 3.00710558891 0. 4.63440108999e-25 0.
1470069123 1 2.94966268539 0. 4.54729537115e-25 0.
1470069183 1 2.95231628418 0. 4.55265946081e-25 0.
1470069243 1 2.94808983803 0. 4.54899539482e-25 0.
1470069303 1 2.97996139526 0. 4.59930440166e-25 0.
1470069363 1 2.97947239876 0. 4.60077190883e-25 0.
1470069423 1 2.85640287399 0. 4.41210057497e-25 0.
1470069483 1 2.69151759148 0. 4.15963783796e-25 0.
1470069543 1 2.65805625916 0. 4.10969629893e-25 0.
1470069603 1 2.6253619194 0. 4.06062419507e-25 0.
1470069664 1 2.5936691761 0. 4.0130395679e-25 0.
1470069724 1 2.58758068085 0. 4.00603238649e-25 0.
1470069784 1 2.57656407356 0. 3.99134667125e-25 0.
1470069844 1 2.54117393494 0. 3.93730963104e-25 0.
1470069904 1 2.57811546326 0. 3.99585235033e-25 0.
1470069964 1 2.48160028458 0. 3.84813606757e-25 0.
1470070024 1 2.48936414719 0. 3.86204448604e-25 0.
1470070085 1 2.43660855293 0. 3.78196641067e-25 0.
1470070145 1 2.47866868973 0. 3.8489570983e-25 0.
1470070205 1 2.4283208847 0. 3.77210644825e-25 0.
1470070265 1 2.43585467339 0. 3.78559131419e-25 0.
1470070325 1 2.44615674019 0. 3.80316547593e-25 0.
1470070385 1 2.5139093399 0. 3.90970678458e-25 0.
1470070445 1 2.48309779167 0. 3.86374809589e-25 0.
1470070505 1 2.46302628517 0. 3.83342705004e-25 0.
1470070566 1 2.53389334679 0. 3.9449938154e-25 0.
1470070626 1 2.44624495506 0. 3.81095664848e-25 0.
1470070686 1 2.43637657166 0. 3.79754626636e-25 0.
1470070746 1 2.45306992531 0. 3.82540565253e-25 0.
1470070806 1 2.34272027016 0. 3.65507040197e-25 0.
1470070866 1 2.38437342644 0. 3.72081923271e-25 0.
1470070926 1 2.35148453712 0. 3.67056007805e-25 0.
1470070986 1 2.29008436203 0. 3.57593079358e-25 0.
1470071047 1 2.30494880676 0. 3.60050284943e-25 0.
1470071107 1 2.28329515457 0. 3.56794580843e-25 0.
1470071167 1 2.26903605461 0. 3.54746694193e-25 0.
1470071227 1 2.35290908813 0. 3.6795051167e-25 0.
1470071287 1 2.32400202751 0. 3.63638326261e-25 0.
1470071347 1 2.30519342422 0. 3.60866450422e-25 0.
1470071407 1 2.33481621742 0. 3.65696296152e-25 0.
1470071468 1 2.29328799248 0. 3.59300483564e-25 0.
1470071528 1 2.26504349709 0. 3.55041318426e-25 0.
1470071588 1 2.28484535217 0. 3.58270143693e-25 0.
1470071648 1 2.19589781761 0. 3.44441635457e-25 0.
1470071708 1 2.19961428642 0. 3.4517731848e-25 0.
1470071768 1 2.2574095726 0. 3.54378927603e-25 0.
1470071828 1 2.1726167202 0. 3.41256208653e-25 0.
1470071888 1 2.2334895134 0. 3.5092337885e-25 0.
1470071949 1 2.2000644207 0. 3.45846332561e-25 0.
1470072009 1 2.15405011177 0. 3.38744470266e-25 0.
1470072069 1 2.16319847107 0. 3.4033050706e-25 0.
1470072129 1 2.14627099037 0. 3.37773678612e-25 0.
1470072189 1 2.15885305405 0. 3.39905648207e-25 0.
1470072249 1 2.12108421326 0. 3.34113175501e-25 0.
1470072309 1 2.1673283577 0. 3.41557166368e-25 0.
1470072369 1 2.14065098763 0. 3.37500385084e-25 0.
1470072430 1 2.12220931053 0. 3.34660047478e-25 0.
1470072490 1 2.10742759705 0. 3.32424853014e-25 0.
1470072550 1 2.09601354599 0. 3.30746990804e-25 0.
1470072610 1 2.04325842857 0. 3.22576201804e-25 0.
1470072670 1 2.04508256912 0. 3.23031703988e-25 0.
1470072730 1 2.02986717224 0. 3.20754204762e-25 0.
1470072790 1 2.02192020416 0. 3.19584043996e-25 0.
1470072851 1 2.13438820839 0. 3.37532741626e-25 0.
1470072911 1 2.06482577324 0. 3.26667784588e-25 0.
1470072971 1 2.06338572502 0. 3.26606877162e-25 0.
1470073031 1 2.04463362694 0. 3.23746177142e-25 0.
1470073091 1 2.06849193573 0. 3.27705062809e-25 0.
1470073151 1 2.09870481491 0. 3.32684284958e-25 0.
1470073211 1 2.09877514839 0. 3.32741014185e-25 0.
1470073271 1 2.10318279266 0. 3.3355280091e-25 0.
1470073331 1 2.0589299202 0. 3.26695280154e-25 0.
1470073392 1 2.03985285759 0. 3.23789737818e-25 0.
1470073452 1 2.08252763748 0. 3.30699539445e-25 0.
1470073512 1 2.03544712067 0. 3.23339160648e-25 0.
1470073572 1 2.05100345612 0. 3.25987183321e-25 0.
1470073632 1 2.03841257095 0. 3.24101637746e-25 0.
1470073692 1 2.00726628304 0. 3.1925283648e-25 0.
1470073752 1 1.99085485935 0. 3.1683013476e-25 0.
1470073812 1 1.99477565289 0. 3.17528027322e-25 0.
1470073873 1 1.97637712955 0. 3.14763178514e-25 0.
1470073933 1 1.97088992596 0. 3.13978678999e-25 0.
1470073993 1 1.95061409473 0. 3.10873442047e-25 0.
1470074053 1 1.95387327671 0. 3.11561865961e-25 0.
1470074113 1 1.93712854385 0. 3.09001147693e-25 0.
1470074173 1 1.93459916115 0. 3.08681200834e-25 0.
1470074233 1 1.87179458141 0. 2.98794922258e-25 0.
1470074294 1 1.85068321228 0. 2.95518245961e-25 0.
1470074354 1 1.88870501518 0. 3.0167637095e-25 0.
1470074414 1 1.91295027733 0. 3.05658787693e-25 0.
1470074474 1 1.8903015852 0. 3.02149641934e-25 0.
1470074534 1 1.88000106812 0. 3.00630768357e-25 0.
1470074594 1 1.87559866905 0. 3.00053853392e-25 0.
1470074654 1 1.83361876011 0. 2.93447393157e-25 0.
1470074715 1 1.89568555355 0. 3.03497902755e-25 0.
1470074775 1 1.89248716831 0. 3.03127331525e-25 0.
1470074835 1 1.87696361542 0. 3.00776428197e-25 0.
1470074895 1 1.86939430237 0. 2.99704293324e-25 0.
1470074955 1 1.85844039917 0. 2.9805013572e-25 0.
1470075015 1 1.86617481709 0. 2.99400533466e-25 0.
1470075075 1 1.87532711029 0. 3.00989970312e-25 0.
1470075135 1 1.87840819359 0. 3.01656485036e-25 0.
1470075195 1 1.8622328043 0. 2.99149180285e-25 0.
1470075256 1 1.87225604057 0. 3.00822272282e-25 0.
1470075316 1 1.90197920799 0. 3.05748881258e-25 0.
1470075376 1 1.93472731113 0. 3.11166961443e-25 0.
1470075436 1 1.98018980026 0. 3.1861827888e-25 0.
1470075496 1 1.97451794147 0. 3.17829375798e-25 0.
1470075556 1 1.98672091961 0. 3.19957723246e-25 0.
1470075616 1 1.99150276184 0. 3.20879900094e-25 0.
1470075677 1 1.9944486618 0. 3.21483810474e-25 0.
1470075737 1 2.00073361397 0. 3.22608199201e-25 0.
1470075797 1 2.00447893143 0. 3.23331664039e-25 0.
1470075857 1 1.96734714508 0. 3.17462437989e-25 0.
1470075917 1 2.03147101402 0. 3.27930177288e-25 0.
1470075952 1 0.200184062123 0. 5.05792261297e-25 0.
1470075988 1 0.0250102616847 0. 0.0 0.
1470076048 1 0.0250372774899 0. 0.0 0.
