1470353004 1 9735.14355469 0. 4.1459422961e-22 0.
1470353064 1 9705.75292969 0. 4.13878558412e-22 0.
1470353125 1 9682.27832031 0. 4.13414065713e-22 0.
1470353169 1 9672.63476562 0. 4.13373237575e-22 0.
1470353213 1 9664.18652344 0. 4.13412869015e-22 0.
1470353273 1 9638.93554688 0. 4.12888576368e-22 0.
1470353333 1 9633.43164062 0. 4.13207744427e-22 0.
1470353394 1 9612.99902344 0. 4.12824384942e-22 0.
1470353454 1 9591.44238281 0. 4.12441162697e-22 0.
1470353514 1 9573.81738281 0. 4.12199476044e-22 0.
1470353574 1 9551.37402344 0. 4.11719339652e-22 0.
1470353612 1 9527.77539062 0. 4.11027714325e-22 0.
1470353651 1 9525.55957031 0. 4.11189275772e-22 0.
1470353711 1 9502.50097656 0. 4.10659497659e-22 0.
1470353771 1 9484.25878906 0. 4.10346927734e-22 0.
1470353832 1 9460.80957031 0. 4.09760055486e-22 0.
1470353892 1 9441.91503906 0. 4.09369866616e-22 0.
1470353952 1 9429.81347656 0. 4.09309978037e-22 0.
1470354012 1 9403.57519531 0. 4.08585882619e-22 0.
1470354072 1 9386.06738281 0. 4.08243625254e-22 0.
1470354132 1 9371.09375 0. 4.08048096237e-22 0.
1470354192 1 9346.76269531 0. 4.07421698298e-22 0.
1470354252 1 9343.359375 0. 4.07700551651e-22 0.
1470354313 1 9321.95507812 0. 4.07191809469e-22 0.
1470354373 1 9304.47851562 0. 4.06886527514e-22 0.
1470354433 1 9280.4453125 0. 4.06238059053e-22 0.
1470354493 1 9269.03613281 0. 4.06143400972e-22 0.
1470354553 1 9278.4453125 0. 4.06776889108e-22 0.
1470354613 1 9278.3125 0. 4.07146865748e-22 0.
1470354673 1 9257.46386719 0. 4.0655372277e-22 0.
1470354733 1 9232.84863281 0. 4.05877791802e-22 0.
1470354793 1 9215.60742188 0. 4.05507534829e-22 0.
1470354854 1 9194.23046875 0. 4.04955797912e-22 0.
1470354914 1 9167.13964844 0. 4.04202420903e-22 0.
1470354974 1 9140.52246094 0. 4.03436026153e-22 0.
1470355034 1 9156.10449219 0. 4.04547864117e-22 0.
1470355094 1 9134.11523438 0. 4.03992759287e-22 0.
1470355154 1 9148.92382812 0. 4.05040466466e-22 0.
1470355214 1 9114.05371094 0. 4.03851700141e-22 0.
1470355275 1 9109.98828125 0. 4.0405144581e-22 0.
1470355335 1 9092.2578125 0. 4.03680471771e-22 0.
1470355395 1 9080.359375 0. 4.03598895562e-22 0.
1470355455 1 9055.13867188 0. 4.0293355155e-22 0.
1470355515 1 9053.13867188 0. 4.03241046477e-22 0.
1470355575 1 9040.51757812 0. 4.03064789703e-22 0.
1470355635 1 9037.91894531 0. 4.03320235081e-22 0.
1470355696 1 9025.08789062 0. 4.03111934592e-22 0.
1470355756 1 9006.31347656 0. 4.02647418284e-22 0.
1470355816 1 8991.43066406 0. 4.02404457096e-22 0.
1470355876 1 8999.02050781 0. 4.03120590587e-22 0.
1470355936 1 8972.9609375 0. 4.02318705825e-22 0.
1470355989 1 8940.37792969 0. 4.01212894966e-22 0.
1470356042 1 8942.44433594 0. 4.01671983729e-22 0.
1470356102 1 8942.203125 0. 4.02010439884e-22 0.
1470356162 1 8915.61328125 0. 4.01192670113e-22 0.
1470356222 1 8903.20605469 0. 4.01015243832e-22 0.
1470356283 1 8907.53222656 0. 4.01559087303e-22 0.
1470356343 1 8895.70996094 0. 4.01396179952e-22 0.
1470356403 1 8878.78417969 0. 4.00990980123e-22 0.
1470356463 1 8855.46289062 0. 4.00323048022e-22 0.
1470356523 1 8860.31152344 0. 4.00940938824e-22 0.
1470356563 1 8878.13378906 0. 4.01990149361e-22 0.
1470356595 1 8833.08398438 0. 4.00160078336e-22 0.
1470356647 1 8837.39453125 0. 4.00677396421e-22 0.
1470356707 1 8832.16601562 0. 4.0075854849e-22 0.
1470356767 1 8799.99316406 0. 3.99674644598e-22 0.
1470356828 1 8814.98242188 0. 4.00699850359e-22 0.
1470356888 1 8777.54003906 0. 3.99342911758e-22 0.
1470356948 1 8787.22167969 0. 4.00194911114e-22 0.
1470357008 1 8762.75488281 0. 3.99437816596e-22 0.
1470357068 1 8752.49707031 0. 3.99326855943e-22 0.
1470357128 1 8741.9921875 0. 3.99180506875e-22 0.
1470357188 1 8715.73730469 0. 3.98340193809e-22 0.
1470357225 1 8717.48339844 0. 3.98696220368e-22 0.
1470357241 1 8715.01269531 0. 3.98671300424e-22 0.
1470357279 1 8710.99414062 0. 3.98678082894e-22 0.
1470357339 1 8677.98925781 0. 3.97570256684e-22 0.
1470357399 1 8694.01660156 0. 3.98623909116e-22 0.
1470357459 1 8663.65429688 0. 3.97572585845e-22 0.
1470357519 1 8658.11621094 0. 3.97682942599e-22 0.
1470357580 1 8640.18847656 0. 3.97232048121e-22 0.
1470357640 1 8629.98730469 0. 3.97121118447e-22 0.
1470357700 1 8627.59667969 0. 3.97376786374e-22 0.
1470357760 1 8605.40332031 0. 3.9666814439e-22 0.
1470357820 1 8590.671875 0. 3.96328505885e-22 0.
1470357880 1 8566.67675781 0. 3.95586551329e-22 0.
1470357940 1 8578.38671875 0. 3.96483156807e-22 0.
1470358000 1 8560.53613281 0. 3.95996536631e-22 0.
1470358061 1 8572.09082031 0. 3.96857169759e-22 0.
1470358121 1 8568.33691406 0. 3.96982499042e-22 0.
1470358181 1 8539.04003906 0. 3.95947937723e-22 0.
1470358241 1 8555.4609375 0. 3.97066299305e-22 0.
1470358301 1 8509.75585938 0. 3.95347376588e-22 0.
1470358361 1 8464.7265625 0. 3.93590815313e-22 0.
1470358408 1 8429.60351562 0. 3.92248263519e-22 0.
1470358456 1 8380.0546875 0. 3.90215549522e-22 0.
1470358516 1 8387.54296875 0. 3.90896693234e-22 0.
1470358576 1 8349.79980469 0. 3.89519140438e-22 0.
1470358636 1 8305.0234375 0. 3.87805321976e-22 0.
1470358696 1 8319.27929688 0. 3.88822899588e-22 0.
1470358757 1 8273.3828125 0. 3.86978062056e-22 0.
1470358817 1 8226.03027344 0. 3.8508098104e-22 0.
1470358877 1 8231.78613281 0. 3.85696721993e-22 0.
1470358937 1 8205.86035156 0. 3.84760731259e-22 0.
1470358997 1 8206.43261719 0. 3.85135285156e-22 0.
1470359057 1 8200.25 0. 3.85197100815e-22 0.
1470359117 1 8191.78320312 0. 3.85136917586e-22 0.
1470359177 1 8186.08251953 0. 3.85154939382e-22 0.
1470359238 1 8205.63378906 0. 3.86416188742e-22 0.
1470359298 1 8170.41699219 0. 3.85095355577e-22 0.
1470359358 1 8150.82470703 0. 3.84476265608e-22 0.
1470359418 1 8145.15820312 0. 3.84539425139e-22 0.
1470359478 1 8126.93164062 0. 3.84008162895e-22 0.
1470359538 1 8130.52636719 0. 3.84501485031e-22 0.
1470359598 1 8118.48388672 0. 3.84243569176e-22 0.
1470359658 1 8089.52685547 0. 3.83213766122e-22 0.
1470359719 1 8097.20068359 0. 3.83941180162e-22 0.
1470359779 1 8084.96679688 0. 3.83655610025e-22 0.
1470359839 1 8074.80859375 0. 3.83506608574e-22 0.
1470359899 1 8052.86621094 0. 3.82781912706e-22 0.
1470359959 1 8045.79492188 0. 3.8278784903e-22 0.
1470360019 1 8036.55175781 0. 3.82669426824e-22 0.
1470360079 1 8023.22900391 0. 3.82288419834e-22 0.
1470360139 1 8006.92382812 0. 3.8185819581e-22 0.
1470360200 1 7923.24365234 0. 3.78205863746e-22 0.
1470360260 1 8036.73144531 0. 3.83923351272e-22 0.
1470360320 1 8009.59863281 0. 3.82870837904e-22 0.
1470360380 1 8508.58398438 0. 4.0707100261e-22 0.
1470360440 1 8496.92773438 0. 4.06864156036e-22 0.
1470360500 1 8490.34570312 0. 4.06891742492e-22 0.
1470360560 1 8478.58789062 0. 4.06665870009e-22 0.
1470360621 1 8468.7734375 0. 4.06571449603e-22 0.
1470360681 1 8463.06933594 0. 4.06606511355e-22 0.
1470360741 1 8457.82226562 0. 4.06644901938e-22 0.
1470360801 1 8450.78808594 0. 4.066116511e-22 0.
1470360861 1 8441.52246094 0. 4.06563544097e-22 0.
1470360921 1 8431.17480469 0. 4.06429990971e-22 0.
1470360981 1 8422.3515625 0. 4.06303718383e-22 0.
1470361041 1 8413.31835938 0. 4.06215312923e-22 0.
1470361102 1 8402.04199219 0. 4.06006750396e-22 0.
1470361162 1 8393.03125 0. 4.05906605664e-22 0.
1470361222 1 8384.56152344 0. 4.05830067784e-22 0.
1470361282 1 8376.83300781 0. 4.05813610273e-22 0.
1470361342 1 8370.04980469 0. 4.05817284382e-22 0.
1470361402 1 8359.79394531 0. 4.0567608544e-22 0.
1470361455 1 8353.87207031 0. 4.05675436833e-22 0.
1470361485 1 8351.07714844 0. 4.05773360335e-22 0.
1470361523 1 8345.67871094 0. 4.0570385314e-22 0.
1470361581 1 8334.70996094 0. 4.05507510879e-22 0.
1470361615 1 8327.72558594 0. 4.05337553543e-22 0.
1470361652 1 8321.40722656 0. 4.05208796546e-22 0.
1470361712 1 8316.05078125 0. 4.05312820465e-22 0.
1470361773 1 8304.04882812 0. 4.05085020993e-22 0.
1470361833 1 8299.74511719 0. 4.05203428715e-22 0.
1470361893 1 8287.58007812 0. 4.04951563488e-22 0.
1470361953 1 8282.38574219 0. 4.05040351063e-22 0.
1470362013 1 8272.34765625 0. 4.04862700908e-22 0.
1470362073 1 8265.42285156 0. 4.04875729514e-22 0.
1470362133 1 8254.10351562 0. 4.04662677383e-22 0.
1470362193 1 8248.57324219 0. 4.0473636784e-22 0.
1470362254 1 8237.86035156 0. 4.04569049985e-22 0.
1470362314 1 8228.59472656 0. 4.04457653756e-22 0.
1470362374 1 8220.87304688 0. 4.04430732029e-22 0.
1470362434 1 8213.53222656 0. 4.04396689907e-22 0.
1470362494 1 8206.671875 0. 4.04404948012e-22 0.
1470362554 1 8196.75292969 0. 4.04229800952e-22 0.
1470362614 1 8189.73632812 0. 4.04179539154e-22 0.
1470362674 1 8180.06933594 0. 4.04077059013e-22 0.
1470362734 1 8170.70849609 0. 4.03972778757e-22 0.
1470362795 1 8160.74755859 0. 4.03785664364e-22 0.
1470362855 1 8154.85400391 0. 4.03784947017e-22 0.
1470362915 1 8147.63964844 0. 4.03827694856e-22 0.
1470362975 1 8135.98583984 0. 4.03607321023e-22 0.
1470363035 1 8129.09179688 0. 4.03612695443e-22 0.
1470363095 1 8123.01513672 0. 4.03601851554e-22 0.
1470363155 1 8113.43603516 0. 4.0344793752e-22 0.
1470363215 1 8104.98828125 0. 4.03321725817e-22 0.
1470363276 1 8095.16943359 0. 4.03183506029e-22 0.
1470363336 1 8085.83496094 0. 4.03044441358e-22 0.
1470363396 1 8077.71142578 0. 4.02981820242e-22 0.
1470363456 1 8070.22314453 0. 4.02952677424e-22 0.
1470363499 1 8064.10302734 0. 4.02844668391e-22 0.
1470363521 1 8062.63769531 0. 4.02920808195e-22 0.
1470363559 1 8058.29248047 0. 4.02911195917e-22 0.
1470363619 1 8048.81494141 0. 4.02738255767e-22 0.
1470363679 1 8041.42773438 0. 4.02693550819e-22 0.
1470363739 1 8029.13525391 0. 4.02426842861e-22 0.
1470363799 1 8017.33642578 0. 4.02142937351e-22 0.
1470363859 1 8013.99267578 0. 4.02254595466e-22 0.
1470363919 1 8004.15429688 0. 4.02098326862e-22 0.
1470363979 1 8000.13232422 0. 4.02219266544e-22 0.
1470364040 1 7988.86962891 0. 4.02002685071e-22 0.
1470364100 1 7982.54785156 0. 4.01995826667e-22 0.
1470364160 1 7975.6484375 0. 4.01972840623e-22 0.
1470364220 1 7971.29052734 0. 4.02126513688e-22 0.
1470364280 1 7962.04003906 0. 4.01964110622e-22 0.
1470364340 1 7953.58398438 0. 4.01854270198e-22 0.
1470364400 1 7942.63183594 0. 4.01628876917e-22 0.
1470364460 1 7938.88769531 0. 4.01798613197e-22 0.
1470364521 1 7929.54003906 0. 4.01655436355e-22 0.
1470364581 1 7919.8125 0. 4.01485908605e-22 0.
1470364633 1 7910.53271484 0. 4.01280635713e-22 0.
1470364685 1 7909.66992188 0. 4.01559996673e-22 0.
1470364746 1 7901.45410156 0. 4.01468158706e-22 0.
1470364806 1 7895.01855469 0. 4.01473969426e-22 0.
1470364866 1 7887.92333984 0. 4.01394117578e-22 0.
1470364926 1 7878.5078125 0. 4.01217788074e-22 0.
1470364986 1 7870.34082031 0. 4.01155912295e-22 0.
1470365046 1 7862.98291016 0. 4.01106236911e-22 0.
1470365106 1 7850.43212891 0. 4.00810178818e-22 0.
1470365167 1 7848.11572266 0. 4.01054759262e-22 0.
1470365227 1 7838.46630859 0. 4.00831671156e-22 0.
1470365287 1 7831.68701172 0. 4.0085662956e-22 0.
1470365347 1 7825.69726562 0. 4.00836119027e-22 0.
1470365407 1 7815.203125 0. 4.00617658535e-22 0.
1470365467 1 7805.55371094 0. 4.00431447859e-22 0.
1470365528 1 7803.06689453 0. 4.00605196459e-22 0.
1470365588 1 7795.49609375 0. 4.00557347067e-22 0.
1470365648 1 7783.35498047 0. 4.00266616267e-22 0.
1470365708 1 7776.78320312 0. 4.00247566074e-22 0.
1470365768 1 7769.71582031 0. 4.00163928178e-22 0.
1470365828 1 7763.78857422 0. 4.00204435667e-22 0.
1470365888 1 7755.71679688 0. 4.0013274114e-22 0.
1470365948 1 7751.80029297 0. 4.00255643936e-22 0.
1470366009 1 7744.86914062 0. 4.00168934398e-22 0.
1470366069 1 7733.86230469 0. 3.99943908928e-22 0.
1470366129 1 7729.37451172 0. 3.99968222339e-22 0.
1470366189 1 7724.14306641 0. 3.99998992826e-22 0.
1470366249 1 7713.00683594 0. 3.99753166103e-22 0.
1470366309 1 7702.49804688 0. 4.00200089929e-22 0.
1470366369 1 7696.76025391 0. 3.99513274002e-22 0.
1470366429 1 7688.70849609 0. 3.99414834155e-22 0.
1470366490 1 7686.828125 0. 3.99630114153e-22 0.
1470366550 1 7675.66796875 0. 3.99341683332e-22 0.
1470366610 1 7669.93310547 0. 3.99321380598e-22 0.
1470366670 1 7662.87988281 0. 3.99298619309e-22 0.
1470366730 1 7656.29785156 0. 3.99274874599e-22 0.
1470366790 1 7650.43066406 0. 3.9926864822e-22 0.
1470366850 1 7641.42626953 0. 3.99096163109e-22 0.
1470366910 1 7631.64746094 0. 3.98921311111e-22 0.
1470366971 1 7620.20947266 0. 3.98666521108e-22 0.
1470367031 1 7614.55859375 0. 3.98638466916e-22 0.
1470367091 1 7609.25048828 0. 3.98666125794e-22 0.
1470367126 1 7606.14501953 0. 3.98692906594e-22 0.
1470367161 1 7603.03613281 0. 3.98677443697e-22 0.
1470367221 1 7601.54296875 0. 3.9895538482e-22 0.
1470367282 1 7591.47900391 0. 3.98747293041e-22 0.
1470367342 1 7581.79199219 0. 3.98594786641e-22 0.
1470367402 1 7574.13037109 0. 3.9850608453e-22 0.
1470367462 1 7571.43310547 0. 3.98654468931e-22 0.
1470367522 1 7559.71289062 0. 3.98301546013e-22 0.
1470367582 1 7557.57910156 0. 3.98549894036e-22 0.
1470367642 1 7547.29931641 0. 3.98318833679e-22 0.
1470367702 1 7537.08251953 0. 3.98099644467e-22 0.
1470367763 1 7530.40820312 0. 3.98031627551e-22 0.
1470367823 1 7520.75244141 0. 3.97782237236e-22 0.
1470367883 1 7515.75732422 0. 3.97841700105e-22 0.
1470367943 1 7509.63232422 0. 3.97847276399e-22 0.
1470367978 1 7506.05615234 0. 3.97838068204e-22 0.
1470368013 1 7502.48242188 0. 3.97831394972e-22 0.
1470368073 1 7499.51269531 0. 3.97955030753e-22 0.
1470368133 1 7489.95800781 0. 3.97767745481e-22 0.
1470368194 1 7482.00585938 0. 3.9771871249e-22 0.
1470368254 1 7478.20898438 0. 3.97818532045e-22 0.
1470368314 1 7465.83203125 0. 3.97481126795e-22 0.
1470368374 1 7456.60693359 0. 3.97287994335e-22 0.
1470368434 1 7458.17578125 0. 3.97658531137e-22 0.
1470368494 1 7448.38671875 0. 3.97451668756e-22 0.
1470368554 1 7447.85791016 0. 3.97705697573e-22 0.
1470368614 1 7439.421875 0. 3.9758243596e-22 0.
1470368675 1 7428.06396484 0. 3.97294548904e-22 0.
1470368735 1 7427.82373047 0. 3.97622821618e-22 0.
1470368795 1 7417.56494141 0. 3.97414191452e-22 0.
1470368855 1 7412.47705078 0. 3.97464203282e-22 0.
1470368915 1 7410.86035156 0. 3.97677973248e-22 0.
1470368974 1 7398.81103516 0. 3.9736112188e-22 0.
1470369034 1 7400.39794922 0. 3.97747310259e-22 0.
1470369094 1 7393.921875 0. 3.97734803876e-22 0.
1470369154 1 7382.98193359 0. 3.9744611601e-22 0.
1470369215 1 7381.34570312 0. 3.97637291215e-22 0.
1470369275 1 7370.41210938 0. 3.97331345345e-22 0.
1470369335 1 7366.4296875 0. 3.97456361071e-22 0.
1470369395 1 7357.65771484 0. 3.97303977473e-22 0.
1470369455 1 7348.25537109 0. 3.97101632335e-22 0.
1470369515 1 7341.57177734 0. 3.97079337941e-22 0.
1470369550 1 7337.67285156 0. 3.97013726825e-22 0.
1470369561 1 7336.50048828 0. 3.97017183911e-22 0.
1470369576 1 7337.60400391 0. 3.97222526701e-22 0.
1470369616 1 7333.16162109 0. 3.97167216585e-22 0.
1470369676 1 7332.53710938 0. 3.97463418182e-22 0.
1470369736 1 7319.42236328 0. 3.97092309177e-22 0.
1470369796 1 7314.32177734 0. 3.97103188166e-22 0.
1470369856 1 7310.87890625 0. 3.97164549138e-22 0.
1470369916 1 7300.39990234 0. 3.96908328372e-22 0.
1470369976 1 7295.20556641 0. 3.96951978986e-22 0.
1470370037 1 7280.40722656 0. 3.96437733019e-22 0.
1470370097 1 7256.06787109 0. 3.95416937102e-22 0.
1470370157 1 7249.16455078 0. 3.95343522734e-22 0.
1470370204 1 7246.28564453 0. 3.95415325767e-22 0.
1470370230 1 7245.26904297 0. 3.95505533118e-22 0.
1470370268 1 7243.81396484 0. 3.95605552556e-22 0.
1470370328 1 7239.06689453 0. 3.95635471296e-22 0.
1470370388 1 7225.77001953 0. 3.95222963659e-22 0.
1470370448 1 7216.91064453 0. 3.95032716731e-22 0.
1470370508 1 7206.22949219 0. 3.94775079652e-22 0.
1470370568 1 7198.98291016 0. 3.94714717268e-22 0.
1470370629 1 7193.28808594 0. 3.94663532769e-22 0.
1470370689 1 7189.41064453 0. 3.94724449583e-22 0.
1470370749 1 7183.50439453 0. 3.94709148581e-22 0.
1470370799 1 7176.75488281 0. 3.94586355877e-22 0.
1470370848 1 7172.76464844 0. 3.94630701088e-22 0.
1470370908 1 7168.08154297 0. 3.94663982322e-22 0.
1470370969 1 7159.96533203 0. 3.94511327323e-22 0.
1470371029 1 7154.44482422 0. 3.94468022204e-22 0.
1470371089 1 7146.91992188 0. 3.94364337414e-22 0.
1470371142 1 7140.78613281 0. 3.94307094078e-22 0.
1470371195 1 7135.89941406 0. 3.94244329212e-22 0.
1470371255 1 7126.76367188 0. 3.94059833536e-22 0.
1470371316 1 7125.19775391 0. 3.94303261686e-22 0.
1470371376 1 7110.03515625 0. 3.93822387587e-22 0.
1470371436 1 7094.66748047 0. 3.93250388557e-22 0.
1470371496 1 7103.50976562 0. 3.940102872e-22 0.
1470371556 1 7097.46728516 0. 3.94007958552e-22 0.
1470371616 1 7090.70556641 0. 3.93918200048e-22 0.
1470371676 1 7089.54638672 0. 3.94161241341e-22 0.
1470371736 1 7082.91503906 0. 3.94054508004e-22 0.
1470371797 1 7079.73388672 0. 3.94182482083e-22 0.
1470371857 1 7075.83007812 0. 3.9428478905e-22 0.
1470371917 1 7072.69042969 0. 3.94412251973e-22 0.
1470371977 1 7063.77783203 0. 3.94206467124e-22 0.
1470372037 1 7060.03955078 0. 3.94302937731e-22 0.
1470372097 1 7056.55566406 0. 3.94410535922e-22 0.
1470372157 1 7043.35742188 0. 3.93992067723e-22 0.
1470372217 1 7047.23339844 0. 3.94541375053e-22 0.
1470372278 1 7041.43994141 0. 3.9452233951e-22 0.
1470372338 1 7033.07275391 0. 3.94354537887e-22 0.
1470372398 1 7027.72363281 0. 3.94327173171e-22 0.
1470372458 1 7021.96582031 0. 3.94355898002e-22 0.
1470372518 1 7013.55371094 0. 3.94131936378e-22 0.
1470372578 1 7008.69140625 0. 3.94123223404e-22 0.
1470372627 1 7005.69628906 0. 3.94203474377e-22 0.
1470372677 1 6999.15332031 0. 3.94060307008e-22 0.
1470372737 1 6993.89111328 0. 3.94055110723e-22 0.
1470372797 1 6990.58447266 0. 3.94221909398e-22 0.
1470372857 1 6981.67431641 0. 3.94006846739e-22 0.
1470372917 1 6979.609375 0. 3.94166247949e-22 0.
1470372977 1 6973.85205078 0. 3.94139302339e-22 0.
1470373037 1 6969.78955078 0. 3.94212567961e-22 0.
1470373098 1 6964.06933594 0. 3.94154851131e-22 0.
1470373158 1 6956.62060547 0. 3.94017337895e-22 0.
1470373218 1 6948.4375 0. 3.93806227439e-22 0.
1470373278 1 6941.53076172 0. 3.93700028345e-22 0.
1470373338 1 6931.47753906 0. 3.93424748987e-22 0.
1470373398 1 6938.60693359 0. 3.94175168351e-22 0.
1470373458 1 6930.41162109 0. 3.94063611898e-22 0.
1470373519 1 6922.50292969 0. 3.93912971258e-22 0.
1470373579 1 6915.72412109 0. 3.93787719474e-22 0.
1470373639 1 6912.77099609 0. 3.93952689402e-22 0.
1470373699 1 6902.58300781 0. 3.93679044162e-22 0.
1470373759 1 6904.6484375 0. 3.94058890613e-22 0.
1470373812 1 6896.13183594 0. 3.93818945132e-22 0.
1470373865 1 6886.55078125 0. 3.93551029971e-22 0.
1470373925 1 6876.62304688 0. 3.93329993499e-22 0.
1470373985 1 6879.22851562 0. 3.9378730714e-22 0.
1470374046 1 6870.10644531 0. 3.93544919635e-22 0.
1470374106 1 6858.49462891 0. 3.93135141307e-22 0.
1470374166 1 6858.42529297 0. 3.93418626974e-22 0.
1470374226 1 6847.02587891 0. 3.93088332005e-22 0.
1470374286 1 6840.04101562 0. 3.92969646435e-22 0.
1470374346 1 6835.18701172 0. 3.93008257256e-22 0.
1470374406 1 6836.79052734 0. 3.93379145734e-22 0.
1470374466 1 6829.40917969 0. 3.93260393438e-22 0.
1470374527 1 6828.16162109 0. 3.93535283965e-22 0.
1470374587 1 6818.94042969 0. 3.93222389208e-22 0.
1470374647 1 6801.91308594 0. 3.92469606897e-22 0.
1470374707 1 6808.10449219 0. 3.93142512246e-22 0.
1470374767 1 6793.03076172 0. 3.92594689497e-22 0.
1470374827 1 6780.29882812 0. 3.92161280391e-22 0.
1470374887 1 6783.86474609 0. 3.92698132761e-22 0.
1470374947 1 6765.92041016 0. 3.91955727842e-22 0.
1470375008 1 6765.36865234 0. 3.92288175496e-22 0.
1470375068 1 6756.26708984 0. 3.9202328825e-22 0.
1470375128 1 6741.64794922 0. 3.91446462083e-22 0.
1470375188 1 6743.84863281 0. 3.91812977669e-22 0.
1470375248 1 6736.75244141 0. 3.91769706675e-22 0.
1470375308 1 6689.67626953 0. 3.89351538651e-22 0.
1470375368 1 6561.83007812 0. 3.82187601556e-22 0.
1470375428 1 6483.59082031 0. 3.77959877264e-22 0.
1470375488 1 6781.74609375 0. 3.95543890473e-22 0.
1470375549 1 6776.44238281 0. 3.95491628422e-22 0.
1470375609 1 6771.08447266 0. 3.95462650007e-22 0.
1470375669 1 6763.68017578 0. 3.95405631628e-22 0.
1470375729 1 6759.17675781 0. 3.95479526983e-22 0.
1470375789 1 6756.79492188 0. 3.95642726159e-22 0.
1470375849 1 6752.28564453 0. 3.95666695196e-22 0.
1470375909 1 6745.40820312 0. 3.95508908061e-22 0.
1470375970 1 6738.46923828 0. 3.95351156312e-22 0.
1470376030 1 6733.98681641 0. 3.95309384703e-22 0.
1470376090 1 6726.36572266 0. 3.95234261383e-22 0.
1470376150 1 6721.42236328 0. 3.95264642163e-22 0.
1470376210 1 6716.19726562 0. 3.95249887032e-22 0.
1470376270 1 6711.10058594 0. 3.95293006233e-22 0.
1470376330 1 6706.65673828 0. 3.95412798835e-22 0.
1470376390 1 6699.83496094 0. 3.95390097279e-22 0.
1470376451 1 6695.02880859 0. 3.95359721473e-22 0.
1470376511 1 6687.76416016 0. 3.95196982079e-22 0.
1470376571 1 6681.6171875 0. 3.9511050775e-22 0.
1470376631 1 6676.703125 0. 3.95101590071e-22 0.
1470376691 1 6670.11669922 0. 3.94962351384e-22 0.
1470376751 1 6667.12402344 0. 3.94980724992e-22 0.
1470376811 1 6662.73388672 0. 3.95092253729e-22 0.
1470376871 1 6656.79394531 0. 3.95039466252e-22 0.
1470376932 1 6649.59716797 0. 3.94886000662e-22 0.
1470376992 1 6645.65234375 0. 3.94985866814e-22 0.
1470377052 1 6639.92236328 0. 3.94953621374e-22 0.
1470377112 1 6635.51367188 0. 3.94981682504e-22 0.
1470377172 1 6628.9609375 0. 3.94912431776e-22 0.
1470377232 1 6623.8671875 0. 3.94864856041e-22 0.
1470377292 1 6620.22216797 0. 3.94969548613e-22 0.
1470377344 1 6616.9140625 0. 3.95010474982e-22 0.
1470377381 1 6614.35986328 0. 3.95054876097e-22 0.
1470377412 1 6611.80322266 0. 3.95024040383e-22 0.
1470377458 1 6606.08349609 0. 3.94900122443e-22 0.
1470377518 1 6601.74511719 0. 0.0 0.
1470377553 1 6599.21923828 0. 3.94956387907e-22 0.
1470377569 1 6598.08642578 0. 3.94991429945e-22 0.
1470377609 1 6592.16259766 0. 3.94818695989e-22 0.
1470377655 1 6587.30224609 0. 3.94726969735e-22 0.
1470377686 1 6583.45996094 0. 3.94680606863e-22 0.
1470377717 1 6581.84667969 0. 3.94687239419e-22 0.
1470377748 1 6580.91796875 0. 3.94814626363e-22 0.
1470377794 1 6576.06738281 0. 3.94763966061e-22 0.
1470377854 1 6569.89257812 0. 3.94686807401e-22 0.
1470377914 1 6564.65771484 0. 3.94675713905e-22 0.
1470377974 1 6558.39208984 0. 3.94571660035e-22 0.
1470378035 1 6554.51123047 0. 3.9464279037e-22 0.
1470378095 1 6551.15527344 0. 3.94694918926e-22 0.
1470378155 1 6545.70458984 0. 3.94660743353e-22 0.
1470378215 1 6539.63623047 0. 3.94566768997e-22 0.
1470378275 1 6536.90917969 0. 3.94674254163e-22 0.
1470378335 1 6530.47460938 0. 3.94538139421e-22 0.
1470378395 1 6522.90625 0. 3.94367472797e-22 0.
1470378455 1 6518.39892578 0. 3.9450130471e-22 0.
1470378516 1 6511.92236328 0. 3.94437728388e-22 0.
1470378576 1 6505.11523438 0. 3.94300876144e-22 0.
1470378636 1 6499.56640625 0. 3.94205114577e-22 0.
1470378696 1 6493.73339844 0. 3.94162104767e-22 0.
1470378756 1 6490.27001953 0. 3.94169328888e-22 0.
1470378816 1 6486.61425781 0. 3.94277202596e-22 0.
1470378876 1 6481.1640625 0. 3.94198122669e-22 0.
1470378936 1 6475.21826172 0. 3.94174467099e-22 0.
1470378996 1 6468.46142578 0. 3.94019664693e-22 0.
1470379057 1 6464.31738281 0. 3.94098572093e-22 0.
1470379117 1 6458.78271484 0. 3.94032956385e-22 0.
1470379177 1 6454.32421875 0. 3.94053910204e-22 0.
1470379237 1 6449.72265625 0. 3.94080835064e-22 0.
1470379297 1 6447.859375 0. 3.94238888629e-22 0.
1470379357 1 6443.47314453 0. 3.94217650103e-22 0.
1470379417 1 6436.95458984 0. 3.94099479406e-22 0.
1470379478 1 6430.39794922 0. 3.93996067031e-22 0.
1470379538 1 6424.03466797 0. 3.93916688531e-22 0.
1470379598 1 6419.37109375 0. 3.93947570089e-22 0.
1470379658 1 6416.15332031 0. 3.94065642973e-22 0.
1470379718 1 6412.16162109 0. 3.94153949353e-22 0.
1470379778 1 6406.69042969 0. 3.94112505837e-22 0.
1470379838 1 6400.45507812 0. 3.93979664857e-22 0.
1470379898 1 6397.49853516 0. 3.9409919391e-22 0.
1470379959 1 6392.54199219 0. 3.94060874579e-22 0.
1470380019 1 6385.75878906 0. 3.93951080669e-22 0.
1470380079 1 6382.88916016 0. 3.94070215646e-22 0.
1470380139 1 6377.47167969 0. 3.94045145953e-22 0.
1470380199 1 6370.82666016 0. 3.938960219e-22 0.
1470380259 1 6364.20361328 0. 3.93783487869e-22 0.
1470380319 1 6360.30957031 0. 3.9382757987e-22 0.
1470380379 1 6358.33154297 0. 3.94011066156e-22 0.
1470380439 1 6354.01074219 0. 3.94040502088e-22 0.
1470380500 1 6347.00683594 0. 3.93880847476e-22 0.
1470380560 1 6342.328125 0. 3.938795162e-22 0.
1470380620 1 6335.44775391 0. 3.93776659479e-22 0.
1470380680 1 6332.24560547 0. 3.93838887404e-22 0.
1470380740 1 6330.04150391 0. 3.93967641787e-22 0.
1470380800 1 6322.73388672 0. 3.93773845355e-22 0.
1470380860 1 6317.79980469 0. 3.93742880713e-22 0.
1470380920 1 6311.43164062 0. 3.93625122787e-22 0.
1470380981 1 6311.93945312 0. 3.93895338003e-22 0.
1470381041 1 6306.53564453 0. 3.93815896518e-22 0.
1470381101 1 6300.15332031 0. 3.93695457742e-22 0.
1470381161 1 6292.4375 0. 3.93485159964e-22 0.
1470381221 1 6285.31542969 0. 3.9338047367e-22 0.
1470381281 1 6286.22705078 0. 3.93758820209e-22 0.
1470381341 1 6278.84814453 0. 3.93616257438e-22 0.
1470381401 1 6274.66748047 0. 3.93615760586e-22 0.
1470381462 1 6266.99707031 0. 3.93357755153e-22 0.
1470381522 1 6262.01220703 0. 3.9330344601e-22 0.
1470381561 1 6261.33642578 0. 3.93464208321e-22 0.
1470381577 1 6260.71728516 0. 3.93498644928e-22 0.
1470381614 1 6257.04638672 0. 3.93361780725e-22 0.
1470381674 1 6251.28710938 0. 3.93347700203e-22 0.
1470381735 1 6248.40722656 0. 3.93433248102e-22 0.
1470381795 1 6238.42431641 0. 3.93071611234e-22 0.
1470381855 1 6237.07324219 0. 3.93298689905e-22 0.
1470381915 1 6232.64892578 0. 3.93288864381e-22 0.
1470381975 1 6228.33398438 0. 3.93281837733e-22 0.
1470382035 1 6226.23730469 0. 3.93339940239e-22 0.
1470382095 1 6219.11279297 0. 3.93184331322e-22 0.
1470382156 1 6215.81542969 0. 3.93283658599e-22 0.
1470382216 1 6212.73193359 0. 3.9341473068e-22 0.
1470382276 1 6210.11816406 0. 3.93496673394e-22 0.
1470382336 1 6203.51708984 0. 3.93410872238e-22 0.
1470382396 1 6199.05273438 0. 3.93396974805e-22 0.
1470382456 1 6195.5 0. 3.93383295745e-22 0.
1470382516 1 6189.89501953 0. 3.93315896804e-22 0.
1470382576 1 6186.66455078 0. 3.93401599268e-22 0.
1470382637 1 6183.45117188 0. 3.93466605964e-22 0.
1470382697 1 6179.37890625 0. 3.9349805465e-22 0.
1470382757 1 6173.63574219 0. 3.93392944287e-22 0.
1470382817 1 6168.22851562 0. 3.93264456145e-22 0.
1470382877 1 6160.0078125 0. 3.92972432922e-22 0.
1470382937 1 6153.56835938 0. 3.92906575496e-22 0.
1470382997 1 6154.26806641 0. 3.9327571156e-22 0.
1470383057 1 6151.66552734 0. 3.93400807758e-22 0.
1470383118 1 6147.84960938 0. 3.93422657679e-22 0.
1470383178 1 6143.20751953 0. 3.93396119273e-22 0.
1470383238 1 6139.20068359 0. 3.93410910198e-22 0.
1470383298 1 6134.453125 0. 3.93366350145e-22 0.
1470383336 1 6130.77441406 0. 3.93273096079e-22 0.
1470383374 1 6124.26220703 0. 3.92989450511e-22 0.
1470383434 1 6122.55419922 0. 3.93153679511e-22 0.
1470383494 1 6119.14746094 0. 3.93155448576e-22 0.
1470383554 1 6113.04492188 0. 3.93072845201e-22 0.
1470383614 1 6110.33642578 0. 3.93200310368e-22 0.
1470383674 1 6105.41650391 0. 3.93150451152e-22 0.
1470383734 1 6100.67285156 0. 3.93111056327e-22 0.
1470383794 1 6095.95605469 0. 3.93080000731e-22 0.
1470383855 1 6092.41601562 0. 3.93055619781e-22 0.
1470383915 1 6087.99658203 0. 3.9303944196e-22 0.
1470383975 1 6084.2265625 0. 3.93102817218e-22 0.
1470384035 1 6076.90625 0. 3.92920765624e-22 0.
1470384095 1 6070.93896484 0. 3.92820229285e-22 0.
1470384155 1 6069.81933594 0. 3.93033748885e-22 0.
1470384215 1 6066.88818359 0. 3.93141564533e-22 0.
1470384275 1 6062.52099609 0. 3.93153675257e-22 0.
1470384335 1 6059.96728516 0. 3.93230243865e-22 0.
1470384396 1 6053.69580078 0. 3.93112194633e-22 0.
1470384456 1 6049.27783203 0. 3.93125311311e-22 0.
1470384516 1 6043.84179688 0. 3.93040051712e-22 0.
1470384576 1 6040.04101562 0. 3.93034013303e-22 0.
1470384636 1 6036.24414062 0. 3.93052674843e-22 0.
1470384696 1 6030.37548828 0. 3.92971157502e-22 0.
1470384756 1 6026.53564453 0. 3.93004416459e-22 0.
1470384817 1 6020.86962891 0. 3.92931681048e-22 0.
1470384877 1 6014.88769531 0. 3.92821780296e-22 0.
1470384937 1 6011.98828125 0. 3.92909467997e-22 0.
1470384997 1 6008.70410156 0. 3.92958063261e-22 0.
1470385057 1 6004.04101562 0. 3.92912837934e-22 0.
1470385117 1 5999.64404297 0. 3.92919160139e-22 0.
1470385177 1 5994.78173828 0. 3.92877136334e-22 0.
1470385238 1 5990.97460938 0. 3.92898875938e-22 0.
1470385298 1 5985.79443359 0. 3.92862511745e-22 0.
1470385358 1 5980.83496094 0. 3.92790250589e-22 0.
1470385418 1 5978.53955078 0. 3.92889114766e-22 0.
1470385478 1 5974.01269531 0. 3.92876384997e-22 0.
1470385538 1 5968.75292969 0. 3.92806260195e-22 0.
1470385598 1 5965.29296875 0. 3.92876638816e-22 0.
1470385658 1 5961.47705078 0. 3.92856881245e-22 0.
1470385719 1 5954.49560547 0. 3.92650771721e-22 0.
1470385779 1 5952.45361328 0. 3.92785078291e-22 0.
1470385839 1 5950.12695312 0. 3.92939716243e-22 0.
1470385899 1 5943.12792969 0. 3.92765244284e-22 0.
1470385959 1 5937.49902344 0. 3.92632790498e-22 0.
1470386019 1 5934.44384766 0. 3.92664494741e-22 0.
1470386079 1 5929.20458984 0. 3.92601307733e-22 0.
1470386139 1 5925.70849609 0. 3.92618152081e-22 0.
1470386200 1 5918.42138672 0. 3.92414140931e-22 0.
1470386260 1 5916.33007812 0. 3.92591899897e-22 0.
1470386320 1 5903.83349609 0. 3.92009706144e-22 0.
1470386380 1 5909.09912109 0. 3.92636002857e-22 0.
1470386440 1 5904.40234375 0. 3.92593102174e-22 0.
1470386500 1 5899.69824219 0. 3.92593389848e-22 0.
1470386560 1 5895.39550781 0. 3.925776502e-22 0.
1470386609 1 5892.31347656 0. 3.92592431902e-22 0.
1470386659 1 5890.14160156 0. 3.92653956454e-22 0.
1470386719 1 5884.75488281 0. 3.92527947534e-22 0.
1470386779 1 5881.25634766 0. 3.92575378306e-22 0.
1470386839 1 5876.61914062 0. 3.92564790722e-22 0.
1470386900 1 5872.61816406 0. 3.9255823853e-22 0.
1470386960 1 5867.03857422 0. 3.92412436229e-22 0.
1470387020 1 5863.76708984 0. 3.92555927047e-22 0.
1470387080 1 5857.61523438 0. 3.92436998747e-22 0.
1470387140 1 5857.27929688 0. 3.92690192783e-22 0.
1470387200 1 5854.33935547 0. 3.92690761928e-22 0.
1470387260 1 5845.91943359 0. 3.92484274512e-22 0.
1470387299 1 5844.86914062 0. 3.92634246611e-22 0.
1470387316 1 5845.64794922 0. 3.92756427886e-22 0.
1470387353 1 5844.42285156 0. 3.92868713011e-22 0.
1470387413 1 5839.48291016 0. 3.92822321708e-22 0.
1470387474 1 5834.31396484 0. 3.9267646408e-22 0.
1470387534 1 5829.16015625 0. 3.92593249797e-22 0.
1470387594 1 5822.55761719 0. 3.92484362764e-22 0.
1470387654 1 5818.640625 0. 3.92515220645e-22 0.
1470387714 1 5814.31298828 0. 3.92547813593e-22 0.
1470387774 1 5813.43066406 0. 3.92705096127e-22 0.
1470387834 1 5805.28320312 0. 3.92375999416e-22 0.
1470387895 1 5801.97851562 0. 3.92422644186e-22 0.
1470387955 1 5798.75439453 0. 3.92535653643e-22 0.
1470388015 1 5797.24609375 0. 3.92747785636e-22 0.
1470388075 1 5792.25830078 0. 3.92677918392e-22 0.
1470388135 1 5788.38671875 0. 3.92678117925e-22 0.
1470388195 1 5785.28808594 0. 3.92629026662e-22 0.
1470388244 1 5783.03417969 0. 3.92735119466e-22 0.
1470388292 1 5778.19091797 0. 3.93259802546e-22 0.
1470388352 1 5774.25537109 0. 3.92668303513e-22 0.
1470388412 1 5769.45117188 0. 3.92640001366e-22 0.
1470388472 1 5765.72509766 0. 3.92711490152e-22 0.
1470388533 1 5761.10888672 0. 3.92695594156e-22 0.
1470388593 1 5757.25585938 0. 3.92700994208e-22 0.
1470388653 1 5749.91943359 0. 3.9244587064e-22 0.
1470388713 1 5630.13330078 0. 3.84524465309e-22 0.
1470388773 1 5527.86132812 0. 3.77785629599e-22 0.
1470388833 1 5727.99658203 0. 3.9173609864e-22 0.
1470388893 1 5739.77490234 0. 3.92785459349e-22 0.
1470388953 1 5732.90625 0. 3.93210491712e-22 0.
1470389014 1 5732.14208984 0. 3.92755456462e-22 0.
1470389054 1 5730.86816406 0. 3.92795115841e-22 0.
1470389072 1 5730.98925781 0. 3.92886615508e-22 0.
1470389110 1 5726.79394531 0. 3.92822566819e-22 0.
1470389170 1 5722.67919922 0. 3.92764437802e-22 0.
1470389230 1 5716.38427734 0. 3.92621891943e-22 0.
1470389290 1 5711.75976562 0. 3.92536282279e-22 0.
1470389351 1 5706.43945312 0. 3.92456291518e-22 0.
1470389411 1 5702.8828125 0. 3.92527058868e-22 0.
1470389471 1 5699.04785156 0. 3.92543285159e-22 0.
1470389510 1 5698.08935547 0. 3.92663459415e-22 0.
1470389550 1 5692.23828125 0. 3.92416435015e-22 0.
1470389610 1 5691.92724609 0. 3.92682877421e-22 0.
1470389670 1 5684.99072266 0. 3.92489786995e-22 0.
1470389730 1 5681.45996094 0. 3.92515472431e-22 0.
1470389790 1 5678.78662109 0. 3.92668969777e-22 0.
1470389850 1 5675.03271484 0. 3.92713909634e-22 0.
1470389910 1 5673.00195312 0. 3.92808604919e-22 0.
1470389971 1 5667.70751953 0. 3.92687119228e-22 0.
1470390031 1 5663.20214844 0. 3.92583576834e-22 0.
1470390091 1 5656.44335938 0. 3.9238528331e-22 0.
1470390151 1 5654.29443359 0. 3.92507411931e-22 0.
1470390211 1 5650.36572266 0. 3.92538993893e-22 0.
1470390271 1 5643.31298828 0. 3.92316260635e-22 0.
1470390331 1 5640.91650391 0. 3.92465424199e-22 0.
1470390392 1 5635.65332031 0. 3.92319713682e-22 0.
1470390452 1 5631.38867188 0. 3.92275627563e-22 0.
1470390512 1 5628.59130859 0. 3.9233752759e-22 0.
1470390572 1 5626.59277344 0. 3.92486408296e-22 0.
1470390632 1 5619.39648438 0. 3.92266702785e-22 0.
1470390692 1 5615.18603516 0. 3.92245490253e-22 0.
1470390752 1 5613.42236328 0. 3.92422096517e-22 0.
1470390812 1 5605.12353516 0. 3.92118295937e-22 0.
1470390873 1 5602.34375 0. 3.92182523352e-22 0.
1470390933 1 5597.93847656 0. 3.92146352741e-22 0.
1470390993 1 5595.33740234 0. 3.92193846974e-22 0.
1470391053 1 5594.67626953 0. 3.92417700965e-22 0.
1470391113 1 5591.12988281 0. 3.92469540624e-22 0.
1470391173 1 5585.18457031 0. 3.92290339621e-22 0.
1470391233 1 5577.95605469 0. 3.92014401662e-22 0.
1470391293 1 5573.61816406 0. 3.91961134654e-22 0.
1470391354 1 5571.87646484 0. 3.92135902874e-22 0.
1470391414 1 5568.10498047 0. 3.9211689587e-22 0.
1470391474 1 5564.4140625 0. 3.92100936174e-22 0.
1470391534 1 5557.54003906 0. 3.91865190457e-22 0.
1470391594 1 5553.14746094 0. 3.91763312016e-22 0.
1470391640 1 5545.86474609 0. 3.91448322597e-22 0.
1470391664 1 5544.57421875 0. 3.9152248374e-22 0.
1470391688 1 5544.57666016 0. 3.91611309834e-22 0.
1470391712 1 5541.51123047 0. 3.91496841168e-22 0.
1470391749 1 5540.90869141 0. 3.91614719687e-22 0.
1470391810 1 5537.46972656 0. 3.91552791062e-22 0.
1470391870 1 5534.1015625 0. 3.91565010138e-22 0.
1470391930 1 5532.46923828 0. 3.91724032222e-22 0.
1470391990 1 5526.734375 0. 3.91580854987e-22 0.
1470392050 1 5521.08105469 0. 3.91475631288e-22 0.
1470392110 1 5517.11816406 0. 3.91493119405e-22 0.
1470392170 1 5513.05273438 0. 3.91496323616e-22 0.
1470392231 1 5511.73095703 0. 3.91658046359e-22 0.
1470392291 1 5507.60009766 0. 3.91661096233e-22 0.
1470392351 1 5503.2890625 0. 3.91608574001e-22 0.
1470392411 1 5499.34326172 0. 3.91450728265e-22 0.
1470392471 1 5495.75048828 0. 3.91534746155e-22 0.
1470392531 1 5492.11865234 0. 3.91609422557e-22 0.
1470392592 1 5489.53417969 0. 3.91710063577e-22 0.
1470392652 1 5484.96923828 0. 3.91666104482e-22 0.
1470392712 1 5479.0703125 0. 3.91452334098e-22 0.
1470392754 1 5477.02880859 0. 3.91453860007e-22 0.
1470392797 1 5474.06152344 0. 3.91418334466e-22 0.
1470392857 1 5469.94677734 0. 3.91396890148e-22 0.
1470392917 1 5469.24853516 0. 3.91558200825e-22 0.
1470392977 1 5465.30126953 0. 3.91570038407e-22 0.
1470393037 1 5458.51220703 0. 3.91388256031e-22 0.
1470393098 1 5452.41601562 0. 3.91217659258e-22 0.
1470393158 1 5452.62011719 0. 3.91511803841e-22 0.
1470393218 1 5451.93554688 0. 3.91729735631e-22 0.
1470393278 1 5445.81689453 0. 3.91599444109e-22 0.
1470393338 1 5445.06738281 0. 3.9173583395e-22 0.
1470393398 1 5442.83056641 0. 3.917408651e-22 0.
1470393458 1 5440.91992188 0. 3.91815574131e-22 0.
1470393519 1 5436.31884766 0. 3.91775236521e-22 0.
1470393579 1 5431.00146484 0. 3.91684008756e-22 0.
1470393619 1 5430.64453125 0. 3.91802955518e-22 0.
1470393660 1 5426.55322266 0. 3.91685901868e-22 0.
1470393720 1 5423.09863281 0. 3.91759978587e-22 0.
1470393780 1 5419.55810547 0. 3.91766796335e-22 0.
1470393840 1 5416.60742188 0. 3.9175843051e-22 0.
1470393887 1 5413.10498047 0. 3.91687051065e-22 0.
1470393935 1 5409.51416016 0. 3.91645205286e-22 0.
1470393995 1 5406.34667969 0. 3.91690772278e-22 0.
1470394055 1 5404.33056641 0. 3.91820410609e-22 0.
1470394115 1 5398.55859375 0. 3.91634421205e-22 0.
1470394175 1 5393.59277344 0. 3.91545431944e-22 0.
1470394236 1 5394.21630859 0. 3.91864187725e-22 0.
1470394296 1 5392.76855469 0. 3.91965992206e-22 0.
1470394356 1 5387.42382812 0. 3.91733158941e-22 0.
1470394416 1 5383.90039062 0. 3.91714526042e-22 0.
1470394476 1 5379.72167969 0. 3.91780126387e-22 0.
1470394536 1 5375.86083984 0. 3.91758240064e-22 0.
1470394596 1 5369.48339844 0. 3.91605208875e-22 0.
1470394657 1 5367.38867188 0. 3.91680647108e-22 0.
1470394717 1 5364.23339844 0. 3.91668851093e-22 0.
1470394777 1 5361.83984375 0. 3.91710138936e-22 0.
1470394837 1 5358.02441406 0. 3.91743841858e-22 0.
1470394897 1 5353.66894531 0. 3.91669452861e-22 0.
1470394957 1 5350.54638672 0. 3.91688206917e-22 0.
1470395014 1 5346.40820312 0. 3.91606499297e-22 0.
1470395059 1 5344.82324219 0. 3.91650138374e-22 0.
1470395108 1 5340.88085938 0. 3.91602409563e-22 0.
1470395168 1 5336.27001953 0. 3.91512590938e-22 0.
1470395228 1 5331.52783203 0. 3.91389578899e-22 0.
1470395288 1 5330.13720703 0. 3.91532406313e-22 0.
1470395348 1 5328.41357422 0. 3.91658984786e-22 0.
1470395408 1 5325.50585938 0. 3.91740670176e-22 0.
1470395469 1 5318.31982422 0. 3.9150455944e-22 0.
1470395529 1 5313.97021484 0. 3.91422325285e-22 0.
1470395589 1 5307.21435547 0. 3.9119865833e-22 0.
1470395649 1 5305.78125 0. 3.91330662223e-22 0.
1470395709 1 5302.38037109 0. 3.91314392515e-22 0.
1470395769 1 5300.15722656 0. 3.91363403715e-22 0.
1470395829 1 5299.48291016 0. 3.91587977171e-22 0.
1470395890 1 5296.52392578 0. 3.91646291223e-22 0.
1470395950 1 5291.47607422 0. 3.91543100187e-22 0.
1470396010 1 5290.16992188 0. 3.91709227695e-22 0.
1470396070 1 5283.75292969 0. 3.91457550077e-22 0.
1470396130 1 5282.3671875 0. 3.91609066856e-22 0.
1470396190 1 5281.09375 0. 3.91724871013e-22 0.
1470396250 1 5274.51220703 0. 3.91531667215e-22 0.
1470396310 1 5272.54150391 0. 3.91664835541e-22 0.
1470396371 1 5270.05908203 0. 3.91781318756e-22 0.
1470396431 1 5266.31933594 0. 3.9174180146e-22 0.
1470396491 1 5262.46777344 0. 3.91739451648e-22 0.
1470396551 1 5259.20654297 0. 3.9173312883e-22 0.
1470396611 1 5256.18798828 0. 3.91720495156e-22 0.
1470396671 1 5252.45898438 0. 3.91717853792e-22 0.
1470396732 1 5247.59863281 0. 3.91597872219e-22 0.
1470396792 1 5244.82324219 0. 3.91646580573e-22 0.
1470396852 1 5241.35546875 0. 3.91621621206e-22 0.
1470396912 1 5238.47753906 0. 3.91662966122e-22 0.
1470396972 1 5234.765625 0. 3.91649862598e-22 0.
1470397032 1 5233.09375 0. 3.91768480116e-22 0.
1470397092 1 5229.14208984 0. 3.917480564e-22 0.
1470397152 1 5224.44677734 0. 3.91663760278e-22 0.
1470397213 1 5219.41552734 0. 3.91544827129e-22 0.
1470397273 1 5215.09277344 0. 3.91415768995e-22 0.
1470397333 1 5215.64453125 0. 3.91702900754e-22 0.
1470397393 1 5210.61376953 0. 3.91561808026e-22 0.
1470397453 1 5206.23779297 0. 3.91476613945e-22 0.
1470397513 1 5202.94433594 0. 3.91540662911e-22 0.
1470397573 1 5197.49755859 0. 3.91386520433e-22 0.
1470397634 1 5193.17236328 0. 3.91311904975e-22 0.
1470397694 1 5188.53173828 0. 3.91225801762e-22 0.
1470397754 1 5185.38818359 0. 3.91263559284e-22 0.
1470397814 1 5122.15380859 0. 3.86722286016e-22 0.
1470397874 1 5001.34326172 0. 3.77901740465e-22 0.
1470397934 1 4983.61376953 0. 3.76803952851e-22 0.
1470397994 1 4967.79931641 0. 3.75903484501e-22 0.
1470398054 1 4964.60839844 0. 3.75887107513e-22 0.
1470398114 1 4959.15380859 0. 3.75698889676e-22 0.
1470398175 1 4956.72021484 0. 3.75743801473e-22 0.
1470398235 1 4955.50097656 0. 3.75841013615e-22 0.
1470398295 1 4950.72119141 0. 3.75720285085e-22 0.
1470398355 1 4947.80517578 0. 3.75732096338e-22 0.
1470398415 1 4942.60498047 0. 3.75603087732e-22 0.
1470398475 1 4940.86328125 0. 3.75701428662e-22 0.
1470398535 1 4937.49658203 0. 3.75678714652e-22 0.
1470398596 1 4922.99462891 0. 3.74826182238e-22 0.
1470398656 1 4915.69091797 0. 3.74532317046e-22 0.
1470398716 1 4913.53466797 0. 3.74652048269e-22 0.
1470398776 1 4907.29150391 0. 3.74431303088e-22 0.
1470398836 1 4899.02197266 0. 3.7404230935e-22 0.
1470398896 1 4892.953125 0. 3.73805266853e-22 0.
1470398956 1 4885.2421875 0. 3.73480590996e-22 0.
1470399016 1 4883.44482422 0. 3.73569678375e-22 0.
1470399077 1 4882.5078125 0. 3.7372399744e-22 0.
1470399137 1 4880.56494141 0. 3.73813425146e-22 0.
1470399197 1 4875.58544922 0. 3.73656811268e-22 0.
1470399257 1 4872.93896484 0. 3.7367427372e-22 0.
1470399317 1 4872.20410156 0. 3.73811477506e-22 0.
1470399377 1 4872.84277344 0. 3.74170197671e-22 0.
1470399437 1 4868.27294922 0. 3.74117759463e-22 0.
1470399491 1 4809.07421875 0. 3.76180186818e-22 0.
1470399544 1 0.130820274353 0. 0.0 0.
1470399604 1 0.117725417018 0. 0.0 0.
