1470488457 1 10266.4570312 0. 4.16298621874e-22 0.
1470488517 1 10239.1074219 0. 4.15730192011e-22 0.
1470488577 1 10210.9179688 0. 4.15142741651e-22 0.
1470488622 1 10197.2646484 0. 4.14984041703e-22 0.
1470488667 1 10179.6035156 0. 4.14709384068e-22 0.
1470488728 1 10160.1455078 0. 4.14430710486e-22 0.
1470488783 1 10142.0058594 0. 4.1416585132e-22 0.
1470488839 1 10128.7470703 0. 4.1409862543e-22 0.
1470488900 1 10115.5410156 0. 4.14048142847e-22 0.
1470488960 1 10072.0166016 0. 4.12782939838e-22 0.
1470489020 1 10064.59375 0. 4.12946406844e-22 0.
1470489080 1 10036.8642578 0. 4.12303171662e-22 0.
1470489140 1 10011.8632812 0. 4.11758068233e-22 0.
1470489200 1 9991.99121094 0. 4.11414972524e-22 0.
1470489260 1 9963.94726562 0. 4.10737523912e-22 0.
1470489321 1 9954.75292969 0. 4.10789403469e-22 0.
1470489381 1 9945.28417969 0. 4.10869072582e-22 0.
1470489441 1 9906.98046875 0. 4.09738553363e-22 0.
1470489481 1 9899.0390625 0. 4.09746328473e-22 0.
1470489521 1 9897.86621094 0. 4.09957169551e-22 0.
1470489581 1 9866.86914062 0. 4.0913094457e-22 0.
1470489641 1 9835.24804688 0. 4.08324882183e-22 0.
1470489701 1 9813.31054688 0. 4.0787771492e-22 0.
1470489761 1 9817.12304688 0. 4.08419032472e-22 0.
1470489821 1 9785.81738281 0. 4.07554154069e-22 0.
1470489881 1 9761.25097656 0. 4.06975690631e-22 0.
1470489942 1 9734.07128906 0. 4.06305265947e-22 0.
1470490002 1 9709.45996094 0. 4.05742214917e-22 0.
1470490062 1 9695.68847656 0. 4.05571202097e-22 0.
1470490122 1 9685.1171875 0. 4.05528326825e-22 0.
1470490182 1 9627.34960938 0. 4.03495668972e-22 0.
1470490242 1 9642.30175781 0. 4.04430657843e-22 0.
1470490302 1 9606.67675781 0. 4.03231137625e-22 0.
1470490363 1 9611.87207031 0. 4.03772655374e-22 0.
1470490423 1 9585.11621094 0. 4.03025603828e-22 0.
1470490483 1 9478.70996094 0. 3.98949121627e-22 0.
1470490543 1 9430.55175781 0. 3.97317552816e-22 0.
1470490603 1 9057.81835938 0. 3.8200923551e-22 0.
1470490663 1 9800.98925781 0. 4.13775023315e-22 0.
1470490723 1 9788.375 0. 4.1366725123e-22 0.
1470490783 1 9770.90332031 0. 4.13345034121e-22 0.
1470490843 1 9755.40722656 0. 4.13174865035e-22 0.
1470490903 1 9746.37988281 0. 4.13186986496e-22 0.
1470490964 1 9731.63476562 0. 4.12990420833e-22 0.
1470491024 1 9721.74707031 0. 4.12989668691e-22 0.
1470491084 1 9709.97070312 0. 4.12891250169e-22 0.
1470491144 1 9699.9921875 0. 4.12876152883e-22 0.
1470491204 1 9683.04199219 0. 4.12579513252e-22 0.
1470491241 1 9663.26074219 0. 4.12042569963e-22 0.
1470491254 1 9671.3046875 0. 4.12495433021e-22 0.
1470491292 1 9660.27832031 0. 4.12246533066e-22 0.
1470491352 1 9644.45117188 0. 4.11967502967e-22 0.
1470491412 1 9635.88378906 0. 4.11999788978e-22 0.
1470491472 1 9629.51855469 0. 4.12135764383e-22 0.
1470491532 1 9614.63085938 0. 4.11870861374e-22 0.
1470491592 1 9595.25097656 0. 4.11452595881e-22 0.
1470491652 1 9581.12597656 0. 4.11254616126e-22 0.
1470491713 1 9579.17382812 0. 4.11620799827e-22 0.
1470491773 1 9566.01074219 0. 4.11450754761e-22 0.
1470491833 1 9552.72949219 0. 4.11297543436e-22 0.
1470491893 1 9537.94335938 0. 4.11054514343e-22 0.
1470491953 1 9524.07226562 0. 4.1087220244e-22 0.
1470492013 1 9507.91992188 0. 4.10532965527e-22 0.
1470492073 1 9496.08496094 0. 4.10388427248e-22 0.
1470492134 1 9482.69824219 0. 4.10184668889e-22 0.
1470492188 1 9462.74707031 0. 4.09709307296e-22 0.
1470492221 1 9461.89160156 0. 4.09900635208e-22 0.
1470492236 1 9458.91308594 0. 4.09894401668e-22 0.
1470492273 1 9453.45410156 0. 4.09865563463e-22 0.
1470492308 1 9452.45117188 0. 4.10097551635e-22 0.
1470492343 1 9442.765625 0. 4.09879274713e-22 0.
1470492404 1 9428.9296875 0. 4.09648871018e-22 0.
1470492464 1 9414.56738281 0. 4.09402525559e-22 0.
1470492511 1 9402.6796875 0. 4.09167501645e-22 0.
1470492558 1 9391.65136719 0. 4.0899088869e-22 0.
1470492619 1 9379.09765625 0. 4.08810714682e-22 0.
1470492679 1 9364.11230469 0. 4.08565456224e-22 0.
1470492739 1 9356.10351562 0. 4.08618161086e-22 0.
1470492799 1 9345.10644531 0. 4.08524701787e-22 0.
1470492859 1 9327.48144531 0. 4.08092812778e-22 0.
1470492919 1 9314.91894531 0. 4.07888216793e-22 0.
1470492979 1 9299.00292969 0. 4.07576825286e-22 0.
1470493040 1 9279.25488281 0. 4.07064234277e-22 0.
1470493100 1 9269.14746094 0. 4.07003242573e-22 0.
1470493160 1 9265.12304688 0. 4.07184812836e-22 0.
1470493220 1 9258.23828125 0. 4.07242081583e-22 0.
1470493280 1 9249.39550781 0. 4.07232839283e-22 0.
1470493340 1 9240.73632812 0. 4.0721679993e-22 0.
1470493400 1 9230.2265625 0. 4.07167893524e-22 0.
1470493445 1 9216.26757812 0. 4.06806797702e-22 0.
1470493489 1 9205.2265625 0. 4.06573393208e-22 0.
1470493550 1 9201.71484375 0. 4.06760289181e-22 0.
1470493610 1 9189.46386719 0. 4.06590635563e-22 0.
1470493670 1 9176.85253906 0. 4.06444051272e-22 0.
1470493730 1 9166.93066406 0. 4.06361214569e-22 0.
1470493790 1 9147.22851562 0. 4.05859769851e-22 0.
1470493850 1 9131.546875 0. 4.05532919965e-22 0.
1470493910 1 9118.82421875 0. 4.05294620273e-22 0.
1470493970 1 9099.85742188 0. 4.04835223424e-22 0.
1470494031 1 9089.2890625 0. 4.04731136915e-22 0.
1470494091 1 9078.87597656 0. 4.04617863226e-22 0.
1470494151 1 9070.71289062 0. 4.04639842893e-22 0.
1470494211 1 9064.95117188 0. 4.04726428428e-22 0.
1470494271 1 9059.26074219 0. 4.04850971338e-22 0.
1470494331 1 9039.5625 0. 4.04329984355e-22 0.
1470494391 1 9032.16796875 0. 4.04350688745e-22 0.
1470494452 1 9036.06835938 0. 4.04895363032e-22 0.
1470494512 1 9016.25390625 0. 4.04363978753e-22 0.
1470494572 1 9010.32128906 0. 4.04458605916e-22 0.
1470494632 1 8999.02734375 0. 4.04331154276e-22 0.
1470494692 1 8978.90917969 0. 4.03771243973e-22 0.
1470494752 1 8965.63378906 0. 4.03538376116e-22 0.
1470494812 1 8954.43164062 0. 4.03386876254e-22 0.
1470494872 1 8926.51074219 0. 4.02476616848e-22 0.
1470494933 1 8920.83691406 0. 4.02555177456e-22 0.
1470494993 1 8914.08105469 0. 4.02631891795e-22 0.
1470495053 1 8905.53808594 0. 4.03757085023e-22 0.
1470495113 1 8894.53515625 0. 4.02466304658e-22 0.
1470495154 1 8893.72265625 0. 4.02649722923e-22 0.
1470495196 1 8888.73632812 0. 4.02674646042e-22 0.
1470495256 1 8884.63085938 0. 4.02874396413e-22 0.
1470495309 1 8873.78320312 0. 4.02717678405e-22 0.
1470495352 1 8862.97265625 0. 4.0245195527e-22 0.
1470495401 1 8847.6796875 0. 4.02016226544e-22 0.
1470495462 1 8834.53417969 0. 4.01738542712e-22 0.
1470495522 1 8842.7265625 0. 4.02449440205e-22 0.
1470495582 1 8820.61132812 0. 4.01792707274e-22 0.
1470495642 1 8813.84277344 0. 4.01824682044e-22 0.
1470495702 1 8796.609375 0. 4.01380276712e-22 0.
1470495762 1 8796.3828125 0. 4.01724506859e-22 0.
1470495822 1 8590.62792969 0. 3.92671180711e-22 0.
1470495882 1 8323.29003906 0. 3.80755865502e-22 0.
1470495942 1 8823.41015625 0. 4.03984633889e-22 0.
1470496003 1 8873.45507812 0. 4.06605568384e-22 0.
1470496063 1 8860.68554688 0. 4.06387682426e-22 0.
1470496123 1 8853.30957031 0. 4.06364119864e-22 0.
1470496182 1 8843.57910156 0. 4.06244470289e-22 0.
1470496242 1 8834.35351562 0. 4.06199851748e-22 0.
1470496302 1 8826.0546875 0. 4.06193417879e-22 0.
1470496337 1 8821.21875 0. 4.06134943905e-22 0.
1470496372 1 8816.38085938 0. 4.06146917816e-22 0.
1470496407 1 8807.77832031 0. 4.0603932076e-22 0.
1470496442 1 8805.21191406 0. 4.06078099715e-22 0.
1470496502 1 8791.18066406 0. 4.05776578921e-22 0.
1470496562 1 8786.41894531 0. 4.05896002308e-22 0.
1470496622 1 8777.04296875 0. 4.0581431296e-22 0.
1470496682 1 8769.88671875 0. 4.05823109187e-22 0.
1470496722 1 8761.91601562 0. 4.05717311329e-22 0.
1470496762 1 8753.72167969 0. 4.05542268499e-22 0.
1470496800 1 8750.86035156 0. 4.05662548916e-22 0.
1470496838 1 8746.44042969 0. 4.05660458486e-22 0.
1470496898 1 8737.02246094 0. 4.05497456577e-22 0.
1470496958 1 8727.77734375 0. 4.05409671685e-22 0.
1470497018 1 8717.0703125 0. 4.05330508991e-22 0.
1470497078 1 8708.14355469 0. 4.05227682859e-22 0.
1470497138 1 8701.44042969 0. 4.05248538798e-22 0.
1470497199 1 8693.11425781 0. 4.05215262277e-22 0.
1470497259 1 8680.43066406 0. 4.04938368529e-22 0.
1470497299 1 8674.890625 0. 4.04879753124e-22 0.
1470497339 1 8668.0546875 0. 4.04828825663e-22 0.
1470497399 1 8659.421875 0. 4.04741587213e-22 0.
1470497459 1 8652.71289062 0. 4.04709137831e-22 0.
1470497519 1 8643.55859375 0. 4.0464221535e-22 0.
1470497579 1 8631.76464844 0. 4.04425905905e-22 0.
1470497640 1 8625.9140625 0. 4.0454243534e-22 0.
1470497700 1 8617.58203125 0. 4.0451349527e-22 0.
1470497760 1 8602.74609375 0. 4.04171366167e-22 0.
1470497820 1 8597.234375 0. 4.04231930598e-22 0.
1470497880 1 8587.02050781 0. 4.04114954411e-22 0.
1470497940 1 8577.34472656 0. 4.03947913969e-22 0.
1470498000 1 8572.66113281 0. 4.04064645893e-22 0.
1470498060 1 8558.51367188 0. 4.03756578256e-22 0.
1470498121 1 8546.17285156 0. 4.03559784465e-22 0.
1470498181 1 8543.02441406 0. 4.03698832098e-22 0.
1470498241 1 8534.13964844 0. 4.03641611951e-22 0.
1470498301 1 8523.18554688 0. 4.03453144677e-22 0.
1470498361 1 8516.7734375 0. 4.03487936959e-22 0.
1470498421 1 8510.00488281 0. 4.03495684332e-22 0.
1470498481 1 8494.38476562 0. 4.03106526787e-22 0.
1470498541 1 8489.08496094 0. 4.03190120491e-22 0.
1470498602 1 8480.21191406 0. 4.03114051481e-22 0.
1470498662 1 8466.28613281 0. 4.02778913411e-22 0.
1470498722 1 8458.01367188 0. 4.02736245138e-22 0.
1470498782 1 8450.03027344 0. 4.02702027389e-22 0.
1470498834 1 8445.21679688 0. 4.0273635008e-22 0.
1470498886 1 8439.17089844 0. 4.0267678167e-22 0.
1470498946 1 8432.34960938 0. 4.0268548574e-22 0.
1470499006 1 8417.45996094 0. 4.02345389211e-22 0.
1470499066 1 8412.59179688 0. 4.02442479115e-22 0.
1470499126 1 8410.3671875 0. 4.02661815615e-22 0.
1470499186 1 8399.86230469 0. 4.02483466333e-22 0.
1470499246 1 8393.19726562 0. 4.02491892319e-22 0.
1470499307 1 8382.73242188 0. 4.02302351619e-22 0.
1470499352 1 8375.02929688 0. 4.02198124043e-22 0.
1470499397 1 8368.87304688 0. 4.02172456787e-22 0.
1470499458 1 8355.66796875 0. 4.01833239912e-22 0.
1470499518 1 8349.34863281 0. 4.0190919849e-22 0.
1470499578 1 8339.11523438 0. 4.01727284923e-22 0.
1470499638 1 8332.21777344 0. 4.01731765647e-22 0.
1470499698 1 8322.43261719 0. 4.01572956898e-22 0.
1470499758 1 8317.02734375 0. 4.0159020804e-22 0.
1470499818 1 8310.60351562 0. 4.016452187e-22 0.
1470499879 1 8302.74511719 0. 4.01632879191e-22 0.
1470499939 1 8292.43652344 0. 4.01468998029e-22 0.
1470499999 1 8282.55175781 0. 4.01301105186e-22 0.
1470500059 1 8275.37207031 0. 4.01290076002e-22 0.
1470500119 1 8271.12109375 0. 4.01396658317e-22 0.
1470500179 1 8262.85644531 0. 4.01330743786e-22 0.
1470500239 1 8254.4296875 0. 4.01268314768e-22 0.
1470500300 1 8242.1171875 0. 4.00976892839e-22 0.
1470500360 1 8236.52148438 0. 4.01013672789e-22 0.
1470500420 1 8227.53320312 0. 4.00930043817e-22 0.
1470500480 1 8217.24511719 0. 4.00769023814e-22 0.
1470500540 1 8207.36914062 0. 4.00587494815e-22 0.
1470500600 1 8196.86816406 0. 4.00369727901e-22 0.
1470500660 1 8184.87402344 0. 4.00108718462e-22 0.
1470500720 1 8181.0234375 0. 4.00255638835e-22 0.
1470500781 1 8173.91259766 0. 4.00261742263e-22 0.
1470500841 1 8164.1953125 0. 4.0009852855e-22 0.
1470500901 1 8158.53808594 0. 4.00171873688e-22 0.
1470500954 1 8150.78955078 0. 4.00111075332e-22 0.
1470500985 1 8147.80957031 0. 4.00109283345e-22 0.
1470500997 1 8146.61328125 0. 4.00094165629e-22 0.
1470501032 1 8143.1875 0. 4.00122019829e-22 0.
1470501069 1 8137.30419922 0. 4.00081018421e-22 0.
1470501106 1 8129.33691406 0. 3.99815992187e-22 0.
1470501166 1 8124.12744141 0. 3.99868484807e-22 0.
1470501226 1 8113.97363281 0. 3.9971340181e-22 0.
1470501286 1 8112.1953125 0. 3.99975732794e-22 0.
1470501346 1 8101.44726562 0. 3.99765769442e-22 0.
1470501406 1 8088.07519531 0. 3.99402381874e-22 0.
1470501467 1 8073.78222656 0. 3.989857003e-22 0.
1470501527 1 8065.46484375 0. 3.98898898175e-22 0.
1470501587 1 8059.38378906 0. 3.98933816166e-22 0.
1470501647 1 8056.65185547 0. 3.99120712452e-22 0.
1470501707 1 8052.08300781 0. 3.99228158631e-22 0.
1470501767 1 8047.25732422 0. 3.99353470552e-22 0.
1470501827 1 8039.81591797 0. 3.9929025951e-22 0.
1470501887 1 8024.56054688 0. 3.9883925251e-22 0.
1470501948 1 8016.07470703 0. 3.98733435605e-22 0.
1470502008 1 8009.20703125 0. 3.98688613818e-22 0.
1470502068 1 7999.31347656 0. 3.98498073343e-22 0.
1470502128 1 7935.08105469 0. 3.95574188556e-22 0.
1470502188 1 7775.79785156 0. 3.87954730424e-22 0.
1470502248 1 7709.92529297 0. 3.84984024349e-22 0.
1470502308 1 7974.79052734 0. 3.98552672552e-22 0.
1470502368 1 8003.02294922 0. 4.00259403746e-22 0.
1470502428 1 7997.0 0. 4.00273819142e-22 0.
1470502489 1 7989.27099609 0. 4.00195045026e-22 0.
1470502549 1 7982.48388672 0. 4.00162550945e-22 0.
1470502609 1 7972.96191406 0. 4.00016885761e-22 0.
1470502669 1 7967.79931641 0. 4.0010589018e-22 0.
1470502729 1 7961.31347656 0. 4.00073416783e-22 0.
1470502789 1 7951.19873047 0. 3.99909688241e-22 0.
1470502849 1 7942.77050781 0. 3.99794459122e-22 0.
1470502910 1 7934.68457031 0. 3.99715488231e-22 0.
1470502970 1 7931.00488281 0. 3.99843524813e-22 0.
1470503030 1 7922.49023438 0. 3.99753021655e-22 0.
1470503090 1 7915.14306641 0. 3.99706701158e-22 0.
1470503150 1 7909.34277344 0. 3.997068886e-22 0.
1470503210 1 7900.34228516 0. 3.99569114499e-22 0.
1470503270 1 7892.91259766 0. 3.99501781168e-22 0.
1470503331 1 7885.43994141 0. 3.99470439838e-22 0.
1470503391 1 7877.66992188 0. 3.99410498024e-22 0.
1470503426 1 7873.13671875 0. 3.9936458076e-22 0.
1470503436 1 7871.84179688 0. 3.99346154949e-22 0.
1470503471 1 7867.22998047 0. 3.99324379128e-22 0.
1470503530 1 7859.98193359 0. 3.99267022771e-22 0.
1470503590 1 7854.21337891 0. 3.99333072959e-22 0.
1470503650 1 7846.04980469 0. 3.99256040135e-22 0.
1470503710 1 7839.22900391 0. 3.9922650198e-22 0.
1470503770 1 7829.11035156 0. 3.9901187999e-22 0.
1470503830 1 7825.68457031 0. 3.99119759215e-22 0.
1470503890 1 7815.28173828 0. 3.9887834778e-22 0.
1470503951 1 7810.37158203 0. 3.98928050303e-22 0.
1470504011 1 7801.59570312 0. 3.98799131515e-22 0.
1470504071 1 7790.11230469 0. 3.99174069243e-22 0.
1470504131 1 7782.99609375 0. 3.9849284747e-22 0.
1470504191 1 7783.04199219 0. 3.98821504574e-22 0.
1470504251 1 7775.67041016 0. 3.98754076697e-22 0.
1470504311 1 7767.69970703 0. 3.98636909552e-22 0.
1470504371 1 7762.16845703 0. 3.98677443434e-22 0.
1470504431 1 7755.07421875 0. 3.98641526186e-22 0.
1470504491 1 7747.31933594 0. 3.98539170991e-22 0.
1470504552 1 7741.52246094 0. 3.98561138859e-22 0.
1470504612 1 7733.07714844 0. 3.98439883254e-22 0.
1470504672 1 7724.98242188 0. 3.98313589138e-22 0.
1470504732 1 7718.47509766 0. 3.98284644574e-22 0.
1470504792 1 7709.88818359 0. 3.98171969025e-22 0.
1470504852 1 7703.05517578 0. 3.98125646113e-22 0.
1470504912 1 7690.87646484 0. 3.97846880551e-22 0.
1470504972 1 7686.69628906 0. 3.97902381926e-22 0.
1470505033 1 7679.20800781 0. 3.97824550372e-22 0.
1470505093 1 7670.79199219 0. 3.9768421232e-22 0.
1470505153 1 7661.43554688 0. 3.97525074228e-22 0.
1470505213 1 7655.91064453 0. 3.97551912947e-22 0.
1470505273 1 7647.18945312 0. 3.97410635837e-22 0.
1470505333 1 7641.43701172 0. 3.97421789546e-22 0.
1470505393 1 7639.33398438 0. 3.97614336348e-22 0.
1470505454 1 7634.09033203 0. 3.9767237364e-22 0.
1470505514 1 7624.75537109 0. 3.97512224872e-22 0.
1470505574 1 7617.02197266 0. 3.9738743701e-22 0.
1470505634 1 7604.21972656 0. 3.96978236381e-22 0.
1470505694 1 7600.14599609 0. 3.9705450407e-22 0.
1470505754 1 7601.08935547 0. 3.97439774766e-22 0.
1470505814 1 7594.86914062 0. 3.97408231081e-22 0.
1470505874 1 7589.19726562 0. 3.974746092e-22 0.
1470505935 1 7579.06054688 0. 3.97274243752e-22 0.
1470505995 1 7572.06005859 0. 3.97204380556e-22 0.
1470506055 1 7569.83300781 0. 3.97412122919e-22 0.
1470506115 1 7562.35449219 0. 3.97319500654e-22 0.
1470506175 1 7552.56738281 0. 3.97105394112e-22 0.
1470506235 1 7546.42724609 0. 3.97085803828e-22 0.
1470506295 1 7544.28417969 0. 3.97289875553e-22 0.
1470506355 1 7534.64013672 0. 3.97078879109e-22 0.
1470506416 1 7527.36474609 0. 3.97026185106e-22 0.
1470506476 1 7521.49951172 0. 3.97031802332e-22 0.
1470506536 1 7513.53515625 0. 3.96912293896e-22 0.
1470506596 1 7508.87109375 0. 3.96971709985e-22 0.
1470506656 1 7503.58105469 0. 3.96991160418e-22 0.
1470506716 1 7493.41015625 0. 3.96717634395e-22 0.
1470506776 1 7488.40820312 0. 3.96748810723e-22 0.
1470506837 1 7485.63134766 0. 3.96902904502e-22 0.
1470506897 1 7479.7421875 0. 3.96913035326e-22 0.
1470506957 1 7472.53369141 0. 3.96848830827e-22 0.
1470507017 1 7463.93652344 0. 3.96723671613e-22 0.
1470507077 1 7456.47998047 0. 3.96614739596e-22 0.
1470507137 1 7449.01171875 0. 3.96524582495e-22 0.
1470507197 1 7443.19042969 0. 3.9651268995e-22 0.
1470507257 1 7438.17138672 0. 3.96524386192e-22 0.
1470507318 1 7430.78027344 0. 3.96423046826e-22 0.
1470507378 1 7421.64941406 0. 3.96247927523e-22 0.
1470507438 1 7417.79541016 0. 3.96434611468e-22 0.
1470507498 1 7410.24707031 0. 3.96349450979e-22 0.
1470507558 1 7406.75048828 0. 3.96492307854e-22 0.
1470507618 1 7403.44433594 0. 3.96636998384e-22 0.
1470507678 1 7391.79150391 0. 3.96288765059e-22 0.
1470507738 1 7383.23046875 0. 3.96137293373e-22 0.
1470507799 1 7380.2109375 0. 3.96277973016e-22 0.
1470507859 1 7372.32519531 0. 3.96167815768e-22 0.
1470507913 1 7365.33447266 0. 3.9608682556e-22 0.
1470507968 1 7356.71044922 0. 3.95893651809e-22 0.
1470508029 1 7351.02099609 0. 3.95885975882e-22 0.
1470508089 1 7344.53759766 0. 3.95784433848e-22 0.
1470508149 1 7341.16308594 0. 3.9590427517e-22 0.
1470508209 1 7334.38476562 0. 3.95864717274e-22 0.
1470508269 1 7326.41015625 0. 3.95747802615e-22 0.
1470508329 1 7320.52294922 0. 3.95770741527e-22 0.
1470508390 1 7311.28613281 0. 3.9559317483e-22 0.
1470508450 1 7304.43945312 0. 3.95530791256e-22 0.
1470508510 1 7301.10302734 0. 3.9565888335e-22 0.
1470508570 1 7295.60449219 0. 3.95662215704e-22 0.
1470508630 1 7290.54248047 0. 3.95677114159e-22 0.
1470508690 1 7286.64160156 0. 3.95738812006e-22 0.
1470508750 1 7274.16162109 0. 3.95364047781e-22 0.
1470508810 1 7269.81884766 0. 3.95404226729e-22 0.
1470508870 1 7262.63427734 0. 3.95281941153e-22 0.
1470508931 1 7258.06542969 0. 3.95338251407e-22 0.
1470508991 1 7249.78808594 0. 3.95181918425e-22 0.
1470509051 1 7244.09667969 0. 3.95166811638e-22 0.
1470509111 1 7243.03857422 0. 3.95415436452e-22 0.
1470509171 1 7236.05712891 0. 3.95378572709e-22 0.
1470509231 1 7230.24560547 0. 3.95369790447e-22 0.
1470509291 1 7222.61474609 0. 3.95251418267e-22 0.
1470509351 1 7213.85205078 0. 3.95053844507e-22 0.
1470509412 1 7207.640625 0. 3.95030087886e-22 0.
1470509472 1 7198.56689453 0. 3.94853919085e-22 0.
1470509532 1 7192.96337891 0. 3.94823278913e-22 0.
1470509592 1 7188.62792969 0. 3.94874663368e-22 0.
1470509652 1 7179.37060547 0. 3.94685236431e-22 0.
1470509712 1 7169.15185547 0. 3.944071736e-22 0.
1470509772 1 7168.36328125 0. 3.94656139068e-22 0.
1470509833 1 7163.05126953 0. 3.9467210933e-22 0.
1470509893 1 7155.78759766 0. 3.94567561527e-22 0.
1470509953 1 7144.37939453 0. 3.94240020217e-22 0.
1470510013 1 7140.96630859 0. 3.94351887481e-22 0.
1470510073 1 7133.14794922 0. 3.94242054029e-22 0.
1470510133 1 7132.13232422 0. 3.94476921019e-22 0.
1470510193 1 7120.08203125 0. 3.94117705962e-22 0.
1470510253 1 7112.09521484 0. 3.93969555485e-22 0.
1470510314 1 7110.78369141 0. 3.94217776725e-22 0.
1470510374 1 7102.828125 0. 3.94108941889e-22 0.
1470510434 1 7100.21630859 0. 3.94227639325e-22 0.
1470510494 1 7090.15771484 0. 3.9395632271e-22 0.
1470510554 1 7081.95605469 0. 3.93820651754e-22 0.
1470510614 1 7082.74267578 0. 3.941370063e-22 0.
1470510674 1 7079.46728516 0. 3.9424178956e-22 0.
1470510735 1 7073.53955078 0. 3.94224058891e-22 0.
1470510795 1 7066.84863281 0. 3.94144884088e-22 0.
1470510855 1 7061.99365234 0. 3.9416634458e-22 0.
1470510907 1 7056.02001953 0. 3.94123636101e-22 0.
1470510959 1 7051.68164062 0. 3.94104818056e-22 0.
1470510994 1 7048.76513672 0. 3.94068395128e-22 0.
1470511029 1 7045.84570312 0. 3.9410041049e-22 0.
1470511089 1 7039.171875 0. 0.0 0.
1470511124 1 7035.27832031 0. 3.94031637245e-22 0.
1470511145 1 7032.94873047 0. 3.9400736141e-22 0.
1470511191 1 7027.99560547 0. 3.93976278034e-22 0.
1470511251 1 7003.6328125 0. 3.92897384351e-22 0.
1470511312 1 6999.33251953 0. 3.92946082107e-22 0.
1470511372 1 6987.65527344 0. 3.92617791254e-22 0.
1470511432 1 6988.67578125 0. 3.92949789425e-22 0.
1470511492 1 6981.87255859 0. 3.92891649597e-22 0.
1470511552 1 6973.14990234 0. 3.92686032725e-22 0.
1470511612 1 6965.55810547 0. 3.92500769422e-22 0.
1470511672 1 6956.51660156 0. 3.92269764535e-22 0.
1470511732 1 6958.94238281 0. 3.92746181978e-22 0.
1470511793 1 6952.24804688 0. 3.92691547096e-22 0.
1470511853 1 6952.63867188 0. 3.92993160395e-22 0.
1470511913 1 6936.32177734 0. 3.92334680387e-22 0.
1470511973 1 6929.83007812 0. 3.92263499697e-22 0.
1470512033 1 6922.83056641 0. 3.92137102657e-22 0.
1470512093 1 6909.45410156 0. 3.91668408095e-22 0.
1470512153 1 6916.67871094 0. 3.92347617325e-22 0.
1470512213 1 6911.72851562 0. 3.92393915928e-22 0.
1470512274 1 6909.66992188 0. 3.92612225081e-22 0.
1470512334 1 6902.64648438 0. 3.92467470654e-22 0.
1470512394 1 6901.29150391 0. 3.92734929773e-22 0.
1470512454 1 6895.2578125 0. 3.92662271398e-22 0.
1470512514 1 6884.25097656 0. 3.92320472884e-22 0.
1470512574 1 6884.1875 0. 3.92613877117e-22 0.
1470512634 1 6872.06152344 0. 3.92211014015e-22 0.
1470512686 1 6866.61474609 0. 3.92098280403e-22 0.
1470512713 1 6863.78222656 0. 3.92003356048e-22 0.
1470512749 1 6860.09863281 0. 3.91984838855e-22 0.
1470512809 1 6860.38232422 0. 3.92380566605e-22 0.
1470512869 1 6863.40673828 0. 3.92862267244e-22 0.
1470512929 1 6849.52832031 0. 3.92381973632e-22 0.
1470512989 1 6847.30859375 0. 3.92579032592e-22 0.
1470513049 1 6761.20605469 0. 3.879741299e-22 0.
1470513102 1 6681.42919922 0. 3.83627590674e-22 0.
1470513155 1 6601.10546875 0. 3.79297794323e-22 0.
1470513215 1 6844.15917969 0. 3.93541011982e-22 0.
1470513275 1 6853.69677734 0. 3.94377740792e-22 0.
1470513335 1 6849.67138672 0. 3.94460214046e-22 0.
1470513396 1 6843.64501953 0. 3.9435683791e-22 0.
1470513456 1 6838.11376953 0. 3.94356482246e-22 0.
1470513516 1 6832.81298828 0. 3.94358435332e-22 0.
1470513576 1 6824.76660156 0. 3.94165887098e-22 0.
1470513636 1 6821.47558594 0. 3.94267063908e-22 0.
1470513696 1 6817.2265625 0. 3.94308826284e-22 0.
1470513756 1 6809.61474609 0. 3.94112283519e-22 0.
1470513817 1 6804.10351562 0. 3.94079676157e-22 0.
1470513877 1 6800.28857422 0. 3.94141746829e-22 0.
1470513937 1 6795.921875 0. 3.94231185027e-22 0.
1470513997 1 6786.38427734 0. 3.94019675954e-22 0.
1470514057 1 6782.62646484 0. 3.94116651397e-22 0.
1470514118 1 6781.04931641 0. 3.94288652825e-22 0.
1470514178 1 6775.23535156 0. 3.94236499787e-22 0.
1470514238 1 6768.56933594 0. 3.94137983303e-22 0.
1470514298 1 6762.57714844 0. 3.94084594157e-22 0.
1470514358 1 6757.57617188 0. 3.94070797919e-22 0.
1470514418 1 6752.88427734 0. 3.94115177415e-22 0.
1470514478 1 6746.14208984 0. 3.94006866333e-22 0.
1470514538 1 6607.80615234 0. 3.8619977145e-22 0.
1470514599 1 6569.390625 0. 3.84244785563e-22 0.
1470514659 1 6564.06738281 0. 3.84213315281e-22 0.
1470514719 1 6559.38916016 0. 3.84193133812e-22 0.
1470514779 1 6484.51464844 0. 3.80140719285e-22 0.
1470514839 1 6418.69970703 0. 3.76644474905e-22 0.
1470514899 1 6423.64013672 0. 3.77188335309e-22 0.
1470514959 1 6420.15869141 0. 3.77229490727e-22 0.
1470515019 1 6349.56542969 0. 3.73327305176e-22 0.
1470515080 1 6223.97412109 0. 3.66169290582e-22 0.
1470515140 1 6268.55810547 0. 3.69086614926e-22 0.
1470515200 1 6402.97949219 0. 3.7723884417e-22 0.
1470515260 1 6398.41015625 0. 3.77279998341e-22 0.
1470515320 1 6393.25195312 0. 3.77209573978e-22 0.
1470515380 1 6391.56494141 0. 3.78252327831e-22 0.
1470515440 1 6385.72802734 0. 3.77285253356e-22 0.
1470515501 1 6382.53027344 0. 3.77385527464e-22 0.
1470515561 1 6381.13232422 0. 3.77591178876e-22 0.
1470515621 1 6372.37890625 0. 3.77323467571e-22 0.
1470515681 1 6366.63037109 0. 3.77228036053e-22 0.
1470515741 1 6363.62646484 0. 3.77384129874e-22 0.
1470515801 1 6359.61181641 0. 3.77413323663e-22 0.
1470515861 1 6353.00390625 0. 3.77255739801e-22 0.
1470515921 1 6350.69335938 0. 3.77432270727e-22 0.
1470515981 1 6349.21289062 0. 3.77573109556e-22 0.
1470516042 1 6345.39794922 0. 3.77606359193e-22 0.
1470516102 1 6340.62890625 0. 3.77640877794e-22 0.
1470516162 1 6335.18798828 0. 3.77557591007e-22 0.
1470516222 1 6328.37011719 0. 3.77369799224e-22 0.
1470516282 1 6322.62011719 0. 3.77301106247e-22 0.
1470516342 1 6320.08349609 0. 3.77402495042e-22 0.
1470516402 1 6315.39306641 0. 3.77386317051e-22 0.
1470516463 1 6310.45068359 0. 3.77347909371e-22 0.
1470516523 1 6305.75048828 0. 3.77360597959e-22 0.
1470516583 1 6301.26123047 0. 3.77358466162e-22 0.
1470516643 1 6300.85400391 0. 3.77602629945e-22 0.
1470516703 1 6295.52734375 0. 3.77536387549e-22 0.
1470516763 1 6291.78808594 0. 3.77568981191e-22 0.
1470516804 1 6287.17578125 0. 3.77452133136e-22 0.
1470516825 1 6285.73974609 0. 3.77453744292e-22 0.
1470516865 1 6280.89013672 0. 3.77358411001e-22 0.
1470516926 1 6275.02246094 0. 3.77317097847e-22 0.
1470516986 1 6275.32617188 0. 3.77590004079e-22 0.
1470517046 1 6272.1171875 0. 3.77688495252e-22 0.
1470517106 1 6266.82910156 0. 3.7763067866e-22 0.
1470517166 1 6263.39257812 0. 3.77655835676e-22 0.
1470517226 1 6259.16845703 0. 3.77664444109e-22 0.
1470517286 1 6251.72607422 0. 3.77468591822e-22 0.
1470517347 1 6249.58447266 0. 3.77608730405e-22 0.
1470517407 1 6247.37060547 0. 3.7774354719e-22 0.
1470517467 1 6243.453125 0. 3.77738198433e-22 0.
1470517527 1 6236.40234375 0. 3.77568563491e-22 0.
1470517587 1 6234.49707031 0. 3.7772732333e-22 0.
1470517647 1 6231.36328125 0. 3.77881694678e-22 0.
1470517707 1 6224.27929688 0. 3.77719431788e-22 0.
1470517767 1 6222.34423828 0. 3.77858864504e-22 0.
1470517828 1 6217.21386719 0. 3.77765238818e-22 0.
1470517888 1 6213.11865234 0. 3.77810335602e-22 0.
1470517948 1 6207.95849609 0. 3.77767063743e-22 0.
1470518008 1 6204.71728516 0. 3.77810471774e-22 0.
1470518068 1 6199.98974609 0. 3.77771632282e-22 0.
1470518128 1 6195.77587891 0. 3.77780341982e-22 0.
1470518189 1 6191.94580078 0. 3.77814326173e-22 0.
1470518249 1 6187.45947266 0. 3.77768558479e-22 0.
1470518309 1 6182.60302734 0. 3.77776340791e-22 0.
1470518369 1 6179.87060547 0. 3.77885723238e-22 0.
1470518429 1 6176.10546875 0. 3.77894210887e-22 0.
1470518489 1 6172.88671875 0. 3.77919321957e-22 0.
1470518549 1 6167.44726562 0. 3.77867636934e-22 0.
1470518609 1 6164.29882812 0. 3.77940212405e-22 0.
1470518669 1 6161.11572266 0. 3.77994234543e-22 0.
1470518729 1 6155.45849609 0. 3.7793005515e-22 0.
1470518790 1 6151.24853516 0. 3.77939200622e-22 0.
1470518850 1 6146.16357422 0. 3.77874407973e-22 0.
1470518910 1 6141.84423828 0. 3.77896156743e-22 0.
1470518968 1 6138.56103516 0. 3.77933657833e-22 0.
1470519026 1 6134.69677734 0. 3.77937047808e-22 0.
1470519086 1 6129.50244141 0. 3.77889207507e-22 0.
1470519146 1 6126.10595703 0. 3.77952647026e-22 0.
1470519206 1 6122.53466797 0. 3.77970593736e-22 0.
1470519266 1 6119.03027344 0. 3.78012915283e-22 0.
1470519326 1 6115.11669922 0. 3.78027878466e-22 0.
1470519386 1 6108.69921875 0. 3.77917492531e-22 0.
1470519447 1 6105.21289062 0. 3.77933830106e-22 0.
1470519507 1 6099.77441406 0. 3.77897240871e-22 0.
1470519567 1 6097.40283203 0. 3.78057447795e-22 0.
1470519627 1 6094.86132812 0. 3.78134157091e-22 0.
1470519687 1 6091.09960938 0. 3.78192933942e-22 0.
1470519747 1 6085.51367188 0. 3.78073144974e-22 0.
1470519807 1 6081.89111328 0. 3.78133481188e-22 0.
1470519868 1 6077.59082031 0. 3.78147196514e-22 0.
1470519928 1 6070.63183594 0. 3.77981966564e-22 0.
1470519988 1 6068.56396484 0. 3.78142674997e-22 0.
1470520048 1 6065.92431641 0. 3.78235436341e-22 0.
1470520108 1 6060.41943359 0. 3.78139400514e-22 0.
1470520168 1 6056.88623047 0. 3.78150393493e-22 0.
1470520228 1 6049.40820312 0. 3.77908143285e-22 0.
1470520288 1 6049.42041016 0. 3.78200420345e-22 0.
1470520349 1 6046.17822266 0. 3.78280389097e-22 0.
1470520409 1 6041.37744141 0. 3.78232919661e-22 0.
1470520469 1 6035.37792969 0. 3.78130836041e-22 0.
1470520529 1 6031.90576172 0. 3.78180181648e-22 0.
1470520589 1 6027.69238281 0. 3.78169240981e-22 0.
1470520649 1 6023.33935547 0. 3.78152423458e-22 0.
1470520710 1 6020.94873047 0. 3.78240146208e-22 0.
1470520770 1 6016.93554688 0. 3.78211791328e-22 0.
1470520830 1 6014.03320312 0. 3.78277369129e-22 0.
1470520890 1 6013.08740234 0. 3.78490714917e-22 0.
1470520950 1 6007.98974609 0. 3.78414123314e-22 0.
1470521010 1 6004.10742188 0. 3.784517614e-22 0.
1470521070 1 6001.47216797 0. 3.78563560456e-22 0.
1470521130 1 5987.87646484 0. 3.7797064368e-22 0.
1470521190 1 5865.64404297 0. 3.70476814776e-22 0.
1470521251 1 5766.13427734 0. 3.64457445748e-22 0.
1470521311 1 5986.37890625 0. 3.78600509947e-22 0.
1470521371 1 5981.50830078 0. 3.78586924755e-22 0.
1470521431 1 5978.16748047 0. 3.78622082255e-22 0.
1470521491 1 5975.50390625 0. 3.78693563134e-22 0.
1470521551 1 5972.03222656 0. 3.78721354669e-22 0.
1470521611 1 5966.40527344 0. 3.78607082381e-22 0.
1470521672 1 5962.28515625 0. 3.78655098985e-22 0.
1470521732 1 5956.58203125 0. 3.78580875646e-22 0.
1470521777 1 5952.47851562 0. 3.78520686794e-22 0.
1470521822 1 5950.34423828 0. 3.78545192858e-22 0.
1470521882 1 5946.28417969 0. 3.78501509823e-22 0.
1470521942 1 5944.08398438 0. 3.78608879889e-22 0.
1470522002 1 5940.5546875 0. 3.78668215225e-22 0.
1470522063 1 5936.36865234 0. 3.78647626326e-22 0.
1470522123 1 5931.51953125 0. 3.78632622205e-22 0.
1470522183 1 5929.94189453 0. 3.78808282014e-22 0.
1470522243 1 5927.86767578 0. 3.78950691238e-22 0.
1470522303 1 5920.37939453 0. 3.78722307796e-22 0.
1470522363 1 5917.11425781 0. 3.78769685567e-22 0.
1470522406 1 5913.63671875 0. 3.78764832699e-22 0.
1470522434 1 5911.73876953 0. 3.78755549411e-22 0.
1470522455 1 5910.34472656 0. 3.78713525504e-22 0.
1470522490 1 5907.9609375 0. 3.78738531159e-22 0.
1470522551 1 5906.01074219 0. 3.78906019358e-22 0.
1470522611 1 5901.11425781 0. 3.78895963014e-22 0.
1470522671 1 5895.97851562 0. 3.78809706854e-22 0.
1470522711 1 5894.56201172 0. 0.0 0.
1470522726 1 5894.02587891 0. 3.78920740957e-22 0.
1470522742 1 5893.47705078 0. 3.78933096739e-22 0.
1470522767 1 5892.58984375 0. 3.79009651629e-22 0.
1470522813 1 5890.10107422 0. 3.79035685386e-22 0.
1470522848 1 5888.18554688 0. 3.79036343234e-22 0.
1470522884 1 5886.26904297 0. 3.7904946484e-22 0.
1470522920 1 5883.63085938 0. 3.79055141458e-22 0.
1470522932 1 5882.79296875 0. 3.79020326313e-22 0.
1470522966 1 5880.32324219 0. 3.7902719238e-22 0.
1470523026 1 5875.82324219 0. 3.79021851363e-22 0.
1470523071 1 5872.86621094 0. 3.790762698e-22 0.
1470523117 1 5867.80712891 0. 3.7893792862e-22 0.
1470523177 1 5866.28076172 0. 3.7912248459e-22 0.
1470523238 1 5860.79150391 0. 3.78999266708e-22 0.
1470523283 1 5859.08300781 0. 3.79076375782e-22 0.
1470523329 1 5859.25488281 0. 3.79278457144e-22 0.
1470523389 1 5854.19921875 0. 3.79199722063e-22 0.
1470523450 1 5850.234375 0. 3.79272571778e-22 0.
1470523510 1 5846.16601562 0. 3.79251713131e-22 0.
1470523570 1 5842.86474609 0. 3.79290760062e-22 0.
1470523630 1 5839.76806641 0. 3.79354308264e-22 0.
1470523690 1 5835.41699219 0. 3.79288682631e-22 0.
1470523750 1 5831.56640625 0. 3.79297371702e-22 0.
1470523810 1 5828.43798828 0. 3.7935251749e-22 0.
1470523870 1 5822.09472656 0. 3.79173825267e-22 0.
1470523931 1 5820.01269531 0. 3.79312882018e-22 0.
1470523991 1 5816.33105469 0. 3.79289426211e-22 0.
1470524051 1 5810.57568359 0. 3.79179149247e-22 0.
1470524111 1 5807.09667969 0. 3.79195140207e-22 0.
1470524171 1 5806.0625 0. 3.79365001844e-22 0.
1470524231 1 5800.88037109 0. 3.79314246342e-22 0.
1470524291 1 5798.42578125 0. 3.79421884676e-22 0.
1470524352 1 5795.11767578 0. 3.79431707708e-22 0.
1470524412 1 5790.23583984 0. 3.80078726289e-22 0.
1470524472 1 5786.72607422 0. 3.7939112854e-22 0.
1470524510 1 5780.92285156 0. 3.79168176634e-22 0.
1470524549 1 5780.08154297 0. 3.79259982868e-22 0.
1470524609 1 5777.85351562 0. 3.79379003972e-22 0.
1470524669 1 5775.08007812 0. 3.79459263909e-22 0.
1470524718 1 5771.03369141 0. 3.79428669775e-22 0.
1470524766 1 5768.78710938 0. 3.79468906087e-22 0.
1470524826 1 5763.30126953 0. 3.793823912e-22 0.
1470524887 1 5761.19140625 0. 3.79504701388e-22 0.
1470524947 1 5759.39306641 0. 3.79624028416e-22 0.
1470525007 1 5755.32128906 0. 3.79588715977e-22 0.
1470525067 1 5749.57226562 0. 3.79470968358e-22 0.
1470525127 1 5745.30371094 0. 3.79427103791e-22 0.
1470525187 1 5741.45117188 0. 3.79423122942e-22 0.
1470525247 1 5736.35742188 0. 3.79344050951e-22 0.
1470525308 1 5735.22314453 0. 3.79480293179e-22 0.
1470525368 1 5730.61816406 0. 3.79473778884e-22 0.
1470525428 1 5726.54003906 0. 3.79464736806e-22 0.
1470525488 1 5722.78662109 0. 3.79473688963e-22 0.
1470525529 1 5718.94433594 0. 3.79434241138e-22 0.
1470525548 1 5713.37304688 0. 3.79165245113e-22 0.
1470525585 1 5714.02294922 0. 3.79306687277e-22 0.
1470525633 1 5713.44824219 0. 3.79475242227e-22 0.
1470525680 1 5711.42626953 0. 3.7953514442e-22 0.
1470525740 1 5707.48046875 0. 3.79529754279e-22 0.
1470525800 1 5701.08496094 0. 3.79331055422e-22 0.
1470525860 1 5696.51953125 0. 3.79272530529e-22 0.
1470525920 1 5695.18066406 0. 3.79435917698e-22 0.
1470525980 1 5692.68554688 0. 3.79551255098e-22 0.
1470526041 1 5688.06982422 0. 3.7951074768e-22 0.
1470526101 1 5684.73486328 0. 3.79532626658e-22 0.
1470526161 1 5680.69238281 0. 3.79521404841e-22 0.
1470526221 1 5676.14355469 0. 3.79471623037e-22 0.
1470526281 1 5672.18798828 0. 3.79482064913e-22 0.
1470526341 1 5670.90429688 0. 3.79612634628e-22 0.
1470526401 1 5667.87255859 0. 3.79689658934e-22 0.
1470526462 1 5663.76171875 0. 3.79674415431e-22 0.
1470526522 1 5658.49072266 0. 3.79586873678e-22 0.
1470526582 1 5657.50097656 0. 3.80559951079e-22 0.
1470526642 1 5652.09277344 0. 3.79623598521e-22 0.
1470526696 1 5650.7890625 0. 3.79760841597e-22 0.
1470526727 1 5648.68408203 0. 3.7975268599e-22 0.
1470526744 1 5646.04931641 0. 3.79653680631e-22 0.
1470526784 1 5644.98388672 0. 3.79769455588e-22 0.
1470526821 1 5642.77197266 0. 3.79751624336e-22 0.
1470526858 1 5638.34423828 0. 3.7956407768e-22 0.
1470526918 1 5637.11328125 0. 3.79723922302e-22 0.
1470526978 1 5633.24169922 0. 3.79754098192e-22 0.
1470527039 1 5629.5078125 0. 3.79762713939e-22 0.
1470527099 1 5627.32128906 0. 3.79830311754e-22 0.
1470527159 1 5621.24023438 0. 3.79677321576e-22 0.
1470527219 1 5617.02148438 0. 3.79670078165e-22 0.
1470527279 1 5614.49414062 0. 3.79727300257e-22 0.
1470527339 1 5610.65625 0. 3.79745003651e-22 0.
1470527399 1 5608.49853516 0. 3.79876428858e-22 0.
1470527459 1 5605.16015625 0. 3.79933540712e-22 0.
1470527520 1 5603.54882812 0. 3.80091044196e-22 0.
1470527580 1 5596.06835938 0. 3.79852515905e-22 0.
1470527640 1 5594.71386719 0. 3.80002962856e-22 0.
1470527700 1 5590.66992188 0. 3.8000424901e-22 0.
1470527760 1 5586.38330078 0. 3.7994719589e-22 0.
1470527820 1 5583.50195312 0. 3.7998486113e-22 0.
1470527880 1 5579.36083984 0. 3.79898420637e-22 0.
1470527940 1 5578.01757812 0. 3.80064148065e-22 0.
1470528001 1 5573.24365234 0. 3.80004597272e-22 0.
1470528061 1 5567.06542969 0. 3.79856172101e-22 0.
1470528121 1 5565.5546875 0. 3.80000171075e-22 0.
1470528181 1 5562.375 0. 3.800338939e-22 0.
1470528241 1 5558.51220703 0. 3.80028739979e-22 0.
1470528301 1 5555.78808594 0. 3.80090731758e-22 0.
1470528361 1 5551.80029297 0. 3.80116883697e-22 0.
1470528397 1 5549.46630859 0. 3.80072516629e-22 0.
1470528416 1 5548.15087891 0. 3.80053912938e-22 0.
1470528461 1 5500.83349609 0. 3.77010170432e-22 0.
1470528521 1 5353.99462891 0. 3.67172168721e-22 0.
1470528582 1 5438.15039062 0. 3.73219347552e-22 0.
1470528642 1 5543.15234375 0. 3.80665310434e-22 0.
1470528702 1 5541.08398438 0. 3.80752856605e-22 0.
1470528762 1 5537.56445312 0. 3.80789414741e-22 0.
1470528822 1 5534.03271484 0. 3.80821560164e-22 0.
1470528882 1 5530.95800781 0. 3.80847220084e-22 0.
1470528942 1 5527.08837891 0. 3.80841770118e-22 0.
1470529002 1 5524.07373047 0. 3.80901277362e-22 0.
1470529063 1 5519.39794922 0. 3.80848481716e-22 0.
1470529123 1 5517.52197266 0. 3.80991936074e-22 0.
1470529183 1 5514.26806641 0. 3.80999780648e-22 0.
1470529243 1 5507.47802734 0. 3.80753716831e-22 0.
1470529303 1 5506.30761719 0. 3.80902746648e-22 0.
1470529363 1 5503.08300781 0. 3.80931372576e-22 0.
1470529423 1 5501.23974609 0. 3.81086580199e-22 0.
1470529483 1 5496.82910156 0. 3.81060528087e-22 0.
1470529543 1 5493.1328125 0. 3.81071892395e-22 0.
1470529588 1 5490.96923828 0. 3.81086791347e-22 0.
1470529619 1 5485.04833984 0. 3.80761134067e-22 0.
1470529651 1 5484.38720703 0. 3.8085990935e-22 0.
1470529682 1 5482.22851562 0. 3.80849686278e-22 0.
1470529709 1 5481.96972656 0. 3.80995597218e-22 0.
1470529725 1 5481.81396484 0. 3.81039315462e-22 0.
1470529761 1 5481.47607422 0. 3.81151808637e-22 0.
1470529821 1 5477.66455078 0. 3.81143974371e-22 0.
1470529881 1 5474.29345703 0. 3.81181158501e-22 0.
1470529941 1 5471.10986328 0. 3.81212452447e-22 0.
1470530001 1 5468.25976562 0. 3.81281355666e-22 0.
1470530062 1 5463.06005859 0. 3.81146209868e-22 0.
1470530122 1 5459.54492188 0. 3.81158968397e-22 0.
1470530182 1 5457.69580078 0. 3.81272481732e-22 0.
1470530242 1 5455.81152344 0. 3.81389318833e-22 0.
1470530302 1 5452.23486328 0. 3.81365382244e-22 0.
1470530361 1 5450.28369141 0. 3.81478569285e-22 0.
1470530406 1 5446.78564453 0. 3.81409193983e-22 0.
1470530437 1 5445.15429688 0. 3.81436419994e-22 0.
1470530474 1 5442.43505859 0. 3.8139779591e-22 0.
1470530526 1 5439.84960938 0. 3.81443608629e-22 0.
1470530586 1 5437.05566406 0. 3.81484703022e-22 0.
1470530646 1 5432.89501953 0. 3.8146723199e-22 0.
1470530706 1 5429.42773438 0. 3.81442328518e-22 0.
1470530766 1 5426.35693359 0. 3.81455990784e-22 0.
1470530826 1 5423.46777344 0. 3.81540435147e-22 0.
1470530886 1 5419.38330078 0. 3.81513374606e-22 0.
1470530946 1 5413.96826172 0. 3.81381877984e-22 0.
1470531007 1 5413.0078125 0. 3.81576054578e-22 0.
1470531067 1 5410.57128906 0. 3.81671959656e-22 0.
1470531127 1 5406.72460938 0. 3.81622549167e-22 0.
1470531166 1 5404.68505859 0. 3.81646161915e-22 0.
1470531190 1 5402.64941406 0. 3.81612988848e-22 0.
1470531221 1 5400.07666016 0. 3.81529963342e-22 0.
1470531259 1 5399.50390625 0. 3.8165964894e-22 0.
1470531311 1 5394.3984375 0. 3.81530906018e-22 0.
1470531371 1 5392.60595703 0. 3.81654890922e-22 0.
1470531431 1 5388.58886719 0. 3.81602577391e-22 0.
1470531491 1 5385.546875 0. 3.81632069571e-22 0.
1470531551 1 5383.14160156 0. 3.81710262737e-22 0.
1470531611 1 5380.51074219 0. 3.81796809672e-22 0.
1470532540 1 5380.51074219 0. 3.85703821165e-22 0.
1470533468 1 0.0 0. 0.0 0.
1470533529 1 5284.3203125 0. 3.82771463119e-22 0.
1470533589 1 5281.50048828 0. 3.82819108627e-22 0.
1470533644 1 5278.59912109 0. 3.82831730724e-22 0.
1470533674 1 5277.01025391 0. 3.82816630838e-22 0.
1470533694 1 5275.97558594 0. 3.82829105643e-22 0.
1470533716 1 5273.60449219 0. 3.82796057062e-22 0.
1470533745 1 5271.12304688 0. 3.82723916249e-22 0.
1470533791 1 5266.40673828 0. 3.82634636862e-22 0.
1470533844 1 5264.1171875 0. 3.82702595731e-22 0.
1470533879 1 5262.60253906 0. 3.82723316311e-22 0.
1470533895 1 5261.91845703 0. 3.82747158018e-22 0.
1470533917 1 5259.65771484 0. 3.82676427949e-22 0.
1470533934 1 5257.98974609 0. 3.82583361144e-22 0.
1470533944 1 5256.94970703 0. 3.82574517354e-22 0.
1470533959 1 5256.30029297 0. 3.82618153346e-22 0.
1470533984 1 5255.65869141 0. 3.82653724298e-22 0.
1470534030 1 5251.46826172 0. 3.82524216776e-22 0.
1470534090 1 5248.14941406 0. 3.82540782355e-22 0.
1470534150 1 5248.46191406 0. 3.82798913176e-22 0.
1470534211 1 5245.69677734 0. 3.82823720306e-22 0.
1470534271 1 5242.04101562 0. 3.82801748902e-22 0.
1470534331 1 5238.24902344 0. 3.82760002103e-22 0.
1470534391 1 5235.47265625 0. 3.82816273627e-22 0.
1470534451 1 5231.52636719 0. 3.82784254256e-22 0.
1470534511 1 5226.63916016 0. 3.826644633e-22 0.
1470534571 1 5223.36865234 0. 3.82694012009e-22 0.
1470534631 1 5219.1640625 0. 3.82629844335e-22 0.
1470534668 1 5220.27441406 0. 3.82878289117e-22 0.
1470534704 1 5216.17333984 0. 3.82728447397e-22 0.
1470534764 1 5213.05322266 0. 3.82745304845e-22 0.
1470534824 1 5210.45556641 0. 3.82788418155e-22 0.
1470534884 1 5207.12792969 0. 3.8276655989e-22 0.
1470534944 1 5205.65478516 0. 3.82919278782e-22 0.
1470535004 1 5203.18212891 0. 3.82984270858e-22 0.
1470535065 1 5199.96142578 0. 3.82979374986e-22 0.
1470535125 1 5196.79052734 0. 3.83024540045e-22 0.
1470535185 1 5193.94824219 0. 3.83033078198e-22 0.
1470535245 1 5188.90869141 0. 3.82889706394e-22 0.
1470535305 1 5182.96582031 0. 3.82728613037e-22 0.
1470535365 1 5185.4609375 0. 3.83143876847e-22 0.
1470535425 1 5182.95898438 0. 3.83191732051e-22 0.
1470535485 1 5180.39208984 0. 3.83224231507e-22 0.
1470535545 1 5177.5625 0. 3.83263800695e-22 0.
1470535605 1 5173.68798828 0. 3.83249464882e-22 0.
1470535666 1 5169.87792969 0. 3.83250501947e-22 0.
1470535726 1 5167.09619141 0. 3.83821941057e-22 0.
1470535786 1 5164.65820312 0. 3.83320740868e-22 0.
1470535846 1 5163.18505859 0. 3.83465116187e-22 0.
1470535906 1 5159.27978516 0. 3.83427678701e-22 0.
1470535966 1 5157.63574219 0. 3.83552105653e-22 0.
1470536026 1 5154.28808594 0. 3.83550347004e-22 0.
1470536087 1 5150.61132812 0. 3.83519699889e-22 0.
1470536147 1 5148.09130859 0. 3.83599719659e-22 0.
1470536207 1 5144.75292969 0. 3.83606820136e-22 0.
1470536267 1 5142.87255859 0. 3.83697769986e-22 0.
1470536327 1 5138.76513672 0. 3.83674306291e-22 0.
1470536387 1 5134.43505859 0. 3.83598500861e-22 0.
1470536447 1 5131.96240234 0. 3.83656860064e-22 0.
1470536507 1 5129.72851562 0. 3.83715082408e-22 0.
1470536568 1 5128.71826172 0. 3.83883685088e-22 0.
1470536628 1 5121.76611328 0. 3.83636797288e-22 0.
1470536688 1 5087.29541016 0. 3.81332611213e-22 0.
1470536748 1 5000.29003906 0. 3.7504909499e-22 0.
1470536808 1 4952.73242188 0. 3.71734913574e-22 0.
1470536868 1 5112.48583984 0. 3.83967074301e-22 0.
1470536928 1 5112.08447266 0. 3.84177416574e-22 0.
1470536988 1 5108.70068359 0. 3.84179736654e-22 0.
1470537049 1 5104.45166016 0. 3.84080346315e-22 0.
1470537109 1 5101.16162109 0. 3.84074709998e-22 0.
1470537169 1 5098.71728516 0. 3.84156545783e-22 0.
1470537229 1 5098.00097656 0. 3.84335931093e-22 0.
1470537289 1 5096.06396484 0. 3.84416845172e-22 0.
1470537349 1 5090.84130859 0. 3.84251719228e-22 0.
1470537409 1 5086.53710938 0. 3.84181667613e-22 0.
1470537470 1 5083.23144531 0. 3.84204074661e-22 0.
1470537530 1 5080.265625 0. 3.84179034606e-22 0.
1470537590 1 5077.53222656 0. 3.84242706165e-22 0.
1470537650 1 5076.86962891 0. 3.8445176727e-22 0.
1470537710 1 5072.57861328 0. 3.8438465748e-22 0.
1470537770 1 5068.97265625 0. 3.84317600669e-22 0.
1470537830 1 5065.64599609 0. 3.84294722818e-22 0.
1470537890 1 5062.97802734 0. 3.84366047185e-22 0.
1470537951 1 5059.43212891 0. 3.84351750969e-22 0.
1470538011 1 5056.33642578 0. 3.84375080787e-22 0.
1470538071 1 5052.70507812 0. 3.84307059426e-22 0.
1470538131 1 5049.73486328 0. 3.84338753931e-22 0.
1470538191 1 5047.51806641 0. 3.84427626576e-22 0.
1470538251 1 5044.35058594 0. 3.84426908845e-22 0.
1470538311 1 5043.62011719 0. 3.84605763492e-22 0.
1470538372 1 5038.18359375 0. 3.84437856281e-22 0.
1470538432 1 5034.51660156 0. 3.84399263003e-22 0.
1470538492 1 5032.16357422 0. 3.84443981632e-22 0.
1470538552 1 5028.11083984 0. 3.84365878083e-22 0.
1470538612 1 5026.73583984 0. 3.84506415399e-22 0.
1470538672 1 5022.40673828 0. 3.84408759026e-22 0.
1470538732 1 5019.06542969 0. 3.84396085564e-22 0.
1470538793 1 5017.44775391 0. 3.84531527372e-22 0.
1470538853 1 5012.70263672 0. 3.84415358267e-22 0.
1470538913 1 5011.24658203 0. 3.8454712036e-22 0.
1470538973 1 5006.88525391 0. 3.8444934317e-22 0.
1470539033 1 5003.65429688 0. 3.84436464198e-22 0.
1470539093 1 5002.06445312 0. 3.84569751852e-22 0.
1470539153 1 4996.83203125 0. 3.84427241384e-22 0.
1470539213 1 4994.47314453 0. 3.84476733198e-22 0.
1470539273 1 4990.64355469 0. 3.84431825264e-22 0.
1470539334 1 4988.79882812 0. 3.84572720177e-22 0.
1470539394 1 4985.04394531 0. 3.84524896757e-22 0.
1470539454 1 4981.98486328 0. 3.84521225532e-22 0.
1470539514 1 4976.83251953 0. 3.84349259643e-22 0.
1470539574 1 4974.75537109 0. 3.84422494621e-22 0.
1470539634 1 4972.23144531 0. 3.844844236e-22 0.
1470539695 1 4967.22216797 0. 3.84361391727e-22 0.
1470539755 1 4964.72216797 0. 3.84408672182e-22 0.
1470539815 1 4960.68261719 0. 3.84338500586e-22 0.
1470539875 1 4958.37988281 0. 3.84416084236e-22 0.
1470539935 1 4954.90673828 0. 3.84387717421e-22 0.
1470539995 1 4952.43994141 0. 3.84424065629e-22 0.
1470540055 1 4949.48486328 0. 3.84468399723e-22 0.
1470540116 1 4945.09277344 0. 3.84380777673e-22 0.
1470540176 1 4940.82373047 0. 3.84315991969e-22 0.
1470540236 1 4937.16796875 0. 3.84253239293e-22 0.
1470540296 1 4934.61376953 0. 3.84296957568e-22 0.
1470540356 1 4933.61181641 0. 3.84468080599e-22 0.
1470540416 1 4930.28076172 0. 3.84451793197e-22 0.
1470540476 1 4926.65087891 0. 3.84423790549e-22 0.
1470540536 1 4921.4765625 0. 3.84252631777e-22 0.
1470540597 1 4919.40283203 0. 3.84287120272e-22 0.
1470540657 1 4916.11621094 0. 3.8426772842e-22 0.
1470540717 1 4915.65283203 0. 3.84482780391e-22 0.
1470540777 1 4911.31835938 0. 3.84390702349e-22 0.
1470540837 1 4907.00341797 0. 3.84317819825e-22 0.
1470540897 1 4904.10742188 0. 3.84335403223e-22 0.
1470540957 1 4899.69433594 0. 3.84249933787e-22 0.
1470541018 1 4897.34765625 0. 3.84320451097e-22 0.
1470541078 1 4897.19873047 0. 3.84550960556e-22 0.
1470541138 1 4894.02587891 0. 3.84546973375e-22 0.
1470541198 1 4890.2578125 0. 3.84483374164e-22 0.
1470541258 1 4889.95458984 0. 3.84725797339e-22 0.
1470541318 1 4888.31494141 0. 3.84850060766e-22 0.
1470541378 1 4884.32910156 0. 3.84765349976e-22 0.
1470541438 1 4881.67724609 0. 0.0 0.
1470541474 1 4880.13085938 0. 3.84850589998e-22 0.
1470541509 1 4878.578125 0. 3.84843724402e-22 0.
1470541569 1 4874.64404297 0. 3.84782938937e-22 0.
1470541629 1 4870.1796875 0. 3.84657928135e-22 0.
1470541689 1 4867.37207031 0. 3.84683988624e-22 0.
1470541749 1 4864.72119141 0. 3.84704932363e-22 0.
1470541810 1 4862.30029297 0. 3.84745529473e-22 0.
1470541870 1 4862.06982422 0. 3.84966346932e-22 0.
1470541918 1 4857.40722656 0. 3.84802858613e-22 0.
1470541965 1 4856.97802734 0. 3.84965461322e-22 0.
1470542025 1 4852.07958984 0. 3.84811346069e-22 0.
1470542085 1 4849.49658203 0. 3.84816811125e-22 0.
1470542145 1 4847.80175781 0. 3.84892476324e-22 0.
1470542205 1 4845.13671875 0. 3.84926105275e-22 0.
1470542265 1 4839.44384766 0. 3.84691045954e-22 0.
1470542325 1 4835.71337891 0. 3.84646971758e-22 0.
1470542385 1 4833.3984375 0. 3.84689516959e-22 0.
1470542445 1 4829.83056641 0. 3.84630712611e-22 0.
1470542506 1 4828.16308594 0. 3.84731649743e-22 0.
1470542566 1 4825.65869141 0. 3.84794164015e-22 0.
1470542626 1 4822.99267578 0. 3.84813871499e-22 0.
1470542686 1 4818.328125 0. 3.84693009132e-22 0.
1470542746 1 4815.75488281 0. 3.84734342724e-22 0.
1470542806 1 4817.61572266 0. 3.85130670978e-22 0.
1470542866 1 4811.75585938 0. 3.84901181071e-22 0.
1470542927 1 4811.23291016 0. 3.85094079115e-22 0.
1470542987 1 4808.30078125 0. 3.85101199245e-22 0.
1470543047 1 4805.21875 0. 3.85084704302e-22 0.
1470543107 1 4801.02636719 0. 3.84974360994e-22 0.
1470543167 1 4799.48974609 0. 3.85103533874e-22 0.
1470543227 1 4796.38037109 0. 3.85078836555e-22 0.
1470543287 1 4793.12695312 0. 3.85045557809e-22 0.
1470543348 1 4790.01416016 0. 3.85014831747e-22 0.
1470543408 1 4788.18457031 0. 3.85162159136e-22 0.
1470543468 1 4785.74560547 0. 3.8519713026e-22 0.
1470543528 1 4784.63085938 0. 3.85312181024e-22 0.
1470543588 1 4781.29833984 0. 3.85265028086e-22 0.
1470543648 1 4776.03369141 0. 3.85117004513e-22 0.
1470543708 1 4777.31054688 0. 3.8543929083e-22 0.
1470543769 1 4773.33056641 0. 3.85338239127e-22 0.
1470543829 1 4769.4140625 0. 3.85234208442e-22 0.
1470543889 1 4765.77783203 0. 3.8518862763e-22 0.
1470543949 1 4765.61474609 0. 3.85445049773e-22 0.
1470544009 1 4761.65576172 0. 3.85362077493e-22 0.
1470544069 1 4758.47509766 0. 3.85319704897e-22 0.
1470544129 1 4756.43798828 0. 3.85409432177e-22 0.
1470544190 1 4753.05371094 0. 3.85382753773e-22 0.
1470544250 1 4749.28125 0. 3.85307921088e-22 0.
1470544310 1 4750.25732422 0. 3.85605344984e-22 0.
1470544370 1 4745.93310547 0. 3.85461993528e-22 0.
1470544430 1 4741.93212891 0. 3.85342742111e-22 0.
1470544490 1 4739.34375 0. 3.85382346155e-22 0.
1470544550 1 4737.49267578 0. 3.85511348709e-22 0.
1470544611 1 4735.83935547 0. 3.85638969884e-22 0.
1470544671 1 4732.00878906 0. 3.85556212681e-22 0.
1470544731 1 4729.10205078 0. 3.85565598234e-22 0.
1470544791 1 4727.26464844 0. 3.85633868728e-22 0.
1470544851 1 4723.20019531 0. 3.85534789229e-22 0.
1470544911 1 4721.78027344 0. 3.85687214891e-22 0.
1470544971 1 4717.51953125 0. 3.85608258137e-22 0.
1470545032 1 4713.21142578 0. 3.8546023814e-22 0.
1470545092 1 4711.15917969 0. 3.85511098225e-22 0.
1470545152 1 4709.74511719 0. 3.85634786392e-22 0.
1470545212 1 4705.79589844 0. 3.85569072131e-22 0.
1470545272 1 4705.08789062 0. 3.85737964287e-22 0.
1470545332 1 4701.62451172 0. 3.8566447387e-22 0.
1470545392 1 4618.21826172 0. 3.79090515872e-22 0.
1470545453 1 4561.375 0. 3.74666894585e-22 0.
1470545513 1 4549.15527344 0. 3.73942318128e-22 0.
1470545573 1 4462.43066406 0. 3.67099374432e-22 0.
1470545633 1 4456.90527344 0. 3.66872266184e-22 0.
1470545693 1 4460.01757812 0. 3.67281995071e-22 0.
1470545753 1 4458.39306641 0. 3.67387372792e-22 0.
1470545813 1 4458.37939453 0. 3.67592911389e-22 0.
1470545873 1 4457.48828125 0. 3.6778431071e-22 0.
1470545934 1 4456.65087891 0. 3.67965171027e-22 0.
1470545994 1 4454.90625 0. 3.6805218413e-22 0.
1470546054 1 4447.17480469 0. 3.67638629555e-22 0.
1470546114 1 4446.15625 0. 3.67753890208e-22 0.
1470546174 1 4446.21435547 0. 3.67978527462e-22 0.
1470546234 1 4445.29199219 0. 3.68116348583e-22 0.
1470546294 1 4445.77246094 0. 3.68372871063e-22 0.
1470546355 1 4442.36914062 0. 3.68319527044e-22 0.
1470546415 1 4440.91845703 0. 3.68885756498e-22 0.
1470546475 1 4438.24121094 0. 3.68376231535e-22 0.
1470546535 1 4437.16455078 0. 3.68540029644e-22 0.
1470546595 1 4433.59228516 0. 3.68483768617e-22 0.
1470546655 1 4432.24511719 0. 3.68583792242e-22 0.
1470546715 1 4370.85595703 0. 3.63694866594e-22 0.
1470546775 1 4323.06005859 0. 3.59905010346e-22 0.
1470546836 1 4337.53369141 0. 3.61345306875e-22 0.
1470546896 1 4426.09716797 0. 3.68923021049e-22 0.
1470546956 1 4425.77880859 0. 3.69060234174e-22 0.
1470547016 1 4424.79785156 0. 3.69168727033e-22 0.
1470547076 1 4426.32080078 0. 3.69405030941e-22 0.
1470547136 1 4427.03466797 0. 3.69632943417e-22 0.
1470547196 1 4425.40429688 0. 3.6967557803e-22 0.
1470547256 1 4422.24609375 0. 3.69626777143e-22 0.
1470547317 1 4420.11328125 0. 3.69650011539e-22 0.
1470547377 1 4419.55126953 0. 3.69857335073e-22 0.
1470547437 1 4416.73046875 0. 3.6983267396e-22 0.
1470547497 1 4414.17089844 0. 3.69846953973e-22 0.
1470547557 1 4411.48535156 0. 3.69814757642e-22 0.
1470547617 1 4408.96142578 0. 3.69856909512e-22 0.
1470547677 1 4408.44238281 0. 3.70023034323e-22 0.
1470547737 1 4405.21484375 0. 3.69959291428e-22 0.
1470547798 1 4403.37207031 0. 3.70018501998e-22 0.
1470547858 1 4401.03808594 0. 3.7004367805e-22 0.
1470547918 1 4398.36962891 0. 3.70038264893e-22 0.
1470547972 1 4213.57128906 0. 3.54698613238e-22 0.
1470548026 1 0.127000406384 0. 0.0 0.
1470548087 1 0.114470519125 0. 0.0 0.
