1470567419 1 8816.61132812 0. 3.79766914292e-22 0.
1470567479 1 9795.64160156 0. 4.22496666426e-22 0.
1470567539 1 9957.0546875 0. 4.30103188335e-22 0.
1470567599 1 9927.7421875 0. 4.29445709622e-22 0.
1470567656 1 9910.12988281 0. 4.29205019147e-22 0.
1470567700 1 9888.22363281 0. 4.28590028922e-22 0.
1470567724 1 9906.22558594 0. 4.29557659111e-22 0.
1470567739 1 9904.25292969 0. 4.29545998195e-22 0.
1470567779 1 9889.69238281 0. 4.29170608372e-22 0.
1470567840 1 9875.38671875 0. 4.28999740172e-22 0.
1470567876 1 9853.48339844 0. 4.28413512937e-22 0.
1470567892 1 9828.60058594 0. 4.27431212789e-22 0.
1470567931 1 9840.80078125 0. 4.28266567855e-22 0.
1470567991 1 9811.74707031 0. 4.2755919004e-22 0.
1470568051 1 9777.69824219 0. 4.2659688724e-22 0.
1470568112 1 9765.27539062 0. 4.26599118511e-22 0.
1470568148 1 9754.98242188 0. 4.2650591373e-22 0.
1470568184 1 9736.43261719 0. 4.25966642294e-22 0.
1470568244 1 9702.22558594 0. 4.25015942107e-22 0.
1470568304 1 9696.91015625 0. 4.25299489165e-22 0.
1470568365 1 9674.29980469 0. 4.24815059826e-22 0.
1470568425 1 9653.74414062 0. 4.24418635752e-22 0.
1470568485 1 9639.36230469 0. 4.2424371761e-22 0.
1470568545 1 9622.09863281 0. 4.23938869012e-22 0.
1470568605 1 9591.21386719 0. 4.23021886045e-22 0.
1470568665 1 9582.48730469 0. 4.23141578988e-22 0.
1470568725 1 9535.48242188 0. 4.21519571607e-22 0.
1470568785 1 9515.29589844 0. 4.21072767451e-22 0.
1470568845 1 9508.66113281 0. 4.21189645025e-22 0.
1470568906 1 9461.03222656 0. 4.19575699792e-22 0.
1470568966 1 9475.734375 0. 4.20693475181e-22 0.
1470569026 1 9442.86621094 0. 4.19640257349e-22 0.
1470569086 1 9414.97265625 0. 4.18813868198e-22 0.
1470569146 1 9397.07714844 0. 4.18499387675e-22 0.
1470569206 1 9395.76074219 0. 4.18914139293e-22 0.
1470569266 1 9372.83984375 0. 4.18326262323e-22 0.
1470569301 1 9359.46875 0. 4.17928004576e-22 0.
1470569337 1 9346.04785156 0. 4.17551469083e-22 0.
1470569397 1 9320.66796875 0. 4.16849997747e-22 0.
1470569457 1 9313.65234375 0. 4.16982981613e-22 0.
1470569517 1 9276.9609375 0. 4.15758319867e-22 0.
1470569577 1 9259.81054688 0. 4.15451115836e-22 0.
1470569638 1 9243.31347656 0. 4.15146249689e-22 0.
1470569698 1 9216.81738281 0. 4.14368601034e-22 0.
1470569758 1 9216.73339844 0. 4.14743203916e-22 0.
1470569818 1 9199.88867188 0. 4.14417324792e-22 0.
1470569878 1 9203.30957031 0. 4.14973117956e-22 0.
1470569938 1 9164.06835938 0. 4.13671450381e-22 0.
1470569998 1 9115.87792969 0. 4.11875273712e-22 0.
1470570059 1 9103.03710938 0. 4.11671714786e-22 0.
1470570119 1 9103.76074219 0. 4.12087742186e-22 0.
1470570179 1 9094.53027344 0. 4.12085430529e-22 0.
1470570239 1 9090.54492188 0. 4.12288511468e-22 0.
1470570299 1 9063.68945312 0. 4.11443231769e-22 0.
1470570359 1 9039.95507812 0. 4.10764600072e-22 0.
1470570419 1 9029.03515625 0. 4.10692549258e-22 0.
1470570479 1 9010.16015625 0. 4.1018729853e-22 0.
1470570540 1 8998.828125 0. 4.10037444804e-22 0.
1470570600 1 8982.71386719 0. 4.09706360529e-22 0.
1470570660 1 8968.81445312 0. 4.09426139194e-22 0.
1470570720 1 8948.61230469 0. 4.08902677903e-22 0.
1470570780 1 8928.06933594 0. 4.08355848852e-22 0.
1470570840 1 8912.22460938 0. 4.08017761294e-22 0.
1470570900 1 8888.60546875 0. 4.07344123601e-22 0.
1470570951 1 8885.58203125 0. 4.07513477377e-22 0.
1470571001 1 8869.4296875 0. 4.07063995006e-22 0.
1470571061 1 8845.13476562 0. 4.06296873154e-22 0.
1470571121 1 8861.63476562 0. 4.07454959459e-22 0.
1470571182 1 8850.45800781 0. 4.0730656452e-22 0.
1470571242 1 8825.37011719 0. 4.06542537493e-22 0.
1470571302 1 8815.52148438 0. 4.06429121483e-22 0.
1470571362 1 8798.67578125 0. 4.05990379825e-22 0.
1470571422 1 8776.66992188 0. 4.0533125559e-22 0.
1470571482 1 8760.4453125 0. 4.04931528717e-22 0.
1470571542 1 8736.70898438 0. 4.04228852796e-22 0.
1470571602 1 8717.61230469 0. 4.03735913861e-22 0.
1470571663 1 8707.77539062 0. 4.03662386831e-22 0.
1470571723 1 8706.20019531 0. 4.03980004685e-22 0.
1470571783 1 8696.26074219 0. 4.03853014291e-22 0.
1470571843 1 8663.89355469 0. 4.02689763823e-22 0.
1470571903 1 8653.72460938 0. 4.02566098381e-22 0.
1470571963 1 8454.0390625 0. 3.93655344409e-22 0.
1470572023 1 8439.42285156 0. 3.93284888864e-22 0.
1470572084 1 8925.44335938 0. 4.16317360432e-22 0.
1470572144 1 9053.7421875 0. 4.22654875529e-22 0.
1470572204 1 9039.88183594 0. 4.22368285864e-22 0.
1470572264 1 9033.49609375 0. 4.22499272335e-22 0.
1470572324 1 9024.57519531 0. 4.22536603206e-22 0.
1470572384 1 9013.32421875 0. 4.22394565102e-22 0.
1470572444 1 9003.875 0. 4.22311967042e-22 0.
1470572505 1 8988.91601562 0. 4.2203254919e-22 0.
1470572565 1 8979.71972656 0. 4.21969628866e-22 0.
1470572625 1 8972.078125 0. 4.22010799302e-22 0.
1470572685 1 8959.3515625 0. 4.21793347096e-22 0.
1470572745 1 8947.18164062 0. 4.21598703736e-22 0.
1470572805 1 8942.62109375 0. 4.2176667008e-22 0.
1470572865 1 8932.046875 0. 4.21631751462e-22 0.
1470572925 1 8921.38085938 0. 4.21471023153e-22 0.
1470572986 1 8910.1875 0. 4.21351563832e-22 0.
1470573046 1 8897.15625 0. 4.21153543294e-22 0.
1470573106 1 8888.33007812 0. 4.21126987275e-22 0.
1470573166 1 8879.17578125 0. 4.21049780624e-22 0.
1470573226 1 8867.74609375 0. 4.20904067101e-22 0.
1470573286 1 8854.87109375 0. 4.20678531548e-22 0.
1470573346 1 8841.23242188 0. 4.20374396435e-22 0.
1470573406 1 8837.16894531 0. 4.20541475315e-22 0.
1470573467 1 8825.27246094 0. 4.20352135215e-22 0.
1470573527 1 8818.20703125 0. 4.2040148885e-22 0.
1470573575 1 8810.49023438 0. 4.20351563026e-22 0.
1470573623 1 8801.50683594 0. 4.20237074829e-22 0.
1470573682 1 8789.96191406 0. 4.20094049248e-22 0.
1470573743 1 8782.19921875 0. 4.20097685848e-22 0.
1470573803 1 8772.45605469 0. 4.1999628213e-22 0.
1470573863 1 8759.29199219 0. 4.19711890532e-22 0.
1470573923 1 8753.31542969 0. 4.19812793457e-22 0.
1470573983 1 8741.12402344 0. 4.19581531152e-22 0.
1470574043 1 8732.04296875 0. 4.19496341367e-22 0.
1470574103 1 8720.84667969 0. 4.19356373092e-22 0.
1470574164 1 8713.64160156 0. 4.19369928004e-22 0.
1470574224 1 8703.578125 0. 4.19246363632e-22 0.
1470574284 1 8693.06347656 0. 4.19155379281e-22 0.
1470574344 1 8682.96679688 0. 4.1900782774e-22 0.
1470574404 1 8674.92480469 0. 4.18965094408e-22 0.
1470574464 1 8663.30566406 0. 4.18790941681e-22 0.
1470574524 1 8656.59472656 0. 4.18806492837e-22 0.
1470574584 1 8645.22949219 0. 4.18660348147e-22 0.
1470574645 1 8636.16503906 0. 4.18584895652e-22 0.
1470574705 1 8627.55078125 0. 4.18548927525e-22 0.
1470574765 1 8619.859375 0. 4.18571433578e-22 0.
1470574825 1 8608.42675781 0. 4.18415340508e-22 0.
1470574885 1 8599.33691406 0. 4.1833084359e-22 0.
1470574945 1 8592.09179688 0. 4.18335298468e-22 0.
1470575005 1 8580.53417969 0. 4.18096539216e-22 0.
1470575066 1 8570.60058594 0. 4.17990584912e-22 0.
1470575126 1 8563.75683594 0. 4.18005886983e-22 0.
1470575186 1 8550.99804688 0. 4.17725667913e-22 0.
1470575232 1 8543.21582031 0. 4.17647655947e-22 0.
1470575278 1 8538.45996094 0. 4.177009239e-22 0.
1470575316 1 8533.22949219 0. 4.17713223812e-22 0.
1470575354 1 8528.46484375 0. 4.17682890518e-22 0.
1470575414 1 8518.81152344 0. 4.1756327722e-22 0.
1470575474 1 8505.22851562 0. 4.17278879443e-22 0.
1470575534 1 8499.31152344 0. 4.17352076043e-22 0.
1470575595 1 8488.32226562 0. 4.17175022356e-22 0.
1470575655 1 8478.29492188 0. 4.17057507828e-22 0.
1470575715 1 8467.31445312 0. 4.16884329504e-22 0.
1470575757 1 8470.55859375 0. 4.33909798223e-22 0.
1470575800 1 8460.49902344 0. 4.17046884226e-22 0.
1470575860 1 8444.75585938 0. 4.16637467057e-22 0.
1470575920 1 8435.49707031 0. 4.16522191448e-22 0.
1470575980 1 8424.58789062 0. 4.16309947798e-22 0.
1470576041 1 8411.44238281 0. 4.16033080203e-22 0.
1470576086 1 8404.55273438 0. 4.15932565179e-22 0.
1470576132 1 8399.6171875 0. 4.15993802534e-22 0.
1470576192 1 8387.29589844 0. 4.15769335032e-22 0.
1470576252 1 8372.75292969 0. 4.15384022812e-22 0.
1470576312 1 8365.5546875 0. 4.15399465233e-22 0.
1470576373 1 8352.68652344 0. 4.15064807944e-22 0.
1470576433 1 8344.30761719 0. 4.14948642485e-22 0.
1470576493 1 8341.09082031 0. 4.15181725532e-22 0.
1470576553 1 8325.69433594 0. 4.14805846465e-22 0.
1470576613 1 8315.34375 0. 4.1467371188e-22 0.
1470576673 1 8307.89453125 0. 4.14644689638e-22 0.
1470576733 1 8301.00390625 0. 4.1459685573e-22 0.
1470576794 1 8295.31640625 0. 4.14688344974e-22 0.
1470576854 1 8275.30078125 0. 4.14082101979e-22 0.
1470576914 1 8272.80371094 0. 4.14312475986e-22 0.
1470576974 1 8264.58691406 0. 4.14234433483e-22 0.
1470577034 1 8258.62890625 0. 4.1429332931e-22 0.
1470577094 1 8250.015625 0. 4.1423978799e-22 0.
1470577154 1 8244.46191406 0. 4.1432166481e-22 0.
1470577214 1 8233.42285156 0. 4.14078924095e-22 0.
1470577275 1 8224.72949219 0. 4.14002593155e-22 0.
1470577320 1 8220.12011719 0. 4.1404489619e-22 0.
1470577365 1 8219.625 0. 4.14274150438e-22 0.
1470577400 1 8213.79003906 0. 4.14264443218e-22 0.
1470577436 1 8201.67578125 0. 4.13805615632e-22 0.
1470577496 1 8189.48242188 0. 4.13509881215e-22 0.
1470577556 1 8182.70556641 0. 4.13488930225e-22 0.
1470577616 1 8178.35058594 0. 4.13652691225e-22 0.
1470577676 1 8168.12109375 0. 4.13429515283e-22 0.
1470577736 1 8157.44482422 0. 4.13231483341e-22 0.
1470577796 1 8149.75 0. 4.13153087664e-22 0.
1470577856 1 8141.95263672 0. 4.13111185054e-22 0.
1470577916 1 8136.41357422 0. 4.13163198285e-22 0.
1470577977 1 8127.84326172 0. 0.0 0.
1470578012 1 8122.84375 0. 4.13023202678e-22 0.
1470578047 1 8117.84521484 0. 4.12973900228e-22 0.
1470578107 1 8109.62890625 0. 4.12886857566e-22 0.
1470578167 1 8093.84716797 0. 4.12439773772e-22 0.
1470578227 1 8084.38574219 0. 4.12321964815e-22 0.
1470578287 1 8074.49511719 0. 4.12144404957e-22 0.
1470578347 1 8063.26513672 0. 4.11929443876e-22 0.
1470578407 1 8062.45703125 0. 4.12203093316e-22 0.
1470578468 1 8054.17724609 0. 4.12121520853e-22 0.
1470578528 1 8044.703125 0. 4.12003001635e-22 0.
1470578588 1 8035.11816406 0. 4.11864257124e-22 0.
1470578648 1 8030.67724609 0. 4.11982419906e-22 0.
1470578708 1 8024.13085938 0. 4.11982621713e-22 0.
1470578768 1 8013.54638672 0. 4.11756779163e-22 0.
1470578828 1 8000.05371094 0. 4.11398451832e-22 0.
1470578888 1 7994.11230469 0. 4.11441149049e-22 0.
1470578949 1 7991.81494141 0. 4.11673675538e-22 0.
1470579009 1 7983.22021484 0. 4.11593111481e-22 0.
1470579069 1 7973.10742188 0. 4.11426713723e-22 0.
1470579129 1 7963.25244141 0. 4.11268178992e-22 0.
1470579189 1 7952.18505859 0. 4.11035935764e-22 0.
1470579249 1 7948.44384766 0. 4.11173054445e-22 0.
1470579309 1 7937.27832031 0. 4.10938967799e-22 0.
1470579369 1 7929.69970703 0. 4.1089134524e-22 0.
1470579430 1 7923.75244141 0. 4.10941831578e-22 0.
1470579490 1 7911.44873047 0. 4.10659601278e-22 0.
1470579531 1 7907.01904297 0. 4.10677438039e-22 0.
1470579572 1 7899.26953125 0. 4.10453579163e-22 0.
1470579607 1 7896.19140625 0. 4.10467534449e-22 0.
1470579643 1 7886.79736328 0. 4.1019169715e-22 0.
1470579703 1 7877.36376953 0. 4.10049937727e-22 0.
1470579763 1 7871.11816406 0. 4.10060249335e-22 0.
1470579823 1 7867.05224609 0. 4.10221798858e-22 0.
1470579883 1 7861.74365234 0. 4.10320105523e-22 0.
1470579943 1 7847.27197266 0. 4.09887339343e-22 0.
1470580003 1 7838.47509766 0. 4.0971245346e-22 0.
1470580063 1 7834.23388672 0. 4.09854122421e-22 0.
1470580124 1 7831.96630859 0. 4.10089453608e-22 0.
1470580184 1 7822.26269531 0. 4.09912292093e-22 0.
1470580244 1 7807.03369141 0. 4.09411494435e-22 0.
1470580304 1 7797.02685547 0. 4.09198461459e-22 0.
1470580364 1 7787.40673828 0. 4.08985176616e-22 0.
1470580424 1 7782.69628906 0. 4.09051908391e-22 0.
1470580484 1 7768.63964844 0. 4.08674863864e-22 0.
1470580544 1 7765.4453125 0. 4.08853600233e-22 0.
1470580605 1 7758.70996094 0. 4.08849028471e-22 0.
1470580665 1 7748.66699219 0. 4.0865460853e-22 0.
1470580706 1 7742.04394531 0. 4.0852888171e-22 0.
1470580747 1 7735.75 0. 4.0841192534e-22 0.
1470580807 1 7731.078125 0. 4.08521727496e-22 0.
1470580867 1 7720.4140625 0. 4.08261870783e-22 0.
1470580928 1 7707.86132812 0. 4.07884388631e-22 0.
1470580988 1 7696.85791016 0. 4.07659789594e-22 0.
1470581048 1 7690.36328125 0. 4.07677122911e-22 0.
1470581108 1 7682.48974609 0. 4.07574403568e-22 0.
1470581168 1 7674.40869141 0. 4.07470488909e-22 0.
1470581228 1 7667.86523438 0. 4.07485977845e-22 0.
1470581288 1 7659.27050781 0. 0.0 0.
1470581324 1 7654.25585938 0. 4.07234838796e-22 0.
1470581334 1 7652.82324219 0. 4.07203793186e-22 0.
1470581369 1 7648.96875 0. 4.0724061779e-22 0.
1470581429 1 7640.39160156 0. 4.07099954e-22 0.
1470581489 1 7625.31445312 0. 4.06598618134e-22 0.
1470581549 1 7612.06494141 0. 4.06175199597e-22 0.
1470581609 1 7615.34130859 0. 4.0671751364e-22 0.
1470581669 1 7598.14892578 0. 4.06106862677e-22 0.
1470581729 1 7594.01660156 0. 4.06222300098e-22 0.
1470581790 1 7587.30810547 0. 4.06178071466e-22 0.
1470581850 1 7575.79101562 0. 4.059157335e-22 0.
1470581910 1 7565.45947266 0. 4.05698866978e-22 0.
1470581970 1 7551.38867188 0. 4.05270907134e-22 0.
1470582030 1 7543.71826172 0. 4.05164654204e-22 0.
1470582090 1 7537.88476562 0. 4.05232292646e-22 0.
1470582150 1 7526.77539062 0. 4.04944907579e-22 0.
1470582211 1 7518.51025391 0. 4.04819566026e-22 0.
1470582271 1 7504.10449219 0. 4.04361127496e-22 0.
1470582331 1 7494.90917969 0. 4.04168567729e-22 0.
1470582391 1 7482.76416016 0. 4.03871314777e-22 0.
1470582451 1 7476.09326172 0. 4.03825297818e-22 0.
1470582511 1 7472.57177734 0. 4.03925927379e-22 0.
1470582571 1 7473.64697266 0. 4.04319297132e-22 0.
1470582631 1 7466.73339844 0. 4.04290268326e-22 0.
1470582692 1 7454.83154297 0. 4.04010006753e-22 0.
1470582745 1 7440.85791016 0. 4.0352187625e-22 0.
1470582797 1 7448.94287109 0. 4.04191655777e-22 0.
1470582856 1 7429.23876953 0. 4.03421406453e-22 0.
1470582916 1 7427.58007812 0. 4.03689257556e-22 0.
1470582976 1 7417.76953125 0. 4.03465129532e-22 0.
1470583036 1 7413.89794922 0. 4.03570100161e-22 0.
1470583097 1 7424.96582031 0. 4.04483350364e-22 0.
1470583157 1 7408.30810547 0. 4.03867370536e-22 0.
1470583217 1 7410.44873047 0. 4.04289450532e-22 0.
1470583277 1 7401.65576172 0. 4.04152193527e-22 0.
1470583329 1 7393.17236328 0. 0.0 0.
1470583356 1 7388.76123047 0. 4.03899056784e-22 0.
1470583391 1 7382.98388672 0. 4.03727984531e-22 0.
1470583451 1 7390.70703125 0. 4.04523929752e-22 0.
1470583512 1 7376.49902344 0. 4.04047115942e-22 0.
1470583572 1 7373.82373047 0. 4.04242604061e-22 0.
1470583616 1 7234.50195312 0. 3.98381307069e-22 0.
1470583660 1 0.14655315876 0. 0.0 0.
