1471172418 1 10270.1386719 0. 4.18157209137e-22 0.
1471172478 1 10081.5449219 0. 4.11017387051e-22 0.
1471172526 1 9660.2578125 0. 3.9429332972e-22 0.
1471172574 1 10353.9736328 0. 4.23057227235e-22 0.
1471172634 1 10366.0742188 0. 4.24105791143e-22 0.
1471172685 1 10351.4960938 0. 4.23978098879e-22 0.
1471172736 1 10329.4072266 0. 4.23570002315e-22 0.
1471172796 1 10309.1953125 0. 4.23292135446e-22 0.
1471172857 1 10280.4892578 0. 4.22641558664e-22 0.
1471172896 1 10275.9589844 0. 4.22797209955e-22 0.
1471172912 1 10276.4570312 0. 4.22967603087e-22 0.
1471172950 1 10268.7929688 0. 4.22953662166e-22 0.
1471173010 1 10245.4560547 0. 4.22518860333e-22 0.
1471173070 1 10227.2177734 0. 4.22289250902e-22 0.
1471173130 1 10220.8486328 0. 4.22503891193e-22 0.
1471173190 1 10188.8759766 0. 4.21668811335e-22 0.
1471173250 1 10172.7900391 0. 4.21499493144e-22 0.
1471173310 1 10168.3662109 0. 4.21770594229e-22 0.
1471173370 1 10153.8466797 0. 4.21664803442e-22 0.
1471173431 1 10130.0166016 0. 4.21143881202e-22 0.
1471173491 1 10096.046875 0. 4.20241165852e-22 0.
1471173551 1 10087.1904297 0. 4.20391562942e-22 0.
1471173611 1 10063.5908203 0. 4.19895657206e-22 0.
1471173671 1 10055.6689453 0. 4.20010033787e-22 0.
1471173731 1 10039.6611328 0. 4.19811231052e-22 0.
1471173791 1 10009.3066406 0. 4.18995823158e-22 0.
1471173852 1 9999.43066406 0. 4.19014560129e-22 0.
1471173912 1 9973.69042969 0. 4.18360676176e-22 0.
1471173972 1 9944.66699219 0. 4.17610378515e-22 0.
1471174032 1 9936.00292969 0. 4.17700093121e-22 0.
1471174092 1 9926.08105469 0. 4.1769657051e-22 0.
1471174152 1 9888.38183594 0. 4.16538762426e-22 0.
1471174212 1 9887.19726562 0. 4.16916438522e-22 0.
1471174272 1 9863.1171875 0. 4.16345456661e-22 0.
1471174333 1 9845.05761719 0. 4.15991905491e-22 0.
1471174393 1 9833.13867188 0. 4.15921497262e-22 0.
1471174446 1 9829.12792969 0. 4.16113556081e-22 0.
1471174498 1 9777.41113281 0. 4.14199877489e-22 0.
1471174559 1 9781.45117188 0. 4.14732541019e-22 0.
1471174619 1 9768.32617188 0. 4.14479968738e-22 0.
1471174679 1 9742.04980469 0. 4.13731834623e-22 0.
1471174739 1 9633.69140625 0. 4.09458379605e-22 0.
1471174799 1 9611.45605469 0. 4.08900577536e-22 0.
1471174859 1 9184.26953125 0. 3.9114305953e-22 0.
1471174919 1 9801.93847656 0. 4.17885618445e-22 0.
1471174980 1 9862.16113281 0. 4.20833050517e-22 0.
1471175040 1 9853.43457031 0. 4.20906799403e-22 0.
1471175100 1 9843.27734375 0. 4.20885327307e-22 0.
1471175160 1 9826.58691406 0. 4.20609062713e-22 0.
1471175220 1 9814.68945312 0. 4.20488574722e-22 0.
1471175280 1 9803.59277344 0. 4.20418787248e-22 0.
1471175340 1 9791.08789062 0. 4.20293762034e-22 0.
1471175401 1 9774.82128906 0. 4.20007902078e-22 0.
1471175461 1 9768.06445312 0. 4.20122397379e-22 0.
1471175521 1 9756.20214844 0. 4.20021715544e-22 0.
1471175581 1 9741.62207031 0. 4.19802338163e-22 0.
1471175641 1 9727.26074219 0. 4.19607797383e-22 0.
1471175701 1 9716.77050781 0. 4.19561073871e-22 0.
1471175761 1 9704.82226562 0. 4.19465427123e-22 0.
1471175796 1 9697.84863281 0. 4.19354188051e-22 0.
1471175832 1 9690.87597656 0. 4.19276510445e-22 0.
1471175892 1 9674.27246094 0. 4.18980370086e-22 0.
1471175952 1 9663.68652344 0. 4.18914380329e-22 0.
1471176012 1 9655.81738281 0. 4.19013189423e-22 0.
1471176072 1 9646.39257812 0. 4.18994869099e-22 0.
1471176132 1 9633.13964844 0. 4.18856725401e-22 0.
1471176192 1 9614.63964844 0. 4.18424500884e-22 0.
1471176252 1 9605.24121094 0. 4.18387860049e-22 0.
1471176313 1 9592.04199219 0. 4.18153990774e-22 0.
1471176373 1 9580.23730469 0. 4.18029860487e-22 0.
1471176433 1 9570.09277344 0. 4.17981562872e-22 0.
1471176487 1 9562.01171875 0. 4.17961811199e-22 0.
1471176517 1 9553.97753906 0. 4.17813978267e-22 0.
1471176554 1 9547.1640625 0. 4.17735310633e-22 0.
1471176614 1 9536.38769531 0. 4.1767383605e-22 0.
1471176675 1 9524.578125 0. 4.17528195421e-22 0.
1471176735 1 9511.65234375 0. 4.17344657045e-22 0.
1471176795 1 9499.99804688 0. 4.17194456338e-22 0.
1471176855 1 9492.81738281 0. 4.172756482e-22 0.
1471176915 1 9484.98046875 0. 4.17307045524e-22 0.
1471176975 1 9476.42773438 0. 4.1731630733e-22 0.
1471177035 1 9464.42089844 0. 4.1714979293e-22 0.
1471177096 1 9450.72167969 0. 4.16909278097e-22 0.
1471177156 1 9436.9921875 0. 4.1670856885e-22 0.
1471177216 1 9429.453125 0. 4.16771906493e-22 0.
1471177276 1 9418.53027344 0. 4.1664880841e-22 0.
1471177326 1 9405.84960938 0. 4.16420588836e-22 0.
1471177376 1 9396.26269531 0. 4.16287794932e-22 0.
1471177412 1 9389.56933594 0. 4.16175175669e-22 0.
1471177447 1 9382.89550781 0. 4.16096720167e-22 0.
1471177507 1 9374.875 0. 4.16123448658e-22 0.
1471177567 1 9363.09472656 0. 4.16001990264e-22 0.
1471177627 1 9351.15429688 0. 4.15837822503e-22 0.
1471177687 1 9341.25683594 0. 4.15740115536e-22 0.
1471177747 1 9333.61035156 0. 4.1580129356e-22 0.
1471177807 1 9318.67089844 0. 4.15558182172e-22 0.
1471177868 1 9301.42578125 0. 4.15119667512e-22 0.
1471177928 1 9290.68066406 0. 4.15002316618e-22 0.
1471177988 1 9268.15332031 0. 4.14346368787e-22 0.
1471178048 1 9249.96777344 0. 4.13905342543e-22 0.
1471178108 1 9237.24804688 0. 4.1371767078e-22 0.
1471178168 1 9230.83203125 0. 4.13795055276e-22 0.
1471178228 1 9224.92382812 0. 4.13904307003e-22 0.
1471178288 1 9205.80371094 0. 4.13391734864e-22 0.
1471178349 1 9196.27050781 0. 4.13314787291e-22 0.
1471178409 1 9193.48925781 0. 4.13554693323e-22 0.
1471178469 1 9172.04296875 0. 4.12942381698e-22 0.
1471178529 1 9170.56933594 0. 4.13244888781e-22 0.
1471178589 1 9157.4453125 0. 4.13058775989e-22 0.
1471178649 1 9146.13964844 0. 4.12872918028e-22 0.
1471178709 1 9134.68652344 0. 4.12732136108e-22 0.
1471178769 1 9126.19433594 0. 0.0 0.
1471178805 1 9121.24121094 0. 4.12694370773e-22 0.
1471178840 1 9116.28515625 0. 4.12667966173e-22 0.
1471178900 1 9101.94335938 0. 4.12419986464e-22 0.
1471178960 1 9093.13964844 0. 4.12371253903e-22 0.
1471179020 1 9083.16210938 0. 4.12260322172e-22 0.
1471179080 1 9066.58007812 0. 4.11851132956e-22 0.
1471179140 1 9061.58007812 0. 4.11996545048e-22 0.
1471179200 1 9053.68066406 0. 4.11976253946e-22 0.
1471179260 1 9034.73925781 0. 4.11494778791e-22 0.
1471179321 1 9025.15625 0. 4.11413160418e-22 0.
1471179381 1 8840.11523438 0. 4.0330696213e-22 0.
1471179441 1 8542.88867188 0. 3.90070846237e-22 0.
1471179501 1 9049.29003906 0. 4.13549631536e-22 0.
1471179561 1 9048.01269531 0. 4.13842627395e-22 0.
1471179621 1 9035.22070312 0. 4.13591524953e-22 0.
1471179681 1 9028.09277344 0. 4.13635508895e-22 0.
1471179741 1 9020.07714844 0. 4.13645909593e-22 0.
1471179802 1 9004.1875 0. 4.13292353323e-22 0.
1471179862 1 8995.78417969 0. 4.13273927837e-22 0.
1471179922 1 8989.6640625 0. 4.13335636375e-22 0.
1471179982 1 8980.22851562 0. 4.13222117182e-22 0.
1471180042 1 8968.04980469 0. 4.13023575235e-22 0.
1471180102 1 8956.265625 0. 4.12826936956e-22 0.
1471180162 1 8948.38476562 0. 4.12821616923e-22 0.
1471180222 1 8941.61523438 0. 4.12869653857e-22 0.
1471180283 1 8933.2421875 0. 4.12815170526e-22 0.
1471180343 1 8922.39648438 0. 4.12678429003e-22 0.
1471180403 1 8911.84082031 0. 4.12547577702e-22 0.
1471180463 1 8903.16601562 0. 4.1251460292e-22 0.
1471180498 1 8898.09082031 0. 4.12467479246e-22 0.
1471180533 1 8892.99804688 0. 4.12457030237e-22 0.
1471180594 1 8879.82421875 0. 4.1222925844e-22 0.
1471180654 1 8869.51757812 0. 4.12087035678e-22 0.
1471180714 1 8866.05371094 0. 4.12276581774e-22 0.
1471180774 1 8858.30664062 0. 4.12315320662e-22 0.
1471180834 1 8848.93847656 0. 4.1220358558e-22 0.
1471180894 1 8837.53613281 0. 4.12015553979e-22 0.
1471180954 1 8828.63476562 0. 4.11934455531e-22 0.
1471181014 1 8817.04492188 0. 4.11707735737e-22 0.
1471181075 1 8809.58007812 0. 4.11705732686e-22 0.
1471181135 1 8799.60351562 0. 4.11605736142e-22 0.
1471181195 1 8786.21582031 0. 4.11340812161e-22 0.
1471181255 1 8779.67480469 0. 4.11381764211e-22 0.
1471181315 1 8774.64648438 0. 4.11470764675e-22 0.
1471181375 1 8762.97949219 0. 4.11267455251e-22 0.
1471181435 1 8755.35449219 0. 4.11271598146e-22 0.
1471181495 1 8749.07128906 0. 4.11311096892e-22 0.
1471181556 1 8731.83886719 0. 4.10847333099e-22 0.
1471181616 1 8723.21875 0. 4.10805865556e-22 0.
1471181676 1 8717.59960938 0. 4.109087353e-22 0.
1471181736 1 8708.66601562 0. 4.10830122977e-22 0.
1471181796 1 8696.83496094 0. 4.10598871548e-22 0.
1471181856 1 8687.02539062 0. 4.10482998298e-22 0.
1471181916 1 8680.5546875 0. 4.10519325783e-22 0.
1471181977 1 8673.02832031 0. 4.10499731114e-22 0.
1471182037 1 8662.28417969 0. 4.10337682492e-22 0.
1471182097 1 8657.48828125 0. 4.10460221485e-22 0.
1471182157 1 8648.36132812 0. 4.10375765974e-22 0.
1471182217 1 8634.93554688 0. 4.10087469709e-22 0.
1471182277 1 8628.375 0. 4.100967466e-22 0.
1471182337 1 8623.0625 0. 4.10180515839e-22 0.
1471182397 1 8611.33203125 0. 4.09982624829e-22 0.
1471182458 1 8597.90429688 0. 4.09675853927e-22 0.
1471182511 1 8591.58691406 0. 4.09656539333e-22 0.
1471182542 1 8585.27832031 0. 4.09586829632e-22 0.
1471182578 1 8580.90917969 0. 4.09547245373e-22 0.
1471182638 1 8574.08398438 0. 4.09545856971e-22 0.
1471182699 1 8568.88671875 0. 4.09615748157e-22 0.
1471182759 1 8559.83886719 0. 4.09511166535e-22 0.
1471182819 1 8550.96191406 0. 4.09452078203e-22 0.
1471182879 1 8538.82714844 0. 4.09247791815e-22 0.
1471182939 1 8530.69238281 0. 4.09180250332e-22 0.
1471182999 1 8523.03320312 0. 4.09176537882e-22 0.
1471183059 1 8510.83105469 0. 4.08936197032e-22 0.
1471183119 1 8502.43457031 0. 4.08895116497e-22 0.
1471183180 1 8494.75585938 0. 4.08869873494e-22 0.
1471183240 1 8487.40917969 0. 4.08833330842e-22 0.
1471183300 1 8474.87890625 0. 4.08592744437e-22 0.
1471183360 1 8466.77539062 0. 4.08510687719e-22 0.
1471183420 1 8460.19335938 0. 4.08511812648e-22 0.
1471183480 1 8451.0390625 0. 4.08386971655e-22 0.
1471183540 1 8441.06933594 0. 4.08238587464e-22 0.
1471183600 1 8432.62109375 0. 4.08157370227e-22 0.
1471183661 1 8424.44238281 0. 4.08107938093e-22 0.
1471183721 1 8411.55761719 0. 4.07814597885e-22 0.
1471183781 1 8403.38867188 0. 4.07741186092e-22 0.
1471183841 1 8398.31445312 0. 4.07824597199e-22 0.
1471183901 1 8373.00195312 0. 4.06916351453e-22 0.
1471183961 1 8207.14160156 0. 3.9920627037e-22 0.
1471184021 1 8006.71777344 0. 3.89766155208e-22 0.
1471184082 1 8372.02929688 0. 4.07880031437e-22 0.
1471184142 1 8375.41992188 0. 4.08382560255e-22 0.
1471184202 1 8365.27441406 0. 4.08227097438e-22 0.
1471184242 1 8358.8984375 0. 4.08110538006e-22 0.
1471184282 1 8355.63085938 0. 4.08157469463e-22 0.
1471184343 1 8348.43066406 0. 4.08133080473e-22 0.
1471184403 1 8343.05761719 0. 4.08206092561e-22 0.
1471184463 1 8331.99023438 0. 4.08010643307e-22 0.
1471184523 1 8325.04101562 0. 4.08033865604e-22 0.
1471184583 1 8318.20996094 0. 4.08013179797e-22 0.
1471184643 1 8306.66992188 0. 4.07760638993e-22 0.
1471184703 1 8292.89453125 0. 4.0743917919e-22 0.
1471184764 1 8283.19824219 0. 4.07282601137e-22 0.
1471184824 1 8276.88671875 0. 4.07303648144e-22 0.
1471184884 1 8268.53710938 0. 4.07199384309e-22 0.
1471184944 1 8260.23925781 0. 4.07122027321e-22 0.
1471185004 1 8250.18847656 0. 4.06977148403e-22 0.
1471185064 1 8242.01269531 0. 4.06867043287e-22 0.
1471185124 1 8235.63378906 0. 4.06890248625e-22 0.
1471185184 1 8226.29296875 0. 4.06722379823e-22 0.
1471185245 1 8220.54003906 0. 4.06760592099e-22 0.
1471185305 1 8210.77636719 0. 4.0662898643e-22 0.
1471185365 1 8201.1953125 0. 4.06485731058e-22 0.
1471185425 1 8196.86523438 0. 4.06607882289e-22 0.
1471185485 1 8185.70849609 0. 4.06402976006e-22 0.
1471185545 1 8170.44482422 0. 4.05937571929e-22 0.
1471185605 1 8172.68945312 0. 4.06377463515e-22 0.
1471185665 1 8167.63671875 0. 4.06451400448e-22 0.
1471185726 1 8157.6953125 0. 4.0630770358e-22 0.
1471185786 1 8150.84423828 0. 4.06252946276e-22 0.
1471185846 1 8140.15722656 0. 4.06044618453e-22 0.
1471185906 1 8132.88037109 0. 4.06000887308e-22 0.
1471185966 1 8123.99414062 0. 4.05902987908e-22 0.
1471186026 1 8114.70166016 0. 4.0580537046e-22 0.
1471186086 1 8109.12939453 0. 4.05887803852e-22 0.
1471186147 1 8101.05859375 0. 4.05812290721e-22 0.
1471186207 1 8095.57128906 0. 4.05893113483e-22 0.
1471186267 1 8089.89746094 0. 4.05880546515e-22 0.
1471186327 1 8074.81591797 0. 4.05424147288e-22 0.
1471186387 1 8063.23583984 0. 4.05164548452e-22 0.
1471186447 1 8052.37109375 0. 4.04952282724e-22 0.
1471186507 1 8039.79443359 0. 4.04678433345e-22 0.
1471186567 1 8044.25927734 0. 4.05224161893e-22 0.
1471186628 1 8033.05908203 0. 4.04986317929e-22 0.
1471186688 1 8029.66259766 0. 4.05107734598e-22 0.
1471186728 1 8023.53222656 0. 4.04997534485e-22 0.
1471186768 1 8019.21240234 0. 4.04964314823e-22 0.
1471186803 1 8015.42382812 0. 4.04905002962e-22 0.
1471186838 1 8011.63671875 0. 4.04945165458e-22 0.
1471186898 1 7999.70849609 0. 4.04687194588e-22 0.
1471186958 1 7981.08300781 0. 4.04068071656e-22 0.
1471187018 1 7977.14013672 0. 4.04202381021e-22 0.
1471187078 1 7971.87207031 0. 4.0424036681e-22 0.
1471187138 1 7961.89990234 0. 4.04067665611e-22 0.
1471187199 1 7965.10400391 0. 4.04573517454e-22 0.
1471187259 1 7951.20996094 0. 4.04166511744e-22 0.
1471187319 1 7943.38818359 0. 4.04086714494e-22 0.
1471187379 1 7943.91943359 0. 4.04479799538e-22 0.
1471187439 1 7931.13671875 0. 4.04172582835e-22 0.
1471187499 1 7916.68066406 0. 4.03769977578e-22 0.
1471187559 1 7915.24316406 0. 4.04022757382e-22 0.
1471187619 1 7908.79492188 0. 4.04017562608e-22 0.
1471187680 1 7901.67480469 0. 4.0393529889e-22 0.
1471187740 1 7886.86132812 0. 4.0349773953e-22 0.
1471187800 1 7890.24462891 0. 4.03995263356e-22 0.
1471187860 1 7879.39160156 0. 4.03779027968e-22 0.
1471187920 1 7870.26171875 0. 4.03596420636e-22 0.
1471187980 1 7864.43212891 0. 4.03656448005e-22 0.
1471188015 1 7861.02929688 0. 4.036451141e-22 0.
1471188051 1 7857.61181641 0. 4.0366238191e-22 0.
1471188111 1 7846.42773438 0. 4.03450168801e-22 0.
1471188171 1 7843.00390625 0. 4.03580188868e-22 0.
1471188231 1 7837.03320312 0. 4.03604368578e-22 0.
1471188291 1 7829.69238281 0. 4.03502705497e-22 0.
1471188351 1 7822.20800781 0. 4.03447326005e-22 0.
1471188411 1 7814.37792969 0. 4.03380798555e-22 0.
1471188472 1 7807.14013672 0. 4.03344276503e-22 0.
1471188532 1 7796.38818359 0. 4.03135973299e-22 0.
1471188592 1 7786.41308594 0. 4.02958309472e-22 0.
1471188652 1 7790.25537109 0. 4.03436921205e-22 0.
1471188712 1 7784.40771484 0. 4.03435555123e-22 0.
1471188771 1 7776.70654297 0. 4.03374689235e-22 0.
1471188830 1 7770.43408203 0. 4.03340151722e-22 0.
1471188890 1 7765.89648438 0. 4.03411879546e-22 0.
1471188948 1 7758.77880859 0. 4.03368877515e-22 0.
1471189006 1 7752.61865234 0. 4.03391783137e-22 0.
1471189067 1 7747.07373047 0. 4.03411909191e-22 0.
1471189127 1 7739.61035156 0. 4.03340078478e-22 0.
1471189187 1 7728.51757812 0. 4.03105812182e-22 0.
1471189247 1 7727.58154297 0. 4.03378178569e-22 0.
1471189307 1 7719.92041016 0. 4.03295465922e-22 0.
1471189367 1 7710.81396484 0. 4.03080892109e-22 0.
1471189427 1 7699.01269531 0. 4.0278117814e-22 0.
1471189487 1 7696.65332031 0. 4.0296382629e-22 0.
1471189548 1 7693.58203125 0. 4.03149493716e-22 0.
1471189608 1 7685.43359375 0. 4.03056730804e-22 0.
1471189668 1 7682.73730469 0. 4.03185705221e-22 0.
1471189728 1 7671.85253906 0. 4.02926939018e-22 0.
1471189788 1 7657.91113281 0. 4.02573181298e-22 0.
1471189848 1 7653.85058594 0. 4.02678249228e-22 0.
1471189908 1 7645.57666016 0. 4.02531855088e-22 0.
1471189969 1 7641.63623047 0. 4.02646474039e-22 0.
1471190029 1 7635.31445312 0. 4.02606238232e-22 0.
1471190089 1 7629.47949219 0. 4.02644605535e-22 0.
1471190149 1 7621.16162109 0. 4.02523248353e-22 0.
1471190209 1 7618.59130859 0. 4.02659215601e-22 0.
1471190269 1 7609.01708984 0. 4.02494616157e-22 0.
1471190329 1 7603.74560547 0. 4.02545941325e-22 0.
1471190389 1 7596.14111328 0. 4.02417961283e-22 0.
1471190450 1 7548.59228516 0. 4.00192187764e-22 0.
1471190510 1 7409.39990234 0. 3.93104827661e-22 0.
1471190570 1 7254.03662109 0. 3.85146587052e-22 0.
1471190630 1 7575.37207031 0. 4.02524019796e-22 0.
1471190690 1 7581.23193359 0. 4.03142244078e-22 0.
1471190750 1 7575.89697266 0. 4.0314801365e-22 0.
1471190810 1 7567.37792969 0. 4.03052115327e-22 0.
1471190870 1 7560.18896484 0. 4.02961157829e-22 0.
1471190931 1 7553.49169922 0. 4.02907592127e-22 0.
1471190991 1 7546.34423828 0. 4.04239513031e-22 0.
1471191051 1 7542.25488281 0. 4.02917491737e-22 0.
1471191111 1 7535.87207031 0. 4.02888060985e-22 0.
1471191171 1 7528.21533203 0. 4.02808636891e-22 0.
1471191231 1 7520.73291016 0. 4.02702698326e-22 0.
1471191291 1 7513.31005859 0. 4.02615619074e-22 0.
1471191352 1 7507.35595703 0. 4.02628468727e-22 0.
1471191412 1 7501.36425781 0. 4.02611750393e-22 0.
1471191472 1 7494.74121094 0. 4.02579680699e-22 0.
1471191532 1 7490.16943359 0. 4.02656037725e-22 0.
1471191592 1 7485.55371094 0. 4.0274420396e-22 0.
1471191652 1 7479.18212891 0. 4.02710746718e-22 0.
1471191712 1 7470.62402344 0. 4.02577143973e-22 0.
1471191772 1 7463.35058594 0. 4.02525316814e-22 0.
1471191832 1 7460.54541016 0. 4.02675373964e-22 0.
1471191893 1 7453.60742188 0. 4.02630980306e-22 0.
1471191953 1 7445.09863281 0. 4.02485082492e-22 0.
1471192013 1 7438.34326172 0. 4.02446500607e-22 0.
1471192073 1 7431.24902344 0. 4.02395126439e-22 0.
1471192133 1 7425.16748047 0. 4.02361678048e-22 0.
1471192193 1 7419.33984375 0. 4.02377395452e-22 0.
1471192253 1 7411.03662109 0. 4.022396262e-22 0.
1471192313 1 7402.67480469 0. 4.02080761062e-22 0.
1471192374 1 7397.72802734 0. 4.02122810122e-22 0.
1471192434 1 7393.95947266 0. 4.02236649827e-22 0.
1471192494 1 7387.46679688 0. 4.02195231395e-22 0.
1471192554 1 7380.88183594 0. 4.02142459121e-22 0.
1471192614 1 7373.01611328 0. 4.02049289675e-22 0.
1471192650 1 7368.35400391 0. 4.01946624213e-22 0.
1471192685 1 7363.66845703 0. 4.01851436291e-22 0.
1471192746 1 7358.45654297 0. 4.01902200316e-22 0.
1471192806 1 7350.25830078 0. 4.01750870712e-22 0.
1471192866 1 7345.37011719 0. 4.01793394419e-22 0.
1471192926 1 7342.17431641 0. 4.01902354805e-22 0.
1471192986 1 7334.60839844 0. 4.01838653188e-22 0.
1471193046 1 7327.20214844 0. 4.01724731757e-22 0.
1471193107 1 7319.46679688 0. 4.01608549287e-22 0.
1471193167 1 7314.00244141 0. 4.01656192195e-22 0.
1471193227 1 7307.04345703 0. 4.01592409435e-22 0.
1471193287 1 7302.41015625 0. 4.01656471394e-22 0.
1471193347 1 7296.87792969 0. 4.01646242325e-22 0.
1471193407 1 7287.99316406 0. 4.01471275143e-22 0.
1471193467 1 7278.44335938 0. 4.01235248126e-22 0.
1471193528 1 7275.39550781 0. 4.01361767317e-22 0.
1471193588 1 7266.89160156 0. 4.01217360677e-22 0.
1471193648 1 7260.07568359 0. 4.01139694752e-22 0.
1471193708 1 7258.25488281 0. 4.01353463249e-22 0.
1471193768 1 7246.83154297 0. 4.01013160034e-22 0.
1471193815 1 7233.93310547 0. 4.00563742436e-22 0.
1471193861 1 7231.14257812 0. 0.0 0.
1471193896 1 7229.04345703 0. 4.00634765282e-22 0.
1471193931 1 7226.94384766 0. 4.00700000004e-22 0.
1471193992 1 7220.52587891 0. 4.00682105755e-22 0.
1471194052 1 7215.87451172 0. 4.00730903267e-22 0.
1471194112 1 7209.11914062 0. 4.00689927424e-22 0.
1471194172 1 7204.95458984 0. 4.00776976194e-22 0.
1471194232 1 7195.69775391 0. 4.00603250179e-22 0.
1471194292 1 7193.36083984 0. 4.00763333354e-22 0.
1471194353 1 7186.64404297 0. 4.00688035662e-22 0.
1471194413 1 7180.06054688 0. 4.00585971919e-22 0.
1471194473 1 7171.72509766 0. 4.00430070946e-22 0.
1471194533 1 7164.79980469 0. 4.00376667987e-22 0.
1471194593 1 7156.00097656 0. 4.00197452376e-22 0.
1471194653 1 7153.03515625 0. 4.00321583026e-22 0.
1471194714 1 7150.17724609 0. 4.00428689111e-22 0.
1471194774 1 7144.57421875 0. 4.00386078941e-22 0.
1471194834 1 7136.0625 0. 4.00217576138e-22 0.
1471194894 1 7128.79296875 0. 4.0013297177e-22 0.
1471194954 1 7125.35595703 0. 4.0024396192e-22 0.
1471195014 1 7115.59082031 0. 3.99998029718e-22 0.
1471195074 1 7107.83789062 0. 3.99878576082e-22 0.
1471195134 1 7103.79882812 0. 3.99967629419e-22 0.
1471195195 1 7096.76074219 0. 3.99858408721e-22 0.
1471195255 1 7093.28955078 0. 3.99951308821e-22 0.
1471195315 1 7089.42285156 0. 4.0005669287e-22 0.
1471195375 1 7078.78564453 0. 3.99793137272e-22 0.
1471195435 1 7077.13476562 0. 4.00027096744e-22 0.
1471195495 1 7069.00488281 0. 3.99863951459e-22 0.
1471195555 1 7064.63964844 0. 3.99915460887e-22 0.
1471195615 1 7057.2734375 0. 3.99767769252e-22 0.
1471195676 1 7053.71972656 0. 3.99888651389e-22 0.
1471195736 1 7050.03710938 0. 3.99989486847e-22 0.
1471195796 1 7039.51123047 0. 3.99658361922e-22 0.
1471195856 1 7035.05957031 0. 3.99729341631e-22 0.
1471195916 1 7028.14746094 0. 3.99606197853e-22 0.
1471195976 1 7022.02001953 0. 3.99580290409e-22 0.
1471196036 1 7019.49511719 0. 3.99726433425e-22 0.
1471196096 1 7016.06494141 0. 3.99804605086e-22 0.
1471196156 1 7007.08544922 0. 3.99590797338e-22 0.
1471196217 1 7002.81054688 0. 3.99608612985e-22 0.
1471196277 1 6993.62402344 0. 3.99385115821e-22 0.
1471196337 1 6989.75878906 0. 3.99468589551e-22 0.
1471196397 1 6983.11914062 0. 3.99397071348e-22 0.
1471196457 1 6974.64990234 0. 3.99229394754e-22 0.
1471196517 1 6967.80419922 0. 3.9912148586e-22 0.
1471196577 1 6963.84667969 0. 3.99185589459e-22 0.
1471196638 1 6959.625 0. 3.99248961635e-22 0.
1471196682 1 6959.23779297 0. 3.99445187848e-22 0.
1471196727 1 6954.44970703 0. 3.99370434623e-22 0.
1471196762 1 6950.70898438 0. 3.99314492604e-22 0.
1471196797 1 6946.96777344 0. 3.9927793007e-22 0.
1471196858 1 6939.73681641 0. 3.99154112119e-22 0.
1471196918 1 6929.77734375 0. 3.98896022763e-22 0.
1471196978 1 6828.16552734 0. 3.93358161019e-22 0.
1471197038 1 6714.06591797 0. 3.87061463063e-22 0.
1471197098 1 6784.03320312 0. 3.91380764716e-22 0.
1471197158 1 6926.76025391 0. 3.99889136456e-22 0.
1471197218 1 6922.61035156 0. 3.99960889696e-22 0.
1471197279 1 6918.12255859 0. 3.99980747324e-22 0.
1471197339 1 6913.60839844 0. 4.000375964e-22 0.
1471197399 1 6905.02246094 0. 3.99819566714e-22 0.
1471197459 1 6898.37548828 0. 3.99740150732e-22 0.
1471197519 1 6895.66064453 0. 3.99886008379e-22 0.
1471197579 1 6891.00927734 0. 3.99864163953e-22 0.
1471197639 1 6884.09179688 0. 3.99785158601e-22 0.
1471197699 1 6877.66650391 0. 3.99733637473e-22 0.
1471197760 1 6873.75585938 0. 3.99785796025e-22 0.
1471197808 1 6868.09619141 0. 3.99686709149e-22 0.
1471197856 1 6865.18164062 0. 3.99752416888e-22 0.
1471197916 1 6860.37207031 0. 3.9975624737e-22 0.
1471197977 1 6853.50195312 0. 3.99605800861e-22 0.
1471198037 1 6850.16308594 0. 3.99722611997e-22 0.
1471198097 1 6845.38134766 0. 3.99713736173e-22 0.
1471198157 1 6840.08740234 0. 3.99731776376e-22 0.
1471198217 1 6834.06738281 0. 3.99697433825e-22 0.
1471198277 1 6827.22851562 0. 3.99599423934e-22 0.
1471198337 1 6821.42578125 0. 3.99548310697e-22 0.
1471198398 1 6816.86328125 0. 3.99563923575e-22 0.
1471198458 1 6812.52734375 0. 3.99613211609e-22 0.
1471198518 1 6806.29199219 0. 3.99524106393e-22 0.
1471198578 1 6800.4453125 0. 3.99490986757e-22 0.
1471198638 1 6794.05615234 0. 3.99399845343e-22 0.
1471198698 1 6789.24121094 0. 3.99406995131e-22 0.
1471198758 1 6785.35742188 0. 3.9945064166e-22 0.
1471198818 1 6779.10253906 0. 3.99395543511e-22 0.
1471198879 1 6774.05371094 0. 3.99412536936e-22 0.
1471198939 1 6767.46826172 0. 3.99343400961e-22 0.
1471198999 1 6762.63818359 0. 3.9931002175e-22 0.
1471199059 1 6757.64599609 0. 3.9931148373e-22 0.
1471199119 1 6753.94873047 0. 3.99417298433e-22 0.
1471199179 1 6747.05175781 0. 3.99290965744e-22 0.
1471199239 1 6741.21533203 0. 3.99220179407e-22 0.
1471199300 1 6736.26806641 0. 3.99235976481e-22 0.
1471199360 1 6731.2421875 0. 3.99215295343e-22 0.
1471199420 1 6725.26611328 0. 3.9914688526e-22 0.
1471199480 1 6720.13671875 0. 3.99142939084e-22 0.
1471199540 1 6714.50146484 0. 3.99112876378e-22 0.
1471199600 1 6708.79931641 0. 3.9905807315e-22 0.
1471199660 1 6703.02490234 0. 3.98974896562e-22 0.
1471199720 1 6699.70605469 0. 3.99126140681e-22 0.
1471199781 1 6691.97021484 0. 3.98940733538e-22 0.
1471199841 1 6684.87109375 0. 3.98767572154e-22 0.
1471199901 1 6680.52734375 0. 3.98799780093e-22 0.
1471199961 1 6678.64746094 0. 3.98970476519e-22 0.
1471200021 1 6673.88818359 0. 3.98963465881e-22 0.
1471200081 1 6621.81494141 0. 3.96166588671e-22 0.
1471200141 1 6496.75390625 0. 3.88967559983e-22 0.
1471200202 1 6472.703125 0. 3.87832470272e-22 0.
1471200262 1 6407.99511719 0. 3.84240939957e-22 0.
1471200322 1 6345.0703125 0. 3.80805925743e-22 0.
1471200382 1 6355.50732422 0. 3.81737834858e-22 0.
1471200442 1 6353.22558594 0. 3.81880070494e-22 0.
1471200502 1 6352.85888672 0. 3.82110907264e-22 0.
1471200562 1 6345.90625 0. 3.81986818474e-22 0.
1471200623 1 6341.29736328 0. 3.81901814341e-22 0.
1471200683 1 6263.48974609 0. 3.77493451859e-22 0.
1471200743 1 6142.44726562 0. 3.7043495877e-22 0.
1471200803 1 6199.79589844 0. 3.74193953449e-22 0.
1471200863 1 6324.29248047 0. 3.81971456505e-22 0.
1471200923 1 6322.12988281 0. 3.82151878444e-22 0.
1471200983 1 6316.51318359 0. 3.82061042919e-22 0.
1471201043 1 6307.83642578 0. 3.81795218512e-22 0.
1471201104 1 6306.41210938 0. 3.82002781307e-22 0.
1471201164 1 6303.73925781 0. 3.82114278997e-22 0.
1471201224 1 6298.37402344 0. 3.82050481411e-22 0.
1471201284 1 6294.17285156 0. 3.82052758212e-22 0.
1471201344 1 6291.55908203 0. 3.82149482706e-22 0.
1471201383 1 6287.80712891 0. 3.82115995096e-22 0.
1471201398 1 6284.89892578 0. 3.82001953145e-22 0.
1471201436 1 6282.71435547 0. 3.82005589709e-22 0.
1471201496 1 6279.91210938 0. 3.82091960215e-22 0.
1471201556 1 6276.20263672 0. 3.82129193921e-22 0.
1471201616 1 6272.44775391 0. 3.8215460786e-22 0.
1471201677 1 6267.80224609 0. 3.82165456338e-22 0.
1471201737 1 6262.79101562 0. 3.82137442546e-22 0.
1471201797 1 6253.91845703 0. 3.81872231413e-22 0.
1471201843 1 6251.77001953 0. 3.81946311041e-22 0.
1471201866 1 6251.93359375 0. 3.82079972736e-22 0.
1471201904 1 6250.41162109 0. 3.82127832004e-22 0.
1471201964 1 6246.95703125 0. 3.82155916928e-22 0.
1471202024 1 6243.07714844 0. 3.82201151943e-22 0.
1471202084 1 6238.92138672 0. 3.82229646162e-22 0.
1471202145 1 6233.02783203 0. 3.82125768308e-22 0.
1471202205 1 6231.40332031 0. 3.823272344e-22 0.
1471202265 1 6227.27197266 0. 3.82320167036e-22 0.
1471202300 1 6224.86279297 0. 3.82268159984e-22 0.
1471202335 1 6222.45507812 0. 3.82321676611e-22 0.
1471202395 1 6214.73583984 0. 3.82137675796e-22 0.
1471202455 1 6210.57373047 0. 3.82176130197e-22 0.
1471202515 1 6206.47216797 0. 3.82176907346e-22 0.
1471202575 1 6203.96972656 0. 3.82300672148e-22 0.
1471202636 1 6199.43408203 0. 3.82311525719e-22 0.
1471202671 1 6196.77929688 0. 3.82269463206e-22 0.
1471202682 1 6195.92919922 0. 3.82292086455e-22 0.
1471202718 1 6195.0390625 0. 3.82416625621e-22 0.
1471202778 1 6189.19824219 0. 3.82307265932e-22 0.
1471202838 1 6186.07714844 0. 3.82355437505e-22 0.
1471202899 1 6181.390625 0. 3.82319875663e-22 0.
1471202959 1 6178.54833984 0. 3.82403741753e-22 0.
1471203015 1 6176.45898438 0. 3.82537171876e-22 0.
1471203072 1 6170.38867188 0. 3.8241164415e-22 0.
1471203132 1 6161.83886719 0. 3.82161594322e-22 0.
1471203169 1 6157.35302734 0. 3.82065161502e-22 0.
1471203206 1 6154.80810547 0. 3.82050459603e-22 0.
1471203249 1 6153.72314453 0. 3.82165971695e-22 0.
1471203292 1 6147.91699219 0. 3.81971995925e-22 0.
1471203352 1 6146.66357422 0. 3.821690006e-22 0.
1471203412 1 6142.58984375 0. 3.82170437913e-22 0.
1471203472 1 6140.33691406 0. 3.82278886511e-22 0.
1471203532 1 6134.12597656 0. 3.82137971398e-22 0.
1471203593 1 6127.83398438 0. 3.8203850847e-22 0.
1471203653 1 6122.46923828 0. 3.81974625042e-22 0.
1471203713 1 6121.76025391 0. 3.82210992338e-22 0.
1471203773 1 6119.5390625 0. 3.82329045785e-22 0.
1471203822 1 6116.41259766 0. 3.82375964409e-22 0.
1471203862 1 6112.04638672 0. 3.82264668578e-22 0.
1471203903 1 6108.17626953 0. 3.82230494092e-22 0.
1471203952 1 6106.56152344 0. 3.82337797274e-22 0.
1471203987 1 6105.40917969 0. 3.82411538139e-22 0.
1471203997 1 6105.07617188 0. 3.82448603254e-22 0.
1471204032 1 6102.73681641 0. 3.8245605905e-22 0.
1471204067 1 6100.40576172 0. 3.82388448321e-22 0.
1471204102 1 6098.07226562 0. 3.82389788116e-22 0.
1471204163 1 6092.921875 0. 3.82385200632e-22 0.
1471204212 1 6088.64990234 0. 3.82318388542e-22 0.
1471204242 1 6085.73828125 0. 3.82279594461e-22 0.
1471204282 1 6084.47851562 0. 3.82373712664e-22 0.
1471204319 1 6081.81298828 0. 3.82353614331e-22 0.
1471204355 1 6080.41845703 0. 3.82439323487e-22 0.
1471204391 1 6079.36474609 0. 3.825755721e-22 0.
1471204426 1 6077.22265625 0. 3.82571562211e-22 0.
1471204486 1 6074.82763672 0. 3.82666807602e-22 0.
1471204546 1 6068.71972656 0. 3.82526830772e-22 0.
1471204606 1 6065.04443359 0. 3.82570502339e-22 0.
1471204667 1 6061.34619141 0. 3.82606928231e-22 0.
1471204727 1 6056.28613281 0. 3.82527738083e-22 0.
1471204780 1 6052.05029297 0. 3.82493543179e-22 0.
1471204833 1 6047.16210938 0. 3.82405252681e-22 0.
1471204893 1 6041.19335938 0. 3.82275213457e-22 0.
1471204953 1 6039.27636719 0. 3.82422920296e-22 0.
1471204999 1 6036.58544922 0. 3.82442835811e-22 0.
1471205026 1 6035.93212891 0. 3.82542424432e-22 0.
1471205066 1 6032.75146484 0. 3.82480561494e-22 0.
1471205126 1 6027.13037109 0. 3.82389470317e-22 0.
1471205186 1 6026.29736328 0. 3.82608896772e-22 0.
1471205246 1 6020.39453125 0. 3.82507214831e-22 0.
1471205306 1 6014.28662109 0. 3.82399178508e-22 0.
1471205367 1 6010.50097656 0. 3.82376718931e-22 0.
1471205427 1 6007.00732422 0. 3.82378216293e-22 0.
1471205487 1 6002.30664062 0. 3.82348808058e-22 0.
1471205547 1 6000.52539062 0. 3.82491109906e-22 0.
1471205607 1 5995.70654297 0. 3.8243148713e-22 0.
1471205666 1 5993.640625 0. 3.8256840034e-22 0.
1471205726 1 5989.46826172 0. 3.82560762695e-22 0.
1471205786 1 5983.53613281 0. 3.82440493507e-22 0.
1471205846 1 5982.02490234 0. 3.82651562599e-22 0.
1471205906 1 5978.38623047 0. 3.8269417141e-22 0.
1471205966 1 5975.62841797 0. 3.82801324368e-22 0.
1471206026 1 5968.70800781 0. 3.8260712213e-22 0.
1471206087 1 5964.30859375 0. 3.82562265462e-22 0.
1471206147 1 5961.71044922 0. 3.82628205044e-22 0.
1471206184 1 5958.32177734 0. 3.82582453164e-22 0.
1471206202 1 5957.72705078 0. 3.82601113029e-22 0.
1471206242 1 5957.11767578 0. 3.82753287251e-22 0.
1471206302 1 5952.53955078 0. 3.82696534879e-22 0.
1471206362 1 5947.72460938 0. 3.82657388632e-22 0.
1471206423 1 5946.46142578 0. 3.82866721776e-22 0.
1471206483 1 5941.96972656 0. 3.82779937265e-22 0.
1471206540 1 5935.39111328 0. 3.82590011705e-22 0.
1471206598 1 5932.07910156 0. 3.82595151641e-22 0.
1471206658 1 5928.74658203 0. 3.8265125116e-22 0.
1471206719 1 5925.19384766 0. 3.82720347954e-22 0.
1471206779 1 5924.40234375 0. 3.8295332584e-22 0.
1471206839 1 5918.84228516 0. 3.82853518422e-22 0.
1471206899 1 5912.99169922 0. 3.82715293627e-22 0.
1471206959 1 5911.88964844 0. 3.82911127921e-22 0.
1471207019 1 5906.82275391 0. 3.82841893828e-22 0.
1471207079 1 5898.61132812 0. 3.82604778694e-22 0.
1471207140 1 5896.38476562 0. 3.82731471877e-22 0.
1471207200 1 5892.1875 0. 0.0 0.
1471207235 1 5889.73925781 0. 3.82726602111e-22 0.
1471207270 1 5887.29003906 0. 3.8271659664e-22 0.
1471207330 1 5884.00976562 0. 3.82765834217e-22 0.
1471207390 1 5879.12011719 0. 3.82700606301e-22 0.
1471207450 1 5874.45458984 0. 3.82674929241e-22 0.
1471207510 1 5873.95068359 0. 3.8290494849e-22 0.
1471207571 1 5871.67871094 0. 3.83030056395e-22 0.
1471207631 1 5867.01123047 0. 3.82988405598e-22 0.
1471207691 1 5743.15429688 0. 3.75176152996e-22 0.
1471207751 1 5621.83349609 0. 3.6746726616e-22 0.
1471207811 1 5860.43798828 0. 3.8331852817e-22 0.
1471207871 1 5860.92333984 0. 3.83594469117e-22 0.
1471207931 1 5855.22167969 0. 3.83493844689e-22 0.
1471207991 1 5850.7890625 0. 3.83489188954e-22 0.
1471208051 1 5847.02050781 0. 3.8350848363e-22 0.
1471208112 1 5845.10546875 0. 3.83621286911e-22 0.
1471208172 1 5841.0859375 0. 3.83620852324e-22 0.
1471208232 1 5836.03222656 0. 3.83559021707e-22 0.
1471208292 1 5834.19140625 0. 3.83691268367e-22 0.
1471208352 1 5828.41015625 0. 3.83533533906e-22 0.
1471208412 1 5823.97216797 0. 3.8348140056e-22 0.
1471208472 1 5823.46044922 0. 3.83669252079e-22 0.
1471208532 1 5823.28027344 0. 3.83821965152e-22 0.
1471208593 1 5826.35351562 0. 3.84262386331e-22 0.
1471208653 1 5820.80273438 0. 3.84094543939e-22 0.
1471208713 1 5814.78027344 0. 3.83926665965e-22 0.
1471208773 1 5813.21875 0. 3.84106215186e-22 0.
1471208833 1 5810.17089844 0. 3.84129678724e-22 0.
1471208893 1 5804.50732422 0. 3.84032165781e-22 0.
1471208954 1 5801.19628906 0. 3.840608745e-22 0.
1471209014 1 5796.29199219 0. 3.83966573477e-22 0.
1471209074 1 5791.16162109 0. 3.83885833296e-22 0.
1471209134 1 5789.67773438 0. 3.84040146284e-22 0.
1471209194 1 5785.89355469 0. 3.84089813422e-22 0.
1471209236 1 5782.99707031 0. 3.84079687097e-22 0.
1471209277 1 5779.35400391 0. 3.84000240175e-22 0.
1471209337 1 5776.47167969 0. 3.84072082571e-22 0.
1471209398 1 5772.90722656 0. 3.84100028211e-22 0.
1471209458 1 5769.02832031 0. 3.84086349418e-22 0.
1471209518 1 5765.20996094 0. 3.84089935612e-22 0.
1471209578 1 5762.12158203 0. 3.84136042516e-22 0.
1471209638 1 5755.76464844 0. 3.83967985871e-22 0.
1471209698 1 5753.21972656 0. 3.84031066442e-22 0.
1471209758 1 5749.16064453 0. 0.0 0.
1471209794 1 5746.78369141 0. 3.84034683227e-22 0.
1471209829 1 5744.40771484 0. 3.84012394895e-22 0.
1471209889 1 5741.51806641 0. 3.84097575658e-22 0.
1471209925 1 5741.84228516 0. 3.84276590492e-22 0.
1471209961 1 5738.72900391 0. 3.84205164812e-22 0.
1471210021 1 5733.02636719 0. 3.84086030165e-22 0.
1471210082 1 5729.41162109 0. 0.0 0.
1471210117 1 5727.30224609 0. 3.84083856248e-22 0.
1471210152 1 5725.19238281 0. 3.84085480489e-22 0.
1471210212 1 5721.78808594 0. 3.84145398265e-22 0.
1471210272 1 5718.74023438 0. 3.84223801555e-22 0.
1471210332 1 5713.7734375 0. 3.84131102597e-22 0.
1471210368 1 5713.01708984 0. 3.84252561847e-22 0.
1471210405 1 5711.26074219 0. 3.84249411238e-22 0.
1471210465 1 5707.58105469 0. 3.84245569458e-22 0.
1471210525 1 5702.59326172 0. 3.84220589121e-22 0.
1471210585 1 5700.28564453 0. 3.84342469241e-22 0.
1471210645 1 5697.34863281 0. 3.84372658379e-22 0.
1471210705 1 5694.26660156 0. 3.84408335696e-22 0.
1471210766 1 5687.56494141 0. 3.84255957323e-22 0.
1471210826 1 5681.83544922 0. 3.84145173265e-22 0.
1471210886 1 5679.75390625 0. 3.84258670105e-22 0.
1471210946 1 5675.11962891 0. 3.84195424312e-22 0.
1471211006 1 5671.84912109 0. 3.84229306846e-22 0.
1471211066 1 5669.42529297 0. 3.84309843742e-22 0.
1471211126 1 5664.18261719 0. 3.842086589e-22 0.
1471211177 1 5662.34423828 0. 3.84282195496e-22 0.
1471211228 1 5660.50097656 0. 3.84352113604e-22 0.
1471211288 1 5658.24023438 0. 3.84494579792e-22 0.
1471211348 1 5653.44482422 0. 3.84413573369e-22 0.
1471211392 1 5650.64013672 0. 3.84427024196e-22 0.
1471211416 1 5650.30273438 0. 3.84523387288e-22 0.
1471211456 1 5647.37011719 0. 3.84445469471e-22 0.
1471211516 1 5642.96972656 0. 3.84402903022e-22 0.
1471211576 1 5636.36523438 0. 3.84235848564e-22 0.
1471211636 1 5634.42773438 0. 3.8435843608e-22 0.
1471211671 1 5633.29736328 0. 3.84433701513e-22 0.
1471211706 1 5632.16210938 0. 3.84508522619e-22 0.
1471211767 1 5626.49560547 0. 3.84404683123e-22 0.
1471211827 1 5621.09033203 0. 3.8428512531e-22 0.
1471211887 1 5618.09082031 0. 3.84308601001e-22 0.
1471211947 1 5615.11279297 0. 3.84353640163e-22 0.
1471212007 1 5612.67285156 0. 3.84477925048e-22 0.
1471212067 1 5610.49072266 0. 3.84577963879e-22 0.
1471212103 1 5609.21044922 0. 3.8462776467e-22 0.
1471212138 1 5607.92871094 0. 3.84679333811e-22 0.
1471212198 1 5604.06103516 0. 3.84707922367e-22 0.
1471212258 1 5599.37988281 0. 3.84610130307e-22 0.
1471212318 1 5595.57958984 0. 3.84589125131e-22 0.
1471212378 1 5593.63574219 0. 3.84695010665e-22 0.
1471212439 1 5589.77832031 0. 3.84712199838e-22 0.
1471212499 1 5585.76367188 0. 3.84733816146e-22 0.
1471212559 1 5580.62353516 0. 3.84612289517e-22 0.
1471212598 1 5574.62841797 0. 3.84339205396e-22 0.
1471212636 1 5576.77685547 0. 3.84643316933e-22 0.
1471212696 1 5571.78173828 0. 3.84558925636e-22 0.
1471212756 1 5568.37744141 0. 3.84568668154e-22 0.
1471212816 1 5563.49316406 0. 3.84481740877e-22 0.
1471212877 1 5559.68603516 0. 3.84451355741e-22 0.
1471212937 1 5558.48632812 0. 3.84632194914e-22 0.
1471212997 1 5556.67773438 0. 3.84753296858e-22 0.
1471213057 1 5552.52978516 0. 3.84757286632e-22 0.
1471213117 1 5549.33398438 0. 3.84794236745e-22 0.
1471213177 1 5544.92041016 0. 3.84799327969e-22 0.
1471213237 1 5538.25146484 0. 3.84586945088e-22 0.
1471213297 1 5536.03759766 0. 3.84654946687e-22 0.
1471213341 1 5534.21533203 0. 3.84705142007e-22 0.
1471213373 1 5533.15380859 0. 3.84759954827e-22 0.
1471213422 1 5529.45361328 0. 3.84710206518e-22 0.
1471213483 1 5525.43847656 0. 0.0 0.
1471213518 1 5523.10351562 0. 3.84654845116e-22 0.
1471213553 1 5520.77050781 0. 3.84629527114e-22 0.
1471213613 1 5517.35693359 0. 3.84676019684e-22 0.
1471213673 1 5512.34912109 0. 3.84574604161e-22 0.
1471213733 1 5510.72753906 0. 3.84671936499e-22 0.
1471213793 1 5509.19775391 0. 3.84817122771e-22 0.
1471213844 1 5503.76611328 0. 3.84654664165e-22 0.
1471213872 1 5501.03027344 0. 3.84581948173e-22 0.
1471213910 1 5499.12158203 0. 3.84607280365e-22 0.
1471213970 1 5498.12255859 0. 3.84779245695e-22 0.
1471214030 1 5494.59082031 0. 3.84774557073e-22 0.
1471214090 1 5488.48193359 0. 3.84610263302e-22 0.
1471214150 1 5489.00488281 0. 3.8489336777e-22 0.
1471214211 1 5484.79443359 0. 3.8486830055e-22 0.
1471214271 1 5481.00244141 0. 3.8482402226e-22 0.
1471214331 1 5477.03369141 0. 3.84805420302e-22 0.
1471214391 1 5471.66699219 0. 3.84664085613e-22 0.
1471214451 1 5468.86621094 0. 3.84731149479e-22 0.
1471214511 1 5463.90722656 0. 3.84621391844e-22 0.
1471214571 1 5460.97998047 0. 3.84650708152e-22 0.
1471214631 1 5458.37451172 0. 3.84727609528e-22 0.
1471214692 1 5453.60742188 0. 3.84656904826e-22 0.
1471214752 1 5451.55615234 0. 3.84758287082e-22 0.
1471214812 1 5446.97607422 0. 0.0 0.
1471214847 1 5444.30371094 0. 3.84620423047e-22 0.
1471214882 1 5441.63134766 0. 3.84866240986e-22 0.
1471214931 1 5440.63183594 0. 3.84744986709e-22 0.
1471214980 1 5438.95068359 0. 3.84828436464e-22 0.
1471215040 1 5433.91845703 0. 3.84702312427e-22 0.
1471215093 1 5431.3984375 0. 3.84731795726e-22 0.
1471215146 1 5429.48486328 0. 3.84803555392e-22 0.
1471215207 1 5424.07470703 0. 3.84660218677e-22 0.
1471215267 1 5422.72070312 0. 3.84800633041e-22 0.
1471215327 1 5418.23583984 0. 3.84723217147e-22 0.
1471215387 1 5415.75341797 0. 3.84801119266e-22 0.
1471215447 1 5410.65576172 0. 3.84695169221e-22 0.
1471215507 1 5407.15234375 0. 3.84687137458e-22 0.
1471215568 1 5402.94140625 0. 3.84665030185e-22 0.
1471215628 1 5400.63378906 0. 3.84721211711e-22 0.
1471215688 1 5396.80419922 0. 3.84691782586e-22 0.
1471215748 1 5393.58789062 0. 3.84745082422e-22 0.
1471215808 1 5389.31835938 0. 3.84671386757e-22 0.
1471215868 1 5385.81933594 0. 3.84683426156e-22 0.
1471215928 1 5383.53662109 0. 3.84776669185e-22 0.
1471215989 1 5382.12304688 0. 3.84898877308e-22 0.
1471216049 1 5377.68994141 0. 3.84816941549e-22 0.
1471216109 1 5375.50292969 0. 3.8492781626e-22 0.
1471216169 1 5373.97900391 0. 3.85070843475e-22 0.
1471216229 1 5370.53955078 0. 3.85098403502e-22 0.
1471216289 1 5364.70410156 0. 3.84937644233e-22 0.
1471216349 1 5359.9453125 0. 3.84846667343e-22 0.
1471216409 1 5355.07861328 0. 3.84747163943e-22 0.
1471216470 1 5353.00341797 0. 3.84817207304e-22 0.
1471216530 1 5346.50830078 0. 3.84617157655e-22 0.
1471216590 1 5341.26269531 0. 3.84447716558e-22 0.
1471216650 1 5338.08544922 0. 3.84461756174e-22 0.
1471216710 1 5336.34667969 0. 3.84604034703e-22 0.
1471216770 1 5335.90185547 0. 3.84830912463e-22 0.
1471216831 1 5332.77636719 0. 3.84843860764e-22 0.
1471216891 1 5326.76220703 0. 3.84671375206e-22 0.
1471216951 1 5321.88134766 0. 3.84545840611e-22 0.
1471217011 1 5322.34082031 0. 3.84806781445e-22 0.
1471217071 1 5318.90917969 0. 3.84840294882e-22 0.
1471217131 1 5315.39648438 0. 3.84796662527e-22 0.
1471217191 1 5312.69580078 0. 3.84833113768e-22 0.
1471217251 1 5308.84375 0. 3.84821195064e-22 0.
1471217311 1 5306.13134766 0. 3.84852014167e-22 0.
1471217372 1 5300.25097656 0. 3.84670872598e-22 0.
1471217432 1 5300.85449219 0. 3.84933696858e-22 0.
1471217492 1 5297.96142578 0. 3.84991207008e-22 0.
1471217552 1 5293.70019531 0. 3.84915602551e-22 0.
1471217612 1 5288.21875 0. 3.8474003085e-22 0.
1471217672 1 5283.46142578 0. 3.84668784823e-22 0.
1471217733 1 5281.95751953 0. 3.84793999631e-22 0.
1471217793 1 5278.81542969 0. 3.84809354753e-22 0.
1471217853 1 5277.52929688 0. 3.84949081038e-22 0.
1471217913 1 5276.12744141 0. 3.85123539385e-22 0.
1471217973 1 5273.54833984 0. 3.85181274318e-22 0.
1471218033 1 5273.99023438 0. 3.85471128136e-22 0.
1471218093 1 5268.41259766 0. 3.85297377062e-22 0.
1471218153 1 5262.71923828 0. 3.85141089125e-22 0.
1471218213 1 5260.56884766 0. 3.85210137499e-22 0.
1471218274 1 5259.27148438 0. 3.85363962674e-22 0.
1471218334 1 5255.86328125 0. 3.85356919858e-22 0.
1471218394 1 5254.13769531 0. 3.85514400079e-22 0.
1471218454 1 5250.625 0. 3.85503429784e-22 0.
1471218514 1 5245.34521484 0. 3.85358126992e-22 0.
1471218574 1 5241.03955078 0. 3.85292241929e-22 0.
1471218634 1 5239.58398438 0. 3.85429432433e-22 0.
1471218694 1 5235.53759766 0. 3.85380245437e-22 0.
1471218754 1 5230.52441406 0. 3.85220610897e-22 0.
1471218815 1 5226.87890625 0. 3.85192498735e-22 0.
1471218875 1 5221.37646484 0. 3.85062081173e-22 0.
1471218935 1 5221.18261719 0. 3.85272195551e-22 0.
1471218995 1 5155.13476562 0. 3.80681487858e-22 0.
1471219055 1 5109.23632812 0. 3.77457512224e-22 0.
1471219115 1 5077.25244141 0. 3.75372192099e-22 0.
1471219175 1 5222.32519531 0. 3.86342870299e-22 0.
1471219236 1 5219.30175781 0. 3.86358291351e-22 0.
1471219296 1 5217.65966797 0. 3.86506663661e-22 0.
1471219356 1 5213.68457031 0. 3.86443257854e-22 0.
1471219416 1 5210.86132812 0. 3.86473150894e-22 0.
1471219476 1 5206.69091797 0. 3.8641380779e-22 0.
1471219536 1 5203.30371094 0. 3.8641332634e-22 0.
1471219596 1 5201.52685547 0. 3.86500427568e-22 0.
1471219657 1 5197.94140625 0. 3.87183937462e-22 0.
1471219717 1 5194.95849609 0. 3.86490938013e-22 0.
1471219777 1 5191.1796875 0. 3.86468913058e-22 0.
1471219837 1 5186.67919922 0. 3.86393709683e-22 0.
1471219897 1 5185.10693359 0. 3.86518763894e-22 0.
1471219957 1 5181.80273438 0. 3.86498932075e-22 0.
1471220017 1 5178.125 0. 3.86495944348e-22 0.
1471220078 1 5176.94970703 0. 3.86654280545e-22 0.
1471220138 1 5171.16650391 0. 3.86447743446e-22 0.
1471220198 1 5168.20263672 0. 3.8648084965e-22 0.
1471220258 1 5167.89355469 0. 3.86730064602e-22 0.
1471220318 1 5165.09375 0. 3.86743471766e-22 0.
1471220378 1 5161.58544922 0. 3.8671820544e-22 0.
1471220438 1 5159.42578125 0. 3.86811147551e-22 0.
1471220498 1 5157.01025391 0. 3.86864618925e-22 0.
1471220559 1 5153.62158203 0. 3.86832815762e-22 0.
1471220619 1 5148.80615234 0. 3.8672700636e-22 0.
1471220679 1 5147.15820312 0. 3.86838108005e-22 0.
1471220739 1 5144.77832031 0. 3.86891628346e-22 0.
1471220799 1 5139.53076172 0. 3.86754796843e-22 0.
1471220859 1 5136.13720703 0. 3.86766529221e-22 0.
1471220919 1 5133.20263672 0. 0.0 0.
1471220954 1 5131.48925781 0. 3.86766004216e-22 0.
1471220989 1 5129.77734375 0. 3.86750018763e-22 0.
1471221049 1 5126.08203125 0. 3.86647290896e-22 0.
1471221110 1 5121.47460938 0. 3.86535104203e-22 0.
1471221170 1 5118.97509766 0. 3.86615810272e-22 0.
1471221230 1 5117.82324219 0. 3.86750252058e-22 0.
1471221290 1 5115.32958984 0. 3.86804996528e-22 0.
1471221350 1 5111.04492188 0. 3.86723674949e-22 0.
1471221410 1 5107.99804688 0. 3.86721593309e-22 0.
1471221470 1 5105.87255859 0. 3.86802273191e-22 0.
1471221530 1 5101.96679688 0. 3.86789377828e-22 0.
1471221591 1 5099.93261719 0. 3.86899135012e-22 0.
1471221651 1 5095.82324219 0. 3.86814915933e-22 0.
1471221711 1 5091.08935547 0. 3.86709091764e-22 0.
1471221771 1 5090.00537109 0. 3.86877089977e-22 0.
1471221831 1 5088.84375 0. 3.87017505941e-22 0.
1471221891 1 5085.16748047 0. 3.86978789288e-22 0.
1471221951 1 5081.26367188 0. 3.86929310179e-22 0.
1471222011 1 5077.53369141 0. 3.86883561594e-22 0.
1471222072 1 5074.0703125 0. 3.86865111882e-22 0.
1471222132 1 5072.59228516 0. 3.8700868379e-22 0.
1471222192 1 5070.73632812 0. 3.8712012951e-22 0.
1471222252 1 5066.20605469 0. 3.87042789033e-22 0.
1471222312 1 5062.78955078 0. 3.87015318144e-22 0.
1471222372 1 5059.56591797 0. 3.86998900388e-22 0.
1471222432 1 5057.58544922 0. 3.87082682966e-22 0.
1471222492 1 5053.91162109 0. 3.87054639316e-22 0.
1471222553 1 5051.85205078 0. 3.87106471871e-22 0.
1471222613 1 5049.98486328 0. 3.87219235925e-22 0.
1471222673 1 5045.54443359 0. 3.87097742685e-22 0.
1471222733 1 5043.29736328 0. 3.87197800781e-22 0.
1471222793 1 5041.86132812 0. 3.87336520892e-22 0.
1471222853 1 5038.29150391 0. 3.87313212289e-22 0.
1471222913 1 5035.84130859 0. 3.8737940675e-22 0.
1471222974 1 5030.62451172 0. 3.87195550176e-22 0.
1471223034 1 5026.96386719 0. 3.87114792104e-22 0.
1471223094 1 5026.22460938 0. 3.87275207525e-22 0.
1471223154 1 5024.75683594 0. 3.87403480141e-22 0.
1471223214 1 5019.15771484 0. 3.87210142774e-22 0.
1471223274 1 5013.60253906 0. 3.87013600615e-22 0.
1471223334 1 5011.72070312 0. 3.87101942627e-22 0.
1471223394 1 5007.75292969 0. 3.87022780841e-22 0.
1471223455 1 5005.81591797 0. 3.87105610072e-22 0.
1471223515 1 5003.890625 0. 3.87180109603e-22 0.
1471223575 1 5001.28417969 0. 3.87229496465e-22 0.
1471223635 1 4997.87744141 0. 3.87191091706e-22 0.
1471223695 1 4994.93017578 0. 3.87202144685e-22 0.
1471223755 1 4990.64160156 0. 3.87081310781e-22 0.
1471223815 1 4987.12451172 0. 3.87067022269e-22 0.
1471223875 1 4986.10302734 0. 3.87237899258e-22 0.
1471223936 1 4983.13085938 0. 3.87252879076e-22 0.
1471223996 1 4978.11181641 0. 3.87095493949e-22 0.
1471224056 1 4975.45703125 0. 3.87154840611e-22 0.
1471224116 1 4972.63476562 0. 3.8716842258e-22 0.
1471224176 1 4969.27783203 0. 3.87117577024e-22 0.
1471224236 1 4966.86572266 0. 3.87170110257e-22 0.
1471224296 1 4963.80859375 0. 3.87184072086e-22 0.
1471224348 1 4962.05175781 0. 3.87261820921e-22 0.
1471224377 1 4958.38232422 0. 3.87100280528e-22 0.
1471224415 1 4956.31689453 0. 3.87108360958e-22 0.
1471224475 1 4954.81445312 0. 3.87206166043e-22 0.
1471224535 1 4951.78076172 0. 3.87149973766e-22 0.
1471224595 1 4949.25683594 0. 3.87222470663e-22 0.
1471224655 1 4946.45849609 0. 3.87237224144e-22 0.
1471224715 1 4942.70898438 0. 3.87183925495e-22 0.
1471224776 1 4939.63232422 0. 3.87173574827e-22 0.
1471224836 1 4936.80566406 0. 3.87172742557e-22 0.
1471224896 1 4935.29931641 0. 3.87295996883e-22 0.
1471224956 1 4932.21923828 0. 3.87304469347e-22 0.
1471225016 1 4930.06542969 0. 3.88339319426e-22 0.
1471225076 1 4928.24902344 0. 3.87466133674e-22 0.
1471225136 1 4926.82470703 0. 3.87616138325e-22 0.
1471225196 1 4923.38378906 0. 3.87605204337e-22 0.
1471225256 1 4921.64599609 0. 3.87698388681e-22 0.
1471225317 1 4916.45800781 0. 3.87488606364e-22 0.
1471225377 1 4915.28271484 0. 3.87652586194e-22 0.
1471225437 1 4910.14648438 0. 3.87509185191e-22 0.
1471225497 1 4907.28613281 0. 3.87494774343e-22 0.
1471225557 1 4905.33886719 0. 3.87608987391e-22 0.
1471225617 1 4904.30322266 0. 3.87780926359e-22 0.
1471225677 1 4900.76904297 0. 3.87744890469e-22 0.
1471225737 1 4896.28173828 0. 3.87596600855e-22 0.
1471225798 1 4894.51416016 0. 3.87693198797e-22 0.
1471225858 1 4892.16894531 0. 3.87748651717e-22 0.
1471225918 1 4889.21777344 0. 3.87732755182e-22 0.
1471225978 1 4883.79345703 0. 3.87550244319e-22 0.
1471226030 1 4881.94335938 0. 3.876498985e-22 0.
1471226083 1 4880.4375 0. 3.87717544792e-22 0.
1471226143 1 4876.96630859 0. 3.87669880896e-22 0.
1471226203 1 4874.99511719 0. 3.87731504122e-22 0.
1471226263 1 4872.61962891 0. 3.87782087639e-22 0.
1471226324 1 4869.65380859 0. 3.87795889499e-22 0.
1471226384 1 4866.53515625 0. 3.87785859907e-22 0.
1471226444 1 4864.93847656 0. 3.87881804802e-22 0.
1471226486 1 4862.10986328 0. 3.8782957756e-22 0.
1471226528 1 4861.89013672 0. 3.87981554842e-22 0.
1471226588 1 4857.54736328 0. 3.87872010179e-22 0.
1471226648 1 4856.44091797 0. 3.88011781736e-22 0.
1471226709 1 4853.65625 0. 3.88049452917e-22 0.
1471226769 1 4849.83691406 0. 3.87974394017e-22 0.
1471226829 1 4847.36767578 0. 3.88039777283e-22 0.
1471226889 1 4844.29443359 0. 3.88033536625e-22 0.
1471226949 1 4841.14599609 0. 3.8801850897e-22 0.
1471227009 1 4838.93359375 0. 3.88078743881e-22 0.
1471227069 1 4837.04101562 0. 3.88156843027e-22 0.
1471227130 1 4833.19384766 0. 3.88040156373e-22 0.
1471227190 1 4830.15625 0. 3.88021817513e-22 0.
1471227250 1 4829.20849609 0. 3.88204746962e-22 0.
1471227310 1 4825.59765625 0. 3.88172559894e-22 0.
1471227370 1 4823.08544922 0. 3.88233902499e-22 0.
1471227430 1 4819.97851562 0. 3.88181245948e-22 0.
1471227490 1 4816.14404297 0. 3.88113989607e-22 0.
1471227550 1 4814.78417969 0. 3.88234919457e-22 0.
1471227611 1 4813.02832031 0. 3.88321655627e-22 0.
1471227671 1 4809.55273438 0. 3.88316064507e-22 0.
1471227731 1 4806.48779297 0. 3.88277710674e-22 0.
1471227791 1 4801.97119141 0. 3.88163117526e-22 0.
1471227851 1 4801.99414062 0. 3.88382837512e-22 0.
1471227911 1 4798.55712891 0. 3.88354715521e-22 0.
1471227971 1 4796.52050781 0. 3.88449290397e-22 0.
1471228031 1 4794.52490234 0. 3.88538488935e-22 0.
1471228092 1 4789.32373047 0. 3.88327074235e-22 0.
1471228152 1 4787.55517578 0. 3.88393492945e-22 0.
1471228212 1 4784.54296875 0. 3.88384089532e-22 0.
1471228272 1 4780.92333984 0. 3.88318593591e-22 0.
1471228332 1 4780.47705078 0. 3.88483345072e-22 0.
1471228392 1 4778.56591797 0. 3.88580047373e-22 0.
1471228452 1 4773.10742188 0. 3.88377054402e-22 0.
1471228512 1 4773.17871094 0. 3.88666306764e-22 0.
1471228573 1 4770.21630859 0. 3.88632653274e-22 0.
1471228633 1 4769.10498047 0. 3.88779515346e-22 0.
1471228693 1 4763.80029297 0. 3.88584598799e-22 0.
1471228753 1 4762.43212891 0. 3.88704201915e-22 0.
1471228813 1 4759.50488281 0. 3.88697042314e-22 0.
1471228873 1 4757.12890625 0. 3.88742354651e-22 0.
1471228933 1 4754.90185547 0. 3.88783915359e-22 0.
1471228993 1 4751.63427734 0. 3.88760581092e-22 0.
1471229054 1 4751.00439453 0. 3.88954011837e-22 0.
1471229114 1 4748.21191406 0. 3.88976738818e-22 0.
1471229174 1 4745.58203125 0. 3.89011040351e-22 0.
1471229234 1 4742.17724609 0. 3.88922137088e-22 0.
1471229294 1 4738.33203125 0. 3.8884387902e-22 0.
1471229354 1 4736.92626953 0. 3.88963666612e-22 0.
1471229414 1 4735.22558594 0. 3.89033668828e-22 0.
1471229474 1 4732.55175781 0. 3.89032242233e-22 0.
1471229535 1 4728.42529297 0. 3.88922142527e-22 0.
1471229595 1 4725.81884766 0. 3.88972502347e-22 0.
1471229655 1 4725.63818359 0. 3.89183573853e-22 0.
1471229715 1 4723.55322266 0. 3.89260236388e-22 0.
1471229775 1 4718.87744141 0. 3.89100939616e-22 0.
1471229835 1 4716.19775391 0. 3.89132849369e-22 0.
1471229895 1 4712.65917969 0. 3.89103828351e-22 0.
1471229955 1 4709.56494141 0. 3.89085053461e-22 0.
1471230015 1 4708.1015625 0. 3.89189431244e-22 0.
1471230076 1 4705.35449219 0. 3.89188044522e-22 0.
1471230136 1 4703.78320312 0. 3.8927637234e-22 0.
1471230196 1 4698.71826172 0. 3.89099363e-22 0.
1471230256 1 4696.33251953 0. 3.89146743152e-22 0.
1471230316 1 4694.79394531 0. 3.89222785813e-22 0.
1471230376 1 4691.55126953 0. 3.89224743625e-22 0.
1471230436 1 4688.78710938 0. 3.89231552486e-22 0.
1471230497 1 4687.55761719 0. 3.89357577421e-22 0.
1471230557 1 4595.21337891 0. 3.81949473473e-22 0.
1471230617 1 4579.26171875 0. 3.80886269061e-22 0.
1471230677 1 4492.31835938 0. 3.73863376073e-22 0.
1471230737 1 4450.89013672 0. 3.70665528558e-22 0.
1471230797 1 4444.421875 0. 3.70380531159e-22 0.
1471230857 1 4441.75878906 0. 3.70371142442e-22 0.
1471230917 1 4439.58691406 0. 3.70396657343e-22 0.
1471230978 1 4402.48779297 0. 3.6748890441e-22 0.
1471231038 1 4303.08691406 0. 3.59360632368e-22 0.
1471231098 1 4352.60498047 0. 3.63778018506e-22 0.
1471231158 1 4431.45703125 0. 3.70570212154e-22 0.
1471231218 1 4431.21777344 0. 3.70757149597e-22 0.
1471231278 1 4429.17822266 0. 3.70809176399e-22 0.
1471231338 1 4426.54248047 0. 3.70791971563e-22 0.
1471231398 1 4422.92041016 0. 3.70691203149e-22 0.
1471231459 1 4421.63525391 0. 3.70796737389e-22 0.
1471231519 1 4421.25683594 0. 3.71005132275e-22 0.
1471231579 1 4419.11816406 0. 3.71056879806e-22 0.
1471231639 1 4416.61474609 0. 3.71072777253e-22 0.
1471231699 1 4414.2578125 0. 3.71090107061e-22 0.
1471231759 1 4411.03320312 0. 3.71014390583e-22 0.
1471231819 1 4407.24365234 0. 3.70915964733e-22 0.
1471231879 1 4407.60058594 0. 3.71169661343e-22 0.
1471231940 1 4406.89794922 0. 3.71308291687e-22 0.
1471232000 1 4403.66552734 0. 3.71245359337e-22 0.
1471232060 1 4399.43164062 0. 3.71110342986e-22 0.
1471232120 1 4397.41650391 0. 3.71146006442e-22 0.
1471232180 1 4395.75390625 0. 3.71232807618e-22 0.
1471232240 1 4395.29736328 0. 3.71421363777e-22 0.
1471232300 1 4393.19677734 0. 3.71464249718e-22 0.
1471232360 1 4389.82910156 0. 3.7140981256e-22 0.
1471232421 1 4386.80615234 0. 3.71351398603e-22 0.
1471232481 1 4384.95507812 0. 3.71402199699e-22 0.
1471232541 1 4383.09570312 0. 3.71462744926e-22 0.
1471232601 1 4381.90234375 0. 3.7156126422e-22 0.
1471232661 1 4380.18505859 0. 3.71600836837e-22 0.
1471232721 1 4377.26025391 0. 3.7157656455e-22 0.
1471232781 1 4376.90234375 0. 3.71745534732e-22 0.
1471232842 1 4373.47949219 0. 3.71679961736e-22 0.
1471232902 1 4370.59521484 0. 3.71661261696e-22 0.
1471232962 1 4368.56005859 0. 3.71709768889e-22 0.
1471233022 1 4366.34912109 0. 3.71752100436e-22 0.
1471233082 1 4362.72363281 0. 3.71656592418e-22 0.
1471233142 1 4361.36962891 0. 3.71711392071e-22 0.
1471233202 1 4358.35644531 0. 3.71672712077e-22 0.
1471233262 1 4357.81640625 0. 3.71845897151e-22 0.
1471233323 1 4357.2578125 0. 3.72063729815e-22 0.
1471233383 1 4355.02929688 0. 3.72071510918e-22 0.
1471233443 1 4351.39794922 0. 3.71953104851e-22 0.
1471233503 1 4349.53320312 0. 3.72008644554e-22 0.
1471233563 1 4347.0 0. 3.71999681514e-22 0.
1471233623 1 4344.24316406 0. 3.71945317039e-22 0.
1471233683 1 4340.85546875 0. 3.71868406319e-22 0.
1471233743 1 4339.6015625 0. 3.71974131186e-22 0.
1471233804 1 4338.55078125 0. 3.72097443258e-22 0.
1471233864 1 4334.44726562 0. 3.71973193181e-22 0.
1471233924 1 4334.8046875 0. 3.72213403429e-22 0.
1471233984 1 4333.01367188 0. 3.72245844094e-22 0.
1471234044 1 4329.74072266 0. 3.72145525953e-22 0.
1471234104 1 4327.07910156 0. 3.72147366631e-22 0.
1471234164 1 4325.51123047 0. 3.72250521796e-22 0.
1471234224 1 4323.07226562 0. 3.72239840993e-22 0.
1471234285 1 4321.93310547 0. 3.72380813187e-22 0.
1471234345 1 4321.02441406 0. 3.72511392677e-22 0.
1471234405 1 4317.21582031 0. 3.72403974984e-22 0.
1471234466 1 4314.19824219 0. 3.72364541915e-22 0.
1471234526 1 4314.40283203 0. 3.72576594671e-22 0.
1471234586 1 4312.51904297 0. 3.7265905816e-22 0.
1471234646 1 4310.41650391 0. 3.72686345233e-22 0.
1471234706 1 4309.21142578 0. 3.72803457874e-22 0.
1471234766 1 4307.68457031 0. 3.72911583557e-22 0.
1471234827 1 4304.99121094 0. 3.72836764983e-22 0.
1471234887 1 4303.18847656 0. 3.72902171345e-22 0.
1471234947 1 4301.41357422 0. 3.72968094804e-22 0.
1471235007 1 4297.0625 0. 3.72811808799e-22 0.
1471235067 1 4296.46191406 0. 3.72956387878e-22 0.
1471235127 1 4293.03369141 0. 3.72872241914e-22 0.
1471235187 1 4289.99023438 0. 3.72836173695e-22 0.
1471235248 1 4290.77832031 0. 3.73112831657e-22 0.
1471235308 1 4287.11083984 0. 3.72980316582e-22 0.
1471235368 1 4284.69873047 0. 3.72980011154e-22 0.
1471235428 1 4283.25878906 0. 3.7309620816e-22 0.
1471235488 1 4280.57177734 0. 3.73057277138e-22 0.
1471235548 1 4278.23486328 0. 3.73071341265e-22 0.
1471235608 1 4276.41699219 0. 3.73098932446e-22 0.
1471235669 1 4273.05419922 0. 3.73012212989e-22 0.
1471235729 1 4274.47509766 0. 3.73366479558e-22 0.
1471235789 1 4272.03710938 0. 3.73373914409e-22 0.
1471235849 1 4268.32519531 0. 3.73275858922e-22 0.
1471235909 1 4266.02734375 0. 3.73289402831e-22 0.
1471235969 1 4264.69287109 0. 3.73376751554e-22 0.
1471236029 1 4263.02050781 0. 3.73445767603e-22 0.
1471236089 1 4262.28564453 0. 3.73557159449e-22 0.
1471236149 1 4260.875 0. 3.73659317365e-22 0.
1471236210 1 4258.55712891 0. 3.73692285791e-22 0.
1471236270 1 4256.07080078 0. 3.73661209762e-22 0.
1471236330 1 4254.15625 0. 3.73698422755e-22 0.
1471236390 1 4251.58691406 0. 3.73709006468e-22 0.
1471236450 1 4249.39404297 0. 3.73745320132e-22 0.
1471236510 1 4247.25146484 0. 3.73754981833e-22 0.
1471236570 1 4244.76074219 0. 3.73721153466e-22 0.
1471236631 1 4243.11132812 0. 3.73784376095e-22 0.
1471236691 1 4243.32324219 0. 3.74030150033e-22 0.
1471236751 1 4241.65234375 0. 3.74106640162e-22 0.
1471236811 1 4238.58544922 0. 3.74062196393e-22 0.
1471236871 1 4235.66308594 0. 3.74024829676e-22 0.
1471236931 1 4234.86083984 0. 3.74163805535e-22 0.
1471236991 1 4232.75732422 0. 3.74196903196e-22 0.
1471237051 1 4230.96191406 0. 3.74234599364e-22 0.
1471237111 1 4228.19921875 0. 3.74192864616e-22 0.
1471237172 1 4225.62011719 0. 3.7420004714e-22 0.
1471237232 1 4221.75341797 0. 3.74034746184e-22 0.
1471237292 1 4221.1171875 0. 3.74184436072e-22 0.
1471237352 1 4219.51708984 0. 3.74261546044e-22 0.
1471237412 1 4217.27099609 0. 3.74246488896e-22 0.
1471237472 1 4215.53662109 0. 3.74318900041e-22 0.
1471237532 1 4214.03027344 0. 3.74416207211e-22 0.
1471237592 1 4212.57617188 0. 3.74482471173e-22 0.
1471237653 1 4206.23583984 0. 3.74141685163e-22 0.
1471237713 1 4207.27587891 0. 3.74432126158e-22 0.
1471237773 1 4205.28125 0. 3.74456774638e-22 0.
1471237833 1 4201.50439453 0. 3.7432304089e-22 0.
1471237893 1 4200.87841797 0. 3.74472484083e-22 0.
1471237953 1 4200.35546875 0. 3.7467168379e-22 0.
1471238013 1 4195.64404297 0. 3.74468655692e-22 0.
1471238073 1 4194.36572266 0. 3.74545401515e-22 0.
1471238134 1 4193.27099609 0. 3.74680722347e-22 0.
1471238194 1 4190.53027344 0. 3.74645841856e-22 0.
1471238254 1 4187.92919922 0. 3.74606326892e-22 0.
1471238314 1 4185.31738281 0. 3.74603244928e-22 0.
1471238374 1 4183.26025391 0. 3.74659109608e-22 0.
1471238434 1 4182.72607422 0. 3.7480958092e-22 0.
1471238495 1 4180.23144531 0. 3.74784893253e-22 0.
1471238555 1 4178.13037109 0. 3.74790665347e-22 0.
1471238615 1 4175.54394531 0. 3.74799895074e-22 0.
1471238675 1 4174.10546875 0. 3.74880943481e-22 0.
1471238735 1 4173.02050781 0. 3.74974350902e-22 0.
1471238795 1 4169.92919922 0. 3.74917757173e-22 0.
1471238855 1 4169.37646484 0. 3.7506003647e-22 0.
1471238915 1 4167.49609375 0. 3.75073935326e-22 0.
1471238975 1 4162.36523438 0. 3.74816575079e-22 0.
1471239036 1 4161.45898438 0. 3.7497534133e-22 0.
1471239096 1 4159.52050781 0. 3.75031915976e-22 0.
1471239156 1 4157.42626953 0. 3.75057417035e-22 0.
1471239216 1 4157.43505859 0. 3.75252192399e-22 0.
1471239276 1 4154.33105469 0. 3.75187239882e-22 0.
1471239336 1 4153.25341797 0. 3.75324833774e-22 0.
1471239396 1 4150.54003906 0. 3.75308751303e-22 0.
1471239457 1 4146.45654297 0. 3.75131337976e-22 0.
1471239517 1 4145.81884766 0. 3.75276369134e-22 0.
1471239577 1 4144.85644531 0. 3.75362451364e-22 0.
1471239637 1 4143.66064453 0. 3.7548696103e-22 0.
1471239697 1 4138.81591797 0. 3.75278313077e-22 0.
1471239757 1 4138.07861328 0. 3.75417674064e-22 0.
1471239818 1 4135.16943359 0. 3.75364704139e-22 0.
1471239878 1 4132.85302734 0. 3.75334813566e-22 0.
1471239938 1 4131.18408203 0. 3.75402632099e-22 0.
1471239998 1 4128.18896484 0. 3.75331857028e-22 0.
1471240058 1 4127.27636719 0. 3.75461012191e-22 0.
1471240118 1 4124.31103516 0. 3.75412134894e-22 0.
1471240178 1 4120.70263672 0. 3.75307731928e-22 0.
1471240239 1 4118.22558594 0. 3.75294006349e-22 0.
1471240299 1 4116.35351562 0. 3.7531570157e-22 0.
1471240359 1 4115.66845703 0. 3.75444787759e-22 0.
1471240419 1 4112.21777344 0. 3.7536587718e-22 0.
1471240479 1 4113.17480469 0. 3.75634807344e-22 0.
1471240539 1 4110.55761719 0. 3.75586948972e-22 0.
1471240599 1 4108.74755859 0. 3.75659905309e-22 0.
1471240659 1 4108.66992188 0. 3.75831246875e-22 0.
1471240720 1 4105.40478516 0. 3.75752440107e-22 0.
1471240780 1 4104.07080078 0. 3.75841191341e-22 0.
1471240840 1 4102.26757812 0. 3.75924161739e-22 0.
1471240900 1 4098.43066406 0. 3.75773341223e-22 0.
1471240960 1 4097.00244141 0. 3.75841968862e-22 0.
1471241020 1 4097.47509766 0. 3.76096803291e-22 0.
1471241080 1 4094.54833984 0. 3.75997939932e-22 0.
1471241140 1 4092.5378418 0. 3.7603783755e-22 0.
1471241201 1 4090.14941406 0. 3.76007919811e-22 0.
1471241261 1 4086.94091797 0. 3.75944007318e-22 0.
1471241321 1 4085.34448242 0. 3.7601122236e-22 0.
1471241381 1 4081.27148438 0. 3.75861889543e-22 0.
1471241441 1 4079.95019531 0. 3.75936785637e-22 0.
1471241501 1 4078.52124023 0. 3.76009909848e-22 0.
1471241561 1 4077.35522461 0. 3.76123887901e-22 0.
1471241621 1 4075.30957031 0. 3.76138723087e-22 0.
1471241682 1 4073.27050781 0. 3.76161335323e-22 0.
1471241742 1 4072.84960938 0. 3.76318673074e-22 0.
1471241802 1 4069.97290039 0. 3.76220605515e-22 0.
1471241862 1 4066.79052734 0. 3.76100712977e-22 0.
1471241922 1 4062.92211914 0. 3.7600117496e-22 0.
1471241965 1 4061.34326172 0. 0.0 0.
1471241983 1 4060.68481445 0. 3.75996219582e-22 0.
1471242018 1 4059.39233398 0. 3.75980086608e-22 0.
1471242078 1 4058.12524414 0. 3.76075202337e-22 0.
1471242138 1 4054.33227539 0. 3.7594330021e-22 0.
1471242198 1 4052.72338867 0. 3.75971571448e-22 0.
1471242258 1 4050.09326172 0. 3.75954244155e-22 0.
1471242319 1 4046.02905273 0. 3.75781825241e-22 0.
1471242379 1 4044.8828125 0. 3.75848391994e-22 0.
1471242439 1 4044.2565918 0. 3.76028684253e-22 0.
1471242499 1 4041.05322266 0. 3.75932609446e-22 0.
1471242559 1 4039.72265625 0. 3.76049686622e-22 0.
1471242619 1 4038.46191406 0. 3.76128678043e-22 0.
1471242679 1 4035.22827148 0. 3.76003883131e-22 0.
1471242739 1 4034.20654297 0. 3.7611742693e-22 0.
1471242800 1 4033.10742188 0. 3.76217509658e-22 0.
1471242860 1 4030.56103516 0. 3.76202929438e-22 0.
1471242920 1 4028.65527344 0. 3.76250227585e-22 0.
1471242980 1 4026.15454102 0. 3.76231864756e-22 0.
1471243040 1 4024.40991211 0. 3.7627400997e-22 0.
1471243100 1 4023.01391602 0. 3.76299377006e-22 0.
1471243160 1 4021.17871094 0. 3.76352624922e-22 0.
1471243220 1 4016.44873047 0. 3.76175625896e-22 0.
1471243281 1 4014.0246582 0. 3.76140709664e-22 0.
1471243341 1 4010.6652832 0. 3.75995698349e-22 0.
1471243401 1 4009.74975586 0. 3.76086877025e-22 0.
1471243461 1 4005.45483398 0. 3.75925326251e-22 0.
1471243521 1 4005.25634766 0. 3.76137333054e-22 0.
1471243581 1 4003.41748047 0. 3.76161763616e-22 0.
1471243641 1 4002.66601562 0. 3.76285017196e-22 0.
1471243701 1 4001.32861328 0. 3.7641468599e-22 0.
1471243761 1 3998.87060547 0. 3.76370592409e-22 0.
1471243821 1 3997.41723633 0. 3.7644678984e-22 0.
1471243882 1 3995.43408203 0. 3.76491591349e-22 0.
1471243942 1 3990.51977539 0. 3.7625606933e-22 0.
1471244002 1 3989.83544922 0. 3.76405546559e-22 0.
1471244062 1 3988.92163086 0. 3.7650701354e-22 0.
1471244122 1 3987.08398438 0. 3.76561163634e-22 0.
1471244182 1 3985.59790039 0. 3.76633487927e-22 0.
1471244242 1 3982.87963867 0. 3.76599040521e-22 0.
1471244303 1 3979.9777832 0. 3.76550135564e-22 0.
1471244363 1 3978.51025391 0. 3.76620538718e-22 0.
1471244423 1 3976.68701172 0. 3.76664877612e-22 0.
1471244483 1 3974.79296875 0. 3.76680247829e-22 0.
1471244543 1 3972.30102539 0. 3.76652044547e-22 0.
1471244603 1 3970.60766602 0. 3.76720437549e-22 0.
1471244663 1 3967.28881836 0. 3.76607700561e-22 0.
1471244724 1 3967.08203125 0. 3.76758989586e-22 0.
1471244784 1 3966.34179688 0. 3.76896364152e-22 0.
1471244844 1 3966.14550781 0. 3.77084648001e-22 0.
1471244904 1 3964.61181641 0. 3.77144769716e-22 0.
1471244964 1 3963.69848633 0. 3.77266738859e-22 0.
1471245024 1 3962.44580078 0. 3.77356622744e-22 0.
1471245084 1 3959.63427734 0. 3.7728628868e-22 0.
1471245145 1 3956.85083008 0. 3.77233376354e-22 0.
1471245205 1 3954.98657227 0. 3.77279164154e-22 0.
1471245265 1 3952.25024414 0. 3.7724537848e-22 0.
1471245325 1 3949.73608398 0. 3.77196024981e-22 0.
1471245385 1 3949.44140625 0. 3.77390052634e-22 0.
1471245445 1 3946.20532227 0. 3.77313305589e-22 0.
1471245505 1 3944.34277344 0. 3.77355456203e-22 0.
1471245565 1 3943.6953125 0. 3.77472838885e-22 0.
1471245626 1 3944.35229492 0. 3.77744152481e-22 0.
1471245686 1 3941.14331055 0. 3.7766380989e-22 0.
1471245746 1 3940.1887207 0. 3.77772218104e-22 0.
1471245806 1 3937.89379883 0. 3.77765151185e-22 0.
1471245866 1 3936.37402344 0. 3.77817427301e-22 0.
1471245926 1 3933.98876953 0. 3.777956417e-22 0.
1471245986 1 3930.48925781 0. 3.7766927813e-22 0.
1471246046 1 3925.69189453 0. 3.77434531255e-22 0.
1471246107 1 3921.86621094 0. 3.77261090895e-22 0.
1471246167 1 3920.96289062 0. 3.77390596857e-22 0.
1471246227 1 3918.4309082 0. 3.77383207871e-22 0.
1471246287 1 3915.89941406 0. 3.77330965352e-22 0.
1471246347 1 3914.94335938 0. 3.77431476896e-22 0.
1471246407 1 3913.74951172 0. 3.7753275532e-22 0.
1471246467 1 3911.89526367 0. 3.77559076626e-22 0.
1471246527 1 3909.39526367 0. 3.77549253813e-22 0.
1471246588 1 3907.81054688 0. 3.77594061207e-22 0.
1471246648 1 3906.29125977 0. 3.77669359205e-22 0.
1471246708 1 3901.60888672 0. 3.77417017483e-22 0.
1471246768 1 3904.21826172 0. 3.77861013002e-22 0.
1471246828 1 3902.21655273 0. 3.77866790273e-22 0.
1471246888 1 3898.27319336 0. 3.77664557231e-22 0.
1471246948 1 3897.80444336 0. 3.7783169639e-22 0.
1471247008 1 3895.04516602 0. 3.77742332843e-22 0.
1471247069 1 3890.59228516 0. 3.77530234207e-22 0.
1471247129 1 3890.6484375 0. 3.77740833513e-22 0.
1471247189 1 3888.609375 0. 3.77774854297e-22 0.
1471247249 1 3886.64379883 0. 3.77798820703e-22 0.
1471247309 1 3884.26879883 0. 3.77711272412e-22 0.
1471247369 1 3881.80493164 0. 3.77683782876e-22 0.
1471247426 1 3882.7487793 0. 3.78014231301e-22 0.
1471247482 1 3880.41479492 0. 3.78000353375e-22 0.
1471247543 1 3877.75952148 0. 3.77972985108e-22 0.
1471247603 1 3875.35400391 0. 3.77930906691e-22 0.
1471247663 1 3872.40625 0. 3.77847022492e-22 0.
1471247723 1 3872.90917969 0. 3.78116080347e-22 0.
1471247783 1 3872.15356445 0. 3.78284477601e-22 0.
1471247843 1 3872.45849609 0. 3.78535346478e-22 0.
1471247903 1 3870.4621582 0. 3.78585937114e-22 0.
1471247964 1 3867.06860352 0. 3.78413905792e-22 0.
1471248024 1 3866.15966797 0. 3.78552655448e-22 0.
1471248084 1 3863.93212891 0. 3.78548928302e-22 0.
1471248144 1 3860.98803711 0. 3.78431457672e-22 0.
1471248204 1 3859.92041016 0. 3.78592062845e-22 0.
1471248264 1 3858.26025391 0. 3.78659154058e-22 0.
1471248324 1 3857.02319336 0. 3.78727447736e-22 0.
1471248384 1 3854.58569336 0. 3.78710187976e-22 0.
1471248445 1 3852.29956055 0. 3.78699665372e-22 0.
1471248505 1 3849.28491211 0. 3.78639859457e-22 0.
1471248565 1 3845.41455078 0. 3.78449004687e-22 0.
1471248625 1 3845.40649414 0. 3.78674300358e-22 0.
1471248685 1 3843.16699219 0. 3.78682701023e-22 0.
1471248745 1 3842.46923828 0. 3.78794451032e-22 0.
1471248782 1 3839.08349609 0. 3.78586164245e-22 0.
1471248818 1 3838.0324707 0. 3.78601480473e-22 0.
1471248878 1 3834.7878418 0. 3.78460777977e-22 0.
1471248938 1 3835.42797852 0. 3.78726195843e-22 0.
1471248998 1 3832.95996094 0. 3.7866755692e-22 0.
1471249058 1 3837.87402344 0. 3.79321858693e-22 0.
1471249119 1 3834.81640625 0. 3.79147179345e-22 0.
1471249179 1 3834.58105469 0. 3.7935958086e-22 0.
1471249239 1 3831.37060547 0. 3.7925926439e-22 0.
1471249299 1 3828.44042969 0. 3.79171664189e-22 0.
1471249359 1 3827.06030273 0. 3.79227257767e-22 0.
1471249419 1 3824.06591797 0. 3.79158968747e-22 0.
1471249479 1 3823.10131836 0. 3.79265593525e-22 0.
1471249539 1 3820.75170898 0. 3.79213020687e-22 0.
1471249599 1 2058.9765625 0. 0.0 0.
1471249635 1 1031.15319824 0. 1.02432310085e-22 0.
1471249670 1 0.130073040724 0. 0.0 0.
