1471349798 1 11015.7587891 0. 4.22902217188e-22 0.
1471349859 1 10999.7109375 0. 4.22796397053e-22 0.
1471349919 1 10981.5244141 0. 4.22619521148e-22 0.
1471349955 1 10972.4443359 0. 4.22624268641e-22 0.
1471349992 1 10967.8095703 0. 4.22743470385e-22 0.
1471350052 1 10947.7119141 0. 4.22490464225e-22 0.
1471350112 1 10923.8378906 0. 4.22041077388e-22 0.
1471350172 1 10904.1230469 0. 4.217816779e-22 0.
1471350233 1 10889.0058594 0. 4.21712236869e-22 0.
1471350293 1 10798.9023438 0. 4.18734045556e-22 0.
1471350353 1 10591.4277344 0. 4.11167633247e-22 0.
1471350413 1 10325.9375 0. 4.01311437232e-22 0.
1471350473 1 10841.2597656 0. 4.21787186539e-22 0.
1471350533 1 10822.2539062 0. 4.21506129452e-22 0.
1471350593 1 10811.7265625 0. 4.21495374809e-22 0.
1471350654 1 10792.9541016 0. 4.21172492705e-22 0.
1471350714 1 10791.1621094 0. 4.21445814663e-22 0.
1471350774 1 10786.7802734 0. 4.21591635356e-22 0.
1471350834 1 10760.3994141 0. 4.20985265497e-22 0.
1471350894 1 10741.2177734 0. 4.20708052024e-22 0.
1471350954 1 10722.8857422 0. 4.20467392088e-22 0.
1471351014 1 10701.0449219 0. 4.20022836324e-22 0.
1471351057 1 10687.1699219 0. 4.19777666736e-22 0.
1471351100 1 10673.9824219 0. 4.19606012138e-22 0.
1471351161 1 10656.1113281 0. 4.19404207693e-22 0.
1471351221 1 10637.0371094 0. 4.19070561865e-22 0.
1471351281 1 10616.7773438 0. 4.18665734661e-22 0.
1471351341 1 10600.8681641 0. 4.18535380173e-22 0.
1471351401 1 10581.0546875 0. 4.18155857348e-22 0.
1471351461 1 10554.5566406 0. 4.17508429576e-22 0.
1471351521 1 10544.7978516 0. 4.17541995295e-22 0.
1471351581 1 10531.0087891 0. 4.17479001265e-22 0.
1471351642 1 10507.3447266 0. 4.16962983818e-22 0.
1471351702 1 10493.4658203 0. 4.16827847299e-22 0.
1471351762 1 10474.3056641 0. 4.16483568509e-22 0.
1471351822 1 10450.9638672 0. 4.15997945469e-22 0.
1471351882 1 10423.4335938 0. 4.15306066375e-22 0.
1471351942 1 10397.2929688 0. 4.14646660469e-22 0.
1471351987 1 10389.3212891 0. 4.14670246623e-22 0.
1471352028 1 10373.4121094 0. 4.14269992419e-22 0.
1471352085 1 10373.9326172 0. 4.14677013858e-22 0.
1471352145 1 10339.9980469 0. 4.13733407489e-22 0.
1471352206 1 10335.5244141 0. 4.13941733404e-22 0.
1471352266 1 10317.6669922 0. 4.13610189974e-22 0.
1471352326 1 10310.0673828 0. 4.13732138508e-22 0.
1471352386 1 10288.7197266 0. 4.13264994033e-22 0.
1471352446 1 10272.8886719 0. 4.13038316397e-22 0.
1471352506 1 10253.4980469 0. 4.12635718956e-22 0.
1471352566 1 10239.7822266 0. 4.1249363484e-22 0.
1471352626 1 10216.9140625 0. 4.11974086391e-22 0.
1471352687 1 10217.0673828 0. 4.12411208392e-22 0.
1471352747 1 10184.8515625 0. 4.11505163661e-22 0.
1471352807 1 10209.1181641 0. 4.12891706641e-22 0.
1471352867 1 10178.5185547 0. 4.12023021579e-22 0.
1471352927 1 10164.4013672 0. 4.11831508517e-22 0.
1471352987 1 10156.3408203 0. 4.11878656511e-22 0.
1471353047 1 10156.0361328 0. 4.12241557905e-22 0.
1471353107 1 10120.6894531 0. 4.11206943291e-22 0.
1471353168 1 10135.7626953 0. 4.12205677049e-22 0.
1471353228 1 10096.2939453 0. 4.10959373891e-22 0.
1471353288 1 9887.96191406 0. 4.0284762557e-22 0.
1471353348 1 9535.55664062 0. 3.88888818184e-22 0.
1471353408 1 9892.74414062 0. 4.0383150937e-22 0.
1471353443 1 10101.0947266 0. 4.1249306035e-22 0.
1471353463 1 10218.4931641 0. 4.17416067967e-22 0.
1471353508 1 10210.7490234 0. 4.17385578323e-22 0.
1471353568 1 10197.7324219 0. 4.17256097022e-22 0.
1471353628 1 10189.8232422 0. 4.17303617947e-22 0.
1471353688 1 10172.6650391 0. 4.17027346943e-22 0.
1471353748 1 10156.4199219 0. 4.1675569644e-22 0.
1471353809 1 10154.4736328 0. 4.17035261669e-22 0.
1471353869 1 10139.4570312 0. 4.16857165558e-22 0.
1471353929 1 10127.7216797 0. 4.16772860409e-22 0.
1471353989 1 10114.5683594 0. 4.1668556143e-22 0.
1471354049 1 10099.1943359 0. 4.16426566304e-22 0.
1471354109 1 10087.1777344 0. 4.16287113501e-22 0.
1471354169 1 10078.1621094 0. 4.16357764851e-22 0.
1471354229 1 10065.9384766 0. 4.16247214163e-22 0.
1471354290 1 10053.6142578 0. 4.16113162833e-22 0.
1471354350 1 10038.5546875 0. 4.15896234435e-22 0.
1471354410 1 10029.7646484 0. 4.15896907049e-22 0.
1471354470 1 10016.5722656 0. 4.15650124538e-22 0.
1471354530 1 10004.9023438 0. 4.15555419147e-22 0.
1471354590 1 9997.08886719 0. 4.15643338706e-22 0.
1471354650 1 9987.13964844 0. 4.15566055397e-22 0.
1471354710 1 9974.34082031 0. 4.15473583929e-22 0.
1471354770 1 9964.93457031 0. 4.15481565468e-22 0.
1471354830 1 9950.578125 0. 4.15226419876e-22 0.
1471354886 1 9939.07519531 0. 4.1515408123e-22 0.
1471354942 1 9928.93066406 0. 4.15092974569e-22 0.
1471355003 1 9915.81738281 0. 4.14925666191e-22 0.
1471355063 1 9899.02539062 0. 4.14574222313e-22 0.
1471355123 1 9889.18261719 0. 4.14532221546e-22 0.
1471355183 1 9884.265625 0. 4.14683804393e-22 0.
1471355243 1 9868.31835938 0. 4.14415176434e-22 0.
1471355303 1 9860.28710938 0. 4.14548687169e-22 0.
1471355363 1 9854.12207031 0. 4.14616852216e-22 0.
1471355423 1 9836.67285156 0. 4.14282796578e-22 0.
1471355484 1 9829.41796875 0. 4.14341642791e-22 0.
1471355544 1 9817.23242188 0. 4.14223920189e-22 0.
1471355604 1 9807.13476562 0. 4.14088794389e-22 0.
1471355643 1 9799.97460938 0. 4.14044954355e-22 0.
1471355681 1 9790.79199219 0. 4.13893187965e-22 0.
1471355741 1 9784.62695312 0. 4.14814800458e-22 0.
1471355801 1 9768.28125 0. 4.13648593125e-22 0.
1471355862 1 9756.59277344 0. 0.0 0.
1471355897 1 9749.77246094 0. 4.13462736189e-22 0.
1471355932 1 9742.95410156 0. 4.13417258713e-22 0.
1471355992 1 9740.28808594 0. 4.1369428312e-22 0.
1471356040 1 9729.20898438 0. 4.13497066003e-22 0.
1471356088 1 9719.30371094 0. 4.13349016392e-22 0.
1471356148 1 9709.39941406 0. 4.13297806472e-22 0.
1471356208 1 9700.015625 0. 4.13283007042e-22 0.
1471356268 1 9690.32128906 0. 4.13234152715e-22 0.
1471356328 1 9677.27832031 0. 4.13048221845e-22 0.
1471356388 1 9667.71191406 0. 4.12981823015e-22 0.
1471356448 1 9654.82421875 0. 4.12759280037e-22 0.
1471356508 1 9638.46191406 0. 4.12428421582e-22 0.
1471356569 1 9626.99804688 0. 4.12324033646e-22 0.
1471356629 1 9618.06542969 0. 4.12277798978e-22 0.
1471356689 1 9611.90722656 0. 4.1239701763e-22 0.
1471356749 1 9601.99609375 0. 4.12328885555e-22 0.
1471356809 1 9592.77539062 0. 4.12284364979e-22 0.
1471356869 1 9582.93164062 0. 4.12272921405e-22 0.
1471356929 1 9568.2890625 0. 4.12015458083e-22 0.
1471356990 1 9561.11132812 0. 4.11986221115e-22 0.
1471357050 1 9551.47070312 0. 4.1192972514e-22 0.
1471357110 1 9538.06933594 0. 4.11710523038e-22 0.
1471357170 1 9526.39453125 0. 4.11545835381e-22 0.
1471357207 1 9520.53417969 0. 4.11510822855e-22 0.
1471357243 1 9508.953125 0. 4.111797391e-22 0.
1471357303 1 9500.03613281 0. 4.11140729723e-22 0.
1471357363 1 9493.0703125 0. 4.11197317353e-22 0.
1471357423 1 9484.4609375 0. 4.11220065078e-22 0.
1471357484 1 9472.05371094 0. 4.11043889242e-22 0.
1471357519 1 9464.81445312 0. 4.10896238721e-22 0.
1471357554 1 9457.57421875 0. 4.10808663262e-22 0.
1471357614 1 9445.40332031 0. 4.10696776391e-22 0.
1471357674 1 9427.35058594 0. 4.10243869794e-22 0.
1471357734 1 9420.86816406 0. 4.10329949129e-22 0.
1471357794 1 9409.61328125 0. 4.10184945689e-22 0.
1471357839 1 9401.01953125 0. 4.10074827321e-22 0.
1471357884 1 9386.70996094 0. 4.09687273478e-22 0.
1471357944 1 9381.71679688 0. 4.0982348686e-22 0.
1471358004 1 9376.31054688 0. 4.09902739948e-22 0.
1471358065 1 9364.1328125 0. 4.09700166976e-22 0.
1471358125 1 9353.89160156 0. 4.09616356718e-22 0.
1471358185 1 9341.44921875 0. 4.09421036079e-22 0.
1471358245 1 9333.15136719 0. 4.09338826662e-22 0.
1471358305 1 9319.50976562 0. 4.09072963399e-22 0.
1471358365 1 9310.12695312 0. 4.09023596767e-22 0.
1471358425 1 9297.40136719 0. 4.08765514143e-22 0.
1471358485 1 9280.86425781 0. 4.08353136956e-22 0.
1471358545 1 9276.47265625 0. 4.08473761057e-22 0.
1471358606 1 9267.04199219 0. 4.08390747114e-22 0.
1471358659 1 9267.22558594 0. 4.08719784539e-22 0.
1471358713 1 9253.18847656 0. 4.08386226045e-22 0.
1471358773 1 9240.24316406 0. 4.08177943187e-22 0.
1471358833 1 9229.43945312 0. 4.08054486063e-22 0.
1471358893 1 9221.22753906 0. 4.08057123565e-22 0.
1471358954 1 9212.25878906 0. 4.08047914932e-22 0.
1471359014 1 9201.99414062 0. 4.07912660506e-22 0.
1471359074 1 9189.42382812 0. 4.07630516644e-22 0.
1471359134 1 9181.33984375 0. 4.07549063629e-22 0.
1471359194 1 9180.90527344 0. 4.07864994838e-22 0.
1471359254 1 9168.9296875 0. 4.07683270456e-22 0.
1471359315 1 9146.97167969 0. 4.07098545863e-22 0.
1471359375 1 9144.63085938 0. 4.07398664067e-22 0.
1471359420 1 9014.55761719 0. 4.02806119969e-22 0.
1471359465 1 0.17216694355 0. 5.02008956042e-23 0.
1471359522 1 0.146032214165 0. 0.0 0.
