1471493000 1 11040.8359375 0. 4.14147794655e-22 0.
1471493060 1 11020.4013672 0. 4.13988918333e-22 0.
1471493120 1 10996.4951172 0. 4.13645774889e-22 0.
1471493175 1 10979.8134766 0. 4.13602421295e-22 0.
1471493229 1 10960.5878906 0. 4.13447504308e-22 0.
1471493290 1 10948.2958984 0. 4.13523820766e-22 0.
1471493350 1 10937.4521484 0. 4.13612317834e-22 0.
1471493410 1 10924.2783203 0. 4.1361521946e-22 0.
1471493470 1 10902.0820312 0. 4.13302454153e-22 0.
1471493530 1 10880.9013672 0. 4.13726157112e-22 0.
1471493590 1 10867.6171875 0. 4.12951074119e-22 0.
1471493650 1 10869.1591797 0. 4.13399793106e-22 0.
1471493711 1 10858.7363281 0. 4.13447955431e-22 0.
1471493771 1 10841.2705078 0. 4.13200095356e-22 0.
1471493831 1 10822.7871094 0. 4.13039370716e-22 0.
1471493891 1 10805.5898438 0. 4.12918489164e-22 0.
1471493951 1 10790.7910156 0. 4.12864801895e-22 0.
1471494011 1 10770.3935547 0. 4.1260921142e-22 0.
1471494071 1 10750.2529297 0. 4.12296556647e-22 0.
1471494131 1 10731.6982422 0. 4.12074982287e-22 0.
1471494191 1 10708.1386719 0. 4.11883435128e-22 0.
1471494252 1 10687.6298828 0. 4.11310380793e-22 0.
1471494312 1 10670.0058594 0. 4.11084570986e-22 0.
1471494372 1 10653.0830078 0. 4.1089245186e-22 0.
1471494432 1 10635.8203125 0. 4.10690468651e-22 0.
1471494492 1 10616.5390625 0. 4.10403841371e-22 0.
1471494552 1 10594.0683594 0. 4.10040773867e-22 0.
1471494613 1 10578.0244141 0. 4.09929309777e-22 0.
1471494673 1 10555.2363281 0. 4.09401998536e-22 0.
1471494733 1 10537.5703125 0. 4.0917107715e-22 0.
1471494793 1 10516.7529297 0. 4.08821718052e-22 0.
1471494853 1 10496.4267578 0. 4.08522431862e-22 0.
1471494913 1 10477.2929688 0. 4.08229133887e-22 0.
1471494973 1 10462.5009766 0. 4.07960871052e-22 0.
1471495034 1 10447.6777344 0. 4.07797791527e-22 0.
1471495094 1 10193.5029297 0. 3.98365856191e-22 0.
1471495154 1 9876.19042969 0. 3.86413028444e-22 0.
1471495214 1 10493.4169922 0. 4.11036992838e-22 0.
1471495274 1 10506.0019531 0. 4.11970440754e-22 0.
1471495334 1 10495.46875 0. 4.12012747594e-22 0.
1471495394 1 10480.0292969 0. 4.11783778952e-22 0.
1471495454 1 10468.7929688 0. 4.11752141456e-22 0.
1471495515 1 10449.3955078 0. 4.11464199334e-22 0.
1471495575 1 10434.40625 0. 4.11330721056e-22 0.
1471495635 1 10426.6875 0. 4.11437885306e-22 0.
1471495695 1 10411.7675781 0. 4.11242386306e-22 0.
1471495755 1 10397.6347656 0. 4.11120474498e-22 0.
1471495815 1 10386.4902344 0. 4.11112537877e-22 0.
1471495875 1 10374.5185547 0. 4.11039750762e-22 0.
1471495936 1 10358.3164062 0. 4.10774367418e-22 0.
1471495982 1 10281.5527344 0. 4.08086161852e-22 0.
1471496029 1 0.180179253221 0. 0.0 0.
1471496089 1 0.148460865021 0. 0.0 0.
