1471646550 1 3631.35961914 0. 4.36013805647e-22 0.
1471646610 1 3629.69995117 0. 4.36070280985e-22 0.
1471646663 1 3628.05541992 0. 4.36157236626e-22 0.
1471646715 1 3622.66137695 0. 4.35851889034e-22 0.
1471646776 1 3618.26757812 0. 4.35671595725e-22 0.
1471646811 1 3614.11279297 0. 4.35364850717e-22 0.
1471646846 1 3611.64648438 0. 4.35246208788e-22 0.
1471646906 1 3605.98413086 0. 4.3490439864e-22 0.
1471646966 1 3601.16723633 0. 4.34643064554e-22 0.
1471647016 1 3598.52587891 0. 4.34585976492e-22 0.
1471647067 1 3592.3996582 0. 4.34108675752e-22 0.
1471647115 1 3589.26635742 0. 4.3402422231e-22 0.
1471647162 1 3585.82348633 0. 4.33853748803e-22 0.
1471647215 1 3582.86230469 0. 4.33774201306e-22 0.
1471647267 1 3578.1875 0. 4.33467382196e-22 0.
1471647305 1 3576.13598633 0. 4.33475099875e-22 0.
1471647342 1 3573.22314453 0. 4.3330038626e-22 0.
1471647392 1 3571.27880859 0. 4.33264978154e-22 0.
1471647441 1 3567.7956543 0. 4.3308985745e-22 0.
1471647478 1 3561.42114258 0. 4.3251270117e-22 0.
1471647516 1 3561.34814453 0. 4.32692321198e-22 0.
1471647568 1 3556.11499023 0. 4.32330050717e-22 0.
1471647620 1 3551.71044922 0. 4.31997738669e-22 0.
1471647680 1 3547.7331543 0. 4.31843710671e-22 0.
1471647740 1 3542.19897461 0. 4.31473826243e-22 0.
1471647775 1 3538.97021484 0. 4.31205660817e-22 0.
1471647810 1 3535.72607422 0. 4.30966803336e-22 0.
1471647871 1 3529.96948242 0. 4.30490604768e-22 0.
1471647931 1 3526.6472168 0. 4.30387886145e-22 0.
1471647991 1 3521.62719727 0. 4.30093370876e-22 0.
1471648051 1 3516.67895508 0. 4.297875146e-22 0.
1471648111 1 3508.12695312 0. 4.29089926992e-22 0.
1471648171 1 3504.11499023 0. 4.2886102971e-22 0.
1471648231 1 3502.54223633 0. 4.28869323361e-22 0.
1471648292 1 3499.03466797 0. 4.28720546523e-22 0.
1471648352 1 3499.3605957 0. 4.29084986225e-22 0.
1471648412 1 3490.81152344 0. 4.28224435296e-22 0.
1471648472 1 3487.94213867 0. 4.28100873501e-22 0.
1471648532 1 3481.92138672 0. 4.27649025131e-22 0.
1471648592 1 3478.40917969 0. 4.28366233802e-22 0.
1471648644 1 3470.03759766 0. 4.26695284368e-22 0.
1471648695 1 3467.76635742 0. 4.26655313481e-22 0.
1471648756 1 3459.89477539 0. 4.26016230093e-22 0.
1471648816 1 3455.31542969 0. 4.25651690323e-22 0.
1471648865 1 3453.52905273 0. 4.25644390322e-22 0.
1471648914 1 3450.84204102 0. 4.25579456125e-22 0.
1471648975 1 3446.52001953 0. 4.2528765667e-22 0.
1471649035 1 3442.75048828 0. 4.25115714018e-22 0.
1471649095 1 3440.75952148 0. 4.25146961955e-22 0.
1471649155 1 3434.25341797 0. 4.24607862938e-22 0.
1471649215 1 3434.96826172 0. 4.24932750014e-22 0.
1471649275 1 3428.22485352 0. 4.24384072711e-22 0.
1471649335 1 3420.31396484 0. 4.23559394642e-22 0.
1471649395 1 3419.80517578 0. 4.23711211216e-22 0.
1471649456 1 3415.0324707 0. 4.23345196972e-22 0.
1471649516 1 3412.75268555 0. 4.23301523245e-22 0.
1471649576 1 3404.07421875 0. 4.22504551514e-22 0.
1471649636 1 3400.48535156 0. 4.22302535905e-22 0.
1471649696 1 3404.47998047 0. 4.22957077441e-22 0.
1471649756 1 3400.45263672 0. 4.22683923051e-22 0.
1471649816 1 3393.95166016 0. 4.22002150113e-22 0.
1471649876 1 3389.41821289 0. 4.217376302e-22 0.
1471649936 1 3377.31176758 0. 4.20455009807e-22 0.
1471649997 1 3380.50610352 0. 4.2112035571e-22 0.
1471650057 1 3379.00463867 0. 4.21280533132e-22 0.
1471650117 1 3374.24658203 0. 4.20891780817e-22 0.
1471650177 1 3371.92358398 0. 4.20785731186e-22 0.
1471650217 1 3363.40698242 0. 4.19914117209e-22 0.
1471650248 1 3364.52270508 0. 4.20199155542e-22 0.
1471650300 1 3370.79394531 0. 4.21159102293e-22 0.
1471650361 1 3365.53222656 0. 4.20742298663e-22 0.
1471650421 1 3353.91308594 0. 4.19535329442e-22 0.
1471650481 1 3358.67236328 0. 4.20455237964e-22 0.
1471650541 1 3348.01757812 0. 4.19392886882e-22 0.
1471650601 1 3342.02636719 0. 4.18833869841e-22 0.
1471650661 1 3339.69018555 0. 4.18748664339e-22 0.
