1472159031 1 10449.9023438 0. 4.14237692331e-22 0.
1472159091 1 10430.3046875 0. 4.14029977602e-22 0.
1472159129 1 10427.5498047 0. 4.14298553712e-22 0.
1472159168 1 10409.2773438 0. 4.13899668282e-22 0.
1472159228 1 10389.4228516 0. 4.13610777429e-22 0.
1472159272 1 10383.9384766 0. 4.13774777324e-22 0.
1472159293 1 10378.078125 0. 4.13754833481e-22 0.
1472159309 1 10377.8671875 0. 4.13922416165e-22 0.
1472159349 1 10366.1806641 0. 4.13784802899e-22 0.
1472159409 1 10349.0908203 0. 4.13570503272e-22 0.
1472159469 1 10332.140625 0. 4.13403581823e-22 0.
1472159529 1 10312.4677734 0. 4.13115315981e-22 0.
1472159589 1 10289.6015625 0. 4.12698864573e-22 0.
1472159649 1 10269.46875 0. 4.12334253164e-22 0.
1472159709 1 10266.9550781 0. 4.12719862015e-22 0.
1472159757 1 10241.3144531 0. 4.12076882268e-22 0.
1472159805 1 10225.0214844 0. 4.11767513585e-22 0.
1472159866 1 10188.2998047 0. 4.10753183483e-22 0.
1472159926 1 10179.8935547 0. 4.10881376942e-22 0.
1472159986 1 10162.3134766 0. 4.10605812438e-22 0.
1472160046 1 10152.3339844 0. 4.10647843873e-22 0.
1472160106 1 10135.2841797 0. 4.10417369523e-22 0.
1472160167 1 10123.5878906 0. 4.10370851822e-22 0.
1472160227 1 10113.2480469 0. 4.10310965123e-22 0.
1472160287 1 10079.7128906 0. 4.0933311824e-22 0.
1472160347 1 10069.546875 0. 4.09318561913e-22 0.
1472160407 1 10086.9804688 0. 4.10335230714e-22 0.
1472160467 1 10072.203125 0. 4.10092743642e-22 0.
1472160527 1 10034.8505859 0. 4.08999572888e-22 0.
1472160588 1 10021.0439453 0. 4.08866070604e-22 0.
1472160648 1 9995.24316406 0. 4.08260615235e-22 0.
1472160708 1 9977.59082031 0. 4.08013480619e-22 0.
1472160768 1 9966.93554688 0. 4.07952353153e-22 0.
1472160828 1 9939.86816406 0. 4.07282402979e-22 0.
1472160888 1 9936.74511719 0. 4.07552983457e-22 0.
1472160948 1 9918.67480469 0. 4.07216522798e-22 0.
1472161008 1 9897.2109375 0. 4.06775361627e-22 0.
1472161069 1 9898.19433594 0. 4.07269088055e-22 0.
1472161129 1 9862.51660156 0. 4.06212443024e-22 0.
1472161189 1 9873.453125 0. 4.07038866387e-22 0.
1472161249 1 9860.59960938 0. 4.06929484784e-22 0.
1472161309 1 9826.78710938 0. 4.0589304391e-22 0.
1472161369 1 9823.86035156 0. 4.06233104008e-22 0.
1472161429 1 9784.97558594 0. 4.05017735695e-22 0.
1472161489 1 9786.31640625 0. 4.05464931747e-22 0.
1472161550 1 9778.65136719 0. 4.05523160962e-22 0.
1472161610 1 9748.14550781 0. 4.04709281145e-22 0.
1472161670 1 9736.50488281 0. 4.04591968717e-22 0.
1472161718 1 9689.28027344 0. 4.02956752078e-22 0.
1472161766 1 9690.50683594 0. 4.03329049983e-22 0.
1472161826 1 9683.65527344 0. 4.03423865107e-22 0.
1472161886 1 9654.90039062 0. 4.02658965423e-22 0.
1472161946 1 9670.04589844 0. 4.03715754366e-22 0.
1472162006 1 9658.35058594 0. 4.03629509131e-22 0.
1472162067 1 9629.50976562 0. 4.02773896451e-22 0.
1472162127 1 9608.99707031 0. 4.02287340206e-22 0.
1472162187 1 9589.45605469 0. 4.01830343046e-22 0.
1472162247 1 9575.85253906 0. 4.01650662215e-22 0.
1472162307 1 9556.31347656 0. 4.01194932146e-22 0.
1472162367 1 9554.61816406 0. 4.01531536181e-22 0.
1472162427 1 9327.12695312 0. 3.92340817858e-22 0.
1472162487 1 8839.79882812 0. 3.72219138087e-22 0.
1472162548 1 9126.27539062 0. 3.84609890571e-22 0.
1472162608 1 9519.76269531 0. 4.01486861013e-22 0.
1472162668 1 9495.47265625 0. 4.00844624831e-22 0.
1472162728 1 9484.57421875 0. 4.00759976292e-22 0.
1472162788 1 9475.34375 0. 4.00725445114e-22 0.
1472162848 1 9448.94042969 0. 4.00006761546e-22 0.
1472162908 1 9452.60644531 0. 4.00546000748e-22 0.
1472162968 1 9429.96972656 0. 3.99924107432e-22 0.
1472163029 1 9416.08007812 0. 3.99701298269e-22 0.
1472163066 1 9473.53222656 0. 4.02395522568e-22 0.
1472163103 1 9634.24609375 0. 4.09433183007e-22 0.
1472163163 1 9622.62304688 0. 4.09290370797e-22 0.
1472163223 1 9611.51757812 0. 4.09231320467e-22 0.
1472163283 1 9604.63574219 0. 4.09345481775e-22 0.
1472163343 1 9593.515625 0. 4.0922530181e-22 0.
1472163403 1 9580.953125 0. 4.090560533e-22 0.
1472163463 1 9565.96972656 0. 4.08799828648e-22 0.
1472163524 1 9556.22070312 0. 4.08737492649e-22 0.
1472163584 1 9544.85839844 0. 4.08615061482e-22 0.
1472163640 1 9538.13378906 0. 4.08651607325e-22 0.
1472163697 1 9530.69726562 0. 4.08720354459e-22 0.
1472163757 1 9519.39941406 0. 4.08588281985e-22 0.
1472163817 1 9505.78417969 0. 4.08361153294e-22 0.
1472163877 1 9495.42089844 0. 4.08306522564e-22 0.
1472163938 1 9483.79589844 0. 4.08176450905e-22 0.
1472163998 1 9473.1484375 0. 4.08065776976e-22 0.
1472164058 1 9461.7578125 0. 4.0792033665e-22 0.
1472164118 1 9450.328125 0. 4.07801415923e-22 0.
1472164178 1 9437.19238281 0. 4.07605945176e-22 0.
1472164238 1 9427.93457031 0. 4.07590964285e-22 0.
1472164298 1 9413.51464844 0. 4.07343081211e-22 0.
1472164358 1 9406.67578125 0. 4.07424942265e-22 0.
1472164418 1 9401.34082031 0. 4.07585559157e-22 0.
1472164455 1 9394.87597656 0. 4.07545570601e-22 0.
1472164489 1 9389.73046875 0. 4.07525414334e-22 0.
1472164547 1 9374.00488281 0. 4.07196116958e-22 0.
1472164608 1 9360.6875 0. 4.06998258718e-22 0.
1472164668 1 9352.73535156 0. 4.07003391686e-22 0.
1472164728 1 9345.43164062 0. 4.07063930705e-22 0.
1472164788 1 9335.70214844 0. 4.06953093632e-22 0.
1472164848 1 9323.71386719 0. 4.06777691621e-22 0.
1472164908 1 9315.56835938 0. 4.06751024249e-22 0.
1472164968 1 9302.65527344 0. 4.06544816969e-22 0.
1472165028 1 9293.43457031 0. 4.0653313327e-22 0.
1472165089 1 9283.72363281 0. 4.0645987448e-22 0.
1472165149 1 9275.88085938 0. 4.06488137139e-22 0.
1472165209 1 9268.56152344 0. 4.0654282858e-22 0.
1472165269 1 9259.72167969 0. 4.06493739571e-22 0.
1472165329 1 9246.28320312 0. 4.06252552251e-22 0.
1472165389 1 9235.38476562 0. 4.06134378119e-22 0.
1472165449 1 9226.58691406 0. 4.06087762372e-22 0.
1472165509 1 9215.93066406 0. 4.05944617375e-22 0.
1472165569 1 9205.71386719 0. 4.05853665266e-22 0.
1472165630 1 9193.22070312 0. 4.05650147618e-22 0.
1472165690 1 9185.05664062 0. 4.05595769247e-22 0.
1472165750 1 9175.82324219 0. 4.05514661789e-22 0.
1472165810 1 9164.96582031 0. 4.05392350236e-22 0.
1472165870 1 9155.28808594 0. 4.05331010161e-22 0.
1472165930 1 9146.87695312 0. 4.05288764874e-22 0.
1472165989 1 9137.078125 0. 4.05166680755e-22 0.
1472166048 1 9128.56933594 0. 4.05137019788e-22 0.
1472166108 1 9116.9140625 0. 4.05017230569e-22 0.
1472166159 1 9110.84960938 0. 4.05055673791e-22 0.
1472166211 1 9102.26953125 0. 4.04968371914e-22 0.
1472166271 1 9089.35742188 0. 4.04725151287e-22 0.
1472166331 1 9079.41503906 0. 4.04658958656e-22 0.
1472166391 1 9071.23730469 0. 4.04624745262e-22 0.
1472166451 1 9062.22460938 0. 4.04574284952e-22 0.
1472166511 1 9050.85253906 0. 4.04389296487e-22 0.
1472166572 1 9040.69824219 0. 4.04291902328e-22 0.
1472166632 1 9033.53710938 0. 4.04291693418e-22 0.
1472166692 1 9024.58203125 0. 4.04236391128e-22 0.
1472166752 1 9012.97949219 0. 4.04071920594e-22 0.
1472166812 1 9007.953125 0. 4.04159795085e-22 0.
1472166872 1 9000.14257812 0. 4.04155955075e-22 0.
1472166932 1 8992.8515625 0. 4.04201582173e-22 0.
1472166993 1 8980.78613281 0. 4.03997893036e-22 0.
1472167053 1 8969.84765625 0. 4.03868972209e-22 0.
1472167113 1 8959.94628906 0. 4.03771635465e-22 0.
1472167173 1 8951.171875 0. 4.03688610503e-22 0.
1472167233 1 8943.15527344 0. 4.03661126602e-22 0.
1472167293 1 8936.8515625 0. 4.03732325642e-22 0.
1472167353 1 8922.96679688 0. 4.03456533321e-22 0.
1472167413 1 8913.05957031 0. 4.03397914097e-22 0.
1472167459 1 8906.63769531 0. 4.03386539498e-22 0.
1472167505 1 8900.15527344 0. 4.03349729331e-22 0.
1472167565 1 8891.72167969 0. 4.03272344472e-22 0.
1472167625 1 8883.66699219 0. 4.0319367386e-22 0.
1472167685 1 8872.37207031 0. 4.0304242564e-22 0.
1472167745 1 8863.62011719 0. 4.03002142676e-22 0.
1472167806 1 8856.65527344 0. 4.03015666553e-22 0.
1472167866 1 8845.37890625 0. 4.02837252312e-22 0.
1472167926 1 8838.77246094 0. 4.028835182e-22 0.
1472167986 1 8828.56640625 0. 4.02705884101e-22 0.
1472168046 1 8819.43164062 0. 4.02659280986e-22 0.
1472168106 1 8808.03027344 0. 4.02423671696e-22 0.
1472168166 1 8800.8984375 0. 4.02462426768e-22 0.
1472168226 1 8793.37109375 0. 4.0247614765e-22 0.
1472168287 1 8782.1484375 0. 4.02303300495e-22 0.
1472168347 1 8773.375 0. 4.02265349593e-22 0.
1472168407 1 8765.59472656 0. 4.02238146585e-22 0.
1472168467 1 8755.98242188 0. 4.0214023791e-22 0.
1472168527 1 8745.54980469 0. 4.01986008161e-22 0.
1472168587 1 8738.53027344 0. 4.01977481508e-22 0.
1472168647 1 8732.09960938 0. 4.02020449982e-22 0.
1472168707 1 8721.4453125 0. 4.01860663166e-22 0.
1472168768 1 8712.3203125 0. 4.01778132551e-22 0.
1472168828 1 8703.5703125 0. 4.0166303367e-22 0.
1472168888 1 8692.62695312 0. 4.01496565049e-22 0.
1472168948 1 8686.01269531 0. 4.01558638357e-22 0.
1472169008 1 8665.42285156 0. 4.00932035214e-22 0.
1472169064 1 8653.64941406 0. 4.00734506185e-22 0.
1472169120 1 8647.88085938 0. 4.00758523177e-22 0.
1472169180 1 8563.26074219 0. 3.97160779604e-22 0.
1472169241 1 8388.33496094 0. 3.89364609693e-22 0.
1472169301 1 8339.05761719 0. 3.87415741972e-22 0.
1472169361 1 8626.22851562 0. 4.01051782372e-22 0.
1472169421 1 8628.88671875 0. 4.0147348258e-22 0.
1472169481 1 8620.82128906 0. 4.01453193034e-22 0.
1472169541 1 8609.39550781 0. 4.01257627647e-22 0.
1472169586 1 8606.70410156 0. 4.01397277408e-22 0.
1472169626 1 8602.19726562 0. 4.013790965e-22 0.
1472169662 1 8595.51757812 0. 4.01305696063e-22 0.
1472169678 1 8592.68359375 0. 4.01189949819e-22 0.
1472169713 1 8586.19921875 0. 4.0107481217e-22 0.
1472169773 1 8578.47558594 0. 4.01077866355e-22 0.
1472169833 1 8570.97070312 0. 4.01051145187e-22 0.
1472169893 1 8562.39746094 0. 4.00970336229e-22 0.
1472169953 1 8553.44921875 0. 4.00886204546e-22 0.
1472170013 1 8545.546875 0. 4.00850018942e-22 0.
1472170074 1 8535.38769531 0. 4.00742353326e-22 0.
1472170134 1 8526.27539062 0. 4.00669838851e-22 0.
1472170194 1 8519.91601562 0. 4.00684006825e-22 0.
1472170254 1 8511.53808594 0. 4.00620939742e-22 0.
1472170314 1 8505.05761719 0. 4.0064918004e-22 0.
1472170374 1 8495.84570312 0. 4.00577275961e-22 0.
1472170434 1 8485.3828125 0. 4.00402355864e-22 0.
1472170495 1 8477.19140625 0. 4.0035271394e-22 0.
1472170555 1 8467.34277344 0. 4.00198960832e-22 0.
1472170615 1 8458.33691406 0. 4.00093501835e-22 0.
1472170675 1 8452.95605469 0. 4.00189040043e-22 0.
1472170735 1 8444.16210938 0. 4.00062727224e-22 0.
1472170795 1 8436.44824219 0. 4.00051511752e-22 0.
1472170855 1 8428.80859375 0. 4.00020088088e-22 0.
1472170916 1 8418.75488281 0. 3.99837509058e-22 0.
1472170976 1 8408.6796875 0. 3.99691333892e-22 0.
1472171036 1 8397.33203125 0. 3.99477779793e-22 0.
1472171096 1 8389.66894531 0. 3.99430333488e-22 0.
1472171131 1 8385.1875 0. 3.99417981003e-22 0.
1472171166 1 8380.68066406 0. 3.993898205e-22 0.
1472171227 1 8372.9140625 0. 3.99350334745e-22 0.
1472171287 1 8362.89746094 0. 3.99176535458e-22 0.
1472171347 1 8355.47363281 0. 3.99130178832e-22 0.
1472171407 1 8344.78222656 0. 3.98950451598e-22 0.
1472171467 1 8333.86230469 0. 3.98763238002e-22 0.
1472171527 1 8328.1875 0. 3.98804342918e-22 0.
1472171588 1 8321.99902344 0. 3.98785339677e-22 0.
1472171648 1 8316.52734375 0. 3.98874533046e-22 0.
1472171708 1 8305.47363281 0. 3.98693903785e-22 0.
1472171768 1 8294.42382812 0. 3.98451111863e-22 0.
1472171828 1 8290.13867188 0. 3.98610562561e-22 0.
1472171888 1 8280.12109375 0. 3.98454365915e-22 0.
1472171948 1 8270.43359375 0. 3.98298000305e-22 0.
1472172008 1 8258.40039062 0. 3.98027092109e-22 0.
1472172069 1 8250.01464844 0. 3.97950875712e-22 0.
1472172129 1 8241.07128906 0. 3.97848132784e-22 0.
1472172189 1 8236.72949219 0. 3.9798676598e-22 0.
1472172249 1 8231.84863281 0. 3.98079217662e-22 0.
1472172309 1 8224.04199219 0. 3.97994501026e-22 0.
1472172369 1 8213.09960938 0. 3.97762764419e-22 0.
1472172429 1 8207.2734375 0. 3.97810702248e-22 0.
1472172490 1 8196.04003906 0. 3.97590678317e-22 0.
1472172550 1 8187.81396484 0. 3.97467553498e-22 0.
1472172610 1 8179.13769531 0. 3.97388081491e-22 0.
1472172670 1 8170.41601562 0. 3.97267904938e-22 0.
1472172730 1 8162.53710938 0. 3.9722277489e-22 0.
1472172790 1 8154.14257812 0. 3.97101746429e-22 0.
1472172850 1 8147.02148438 0. 3.97089402251e-22 0.
1472172910 1 8137.30175781 0. 3.96908028559e-22 0.
1472172970 1 8133.76855469 0. 3.97057516658e-22 0.
1472173031 1 8124.48925781 0. 3.96911405402e-22 0.
1472173091 1 8112.16357422 0. 3.96609425189e-22 0.
1472173151 1 8102.70214844 0. 3.9642992176e-22 0.
1472173211 1 8103.57714844 0. 3.96816268943e-22 0.
1472173271 1 8088.10742188 0. 3.96376194364e-22 0.
1472173331 1 8080.43652344 0. 3.96334203752e-22 0.
1472173391 1 8074.5 0. 3.96392482524e-22 0.
1472173452 1 8064.00830078 0. 3.96178893747e-22 0.
1472173512 1 8058.24609375 0. 3.96210478652e-22 0.
1472173572 1 8052.71875 0. 3.96232249363e-22 0.
1472173632 1 8049.28271484 0. 3.96340808265e-22 0.
1472173692 1 8044.58105469 0. 3.96398954756e-22 0.
1472173752 1 8033.80566406 0. 3.96229653516e-22 0.
1472173812 1 8026.67675781 0. 3.96212127198e-22 0.
1472173873 1 8012.59667969 0. 3.95840041879e-22 0.
1472173933 1 8013.29199219 0. 3.96224545153e-22 0.
1472173993 1 8003.64746094 0. 3.96041509112e-22 0.
1472174053 1 7991.61083984 0. 3.95752407411e-22 0.
1472174113 1 7990.60595703 0. 3.96040927813e-22 0.
1472174173 1 7979.97021484 0. 3.95796307622e-22 0.
1472174233 1 7974.49023438 0. 3.95808758113e-22 0.
1472174293 1 7962.74267578 0. 3.95555555506e-22 0.
1472174354 1 7946.33398438 0. 3.95034116004e-22 0.
1472174414 1 7954.20996094 0. 3.9574143136e-22 0.
1472174474 1 7940.90185547 0. 3.9540032556e-22 0.
1472174534 1 7938.28369141 0. 3.95575388325e-22 0.
1472174594 1 7931.89208984 0. 3.95557310918e-22 0.
1472174654 1 7919.94824219 0. 3.95329260836e-22 0.
1472174714 1 7920.82177734 0. 3.95645634234e-22 0.
1472174774 1 7911.67773438 0. 3.95452095908e-22 0.
1472174835 1 7904.17822266 0. 3.95395613791e-22 0.
1472174895 1 7902.85791016 0. 3.95636175164e-22 0.
1472174955 1 7894.01416016 0. 3.95479555518e-22 0.
1472175015 1 7889.22851562 0. 3.95557250337e-22 0.
1472175075 1 7876.5703125 0. 3.95227846839e-22 0.
1472175135 1 7867.76953125 0. 3.9505567962e-22 0.
1472175195 1 7859.75732422 0. 3.94987655534e-22 0.
1472175255 1 7852.62890625 0. 3.94974291426e-22 0.
1472175316 1 7849.37353516 0. 3.95121341761e-22 0.
1472175376 1 7843.84082031 0. 3.95095333975e-22 0.
1472175429 1 7836.78173828 0. 3.95027533068e-22 0.
1472175482 1 7835.62939453 0. 3.95241304306e-22 0.
1472175539 1 7830.11181641 0. 3.95239309996e-22 0.
1472175597 1 7823.93652344 0. 0.0 0.
1472175632 1 7820.16943359 0. 3.95194695566e-22 0.
1472175667 1 7816.40478516 0. 3.95188458218e-22 0.
1472175727 1 7810.94677734 0. 3.95198660609e-22 0.
1472175787 1 7805.52246094 0. 3.95259456422e-22 0.
1472175847 1 7796.00341797 0. 3.95062827382e-22 0.
1472175907 1 7789.56201172 0. 3.95061893024e-22 0.
1472175967 1 7785.37451172 0. 3.95189341511e-22 0.
1472176027 1 7776.96435547 0. 3.95041060849e-22 0.
1472176088 1 7770.18847656 0. 3.94972202532e-22 0.
1472176148 1 7759.44189453 0. 3.9472385943e-22 0.
1472176208 1 7755.69677734 0. 3.94880447615e-22 0.
1472176268 1 7746.46728516 0. 3.94697908389e-22 0.
1472176328 1 7742.44677734 0. 3.94787255619e-22 0.
1472176388 1 7735.05761719 0. 3.94734012198e-22 0.
1472176448 1 7728.73388672 0. 3.94692316557e-22 0.
1472176508 1 7722.91455078 0. 3.94687337261e-22 0.
1472176569 1 7715.65673828 0. 3.94622888563e-22 0.
1472176629 1 7704.12451172 0. 3.9430551589e-22 0.
1472176689 1 7696.35253906 0. 3.94219611511e-22 0.
1472176749 1 7688.15478516 0. 3.94122491086e-22 0.
1472176809 1 7683.41162109 0. 3.94197533182e-22 0.
1472176869 1 7675.77148438 0. 3.94119059242e-22 0.
1472176929 1 7669.1484375 0. 3.94089249134e-22 0.
1472176990 1 7663.20410156 0. 3.94046293603e-22 0.
1472177050 1 7650.65039062 0. 3.93684542067e-22 0.
1472177110 1 7642.32177734 0. 3.93549997141e-22 0.
1472177170 1 7641.35302734 0. 3.93835841617e-22 0.
1472177230 1 7633.19628906 0. 3.93693961077e-22 0.
1472177290 1 7622.48730469 0. 3.9345588105e-22 0.
1472177350 1 7615.81054688 0. 3.93378027509e-22 0.
1472177411 1 7610.16552734 0. 3.9339903596e-22 0.
1472177471 1 7604.47460938 0. 3.93421203792e-22 0.
1472177531 1 7600.17822266 0. 3.93484283814e-22 0.
1472177591 1 7590.54833984 0. 3.93256040302e-22 0.
1472177651 1 7585.66210938 0. 3.93317243899e-22 0.
1472177711 1 7570.0546875 0. 3.92814762341e-22 0.
1472177771 1 7559.44335938 0. 3.92559244063e-22 0.
1472177832 1 7564.859375 0. 3.93132991379e-22 0.
1472177892 1 7436.23242188 0. 3.86747500189e-22 0.
1472177952 1 7423.8359375 0. 3.86394112144e-22 0.
1472178012 1 7300.62939453 0. 3.80307445686e-22 0.
1472178072 1 7549.14208984 0. 3.93506317608e-22 0.
1472178132 1 7580.80908203 0. 3.9541543978e-22 0.
1472178192 1 7575.86035156 0. 3.95428180715e-22 0.
1472178252 1 7569.15771484 0. 3.95411116126e-22 0.
1472178312 1 7564.28955078 0. 3.954792603e-22 0.
1472178373 1 7557.66894531 0. 3.95437749465e-22 0.
1472178433 1 7549.37939453 0. 3.95332682814e-22 0.
1472178493 1 7544.33837891 0. 3.95405081156e-22 0.
1472178553 1 7537.13183594 0. 3.95336276816e-22 0.
1472178613 1 7531.68164062 0. 3.95334501111e-22 0.
1472178673 1 7525.43945312 0. 3.9531249735e-22 0.
1472178734 1 7518.89892578 0. 3.952510327e-22 0.
1472178794 1 7510.97265625 0. 3.9515655398e-22 0.
1472178854 1 7506.81689453 0. 3.95217043379e-22 0.
1472178914 1 7499.62841797 0. 3.95076768237e-22 0.
1472178974 1 7491.90185547 0. 3.94951031788e-22 0.
1472179034 1 7484.53125 0. 3.94873132888e-22 0.
1472179095 1 7479.97949219 0. 3.94930461564e-22 0.
1472179155 1 7474.71044922 0. 3.94951473693e-22 0.
1472179215 1 7468.734375 0. 3.94955735352e-22 0.
1472179275 1 7464.42285156 0. 3.94993577093e-22 0.
1472179335 1 7458.74072266 0. 3.95008008289e-22 0.
1472179395 1 7450.68652344 0. 3.94929248542e-22 0.
1472179455 1 7442.41992188 0. 3.94783010684e-22 0.
1472179515 1 7438.82128906 0. 3.94897448617e-22 0.
1472179576 1 7431.91259766 0. 3.94797061397e-22 0.
1472179636 1 7424.86279297 0. 3.94707723811e-22 0.
1472179696 1 7417.66259766 0. 3.94637524534e-22 0.
1472179756 1 7408.32470703 0. 3.94455234942e-22 0.
1472179816 1 7407.62597656 0. 3.94690599895e-22 0.
1472179876 1 7401.91162109 0. 3.94667852423e-22 0.
1472179936 1 7393.08251953 0. 3.94544461352e-22 0.
1472179996 1 7387.46777344 0. 3.9451891297e-22 0.
1472180057 1 7377.47021484 0. 3.94282707959e-22 0.
1472180097 1 7374.13525391 0. 3.94355019344e-22 0.
1472180137 1 7373.89355469 0. 3.94472535308e-22 0.
1472180197 1 7364.97314453 0. 3.94257210219e-22 0.
1472180258 1 7356.83349609 0. 3.94123103246e-22 0.
1472180318 1 7355.12841797 0. 3.94313896466e-22 0.
1472180378 1 7348.94238281 0. 3.94293480584e-22 0.
1472180438 1 7341.55957031 0. 3.94200121404e-22 0.
1472180498 1 7337.84033203 0. 3.94280158141e-22 0.
1472180558 1 7327.93505859 0. 3.94045569861e-22 0.
1472180618 1 7322.98339844 0. 3.94099822626e-22 0.
1472180678 1 7320.77929688 0. 3.94293019556e-22 0.
1472180738 1 7313.06396484 0. 3.94139460555e-22 0.
1472180799 1 7270.09912109 0. 3.92098293939e-22 0.
1472180859 1 7167.21875 0. 3.86880661478e-22 0.
1472180919 1 7111.01611328 0. 3.84132856414e-22 0.
1472180979 1 7053.00683594 0. 3.81312695856e-22 0.
1472181039 1 7074.92724609 0. 3.82780376279e-22 0.
1472181099 1 7067.25097656 0. 3.82654030544e-22 0.
1472181159 1 7064.72998047 0. 3.82780404194e-22 0.
1472181219 1 7059.14746094 0. 3.82774735327e-22 0.
1472181280 1 7053.97753906 0. 3.83372968747e-22 0.
1472181340 1 7049.00878906 0. 3.82790931299e-22 0.
1472181400 1 7043.38232422 0. 3.82773433434e-22 0.
1472181460 1 7036.16943359 0. 3.82672899581e-22 0.
1472181520 1 7032.0703125 0. 3.8271578116e-22 0.
1472181580 1 7027.45166016 0. 3.82726411163e-22 0.
1472181640 1 7020.56445312 0. 3.82594467847e-22 0.
1472181700 1 7012.96435547 0. 3.82463193412e-22 0.
1472181760 1 7009.94238281 0. 3.82591122958e-22 0.
1472181821 1 7003.35986328 0. 3.82542648672e-22 0.
1472181881 1 7000.0546875 0. 3.82628253437e-22 0.
1472181941 1 6992.98632812 0. 3.82490144813e-22 0.
1472182001 1 6988.52978516 0. 3.82535791615e-22 0.
1472182061 1 6982.828125 0. 3.82519882646e-22 0.
1472182121 1 6978.02001953 0. 3.82500425152e-22 0.
1472182181 1 6974.45214844 0. 3.82598650038e-22 0.
1472182242 1 6969.77294922 0. 3.82600121508e-22 0.
1472182302 1 6963.98583984 0. 3.82568818724e-22 0.
1472182349 1 6958.99365234 0. 3.82520463152e-22 0.
1472182395 1 6956.05371094 0. 3.8256313703e-22 0.
1472182455 1 6953.49658203 0. 3.82716151618e-22 0.
1472182516 1 6941.7265625 0. 3.82333394558e-22 0.
1472182576 1 6939.04833984 0. 3.8248807136e-22 0.
1472182636 1 6932.72314453 0. 3.82424757283e-22 0.
1472182696 1 6928.55419922 0. 3.82441932772e-22 0.
1472182756 1 6925.44677734 0. 3.82566606399e-22 0.
1472182816 1 6921.25097656 0. 3.82613308372e-22 0.
1472182864 1 6914.16210938 0. 3.82467864727e-22 0.
1472182912 1 6910.62695312 0. 3.82519436463e-22 0.
1472182972 1 6907.95410156 0. 3.82607380104e-22 0.
1472183032 1 6900.95458984 0. 3.82453169599e-22 0.
1472183092 1 6898.24169922 0. 3.82565502887e-22 0.
1472183153 1 6893.35205078 0. 3.8258062995e-22 0.
1472183213 1 6884.49804688 0. 3.82380034893e-22 0.
1472183273 1 6878.57617188 0. 3.82309450281e-22 0.
1472183324 1 6874.85742188 0. 3.82322558448e-22 0.
1472183374 1 6867.45800781 0. 3.8214792471e-22 0.
1472183435 1 6864.8671875 0. 3.82289546872e-22 0.
1472183495 1 6860.90966797 0. 3.82339269167e-22 0.
1472183555 1 6854.140625 0. 3.82229978249e-22 0.
1472183615 1 6854.95703125 0. 3.82547110835e-22 0.
1472183675 1 6850.44384766 0. 3.82580303286e-22 0.
1472183735 1 6842.26074219 0. 3.82399323103e-22 0.
1472183795 1 6839.39648438 0. 3.82478602691e-22 0.
1472183855 1 6836.05371094 0. 3.82567990132e-22 0.
1472183916 1 6829.46289062 0. 3.82483374592e-22 0.
1472183976 1 6820.49658203 0. 3.8225385336e-22 0.
1472184036 1 6815.859375 0. 3.82252483709e-22 0.
1472184096 1 6812.35791016 0. 3.82361910216e-22 0.
1472184156 1 6809.50341797 0. 3.82502476516e-22 0.
1472184216 1 6802.82080078 0. 3.82387093407e-22 0.
1472184276 1 6801.17626953 0. 3.82605807863e-22 0.
1472184336 1 6793.13134766 0. 3.82415875976e-22 0.
1472184397 1 6790.97900391 0. 3.82582575314e-22 0.
1472184457 1 6786.90722656 0. 3.82609799637e-22 0.
1472184517 1 6786.10302734 0. 3.82757004493e-22 0.
1472184577 1 6780.31640625 0. 3.82784532132e-22 0.
1472184637 1 6772.90234375 0. 3.82661005353e-22 0.
1472184697 1 6770.08007812 0. 3.82783751083e-22 0.
1472184757 1 6767.06689453 0. 3.82902867052e-22 0.
1472184818 1 6758.66845703 0. 3.82673310237e-22 0.
1472184878 1 6753.671875 0. 3.82682105943e-22 0.
1472184938 1 6748.55761719 0. 3.82676858209e-22 0.
1472184998 1 6746.30761719 0. 3.82833860494e-22 0.
1472185058 1 6738.75244141 0. 3.82683575475e-22 0.
1472185118 1 6738.15429688 0. 3.82892259228e-22 0.
1472185178 1 6728.64501953 0. 3.82614991273e-22 0.
1472185238 1 6723.86474609 0. 3.82607137227e-22 0.
1472185299 1 6718.10107422 0. 3.82554887076e-22 0.
1472185359 1 6715.45654297 0. 3.82690569973e-22 0.
1472185419 1 6708.89257812 0. 3.82584913053e-22 0.
1472185479 1 6704.00292969 0. 3.82558904768e-22 0.
1472185539 1 6694.04150391 0. 3.8225431524e-22 0.
1472185599 1 6690.18798828 0. 3.82319631039e-22 0.
1472185659 1 6688.17626953 0. 3.82529734442e-22 0.
1472185719 1 6678.81445312 0. 3.82274553161e-22 0.
1472185779 1 6680.97363281 0. 3.826522526e-22 0.
1472185840 1 6671.59423828 0. 3.82406944548e-22 0.
1472185900 1 6527.11669922 0. 3.74400252395e-22 0.
1472185960 1 6410.23388672 0. 3.67966715973e-22 0.
1472186020 1 6682.00976562 0. 3.83829515171e-22 0.
1472186080 1 6678.96289062 0. 3.83903716698e-22 0.
1472186140 1 6675.90478516 0. 3.83995087917e-22 0.
1472186200 1 6673.44042969 0. 3.84117182837e-22 0.
1472186261 1 6666.72460938 0. 3.84025747079e-22 0.
1472186319 1 6353.10449219 0. 3.66309093556e-22 0.
1472186377 1 0.151242941618 0. 2.84614403455e-23 0.
