1472220281 1 10985.1816406 0. 4.25097777083e-22 0.
1472220341 1 10951.0810547 0. 4.24529264452e-22 0.
1472220384 1 10921.0322266 0. 4.23927874331e-22 0.
1472220427 1 10896.8505859 0. 4.23515570545e-22 0.
1472220487 1 10851.4931641 0. 4.22481409978e-22 0.
1472220547 1 10829.3505859 0. 4.22288653659e-22 0.
1472220608 1 10809.8408203 0. 4.22213176795e-22 0.
1472220668 1 10782.9179688 0. 4.21847826919e-22 0.
1472220705 1 10765.9511719 0. 4.21620874109e-22 0.
1472220742 1 10746.8564453 0. 4.21236504619e-22 0.
1472220802 1 10725.7080078 0. 4.21025526488e-22 0.
1472220862 1 10698.6728516 0. 4.20508924014e-22 0.
1472220906 1 10683.4726562 0. 4.20338907949e-22 0.
1472220951 1 10663.5722656 0. 4.20018517055e-22 0.
1472221011 1 10625.1601562 0. 4.19037712188e-22 0.
1472221063 1 10623.7685547 0. 4.19474888416e-22 0.
1472221116 1 10593.9941406 0. 4.1872528027e-22 0.
1472221176 1 10560.0371094 0. 4.17994328724e-22 0.
1472221226 1 10558.9892578 0. 4.18422762666e-22 0.
1472221276 1 10530.5742188 0. 4.17734176657e-22 0.
1472221336 1 10507.9775391 0. 4.17350618376e-22 0.
1472221396 1 10477.5214844 0. 4.16640003404e-22 0.
1472221454 1 10445.7880859 0. 4.1590869727e-22 0.
1472221511 1 10412.0234375 0. 4.15143043658e-22 0.
1472221572 1 10408.5664062 0. 4.15514641516e-22 0.
1472221632 1 10386.9472656 0. 4.15120919547e-22 0.
1472221667 1 10374.3339844 0. 4.14901160826e-22 0.
1472221702 1 10361.6660156 0. 4.14719835475e-22 0.
1472221762 1 10370.1015625 0. 4.15609757298e-22 0.
1472221823 1 10359.0224609 0. 4.15604151316e-22 0.
1472221873 1 10339.9482422 0. 4.15195405901e-22 0.
1472221924 1 10322.6181641 0. 4.14913833399e-22 0.
1472221985 1 10315.8710938 0. 4.15156604841e-22 0.
1472222045 1 10296.4677734 0. 4.14897818997e-22 0.
1472222102 1 10274.4140625 0. 4.14468750933e-22 0.
1472222159 1 10260.5058594 0. 4.14362957134e-22 0.
1472222219 1 10238.0087891 0. 4.13951463292e-22 0.
1472222279 1 10231.3857422 0. 4.14111262805e-22 0.
1472222340 1 10212.7958984 0. 4.13834238156e-22 0.
1472222383 1 10223.0087891 0. 4.14641277239e-22 0.
1472222426 1 10187.2001953 0. 4.13426623591e-22 0.
1472222486 1 10180.3310547 0. 4.13587991434e-22 0.
1472222546 1 10158.7080078 0. 4.13132142074e-22 0.
1472222607 1 10137.7841797 0. 4.12762423255e-22 0.
1472222649 1 10140.2333984 0. 4.13159976838e-22 0.
1472222692 1 10127.7558594 0. 4.13006766699e-22 0.
1472222753 1 10110.4550781 0. 4.12771448929e-22 0.
1472222813 1 10088.2460938 0. 4.12328026874e-22 0.
1472222873 1 10091.8310547 0. 0.0 0.
1472222933 1 10073.1210938 0. 4.12734974355e-22 0.
1472222993 1 10062.6503906 0. 4.12666669569e-22 0.
1472223053 1 10040.3837891 0. 4.12241526415e-22 0.
1472223114 1 10022.7119141 0. 4.11959606845e-22 0.
1472223174 1 10015.8525391 0. 4.1213083927e-22 0.
1472223234 1 10006.5761719 0. 4.12165845664e-22 0.
1472223294 1 9792.64746094 0. 4.03731338474e-22 0.
1472223354 1 9796.46191406 0. 4.04336869096e-22 0.
1472223414 1 9657.38671875 0. 3.9900968484e-22 0.
1472223474 1 10202.9208984 0. 4.21843911761e-22 0.
1472223534 1 10198.9033203 0. 4.22123626238e-22 0.
1472223595 1 10196.8496094 0. 4.22368425099e-22 0.
1472223655 1 10185.5175781 0. 4.22258009085e-22 0.
1472223704 1 10190.7314453 0. 4.22783139708e-22 0.
1472223753 1 10168.7226562 0. 4.22194521725e-22 0.
1472223813 1 10152.9257812 0. 4.22018526652e-22 0.
1472223871 1 10140.0615234 0. 4.21920173842e-22 0.
1472223929 1 10124.6289062 0. 4.21682183939e-22 0.
1472223989 1 10114.6542969 0. 4.21681469598e-22 0.
1472224050 1 10102.6435547 0. 4.21613025738e-22 0.
1472224110 1 10089.8886719 0. 4.2145981443e-22 0.
1472224165 1 10075.5664062 0. 4.21226936953e-22 0.
1472224220 1 10064.0410156 0. 4.2107919915e-22 0.
1472224281 1 10050.8554688 0. 4.20972883626e-22 0.
1472224323 1 10047.5400391 0. 4.21107555161e-22 0.
1472224366 1 10035.21875 0. 4.20917896074e-22 0.
1472224426 1 10025.1015625 0. 0.0 0.
1472224467 1 10016.7851562 0. 4.20849645487e-22 0.
1472224508 1 10010.0390625 0. 4.20812997334e-22 0.
1472224568 1 9993.23046875 0. 4.20567838192e-22 0.
1472224628 1 9983.04199219 0. 4.2056696486e-22 0.
1472224688 1 9972.46484375 0. 4.20569321903e-22 0.
1472224748 1 9959.96679688 0. 4.20461613423e-22 0.
1472224809 1 9948.91503906 0. 4.20409871498e-22 0.
1472224864 1 9935.50488281 0. 4.20194767346e-22 0.
1472224914 1 9923.72949219 0. 4.20029495846e-22 0.
1472224970 1 9912.88476562 0. 4.20017246238e-22 0.
1472225030 1 9900.30273438 0. 4.19865588756e-22 0.
1472225090 1 9889.96972656 0. 4.19865466448e-22 0.
1472225150 1 9875.25976562 0. 4.19633083e-22 0.
1472225210 1 9860.91210938 0. 4.19419808185e-22 0.
1472225270 1 9848.85351562 0. 4.19265392813e-22 0.
1472225331 1 9838.52929688 0. 4.19178527479e-22 0.
1472225391 1 9829.86328125 0. 4.19169429058e-22 0.
1472225451 1 9816.52050781 0. 4.19017332558e-22 0.
1472225489 1 9808.6015625 0. 4.18934489391e-22 0.
1472225528 1 9800.64160156 0. 4.18834287929e-22 0.
1472225588 1 9791.58300781 0. 4.18849641271e-22 0.
1472225648 1 9776.82910156 0. 4.18663493732e-22 0.
1472225708 1 9763.95605469 0. 4.18561310719e-22 0.
1472225769 1 9755.09277344 0. 4.18541646131e-22 0.
1472225829 1 9746.90429688 0. 4.18585872126e-22 0.
1472225889 1 9732.33300781 0. 4.18374888161e-22 0.
1472225949 1 9720.3359375 0. 4.18196085178e-22 0.
1472226009 1 9708.94726562 0. 4.18105351473e-22 0.
1472226069 1 9695.96972656 0. 4.17949743878e-22 0.
1472226129 1 9685.65136719 0. 4.17913478335e-22 0.
1472226190 1 9673.93554688 0. 4.17790107328e-22 0.
1472226250 1 9660.13574219 0. 4.176228254e-22 0.
1472226310 1 9650.11035156 0. 4.17607058385e-22 0.
1472226370 1 9637.44140625 0. 4.17454412503e-22 0.
1472226430 1 9624.33203125 0. 4.17248313343e-22 0.
1472226490 1 9614.41894531 0. 4.17203115703e-22 0.
1472226550 1 9604.56640625 0. 4.17083462843e-22 0.
1472226610 1 9590.70117188 0. 4.16848618781e-22 0.
1472226670 1 9577.77734375 0. 4.16660050609e-22 0.
1472226731 1 9568.34277344 0. 4.16612583476e-22 0.
1472226791 1 9558.87695312 0. 4.16596384754e-22 0.
1472226851 1 9546.74023438 0. 4.16483312887e-22 0.
1472226911 1 9533.88671875 0. 4.1633124434e-22 0.
1472226971 1 9519.55273438 0. 4.16147192915e-22 0.
1472227031 1 9503.7890625 0. 4.15854897143e-22 0.
1472227091 1 9497.61621094 0. 4.15927261433e-22 0.
1472227151 1 9477.65136719 0. 4.15474627231e-22 0.
1472227212 1 9466.15039062 0. 4.15329131941e-22 0.
1472227272 1 9460.90625 0. 4.15479785419e-22 0.
1472227332 1 9448.85058594 0. 4.15295908651e-22 0.
1472227367 1 9441.81445312 0. 4.15155587968e-22 0.
1472227402 1 9434.75195312 0. 4.15075224149e-22 0.
1472227462 1 9427.79785156 0. 4.15194684056e-22 0.
1472227523 1 9414.171875 0. 4.14973070917e-22 0.
1472227583 1 9404.22558594 0. 4.14933312992e-22 0.
1472227643 1 9387.5 0. 4.1461814867e-22 0.
1472227703 1 9378.87792969 0. 4.14572156561e-22 0.
1472227763 1 9362.25 0. 4.1422382239e-22 0.
1472227823 1 9349.07910156 0. 0.0 0.
1472227858 1 9341.3671875 0. 4.13953963199e-22 0.
1472227880 1 9336.74316406 0. 4.13829803529e-22 0.
1472227926 1 9333.87207031 0. 4.13989859157e-22 0.
1472227986 1 9320.05761719 0. 4.13678772543e-22 0.
1472228046 1 9303.15625 0. 4.1326165683e-22 0.
1472228106 1 9292.4609375 0. 4.13127639321e-22 0.
1472228166 1 9286.58886719 0. 4.13307866311e-22 0.
1472228226 1 9277.03320312 0. 4.13155725591e-22 0.
1472228286 1 9269.60351562 0. 4.1316980299e-22 0.
1472228347 1 9260.15625 0. 4.13128642102e-22 0.
1472228404 1 9247.95214844 0. 4.12951589952e-22 0.
1472228450 1 9230.8125 0. 4.12519362827e-22 0.
1472228499 1 9228.82128906 0. 4.12720244763e-22 0.
1472228559 1 9217.73535156 0. 4.12590802399e-22 0.
1472228620 1 9206.31445312 0. 4.12399516234e-22 0.
1472228680 1 9194.08789062 0. 4.12183580858e-22 0.
1472228740 1 9175.66113281 0. 4.11717876683e-22 0.
1472228800 1 9169.15136719 0. 4.11719092259e-22 0.
1472228860 1 9154.67480469 0. 4.11459331687e-22 0.
1472228920 1 9143.47851562 0. 4.1138805942e-22 0.
1472228980 1 9136.63476562 0. 4.11439590777e-22 0.
1472229040 1 9130.02636719 0. 4.1155722388e-22 0.
1472229101 1 9115.54394531 0. 4.1125345566e-22 0.
1472229161 1 9103.3203125 0. 4.11087181409e-22 0.
1472229221 1 9083.19238281 0. 4.10459614381e-22 0.
1472229281 1 9070.26757812 0. 4.10262236037e-22 0.
1472229341 1 9061.28222656 0. 4.10232121579e-22 0.
1472229401 1 9050.91796875 0. 4.10067194223e-22 0.
1472229461 1 9032.734375 0. 4.09610333165e-22 0.
1472229522 1 9028.5 0. 4.09814744458e-22 0.
1472229582 1 9023.69824219 0. 4.09974474941e-22 0.
1472229618 1 9017.66308594 0. 4.09940223454e-22 0.
1472229654 1 9010.39257812 0. 4.09805374782e-22 0.
1472229689 1 9005.86425781 0. 4.09841713366e-22 0.
1472229724 1 8999.89746094 0. 4.09753970052e-22 0.
1472229784 1 9001.37988281 0. 4.10108728302e-22 0.
1472229844 1 8981.03808594 0. 4.09543610389e-22 0.
1472229904 1 8969.39648438 0. 4.09383176691e-22 0.
1472229965 1 8970.73535156 0. 4.09792294381e-22 0.
1472230021 1 8948.72558594 0. 4.09117318318e-22 0.
1472230077 1 8941.75683594 0. 4.09117402927e-22 0.
1472230137 1 8933.60351562 0. 4.090926252e-22 0.
1472230197 1 8930.59667969 0. 4.09284042569e-22 0.
1472230257 1 8921.57617188 0. 4.09201914716e-22 0.
1472230318 1 8902.60253906 0. 4.08617382744e-22 0.
1472230378 1 8897.63964844 0. 4.08713901832e-22 0.
1472230438 1 8888.91699219 0. 4.08732151898e-22 0.
1472230498 1 8873.70410156 0. 4.08351208699e-22 0.
1472230558 1 8863.88378906 0. 4.08273009578e-22 0.
1472230618 1 8858.36132812 0. 4.08355800438e-22 0.
1472230678 1 8837.11230469 0. 4.0769222079e-22 0.
1472230738 1 8834.92382812 0. 4.07959369663e-22 0.
1472230799 1 8831.95410156 0. 4.08223027163e-22 0.
1472230859 1 8809.51464844 0. 4.07498233027e-22 0.
1472230919 1 8812.90820312 0. 4.08017822052e-22 0.
1472230979 1 8806.39355469 0. 4.08061179194e-22 0.
1472231039 1 8785.79882812 0. 4.07447705653e-22 0.
1472231099 1 8772.82714844 0. 4.07237240402e-22 0.
1472231159 1 8760.88769531 0. 4.07011019826e-22 0.
1472231219 1 8753.98339844 0. 4.07022841903e-22 0.
1472231280 1 8734.75878906 0. 4.06435251871e-22 0.
1472231340 1 8736.43164062 0. 4.06834313705e-22 0.
1472231400 1 8723.20800781 0. 4.06538873262e-22 0.
1472231460 1 8722.49023438 0. 4.06907544897e-22 0.
1472231520 1 8711.23925781 0. 4.06696744072e-22 0.
1472231580 1 8700.90625 0. 4.06533236818e-22 0.
1472231640 1 8684.25097656 0. 4.06119843195e-22 0.
1472231701 1 8654.61914062 0. 4.05078085068e-22 0.
1472231761 1 8469.85351562 0. 3.96733923824e-22 0.
1472231821 1 8239.93847656 0. 3.86309720157e-22 0.
1472231881 1 8625.53515625 0. 4.04719933754e-22 0.
1472231941 1 8722.76757812 0. 4.09637406795e-22 0.
1472232001 1 8714.68261719 0. 4.09608147986e-22 0.
1472232061 1 8706.03613281 0. 4.09526574262e-22 0.
1472232121 1 8699.95410156 0. 4.09549500427e-22 0.
1472232182 1 8686.70410156 0. 4.09221179053e-22 0.
1472232242 1 8679.33300781 0. 4.09198038708e-22 0.
1472232302 1 8670.61230469 0. 4.09082737986e-22 0.
1472232362 1 8659.81152344 0. 4.08955254928e-22 0.
1472232422 1 8653.12792969 0. 4.08923165785e-22 0.
1472232482 1 8644.38085938 0. 4.08885187199e-22 0.
1472232542 1 8636.36035156 0. 4.08822570118e-22 0.
1472232602 1 8626.00683594 0. 4.08652138099e-22 0.
1472232663 1 8615.69824219 0. 4.0850524951e-22 0.
1472232723 1 8606.25878906 0. 4.08418726381e-22 0.
1472232783 1 8598.49121094 0. 4.08338105947e-22 0.
1472232843 1 8587.20703125 0. 4.08099964465e-22 0.
1472232903 1 8583.00878906 0. 4.08227929575e-22 0.
1472232963 1 8572.87304688 0. 4.0788600347e-22 0.
1472233023 1 8566.02148438 0. 4.07831737224e-22 0.
1472233083 1 8558.73339844 0. 4.07816303857e-22 0.
1472233144 1 8544.74121094 0. 4.07501474401e-22 0.
1472233204 1 8538.26660156 0. 4.07545742959e-22 0.
1472233264 1 8529.10742188 0. 4.07422426443e-22 0.
1472233324 1 8521.06738281 0. 4.07369239616e-22 0.
1472233384 1 8513.5390625 0. 4.07333374138e-22 0.
1472233444 1 8502.70605469 0. 4.07171203848e-22 0.
1472233504 1 8491.14941406 0. 4.06971568142e-22 0.
1472233552 1 8490.91992188 0. 4.07233904834e-22 0.
1472233600 1 8482.75 0. 4.07098456761e-22 0.
1472233635 1 8479.5078125 0. 4.07114018432e-22 0.
1472233670 1 8472.69921875 0. 4.06975969765e-22 0.
1472233730 1 8466.18164062 0. 4.06989574428e-22 0.
1472233790 1 8453.48144531 0. 4.06674670815e-22 0.
1472233850 1 8440.6171875 0. 4.06429429888e-22 0.
1472233910 1 8434.57421875 0. 4.06391153426e-22 0.
1472233961 1 8427.74023438 0. 4.06327574581e-22 0.
1472234012 1 8424.02246094 0. 4.06499174109e-22 0.
1472234072 1 8417.24707031 0. 4.06431472416e-22 0.
1472234132 1 8407.67089844 0. 4.0628536698e-22 0.
1472234192 1 8399.51953125 0. 4.06224133598e-22 0.
1472234253 1 8391.18847656 0. 4.06189146356e-22 0.
1472234313 1 8377.22363281 0. 4.05859938594e-22 0.
1472234373 1 8371.66894531 0. 4.05890882687e-22 0.
1472234433 1 8362.68457031 0. 4.05833093351e-22 0.
1472234493 1 8354.69726562 0. 4.05745022767e-22 0.
1472234553 1 8351.87988281 0. 4.05884174963e-22 0.
1472234613 1 8342.98730469 0. 4.05693909496e-22 0.
1472234673 1 8333.75585938 0. 4.0562330785e-22 0.
1472234734 1 8326.59667969 0. 4.05624374011e-22 0.
1472234794 1 8318.7109375 0. 4.0558527885e-22 0.
1472234854 1 8308.125 0. 4.05409939145e-22 0.
1472234914 1 8300.06835938 0. 4.05265335841e-22 0.
1472234974 1 8286.95605469 0. 4.05022052158e-22 0.
1472235034 1 8280.37109375 0. 4.0501735762e-22 0.
1472235094 1 8278.875 0. 4.05269695047e-22 0.
1472235155 1 8272.66699219 0. 4.05212236499e-22 0.
1472235215 1 8266.23242188 0. 4.05194714009e-22 0.
1472235275 1 8254.69921875 0. 4.0489156071e-22 0.
1472235335 1 8245.3359375 0. 4.04784220232e-22 0.
1472235395 1 8235.21484375 0. 4.04597629391e-22 0.
1472235455 1 8229.48535156 0. 4.04596051803e-22 0.
1472235515 1 8221.29785156 0. 4.04561225485e-22 0.
1472235576 1 8211.91601562 0. 4.04435277153e-22 0.
1472235636 1 8197.77246094 0. 4.04077351279e-22 0.
1472235691 1 8193.98144531 0. 4.04192927123e-22 0.
1472235722 1 8186.48583984 0. 4.03976637662e-22 0.
1472235757 1 8181.72363281 0. 4.03913976074e-22 0.
1472235797 1 8178.86181641 0. 4.03998405003e-22 0.
1472235811 1 8181.77734375 0. 4.04254887304e-22 0.
1472235846 1 8170.48339844 0. 4.03892139784e-22 0.
1472235906 1 8159.14404297 0. 4.03645481536e-22 0.
1472235966 1 8148.15478516 0. 4.03435318719e-22 0.
1472236026 1 8137.49755859 0. 4.03209223007e-22 0.
1472236086 1 8128.05664062 0. 4.03076644238e-22 0.
1472236146 1 8122.94677734 0. 4.03174455311e-22 0.
1472236207 1 8111.36914062 0. 4.02909078663e-22 0.
1472236267 1 8104.89599609 0. 4.02945742758e-22 0.
1472236327 1 8093.07861328 0. 4.02724070478e-22 0.
1472236387 1 8084.72216797 0. 4.02563087955e-22 0.
1472236447 1 8079.17675781 0. 4.02650330586e-22 0.
1472236507 1 8070.49609375 0. 4.02528243426e-22 0.
1472236567 1 8068.38818359 0. 4.02705617396e-22 0.
1472236628 1 8059.40429688 0. 4.02558765169e-22 0.
1472236688 1 8049.94091797 0. 4.02423087977e-22 0.
1472236748 1 8042.10009766 0. 4.02314197959e-22 0.
1472236808 1 8034.4609375 0. 4.02262451833e-22 0.
1472236868 1 8027.04199219 0. 4.02216628691e-22 0.
1472236928 1 8021.82324219 0. 4.02262353568e-22 0.
1472236988 1 8012.91992188 0. 4.0215991737e-22 0.
1472237048 1 8002.99658203 0. 4.01977238211e-22 0.
1472237109 1 7998.79199219 0. 4.02050736717e-22 0.
1472237169 1 7988.40185547 0. 4.01851179969e-22 0.
1472237229 1 7979.72070312 0. 4.01742925346e-22 0.
1472237289 1 7973.5625 0. 4.01768624896e-22 0.
1472237349 1 7968.20214844 0. 4.01861748126e-22 0.
1472237408 1 7956.92871094 0. 4.01638322774e-22 0.
1472237445 1 7949.13476562 0. 4.01444523361e-22 0.
1472237465 1 7945.87255859 0. 4.01318708799e-22 0.
1472237507 1 7940.71875 0. 4.01248263821e-22 0.
1472237568 1 7934.92285156 0. 4.0125951965e-22 0.
1472237622 1 7927.8828125 0. 4.01175495445e-22 0.
1472237677 1 7927.26953125 0. 4.0143719216e-22 0.
1472237737 1 7922.03710938 0. 4.01530694605e-22 0.
1472237797 1 7904.27001953 0. 4.00939409495e-22 0.
1472237857 1 7897.28662109 0. 4.00948650859e-22 0.
1472237917 1 7892.59960938 0. 4.01039973594e-22 0.
1472237978 1 7885.43554688 0. 4.00971411824e-22 0.
1472238038 1 7878.65917969 0. 4.00974910039e-22 0.
1472238098 1 7875.5546875 0. 4.01119355127e-22 0.
1472238158 1 7872.19482422 0. 4.01206285158e-22 0.
1472238218 1 7864.29931641 0. 4.01037168751e-22 0.
1472238278 1 7849.98730469 0. 4.00616135415e-22 0.
1472238338 1 7849.671875 0. 4.00916983732e-22 0.
1472238398 1 7844.28369141 0. 4.00914998048e-22 0.
1472238459 1 7837.92089844 0. 4.00872432989e-22 0.
1472238519 1 7831.44775391 0. 4.0087971982e-22 0.
1472238579 1 7824.54541016 0. 4.00912224563e-22 0.
1472238639 1 7814.0 0. 4.00680459656e-22 0.
1472238699 1 7812.20410156 0. 4.00907139829e-22 0.
1472238759 1 7799.59912109 0. 4.00605585475e-22 0.
1472238819 1 7789.47363281 0. 4.00393421725e-22 0.
1472238880 1 7786.87890625 0. 4.00597429844e-22 0.
1472238940 1 7778.81933594 0. 4.00530384904e-22 0.
1472239000 1 7772.64355469 0. 4.00531045525e-22 0.
1472239060 1 7763.34521484 0. 4.00381648022e-22 0.
1472239120 1 7762.19287109 0. 4.00649214316e-22 0.
1472239180 1 7751.88720703 0. 4.00440261832e-22 0.
1472239240 1 7740.33056641 0. 4.00056357305e-22 0.
1472239300 1 7606.50830078 0. 3.93443253749e-22 0.
1472239360 1 7450.01513672 0. 3.85674703838e-22 0.
1472239421 1 7639.89892578 0. 3.95756035358e-22 0.
1472239481 1 7746.37744141 0. 4.01500434871e-22 0.
1472239541 1 7737.61767578 0. 4.01322075485e-22 0.
1472239601 1 7733.25195312 0. 4.01472260525e-22 0.
1472239661 1 7727.08007812 0. 4.01533490116e-22 0.
1472239721 1 7716.91259766 0. 4.01339282801e-22 0.
1472239782 1 7708.64355469 0. 4.01241731935e-22 0.
1472239842 1 7704.46728516 0. 4.01284634524e-22 0.
1472239902 1 7695.75 0. 4.01214441992e-22 0.
1472239962 1 7685.59667969 0. 4.00923165338e-22 0.
1472240022 1 7682.27685547 0. 4.01011850515e-22 0.
1472240082 1 7676.86132812 0. 4.01028648779e-22 0.
1472240142 1 7673.21386719 0. 4.011915035e-22 0.
1472240202 1 7666.93603516 0. 4.01162888908e-22 0.
1472240263 1 7656.21044922 0. 4.00935139896e-22 0.
1472240323 1 7649.0703125 0. 4.02282881827e-22 0.
1472240383 1 7644.46777344 0. 4.0092170104e-22 0.
1472240443 1 7634.57324219 0. 4.00708744741e-22 0.
1472240503 1 7626.35498047 0. 4.00576550846e-22 0.
1472240563 1 7620.29833984 0. 4.0053899679e-22 0.
1472240623 1 7615.46435547 0. 4.0061982714e-22 0.
1472240684 1 7611.00683594 0. 4.00745558552e-22 0.
1472240744 1 7606.45507812 0. 4.00771711545e-22 0.
1472240804 1 7599.63574219 0. 4.00698714359e-22 0.
1472240864 1 7592.609375 0. 4.00682768631e-22 0.
1472240924 1 7585.92041016 0. 4.00610639291e-22 0.
1472240984 1 7577.85449219 0. 4.00425321084e-22 0.
1472241044 1 7571.73046875 0. 4.00378913174e-22 0.
1472241105 1 7562.58300781 0. 4.00155803825e-22 0.
1472241165 1 7556.76123047 0. 4.00185623129e-22 0.
1472241225 1 7550.54882812 0. 4.00260495235e-22 0.
1472241285 1 7546.06054688 0. 4.00262296866e-22 0.
1472241345 1 7535.74169922 0. 3.99990564645e-22 0.
1472241405 1 7528.61230469 0. 3.99976419494e-22 0.
1472241465 1 7521.37158203 0. 3.99870934803e-22 0.
1472241525 1 7513.63867188 0. 3.99679552175e-22 0.
1472241586 1 7512.43164062 0. 3.99924594811e-22 0.
1472241646 1 7502.52001953 0. 3.99712726524e-22 0.
1472241706 1 7496.58691406 0. 3.99722395584e-22 0.
1472241766 1 7491.47998047 0. 3.99783761735e-22 0.
1472241826 1 7483.93847656 0. 3.99672702147e-22 0.
1472241886 1 7478.70458984 0. 3.99679025795e-22 0.
1472241946 1 7471.61035156 0. 3.99580684579e-22 0.
1472242006 1 7465.40966797 0. 3.99473883573e-22 0.
1472242067 1 7457.97900391 0. 3.99394275595e-22 0.
1472242127 1 7453.12353516 0. 3.99466432692e-22 0.
1472242187 1 7445.28222656 0. 3.99364045725e-22 0.
1472242247 1 7437.09033203 0. 3.99228109132e-22 0.
1472242307 1 7431.73876953 0. 3.99237291118e-22 0.
1472242367 1 7427.45849609 0. 3.99370684267e-22 0.
1472242427 1 7420.33789062 0. 3.99250610507e-22 0.
1472242488 1 7413.90283203 0. 3.99164874416e-22 0.
1472242529 1 7410.53173828 0. 3.99203621251e-22 0.
1472242571 1 7401.82373047 0. 3.99000975583e-22 0.
1472242632 1 7398.57617188 0. 3.99129770068e-22 0.
1472242692 1 7392.34619141 0. 3.99019458511e-22 0.
1472242752 1 7385.60351562 0. 3.98992546319e-22 0.
1472242800 1 7380.32714844 0. 3.98934523214e-22 0.
1472242848 1 7374.76367188 0. 3.98901378164e-22 0.
1472242908 1 7369.24511719 0. 3.98915455088e-22 0.
1472242968 1 7363.73095703 0. 3.98915173705e-22 0.
1472243028 1 7356.81835938 0. 3.98822175436e-22 0.
1472243088 1 7349.33007812 0. 3.98703302907e-22 0.
1472243148 1 7343.2265625 0. 3.9861245236e-22 0.
1472243208 1 7339.32275391 0. 3.98710418578e-22 0.
1472243268 1 7328.01660156 0. 3.98364408476e-22 0.
1472243329 1 7325.97412109 0. 3.9863698318e-22 0.
1472243389 1 7319.57128906 0. 3.98489702685e-22 0.
1472243449 1 7313.69287109 0. 3.98462899831e-22 0.
1472243509 1 7308.43505859 0. 3.98478143624e-22 0.
1472243569 1 7297.77929688 0. 3.98170001057e-22 0.
1472243629 1 7292.38378906 0. 3.98164379716e-22 0.
1472243689 1 7288.61669922 0. 3.98291070527e-22 0.
1472243744 1 7281.59716797 0. 3.98114192537e-22 0.
1472243798 1 7273.80273438 0. 3.97868259056e-22 0.
1472243833 1 7272.55322266 0. 3.9796826087e-22 0.
1472243852 1 7270.10449219 0. 3.97957133499e-22 0.
1472243897 1 7267.37451172 0. 3.98028781555e-22 0.
1472243932 1 7263.95410156 0. 3.98041505871e-22 0.
1472243967 1 7258.56542969 0. 3.97850188772e-22 0.
1472244027 1 7252.12011719 0. 3.97820412412e-22 0.
1472244088 1 7245.35205078 0. 3.97722417218e-22 0.
1472244148 1 7236.22070312 0. 3.97566203925e-22 0.
1472244208 1 7230.27832031 0. 3.97535090008e-22 0.
1472244268 1 7224.57080078 0. 3.9749359917e-22 0.
1472244328 1 7216.62890625 0. 3.97363710839e-22 0.
1472244388 1 7210.16699219 0. 3.97315567613e-22 0.
1472244448 1 7206.48779297 0. 3.97436308997e-22 0.
1472244508 1 7200.71044922 0. 3.97428013701e-22 0.
1472244569 1 7192.34130859 0. 3.97269836819e-22 0.
1472244629 1 7185.14697266 0. 3.97153473139e-22 0.
1472244689 1 7181.3984375 0. 3.97232275256e-22 0.
1472244749 1 7176.40087891 0. 3.97246911132e-22 0.
1472244809 1 7172.12109375 0. 3.97293081007e-22 0.
1472244869 1 7162.32568359 0. 3.96978187903e-22 0.
1472244930 1 7158.18945312 0. 3.97046170307e-22 0.
1472244990 1 7149.88574219 0. 3.96829891722e-22 0.
1472245050 1 7142.43017578 0. 3.96671016525e-22 0.
1472245110 1 7137.4609375 0. 3.96659555317e-22 0.
1472245170 1 7131.41455078 0. 3.96644511826e-22 0.
1472245230 1 7125.03369141 0. 3.96663852867e-22 0.
1472245265 1 7120.45898438 0. 3.96629513288e-22 0.
1472245300 1 7119.31005859 0. 3.96697442363e-22 0.
1472245361 1 7111.03173828 0. 3.96515944351e-22 0.
1472245421 1 7104.359375 0. 3.96400608564e-22 0.
1472245481 1 7097.47070312 0. 3.9632733468e-22 0.
1472245541 1 7088.2578125 0. 3.96116556247e-22 0.
1472245601 1 7079.64599609 0. 3.95976337624e-22 0.
1472245661 1 7071.36816406 0. 3.9665038807e-22 0.
1472245721 1 7066.41992188 0. 3.95831281114e-22 0.
1472245782 1 7058.98730469 0. 3.95732612305e-22 0.
1472245842 1 7050.21582031 0. 3.95527084414e-22 0.
1472245902 1 7040.8359375 0. 3.95236987833e-22 0.
1472245962 1 7033.25585938 0. 3.95054013255e-22 0.
1472246022 1 7034.1953125 0. 3.95437932258e-22 0.
1472246082 1 7028.54931641 0. 3.95389101991e-22 0.
1472246142 1 7023.14257812 0. 3.95361042296e-22 0.
1472246203 1 7010.89404297 0. 3.94999881492e-22 0.
1472246263 1 7012.1875 0. 3.95340276731e-22 0.
1472246323 1 7008.12060547 0. 3.95470679833e-22 0.
1472246383 1 6999.57470703 0. 3.95217618502e-22 0.
1472246443 1 6998.95556641 0. 3.9549811351e-22 0.
1472246503 1 6989.3359375 0. 3.95236598225e-22 0.
1472246563 1 6983.37646484 0. 3.95187662354e-22 0.
1472246623 1 6981.59033203 0. 3.95383932683e-22 0.
1472246684 1 6974.34423828 0. 3.95292901759e-22 0.
1472246744 1 6968.96679688 0. 3.95229035321e-22 0.
1472246804 1 6963.33056641 0. 3.95215724697e-22 0.
1472246864 1 6955.17773438 0. 3.95005194706e-22 0.
1472246905 1 6951.12792969 0. 3.95015707604e-22 0.
1472246946 1 6945.390625 0. 3.94888230173e-22 0.
1472247007 1 6941.97265625 0. 3.94979662979e-22 0.
1472247051 1 6941.23779297 0. 3.95134664691e-22 0.
1472247096 1 6934.57861328 0. 3.95018016643e-22 0.
1472247131 1 6936.46044922 0. 3.95292516223e-22 0.
1472247166 1 6929.10253906 0. 3.95081794703e-22 0.
1472247226 1 6924.98876953 0. 3.9513141479e-22 0.
1472247287 1 6921.74755859 0. 3.95285693037e-22 0.
1472247347 1 6923.37939453 0. 3.95655533153e-22 0.
1472247407 1 6912.40039062 0. 3.95300988651e-22 0.
1472247467 1 6906.14013672 0. 3.9524271951e-22 0.
1472247527 1 6901.28222656 0. 3.95245235593e-22 0.
1472247587 1 6896.42480469 0. 3.95188751334e-22 0.
1472247647 1 6888.98632812 0. 3.95026007863e-22 0.
1472247707 1 6882.14599609 0. 3.9492306993e-22 0.
1472247767 1 6879.56445312 0. 3.95069155437e-22 0.
1472247827 1 6873.71142578 0. 3.95017062918e-22 0.
1472247888 1 6867.05419922 0. 3.94933191876e-22 0.
1472247948 1 6862.93261719 0. 3.94988511456e-22 0.
1472247986 1 6859.72119141 0. 3.95004408827e-22 0.
1472248024 1 6860.58789062 0. 3.95219101424e-22 0.
1472248084 1 6852.94482422 0. 3.95049926324e-22 0.
1472248144 1 6847.73388672 0. 3.95032000306e-22 0.
1472248204 1 6839.43652344 0. 3.94869960467e-22 0.
1472248265 1 6836.76660156 0. 3.95009539036e-22 0.
1472248325 1 6828.00732422 0. 3.94813576821e-22 0.
1472248385 1 6819.57763672 0. 3.94668667222e-22 0.
1472248445 1 6820.63476562 0. 3.94999243414e-22 0.
1472248505 1 6813.58105469 0. 3.94793949198e-22 0.
1472248565 1 6805.92529297 0. 3.94657923971e-22 0.
1472248625 1 6801.33544922 0. 3.94719009224e-22 0.
1472248686 1 6801.02392578 0. 3.9578256241e-22 0.
1472248746 1 6788.67724609 0. 3.94561285221e-22 0.
1472248806 1 6786.01318359 0. 3.9466232234e-22 0.
1472248866 1 6781.96044922 0. 3.94741479818e-22 0.
1472248926 1 6777.87988281 0. 3.94780846048e-22 0.
1472248986 1 6775.26757812 0. 3.94915529464e-22 0.
1472249046 1 6765.48632812 0. 3.946071887e-22 0.
1472249106 1 6759.00732422 0. 3.94564241458e-22 0.
1472249167 1 6758.75732422 0. 3.94853071101e-22 0.
1472249227 1 6743.92675781 0. 3.94325093748e-22 0.
1472249287 1 6739.20410156 0. 3.94304041009e-22 0.
1472249347 1 6736.47363281 0. 3.94456437397e-22 0.
1472249407 1 6725.77392578 0. 3.940849667e-22 0.
1472249467 1 6722.44726562 0. 3.94144505677e-22 0.
1472249527 1 6723.14892578 0. 3.94508188804e-22 0.
1472249587 1 6718.21923828 0. 3.94513745312e-22 0.
1472249648 1 6713.95068359 0. 3.94582433642e-22 0.
1472249708 1 6707.08544922 0. 3.94438704977e-22 0.
1472249768 1 6697.81005859 0. 3.94154571242e-22 0.
1472249828 1 6698.00537109 0. 3.94460728392e-22 0.
1472249888 1 6694.97216797 0. 3.94609171345e-22 0.
1472249948 1 6686.07177734 0. 3.94313246532e-22 0.
1472250008 1 6682.77539062 0. 3.94469109585e-22 0.
1472250069 1 6674.10644531 0. 3.94243469201e-22 0.
1472250129 1 6660.97314453 0. 3.93754062916e-22 0.
1472250189 1 6657.58154297 0. 3.93822302738e-22 0.
1472250249 1 6652.94775391 0. 3.93820458264e-22 0.
1472250309 1 6655.46923828 0. 3.94270497894e-22 0.
1472250369 1 6648.99804688 0. 3.94202915155e-22 0.
1472250429 1 6640.80419922 0. 3.93975302244e-22 0.
1472250490 1 6638.8828125 0. 3.94170604306e-22 0.
1472250550 1 6632.90771484 0. 3.94146784325e-22 0.
1472250610 1 6626.10449219 0. 3.93960350186e-22 0.
1472250670 1 6624.78173828 0. 3.94197618241e-22 0.
1472250730 1 6617.71142578 0. 3.93994496665e-22 0.
1472250790 1 6607.26611328 0. 3.93631264325e-22 0.
1472250850 1 6592.33154297 0. 3.9311368219e-22 0.
1472250910 1 6595.09960938 0. 3.93609774478e-22 0.
1472250971 1 6590.34667969 0. 3.93599820139e-22 0.
1472251031 1 6585.86376953 0. 3.93646840297e-22 0.
1472251091 1 6582.69775391 0. 3.93715332082e-22 0.
1472251151 1 6577.8359375 0. 3.93673063017e-22 0.
1472251211 1 6571.28466797 0. 3.93605818768e-22 0.
1472251271 1 6487.27636719 0. 3.88805599227e-22 0.
1472251331 1 6428.76025391 0. 3.85603007079e-22 0.
1472251391 1 6363.54736328 0. 3.8197078707e-22 0.
1472251452 1 6579.61328125 0. 3.95142463776e-22 0.
1472251512 1 6579.41015625 0. 3.95420276584e-22 0.
1472251572 1 6574.07666016 0. 3.9535027723e-22 0.
1472251632 1 6567.87548828 0. 3.95227936734e-22 0.
1472251692 1 6563.13330078 0. 3.95205176767e-22 0.
1472251752 1 6557.88574219 0. 3.95217670609e-22 0.
1472251812 1 6480.34912109 0. 3.90840190479e-22 0.
1472251872 1 6400.59863281 0. 3.86233788967e-22 0.
1472251932 1 6334.38916016 0. 3.82589220465e-22 0.
1472251993 1 6308.04833984 0. 3.81340103424e-22 0.
1472252053 1 6320.64990234 0. 3.82356982333e-22 0.
1472252113 1 6315.31884766 0. 3.82342026267e-22 0.
1472252173 1 6311.99658203 0. 3.82408580614e-22 0.
1472252233 1 6305.97509766 0. 3.82306784594e-22 0.
1472252293 1 6301.93994141 0. 3.82319418468e-22 0.
1472252353 1 6298.42333984 0. 3.82389306881e-22 0.
1472252414 1 6293.95263672 0. 3.82389897906e-22 0.
1472252474 1 6289.04101562 0. 3.8234637693e-22 0.
1472252534 1 6284.23925781 0. 3.82331370166e-22 0.
1472252594 1 6281.50976562 0. 3.8243702572e-22 0.
1472252654 1 6278.99560547 0. 3.82580710606e-22 0.
1472252714 1 6273.34521484 0. 3.82546232502e-22 0.
1472252774 1 6269.97216797 0. 3.8255809105e-22 0.
1472252834 1 6267.22753906 0. 3.82646534864e-22 0.
1472252895 1 6261.29736328 0. 3.82525254882e-22 0.
1472252931 1 6259.95703125 0. 3.82563075177e-22 0.
1472252967 1 6256.33740234 0. 3.82545329066e-22 0.
1472253027 1 6252.68701172 0. 3.82595228542e-22 0.
1472253069 1 6247.76660156 0. 3.82497070876e-22 0.
1472253111 1 6244.92480469 0. 3.82474583942e-22 0.
1472253171 1 6239.55273438 0. 3.82449282241e-22 0.
1472253231 1 6237.39111328 0. 3.82590511184e-22 0.
1472253291 1 6234.06542969 0. 3.82658866649e-22 0.
1472253327 1 6230.43408203 0. 3.82730884274e-22 0.
1472253359 1 6227.51318359 0. 3.82646364093e-22 0.
1472253416 1 6223.6015625 0. 3.82624066072e-22 0.
1472253476 1 6218.69824219 0. 3.82529800963e-22 0.
1472253536 1 6212.71826172 0. 3.82419025912e-22 0.
1472253596 1 6209.85693359 0. 3.8250230114e-22 0.
1472253657 1 6206.26269531 0. 3.82574070263e-22 0.
1472253717 1 6200.09082031 0. 3.82500499675e-22 0.
1472253777 1 6197.33984375 0. 3.82566911068e-22 0.
1472253837 1 6193.41699219 0. 3.82536424478e-22 0.
1472253897 1 6188.03857422 0. 3.82499858061e-22 0.
1472253957 1 6182.91113281 0. 3.82493090431e-22 0.
1472254012 1 6178.37158203 0. 3.82476683936e-22 0.
1472254067 1 6177.90771484 0. 3.82646816366e-22 0.
1472254102 1 6174.51855469 0. 3.82609419614e-22 0.
1472254137 1 6173.63623047 0. 3.82670044512e-22 0.
1472254198 1 6167.26416016 0. 3.82503575179e-22 0.
1472254258 1 6162.39794922 0. 3.82594063762e-22 0.
1472254318 1 6161.1875 0. 3.82761634344e-22 0.
1472254378 1 6159.4296875 0. 3.82857217078e-22 0.
1472254438 1 6153.49902344 0. 3.82741793543e-22 0.
1472254498 1 6145.39794922 0. 3.82488489084e-22 0.
1472254558 1 6141.42431641 0. 3.82486209638e-22 0.
1472254618 1 6138.21679688 0. 3.82564275393e-22 0.
1472254678 1 6134.64111328 0. 3.82659089514e-22 0.
1472254739 1 6131.890625 0. 3.82782747076e-22 0.
1472254799 1 6127.84423828 0. 3.82848489714e-22 0.
1472254859 1 6124.39648438 0. 3.82847388774e-22 0.
1472254919 1 6120.91308594 0. 3.82859019162e-22 0.
1472254979 1 6114.91113281 0. 3.82712429358e-22 0.
1472255039 1 6109.34179688 0. 3.82630807588e-22 0.
1472255099 1 6107.88330078 0. 3.82850228948e-22 0.
1472255159 1 6099.08886719 0. 3.82510894884e-22 0.
1472255219 1 6093.90673828 0. 3.82431502613e-22 0.
1472255280 1 6092.17138672 0. 3.82674486312e-22 0.
1472255340 1 6085.55175781 0. 3.82482758575e-22 0.
1472255400 1 6082.66650391 0. 3.82569482936e-22 0.
1472255460 1 6081.80957031 0. 3.82794987479e-22 0.
1472255520 1 6074.62939453 0. 3.82598011281e-22 0.
1472255580 1 6071.31738281 0. 3.82615808654e-22 0.
1472255640 1 6066.98339844 0. 3.82633134919e-22 0.
1472255700 1 6059.75048828 0. 3.82534963465e-22 0.
1472255761 1 6060.68945312 0. 3.8283676402e-22 0.
1472255821 1 6055.34863281 0. 3.82750681835e-22 0.
1472255881 1 6047.45898438 0. 3.82575842477e-22 0.
1472255941 1 6048.47314453 0. 3.82877072579e-22 0.
1472256001 1 6045.40234375 0. 3.82887692251e-22 0.
1472256061 1 6037.02539062 0. 3.82650362684e-22 0.
1472256121 1 6032.88476562 0. 3.82629832544e-22 0.
1472256181 1 6026.83789062 0. 3.82500964598e-22 0.
1472256242 1 6026.52197266 0. 3.8271000842e-22 0.
1472256302 1 6022.46630859 0. 3.82730471835e-22 0.
1472256362 1 6015.40283203 0. 3.82567970324e-22 0.
1472256422 1 6011.36132812 0. 3.82627271089e-22 0.
1472256482 1 6008.43994141 0. 3.82715352928e-22 0.
1472256542 1 6001.4296875 0. 3.82509686821e-22 0.
1472256602 1 5998.55175781 0. 3.82605248639e-22 0.
1472256663 1 5991.98193359 0. 3.82379308191e-22 0.
1472256723 1 5897.26757812 0. 3.76570666701e-22 0.
1472256783 1 5779.14013672 0. 3.69287854659e-22 0.
1472256843 1 5930.63085938 0. 3.79223676104e-22 0.
1472256903 1 5990.22949219 0. 3.83327558804e-22 0.
1472256963 1 5985.35449219 0. 3.83309202242e-22 0.
1472257023 1 5981.65283203 0. 3.83322235037e-22 0.
1472257084 1 5978.02880859 0. 3.83358500725e-22 0.
1472257144 1 5973.12792969 0. 3.83331412047e-22 0.
1472257204 1 5970.33935547 0. 3.8345432257e-22 0.
1472257264 1 5968.34570312 0. 3.83524041792e-22 0.
1472257324 1 5964.43310547 0. 3.83475681396e-22 0.
1472257384 1 5960.07324219 0. 3.83482163736e-22 0.
1472257444 1 5956.69335938 0. 3.83491064348e-22 0.
1472257504 1 5953.11914062 0. 3.83533991544e-22 0.
1472257564 1 5948.99658203 0. 3.83492022974e-22 0.
1472257625 1 5944.78808594 0. 3.83566587501e-22 0.
1472257685 1 5939.59765625 0. 3.83498863591e-22 0.
1472257745 1 5936.32617188 0. 3.83519667114e-22 0.
1472257805 1 5933.24755859 0. 3.83553442429e-22 0.
1472257865 1 5926.21826172 0. 3.83316110687e-22 0.
1472257925 1 5922.32080078 0. 3.83406064833e-22 0.
1472257985 1 5918.96728516 0. 3.83484890491e-22 0.
1472258046 1 5917.55664062 0. 3.83604194788e-22 0.
1472258106 1 5914.765625 0. 3.83679890172e-22 0.
1472258166 1 5909.921875 0. 3.83627491e-22 0.
1472258226 1 5905.61621094 0. 3.83597247014e-22 0.
1472258286 1 5902.81347656 0. 3.836561631e-22 0.
1472258346 1 5898.50341797 0. 3.83619584604e-22 0.
1472258406 1 5893.56396484 0. 3.83584662485e-22 0.
1472258466 1 5890.77441406 0. 3.83655345142e-22 0.
1472258527 1 5886.47460938 0. 3.83678607081e-22 0.
1472258587 1 5882.85742188 0. 3.83668985416e-22 0.
1472258637 1 5880.38476562 0. 3.83669161794e-22 0.
1472258688 1 5876.46484375 0. 3.8366543418e-22 0.
1472258748 1 5874.12255859 0. 3.83775551094e-22 0.
1472258808 1 5869.75146484 0. 3.8370069776e-22 0.
1472258868 1 5863.62988281 0. 3.83577615997e-22 0.
1472258929 1 5859.93261719 0. 3.8363648392e-22 0.
1472258989 1 5856.64257812 0. 3.83643831058e-22 0.
1472259049 1 5854.80908203 0. 3.83800805797e-22 0.
1472259109 1 5850.22412109 0. 3.83741352333e-22 0.
1472259149 1 5848.22216797 0. 3.83813828069e-22 0.
1472259169 1 5846.859375 0. 3.83824495385e-22 0.
1472259210 1 5843.88037109 0. 3.83791846681e-22 0.
1472259270 1 5839.22412109 0. 3.83725229691e-22 0.
1472259330 1 5834.96875 0. 3.83665425003e-22 0.
1472259391 1 5831.54492188 0. 3.83720593261e-22 0.
1472259451 1 5829.41162109 0. 3.83822789062e-22 0.
1472259511 1 5823.25048828 0. 3.83661690918e-22 0.
1472259571 1 5820.43505859 0. 3.83712117214e-22 0.
1472259631 1 5818.45898438 0. 3.83869195517e-22 0.
1472259691 1 5813.77685547 0. 3.83825229273e-22 0.
1472259751 1 5810.65771484 0. 3.83821697906e-22 0.
1472259811 1 5806.78466797 0. 3.83802172212e-22 0.
1472259872 1 5802.50195312 0. 3.83791144597e-22 0.
1472259932 1 5798.53662109 0. 3.83775716114e-22 0.
1472259992 1 5793.86181641 0. 3.83738955973e-22 0.
1472260052 1 5790.26269531 0. 3.83732469912e-22 0.
1472260112 1 5786.89257812 0. 3.83788182344e-22 0.
1472260172 1 5784.6484375 0. 3.83890915262e-22 0.
1472260232 1 5779.59423828 0. 3.83773800155e-22 0.
1472260292 1 5775.16894531 0. 3.8375051274e-22 0.
1472260353 1 5772.03027344 0. 3.83799889575e-22 0.
1472260413 1 5769.19775391 0. 3.83901133186e-22 0.
1472260473 1 5764.69042969 0. 3.83851814243e-22 0.
1472260533 1 5761.18798828 0. 3.83846444855e-22 0.
1472260593 1 5756.71142578 0. 3.83779492233e-22 0.
1472260653 1 5753.28125 0. 3.83812602666e-22 0.
1472260713 1 5751.78173828 0. 3.83942351152e-22 0.
1472260773 1 5751.29833984 0. 3.8415811446e-22 0.
1472260833 1 5745.35058594 0. 3.84046083598e-22 0.
1472260894 1 5741.18994141 0. 3.83997940977e-22 0.
1472260954 1 5739.01953125 0. 3.8409452582e-22 0.
1472261014 1 5733.15673828 0. 3.839410497e-22 0.
1472261074 1 5729.10644531 0. 3.83908580086e-22 0.
1472261134 1 5725.4453125 0. 3.83955353085e-22 0.
1472261194 1 5721.89453125 0. 3.83982333019e-22 0.
1472261254 1 5719.12451172 0. 3.84019822551e-22 0.
1472261315 1 5715.24951172 0. 3.8406086424e-22 0.
1472261375 1 5712.3125 0. 3.84108648023e-22 0.
1472261435 1 5708.10986328 0. 3.84061382864e-22 0.
1472261495 1 5704.62402344 0. 3.84079659472e-22 0.
1472261555 1 5700.5390625 0. 3.84070515943e-22 0.
1472261615 1 5696.76074219 0. 3.84050870726e-22 0.
1472261675 1 5691.38671875 0. 3.83942430921e-22 0.
1472261735 1 5689.18359375 0. 3.84045262329e-22 0.
1472261795 1 5687.26953125 0. 3.84155519004e-22 0.
1472261855 1 5682.94238281 0. 3.84110813977e-22 0.
1472261916 1 5676.62402344 0. 3.83942106128e-22 0.
1472261976 1 5672.61181641 0. 3.83938938813e-22 0.
1472262036 1 5671.69824219 0. 3.84122301863e-22 0.
1472262096 1 5669.89697266 0. 3.84246206854e-22 0.
1472262156 1 5664.21630859 0. 3.84107252621e-22 0.
1472262216 1 5660.33349609 0. 3.84051878519e-22 0.
1472262276 1 5655.89355469 0. 3.84026372993e-22 0.
1472262337 1 5651.03173828 0. 3.83905950803e-22 0.
1472262397 1 5649.8515625 0. 3.8405154333e-22 0.
1472262457 1 5646.19287109 0. 3.84058808711e-22 0.
1472262517 1 5637.16601562 0. 3.83696026531e-22 0.
1472262577 1 5635.84765625 0. 3.83854271924e-22 0.
1472262637 1 5632.69873047 0. 3.83913781049e-22 0.
1472262697 1 5627.12841797 0. 3.83795264827e-22 0.
1472262758 1 5627.35400391 0. 3.84073364382e-22 0.
1472262818 1 5622.70507812 0. 3.84000495987e-22 0.
1472262878 1 5617.09130859 0. 3.83892967675e-22 0.
1472262938 1 5615.51025391 0. 3.84039137774e-22 0.
1472262998 1 5607.97021484 0. 3.83674966188e-22 0.
1472263058 1 5604.03759766 0. 3.83670538255e-22 0.
1472263118 1 5602.95654297 0. 3.83884857257e-22 0.
1472263178 1 5598.76660156 0. 3.83859774828e-22 0.
1472263239 1 5596.10693359 0. 3.83943401746e-22 0.
1472263299 1 5592.43603516 0. 3.83893698459e-22 0.
1472263359 1 5588.89794922 0. 3.83937734344e-22 0.
1472263419 1 5583.53125 0. 3.83827380373e-22 0.
1472263479 1 5583.74316406 0. 3.84103780988e-22 0.
1472263539 1 5580.82177734 0. 3.8411113925e-22 0.
1472263599 1 5577.31884766 0. 3.84089973611e-22 0.
1472263660 1 5571.95117188 0. 3.83952048606e-22 0.
1472263720 1 5567.06787109 0. 3.83901624129e-22 0.
1472263780 1 5562.36865234 0. 3.83886854425e-22 0.
1472263840 1 5558.54199219 0. 3.83876983766e-22 0.
1472263900 1 5554.46875 0. 3.83842405881e-22 0.
1472263960 1 5550.52099609 0. 3.83795273373e-22 0.
1472264020 1 5546.49121094 0. 3.83735689579e-22 0.
1472264080 1 5543.42724609 0. 3.83790004723e-22 0.
1472264140 1 5539.55371094 0. 3.83752862622e-22 0.
1472264201 1 5535.64013672 0. 3.83760451111e-22 0.
1472264261 1 5531.93212891 0. 3.83737496395e-22 0.
1472264321 1 5526.78369141 0. 3.83590466758e-22 0.
1472264381 1 5523.83691406 0. 3.83590692773e-22 0.
1472264441 1 5520.97412109 0. 3.83647349049e-22 0.
1472264501 1 5517.97949219 0. 3.8367029986e-22 0.
1472264561 1 5514.87841797 0. 3.83689843619e-22 0.
1472264622 1 5511.43359375 0. 3.83688471448e-22 0.
1472264682 1 5507.95019531 0. 3.83742543207e-22 0.
1472264742 1 5505.58886719 0. 3.83814276638e-22 0.
1472264802 1 5499.91064453 0. 3.8363788355e-22 0.
1472264862 1 5497.79248047 0. 3.83773591508e-22 0.
1472264922 1 5493.17724609 0. 3.8370829356e-22 0.
1472264982 1 5490.63183594 0. 3.83819480427e-22 0.
1472265042 1 5485.95654297 0. 3.83787084427e-22 0.
1472265103 1 5479.88085938 0. 3.83613704288e-22 0.
1472265163 1 5477.7109375 0. 3.83759107009e-22 0.
1472265223 1 5476.74316406 0. 3.83872152148e-22 0.
1472265283 1 5468.28759766 0. 3.83463518524e-22 0.
1472265343 1 5465.53320312 0. 3.83485029369e-22 0.
1472265403 1 5462.35498047 0. 3.83567242082e-22 0.
1472265463 1 5458.99121094 0. 3.83617525356e-22 0.
1472265523 1 5457.26416016 0. 3.83729598939e-22 0.
1472265584 1 5454.35595703 0. 3.83730351497e-22 0.
1472265644 1 5452.10693359 0. 3.83780926451e-22 0.
1472265704 1 5451.49951172 0. 3.83980676256e-22 0.
1472265764 1 5448.34033203 0. 3.84016289876e-22 0.
1472265824 1 5445.89941406 0. 3.84081445132e-22 0.
1472265884 1 5442.42333984 0. 3.84006709152e-22 0.
1472265944 1 5437.87451172 0. 3.83977529107e-22 0.
1472266004 1 5432.69628906 0. 3.83867674668e-22 0.
1472266065 1 5430.33935547 0. 3.83970558946e-22 0.
1472266125 1 5423.9609375 0. 3.83754133371e-22 0.
1472266185 1 5421.39697266 0. 3.83799523704e-22 0.
1472266245 1 5420.46386719 0. 3.83982048372e-22 0.
1472266305 1 5417.99169922 0. 3.84048818234e-22 0.
1472266365 1 5415.15429688 0. 3.84092890732e-22 0.
1472266425 1 5411.51123047 0. 3.84096954095e-22 0.
1472266485 1 5406.54785156 0. 3.84010743446e-22 0.
1472266545 1 5401.20703125 0. 3.83900659835e-22 0.
1472266606 1 5399.74267578 0. 3.84060054372e-22 0.
1472266666 1 5397.76660156 0. 3.8415909971e-22 0.
1472266726 1 5392.84423828 0. 3.84036162636e-22 0.
1472266786 1 5388.29150391 0. 3.84001903481e-22 0.
1472266846 1 5387.89941406 0. 3.84194961991e-22 0.
1472266906 1 5386.04443359 0. 3.84255810494e-22 0.
1472266966 1 5380.57177734 0. 3.84103389961e-22 0.
1472267026 1 5377.76757812 0. 3.8413533028e-22 0.
1472267087 1 5373.86962891 0. 3.84194925491e-22 0.
1472267147 1 5371.41748047 0. 3.8427329681e-22 0.
1472267207 1 5371.0703125 0. 3.84433637468e-22 0.
1472267267 1 5366.92675781 0. 3.84401978616e-22 0.
1472267327 1 5363.99072266 0. 3.84430130097e-22 0.
1472267387 1 5362.04492188 0. 3.84530634202e-22 0.
1472267447 1 5354.85595703 0. 3.84195106035e-22 0.
1472267507 1 5353.29199219 0. 3.84326118071e-22 0.
1472267568 1 5330.93505859 0. 3.82982204972e-22 0.
1472267628 1 5193.63720703 0. 3.73365480152e-22 0.
1472267688 1 5205.82519531 0. 3.74483721154e-22 0.
1472267748 1 5337.94384766 0. 3.84236543633e-22 0.
1472267808 1 5335.22314453 0. 3.84295494299e-22 0.
1472267868 1 5332.265625 0. 3.84359511396e-22 0.
1472267929 1 5328.80322266 0. 3.84381624054e-22 0.
1472267989 1 5322.47851562 0. 3.84166296216e-22 0.
1472268049 1 5320.19140625 0. 3.84205446092e-22 0.
1472268109 1 5318.49169922 0. 3.84288993527e-22 0.
1472268169 1 5310.01318359 0. 3.83913267237e-22 0.
1472268229 1 5311.40478516 0. 3.84291609463e-22 0.
1472268289 1 5310.96337891 0. 3.8449905433e-22 0.
1472268349 1 5307.56494141 0. 3.84418761526e-22 0.
1472268410 1 5305.47119141 0. 3.84533185587e-22 0.
1472268470 1 5300.47216797 0. 3.8442033101e-22 0.
1472268530 1 5307.53808594 0. 3.85183176886e-22 0.
1472268590 1 5305.56298828 0. 3.85313429547e-22 0.
1472268650 1 5302.16601562 0. 3.85287843956e-22 0.
1472268710 1 5298.89648438 0. 3.8524405646e-22 0.
1472268771 1 5294.49609375 0. 3.85122937113e-22 0.
1472268831 1 5289.70214844 0. 3.85009183891e-22 0.
1472268891 1 5288.02294922 0. 3.85147264202e-22 0.
1472268951 1 5283.45654297 0. 3.8505198125e-22 0.
1472269011 1 5279.31982422 0. 3.84985928744e-22 0.
1472269071 1 5279.92871094 0. 3.85278331162e-22 0.
1472269131 1 5274.88085938 0. 3.85099504431e-22 0.
1472269192 1 5274.56787109 0. 3.85384225414e-22 0.
1472269252 1 5269.59814453 0. 3.85285571007e-22 0.
1472269312 1 5265.87109375 0. 3.85286212285e-22 0.
1472269372 1 5265.02978516 0. 3.85523009413e-22 0.
1472269432 1 5258.46875 0. 3.85288348757e-22 0.
1472269492 1 5256.22558594 0. 3.8534092036e-22 0.
1472269552 1 5253.70800781 0. 3.85375349242e-22 0.
1472269612 1 5251.75976562 0. 3.85429156798e-22 0.
1472269673 1 5247.58203125 0. 3.85350662945e-22 0.
1472269733 1 5243.875 0. 3.8526280184e-22 0.
1472269793 1 5242.44189453 0. 3.85405224832e-22 0.
1472269853 1 5240.04833984 0. 3.85484348754e-22 0.
1472269913 1 5237.61865234 0. 3.85619234706e-22 0.
1472269973 1 5234.85449219 0. 3.85638305984e-22 0.
1472270033 1 5230.40380859 0. 3.85533780787e-22 0.
1472270094 1 5225.28564453 0. 3.85356727617e-22 0.
1472270154 1 5221.13183594 0. 3.85331853958e-22 0.
1472270214 1 5217.18017578 0. 3.85318241443e-22 0.
1472270274 1 5216.21728516 0. 3.85463033173e-22 0.
1472270334 1 5214.01269531 0. 3.85526927547e-22 0.
1472270394 1 5208.05078125 0. 3.85280498186e-22 0.
1472270454 1 5205.93701172 0. 3.85361193008e-22 0.
1472270515 1 5203.57763672 0. 3.8545125685e-22 0.
1472270575 1 5200.29296875 0. 3.85477730634e-22 0.
1472270635 1 5196.18701172 0. 3.85428527404e-22 0.
1472270695 1 5192.37841797 0. 3.85313402584e-22 0.
1472270755 1 5189.40136719 0. 3.85348845407e-22 0.
1472270815 1 5187.84570312 0. 3.85500706994e-22 0.
1472270875 1 5183.22802734 0. 3.85416498744e-22 0.
1472270935 1 5179.265625 0. 3.85363601205e-22 0.
1472270996 1 5175.48876953 0. 3.853233629e-22 0.
1472271056 1 5170.95068359 0. 3.8523441941e-22 0.
1472271116 1 5167.52246094 0. 3.85211650064e-22 0.
1472271176 1 5167.49121094 0. 3.85465282556e-22 0.
1472271236 1 5162.77197266 0. 3.85321821722e-22 0.
1472271296 1 5160.36914062 0. 3.85380603475e-22 0.
1472271356 1 5157.18847656 0. 3.85414188996e-22 0.
1472271414 1 5154.04492188 0. 3.85398666188e-22 0.
1472271450 1 5151.87060547 0. 3.85374367956e-22 0.
1472271470 1 5148.94335938 0. 3.85233469522e-22 0.
1472271512 1 5147.50390625 0. 3.85290488614e-22 0.
1472271573 1 5143.92919922 0. 3.85277569201e-22 0.
1472271633 1 5141.20166016 0. 3.8534319254e-22 0.
1472271694 1 5135.05712891 0. 3.85119031301e-22 0.
1472271754 1 5133.43603516 0. 3.85197147651e-22 0.
1472271815 1 5130.65136719 0. 3.85196729656e-22 0.
1472271875 1 5126.83447266 0. 3.85169196556e-22 0.
1472271935 1 5125.09326172 0. 3.85301404039e-22 0.
1472271995 1 5120.83496094 0. 3.85237123204e-22 0.
1472272056 1 5116.31933594 0. 3.85151746623e-22 0.
1472272116 1 5111.68847656 0. 3.85063723333e-22 0.
1472272176 1 5110.70556641 0. 3.85217380471e-22 0.
1472272236 1 5107.46972656 0. 3.85168038069e-22 0.
1472272296 1 5106.3515625 0. 3.85318395305e-22 0.
1472272356 1 5109.27197266 0. 3.86575035165e-22 0.
1472272416 1 5106.57421875 0. 3.85837051164e-22 0.
1472272477 1 5103.453125 0. 3.8583645456e-22 0.
1472272537 1 5100.578125 0. 3.8584857533e-22 0.
1472272597 1 5098.71630859 0. 3.8590790989e-22 0.
1472272657 1 5094.20898438 0. 3.85863695503e-22 0.
1472272717 1 5090.68457031 0. 3.85831102198e-22 0.
1472272777 1 5088.84619141 0. 3.8593157519e-22 0.
1472272837 1 5084.76220703 0. 3.85856872475e-22 0.
1472272898 1 5081.71679688 0. 3.8586632526e-22 0.
1472272958 1 5078.73828125 0. 3.85917223814e-22 0.
1472273018 1 5076.25927734 0. 3.85960909475e-22 0.
1472273078 1 5071.65576172 0. 3.85860802767e-22 0.
1472273138 1 5068.72802734 0. 3.85859286238e-22 0.
1472273198 1 5065.98730469 0. 3.8585564741e-22 0.
1472273258 1 5062.64404297 0. 3.85795083948e-22 0.
1472273318 1 5057.84716797 0. 3.85670843545e-22 0.
1472273379 1 5055.39355469 0. 3.85760017736e-22 0.
1472273439 1 5051.94726562 0. 3.85768387269e-22 0.
1472273499 1 5046.94433594 0. 3.8559090198e-22 0.
1472273559 1 5043.38769531 0. 3.85504060886e-22 0.
1472273619 1 5042.83447266 0. 3.8570424273e-22 0.
1472273679 1 5039.85888672 0. 3.85726993899e-22 0.
1472273739 1 5038.62060547 0. 3.85888928651e-22 0.
1472273799 1 5034.11767578 0. 3.85806049724e-22 0.
1472273859 1 5031.05175781 0. 3.85781588511e-22 0.
1472273920 1 5027.39794922 0. 3.85750224433e-22 0.
1472273980 1 5023.99951172 0. 3.85727892075e-22 0.
1472274040 1 5021.83203125 0. 3.85829121209e-22 0.
1472274100 1 5018.7265625 0. 3.85811366553e-22 0.
1472274160 1 5014.68115234 0. 3.85784269548e-22 0.
1472274220 1 5013.19775391 0. 3.85898052347e-22 0.
1472274280 1 5007.81396484 0. 3.85702858618e-22 0.
1472274341 1 5005.72216797 0. 3.85753010205e-22 0.
1472274401 1 5002.92285156 0. 3.85764683519e-22 0.
1472274461 1 5001.70947266 0. 3.8588619523e-22 0.
1472274521 1 4997.09472656 0. 3.85707236112e-22 0.
1472274581 1 4994.68066406 0. 3.8576799921e-22 0.
1472274641 1 4994.96240234 0. 3.86029948822e-22 0.
1472274701 1 4987.51953125 0. 3.85710626795e-22 0.
1472274761 1 4985.78222656 0. 3.8582803997e-22 0.
1472274822 1 4981.84667969 0. 3.85835828797e-22 0.
1472274882 1 4977.86767578 0. 3.85767158764e-22 0.
1472274942 1 4976.75830078 0. 3.85902641504e-22 0.
1472275002 1 4971.30126953 0. 3.8625664252e-22 0.
1472275062 1 4968.65722656 0. 3.85752595881e-22 0.
1472275122 1 4966.80126953 0. 3.85797988185e-22 0.
1472275182 1 4961.02001953 0. 3.85541752911e-22 0.
1472275243 1 4958.57958984 0. 3.85631443648e-22 0.
1472275303 1 4958.47460938 0. 3.85886526772e-22 0.
1472275363 1 4954.07958984 0. 3.85798541696e-22 0.
1472275423 1 4952.36474609 0. 3.85900058109e-22 0.
1472275483 1 4949.47753906 0. 3.858761244e-22 0.
1472275543 1 4944.46679688 0. 3.85763774249e-22 0.
1472275603 1 4944.26123047 0. 3.86007950449e-22 0.
1472275663 1 4938.87158203 0. 3.85777848983e-22 0.
1472275724 1 4935.28173828 0. 3.85700307258e-22 0.
1472275784 1 4934.43164062 0. 3.85861294378e-22 0.
1472275844 1 4930.73583984 0. 3.85850425652e-22 0.
1472275904 1 4928.87744141 0. 3.8591110298e-22 0.
1472275964 1 4928.65429688 0. 3.860766987e-22 0.
1472276024 1 4920.81640625 0. 3.85701152102e-22 0.
1472276084 1 4917.48046875 0. 3.85693065199e-22 0.
1472276144 1 4917.07617188 0. 3.85891122616e-22 0.
1472276204 1 4912.54736328 0. 3.85809575374e-22 0.
1472276265 1 4908.47216797 0. 3.85740128445e-22 0.
1472276325 1 4907.04589844 0. 3.85844200567e-22 0.
1472276385 1 4903.99169922 0. 3.85826775375e-22 0.
1472276445 1 4903.46337891 0. 3.86035422931e-22 0.
1472276485 1 4895.7265625 0. 3.85539778727e-22 0.
1472276525 1 4896.70703125 0. 3.85814051162e-22 0.
1472276586 1 4895.3671875 0. 3.85928937449e-22 0.
1472276646 1 4891.91455078 0. 3.85913840631e-22 0.
1472276706 1 4889.31152344 0. 3.85887707998e-22 0.
1472276766 1 4885.72509766 0. 3.85812279467e-22 0.
1472276826 1 4881.87890625 0. 3.85779216853e-22 0.
1472276886 1 4880.21484375 0. 3.85862943173e-22 0.
1472276946 1 4876.08349609 0. 3.85736156812e-22 0.
1472277006 1 4873.48291016 0. 3.85762778253e-22 0.
1472277067 1 4872.78125 0. 3.85933759837e-22 0.
1472277127 1 4870.94775391 0. 3.86029493257e-22 0.
1472277187 1 4869.54150391 0. 3.86141033621e-22 0.
1472277247 1 4864.92138672 0. 3.86092335251e-22 0.
1472277307 1 4861.12890625 0. 3.86128249293e-22 0.
1472277367 1 4857.7421875 0. 3.87516115698e-22 0.
1472277427 1 4853.62695312 0. 3.86004116075e-22 0.
1472277487 1 4850.97314453 0. 3.86034001894e-22 0.
1472277547 1 4848.40478516 0. 3.86000721888e-22 0.
1472277608 1 4846.38427734 0. 3.8607157575e-22 0.
1472277668 1 4843.27685547 0. 3.86025180309e-22 0.
1472277728 1 4841.078125 0. 3.86083675058e-22 0.
1472277788 1 4838.33935547 0. 3.86078578259e-22 0.
1472277848 1 4834.45166016 0. 3.8596257598e-22 0.
1472277908 1 4835.00292969 0. 3.86215447104e-22 0.
1472277968 1 4832.78662109 0. 3.8623615824e-22 0.
1472278028 1 4828.29638672 0. 3.87161493783e-22 0.
1472278089 1 4831.14160156 0. 3.86463963049e-22 0.
1472278149 1 4827.21875 0. 3.86431095463e-22 0.
1472278209 1 4823.35302734 0. 3.86297878722e-22 0.
1472278269 1 4823.27392578 0. 3.86592185876e-22 0.
1472278329 1 4818.98925781 0. 3.86472193963e-22 0.
1472278389 1 4815.47851562 0. 3.86455393495e-22 0.
1472278449 1 4811.56445312 0. 3.86283776539e-22 0.
1472278489 1 4362.84326172 0. 3.50567470062e-22 0.
1472278529 1 0.137663006783 0. 2.383909881e-23 0.
