1472334979 1 10828.2539062 0. 4.35239350804e-22 0.
1472335039 1 10797.1435547 0. 4.34661129561e-22 0.
1472335099 1 10777.7958984 0. 4.34577189229e-22 0.
1472335134 1 10753.7822266 0. 4.33969149332e-22 0.
1472335152 1 10741.3398438 0. 4.33668645105e-22 0.
1472335196 1 10741.4101562 0. 4.34159735056e-22 0.
1472335256 1 10721.6171875 0. 4.34012433769e-22 0.
1472335316 1 10680.1611328 0. 4.32857202689e-22 0.
1472335376 1 10671.9599609 0. 4.3319904685e-22 0.
1472335436 1 10648.7382812 0. 4.32797824585e-22 0.
1472335496 1 10617.7197266 0. 4.32141593455e-22 0.
1472335557 1 10606.8369141 0. 4.32266934323e-22 0.
1472335617 1 10587.4716797 0. 4.32114439356e-22 0.
1472335677 1 10527.7412109 0. 4.30332527354e-22 0.
1472335737 1 10535.1777344 0. 4.31188689785e-22 0.
1472335797 1 10507.6826172 0. 4.30565099527e-22 0.
1472335848 1 10503.1132812 0. 4.3083778553e-22 0.
1472335899 1 10481.5019531 0. 4.30400368427e-22 0.
1472335960 1 10448.0449219 0. 4.29520051286e-22 0.
1472336020 1 10408.3154297 0. 4.28447675693e-22 0.
1472336080 1 10412.6708984 0. 4.29174471355e-22 0.
1472336140 1 10375.7089844 0. 4.28217485151e-22 0.
1472336200 1 10358.0625 0. 4.28013297521e-22 0.
1472336260 1 10336.484375 0. 4.27714387981e-22 0.
1472336320 1 10290.40625 0. 4.26274468839e-22 0.
1472336381 1 10277.8339844 0. 4.26267211812e-22 0.
1472336441 1 10277.9238281 0. 4.26779580351e-22 0.
1472336501 1 10244.4277344 0. 4.25869514818e-22 0.
1472336561 1 10249.5341797 0. 4.26577385335e-22 0.
1472336621 1 10226.8310547 0. 4.26193970046e-22 0.
1472336681 1 10185.4248047 0. 4.24967264885e-22 0.
1472336741 1 10191.8681641 0. 4.2569359948e-22 0.
1472336802 1 10152.3457031 0. 4.24522577224e-22 0.
1472336862 1 10119.6572266 0. 4.23651250755e-22 0.
1472336922 1 10115.109375 0. 4.2391576764e-22 0.
1472336982 1 10083.1396484 0. 4.23027069348e-22 0.
1472337042 1 10054.4550781 0. 4.22348776593e-22 0.
1472337102 1 10047.3779297 0. 4.22475342838e-22 0.
1472337163 1 10027.4619141 0. 4.22086779703e-22 0.
1472337223 1 10013.4160156 0. 4.21996231278e-22 0.
1472337283 1 9979.59570312 0. 4.21296411538e-22 0.
1472337343 1 9952.28515625 0. 4.20333546887e-22 0.
1472337384 1 9947.76074219 0. 4.20379189632e-22 0.
1472337425 1 9930.57324219 0. 4.20019875879e-22 0.
1472337466 1 9914.69042969 0. 4.19761826879e-22 0.
1472337507 1 9884.33105469 0. 4.18757075373e-22 0.
1472337567 1 9887.36523438 0. 4.19393359809e-22 0.
1472337627 1 9858.52539062 0. 4.1866577776e-22 0.
1472337688 1 9853.96679688 0. 4.18959481175e-22 0.
1472337748 1 9829.12792969 0. 4.18295534303e-22 0.
1472337808 1 9825.65722656 0. 4.18569818388e-22 0.
1472337868 1 9813.109375 0. 4.18416507711e-22 0.
1472337928 1 9786.91601562 0. 4.17773599036e-22 0.
1472337988 1 9763.21484375 0. 4.17164484864e-22 0.
1472338048 1 9756.14746094 0. 4.17255547743e-22 0.
1472338108 1 9741.36523438 0. 4.17160628377e-22 0.
1472338169 1 9731.23828125 0. 4.1713222339e-22 0.
1472338229 1 9723.33984375 0. 4.17207879541e-22 0.
1472338289 1 9705.15234375 0. 4.16857193836e-22 0.
1472338349 1 9692.27050781 0. 4.16667601003e-22 0.
1472338409 1 9679.66015625 0. 4.16545848859e-22 0.
1472338469 1 9669.57421875 0. 4.16610669849e-22 0.
1472338529 1 9654.77832031 0. 4.16396358402e-22 0.
1472338590 1 9652.31835938 0. 4.16713544181e-22 0.
1472338650 1 9630.77050781 0. 4.16133352122e-22 0.
1472338710 1 9621.84082031 0. 4.16149350409e-22 0.
1472338770 1 9611.21582031 0. 4.16101248145e-22 0.
1472338830 1 9601.45507812 0. 4.16013704655e-22 0.
1472338890 1 9591.59570312 0. 4.15973502877e-22 0.
1472338950 1 9578.1953125 0. 4.15751251381e-22 0.
1472339010 1 9567.89257812 0. 4.15728372989e-22 0.
1472339070 1 9552.86816406 0. 4.15451312599e-22 0.
1472339131 1 9529.26074219 0. 4.14815024348e-22 0.
1472339191 1 9516.23925781 0. 4.1464891244e-22 0.
1472339238 1 9399.93066406 0. 4.09913694795e-22 0.
1472339286 1 9373.6015625 0. 4.09058773455e-22 0.
1472339346 1 9178.49902344 0. 4.00890730317e-22 0.
1472339406 1 9848.80761719 0. 4.30606462724e-22 0.
1472339467 1 9838.00488281 0. 4.30623611584e-22 0.
1472339527 1 9825.88769531 0. 4.30555017269e-22 0.
1472339587 1 9815.19238281 0. 4.30363094938e-22 0.
1472339647 1 9803.15136719 0. 4.30205240951e-22 0.
1472339707 1 9789.15917969 0. 4.30032897823e-22 0.
1472339767 1 9775.83105469 0. 4.29917731835e-22 0.
1472339827 1 9767.82128906 0. 4.29974075742e-22 0.
1472339887 1 9755.46679688 0. 4.29882515762e-22 0.
1472339948 1 9741.49902344 0. 4.29617602024e-22 0.
1472340008 1 9728.75976562 0. 4.29323293866e-22 0.
1472340068 1 9716.67578125 0. 4.29187367123e-22 0.
1472340113 1 9709.82421875 0. 4.29274288071e-22 0.
1472340159 1 9700.28808594 0. 4.29144859211e-22 0.
1472340220 1 9688.35058594 0. 4.29103089214e-22 0.
1472340280 1 9676.42773438 0. 4.28984996718e-22 0.
1472340340 1 9664.34375 0. 4.28837338078e-22 0.
1472340400 1 9652.68066406 0. 4.28771403345e-22 0.
1472340460 1 9641.82519531 0. 4.28660561793e-22 0.
1472340520 1 9627.98535156 0. 4.2841047351e-22 0.
1472340580 1 9620.140625 0. 4.28536239524e-22 0.
1472340641 1 9609.93847656 0. 4.28452057308e-22 0.
1472340701 1 9594.61132812 0. 4.28071430386e-22 0.
1472340761 1 9585.67285156 0. 4.27974894852e-22 0.
1472340821 1 9573.84765625 0. 4.27819322514e-22 0.
1472340881 1 9563.85742188 0. 4.27745816351e-22 0.
1472340941 1 9550.72558594 0. 4.27586016271e-22 0.
1472341001 1 9538.30566406 0. 4.27480073038e-22 0.
1472341043 1 9531.5390625 0. 4.27525759201e-22 0.
1472341085 1 9525.91308594 0. 4.2755573152e-22 0.
1472341145 1 9513.75097656 0. 4.27400893074e-22 0.
1472341205 1 9503.6875 0. 4.27284307983e-22 0.
1472341266 1 9491.09375 0. 4.27111710081e-22 0.
1472341326 1 9480.64550781 0. 4.27097075801e-22 0.
1472341386 1 9473.95605469 0. 4.27198928468e-22 0.
1472341446 1 9460.76464844 0. 4.27025565315e-22 0.
1472341506 1 9448.7734375 0. 4.26856050719e-22 0.
1472341566 1 9436.41699219 0. 4.26716696773e-22 0.
1472341626 1 9427.53417969 0. 4.26719653963e-22 0.
1472341686 1 9407.375 0. 4.26139437644e-22 0.
1472341747 1 9389.38964844 0. 4.25734030229e-22 0.
1472341807 1 9379.84765625 0. 4.2568775241e-22 0.
1472341867 1 9370.56054688 0. 4.25683349942e-22 0.
1472341927 1 9352.89257812 0. 4.2531142361e-22 0.
1472341987 1 9342.55078125 0. 4.25160247829e-22 0.
1472342047 1 9323.22851562 0. 4.24679149784e-22 0.
1472342107 1 9317.04199219 0. 4.24826178092e-22 0.
1472342167 1 9303.87402344 0. 4.24594586637e-22 0.
1472342228 1 9290.6875 0. 4.24283873735e-22 0.
1472342288 1 9284.85058594 0. 4.24389319719e-22 0.
1472342348 1 9268.9296875 0. 4.24052911334e-22 0.
1472342408 1 9260.828125 0. 4.24091345652e-22 0.
1472342468 1 9244.61621094 0. 4.23677940267e-22 0.
1472342528 1 9226.71191406 0. 4.23288419512e-22 0.
1472342588 1 9231.81542969 0. 4.23902751418e-22 0.
1472342648 1 9214.25292969 0. 4.23521682934e-22 0.
1472342709 1 9198.76757812 0. 4.23183505147e-22 0.
1472342769 1 9192.37011719 0. 4.23225834573e-22 0.
1472342829 1 9172.25097656 0. 4.2262738454e-22 0.
1472342889 1 9165.90039062 0. 4.22659222538e-22 0.
1472342949 1 9148.91015625 0. 4.22268460345e-22 0.
1472343009 1 9137.23046875 0. 4.22129344717e-22 0.
1472343069 1 9137.30273438 0. 4.22479015753e-22 0.
1472343130 1 9128.54101562 0. 0.0 0.
1472343165 1 9123.43261719 0. 4.22398641554e-22 0.
1472343197 1 9118.70800781 0. 4.22390358639e-22 0.
1472343255 1 9098.01855469 0. 4.21824862286e-22 0.
1472343315 1 9087.0390625 0. 4.21699722168e-22 0.
1472343375 1 9082.6171875 0. 4.21824235344e-22 0.
1472343435 1 9069.40136719 0. 4.214788501e-22 0.
1472343495 1 9060.37011719 0. 4.21449769326e-22 0.
1472343555 1 9040.33984375 0. 4.20914349862e-22 0.
1472343615 1 9042.03125 0. 4.2130668342e-22 0.
1472343675 1 9027.77050781 0. 4.21041805906e-22 0.
1472343735 1 9016.50488281 0. 4.20918377547e-22 0.
1472343796 1 9002.62011719 0. 4.20684277165e-22 0.
1472343856 1 8988.20996094 0. 4.20426305609e-22 0.
1472343916 1 8972.89257812 0. 4.20008598007e-22 0.
1472343976 1 8956.80078125 0. 4.19580502066e-22 0.
1472344036 1 8954.32714844 0. 4.19836672581e-22 0.
1472344095 1 8885.20996094 0. 4.19492380032e-22 0.
1472344153 1 0.168266549706 0. 4.48547838957e-23 0.
1472344214 1 0.14218275249 0. 0.0 0.
1472344263 1 0.133245497942 0. 0.0 0.
