1472355663 1 9420.62890625 0. 3.67347083104e-22 0.
1472355719 1 9063.93359375 0. 3.53853402545e-22 0.
1472355776 1 10852.2490234 0. 4.24359481713e-22 0.
1472355822 1 11144.2333984 0. 4.36412339525e-22 0.
1472355869 1 11145.5439453 0. 4.36944452027e-22 0.
1472355930 1 11063.4794922 0. 4.34361620761e-22 0.
1472355990 1 11036.7666016 0. 4.33830728176e-22 0.
1472356045 1 10988.2158203 0. 4.3241248239e-22 0.
1472356100 1 10989.2744141 0. 4.33057992484e-22 0.
1472356160 1 10995.8740234 0. 4.33993790949e-22 0.
1472356220 1 10989.6259766 0. 4.34436012127e-22 0.
1472356280 1 10957.5742188 0. 4.33759260031e-22 0.
1472356340 1 10922.9189453 0. 4.33192418957e-22 0.
1472356401 1 10904.8085938 0. 4.33230430807e-22 0.
1472356461 1 10858.4335938 0. 4.3206334672e-22 0.
1472356521 1 10821.015625 0. 4.31246482729e-22 0.
1472356581 1 10790.7109375 0. 4.30681334508e-22 0.
1472356616 1 10773.0302734 0. 4.30310360368e-22 0.
1472356651 1 10755.2734375 0. 4.29924187664e-22 0.
1472356712 1 10727.421875 0. 4.29394550436e-22 0.
1472356758 1 10702.6669922 0. 4.28866751512e-22 0.
1472356804 1 10678.3427734 0. 4.2834750679e-22 0.
1472356864 1 10642.515625 0. 4.274905819e-22 0.
1472356925 1 10627.890625 0. 4.27518627462e-22 0.
1472356985 1 10597.2304688 0. 4.26822980143e-22 0.
1472357045 1 10563.2460938 0. 4.26099102619e-22 0.
1472357105 1 10561.09375 0. 4.265430193e-22 0.
1472357165 1 10518.2792969 0. 4.25406506882e-22 0.
1472357210 1 10539.0761719 0. 4.26606972993e-22 0.
1472357256 1 10480.5839844 0. 4.24618900293e-22 0.
1472357316 1 10457.1103516 0. 4.24100580701e-22 0.
1472357376 1 10427.5839844 0. 4.2336549677e-22 0.
1472357437 1 10443.5996094 0. 4.24582625848e-22 0.
1472357497 1 10413.7802734 0. 4.23890404525e-22 0.
1472357557 1 10396.4404297 0. 4.23654947008e-22 0.
1472357617 1 10381.3144531 0. 4.23484180852e-22 0.
1472357677 1 10345.4648438 0. 4.22535530733e-22 0.
1472357737 1 10320.7539062 0. 4.22012700912e-22 0.
1472357797 1 10302.5136719 0. 4.21728898161e-22 0.
1472357858 1 10294.7734375 0. 4.21924229031e-22 0.
1472357918 1 10277.4042969 0. 4.2171171445e-22 0.
1472357978 1 10281.5634766 0. 4.22337399456e-22 0.
1472358038 1 10256.2294922 0. 4.21756820062e-22 0.
1472358098 1 10234.2285156 0. 4.2143302217e-22 0.
1472358158 1 10209.1113281 0. 4.2086215209e-22 0.
1472358218 1 10193.3867188 0. 4.20754025331e-22 0.
1472358278 1 10165.9580078 0. 4.20186248799e-22 0.
1472358339 1 10163.140625 0. 4.20523296574e-22 0.
1472358399 1 10142.2431641 0. 4.20090726398e-22 0.
1472358459 1 10113.8076172 0. 4.19330951923e-22 0.
1472358519 1 10129.3916016 0. 4.20510610137e-22 0.
1472358579 1 10115.0664062 0. 4.20386031137e-22 0.
1472358639 1 10087.4746094 0. 4.19728641329e-22 0.
1472358699 1 10093.8710938 0. 4.2045360324e-22 0.
1472358759 1 10081.3310547 0. 4.20357080804e-22 0.
1472358820 1 10073.7197266 0. 4.20391275292e-22 0.
1472358880 1 10053.3623047 0. 4.2000593362e-22 0.
1472358940 1 10028.3007812 0. 0.0 0.
1472358975 1 10013.6884766 0. 4.19008186915e-22 0.
1472359010 1 9999.0078125 0. 4.18659103273e-22 0.
1472359070 1 9979.30175781 0. 4.18317078589e-22 0.
1472359131 1 9970.61132812 0. 4.18483174298e-22 0.
1472359191 1 9959.29003906 0. 4.18600868591e-22 0.
1472359251 1 9926.22265625 0. 4.17603900892e-22 0.
1472359311 1 9960.5546875 0. 4.19364480088e-22 0.
1472359371 1 9938.87890625 0. 4.18823869223e-22 0.
1472359431 1 9927.01074219 0. 4.18760983159e-22 0.
1472359491 1 9908.39160156 0. 4.18409820507e-22 0.
1472359551 1 9884.35839844 0. 4.17805441471e-22 0.
1472359612 1 9871.53808594 0. 4.17658558523e-22 0.
1472359672 1 9854.64453125 0. 4.17353825176e-22 0.
1472359732 1 9828.71289062 0. 4.16680772436e-22 0.
1472359792 1 9832.57226562 0. 4.17175971757e-22 0.
1472359852 1 9801.10058594 0. 4.16303267267e-22 0.
1472359912 1 9759.98828125 0. 4.14982807063e-22 0.
1472359972 1 9718.18945312 0. 4.13612581624e-22 0.
1472360033 1 9746.07714844 0. 4.15282975038e-22 0.
1472360093 1 9685.90429688 0. 4.1306328633e-22 0.
1472360153 1 9578.35253906 0. 4.08906289165e-22 0.
1472360213 1 9564.49023438 0. 4.08648255623e-22 0.
1472360273 1 9559.0 0. 4.08743923786e-22 0.
1472360333 1 9512.48828125 0. 4.07082371276e-22 0.
1472360394 1 9460.99511719 0. 4.05297761309e-22 0.
1472360454 1 9486.91308594 0. 4.06768434065e-22 0.
1472360514 1 9421.87011719 0. 4.04459415195e-22 0.
1472360574 1 9409.83984375 0. 4.04395522133e-22 0.
1472360634 1 9400.30273438 0. 4.04327591538e-22 0.
1472360694 1 9353.234375 0. 4.02748393325e-22 0.
1472360754 1 9387.20117188 0. 4.04601213661e-22 0.
1472360814 1 9201.93652344 0. 3.97019222829e-22 0.
1472360875 1 9411.75292969 0. 4.06449790368e-22 0.
1472360935 1 9598.32519531 0. 4.14910884953e-22 0.
1472360995 1 10049.5585938 0. 4.34963601234e-22 0.
1472361055 1 10040.7949219 0. 4.34963121045e-22 0.
1472361115 1 10024.7402344 0. 4.34598623307e-22 0.
1472361175 1 10010.9824219 0. 4.34400780184e-22 0.
1472361222 1 10004.671875 0. 4.34535135735e-22 0.
1472361270 1 9993.77929688 0. 4.3445746018e-22 0.
1472361305 1 9985.69824219 0. 4.34374553213e-22 0.
1472361340 1 9977.61132812 0. 4.34131892619e-22 0.
1472361400 1 9965.84667969 0. 4.34025753564e-22 0.
1472361460 1 9951.95800781 0. 4.33708668408e-22 0.
1472361520 1 9940.30761719 0. 4.33656722238e-22 0.
1472361580 1 9929.34082031 0. 4.33676082846e-22 0.
1472361640 1 9913.09082031 0. 4.33378003697e-22 0.
1472361700 1 9902.57910156 0. 4.33319215207e-22 0.
1472361761 1 9893.04980469 0. 4.33309238101e-22 0.
1472361802 1 9880.00585938 0. 4.33089930642e-22 0.
1472361843 1 9876.54785156 0. 4.33176612205e-22 0.
1472361904 1 9864.12011719 0. 4.3308161972e-22 0.
1472361939 1 9856.85839844 0. 4.3301963604e-22 0.
1472361974 1 9849.57128906 0. 4.32833132933e-22 0.
1472362034 1 9838.45117188 0. 4.32761395826e-22 0.
1472362095 1 9826.40820312 0. 4.32654554706e-22 0.
1472362155 1 9814.65625 0. 4.32496119625e-22 0.
1472362215 1 9806.69335938 0. 4.3247835666e-22 0.
1472362275 1 9791.43359375 0. 4.32129544921e-22 0.
1472362335 1 9786.171875 0. 4.32272425559e-22 0.
1472362395 1 9768.5546875 0. 4.319781968e-22 0.
1472362455 1 9757.50878906 0. 4.31932974546e-22 0.
1472362515 1 9753.33691406 0. 4.32075264365e-22 0.
1472362576 1 9737.00683594 0. 4.31640409566e-22 0.
1472362636 1 9726.59277344 0. 4.31580940535e-22 0.
1472362696 1 9712.71289062 0. 4.31409671425e-22 0.
1472362756 1 9696.80078125 0. 4.31134596887e-22 0.
1472362816 1 9690.48925781 0. 4.31127380403e-22 0.
1472362876 1 9679.93945312 0. 4.31141773721e-22 0.
1472362936 1 9667.30957031 0. 4.31031207565e-22 0.
1472362996 1 9655.18457031 0. 4.3403386764e-22 0.
1472363057 1 9641.53320312 0. 4.30811526416e-22 0.
1472363117 1 9627.3046875 0. 4.30588142301e-22 0.
1472363177 1 9615.70019531 0. 4.30454587288e-22 0.
1472363237 1 9609.62402344 0. 4.30601134094e-22 0.
1472363297 1 9597.56640625 0. 4.3049016631e-22 0.
1472363357 1 9590.3046875 0. 4.30640961561e-22 0.
1472363417 1 9577.109375 0. 4.30492955206e-22 0.
1472363477 1 9562.58886719 0. 4.30167066378e-22 0.
1472363538 1 9555.20214844 0. 4.30209908624e-22 0.
1472363598 1 9542.72753906 0. 4.30028249816e-22 0.
1472363658 1 9531.77539062 0. 4.29871936866e-22 0.
1472363718 1 9519.49316406 0. 4.29746490997e-22 0.
1472363778 1 9512.58398438 0. 4.29869705439e-22 0.
1472363838 1 9502.00292969 0. 4.29797265661e-22 0.
1472363898 1 9491.31445312 0. 4.29667637039e-22 0.
1472363933 1 9485.08105469 0. 4.29505657638e-22 0.
1472363969 1 9478.81933594 0. 4.29480642382e-22 0.
1472364029 1 9465.36621094 0. 4.29290037635e-22 0.
1472364089 1 9455.63476562 0. 4.29258443409e-22 0.
1472364149 1 9441.53613281 0. 4.2903115907e-22 0.
1472364209 1 9435.06835938 0. 4.29171925901e-22 0.
1472364269 1 9418.77148438 0. 4.28788629243e-22 0.
1472364330 1 9414.6640625 0. 4.28940970984e-22 0.
1472364390 1 9400.74121094 0. 4.28653241488e-22 0.
1472364450 1 9394.05859375 0. 4.28777628653e-22 0.
1472364510 1 9381.17773438 0. 4.28593068661e-22 0.
1472364570 1 9372.64648438 0. 4.28576884386e-22 0.
1472364630 1 9361.00585938 0. 4.28472854602e-22 0.
1472364690 1 9345.26269531 0. 4.28094089797e-22 0.
1472364750 1 9338.83984375 0. 4.2813429826e-22 0.
1472364811 1 9330.14355469 0. 4.28175898559e-22 0.
1472364871 1 9319.625 0. 4.28061704351e-22 0.
1472364931 1 9309.56738281 0. 4.27964558473e-22 0.
1472364991 1 9300.06640625 0. 4.27864003125e-22 0.
1472365051 1 9288.93066406 0. 4.27783270717e-22 0.
1472365111 1 9280.64941406 0. 4.27748916923e-22 0.
1472365171 1 9272.60644531 0. 4.27804424508e-22 0.
1472365232 1 9259.55566406 0. 4.27521043975e-22 0.
1472365292 1 9251.99121094 0. 4.27674517341e-22 0.
1472365352 1 9241.45410156 0. 4.27499764731e-22 0.
1472365412 1 9229.97558594 0. 4.27325091946e-22 0.
1472365472 1 9216.640625 0. 4.26895520192e-22 0.
1472365532 1 9208.66992188 0. 4.27055065572e-22 0.
1472365592 1 9194.52636719 0. 4.26813624205e-22 0.
1472365652 1 9184.62011719 0. 4.26789270921e-22 0.
1472365713 1 9177.90332031 0. 4.26843678906e-22 0.
1472365773 1 9168.44726562 0. 4.26742998868e-22 0.
1472365833 1 9152.22167969 0. 4.26401289491e-22 0.
1472365893 1 9152.96289062 0. 4.26812068949e-22 0.
1472365953 1 9136.40722656 0. 4.26399958314e-22 0.
1472366013 1 9124.55078125 0. 4.26128707803e-22 0.
1472366073 1 9115.28222656 0. 4.26024873143e-22 0.
1472366133 1 9106.42089844 0. 4.2600987322e-22 0.
1472366193 1 9096.03027344 0. 4.25823353783e-22 0.
1472366254 1 9090.2109375 0. 4.25921919708e-22 0.
1472366314 1 9080.74023438 0. 4.25935730242e-22 0.
1472366374 1 9070.29101562 0. 4.25772296659e-22 0.
1472366434 1 9055.21875 0. 4.25347787632e-22 0.
1472366494 1 9051.71777344 0. 4.25651184888e-22 0.
1472366554 1 9040.8125 0. 4.25490717139e-22 0.
1472366614 1 9028.5078125 0. 4.25211180095e-22 0.
1472366675 1 9018.77929688 0. 4.25088737607e-22 0.
1472366735 1 9007.98339844 0. 4.24974811979e-22 0.
1472366795 1 8999.21972656 0. 4.24953323649e-22 0.
1472366855 1 8991.38085938 0. 4.25024498859e-22 0.
1472366915 1 8981.02929688 0. 0.0 0.
1472366950 1 8974.97949219 0. 4.24718717487e-22 0.
1472366985 1 8968.87109375 0. 4.24640926663e-22 0.
1472367045 1 8956.56640625 0. 4.24449149639e-22 0.
1472367105 1 8950.06933594 0. 4.24594010137e-22 0.
1472367165 1 8944.42578125 0. 4.24517600022e-22 0.
1472367226 1 8931.99023438 0. 4.24303017655e-22 0.
1472367286 1 8923.51269531 0. 4.24351823737e-22 0.
1472367346 1 8910.01171875 0. 4.24052256211e-22 0.
1472367406 1 8897.33886719 0. 4.23807445863e-22 0.
1472367466 1 8893.70214844 0. 4.24010083083e-22 0.
1472367526 1 8881.24609375 0. 4.23799882075e-22 0.
1472367586 1 8874.25585938 0. 4.23818338462e-22 0.
1472367646 1 8859.37597656 0. 4.23368266975e-22 0.
1472367706 1 8840.640625 0. 4.22956257014e-22 0.
1472367767 1 8844.39648438 0. 4.23654643255e-22 0.
1472367827 1 8833.99414062 0. 4.23446955518e-22 0.
1472367887 1 8828.13769531 0. 4.23491574551e-22 0.
1472367947 1 8819.29492188 0. 4.2340139081e-22 0.
1472368007 1 8805.34570312 0. 4.23009541606e-22 0.
1472368067 1 8802.26171875 0. 4.23106178475e-22 0.
1472368123 1 8790.69140625 0. 4.22986347746e-22 0.
1472368180 1 8594.62402344 0. 4.13907410567e-22 0.
1472368240 1 8439.38183594 0. 4.06874241036e-22 0.
1472368300 1 8689.17382812 0. 4.1918319194e-22 0.
1472368360 1 8796.85449219 0. 4.24789640997e-22 0.
1472368420 1 8785.41894531 0. 4.24595285516e-22 0.
1472368480 1 8775.99902344 0. 4.24438551723e-22 0.
1472368540 1 8766.88574219 0. 4.24318919687e-22 0.
1472368600 1 8759.90429688 0. 4.24323469438e-22 0.
1472368661 1 8753.08105469 0. 4.24477578188e-22 0.
1472368721 1 8743.05761719 0. 4.24324257335e-22 0.
1472368781 1 8733.49316406 0. 4.24216300117e-22 0.
1472368841 1 8725.42480469 0. 4.2415650531e-22 0.
1472368901 1 8717.13964844 0. 4.2412303152e-22 0.
1472368961 1 8708.65332031 0. 4.24049127967e-22 0.
1472369021 1 8699.65527344 0. 4.23859364116e-22 0.
1472369081 1 8690.43261719 0. 4.23705481527e-22 0.
1472369142 1 8681.96679688 0. 4.23741524324e-22 0.
1472369202 1 8675.13671875 0. 4.23755496236e-22 0.
1472369262 1 8665.3046875 0. 4.23654018172e-22 0.
1472369322 1 8656.98535156 0. 4.23614751691e-22 0.
1472369382 1 8646.74121094 0. 4.23421064029e-22 0.
1472369442 1 8638.43847656 0. 4.23482619277e-22 0.
1472369502 1 8627.17089844 0. 4.23302672196e-22 0.
1472369563 1 8617.97363281 0. 4.2323098633e-22 0.
1472369623 1 8613.55761719 0. 4.23236739353e-22 0.
1472369683 1 8607.72949219 0. 4.23275246058e-22 0.
1472369743 1 8598.5234375 0. 4.23351653679e-22 0.
1472369803 1 8582.95605469 0. 4.229478375e-22 0.
1472369863 1 8567.97265625 0. 4.22463729338e-22 0.
1472369923 1 8559.51660156 0. 4.22476286661e-22 0.
1472369984 1 8553.9765625 0. 4.22636242294e-22 0.
1472370044 1 8545.88085938 0. 4.22599007967e-22 0.
1472370104 1 8536.86035156 0. 4.2256283755e-22 0.
1472370164 1 8527.58398438 0. 4.22466048272e-22 0.
1472370224 1 8494.02246094 0. 4.21179301324e-22 0.
1472370284 1 8503.52929688 0. 4.2195689863e-22 0.
1472370344 1 8497.01855469 0. 4.22040419084e-22 0.
1472370405 1 8491.04296875 0. 4.22111982882e-22 0.
1472370465 1 8480.60742188 0. 4.21966969071e-22 0.
1472370525 1 8475.66796875 0. 4.22049703164e-22 0.
1472370585 1 8468.44140625 0. 4.22077925838e-22 0.
1472370643 1 8456.58300781 0. 4.21802726286e-22 0.
1472370701 1 8452.58007812 0. 4.2181980703e-22 0.
1472370761 1 8441.89941406 0. 4.21614287815e-22 0.
1472370821 1 8430.3515625 0. 4.21473397495e-22 0.
1472370881 1 8430.21679688 0. 4.21744408522e-22 0.
1472370942 1 8422.16113281 0. 4.21711369334e-22 0.
1472371002 1 8409.25878906 0. 4.21390209507e-22 0.
1472371062 1 8406.56347656 0. 4.21528963638e-22 0.
1472371122 1 8394.89550781 0. 4.21296470731e-22 0.
1472371182 1 8382.91601562 0. 4.21045426033e-22 0.
1472371242 1 8377.70800781 0. 4.21194174791e-22 0.
1472371302 1 8369.63183594 0. 4.21184425399e-22 0.
1472371363 1 8361.59179688 0. 4.21186196653e-22 0.
1472371423 1 8352.79003906 0. 4.21022024157e-22 0.
1472371483 1 8342.35742188 0. 4.20768971734e-22 0.
1472371543 1 8336.953125 0. 4.20932935684e-22 0.
1472371603 1 8326.73144531 0. 4.20790622935e-22 0.
1472371663 1 8317.34765625 0. 4.20698490527e-22 0.
1472371723 1 8318.89160156 0. 4.21130231192e-22 0.
1472371783 1 8303.69140625 0. 4.20583618786e-22 0.
1472371844 1 8293.76464844 0. 4.20418264028e-22 0.
1472371904 1 8286.57910156 0. 4.20485782023e-22 0.
1472371964 1 8278.65625 0. 4.20476112161e-22 0.
1472372024 1 8267.21582031 0. 4.20324344627e-22 0.
1472372084 1 8253.28710938 0. 4.19898242914e-22 0.
1472372144 1 8254.08789062 0. 4.20244789558e-22 0.
1472372205 1 8241.96679688 0. 4.20021082016e-22 0.
1472372265 1 8226.36914062 0. 4.19585011688e-22 0.
1472372325 1 8224.92871094 0. 4.19873276166e-22 0.
1472372385 1 8214.07324219 0. 4.19664718765e-22 0.
1472372445 1 8210.015625 0. 4.19607308624e-22 0.
1472372505 1 8202.77929688 0. 4.19692568038e-22 0.
1472372565 1 8186.29248047 0. 4.19245993171e-22 0.
1472372625 1 8183.7734375 0. 4.19372934188e-22 0.
1472372686 1 8173.97265625 0. 4.19146338561e-22 0.
1472372746 1 8173.88037109 0. 4.19553794809e-22 0.
1472372806 1 8166.94189453 0. 4.19672224969e-22 0.
1472372866 1 8149.4375 0. 4.19088855916e-22 0.
1472372926 1 8150.71630859 0. 4.19562719112e-22 0.
1472372986 1 8144.42431641 0. 4.19597154151e-22 0.
1472373046 1 8142.29150391 0. 4.19809472742e-22 0.
1472373106 1 8138.71044922 0. 4.20007238172e-22 0.
1472373167 1 8122.29980469 0. 4.19585756699e-22 0.
1472373227 1 8120.44873047 0. 4.19767950761e-22 0.
1472373287 1 8107.93017578 0. 4.19495650259e-22 0.
1472373347 1 8102.28369141 0. 4.1951431316e-22 0.
1472373407 1 8098.55712891 0. 4.19631961822e-22 0.
1472373467 1 8080.75488281 0. 4.18996316346e-22 0.
1472373527 1 8084.43994141 0. 4.1946257811e-22 0.
1472373587 1 8080.14697266 0. 4.19630554109e-22 0.
1472373647 1 8075.65283203 0. 4.19718362994e-22 0.
1472373708 1 8068.44482422 0. 4.19709328659e-22 0.
1472373768 1 8059.25 0. 4.19529383212e-22 0.
1472373828 1 8053.14306641 0. 4.19600377332e-22 0.
1472373888 1 8046.18261719 0. 4.19577261928e-22 0.
1472373948 1 8032.03759766 0. 4.19259793254e-22 0.
1472374008 1 8027.63720703 0. 4.19333102682e-22 0.
1472374068 1 8024.51806641 0. 4.19546661586e-22 0.
1472374128 1 8008.55664062 0. 4.19035987678e-22 0.
1472374188 1 8004.61181641 0. 4.19200440238e-22 0.
1472374249 1 7992.21435547 0. 4.18933763393e-22 0.
1472374309 1 7989.76171875 0. 4.19114194561e-22 0.
1472374369 1 7984.34423828 0. 4.19190052151e-22 0.
1472374429 1 7970.43310547 0. 4.18841950561e-22 0.
1472374489 1 7965.50048828 0. 4.18935449376e-22 0.
1472374549 1 7958.94433594 0. 4.18853655011e-22 0.
1472374609 1 7954.19042969 0. 4.18898173918e-22 0.
1472374669 1 7945.16845703 0. 4.18740839698e-22 0.
1472374730 1 7935.20410156 0. 4.18546911425e-22 0.
1472374790 1 7931.59423828 0. 4.18724287322e-22 0.
1472374850 1 7920.95605469 0. 4.18537393456e-22 0.
1472374910 1 7912.40625 0. 4.18403378269e-22 0.
1472374970 1 7875.45068359 0. 4.1687609987e-22 0.
1472375013 1 7754.38085938 0. 4.10693372084e-22 0.
1472375057 1 7662.72851562 0. 4.06080909781e-22 0.
1472375117 1 7693.36523438 0. 4.08081659428e-22 0.
1472375177 1 7897.71191406 0. 4.19277247918e-22 0.
1472375237 1 7897.39697266 0. 4.19552679895e-22 0.
1472375297 1 7890.25195312 0. 4.19446623379e-22 0.
1472375357 1 7884.37158203 0. 4.1944991635e-22 0.
1472375417 1 7877.89941406 0. 4.19419510461e-22 0.
1472375478 1 7869.1015625 0. 4.19338108896e-22 0.
1472375538 1 7863.4375 0. 4.19323168669e-22 0.
1472375598 1 7854.68164062 0. 4.19218142325e-22 0.
1472375658 1 7846.26953125 0. 4.19041079148e-22 0.
1472375718 1 7841.04296875 0. 4.1903560725e-22 0.
1472375778 1 7835.14990234 0. 4.19148700506e-22 0.
1472375838 1 7828.09472656 0. 4.19231556777e-22 0.
1472375898 1 7819.48242188 0. 4.19142614115e-22 0.
1472375949 1 7814.59765625 0. 4.1920013933e-22 0.
1472376000 1 7809.546875 0. 4.1913277359e-22 0.
1472376054 1 7804.63671875 0. 4.19224768133e-22 0.
1472376108 1 7798.49658203 0. 0.0 0.
1472376143 1 7794.52832031 0. 4.18989448244e-22 0.
1472376178 1 7790.56152344 0. 4.19046357142e-22 0.
1472376238 1 7783.16357422 0. 4.19023334491e-22 0.
1472376299 1 7776.03662109 0. 4.18985170897e-22 0.
1472376359 1 7769.18115234 0. 4.19037996959e-22 0.
1472376419 1 7762.58398438 0. 4.18993397488e-22 0.
1472376479 1 7753.64208984 0. 4.18880662348e-22 0.
1472376539 1 7749.46972656 0. 4.18963688445e-22 0.
1472376599 1 7742.85009766 0. 4.18940019497e-22 0.
1472376659 1 7735.79638672 0. 4.18985437855e-22 0.
1472376720 1 7729.87597656 0. 4.18922023536e-22 0.
1472376780 1 7723.28466797 0. 4.18922666764e-22 0.
1472376840 1 7715.70703125 0. 4.18871205645e-22 0.
1472376900 1 7709.50195312 0. 4.18858133216e-22 0.
1472376960 1 7703.00927734 0. 4.18865097002e-22 0.
1472377020 1 7694.68505859 0. 4.18736758841e-22 0.
1472377080 1 7687.06103516 0. 4.18654038673e-22 0.
1472377141 1 7680.33154297 0. 4.18674227453e-22 0.
1472377201 1 7673.69238281 0. 4.18688959713e-22 0.
1472377261 1 7668.89746094 0. 4.18692559539e-22 0.
1472377321 1 7661.7421875 0. 4.1989091912e-22 0.
1472377381 1 7654.10009766 0. 4.18498784733e-22 0.
1472377441 1 7648.10546875 0. 4.18558111147e-22 0.
1472377501 1 7643.63330078 0. 4.18620847038e-22 0.
1472377561 1 7635.10253906 0. 4.18439163296e-22 0.
1472377622 1 7627.05419922 0. 4.18393718656e-22 0.
1472377682 1 7620.140625 0. 4.18307400787e-22 0.
1472377742 1 7614.68847656 0. 4.18365217539e-22 0.
1472377802 1 7608.34033203 0. 4.18319693401e-22 0.
1472377862 1 7601.96972656 0. 4.18249928253e-22 0.
1472377922 1 7593.10449219 0. 4.18069073843e-22 0.
1472377982 1 7586.51367188 0. 4.18030831979e-22 0.
1472378043 1 7581.20654297 0. 4.1816621961e-22 0.
1472378103 1 7574.44873047 0. 4.18215842232e-22 0.
1472378163 1 7567.55615234 0. 4.18151782004e-22 0.
1472378223 1 7561.45898438 0. 4.18078495992e-22 0.
1472378283 1 7556.57666016 0. 4.18085448385e-22 0.
1472378343 1 7551.54931641 0. 4.18139490641e-22 0.
1472378403 1 7544.21728516 0. 4.18117903149e-22 0.
1472378463 1 7537.27050781 0. 4.18035721049e-22 0.
1472378523 1 7531.96923828 0. 4.18013958156e-22 0.
1472378584 1 7526.59326172 0. 4.17986710221e-22 0.
1472378644 1 7519.69335938 0. 4.17941497525e-22 0.
1472378704 1 7513.00634766 0. 4.17897692804e-22 0.
1472378764 1 7505.05761719 0. 4.17976541194e-22 0.
1472378824 1 7496.84570312 0. 4.1789240364e-22 0.
1472378884 1 7492.11035156 0. 4.17942170511e-22 0.
1472378945 1 7484.37792969 0. 4.17763676721e-22 0.
1472379005 1 7478.21142578 0. 4.17680204033e-22 0.
1472379065 1 7472.72363281 0. 4.17730388653e-22 0.
1472379125 1 7462.12939453 0. 4.17454761338e-22 0.
1472379183 1 7455.9921875 0. 4.17400026097e-22 0.
1472379241 1 7453.02050781 0. 4.17636870851e-22 0.
1472379282 1 7447.14404297 0. 4.17572251581e-22 0.
1472379323 1 7445.99511719 0. 4.17753977885e-22 0.
1472379383 1 7441.21337891 0. 4.1773062734e-22 0.
1472379444 1 7436.28222656 0. 4.17769489407e-22 0.
1472379504 1 7427.69384766 0. 4.175514038e-22 0.
1472379540 1 7425.84130859 0. 4.17709039987e-22 0.
1472379577 1 7421.22509766 0. 4.1762806892e-22 0.
1472379637 1 7412.21484375 0. 4.17493997801e-22 0.
1472379697 1 7406.56835938 0. 4.17583352076e-22 0.
1472379757 1 7399.44433594 0. 4.17644740329e-22 0.
1472379817 1 7391.7265625 0. 4.17534551034e-22 0.
1472379877 1 7388.17138672 0. 4.17694295878e-22 0.
1472379938 1 7381.74072266 0. 4.17579755407e-22 0.
1472379998 1 7376.31640625 0. 4.17595347858e-22 0.
1472380058 1 7369.35791016 0. 4.17523366722e-22 0.
1472380118 1 7361.11230469 0. 4.17426820828e-22 0.
1472380155 1 7355.13964844 0. 4.17295783402e-22 0.
1472380193 1 7353.13183594 0. 4.17360053696e-22 0.
1472380245 1 7348.54736328 0. 4.17324428328e-22 0.
1472380297 1 7344.95019531 0. 4.17376120915e-22 0.
1472380357 1 7336.29492188 0. 4.1715860796e-22 0.
1472380417 1 7329.33154297 0. 4.17146568638e-22 0.
1472380477 1 7325.18310547 0. 4.17199298327e-22 0.
1472380538 1 7315.02880859 0. 4.17042889434e-22 0.
1472380598 1 7314.91650391 0. 4.17407376147e-22 0.
1472380658 1 7307.94775391 0. 4.17352217307e-22 0.
1472380718 1 7301.69580078 0. 4.17287657041e-22 0.
1472380778 1 7295.70849609 0. 4.17234767892e-22 0.
1472380838 1 7283.95410156 0. 4.16834764058e-22 0.
1472380898 1 7282.56347656 0. 4.17048444669e-22 0.
1472380959 1 7267.91162109 0. 4.16571321647e-22 0.
1472381019 1 7265.33837891 0. 4.16698415934e-22 0.
1472381079 1 7258.17236328 0. 4.16485268272e-22 0.
1472381139 1 7252.82519531 0. 4.16470841323e-22 0.
1472381199 1 7259.42773438 0. 4.17299603634e-22 0.
1472381259 1 7249.65625 0. 4.17165193726e-22 0.
1472381319 1 7242.17822266 0. 4.1701981219e-22 0.
1472381379 1 7236.85839844 0. 4.16942747715e-22 0.
1472381440 1 7232.56494141 0. 4.17006240051e-22 0.
1472381500 1 7226.70117188 0. 4.1711121798e-22 0.
1472381560 1 7218.82958984 0. 4.16971856177e-22 0.
1472381620 1 7213.77490234 0. 4.16986157307e-22 0.
1472381680 1 7207.21289062 0. 4.16883927847e-22 0.
1472381740 1 7200.57373047 0. 4.16887047244e-22 0.
1472381800 1 7197.47070312 0. 4.16950724549e-22 0.
1472381860 1 7119.49951172 0. 4.12802525516e-22 0.
1472381921 1 6922.39013672 0. 4.01693776411e-22 0.
1472381981 1 7044.41455078 0. 4.09223645864e-22 0.
1472382041 1 7175.35205078 0. 4.17158937893e-22 0.
1472382101 1 7167.96386719 0. 4.16989620559e-22 0.
1472382161 1 7161.7421875 0. 4.16957864074e-22 0.
1472382221 1 7157.33496094 0. 4.17072015631e-22 0.
1472382281 1 7150.05566406 0. 4.16980821314e-22 0.
1472382341 1 7145.06835938 0. 4.17082968892e-22 0.
1472382402 1 7140.39550781 0. 4.17198284685e-22 0.
1472382462 1 7132.69042969 0. 4.17052312833e-22 0.
1472382522 1 7129.99902344 0. 4.17183043687e-22 0.
1472382582 1 7122.33544922 0. 4.17030926988e-22 0.
1472382642 1 7115.40039062 0. 4.16856687141e-22 0.
1472382702 1 7112.27929688 0. 4.17006825705e-22 0.
1472382762 1 7107.24072266 0. 4.1711804701e-22 0.
1472382822 1 7099.56689453 0. 4.16960577181e-22 0.
1472382883 1 7094.59423828 0. 4.17009421965e-22 0.
1472382943 1 7090.21875 0. 4.17077015214e-22 0.
1472383003 1 7086.50634766 0. 4.17235053272e-22 0.
1472383063 1 7081.1484375 0. 4.17214591752e-22 0.
1472383123 1 7073.74951172 0. 4.17092630076e-22 0.
1472383183 1 7066.10546875 0. 4.17008056479e-22 0.
1472383243 1 7063.96386719 0. 4.1715617244e-22 0.
1472383303 1 7056.27978516 0. 4.17051365962e-22 0.
1472383364 1 7051.94091797 0. 4.17098852463e-22 0.
1472383424 1 7047.39501953 0. 4.17043834387e-22 0.
1472383484 1 7040.25439453 0. 4.1690233863e-22 0.
1472383544 1 7033.53857422 0. 4.16858699377e-22 0.
1472383604 1 7029.43505859 0. 4.17042795464e-22 0.
1472383664 1 7020.94287109 0. 4.16817881065e-22 0.
1472383724 1 7017.24609375 0. 4.16850166934e-22 0.
1472383784 1 7011.79296875 0. 4.16865354669e-22 0.
1472383845 1 7000.46240234 0. 4.16627447199e-22 0.
1472383905 1 6998.47607422 0. 4.1677482846e-22 0.
1472383965 1 6992.98144531 0. 4.16766431105e-22 0.
1472384025 1 6989.94384766 0. 4.16952183725e-22 0.
1472384078 1 6982.01318359 0. 4.16741346073e-22 0.
1472384130 1 6976.47070312 0. 0.0 0.
1472384165 1 6972.78076172 0. 4.16649554768e-22 0.
1472384200 1 6969.09228516 0. 4.16613739741e-22 0.
1472384261 1 6967.83056641 0. 4.16824854503e-22 0.
1472384321 1 6960.31787109 0. 4.1675579864e-22 0.
1472384381 1 6957.44580078 0. 4.16982643714e-22 0.
1472384441 1 6951.37597656 0. 4.16815767787e-22 0.
1472384501 1 6944.36328125 0. 4.16681046518e-22 0.
1472384561 1 6939.40722656 0. 4.16735934452e-22 0.
1472384621 1 6933.56542969 0. 4.16684501859e-22 0.
1472384681 1 6927.71240234 0. 4.16610469985e-22 0.
1472384741 1 6922.58056641 0. 4.16591251691e-22 0.
1472384802 1 6920.22119141 0. 4.16739219895e-22 0.
1472384862 1 6912.95019531 0. 4.1658004314e-22 0.
1472384922 1 6908.625 0. 4.16767719438e-22 0.
1472384982 1 6902.62646484 0. 4.16699777984e-22 0.
1472385042 1 6897.50048828 0. 4.1668797709e-22 0.
1472385091 1 6890.36865234 0. 4.16585665686e-22 0.
1472385139 1 6883.6640625 0. 4.16370837009e-22 0.
1472385199 1 6877.66455078 0. 4.16324917047e-22 0.
1472385260 1 6871.55419922 0. 4.16266795557e-22 0.
1472385320 1 6865.18457031 0. 4.16241106863e-22 0.
1472385374 1 6860.30322266 0. 4.16298974817e-22 0.
1472385428 1 6851.99560547 0. 4.16041682181e-22 0.
1472385465 1 6851.296875 0. 4.16205790001e-22 0.
1472385502 1 6847.45068359 0. 4.16128489093e-22 0.
1472385562 1 6841.23535156 0. 4.16065284436e-22 0.
1472385623 1 6836.11865234 0. 4.16092588732e-22 0.
1472385683 1 6832.05859375 0. 4.16082553005e-22 0.
1472385743 1 6824.63037109 0. 4.15966104964e-22 0.
1472385803 1 6819.57470703 0. 4.1603430278e-22 0.
1472385854 1 6813.41259766 0. 0.0 0.
1472385879 1 6810.28662109 0. 4.15824189796e-22 0.
1472385914 1 6806.00146484 0. 4.15779330082e-22 0.
1472385975 1 6801.75097656 0. 4.15809318372e-22 0.
1472386035 1 6796.48681641 0. 4.15774438629e-22 0.
1472386095 1 6793.1171875 0. 4.1584524569e-22 0.
1472386155 1 6789.96044922 0. 4.15999419881e-22 0.
1472386215 1 6779.28759766 0. 4.15607768073e-22 0.
1472386275 1 6774.43994141 0. 4.1563429908e-22 0.
1472386335 1 6770.94775391 0. 4.15772989368e-22 0.
1472386396 1 6767.14013672 0. 4.1588519536e-22 0.
1472386456 1 6760.828125 0. 4.15869994714e-22 0.
1472386516 1 6756.69970703 0. 4.15971157532e-22 0.
1472386576 1 6753.17089844 0. 4.16041595669e-22 0.
1472386636 1 6743.28222656 0. 4.1564236864e-22 0.
1472386696 1 6737.90380859 0. 4.15598324311e-22 0.
1472386756 1 6732.95654297 0. 4.15521062405e-22 0.
1472386816 1 6725.10205078 0. 4.15345640902e-22 0.
1472386877 1 6720.859375 0. 4.15285910229e-22 0.
1472386937 1 6716.96142578 0. 4.1546455542e-22 0.
1472386997 1 6700.91748047 0. 4.14764077524e-22 0.
1472387057 1 6700.56494141 0. 4.15146872109e-22 0.
1472387117 1 6696.19677734 0. 4.15212340991e-22 0.
1472387177 1 6689.32324219 0. 4.15049492541e-22 0.
1472387237 1 6683.85400391 0. 4.1544730717e-22 0.
1472387298 1 6681.53955078 0. 4.15243585519e-22 0.
1472387358 1 6674.44335938 0. 4.1506493954e-22 0.
1472387418 1 6669.57617188 0. 4.15122870586e-22 0.
1472387478 1 6665.89257812 0. 4.15198908079e-22 0.
1472387538 1 6659.01708984 0. 4.15064856096e-22 0.
1472387598 1 6651.38964844 0. 4.14853551127e-22 0.
1472387658 1 6647.47216797 0. 4.14886585977e-22 0.
1472387719 1 6643.50537109 0. 4.14932462134e-22 0.
1472387779 1 6637.82666016 0. 4.14902241465e-22 0.
1472387839 1 6633.13037109 0. 4.14871100808e-22 0.
1472387899 1 6628.21484375 0. 4.14912885294e-22 0.
1472387959 1 6620.79931641 0. 4.14821573524e-22 0.
1472388019 1 6617.17480469 0. 4.14889663915e-22 0.
1472388079 1 6610.57226562 0. 4.14833042451e-22 0.
1472388139 1 6608.58300781 0. 4.1495186089e-22 0.
1472388200 1 6603.0859375 0. 4.14960037459e-22 0.
1472388260 1 6596.21386719 0. 4.14778034509e-22 0.
1472388320 1 6593.70556641 0. 4.14956318585e-22 0.
1472388380 1 6587.38964844 0. 4.14832619017e-22 0.
1472388440 1 6581.16650391 0. 4.14728171625e-22 0.
1472388500 1 6576.96435547 0. 4.14763169764e-22 0.
1472388560 1 6573.43408203 0. 4.14780566474e-22 0.
1472388620 1 6569.31298828 0. 4.14928810639e-22 0.
1472388681 1 6563.10009766 0. 4.14889739712e-22 0.
1472388741 1 6558.16259766 0. 4.14805522844e-22 0.
1472388801 1 6551.15039062 0. 4.14729580246e-22 0.
1472388861 1 6532.40136719 0. 4.13781722539e-22 0.
1472388921 1 6429.52734375 0. 4.07646220571e-22 0.
1472388981 1 6433.60986328 0. 4.08179851658e-22 0.
1472389041 1 6333.08251953 0. 4.0205234162e-22 0.
1472389101 1 6301.53369141 0. 4.00330248675e-22 0.
1472389162 1 6297.76904297 0. 4.00539094209e-22 0.
1472389222 1 6289.89697266 0. 4.00334399128e-22 0.
1472389282 1 6284.39697266 0. 4.00181739831e-22 0.
1472389342 1 6279.84521484 0. 4.00151493054e-22 0.
1472389402 1 6277.76269531 0. 4.00308436641e-22 0.
1472389462 1 6272.22949219 0. 4.00205042654e-22 0.
1472389522 1 6264.58447266 0. 4.00060072962e-22 0.
1472389583 1 6261.97900391 0. 4.0025976661e-22 0.
1472389643 1 6257.61328125 0. 4.00193434841e-22 0.
1472389703 1 6253.55859375 0. 4.0011205789e-22 0.
1472389763 1 6247.80224609 0. 3.99975519955e-22 0.
1472389823 1 6245.28271484 0. 4.00130005926e-22 0.
1472389883 1 6240.94726562 0. 4.00038526239e-22 0.
1472389943 1 6236.30761719 0. 4.00040494044e-22 0.
1472390003 1 6231.890625 0. 4.00184949592e-22 0.
1472390063 1 6228.86914062 0. 4.00226463861e-22 0.
1472390124 1 6220.82519531 0. 4.00011645942e-22 0.
1472390184 1 6217.63769531 0. 4.0011479601e-22 0.
1472390244 1 6215.59179688 0. 4.00300359437e-22 0.
1472390304 1 6210.89697266 0. 4.00193781129e-22 0.
1472390364 1 6205.11962891 0. 4.00072786421e-22 0.
1472390424 1 6202.56787109 0. 4.00335995136e-22 0.
1472390484 1 6197.28369141 0. 4.00238673642e-22 0.
1472390544 1 6192.98339844 0. 4.00231285381e-22 0.
1472390605 1 6191.15087891 0. 4.00453584038e-22 0.
1472390665 1 6186.59326172 0. 4.00471620513e-22 0.
1472390725 1 6182.96386719 0. 4.00464323387e-22 0.
1472390785 1 6181.04101562 0. 4.00608752731e-22 0.
1472390845 1 6173.67236328 0. 4.00519552889e-22 0.
1472390905 1 6170.17480469 0. 4.00552136161e-22 0.
1472390965 1 6165.92529297 0. 4.00539833679e-22 0.
1472391025 1 6162.53271484 0. 4.00633681115e-22 0.
1472391086 1 6158.58886719 0. 4.0068910883e-22 0.
1472391146 1 6148.83642578 0. 4.00261374174e-22 0.
1472391186 1 6148.5390625 0. 4.00465611043e-22 0.
1472391227 1 6144.91162109 0. 4.00430437052e-22 0.
1472391287 1 6143.68115234 0. 4.00624321088e-22 0.
1472391347 1 6137.67871094 0. 4.00566780174e-22 0.
1472391407 1 6135.38818359 0. 4.00777023478e-22 0.
1472391467 1 6129.39648438 0. 4.00626395601e-22 0.
1472391527 1 6127.14892578 0. 4.00767514342e-22 0.
1472391587 1 6121.81005859 0. 4.00695264304e-22 0.
1472391647 1 6118.24267578 0. 0.0 0.
1472391683 1 6116.16113281 0. 4.00680677567e-22 0.
1472391717 1 6114.10986328 0. 4.00883267132e-22 0.
1472391777 1 6109.14355469 0. 4.00921147682e-22 0.
1472391837 1 6103.41210938 0. 4.00752943614e-22 0.
1472391874 1 6102.61523438 0. 4.00929794003e-22 0.
1472391911 1 6098.45898438 0. 4.00518501649e-22 0.
1472391971 1 6094.48828125 0. 4.005452486e-22 0.
1472392032 1 6100.72705078 0. 4.01390787304e-22 0.
1472392092 1 6093.80664062 0. 4.01268489262e-22 0.
1472392152 1 6090.92871094 0. 4.01359061259e-22 0.
1472392212 1 6085.890625 0. 4.0126609118e-22 0.
1472392272 1 6081.96337891 0. 4.01275201899e-22 0.
1472392332 1 6079.71386719 0. 4.01334337329e-22 0.
1472392392 1 6076.34521484 0. 4.01406458908e-22 0.
1472392453 1 6068.29931641 0. 4.01237061035e-22 0.
1472392513 1 6065.03076172 0. 4.01382244641e-22 0.
1472392573 1 6060.27294922 0. 4.0134273968e-22 0.
1472392633 1 6055.40283203 0. 4.01267724521e-22 0.
1472392693 1 6054.63671875 0. 4.01470241406e-22 0.
1472392753 1 6045.63964844 0. 4.01097137195e-22 0.
1472392813 1 6038.36523438 0. 4.00886307917e-22 0.
1472392874 1 6037.98730469 0. 4.01216462716e-22 0.
1472392934 1 6035.60888672 0. 4.0139433027e-22 0.
1472392994 1 6035.27294922 0. 4.01706305071e-22 0.
1472393054 1 6027.10839844 0. 4.01372617629e-22 0.
1472393114 1 6025.32763672 0. 4.01543170136e-22 0.
1472393174 1 6015.89355469 0. 4.01185046612e-22 0.
1472393234 1 6015.72851562 0. 4.01443932331e-22 0.
1472393295 1 6008.18017578 0. 4.01186587498e-22 0.
1472393355 1 6004.19384766 0. 4.01186940539e-22 0.
1472393415 1 5999.37402344 0. 4.01277024746e-22 0.
1472393475 1 5993.15917969 0. 4.01124596517e-22 0.
1472393535 1 5995.47558594 0. 4.01555889801e-22 0.
1472393595 1 5987.89697266 0. 4.01300578453e-22 0.
1472393655 1 5983.52978516 0. 4.01204472685e-22 0.
1472393716 1 5977.91113281 0. 4.01139819511e-22 0.
1472393776 1 5966.53515625 0. 4.0070529058e-22 0.
1472393836 1 5966.19824219 0. 4.00963614155e-22 0.
1472393896 1 5962.29589844 0. 4.00988067395e-22 0.
1472393956 1 5962.65283203 0. 4.01157083995e-22 0.
1472394016 1 5961.82470703 0. 4.01366314042e-22 0.
1472394076 1 5952.91503906 0. 4.01088512221e-22 0.
1472394136 1 5952.19677734 0. 4.01376205652e-22 0.
1472394197 1 5946.68212891 0. 4.0130201776e-22 0.
1472394257 1 5941.20361328 0. 4.01190749568e-22 0.
1472394317 1 5933.66699219 0. 4.01047840499e-22 0.
1472394377 1 5928.07177734 0. 4.00915905811e-22 0.
1472394437 1 5925.60986328 0. 4.01114081723e-22 0.
1472394497 1 5919.36132812 0. 4.00933762723e-22 0.
1472394557 1 5915.25390625 0. 4.00856121419e-22 0.
1472394618 1 5912.55859375 0. 4.00946462845e-22 0.
1472394678 1 5905.41064453 0. 4.00689279718e-22 0.
1472394738 1 5903.09619141 0. 4.00832370924e-22 0.
1472394798 1 5897.26464844 0. 4.00743262241e-22 0.
1472394858 1 5893.68261719 0. 4.00780889272e-22 0.
1472394912 1 5891.84033203 0. 4.00815568915e-22 0.
1472394966 1 5886.78173828 0. 4.00714214553e-22 0.
1472395027 1 5886.26123047 0. 4.01044538055e-22 0.
1472395087 1 5882.83886719 0. 4.01101033354e-22 0.
1472395147 1 5879.40869141 0. 4.01125901007e-22 0.
1472395207 1 5740.70703125 0. 3.91923314901e-22 0.
1472395267 1 5745.20849609 0. 3.92480053484e-22 0.
1472395327 1 5749.66259766 0. 3.93085101558e-22 0.
1472395387 1 5912.44042969 0. 4.04521333608e-22 0.
1472395448 1 5909.36865234 0. 4.0453493984e-22 0.
1472395508 1 5904.24609375 0. 4.0444831072e-22 0.
1472395568 1 5900.82080078 0. 4.04495942734e-22 0.
1472395628 1 5898.49414062 0. 4.04617469946e-22 0.
1472395688 1 5891.14648438 0. 4.0440565104e-22 0.
1472395748 1 5888.52587891 0. 4.04497701658e-22 0.
1472395808 1 5886.28662109 0. 4.04595863258e-22 0.
1472395869 1 5882.41259766 0. 4.04604040786e-22 0.
1472395929 1 5878.93359375 0. 4.04675707762e-22 0.
1472395989 1 5875.50927734 0. 4.04790294803e-22 0.
1472396049 1 5871.49121094 0. 4.04795851385e-22 0.
1472396109 1 5868.48242188 0. 4.04792632895e-22 0.
1472396169 1 5863.48193359 0. 4.04752813736e-22 0.
1472396229 1 5860.69824219 0. 4.04867704874e-22 0.
1472396290 1 5853.10644531 0. 4.04594213925e-22 0.
1472396350 1 5849.65039062 0. 4.04562398348e-22 0.
1472396410 1 5847.63378906 0. 4.046482039e-22 0.
1472396470 1 5844.16113281 0. 4.04698448004e-22 0.
1472396530 1 5841.7109375 0. 4.04885621997e-22 0.
1472396590 1 5837.5859375 0. 4.04843734869e-22 0.
1472396650 1 5832.43408203 0. 4.0486793791e-22 0.
1472396710 1 5828.71191406 0. 4.04881595798e-22 0.
1472396771 1 5825.17333984 0. 4.0477892719e-22 0.
1472396831 1 5822.67871094 0. 4.04817625585e-22 0.
1472396891 1 5819.74316406 0. 4.0496433712e-22 0.
1472396951 1 5815.53710938 0. 4.0498833041e-22 0.
1472397011 1 5810.73193359 0. 4.04881995778e-22 0.
1472397071 1 5806.2734375 0. 4.04890240192e-22 0.
1472397131 1 5803.78125 0. 4.05005186066e-22 0.
1472397191 1 5800.38378906 0. 4.05021365746e-22 0.
1472397252 1 5796.53808594 0. 4.05028971836e-22 0.
1472397312 1 5793.02783203 0. 4.05082807098e-22 0.
1472397372 1 5790.98974609 0. 4.05150859237e-22 0.
1472397432 1 5785.76660156 0. 4.04995465493e-22 0.
1472397492 1 5784.42822266 0. 4.05161061287e-22 0.
1472397552 1 5781.26171875 0. 4.05283633757e-22 0.
1472397612 1 5775.47900391 0. 4.05082523749e-22 0.
1472397672 1 5771.29296875 0. 4.05084930281e-22 0.
1472397733 1 5771.74267578 0. 4.05375581417e-22 0.
1472397793 1 5766.20166016 0. 4.05248708013e-22 0.
1472397853 1 5760.80273438 0. 4.05124417833e-22 0.
1472397913 1 5759.71337891 0. 4.0533156757e-22 0.
1472397973 1 5755.62207031 0. 4.05236129185e-22 0.
1472398033 1 5750.93017578 0. 4.05180509853e-22 0.
1472398093 1 5748.125 0. 4.0532013462e-22 0.
1472398154 1 5742.14453125 0. 4.05117099931e-22 0.
1472398214 1 5738.09130859 0. 4.05203512071e-22 0.
1472398274 1 5734.390625 0. 4.05207289069e-22 0.
1472398334 1 5731.54638672 0. 4.05294695084e-22 0.
1472398394 1 5728.74560547 0. 4.05228167658e-22 0.
1472398454 1 5724.74560547 0. 4.05272619691e-22 0.
1472398514 1 5719.64208984 0. 4.05197030621e-22 0.
1472398574 1 5716.37695312 0. 4.05275376621e-22 0.
1472398635 1 5712.79492188 0. 4.05345234574e-22 0.
1472398695 1 5707.97119141 0. 4.05174824847e-22 0.
1472398755 1 5704.78369141 0. 4.05257052012e-22 0.
1472398815 1 5701.13037109 0. 4.05249959217e-22 0.
1472398875 1 5698.13476562 0. 4.05356479551e-22 0.
1472398935 1 5694.41943359 0. 4.05307199418e-22 0.
1472398995 1 5691.17675781 0. 4.05338899512e-22 0.
1472399055 1 5686.66796875 0. 4.05232342747e-22 0.
1472399116 1 5682.36914062 0. 4.05166473013e-22 0.
1472399176 1 5678.33886719 0. 4.05209548834e-22 0.
1472399236 1 5679.32275391 0. 4.05538374958e-22 0.
1472399296 1 5674.78808594 0. 4.05480670573e-22 0.
1472399356 1 5671.10107422 0. 4.05490621213e-22 0.
1472399405 1 5666.40429688 0. 4.05380473397e-22 0.
1472399454 1 5664.20263672 0. 4.05237564738e-22 0.
1472399490 1 5662.62939453 0. 4.05249628531e-22 0.
1472399525 1 5661.05517578 0. 4.05275046089e-22 0.
1472399585 1 5658.64013672 0. 4.05463303757e-22 0.
1472399645 1 5656.14697266 0. 4.0559208075e-22 0.
1472399705 1 5650.24316406 0. 4.05421754792e-22 0.
1472399764 1 5646.11816406 0. 4.05347561e-22 0.
1472399823 1 5644.32128906 0. 4.05366957892e-22 0.
1472399883 1 5641.44921875 0. 4.05429304384e-22 0.
1472399944 1 5638.24853516 0. 4.0548152551e-22 0.
1472400004 1 5633.5078125 0. 4.0685375586e-22 0.
1472400064 1 5630.90478516 0. 4.0552415603e-22 0.
1472400114 1 5627.75634766 0. 4.05551151303e-22 0.
1472400164 1 5623.00341797 0. 4.05433341304e-22 0.
1472400224 1 5620.8671875 0. 4.05528332307e-22 0.
1472400284 1 5617.49609375 0. 4.05573791404e-22 0.
1472400344 1 5613.09472656 0. 4.05511080434e-22 0.
1472400404 1 5609.84082031 0. 4.0549989542e-22 0.
1472400464 1 5605.39355469 0. 4.05451865955e-22 0.
1472400525 1 5603.11962891 0. 4.05566888217e-22 0.
1472400585 1 5598.78759766 0. 4.05504045029e-22 0.
1472400645 1 5594.82275391 0. 4.05434579388e-22 0.
1472400705 1 5591.55566406 0. 4.05445715779e-22 0.
1472400765 1 5588.96728516 0. 4.05483889681e-22 0.
1472400825 1 5586.05566406 0. 4.05574942911e-22 0.
1472400885 1 5583.51611328 0. 4.05688567799e-22 0.
1472400945 1 5579.19140625 0. 4.05566961917e-22 0.
1472401006 1 5575.36572266 0. 4.0566938067e-22 0.
1472401066 1 5572.31201172 0. 4.05740406264e-22 0.
1472401126 1 5570.28466797 0. 4.05883130332e-22 0.
1472401186 1 5566.2421875 0. 4.05791341446e-22 0.
1472401246 1 5562.27148438 0. 4.05863957453e-22 0.
1472401306 1 5558.71337891 0. 4.05797802838e-22 0.
1472401366 1 5555.31054688 0. 4.05852157019e-22 0.
1472401426 1 5551.62988281 0. 4.05955350865e-22 0.
1472401486 1 5548.15332031 0. 4.05958463652e-22 0.
1472401547 1 5545.32568359 0. 4.06033754738e-22 0.
1472401607 1 5543.22216797 0. 4.06156985427e-22 0.
1472401667 1 5539.28564453 0. 4.06158540926e-22 0.
1472401727 1 5533.37890625 0. 4.05902779796e-22 0.
1472401787 1 5529.21728516 0. 4.05883973812e-22 0.
1472401847 1 5527.05859375 0. 4.0601697433e-22 0.
1472401907 1 5524.32861328 0. 4.06062522226e-22 0.
1472401968 1 5520.54443359 0. 4.06015813949e-22 0.
1472402028 1 5517.72949219 0. 4.06148566225e-22 0.
1472402088 1 5515.79931641 0. 4.06321031821e-22 0.
1472402148 1 5511.22851562 0. 4.06170871543e-22 0.
1472402208 1 5508.30859375 0. 4.06218033235e-22 0.
1472402268 1 5504.34326172 0. 4.06156963931e-22 0.
1472402328 1 5501.29833984 0. 4.06178596645e-22 0.
1472402389 1 5496.88134766 0. 4.06087396323e-22 0.
1472402449 1 5493.8984375 0. 4.06193143542e-22 0.
1472402509 1 5490.52734375 0. 4.06221512423e-22 0.
1472402569 1 5486.54492188 0. 4.06206398679e-22 0.
1472402629 1 5483.13037109 0. 4.0627195092e-22 0.
1472402689 1 5480.31689453 0. 4.06398123069e-22 0.
1472402740 1 5478.46044922 0. 4.06496082033e-22 0.
1472402790 1 5474.78417969 0. 4.06443692063e-22 0.
1472402851 1 5471.01171875 0. 4.06311711013e-22 0.
1472402911 1 5467.83203125 0. 4.06374520011e-22 0.
1472402971 1 5464.51904297 0. 4.06425486231e-22 0.
1472403031 1 5461.18164062 0. 4.0637507218e-22 0.
1472403091 1 5457.56103516 0. 4.06302475539e-22 0.
1472403151 1 5454.57617188 0. 4.06436154197e-22 0.
1472403211 1 5449.12548828 0. 4.06300121969e-22 0.
1472403272 1 5447.10449219 0. 4.06410228779e-22 0.
1472403332 1 5444.48144531 0. 4.06422251973e-22 0.
1472403392 1 5440.38671875 0. 4.06326130029e-22 0.
1472403452 1 5437.43164062 0. 4.06311423922e-22 0.
1472403512 1 5432.11230469 0. 4.06185647447e-22 0.
1472403572 1 5427.99902344 0. 4.06152547151e-22 0.
1472403632 1 5425.26220703 0. 4.0626693649e-22 0.
1472403693 1 5422.78710938 0. 4.06356936258e-22 0.
1472403753 1 5417.765625 0. 4.06200532957e-22 0.
1472403813 1 5414.38232422 0. 4.06242732528e-22 0.
1472403873 1 5413.01904297 0. 4.06384783175e-22 0.
1472403933 1 5409.34765625 0. 4.06370880796e-22 0.
1472403993 1 5406.25878906 0. 4.06372681562e-22 0.
1472404053 1 5402.06884766 0. 4.06328407434e-22 0.
1472404113 1 5398.86425781 0. 4.06276975829e-22 0.
1472404173 1 5396.47607422 0. 4.06337614649e-22 0.
1472404234 1 5392.20507812 0. 4.06252386134e-22 0.
1472404294 1 5387.75 0. 4.0621279032e-22 0.
1472404354 1 5384.375 0. 4.06296323111e-22 0.
1472404414 1 5381.08056641 0. 4.06263053805e-22 0.
1472404474 1 5380.57324219 0. 4.06537124281e-22 0.
1472404534 1 5375.45410156 0. 4.06417755499e-22 0.
1472404594 1 5371.56445312 0. 4.06370541297e-22 0.
1472404654 1 5368.28808594 0. 4.06373803365e-22 0.
1472404699 1 5367.57958984 0. 4.06499721073e-22 0.
1472404744 1 5365.61132812 0. 4.06550471433e-22 0.
1472404804 1 5361.72753906 0. 4.06495667494e-22 0.
1472404864 1 5358.78808594 0. 4.06479883048e-22 0.
1472404924 1 5354.37402344 0. 4.06369981496e-22 0.
1472404984 1 5352.49462891 0. 4.06517650689e-22 0.
1472405044 1 5350.19726562 0. 4.06602555705e-22 0.
1472405105 1 5346.19189453 0. 4.06624167913e-22 0.
1472405165 1 5342.21533203 0. 4.0665650359e-22 0.
1472405225 1 5339.40966797 0. 4.06782177035e-22 0.
1472405285 1 5336.24462891 0. 4.06772203817e-22 0.
1472405345 1 5331.84130859 0. 4.06623934202e-22 0.
1472405405 1 5329.41845703 0. 4.06633998457e-22 0.
1472405465 1 5327.27636719 0. 4.06739021985e-22 0.
1472405526 1 5324.84521484 0. 4.06809320863e-22 0.
1472405586 1 5323.53710938 0. 4.070208216e-22 0.
1472405646 1 5319.43017578 0. 4.06990119669e-22 0.
1472405706 1 5313.52978516 0. 4.06842204227e-22 0.
1472405766 1 5311.88671875 0. 4.07021853374e-22 0.
1472405826 1 5307.70849609 0. 4.06905689484e-22 0.
1472405886 1 5302.87304688 0. 4.067797584e-22 0.
1472405946 1 5301.40966797 0. 4.06941572717e-22 0.
1472406007 1 5298.23535156 0. 4.06885500294e-22 0.
1472406067 1 5292.26513672 0. 4.06686462826e-22 0.
1472406127 1 5291.67724609 0. 4.06918272749e-22 0.
1472406187 1 5285.83642578 0. 4.06729308451e-22 0.
1472406247 1 5282.14892578 0. 4.06676470676e-22 0.
1472406307 1 5282.48193359 0. 4.07035351694e-22 0.
1472406367 1 5159.74902344 0. 3.97831791222e-22 0.
1472406427 1 5065.13769531 0. 3.90805520937e-22 0.
1472406487 1 5272.03515625 0. 4.06978494848e-22 0.
1472406548 1 5265.44873047 0. 4.06789547294e-22 0.
1472406608 1 5262.76708984 0. 4.06826715477e-22 0.
1472406668 1 5263.33691406 0. 4.07183595463e-22 0.
1472406728 1 5259.27441406 0. 4.07145763616e-22 0.
1472406788 1 5256.99462891 0. 4.07113824541e-22 0.
1472406848 1 5257.98388672 0. 4.07370265146e-22 0.
1472406908 1 5254.74609375 0. 4.07354901502e-22 0.
1472406969 1 5248.96044922 0. 4.07220712909e-22 0.
1472407029 1 5246.14746094 0. 4.07311289623e-22 0.
1472407089 1 5243.51806641 0. 4.07395575733e-22 0.
1472407149 1 5242.41015625 0. 4.07619434572e-22 0.
1472407209 1 5237.05712891 0. 4.0752926668e-22 0.
1472407269 1 5233.22363281 0. 4.07393086952e-22 0.
1472407329 1 5229.98681641 0. 4.07396690429e-22 0.
1472407389 1 5227.42480469 0. 4.0743999838e-22 0.
1472407450 1 5225.33935547 0. 4.07493351824e-22 0.
1472407510 1 5221.57470703 0. 4.07455691523e-22 0.
1472407570 1 5217.51025391 0. 4.07386345491e-22 0.
1472407630 1 5215.95410156 0. 4.07411167808e-22 0.
1472407690 1 5213.171875 0. 4.07429313233e-22 0.
1472407750 1 5209.12207031 0. 4.07427477314e-22 0.
1472407810 1 5208.25244141 0. 4.07659383888e-22 0.
1472407870 1 5203.89599609 0. 4.07643924883e-22 0.
1472407931 1 5200.38818359 0. 4.07675776999e-22 0.
1472407991 1 5196.18212891 0. 4.0762952412e-22 0.
1472408051 1 5195.27246094 0. 4.07702424373e-22 0.
1472408111 1 5191.9296875 0. 4.07551316408e-22 0.
1472408171 1 5188.68115234 0. 4.07662517182e-22 0.
1472408231 1 5184.54248047 0. 4.07568100885e-22 0.
1472408291 1 5182.3515625 0. 4.07616583629e-22 0.
1472408351 1 5178.05371094 0. 4.07547196468e-22 0.
1472408412 1 5175.09912109 0. 4.07559012928e-22 0.
1472408472 1 5172.77246094 0. 4.07556328823e-22 0.
1472408532 1 5170.33837891 0. 4.07690706968e-22 0.
1472408592 1 5166.18408203 0. 4.07589303742e-22 0.
1472408652 1 5165.04199219 0. 4.07734868312e-22 0.
1472408712 1 5163.46289062 0. 4.07779453084e-22 0.
1472408772 1 5164.39794922 0. 4.08121745484e-22 0.
1472408832 1 5162.16601562 0. 4.08118986615e-22 0.
1472408893 1 5157.75390625 0. 4.07909501889e-22 0.
1472408953 1 5155.19775391 0. 4.07857517839e-22 0.
1472409013 1 5151.95654297 0. 4.07954202914e-22 0.
1472409073 1 5148.26171875 0. 4.07980378207e-22 0.
1472409133 1 5144.94970703 0. 4.07995326355e-22 0.
1472409193 1 5142.91601562 0. 4.08078297572e-22 0.
1472409253 1 2776.33666992 0. 0.0 0.
1472409288 1 1391.13000488 0. 1.10423043205e-22 0.
1472409324 1 0.142870873213 0. 0.0 0.
