1472816273 1 10831.8115234 0. 4.35082157403e-22 0.
1472816331 1 10815.0136719 0. 4.34870561258e-22 0.
1472816388 1 10793.9882812 0. 4.34725784815e-22 0.
1472816448 1 10778.5078125 0. 4.34663577915e-22 0.
1472816508 1 10766.2900391 0. 4.34714159691e-22 0.
1472816569 1 10745.703125 0. 4.34465320397e-22 0.
1472816629 1 10724.7275391 0. 4.33978550079e-22 0.
1472816689 1 10711.9775391 0. 4.34605573738e-22 0.
1472816749 1 10689.0615234 0. 4.33981350216e-22 0.
1472816809 1 10669.3310547 0. 4.33758560915e-22 0.
1472816869 1 10653.9863281 0. 4.33664466489e-22 0.
1472816929 1 10632.4052734 0. 4.33427511099e-22 0.
1472816990 1 10619.5820312 0. 4.33473914332e-22 0.
1472817050 1 10595.8984375 0. 4.32988054338e-22 0.
1472817110 1 10578.4228516 0. 4.32837426068e-22 0.
1472817170 1 10553.6220703 0. 4.3223408097e-22 0.
1472817230 1 10528.1220703 0. 4.31746902775e-22 0.
1472817290 1 10515.4726562 0. 4.31721562548e-22 0.
1472817350 1 10499.3300781 0. 4.31662865213e-22 0.
1472817410 1 10485.9208984 0. 4.31517549914e-22 0.
1472817471 1 10478.9375 0. 4.31684962625e-22 0.
1472817531 1 10455.8310547 0. 4.31224872013e-22 0.
1472817591 1 10435.3076172 0. 4.30760486975e-22 0.
1472817651 1 10419.7929688 0. 4.30599208264e-22 0.
1472817686 1 10410.7480469 0. 4.30343517382e-22 0.
1472817721 1 10401.6689453 0. 4.30155135981e-22 0.
1472817782 1 10372.1728516 0. 4.29600388731e-22 0.
1472817842 1 10349.2392578 0. 4.2882249914e-22 0.
1472817902 1 10326.5439453 0. 4.282113214e-22 0.
1472817962 1 10320.5244141 0. 4.28447335275e-22 0.
1472818022 1 10092.6054688 0. 4.19306435907e-22 0.
1472818082 1 9759.51367188 0. 4.05982346279e-22 0.
1472818142 1 10268.5654297 0. 4.27933060065e-22 0.
1472818203 1 10241.3896484 0. 4.27423651889e-22 0.
1472818263 1 10216.1289062 0. 4.26869999287e-22 0.
1472818323 1 10194.4169922 0. 4.26368601826e-22 0.
1472818383 1 10192.6855469 0. 4.26542304865e-22 0.
1472818443 1 10168.4980469 0. 4.26006654285e-22 0.
1472818503 1 10140.1591797 0. 4.2525767938e-22 0.
1472818563 1 10152.4433594 0. 4.2633157386e-22 0.
1472818624 1 10116.9462891 0. 4.25342136895e-22 0.
1472818684 1 10144.5263672 0. 4.27057251178e-22 0.
1472818744 1 10273.0332031 0. 4.33058365108e-22 0.
1472818804 1 10255.6142578 0. 4.32614222897e-22 0.
1472818864 1 10246.3300781 0. 4.32508692133e-22 0.
1472818924 1 10250.2548828 0. 4.33041885659e-22 0.
1472818984 1 10247.7568359 0. 4.33205376172e-22 0.
1472819044 1 10222.2822266 0. 4.32591801979e-22 0.
1472819104 1 10209.0576172 0. 4.32471753917e-22 0.
1472819165 1 10198.4990234 0. 4.32446969155e-22 0.
1472819225 1 10183.6933594 0. 4.32296956921e-22 0.
1472819285 1 10174.0878906 0. 4.3238148528e-22 0.
1472819345 1 10161.4619141 0. 4.3232574072e-22 0.
1472819405 1 10145.1972656 0. 4.32092302582e-22 0.
1472819465 1 10137.3701172 0. 4.32155744378e-22 0.
1472819525 1 10124.9863281 0. 4.3211860752e-22 0.
1472819585 1 10106.0126953 0. 4.3157594338e-22 0.
1472819646 1 10092.0039062 0. 4.31434545806e-22 0.
1472819706 1 10082.0292969 0. 4.32449925323e-22 0.
1472819766 1 10065.8818359 0. 4.31267759974e-22 0.
1472819826 1 10049.6992188 0. 4.31055265007e-22 0.
1472819886 1 10042.4814453 0. 4.31130239463e-22 0.
1472819946 1 10034.3808594 0. 4.31146978225e-22 0.
1472820006 1 10018.9121094 0. 4.31055106425e-22 0.
1472820067 1 10001.0830078 0. 4.30718460283e-22 0.
1472820127 1 9992.18554688 0. 4.30682768375e-22 0.
1472820187 1 9973.93261719 0. 4.30239563819e-22 0.
1472820247 1 9963.08203125 0. 4.30183141103e-22 0.
1472820307 1 9945.86425781 0. 4.2985310016e-22 0.
1472820367 1 9929.82128906 0. 4.29631525897e-22 0.
1472820427 1 9923.796875 0. 4.29718665976e-22 0.
1472820487 1 9908.98828125 0. 4.29532677787e-22 0.
1472820548 1 9903.25488281 0. 4.29737378084e-22 0.
1472820608 1 9891.47363281 0. 0.0 0.
1472820643 1 9884.60449219 0. 4.29694694078e-22 0.
1472820678 1 9877.69921875 0. 4.29532698421e-22 0.
1472820738 1 9860.63574219 0. 4.29248972611e-22 0.
1472820798 1 9858.81542969 0. 4.29641713225e-22 0.
1472820858 1 9842.36132812 0. 4.29218910563e-22 0.
1472820919 1 9826.91113281 0. 4.29065692302e-22 0.
1472820979 1 9816.49804688 0. 4.29069275085e-22 0.
1472821039 1 9806.93457031 0. 4.2931527816e-22 0.
1472821099 1 9793.24316406 0. 4.28803562741e-22 0.
1472821159 1 9781.64648438 0. 4.28706491955e-22 0.
1472821219 1 9766.86816406 0. 4.28447622602e-22 0.
1472821279 1 9733.640625 0. 4.27512461906e-22 0.
1472821340 1 9683.77832031 0. 4.25698020756e-22 0.
1472821400 1 9671.36621094 0. 4.2556989219e-22 0.
1472821460 1 9663.75585938 0. 4.25427249997e-22 0.
1472821520 1 9645.94726562 0. 4.25041705928e-22 0.
1472821580 1 9649.03125 0. 4.25449652692e-22 0.
1472821640 1 9625.61425781 0. 4.2483698776e-22 0.
1472821700 1 9611.35449219 0. 4.24731967529e-22 0.
1472821760 1 9593.90722656 0. 4.2439683206e-22 0.
1472821821 1 9573.65722656 0. 4.23879376813e-22 0.
1472821865 1 9560.71582031 0. 4.23579472277e-22 0.
1472821909 1 9552.11328125 0. 4.23545431336e-22 0.
1472821969 1 9537.28320312 0. 4.23299971342e-22 0.
1472822029 1 9528.47753906 0. 4.23302678722e-22 0.
1472822089 1 9512.47558594 0. 4.2279155773e-22 0.
1472822149 1 9500.59472656 0. 4.22714288175e-22 0.
1472822209 1 9494.90625 0. 4.2293719382e-22 0.
1472822270 1 9477.84765625 0. 4.22634233383e-22 0.
1472822329 1 9468.09375 0. 4.22663852838e-22 0.
1472822388 1 9456.28710938 0. 4.22441266312e-22 0.
1472822448 1 9449.29296875 0. 4.22343864257e-22 0.
1472822508 1 9433.63964844 0. 4.21918095451e-22 0.
1472822568 1 9422.01757812 0. 4.21912891633e-22 0.
1472822628 1 9409.09863281 0. 4.21727026127e-22 0.
1472822688 1 9400.61523438 0. 4.21910855448e-22 0.
1472822749 1 9383.29394531 0. 4.21978381263e-22 0.
1472822809 1 9377.35449219 0. 4.21563688882e-22 0.
1472822869 1 9367.20605469 0. 4.21485934834e-22 0.
1472822929 1 9345.88476562 0. 4.20828838401e-22 0.
1472822989 1 9349.19628906 0. 4.2147579181e-22 0.
1472823049 1 9325.27050781 0. 4.20680575276e-22 0.
1472823109 1 9307.4921875 0. 4.20344374537e-22 0.
1472823169 1 9313.765625 0. 4.21026705635e-22 0.
1472823230 1 9292.05957031 0. 4.20342637551e-22 0.
1472823290 1 9279.71582031 0. 4.20300516179e-22 0.
1472823350 1 9275.171875 0. 4.20454596551e-22 0.
1472823410 1 9256.83398438 0. 4.19985783853e-22 0.
1472823447 1 9227.74414062 0. 4.18969241375e-22 0.
1472823485 1 9241.93359375 0. 4.19827558679e-22 0.
1472823545 1 9232.0390625 0. 4.19769003473e-22 0.
1472823605 1 9199.53808594 0. 4.18577020821e-22 0.
1472823665 1 9192.48925781 0. 4.18497743679e-22 0.
1472823703 1 9203.49804688 0. 4.19200202363e-22 0.
1472823723 1 9181.42871094 0. 4.18348538181e-22 0.
1472823766 1 9168.04980469 0. 4.18016595301e-22 0.
1472823826 1 9171.33984375 0. 4.1861762954e-22 0.
1472823886 1 9170.40625 0. 4.18974413574e-22 0.
1472823947 1 9136.40136719 0. 4.1777401604e-22 0.
1472824007 1 9155.015625 0. 4.18948449395e-22 0.
1472824067 1 9137.46875 0. 4.18570276681e-22 0.
1472824127 1 9133.65820312 0. 4.18720785304e-22 0.
1472824162 1 9131.43652344 0. 4.18877087063e-22 0.
1472824197 1 9129.21289062 0. 4.19000901583e-22 0.
1472824257 1 9102.09765625 0. 4.18141281165e-22 0.
1472824317 1 9085.65722656 0. 4.17787340206e-22 0.
1472824378 1 9087.80664062 0. 4.18196994314e-22 0.
1472824438 1 9059.86523438 0. 4.17214011482e-22 0.
1472824498 1 9057.41015625 0. 4.17525509589e-22 0.
1472824558 1 9057.51171875 0. 4.17949899355e-22 0.
1472824618 1 9032.97753906 0. 4.1713932573e-22 0.
1472824678 1 9042.87011719 0. 4.17861436226e-22 0.
1472824738 1 9034.25683594 0. 4.17955448819e-22 0.
1472824798 1 9015.38476562 0. 4.17427203821e-22 0.
1472824859 1 9011.0625 0. 4.17552178302e-22 0.
1472824919 1 9008.83886719 0. 4.17811332357e-22 0.
1472824979 1 8980.20605469 0. 4.16887652802e-22 0.
1472825039 1 8807.26660156 0. 4.09121531684e-22 0.
1472825099 1 8197.57714844 0. 3.81164272291e-22 0.
1472825149 1 8959.15039062 0. 4.16907607954e-22 0.
1472825198 1 8976.56347656 0. 4.18073139988e-22 0.
1472825259 1 9073.44042969 0. 4.22886519081e-22 0.
1472825319 1 9135.83789062 0. 4.26162763561e-22 0.
1472825379 1 9126.47460938 0. 4.26152628084e-22 0.
1472825439 1 9113.58886719 0. 4.25898269853e-22 0.
1472825499 1 9106.36914062 0. 4.26018164658e-22 0.
1472825559 1 9095.44628906 0. 4.25787415252e-22 0.
1472825620 1 9088.51855469 0. 4.25737193178e-22 0.
1472825680 1 9079.58300781 0. 4.25732805312e-22 0.
1472825740 1 9069.83105469 0. 4.25619512105e-22 0.
1472825800 1 9062.3828125 0. 4.25636717597e-22 0.
1472825860 1 9051.76171875 0. 4.25526035121e-22 0.
1472825920 1 9040.63574219 0. 4.25388795996e-22 0.
1472825980 1 9032.16503906 0. 4.25287965859e-22 0.
1472826040 1 9026.56445312 0. 4.2538940434e-22 0.
1472826100 1 9019.52539062 0. 4.25521018233e-22 0.
1472826161 1 9009.65136719 0. 4.25478562338e-22 0.
1472826221 1 9001.203125 0. 4.25529156053e-22 0.
1472826281 1 8986.08007812 0. 4.2515995232e-22 0.
1472826341 1 8977.44824219 0. 4.25128097919e-22 0.
1472826401 1 8970.41796875 0. 4.25060735766e-22 0.
1472826461 1 8960.62988281 0. 4.24980255383e-22 0.
1472826521 1 8952.67773438 0. 4.24928112446e-22 0.
1472826582 1 8940.68457031 0. 4.24643632988e-22 0.
1472826642 1 8933.86035156 0. 4.24669014164e-22 0.
1472826702 1 8924.05175781 0. 4.24620239127e-22 0.
1472826762 1 8917.58105469 0. 4.24634511872e-22 0.
1472826822 1 8909.375 0. 4.24456083116e-22 0.
1472826882 1 8894.7734375 0. 4.241890919e-22 0.
1472826942 1 8887.48828125 0. 4.24271358159e-22 0.
1472827002 1 8882.59082031 0. 4.24344201519e-22 0.
1472827063 1 8874.69238281 0. 4.24390301948e-22 0.
1472827123 1 8864.90820312 0. 4.2431524739e-22 0.
1472827183 1 8856.90722656 0. 4.24354750926e-22 0.
1472827243 1 8848.15429688 0. 4.24190277531e-22 0.
1472827303 1 8839.25 0. 4.24153456182e-22 0.
1472827363 1 8830.24316406 0. 4.24118053465e-22 0.
1472827423 1 8822.60839844 0. 4.23902642632e-22 0.
1472827483 1 8813.22167969 0. 4.23886469008e-22 0.
1472827527 1 8806.07714844 0. 4.23725183594e-22 0.
1472827570 1 8803.48535156 0. 4.2383259615e-22 0.
1472827630 1 8793.54101562 0. 4.23717507228e-22 0.
1472827690 1 8782.75976562 0. 4.23563472867e-22 0.
1472827751 1 8775.9375 0. 4.23626568328e-22 0.
1472827811 1 8760.89453125 0. 4.23365584191e-22 0.
1472827871 1 8755.66308594 0. 4.23497549001e-22 0.
1472827931 1 8748.40429688 0. 0.0 0.
1472827966 1 8744.17285156 0. 4.23397524116e-22 0.
1472827999 1 8740.17382812 0. 4.23490017077e-22 0.
1472828057 1 8733.68554688 0. 4.23568215903e-22 0.
1472828118 1 8722.09765625 0. 4.23282701515e-22 0.
1472828178 1 8715.55175781 0. 4.23406153064e-22 0.
1472828238 1 8705.03222656 0. 4.23258039017e-22 0.
1472828298 1 8696.24804688 0. 4.23050077204e-22 0.
1472828358 1 8688.57421875 0. 4.22962363256e-22 0.
1472828418 1 8679.1796875 0. 4.22985250832e-22 0.
1472828478 1 8667.67382812 0. 4.22948635164e-22 0.
1472828538 1 8658.21582031 0. 4.22872040863e-22 0.
1472828599 1 8654.41601562 0. 4.23001123747e-22 0.
1472828659 1 8647.37402344 0. 4.23026224242e-22 0.
1472828719 1 8634.13867188 0. 4.22677025827e-22 0.
1472828779 1 8627.56347656 0. 4.22682327923e-22 0.
1472828839 1 8623.69824219 0. 4.22902054708e-22 0.
1472828899 1 8609.3046875 0. 4.22648009105e-22 0.
1472828959 1 8603.6328125 0. 4.22671489499e-22 0.
1472829019 1 8598.47460938 0. 4.22678092557e-22 0.
1472829080 1 8589.16699219 0. 4.22524026306e-22 0.
1472829140 1 8577.44238281 0. 4.2230511837e-22 0.
1472829200 1 8574.33007812 0. 4.22510683109e-22 0.
1472829260 1 8571.05371094 0. 4.22735622961e-22 0.
1472829320 1 8558.5546875 0. 4.22358738277e-22 0.
1472829380 1 8549.52539062 0. 4.22383654821e-22 0.
1472829440 1 8544.82128906 0. 4.2250172655e-22 0.
1472829500 1 8534.12109375 0. 4.22290640866e-22 0.
1472829561 1 8529.890625 0. 4.22457749928e-22 0.
1472829621 1 8518.31640625 0. 4.22176414643e-22 0.
1472829681 1 8511.64648438 0. 4.22155454429e-22 0.
1472829741 1 8502.06445312 0. 4.22031123205e-22 0.
1472829801 1 8490.68554688 0. 4.21913520146e-22 0.
1472829861 1 8485.17285156 0. 4.22001748565e-22 0.
1472829921 1 8477.75097656 0. 4.21985191457e-22 0.
1472829982 1 8468.28613281 0. 4.21769031107e-22 0.
1472830042 1 8463.53710938 0. 4.22007034229e-22 0.
1472830102 1 8453.22949219 0. 4.2177996824e-22 0.
1472830162 1 8443.81054688 0. 4.21621258324e-22 0.
1472830222 1 8438.20898438 0. 4.21714183648e-22 0.
1472830282 1 8425.41796875 0. 4.21367241645e-22 0.
1472830342 1 8419.8671875 0. 4.21489651461e-22 0.
1472830378 1 8416.62695312 0. 4.2158218434e-22 0.
1472830413 1 8413.37695312 0. 4.21493503746e-22 0.
1472830473 1 8404.828125 0. 4.21631166405e-22 0.
1472830533 1 8394.36621094 0. 4.21368692763e-22 0.
1472830593 1 8388.73925781 0. 4.21338022972e-22 0.
1472830653 1 8379.53613281 0. 4.21312081252e-22 0.
1472830714 1 8373.57324219 0. 4.21428605187e-22 0.
1472830774 1 8365.29980469 0. 4.21484416483e-22 0.
1472830834 1 8354.578125 0. 4.21236770128e-22 0.
1472830894 1 8345.56542969 0. 4.21152050015e-22 0.
1472830954 1 8334.92675781 0. 4.20830157613e-22 0.
1472831014 1 8329.42382812 0. 4.20892646018e-22 0.
1472831074 1 8322.86914062 0. 4.208827637e-22 0.
1472831135 1 8314.7265625 0. 4.20760609493e-22 0.
1472831195 1 8308.23925781 0. 4.20784954451e-22 0.
1472831236 1 8299.85449219 0. 4.2069113745e-22 0.
1472831278 1 8294.5 0. 4.20594069381e-22 0.
1472831338 1 8287.34179688 0. 4.20542669679e-22 0.
1472831398 1 8275.79199219 0. 4.20245797361e-22 0.
1472831459 1 8271.28515625 0. 4.20355531304e-22 0.
1472831519 1 8262.44628906 0. 4.20295310316e-22 0.
1472831579 1 8253.52246094 0. 4.20191363006e-22 0.
1472831639 1 8244.50976562 0. 0.0 0.
1472831674 1 8239.25097656 0. 4.19959439541e-22 0.
1472831709 1 8233.99414062 0. 4.19903035278e-22 0.
1472831744 1 8227.25488281 0. 4.19906537952e-22 0.
1472831765 1 8222.79492188 0. 4.19691397488e-22 0.
1472831810 1 8217.64257812 0. 4.19603385292e-22 0.
1472831845 1 8213.66308594 0. 4.19552613182e-22 0.
1472831880 1 8209.68164062 0. 4.1953501219e-22 0.
1472831940 1 8201.95996094 0. 4.1943361279e-22 0.
1472832000 1 8192.82910156 0. 4.19312463973e-22 0.
1472832060 1 8191.36865234 0. 4.19613626137e-22 0.
1472832101 1 8185.84033203 0. 4.19617717737e-22 0.
1472832141 1 8179.16503906 0. 4.19719463133e-22 0.
1472832176 1 8173.35888672 0. 4.19271994247e-22 0.
1472832211 1 8167.55371094 0. 4.19160138296e-22 0.
1472832271 1 8159.28222656 0. 4.19118513822e-22 0.
1472832332 1 8149.85742188 0. 4.18927058904e-22 0.
1472832392 1 8141.68652344 0. 4.1867231913e-22 0.
1472832452 1 8133.98193359 0. 4.18659650774e-22 0.
1472832512 1 8124.34375 0. 4.18521941787e-22 0.
1472832572 1 7960.22802734 0. 4.10420219272e-22 0.
1472832632 1 7786.51855469 0. 4.0171041256e-22 0.
1472832692 1 8104.6796875 0. 4.18456586668e-22 0.
1472832753 1 8112.42236328 0. 4.19320610354e-22 0.
1472832813 1 8122.64208984 0. 4.20116788378e-22 0.
1472832873 1 8116.28076172 0. 4.20161932745e-22 0.
1472832933 1 8109.79541016 0. 4.20224433026e-22 0.
1472832993 1 8101.80273438 0. 4.20216069403e-22 0.
1472833053 1 8092.79394531 0. 4.20090029221e-22 0.
1472833113 1 8086.12988281 0. 4.20139903912e-22 0.
1472833174 1 8078.01269531 0. 4.19878603081e-22 0.
1472833234 1 8067.49023438 0. 4.19614419161e-22 0.
1472833294 1 8063.14697266 0. 4.19646286077e-22 0.
1472833354 1 8059.64208984 0. 4.19744474202e-22 0.
1472833414 1 8053.45214844 0. 4.19852099039e-22 0.
1472833474 1 8045.87890625 0. 4.19905451302e-22 0.
1472833534 1 8035.45849609 0. 4.1959760267e-22 0.
1472833595 1 8027.72167969 0. 4.19661629682e-22 0.
1472833655 1 8022.36279297 0. 4.19768004678e-22 0.
1472833715 1 8013.62890625 0. 4.19669795533e-22 0.
1472833775 1 8006.75048828 0. 4.19601075302e-22 0.
1472833835 1 7999.24023438 0. 4.19514812637e-22 0.
1472833895 1 7992.77539062 0. 4.19560021798e-22 0.
1472833955 1 7986.49755859 0. 4.1957883634e-22 0.
1472834015 1 7979.41455078 0. 4.19512762141e-22 0.
1472834076 1 7971.91064453 0. 4.19428053767e-22 0.
1472834136 1 7964.30419922 0. 4.19379247519e-22 0.
1472834196 1 7955.13232422 0. 4.19195799323e-22 0.
1472834256 1 7949.77099609 0. 4.19180204508e-22 0.
1472834293 1 7945.67773438 0. 4.19281846004e-22 0.
1472834331 1 7940.33300781 0. 4.19210290432e-22 0.
1472834366 1 7935.31640625 0. 4.19116542051e-22 0.
1472834401 1 7930.29248047 0. 4.19064706242e-22 0.
1472834461 1 7923.89208984 0. 4.19037833086e-22 0.
1472834521 1 7915.83007812 0. 4.18929877009e-22 0.
1472834582 1 7909.97265625 0. 4.18919310009e-22 0.
1472834644 1 7903.85595703 0. 4.18867641011e-22 0.
1472834704 1 7894.14404297 0. 4.18696356876e-22 0.
1472834764 1 7887.05224609 0. 4.18747678025e-22 0.
1472834824 1 7882.33642578 0. 4.18926518431e-22 0.
1472834884 1 7874.3046875 0. 4.19670282258e-22 0.
1472834937 1 7868.95898438 0. 4.18883284957e-22 0.
1472834990 1 7863.81835938 0. 4.18797631795e-22 0.
1472835050 1 7857.97900391 0. 4.18893306147e-22 0.
1472835110 1 7851.44433594 0. 4.18936930821e-22 0.
1472835170 1 7842.15820312 0. 4.1877983684e-22 0.
1472835231 1 7833.76757812 0. 4.18645076818e-22 0.
1472835291 1 7828.58056641 0. 4.18584517009e-22 0.
1472835351 1 7820.75634766 0. 4.18440109592e-22 0.
1472835411 1 7815.52978516 0. 4.18324428406e-22 0.
1472835471 1 7807.90380859 0. 4.18250104851e-22 0.
1472835531 1 7801.52978516 0. 4.18414037679e-22 0.
1472835591 1 7796.54248047 0. 4.18616243598e-22 0.
1472835652 1 7788.29980469 0. 4.18529688439e-22 0.
1472835712 1 7784.1484375 0. 4.18544834636e-22 0.
1472835772 1 7776.07080078 0. 4.18478927698e-22 0.
1472835832 1 7771.05810547 0. 4.18475600781e-22 0.
1472835892 1 7764.34277344 0. 0.0 0.
1472835927 1 7760.42675781 0. 4.18280155925e-22 0.
1472835948 1 7758.109375 0. 4.18187613402e-22 0.
1472835994 1 7755.35839844 0. 4.18386311832e-22 0.
1472836054 1 7748.76904297 0. 4.18384932375e-22 0.
1472836114 1 7740.46289062 0. 4.18183590223e-22 0.
1472836174 1 7733.24853516 0. 4.18093968499e-22 0.
1472836234 1 7727.46386719 0. 4.18018241892e-22 0.
1472836294 1 7721.26074219 0. 4.18034396354e-22 0.
1472836355 1 7714.23828125 0. 4.18008892643e-22 0.
1472836415 1 7705.91308594 0. 4.17903012906e-22 0.
1472836475 1 7699.48583984 0. 4.17961207127e-22 0.
1472836535 1 7694.45166016 0. 4.18040851314e-22 0.
1472836595 1 7687.30273438 0. 4.17976468634e-22 0.
1472836655 1 7680.45166016 0. 4.17847027429e-22 0.
1472836715 1 7677.69287109 0. 4.17975891966e-22 0.
1472836775 1 7666.73974609 0. 4.17784982733e-22 0.
1472836836 1 7661.04248047 0. 4.17887712002e-22 0.
1472836896 1 7655.265625 0. 4.17809712633e-22 0.
1472836956 1 7647.71191406 0. 4.17705439657e-22 0.
1472837016 1 7641.66699219 0. 4.17596966305e-22 0.
1472837076 1 7636.06152344 0. 4.17544613436e-22 0.
1472837136 1 7629.68359375 0. 4.17490093288e-22 0.
1472837196 1 7623.09082031 0. 4.17369177267e-22 0.
1472837256 1 7616.13330078 0. 4.17417386069e-22 0.
1472837317 1 7609.47509766 0. 4.17447384172e-22 0.
1472837377 1 7604.56152344 0. 4.17446884996e-22 0.
1472837437 1 7597.33837891 0. 4.17341941172e-22 0.
1472837497 1 7592.71679688 0. 4.1760958632e-22 0.
1472837557 1 7584.93896484 0. 4.17566917468e-22 0.
1472837617 1 7577.58544922 0. 4.17396132075e-22 0.
1472837677 1 7571.99023438 0. 4.17404752516e-22 0.
1472837737 1 7566.66796875 0. 4.17428496895e-22 0.
1472837797 1 7560.69726562 0. 4.17404674009e-22 0.
1472837858 1 7554.52148438 0. 4.17261818606e-22 0.
1472837918 1 7547.25244141 0. 4.17222618571e-22 0.
1472837978 1 7540.50537109 0. 4.17180295314e-22 0.
1472838038 1 7533.17724609 0. 4.17117534042e-22 0.
1472838098 1 7529.59277344 0. 4.17325164911e-22 0.
1472838158 1 7523.84814453 0. 4.17308755773e-22 0.
1472838219 1 7517.14941406 0. 4.17119619821e-22 0.
1472838279 1 7507.99414062 0. 4.16906689528e-22 0.
1472838339 1 7501.44628906 0. 4.16744721921e-22 0.
1472838399 1 7498.22070312 0. 4.16865182876e-22 0.
1472838459 1 7492.50488281 0. 4.17055869916e-22 0.
1472838519 1 7484.72949219 0. 4.16958486504e-22 0.
1472838579 1 7475.94628906 0. 4.16678970508e-22 0.
1472838639 1 7468.99365234 0. 4.16550978536e-22 0.
1472838699 1 7463.25439453 0. 4.16659506388e-22 0.
1472838760 1 7456.54003906 0. 4.16516444967e-22 0.
1472838820 1 7453.20849609 0. 4.16588571594e-22 0.
1472838880 1 7444.85791016 0. 4.16442582727e-22 0.
1472838940 1 7436.29443359 0. 4.16431312785e-22 0.
1472839000 1 7431.14648438 0. 4.16353157852e-22 0.
1472839060 1 7424.13916016 0. 4.16274894121e-22 0.
1472839120 1 7416.70410156 0. 4.16235181636e-22 0.
1472839180 1 7407.05029297 0. 4.1595423983e-22 0.
1472839241 1 7400.38476562 0. 4.15796243081e-22 0.
1472839277 1 7398.89990234 0. 4.15853119205e-22 0.
1472839313 1 7396.15673828 0. 4.1597008715e-22 0.
1472839373 1 7390.00585938 0. 4.15965915295e-22 0.
1472839434 1 7385.72509766 0. 4.16026319079e-22 0.
1472839494 1 7378.80615234 0. 4.15879113724e-22 0.
1472839554 1 7371.77783203 0. 4.15817201903e-22 0.
1472839614 1 7366.62207031 0. 4.15816017937e-22 0.
1472839674 1 7357.12744141 0. 4.15620614064e-22 0.
1472839734 1 7352.47949219 0. 4.15728116893e-22 0.
1472839794 1 7346.63574219 0. 4.15756194674e-22 0.
1472839837 1 7342.01220703 0. 4.15717594757e-22 0.
1472839880 1 7335.38232422 0. 4.15451158801e-22 0.
1472839918 1 7333.29394531 0. 4.15498935958e-22 0.
1472839956 1 7330.08642578 0. 4.15587275948e-22 0.
1472840016 1 7323.78417969 0. 4.15569231954e-22 0.
1472840076 1 7315.25048828 0. 4.15434838672e-22 0.
1472840136 1 7314.12060547 0. 4.15677295925e-22 0.
1472840196 1 7305.59033203 0. 4.15519595473e-22 0.
1472840257 1 7297.07177734 0. 4.15320335218e-22 0.
1472840317 1 7290.80419922 0. 4.15203827707e-22 0.
1472840374 1 7283.71142578 0. 4.15177498373e-22 0.
1472840430 1 7281.15820312 0. 4.15344741875e-22 0.
1472840489 1 7276.62695312 0. 4.15538024771e-22 0.
1472840549 1 7270.66796875 0. 4.15480333771e-22 0.
1472840610 1 7260.77978516 0. 4.15202265598e-22 0.
1472840670 1 7256.77441406 0. 4.1520092804e-22 0.
1472840730 1 7252.25244141 0. 4.15283344158e-22 0.
1472840790 1 7246.07324219 0. 4.15244414435e-22 0.
1472840850 1 7240.72607422 0. 4.15273411556e-22 0.
1472840910 1 7232.27685547 0. 4.15149648922e-22 0.
1472840970 1 7224.12060547 0. 4.15010132573e-22 0.
1472841031 1 7220.88574219 0. 4.15142519504e-22 0.
1472841074 1 7215.84033203 0. 4.15080839398e-22 0.
1472841117 1 7210.52539062 0. 4.14994724664e-22 0.
1472841157 1 7208.42529297 0. 4.15022181014e-22 0.
1472841197 1 7205.37548828 0. 4.15147461185e-22 0.
1472841257 1 7196.02099609 0. 4.14975863356e-22 0.
1472841317 1 7190.12060547 0. 4.14885079475e-22 0.
1472841377 1 7186.30371094 0. 4.1497804341e-22 0.
1472841437 1 7182.40722656 0. 4.15031637226e-22 0.
1472841497 1 7178.33154297 0. 4.15197782316e-22 0.
1472841557 1 7170.99414062 0. 4.15108388067e-22 0.
1472841618 1 7165.04833984 0. 4.1511879825e-22 0.
1472841678 1 7160.98144531 0. 4.15157355573e-22 0.
1472841738 1 7151.76367188 0. 4.1492365461e-22 0.
1472841798 1 7147.53955078 0. 4.15039633552e-22 0.
1472841858 1 7141.26855469 0. 4.14912339463e-22 0.
1472841915 1 7133.46826172 0. 4.14759107754e-22 0.
1472841972 1 7124.31738281 0. 4.14565182429e-22 0.
1472842009 1 7126.40185547 0. 4.14893754694e-22 0.
1472842046 1 7123.79150391 0. 4.14954827998e-22 0.
1472842106 1 7119.38330078 0. 4.14988449305e-22 0.
1472842166 1 7114.44189453 0. 4.15158205037e-22 0.
1472842226 1 7109.42871094 0. 4.15185477651e-22 0.
1472842287 1 7100.68994141 0. 4.14890211203e-22 0.
1472842347 1 7094.14746094 0. 4.14722019843e-22 0.
1472842407 1 7088.69189453 0. 4.14655521901e-22 0.
1472842467 1 7086.38476562 0. 4.14757088199e-22 0.
1472842527 1 7078.65820312 0. 4.14683017916e-22 0.
1472842587 1 7031.71875 0. 4.12280950064e-22 0.
1472842647 1 6838.96142578 0. 4.01242806889e-22 0.
1472842707 1 6923.82910156 0. 4.0653128522e-22 0.
1472842768 1 7057.58300781 0. 4.14802876482e-22 0.
1472842828 1 7053.35644531 0. 4.14917499304e-22 0.
1472842888 1 7048.57958984 0. 4.14907079287e-22 0.
1472842948 1 7042.65332031 0. 4.14809935854e-22 0.
1472843008 1 7035.40673828 0. 4.14782145447e-22 0.
1472843068 1 7031.26074219 0. 4.14877398599e-22 0.
1472843128 1 7023.26367188 0. 4.14752569156e-22 0.
1472843189 1 7017.91308594 0. 4.14706746078e-22 0.
1472843249 1 7014.24121094 0. 4.14765023462e-22 0.
1472843309 1 7006.59570312 0. 4.14592396045e-22 0.
1472843369 1 7000.71679688 0. 4.1454674561e-22 0.
1472843429 1 6995.91699219 0. 4.14604593198e-22 0.
1472843489 1 6990.87841797 0. 4.14570661532e-22 0.
1472843549 1 6985.34863281 0. 4.14611443261e-22 0.
1472843609 1 6530.93164062 0. 3.87975152869e-22 0.
1472843670 1 6701.92919922 0. 3.98490567125e-22 0.
1472843720 1 6949.99316406 0. 4.1337991598e-22 0.
1472843748 1 6978.19726562 0. 4.15084446666e-22 0.
1472843763 1 6988.02685547 0. 4.15872726209e-22 0.
1472843801 1 6990.17871094 0. 4.16248198313e-22 0.
1472843861 1 6985.71728516 0. 4.16295351318e-22 0.
1472843922 1 6979.32128906 0. 4.16173462146e-22 0.
1472843982 1 6974.18896484 0. 4.16087610179e-22 0.
1472844035 1 6969.92578125 0. 4.16047103712e-22 0.
1472844088 1 6964.06933594 0. 0.0 0.
1472844123 1 6960.18896484 0. 4.1587933784e-22 0.
1472844158 1 6956.31347656 0. 4.15909145341e-22 0.
1472844218 1 6951.92919922 0. 4.16147145869e-22 0.
1472844278 1 6946.73144531 0. 4.16079017733e-22 0.
1472844338 1 6942.92333984 0. 4.16217656277e-22 0.
1472844398 1 6937.04003906 0. 4.16165606021e-22 0.
1472844459 1 6930.88085938 0. 4.16083112437e-22 0.
1472844519 1 6924.78515625 0. 4.1587125025e-22 0.
1472844579 1 6920.73388672 0. 4.15889244046e-22 0.
1472844639 1 6915.80761719 0. 4.15887714325e-22 0.
1472844699 1 6910.13085938 0. 4.15875298362e-22 0.
1472844759 1 6902.00976562 0. 4.15733512211e-22 0.
1472844819 1 6895.66796875 0. 4.15691334056e-22 0.
1472844879 1 6887.67431641 0. 4.15591398207e-22 0.
1472844940 1 6881.20458984 0. 4.15451432293e-22 0.
1472845000 1 6876.54785156 0. 4.15514735008e-22 0.
1472845060 1 6868.63427734 0. 4.15394210212e-22 0.
1472845120 1 6854.8828125 0. 4.1474000642e-22 0.
1472845161 1 6847.69433594 0. 4.14458032937e-22 0.
1472845202 1 6840.56738281 0. 4.14228023907e-22 0.
1472845262 1 6832.65917969 0. 4.14061211372e-22 0.
1472845322 1 6828.7890625 0. 4.14121039893e-22 0.
1472845382 1 6826.84130859 0. 4.1436212008e-22 0.
1472845442 1 6826.97167969 0. 4.14748552769e-22 0.
1472845503 1 6825.01757812 0. 4.14900046445e-22 0.
1472845563 1 6802.80322266 0. 4.13839151265e-22 0.
1472845623 1 6772.90527344 0. 4.12304447005e-22 0.
1472845683 1 6750.85400391 0. 4.11253995735e-22 0.
1472845743 1 6713.81835938 0. 4.09153020725e-22 0.
1472845780 1 6678.80615234 0. 4.07217510705e-22 0.
1472845816 1 6667.30126953 0. 4.06671961902e-22 0.
1472845851 1 6656.25732422 0. 4.06309903096e-22 0.
1472845887 1 6645.23242188 0. 4.05728727519e-22 0.
1472845947 1 6683.81005859 0. 4.08413451169e-22 0.
1472846007 1 6692.98242188 0. 4.0928619614e-22 0.
1472846067 1 6680.41210938 0. 4.0886461921e-22 0.
1472846127 1 6686.15380859 0. 4.09547115703e-22 0.
1472846187 1 6672.65380859 0. 4.08954554563e-22 0.
1472846247 1 6665.01708984 0. 4.08763798064e-22 0.
1472846307 1 6662.46386719 0. 4.08896616886e-22 0.
1472846368 1 6660.24951172 0. 4.0891323087e-22 0.
1472846428 1 6653.01123047 0. 4.08769863095e-22 0.
1472846488 1 6637.78857422 0. 4.08176230395e-22 0.
1472846548 1 6640.72998047 0. 4.0858142872e-22 0.
1472846608 1 6630.66210938 0. 4.08301699707e-22 0.
1472846668 1 6618.65478516 0. 4.07804415342e-22 0.
1472846728 1 6631.74511719 0. 4.08881276644e-22 0.
1472846789 1 6615.51611328 0. 4.08212952283e-22 0.
1472846849 1 6598.7890625 0. 4.07532956793e-22 0.
1472846909 1 6606.54833984 0. 4.08345748737e-22 0.
1472846969 1 6597.87695312 0. 4.0804423624e-22 0.
1472847029 1 6592.35644531 0. 4.07942760151e-22 0.
1472847089 1 6598.66845703 0. 4.08635844888e-22 0.
1472847149 1 6581.19970703 0. 4.07921589152e-22 0.
1472847209 1 6584.50292969 0. 4.08538439217e-22 0.
1472847270 1 6579.87158203 0. 4.08562533907e-22 0.
1472847330 1 6558.66162109 0. 4.07459652663e-22 0.
1472847390 1 6567.13671875 0. 4.08327436386e-22 0.
1472847450 1 6556.84130859 0. 4.07982847758e-22 0.
1472847510 1 6550.16503906 0. 4.07889516901e-22 0.
1472847570 1 6550.85400391 0. 4.08294333326e-22 0.
1472847630 1 6536.02978516 0. 4.07626738545e-22 0.
1472847691 1 6549.50488281 0. 4.08741651819e-22 0.
1472847751 1 6528.47998047 0. 4.07789605815e-22 0.
1472847811 1 6526.43896484 0. 4.07960940783e-22 0.
1472847871 1 6525.28759766 0. 4.08109213279e-22 0.
1472847931 1 6509.59863281 0. 4.07306427516e-22 0.
1472847991 1 6519.18359375 0. 4.08247236259e-22 0.
1472848051 1 6513.07617188 0. 4.08064686438e-22 0.
1472848111 1 6508.10693359 0. 4.08095460669e-22 0.
1472848172 1 6438.90039062 0. 4.04107878648e-22 0.
1472848232 1 6436.86767578 0. 4.04116198608e-22 0.
1472848269 1 6087.12548828 0. 3.82344970614e-22 0.
1472848307 1 6332.11816406 0. 3.9789831224e-22 0.
1472848367 1 6493.58740234 0. 4.08263923113e-22 0.
1472848427 1 6480.8828125 0. 4.07724000466e-22 0.
1472848487 1 6497.36962891 0. 4.09089557383e-22 0.
1472848547 1 6591.83056641 0. 4.15470689363e-22 0.
1472848607 1 6586.6484375 0. 4.15460474427e-22 0.
1472848668 1 6582.65673828 0. 4.15374119721e-22 0.
1472848728 1 6577.61669922 0. 4.15338089813e-22 0.
1472848788 1 6418.19482422 0. 4.05547349786e-22 0.
1472848848 1 6354.21875 0. 4.01870606977e-22 0.
1472848908 1 6286.56005859 0. 3.98143712359e-22 0.
1472848968 1 6245.86816406 0. 3.95735266932e-22 0.
1472849028 1 6260.30126953 0. 3.97011389015e-22 0.
1472849088 1 6259.28076172 0. 3.97169492819e-22 0.
1472849147 1 6255.96679688 0. 3.97261122619e-22 0.
1472849207 1 6249.97998047 0. 3.97108529202e-22 0.
1472849267 1 6247.78564453 0. 3.97262405026e-22 0.
1472849327 1 6243.44628906 0. 3.97215000276e-22 0.
1472849388 1 6241.31884766 0. 3.97342429204e-22 0.
1472849448 1 6235.60693359 0. 3.97275069459e-22 0.
1472849508 1 6230.42431641 0. 3.97216694255e-22 0.
1472849568 1 6227.546875 0. 3.97435422089e-22 0.
1472849628 1 6223.56103516 0. 3.97471693426e-22 0.
1472849688 1 6220.74414062 0. 3.97502182951e-22 0.
1472849748 1 6217.04443359 0. 3.9755617568e-22 0.
1472849809 1 6213.19384766 0. 3.97523968877e-22 0.
1472849869 1 6207.16943359 0. 3.97376856966e-22 0.
1472849929 1 6204.52294922 0. 3.97516051056e-22 0.
1472849989 1 6201.36474609 0. 3.97590385281e-22 0.
1472850049 1 6196.50634766 0. 3.97479412035e-22 0.
1472850109 1 6195.03710938 0. 3.97695034975e-22 0.
1472850169 1 6189.92773438 0. 3.97644406006e-22 0.
1472850229 1 6182.921875 0. 3.97512451471e-22 0.
1472850290 1 6180.05419922 0. 3.9758666311e-22 0.
1472850350 1 6176.12890625 0. 3.97587200517e-22 0.
1472850410 1 6172.31835938 0. 3.97669411526e-22 0.
1472850470 1 6167.40087891 0. 3.9750925866e-22 0.
1472850530 1 6164.234375 0. 3.97536123031e-22 0.
1472850590 1 6160.40478516 0. 3.97497773653e-22 0.
1472850650 1 6156.02880859 0. 3.97452857417e-22 0.
1472850711 1 6153.45263672 0. 3.98363033093e-22 0.
1472850771 1 6148.16503906 0. 3.97544425137e-22 0.
1472850831 1 6146.48144531 0. 3.9774811147e-22 0.
1472850891 1 6142.93847656 0. 3.97783879556e-22 0.
1472850951 1 6139.4921875 0. 3.97949932101e-22 0.
1472851011 1 6134.76708984 0. 3.97907757271e-22 0.
1472851071 1 6130.78662109 0. 3.97812480952e-22 0.
1472851131 1 6126.45898438 0. 3.97769329139e-22 0.
1472851192 1 6121.26904297 0. 3.97696638809e-22 0.
1472851252 1 6118.41845703 0. 3.97866203062e-22 0.
1472851312 1 6113.34912109 0. 3.97850244627e-22 0.
1472851372 1 6110.83203125 0. 3.97976772061e-22 0.
1472851432 1 6108.19921875 0. 3.98066730675e-22 0.
1472851492 1 6105.58447266 0. 3.98053667403e-22 0.
1472851552 1 6101.98730469 0. 3.98082268689e-22 0.
1472851612 1 6095.94726562 0. 3.9808000281e-22 0.
1472851673 1 6092.03808594 0. 3.98051609128e-22 0.
1472851733 1 6086.92041016 0. 3.97952657947e-22 0.
1472851793 1 6082.75634766 0. 3.97758182637e-22 0.
1472851853 1 6078.42724609 0. 3.97686621205e-22 0.
1472851913 1 6071.10351562 0. 3.97520859724e-22 0.
1472851973 1 6068.37011719 0. 3.97622988689e-22 0.
1472852033 1 6063.85498047 0. 3.9763717952e-22 0.
1472852093 1 6061.25244141 0. 3.97665019072e-22 0.
1472852154 1 6057.57324219 0. 3.9773619939e-22 0.
1472852214 1 6054.40136719 0. 3.97777008319e-22 0.
1472852253 1 6049.70849609 0. 3.97772094436e-22 0.
1472852268 1 6047.90820312 0. 3.9767456183e-22 0.
1472852283 1 6046.13574219 0. 3.97701499786e-22 0.
1472852322 1 6045.57470703 0. 3.97946824491e-22 0.
1472852383 1 6043.36132812 0. 3.98020188812e-22 0.
1472852443 1 6040.63134766 0. 3.98107065704e-22 0.
1472852503 1 6035.36035156 0. 3.97848670127e-22 0.
1472852563 1 6031.86572266 0. 3.97973118171e-22 0.
1472852623 1 6027.32763672 0. 3.98012183674e-22 0.
1472852683 1 6021.56640625 0. 3.97954169998e-22 0.
1472852743 1 6020.61816406 0. 3.98056447987e-22 0.
1472852804 1 6016.1484375 0. 3.97923371076e-22 0.
1472852864 1 6012.26367188 0. 3.97974683825e-22 0.
1472852924 1 6010.41357422 0. 3.98144276157e-22 0.
1472852984 1 6007.43115234 0. 3.9817600701e-22 0.
1472853044 1 6003.04736328 0. 3.98153458098e-22 0.
1472853104 1 5998.46484375 0. 3.9815487757e-22 0.
1472853164 1 5996.79589844 0. 3.9833493955e-22 0.
1472853224 1 5993.53222656 0. 3.98358827391e-22 0.
1472853285 1 5987.82763672 0. 3.98321819936e-22 0.
1472853345 1 5983.95214844 0. 3.98302458891e-22 0.
1472853405 1 5982.51025391 0. 3.98484356132e-22 0.
1472853465 1 5977.32226562 0. 3.9829058626e-22 0.
1472853525 1 5973.55078125 0. 3.98402359899e-22 0.
1472853585 1 5967.58154297 0. 3.98248354829e-22 0.
1472853645 1 5966.98291016 0. 3.98461928258e-22 0.
1472853706 1 5963.77880859 0. 3.98580876519e-22 0.
1472853766 1 5957.38574219 0. 3.9836642379e-22 0.
1472853826 1 5953.13525391 0. 3.98390800267e-22 0.
1472853886 1 5953.37548828 0. 3.98691431227e-22 0.
1472853946 1 5948.21435547 0. 3.98568522672e-22 0.
1472854006 1 5946.50341797 0. 3.98664788383e-22 0.
1472854066 1 5942.91357422 0. 3.98609359899e-22 0.
1472854126 1 5937.99658203 0. 3.98612202071e-22 0.
1472854186 1 5934.10351562 0. 3.9858183164e-22 0.
1472854247 1 5932.89550781 0. 3.98681258817e-22 0.
1472854307 1 5927.02001953 0. 3.98501594358e-22 0.
1472854367 1 5923.08496094 0. 3.98353397071e-22 0.
1472854427 1 5920.24316406 0. 3.98481103875e-22 0.
1472854487 1 5914.67236328 0. 3.98325707924e-22 0.
1472854547 1 5915.18994141 0. 3.98812595742e-22 0.
1472854607 1 5910.74267578 0. 3.98885926969e-22 0.
1472854667 1 5905.04345703 0. 3.9875580047e-22 0.
1472854728 1 5903.31054688 0. 3.98844142603e-22 0.
1472854788 1 5899.62548828 0. 3.98820060632e-22 0.
1472854848 1 5893.46972656 0. 3.98615787235e-22 0.
1472854908 1 5894.61083984 0. 3.98876220334e-22 0.
1472854968 1 5888.91015625 0. 3.98830889424e-22 0.
1472855028 1 5884.68115234 0. 3.98791519918e-22 0.
1472855088 1 5884.13964844 0. 3.99010230909e-22 0.
1472855148 1 5876.24804688 0. 3.98670743199e-22 0.
1472855209 1 5874.66943359 0. 3.98819661048e-22 0.
1472855269 1 5870.26416016 0. 3.98861260968e-22 0.
1472855327 1 5867.80957031 0. 3.9872139892e-22 0.
1472855386 1 5865.07861328 0. 3.98881320727e-22 0.
1472855447 1 5862.45849609 0. 3.99113922466e-22 0.
1472855507 1 5854.42529297 0. 3.98739025472e-22 0.
1472855567 1 5853.20751953 0. 3.9887510578e-22 0.
1472855627 1 5849.28662109 0. 3.98863360328e-22 0.
1472855687 1 5843.88574219 0. 3.98757578853e-22 0.
1472855747 1 5842.04150391 0. 3.98934888047e-22 0.
1472855807 1 5838.79833984 0. 3.98899758998e-22 0.
1472855867 1 5836.01757812 0. 3.98873029401e-22 0.
1472855928 1 5832.56884766 0. 3.98746151621e-22 0.
1472855983 1 5827.77099609 0. 3.98628685261e-22 0.
1472856039 1 5825.19091797 0. 3.98756626801e-22 0.
1472856080 1 5823.54931641 0. 3.98865786552e-22 0.
1472856122 1 5821.47607422 0. 3.99001833127e-22 0.
1472856182 1 5815.86816406 0. 3.98926928467e-22 0.
1472856242 1 5811.69091797 0. 3.98785173371e-22 0.
1472856302 1 5809.91015625 0. 3.98929995172e-22 0.
1472856362 1 5804.20751953 0. 3.98839639904e-22 0.
1472856422 1 5803.99658203 0. 3.99098627102e-22 0.
1472856482 1 5798.02539062 0. 3.98932986614e-22 0.
1472856542 1 5793.84863281 0. 3.98985119605e-22 0.
1472856603 1 5790.93896484 0. 3.98952113746e-22 0.
1472856663 1 5790.46484375 0. 3.99246918225e-22 0.
1472856723 1 5785.41894531 0. 3.99102899037e-22 0.
1472856783 1 5781.71191406 0. 3.99116964662e-22 0.
1472856835 1 5779.80175781 0. 3.99241651812e-22 0.
1472856877 1 5776.34912109 0. 3.99245685237e-22 0.
1472856927 1 5774.61035156 0. 3.99281742519e-22 0.
1472856987 1 5769.39941406 0. 3.99242120326e-22 0.
1472857048 1 5766.88720703 0. 3.9933095933e-22 0.
1472857108 1 5763.23095703 0. 3.99422141661e-22 0.
1472857168 1 5759.26708984 0. 3.99206798264e-22 0.
1472857228 1 5754.74072266 0. 3.99157870221e-22 0.
1472857288 1 5752.57519531 0. 3.99201294846e-22 0.
1472857348 1 5655.68798828 0. 3.92639731018e-22 0.
1472857408 1 5529.43798828 0. 3.84081423565e-22 0.
1472857468 1 5746.89355469 0. 3.99522720039e-22 0.
1472857529 1 5748.21240234 0. 3.99967501428e-22 0.
1472857589 1 5744.23974609 0. 3.99945648715e-22 0.
1472857649 1 5742.00097656 0. 4.00167576216e-22 0.
1472857709 1 5736.60107422 0. 3.99990419124e-22 0.
1472857769 1 5733.67431641 0. 4.00016671639e-22 0.
1472857829 1 5731.69677734 0. 4.00186944565e-22 0.
1472857889 1 5728.11669922 0. 4.00270883126e-22 0.
1472857950 1 5724.47314453 0. 4.0020356689e-22 0.
1472858010 1 5719.97412109 0. 4.00223664376e-22 0.
1472858070 1 5714.14794922 0. 4.00041660507e-22 0.
1472858130 1 5710.42675781 0. 4.00122357266e-22 0.
1472858190 1 5709.00732422 0. 4.00237946732e-22 0.
1472858250 1 5706.36132812 0. 4.00267065876e-22 0.
1472858310 1 5700.88134766 0. 4.00139436459e-22 0.
1472858370 1 5698.66113281 0. 4.00255537394e-22 0.
1472858431 1 5695.23486328 0. 4.00168643045e-22 0.
1472858491 1 5692.03808594 0. 4.00145830853e-22 0.
1472858551 1 5686.37988281 0. 4.0000160642e-22 0.
1472858611 1 5682.37841797 0. 3.99985873952e-22 0.
1472858671 1 5679.35058594 0. 4.00057100689e-22 0.
1472858731 1 5678.24853516 0. 4.00259635958e-22 0.
1472858791 1 5672.26757812 0. 4.00061625901e-22 0.
1472858851 1 5669.09863281 0. 4.0014144349e-22 0.
1472858911 1 5665.50634766 0. 4.00013836412e-22 0.
1472858972 1 5663.07128906 0. 3.99853157636e-22 0.
1472859032 1 5660.7890625 0. 3.99935981832e-22 0.
1472859092 1 5656.59277344 0. 4.00051389334e-22 0.
1472859152 1 5653.19970703 0. 3.99989800009e-22 0.
1472859212 1 5649.14257812 0. 3.99885189039e-22 0.
1472859272 1 5646.11328125 0. 3.99911013309e-22 0.
1472859332 1 5643.55761719 0. 4.00038677854e-22 0.
1472859393 1 5639.72021484 0. 4.00075359154e-22 0.
1472859453 1 5636.36279297 0. 4.00112763068e-22 0.
1472859513 1 5633.10449219 0. 4.00163564128e-22 0.
1472859573 1 5629.92919922 0. 4.00293887308e-22 0.
1472859633 1 5626.20898438 0. 4.00131863776e-22 0.
1472859693 1 5624.77978516 0. 4.00337617843e-22 0.
1472859753 1 5619.11523438 0. 4.0027728761e-22 0.
1472859813 1 5615.04443359 0. 4.0019720516e-22 0.
1472859874 1 5612.45654297 0. 4.00132877457e-22 0.
1472859934 1 5609.34472656 0. 4.00268066314e-22 0.
1472859994 1 5608.06884766 0. 4.00481483621e-22 0.
1472860054 1 5603.6640625 0. 4.00484754494e-22 0.
1472860114 1 5598.515625 0. 4.00277903539e-22 0.
1472860174 1 5596.86669922 0. 4.00482802972e-22 0.
1472860234 1 5592.81689453 0. 4.00433065932e-22 0.
1472860295 1 5586.546875 0. 4.00275053339e-22 0.
1472860355 1 5586.36083984 0. 4.00706560369e-22 0.
1472860415 1 5582.890625 0. 4.00709513041e-22 0.
1472860475 1 5579.67675781 0. 4.00701222335e-22 0.
1472860535 1 5577.6875 0. 4.00899483825e-22 0.
1472860595 1 5572.57763672 0. 4.00789824499e-22 0.
1472860655 1 5570.99267578 0. 4.00866183434e-22 0.
1472860715 1 5567.48583984 0. 4.00738190289e-22 0.
1472860776 1 5563.47119141 0. 4.00775731042e-22 0.
1472860836 1 5561.46923828 0. 4.01018881255e-22 0.
1472860896 1 5558.50244141 0. 4.01046680303e-22 0.
1472860956 1 5555.46875 0. 4.010797874e-22 0.
1472861016 1 5552.52099609 0. 4.01159921696e-22 0.
1472861076 1 5547.97900391 0. 4.01140549341e-22 0.
1472861136 1 5543.63525391 0. 4.0110601261e-22 0.
1472861196 1 5541.61767578 0. 4.01216631807e-22 0.
1472861257 1 5537.41503906 0. 4.01092572402e-22 0.
1472861317 1 5535.05322266 0. 4.01172151599e-22 0.
1472861377 1 5531.94384766 0. 4.01221044203e-22 0.
1472861437 1 5527.65917969 0. 4.01151579203e-22 0.
1472861497 1 5526.22167969 0. 4.01305433189e-22 0.
1472861557 1 5520.40234375 0. 4.01086028943e-22 0.
1472861617 1 5516.97070312 0. 4.01222002141e-22 0.
1472861678 1 5515.11621094 0. 4.01252745961e-22 0.
1472861738 1 5510.68554688 0. 4.01239033749e-22 0.
1472861798 1 5507.57568359 0. 4.0125511617e-22 0.
1472861858 1 5504.86572266 0. 4.01273689291e-22 0.
1472861918 1 5498.10351562 0. 4.01164346225e-22 0.
1472861978 1 5495.97412109 0. 4.01219257002e-22 0.
1472862038 1 5494.30859375 0. 4.01294765629e-22 0.
1472862098 1 5490.75439453 0. 4.01276621807e-22 0.
1472862159 1 5487.50048828 0. 4.01400561773e-22 0.
1472862219 1 5483.48046875 0. 4.01268881037e-22 0.
1472862279 1 5481.93066406 0. 4.01423509061e-22 0.
1472862339 1 5481.27099609 0. 4.01587452712e-22 0.
1472862399 1 5476.54589844 0. 4.01514176356e-22 0.
1472862459 1 5473.07714844 0. 4.01512517561e-22 0.
1472862519 1 5471.59619141 0. 4.01764407425e-22 0.
1472862579 1 5469.03417969 0. 4.01907756857e-22 0.
1472862639 1 5463.93261719 0. 4.0174688479e-22 0.
1472862700 1 5460.92529297 0. 4.01748776952e-22 0.
1472862760 1 5459.62792969 0. 4.01774106299e-22 0.
1472862820 1 5455.96289062 0. 4.01841501549e-22 0.
1472862880 1 5452.32177734 0. 4.01811144205e-22 0.
1472862940 1 5446.73144531 0. 4.0166280604e-22 0.
1472863000 1 5444.69335938 0. 4.01731430252e-22 0.
1472863060 1 5441.90185547 0. 4.01681403316e-22 0.
1472863121 1 5437.80908203 0. 4.01654188371e-22 0.
1472863181 1 5434.00390625 0. 4.01604900232e-22 0.
1472863241 1 5431.65185547 0. 4.01753351762e-22 0.
1472863301 1 5425.69384766 0. 4.01472202396e-22 0.
1472863361 1 5424.50048828 0. 4.01611329274e-22 0.
1472863421 1 5421.76513672 0. 4.01639728672e-22 0.
1472863481 1 5418.75927734 0. 4.015221614e-22 0.
1472863541 1 5414.54785156 0. 4.01559391426e-22 0.
1472863602 1 5410.44628906 0. 4.01617007029e-22 0.
1472863662 1 5409.01708984 0. 4.01704946501e-22 0.
1472863722 1 5405.20751953 0. 4.01754021594e-22 0.
1472863782 1 5400.86572266 0. 4.01696565876e-22 0.
1472863842 1 5397.9375 0. 4.01574535579e-22 0.
1472863902 1 5394.73876953 0. 4.01661007041e-22 0.
1472863962 1 5390.18847656 0. 4.01689916324e-22 0.
1472864023 1 5387.97851562 0. 4.01727749218e-22 0.
1472864083 1 5385.76513672 0. 4.01540846084e-22 0.
1472864143 1 5382.36962891 0. 4.01847640433e-22 0.
1472864203 1 5379.68408203 0. 4.01942266811e-22 0.
1472864263 1 5375.04248047 0. 4.01874369759e-22 0.
1472864323 1 5371.15332031 0. 4.01742559927e-22 0.
1472864383 1 5369.37353516 0. 4.01849220289e-22 0.
1472864443 1 5365.9375 0. 4.01865860157e-22 0.
1472864503 1 5363.16064453 0. 4.02037550517e-22 0.
1472864564 1 5359.80371094 0. 4.02087571367e-22 0.
1472864624 1 5355.30175781 0. 4.01957041788e-22 0.
1472864684 1 5352.77636719 0. 4.02018594303e-22 0.
1472864744 1 5347.36767578 0. 4.0169534883e-22 0.
1472864804 1 5345.69775391 0. 4.01903514795e-22 0.
1472864864 1 5343.23730469 0. 4.01849556068e-22 0.
1472864924 1 5338.19921875 0. 4.01678628725e-22 0.
1472864984 1 5336.30761719 0. 4.01769898259e-22 0.
1472865045 1 5333.24511719 0. 4.0175330965e-22 0.
1472865105 1 5329.46533203 0. 4.01766407686e-22 0.
1472865165 1 5327.07421875 0. 4.018644478e-22 0.
1472865225 1 5321.89257812 0. 4.01762843833e-22 0.
1472865285 1 5321.71533203 0. 4.02075240361e-22 0.
1472865345 1 5319.26025391 0. 4.02172963887e-22 0.
1472865405 1 5315.27490234 0. 4.01995550008e-22 0.
1472865466 1 5314.63574219 0. 4.02176306341e-22 0.
1472865526 1 5309.59130859 0. 4.02159603859e-22 0.
1472865586 1 5307.65429688 0. 4.0216303389e-22 0.
1472865646 1 5302.3828125 0. 4.018543072e-22 0.
1472865706 1 5299.79833984 0. 4.01817988006e-22 0.
1472865766 1 5295.73144531 0. 4.01639015657e-22 0.
1472865826 1 5293.29589844 0. 4.01850806604e-22 0.
1472865886 1 5289.56933594 0. 4.01889084217e-22 0.
1472865946 1 5287.9375 0. 4.02154725299e-22 0.
1472866007 1 5284.84423828 0. 4.02033674007e-22 0.
1472866067 1 5281.40673828 0. 4.02015778104e-22 0.
1472866127 1 5279.25830078 0. 4.02207933544e-22 0.
1472866187 1 5276.00390625 0. 4.02223312155e-22 0.
1472866247 1 5273.90234375 0. 4.02176245914e-22 0.
1472866307 1 5271.71875 0. 4.02187222355e-22 0.
1472866367 1 5269.08935547 0. 4.02356839078e-22 0.
1472866428 1 5268.44775391 0. 4.02691543832e-22 0.
1472866488 1 5263.99414062 0. 4.02757677102e-22 0.
1472866548 1 5261.53564453 0. 4.02838089245e-22 0.
1472866608 1 5219.92871094 0. 3.99872527635e-22 0.
1472866668 1 5090.68798828 0. 3.90109061583e-22 0.
1472866728 1 5173.12011719 0. 3.96671049718e-22 0.
1472866788 1 5254.53173828 0. 4.03176695445e-22 0.
1472866848 1 5252.02001953 0. 4.03250419377e-22 0.
1472866908 1 5248.21142578 0. 4.03189289201e-22 0.
1472866969 1 5244.67382812 0. 4.0318602957e-22 0.
1472867029 1 5242.78710938 0. 4.03391384552e-22 0.
1472867089 1 5238.80615234 0. 4.03334094309e-22 0.
1472867149 1 5235.21630859 0. 4.03294539411e-22 0.
1472867209 1 5233.92675781 0. 4.03403000959e-22 0.
1472867269 1 5229.44921875 0. 4.03279490133e-22 0.
1472867329 1 5225.96484375 0. 4.03188010055e-22 0.
1472867390 1 5223.17431641 0. 4.03215769569e-22 0.
1472867450 1 5219.74560547 0. 4.03133971118e-22 0.
1472867510 1 5217.6875 0. 4.0324016303e-22 0.
1472867570 1 5214.06689453 0. 4.03269456284e-22 0.
1472867630 1 5212.02978516 0. 4.03329627192e-22 0.
1472867690 1 5208.68457031 0. 4.03478239317e-22 0.
1472867750 1 5204.328125 0. 4.0339043298e-22 0.
1472867810 1 5201.93457031 0. 4.03450934044e-22 0.
1472867871 1 5200.33789062 0. 4.03345932989e-22 0.
1472867931 1 5197.61035156 0. 4.03470072686e-22 0.
1472867991 1 5193.34130859 0. 4.03407513558e-22 0.
1472868051 1 5190.80419922 0. 4.0342063145e-22 0.
1472868111 1 5189.67578125 0. 4.03656377304e-22 0.
1472868171 1 5186.99023438 0. 4.03722358711e-22 0.
1472868231 1 5181.94921875 0. 4.03440330271e-22 0.
1472868291 1 5178.18847656 0. 4.03503147478e-22 0.
1472868352 1 5175.66308594 0. 4.03536140046e-22 0.
1472868412 1 5174.69873047 0. 4.03684993681e-22 0.
1472868472 1 5172.66748047 0. 4.03663908136e-22 0.
1472868532 1 5168.09619141 0. 4.03441911187e-22 0.
1472868592 1 5166.47509766 0. 4.03608553815e-22 0.
1472868652 1 5163.38574219 0. 4.03622057947e-22 0.
1472868712 1 5159.64941406 0. 4.03663299362e-22 0.
1472868772 1 5155.95117188 0. 4.0361884753e-22 0.
1472868833 1 5153.64599609 0. 4.03527558711e-22 0.
1472868893 1 5150.35205078 0. 4.03481919879e-22 0.
1472868953 1 5148.50878906 0. 4.03605229822e-22 0.
1472869013 1 5145.46337891 0. 4.03680184318e-22 0.
1472869073 1 5143.19873047 0. 4.03758075842e-22 0.
1472869133 1 5140.69287109 0. 4.03779524563e-22 0.
1472869193 1 5137.39648438 0. 4.03830099081e-22 0.
1472869253 1 5133.72607422 0. 4.03819570205e-22 0.
1472869314 1 5131.91552734 0. 4.03963422635e-22 0.
1472869374 1 5128.35009766 0. 4.04004033285e-22 0.
1472869434 1 5125.74609375 0. 4.04059639581e-22 0.
1472869494 1 5123.42871094 0. 4.04189443118e-22 0.
1472869554 1 5118.59765625 0. 4.03964859378e-22 0.
1472869614 1 5116.69189453 0. 4.04025232272e-22 0.
1472869674 1 5113.77050781 0. 4.04018286844e-22 0.
1472869734 1 5109.96923828 0. 4.03947010379e-22 0.
1472869795 1 5108.32861328 0. 4.04112308719e-22 0.
1472869855 1 5105.79003906 0. 4.04017887102e-22 0.
1472869915 1 5102.07617188 0. 4.04024247363e-22 0.
1472869975 1 5100.76416016 0. 4.04170664251e-22 0.
1472870035 1 5094.29150391 0. 4.03946403415e-22 0.
1472870095 1 5093.03125 0. 4.04112936099e-22 0.
1472870155 1 5090.76269531 0. 4.04182138493e-22 0.
1472870215 1 5087.04394531 0. 4.0405122773e-22 0.
1472870275 1 5084.49462891 0. 4.04211583646e-22 0.
1472870336 1 5081.2734375 0. 4.04205635981e-22 0.
1472870396 1 5079.25488281 0. 4.04159631799e-22 0.
1472870456 1 5075.43164062 0. 4.04099781933e-22 0.
1472870516 1 5011.52587891 0. 3.99328256762e-22 0.
1472870576 1 4940.93017578 0. 3.93927166219e-22 0.
1472870636 1 4867.45166016 0. 3.88405885023e-22 0.
1472870696 1 4862.00585938 0. 3.88206380249e-22 0.
1472870756 1 4869.74072266 0. 3.89105154242e-22 0.
1472870816 1 4866.70117188 0. 3.89044063724e-22 0.
1472870877 1 4863.96728516 0. 3.8897670065e-22 0.
1472870929 1 4861.38720703 0. 3.88998656884e-22 0.
1472870981 1 4859.82226562 0. 3.89080950201e-22 0.
1472871042 1 4858.91992188 0. 3.89794393644e-22 0.
1472871102 1 4855.05810547 0. 3.89148261922e-22 0.
1472871162 1 4852.30957031 0. 3.89206421978e-22 0.
1472871222 1 4849.82080078 0. 3.89163477958e-22 0.
1472871282 1 4847.67138672 0. 3.89161420947e-22 0.
1472871342 1 4845.96044922 0. 3.89319052045e-22 0.
1472871402 1 4842.20410156 0. 3.89250778167e-22 0.
1472871463 1 4840.52587891 0. 3.89256751808e-22 0.
1472871523 1 4838.625 0. 3.89456113588e-22 0.
1472871583 1 4836.13134766 0. 3.89469378453e-22 0.
1472871643 1 4833.96972656 0. 3.89558733046e-22 0.
1472871703 1 4830.32519531 0. 3.89436726375e-22 0.
1472871763 1 4827.85449219 0. 3.89415909027e-22 0.
1472871823 1 4826.29882812 0. 3.89577986934e-22 0.
1472871884 1 4824.23388672 0. 3.89617956596e-22 0.
1472871944 1 4821.69140625 0. 3.89580133204e-22 0.
1472872004 1 4821.44433594 0. 3.89805509628e-22 0.
1472872064 1 4816.09472656 0. 3.89565390983e-22 0.
1472872124 1 4811.83203125 0. 3.89485026825e-22 0.
1472872184 1 4811.75341797 0. 3.89650851185e-22 0.
1472872244 1 4808.80859375 0. 3.89671847587e-22 0.
1472872305 1 4806.38134766 0. 3.89722610501e-22 0.
1472872365 1 4803.72021484 0. 3.89671202716e-22 0.
1472872425 1 4801.30566406 0. 3.89738102784e-22 0.
1472872485 1 4798.19238281 0. 3.89750902559e-22 0.
1472872545 1 4795.95263672 0. 3.89885605322e-22 0.
1472872605 1 4795.20410156 0. 3.90078421173e-22 0.
1472872665 1 4791.33056641 0. 3.89981641357e-22 0.
1472872725 1 4790.55224609 0. 3.90145359396e-22 0.
1472872786 1 4787.953125 0. 3.90015877389e-22 0.
1472872846 1 4785.77197266 0. 3.90075966049e-22 0.
1472872906 1 4784.56835938 0. 3.90209144408e-22 0.
1472872966 1 4782.78222656 0. 3.90283403129e-22 0.
1472873026 1 4780.58447266 0. 3.90340720972e-22 0.
1472873086 1 4777.05419922 0. 3.90236933362e-22 0.
1472873146 1 4746.14990234 0. 3.87969365503e-22 0.
1472873206 1 4636.64355469 0. 3.79172128986e-22 0.
1472873267 1 4690.89599609 0. 3.83932193295e-22 0.
1472873327 1 4769.89013672 0. 3.90584849972e-22 0.
1472873387 1 4767.43847656 0. 3.90639949434e-22 0.
1472873447 1 4762.140625 0. 3.90370305592e-22 0.
1472873507 1 4760.56298828 0. 3.90422029245e-22 0.
1472873567 1 4759.56152344 0. 3.90562971363e-22 0.
1472873627 1 4756.47802734 0. 3.9064388934e-22 0.
1472873688 1 4753.49755859 0. 3.90649695679e-22 0.
1472873748 1 4752.75537109 0. 3.90862219393e-22 0.
1472873808 1 4749.86376953 0. 3.90752941429e-22 0.
1472873868 1 4748.07421875 0. 3.90902416994e-22 0.
1472873928 1 4744.91357422 0. 3.90867201877e-22 0.
1472873988 1 4742.92333984 0. 3.90923046442e-22 0.
1472874048 1 4742.49365234 0. 3.91035307014e-22 0.
1472874108 1 4738.36132812 0. 3.90934157303e-22 0.
1472874169 1 4735.90039062 0. 3.90994010852e-22 0.
1472874229 1 4734.06298828 0. 3.91056868725e-22 0.
1472874289 1 4729.87939453 0. 3.90859691619e-22 0.
1472874349 1 4727.94482422 0. 3.91024869284e-22 0.
1472874409 1 4724.91455078 0. 3.91128646145e-22 0.
1472874469 1 4724.64111328 0. 3.91306751951e-22 0.
1472874529 1 4722.55273438 0. 3.91378510504e-22 0.
1472874589 1 4721.86328125 0. 3.91547531457e-22 0.
1472874650 1 4716.89648438 0. 3.91389248313e-22 0.
1472874710 1 4712.50927734 0. 3.91299708464e-22 0.
1472874770 1 4713.28173828 0. 3.91430749713e-22 0.
1472874830 1 4711.68896484 0. 3.91371141599e-22 0.
1472874890 1 4707.97460938 0. 3.91350680583e-22 0.
1472874950 1 4705.93310547 0. 3.91357398949e-22 0.
1472875010 1 4705.09863281 0. 3.915939831e-22 0.
1472875071 1 4704.45507812 0. 3.91729554419e-22 0.
1472875131 1 4701.64990234 0. 0.0 0.
1472875166 1 4700.01367188 0. 3.91831552404e-22 0.
1472875201 1 4698.37695312 0. 3.91756722596e-22 0.
1472875261 1 4693.31835938 0. 3.91673579736e-22 0.
1472875321 1 4692.26220703 0. 3.91838589263e-22 0.
1472875381 1 4690.52783203 0. 3.91751589514e-22 0.
1472875441 1 4686.92822266 0. 3.91756728935e-22 0.
1472875501 1 4685.93310547 0. 3.91912597941e-22 0.
1472875562 1 4685.87304688 0. 3.92184354643e-22 0.
1472875622 1 4682.97265625 0. 3.92078617776e-22 0.
1472875682 1 4681.02148438 0. 3.92275130534e-22 0.
1472875742 1 4677.67138672 0. 3.92205322446e-22 0.
1472875802 1 4676.41845703 0. 3.9228494371e-22 0.
1472875862 1 4672.33056641 0. 3.921762847e-22 0.
1472875922 1 4667.72900391 0. 3.92001989783e-22 0.
1472875983 1 4667.421875 0. 3.92246353437e-22 0.
1472876043 1 4664.39306641 0. 3.92186206534e-22 0.
1472876103 1 4661.35253906 0. 3.92152489509e-22 0.
1472876163 1 4660.47070312 0. 3.92238986841e-22 0.
1472876223 1 4657.57080078 0. 3.92261175629e-22 0.
1472876283 1 4656.23291016 0. 3.92412677106e-22 0.
1472876343 1 4654.13183594 0. 3.92374639977e-22 0.
1472876403 1 4651.47070312 0. 3.92389612199e-22 0.
1472876464 1 4648.48046875 0. 3.92417718592e-22 0.
1472876524 1 4645.57958984 0. 3.92409393954e-22 0.
1472876584 1 4642.27978516 0. 3.92312805032e-22 0.
1472876644 1 4640.38867188 0. 3.92468457838e-22 0.
1472876704 1 4638.46386719 0. 3.92539691041e-22 0.
1472876764 1 4637.84326172 0. 3.92818319581e-22 0.
1472876824 1 4633.56982422 0. 3.92639320785e-22 0.
1472876884 1 4630.25732422 0. 3.92574283301e-22 0.
1472876944 1 4627.01611328 0. 3.9252031021e-22 0.
1472877004 1 4627.73242188 0. 3.92854402042e-22 0.
1472877065 1 4626.16259766 0. 3.92892417477e-22 0.
1472877125 1 4623.12451172 0. 3.92793775014e-22 0.
1472877185 1 4622.06689453 0. 3.92995185611e-22 0.
1472877245 1 4620.56884766 0. 3.931241247e-22 0.
1472877305 1 4618.07275391 0. 3.93160544105e-22 0.
1472877365 1 4614.52490234 0. 3.92994414618e-22 0.
1472877425 1 4612.30322266 0. 3.92961480457e-22 0.
1472877485 1 4610.66357422 0. 3.9305569506e-22 0.
1472877546 1 4608.27392578 0. 3.93062018174e-22 0.
1472877606 1 4605.75732422 0. 3.93111551558e-22 0.
1472877666 1 4603.00439453 0. 3.93150525352e-22 0.
1472877726 1 4600.79345703 0. 3.93163986491e-22 0.
1472877786 1 4597.55175781 0. 3.931420212e-22 0.
1472877846 1 4595.61181641 0. 3.93228319454e-22 0.
1472877906 1 4592.72949219 0. 3.93190755165e-22 0.
1472877966 1 4592.07714844 0. 3.93283282218e-22 0.
1472878026 1 4590.3046875 0. 3.93357903528e-22 0.
1472878087 1 4586.95947266 0. 3.93362612526e-22 0.
1472878147 1 4584.34375 0. 3.93443394815e-22 0.
1472878207 1 4581.79296875 0. 3.93497897093e-22 0.
1472878267 1 4580.52734375 0. 3.9350334925e-22 0.
1472878327 1 4578.32128906 0. 3.93535812261e-22 0.
1472878387 1 4574.06933594 0. 3.9346662982e-22 0.
1472878448 1 4572.75927734 0. 3.93557667488e-22 0.
1472878508 1 4570.06933594 0. 3.9357498396e-22 0.
1472878568 1 4568.35302734 0. 3.93674848036e-22 0.
1472878628 1 4566.97558594 0. 3.93841955614e-22 0.
1472878688 1 4566.43359375 0. 3.93996890868e-22 0.
1472878748 1 4562.83496094 0. 3.93906845022e-22 0.
1472878808 1 4560.22802734 0. 3.93977120291e-22 0.
1472878868 1 4558.41650391 0. 3.94087753207e-22 0.
1472878928 1 4556.75927734 0. 3.9421875025e-22 0.
1472878989 1 4551.76220703 0. 3.93988671546e-22 0.
1472879049 1 4551.00634766 0. 3.94054518984e-22 0.
1472879109 1 4548.93212891 0. 3.94094814523e-22 0.
1472879169 1 4545.77246094 0. 3.94061572824e-22 0.
1472879229 1 4544.45898438 0. 3.94297124538e-22 0.
1472879289 1 4542.47167969 0. 3.94266789906e-22 0.
1472879349 1 4538.32714844 0. 3.94093866922e-22 0.
1472879410 1 4535.05126953 0. 3.94149029788e-22 0.
1472879470 1 4533.36230469 0. 3.94276231339e-22 0.
1472879530 1 4531.86621094 0. 3.94430919257e-22 0.
1472879590 1 4531.25830078 0. 3.94594566225e-22 0.
1472879650 1 4529.50976562 0. 3.94589031282e-22 0.
1472879710 1 4525.98291016 0. 3.94568286572e-22 0.
1472879770 1 4524.46630859 0. 3.94728651864e-22 0.
1472879831 1 4521.61425781 0. 3.94643120914e-22 0.
1472879891 1 4517.75048828 0. 3.94470286205e-22 0.
1472879951 1 4517.87988281 0. 3.94677198405e-22 0.
1472880011 1 4515.39355469 0. 3.94795027058e-22 0.
1472880071 1 4511.00585938 0. 3.94582964295e-22 0.
1472880131 1 4511.05859375 0. 3.94783705813e-22 0.
1472880191 1 4510.88183594 0. 3.94981941359e-22 0.
1472880251 1 4506.34179688 0. 3.94805801826e-22 0.
1472880312 1 4506.48095703 0. 3.95030976682e-22 0.
1472880372 1 4504.22998047 0. 3.95164188513e-22 0.
1472880432 1 4501.82519531 0. 3.95171257974e-22 0.
1472880492 1 4498.38525391 0. 3.95113414013e-22 0.
1472880552 1 4495.87744141 0. 3.95101844941e-22 0.
1472880612 1 4496.09960938 0. 3.95222171962e-22 0.
1472880672 1 4491.10449219 0. 3.95057292224e-22 0.
1472880733 1 4490.99121094 0. 3.95395261404e-22 0.
1472880793 1 4487.73046875 0. 3.95397248177e-22 0.
1472880853 1 4485.73828125 0. 3.95401975286e-22 0.
1472880913 1 4483.06396484 0. 3.95377455017e-22 0.
1472880973 1 4481.40820312 0. 3.95345359547e-22 0.
1472881033 1 4477.43408203 0. 3.95211106835e-22 0.
1472881093 1 4476.42675781 0. 3.95419160072e-22 0.
1472881153 1 4473.25048828 0. 3.954495637e-22 0.
1472881213 1 4470.42089844 0. 3.95482254434e-22 0.
1472881274 1 4469.12158203 0. 3.95595467325e-22 0.
1472881334 1 4465.72021484 0. 3.95549491798e-22 0.
1472881394 1 4464.63232422 0. 3.9563002882e-22 0.
1472881454 1 4461.26660156 0. 3.95488336859e-22 0.
1472881514 1 4461.20019531 0. 3.95662841263e-22 0.
1472881574 1 4459.07324219 0. 3.95860871813e-22 0.
1472881634 1 4455.95361328 0. 3.95774840485e-22 0.
1472881695 1 4453.40917969 0. 3.95782768258e-22 0.
1472881755 1 4452.42431641 0. 3.95947434064e-22 0.
1472881815 1 4449.42822266 0. 3.95934346877e-22 0.
1472881875 1 4447.69042969 0. 3.96024763556e-22 0.
1472881935 1 4446.43310547 0. 3.96151831286e-22 0.
1472881995 1 4444.02197266 0. 3.96236280857e-22 0.
1472882055 1 4440.859375 0. 3.96090001521e-22 0.
1472882116 1 4390.10839844 0. 3.9179519691e-22 0.
1472882174 1 4304.93554688 0. 3.84437411169e-22 0.
1472882233 1 4375.93261719 0. 3.91033922969e-22 0.
1472882293 1 4434.44384766 0. 3.96353538441e-22 0.
1472882353 1 4433.79052734 0. 3.96611651478e-22 0.
1472882413 1 4431.31640625 0. 3.96664447799e-22 0.
1472882473 1 4429.01171875 0. 3.96606991039e-22 0.
1472882533 1 4426.89257812 0. 3.96591682662e-22 0.
1472882593 1 4425.57617188 0. 3.96729505576e-22 0.
1472882654 1 4422.92285156 0. 3.96694289613e-22 0.
1472882714 1 4420.50146484 0. 3.96742925703e-22 0.
1472882774 1 4416.72802734 0. 3.9652469015e-22 0.
1472882834 1 4415.27197266 0. 3.96599229685e-22 0.
1472882894 1 4411.5 0. 3.96679774862e-22 0.
1472882954 1 4410.76220703 0. 3.96927398269e-22 0.
1472883014 1 4408.17333984 0. 3.96966735131e-22 0.
1472883074 1 4408.1953125 0. 3.97122913767e-22 0.
1472883134 1 4406.33349609 0. 3.9708908929e-22 0.
1472883195 1 4403.07177734 0. 3.971001153e-22 0.
1472883255 1 4400.45751953 0. 3.97027446636e-22 0.
1472883315 1 4399.92041016 0. 3.97215850871e-22 0.
1472883375 1 4396.92138672 0. 3.97164838417e-22 0.
1472883435 1 4394.35839844 0. 3.97086007077e-22 0.
1472883495 1 4393.06347656 0. 3.97205142342e-22 0.
1472883555 1 4391.33251953 0. 3.97229359566e-22 0.
1472883615 1 4388.19628906 0. 3.97206892579e-22 0.
1472883676 1 4386.7578125 0. 3.97403865982e-22 0.
1472883736 1 4386.12646484 0. 3.97518949961e-22 0.
1472883796 1 4384.55712891 0. 3.97608996234e-22 0.
1472883856 1 4381.91650391 0. 3.97687483292e-22 0.
1472883916 1 4379.50244141 0. 3.97673645112e-22 0.
1472883976 1 4375.94726562 0. 3.97504468054e-22 0.
1472884036 1 4374.51708984 0. 3.9765476764e-22 0.
1472884097 1 4371.98046875 0. 3.97636388603e-22 0.
1472884157 1 4369.69677734 0. 3.97689847823e-22 0.
1472884217 1 4368.63623047 0. 3.97865220443e-22 0.
1472884277 1 4366.90039062 0. 3.97979819304e-22 0.
1472884337 1 4363.52734375 0. 3.97848202034e-22 0.
1472884397 1 4363.42236328 0. 3.978163294e-22 0.
1472884457 1 4360.36669922 0. 3.97753903373e-22 0.
1472884518 1 4357.23925781 0. 3.97756392324e-22 0.
1472884578 1 4356.41796875 0. 3.97971584296e-22 0.
1472884638 1 4352.24316406 0. 3.97742187238e-22 0.
1472884698 1 4351.53417969 0. 3.97790748898e-22 0.
1472884758 1 2345.77099609 0. 0.0 0.
1472884793 1 1175.49328613 0. 1.07567655246e-22 0.
1472884828 1 0.133923262358 0. 0.0 0.
1472884889 1 0.124211214483 0. 0.0 0.
1472884949 1 0.118827395141 0. 0.0 0.
1472885009 1 0.115524925292 0. 0.0 0.
1472885069 1 0.11332064867 0. 0.0 0.
1472885129 1 0.111946538091 0. 0.0 0.
1472885189 1 0.110568702221 0. 0.0 0.
1472888087 1 0.110568702221 0. 3.44155534821e-25 0.
