1472894436 1 11652.6777344 0. 4.64252258886e-22 0.
1472894496 1 11630.0087891 0. 4.63920355094e-22 0.
1472894546 1 11616.5429688 0. 4.63932992189e-22 0.
1472894595 1 11588.0097656 0. 4.63285424322e-22 0.
1472894642 1 11570.2929688 0. 4.62844538919e-22 0.
1472894689 1 11549.8125 0. 4.62338622884e-22 0.
1472894749 1 11512.3867188 0. 4.61685502746e-22 0.
1472894809 1 11495.0957031 0. 4.61925923587e-22 0.
1472894870 1 11448.9863281 0. 4.60458112036e-22 0.
1472894930 1 11427.9228516 0. 4.60078079075e-22 0.
1472894990 1 11409.6337891 0. 4.60005096139e-22 0.
1472895050 1 11370.3222656 0. 4.59214924851e-22 0.
1472895110 1 11369.5371094 0. 4.59607570083e-22 0.
1472895170 1 11324.0273438 0. 4.58333969488e-22 0.
1472895230 1 11308.8857422 0. 4.58233533803e-22 0.
1472895290 1 11289.6464844 0. 4.58150319813e-22 0.
1472895351 1 11240.8710938 0. 4.56294783761e-22 0.
1472895411 1 11231.5820312 0. 4.56477681264e-22 0.
1472895471 1 11178.5419922 0. 4.54966731752e-22 0.
1472895531 1 11162.4785156 0. 4.54841068796e-22 0.
1472895591 1 11134.2910156 0. 4.54356129519e-22 0.
1472895651 1 11098.6015625 0. 4.53444193831e-22 0.
1472895711 1 11076.3134766 0. 4.52944192637e-22 0.
1472895771 1 11061.8515625 0. 4.5268652269e-22 0.
1472895832 1 11061.0898438 0. 4.53082052621e-22 0.
1472895892 1 11012.7197266 0. 4.51540339469e-22 0.
1472895952 1 11021.6796875 0. 4.52415054394e-22 0.
1472896012 1 10966.2070312 0. 4.5058613204e-22 0.
1472896072 1 10943.8271484 0. 4.5045454955e-22 0.
1472896132 1 10922.5908203 0. 4.49837019716e-22 0.
1472896193 1 10881.1181641 0. 4.48528902172e-22 0.
1472896249 1 10867.3398438 0. 4.48543898966e-22 0.
1472896305 1 10793.6865234 0. 4.46037110242e-22 0.
1472896365 1 10790.5087891 0. 4.46442620194e-22 0.
1472896425 1 10785.2109375 0. 4.46715790264e-22 0.
1472896485 1 10732.7080078 0. 4.44985387476e-22 0.
1472896545 1 10745.4785156 0. 4.45968959484e-22 0.
1472896592 1 10686.9541016 0. 4.43938497447e-22 0.
1472896639 1 10701.3251953 0. 4.44826840956e-22 0.
1472896699 1 10477.953125 0. 4.36028536043e-22 0.
1472896759 1 10410.875 0. 4.33594645836e-22 0.
1472896819 1 11123.5585938 0. 4.63905061676e-22 0.
1472896855 1 11118.1474609 0. 4.64024308713e-22 0.
1472896891 1 11105.8447266 0. 4.63829074397e-22 0.
1472896951 1 11092.4921875 0. 4.63746112775e-22 0.
1472897012 1 11078.6425781 0. 4.63431054524e-22 0.
1472897072 1 11069.9384766 0. 4.63564286595e-22 0.
1472897132 1 11052.3769531 0. 4.63415394284e-22 0.
1472897192 1 11038.6005859 0. 4.63213562586e-22 0.
1472897252 1 11023.2910156 0. 4.63053672702e-22 0.
1472897312 1 11006.0273438 0. 4.62803904942e-22 0.
1472897372 1 10995.1171875 0. 4.62833992463e-22 0.
1472897431 1 10980.9667969 0. 4.62779066485e-22 0.
1472897490 1 10968.7421875 0. 4.62732594372e-22 0.
1472897550 1 10953.0322266 0. 4.62468937438e-22 0.
1472897610 1 10931.9248047 0. 4.62149458308e-22 0.
1472897661 1 10922.5341797 0. 4.62402897901e-22 0.
1472897713 1 10907.4492188 0. 4.62123849716e-22 0.
1472897773 1 10894.4814453 0. 4.62015066134e-22 0.
1472897833 1 10881.7421875 0. 4.61859150701e-22 0.
1472897893 1 10860.9335938 0. 4.61390134149e-22 0.
1472897954 1 10847.8935547 0. 4.61300612016e-22 0.
1472898014 1 10829.015625 0. 4.61046477578e-22 0.
1472898074 1 10812.9824219 0. 4.60666462472e-22 0.
1472898134 1 10801.0341797 0. 4.60587225557e-22 0.
1472898194 1 10784.3046875 0. 4.60256847124e-22 0.
1472898254 1 10765.8671875 0. 4.6004870784e-22 0.
1472898314 1 10747.328125 0. 4.59867154759e-22 0.
1472898375 1 10744.703125 0. 4.60004373747e-22 0.
1472898435 1 10725.4658203 0. 4.59730275297e-22 0.
1472898495 1 10707.2832031 0. 4.59482434358e-22 0.
1472898555 1 10694.4453125 0. 4.59331210016e-22 0.
1472898615 1 10685.2167969 0. 4.5947405631e-22 0.
1472898675 1 10664.5371094 0. 4.58967150228e-22 0.
1472898735 1 10657.2382812 0. 4.59159389495e-22 0.
1472898796 1 10641.9130859 0. 4.59025456214e-22 0.
1472898856 1 10620.1474609 0. 4.58661693221e-22 0.
1472898916 1 10607.3349609 0. 4.58321137171e-22 0.
1472898976 1 10595.7910156 0. 4.58423779429e-22 0.
1472899036 1 10589.2539062 0. 4.58765003605e-22 0.
1472899096 1 10577.9990234 0. 4.59779215392e-22 0.
1472899156 1 10561.6044922 0. 4.58139385272e-22 0.
1472899216 1 10547.8486328 0. 4.58022910866e-22 0.
1472899251 1 10539.8388672 0. 4.57944824721e-22 0.
1472899286 1 10531.7216797 0. 4.57764914757e-22 0.
1472899346 1 10523.3271484 0. 4.57616156901e-22 0.
1472899406 1 10507.1816406 0. 4.57442633996e-22 0.
1472899466 1 10495.8964844 0. 4.57371305427e-22 0.
1472899526 1 10477.3876953 0. 4.57037192973e-22 0.
1472899587 1 10460.7919922 0. 4.56705227831e-22 0.
1472899647 1 10452.7792969 0. 4.56734704477e-22 0.
1472899707 1 10437.3388672 0. 4.56434951371e-22 0.
1472899767 1 10424.1777344 0. 4.56309738925e-22 0.
1472899827 1 10409.1542969 0. 4.56092312901e-22 0.
1472899887 1 10401.0751953 0. 4.56118602671e-22 0.
1472899947 1 10386.3320312 0. 4.56028147511e-22 0.
1472899983 1 10377.6982422 0. 4.55863798531e-22 0.
1472900018 1 10369.015625 0. 4.55979671407e-22 0.
1472900078 1 10358.3837891 0. 4.5588593184e-22 0.
1472900138 1 10347.0234375 0. 4.55896108872e-22 0.
1472900199 1 10330.7988281 0. 4.55780690984e-22 0.
1472900259 1 10324.4628906 0. 4.55809382314e-22 0.
1472900319 1 10306.4179688 0. 4.55060891459e-22 0.
1472900379 1 10298.1308594 0. 4.55110953365e-22 0.
1472900439 1 10283.6503906 0. 4.55066375081e-22 0.
1472900499 1 10270.7431641 0. 4.54925458517e-22 0.
1472900559 1 10261.3554688 0. 4.54930731177e-22 0.
1472900620 1 10246.6396484 0. 4.54645542636e-22 0.
1472900680 1 10234.8164062 0. 4.5441873377e-22 0.
1472900740 1 10224.4785156 0. 4.54444727181e-22 0.
1472900800 1 10207.1259766 0. 4.54282091491e-22 0.
1472900860 1 10199.5410156 0. 4.54415301579e-22 0.
1472900920 1 10186.2861328 0. 4.54213757816e-22 0.
1472900980 1 10175.0849609 0. 4.54380168143e-22 0.
1472901040 1 10160.4433594 0. 4.5408501415e-22 0.
1472901101 1 10146.1875 0. 4.53980444848e-22 0.
1472901161 1 10124.9296875 0. 4.53519062603e-22 0.
1472901221 1 10114.2265625 0. 4.53398610174e-22 0.
1472901281 1 10101.5 0. 4.53151555892e-22 0.
1472901341 1 10100.34375 0. 4.53209433688e-22 0.
1472901401 1 10090.4130859 0. 4.53040396686e-22 0.
1472901461 1 10078.6816406 0. 4.53202779018e-22 0.
1472901522 1 10064.3076172 0. 4.53076156965e-22 0.
1472901582 1 10052.4511719 0. 4.53118690005e-22 0.
1472901642 1 10043.5166016 0. 4.53054288611e-22 0.
1472901702 1 10030.0644531 0. 4.52974003768e-22 0.
1472901762 1 10016.5302734 0. 4.52778658285e-22 0.
1472901822 1 10008.7509766 0. 4.52862832319e-22 0.
1472901882 1 9996.67089844 0. 4.52666446738e-22 0.
1472901942 1 9980.8828125 0. 4.5232297546e-22 0.
1472902003 1 9971.3828125 0. 4.5232824662e-22 0.
1472902063 1 9965.15820312 0. 4.53991459024e-22 0.
1472902123 1 9954.95117188 0. 4.52257330487e-22 0.
1472902183 1 9941.54589844 0. 4.52182473827e-22 0.
1472902243 1 9710.76757812 0. 4.4227741096e-22 0.
1472902278 1 9576.17871094 0. 4.3618656886e-22 0.
1472902313 1 9440.96972656 0. 4.3019008088e-22 0.
1472902374 1 9940.77050781 0. 4.53372848903e-22 0.
1472902420 1 9955.49902344 0. 4.5428845972e-22 0.
1472902467 1 9946.6796875 0. 4.54234579148e-22 0.
1472902502 1 9940.00390625 0. 4.54183086307e-22 0.
1472902537 1 9933.328125 0. 4.54174014115e-22 0.
1472902597 1 9922.90429688 0. 4.54328749081e-22 0.
1472902657 1 9910.12792969 0. 4.54100327804e-22 0.
1472902717 1 9899.54589844 0. 4.53927925913e-22 0.
1472902762 1 9891.21679688 0. 4.53823244916e-22 0.
1472902806 1 9268.12304688 0. 4.25708773569e-22 0.
1472902841 1 8772.80273438 0. 4.03269616661e-22 0.
1472902871 1 8343.92871094 0. 3.83965408229e-22 0.
1472902926 1 0.177966892719 0. 1.32399154487e-22 0.
1472902987 1 0.149512022734 0. 0.0 0.
1472903047 1 0.137817800045 0. 0.0 0.
1472903107 1 0.130247101188 0. 0.0 0.
1472903167 1 0.125398486853 0. 0.0 0.
1472903227 1 0.121371686459 0. 0.0 0.
1472903287 1 0.118726499379 0. 0.0 0.
