1474783387 1 741.561279297 0. 3.92200389668e-22 0.
1474783447 1 739.503723145 0. 3.92199239058e-22 0.
1474783486 1 738.815979004 0. 3.92515742186e-22 0.
1474783526 1 737.869750977 0. 3.9268048176e-22 0.
1474783586 1 736.62689209 0. 3.93029552943e-22 0.
1474783647 1 735.115356445 0. 3.93262109071e-22 0.
1474783707 1 732.909301758 0. 3.93139202975e-22 0.
1474783756 1 731.540588379 0. 3.93191170631e-22 0.
1474783806 1 729.74230957 0. 3.93020631663e-22 0.
1474783866 1 728.209960938 0. 3.93083373285e-22 0.
1474783926 1 726.002929688 0. 3.92784788329e-22 0.
1474783969 1 725.250305176 0. 3.93008265867e-22 0.
1474784013 1 724.305480957 0. 3.93125515377e-22 0.
1474784073 1 723.509216309 0. 3.93521162314e-22 0.
1474784133 1 721.815246582 0. 3.93437630119e-22 0.
1474784193 1 720.501525879 0. 3.93550745758e-22 0.
1474784254 1 718.75189209 0. 3.93421659727e-22 0.
1474784314 1 717.381652832 0. 3.93482809572e-22 0.
1474784350 1 716.460632324 0. 3.93495109932e-22 0.
1474784385 1 715.471008301 0. 3.93448173443e-22 0.
1474784445 1 715.483581543 0. 3.94236710533e-22 0.
1474784506 1 713.361450195 0. 3.93897146144e-22 0.
1474784566 1 713.170776367 0. 3.94554288408e-22 0.
1474784626 1 711.397644043 0. 3.94321822543e-22 0.
1474784682 1 709.821777344 0. 3.94126870092e-22 0.
1474784737 1 709.10925293 0. 3.94440909615e-22 0.
1474784798 1 707.849121094 0. 3.94495396757e-22 0.
1474784858 1 705.791503906 0. 3.94085658451e-22 0.
1474784918 1 704.998413086 0. 3.94368659401e-22 0.
1474784978 1 704.596862793 0. 3.94841931498e-22 0.
1474785038 1 702.87677002 0. 3.94598895149e-22 0.
1474785098 1 701.210876465 0. 3.94369855522e-22 0.
1474785159 1 700.372558594 0. 3.94579014586e-22 0.
1474785219 1 698.978759766 0. 3.94481216671e-22 0.
1474785279 1 697.188537598 0. 3.94178716955e-22 0.
1474785325 1 697.853027344 0. 3.95061252548e-22 0.
1474785356 1 696.845581055 0. 3.94868324568e-22 0.
1474785377 1 696.68927002 0. 3.95018198254e-22 0.
1474785412 1 695.676940918 0. 3.94842905664e-22 0.
1474785447 1 693.245544434 0. 3.93898748063e-22 0.
1474785482 1 693.806945801 0. 3.94578384201e-22 0.
1474785517 1 693.588134766 0. 3.94842783821e-22 0.
1474785553 1 692.791625977 0. 3.94769144898e-22 0.
1474785601 1 691.202087402 0. 3.94411579082e-22 0.
1474785636 1 690.143981934 0. 3.94200663111e-22 0.
1474785664 1 689.659179688 0. 3.94229659093e-22 0.
1474785681 1 690.715576172 0. 3.9500634215e-22 0.
1474785699 1 690.59753418 0. 3.95105589001e-22 0.
1474785716 1 691.322387695 0. 3.95679052824e-22 0.
1474785726 1 690.219482422 0. 3.95143814241e-22 0.
1474785743 1 689.343322754 0. 3.94860207385e-22 0.
1474785760 1 689.290710449 0. 3.94996088531e-22 0.
1474785770 1 689.116088867 0. 3.94982929807e-22 0.
1474785782 1 689.040893555 0. 3.95090666896e-22 0.
1474785800 1 688.811096191 0. 3.95120739832e-22 0.
1474785816 1 688.414733887 0. 3.95057229653e-22 0.
1474785838 1 687.737304688 0. 3.94905699919e-22 0.
1474785885 1 687.431762695 0. 3.95206757321e-22 0.
1474785945 1 686.624389648 0. 3.95328378664e-22 0.
1474785996 1 685.08605957 0. 3.94982040778e-22 0.
1474786024 1 684.883972168 0. 3.95142988054e-22 0.
1474786061 1 684.91607666 0. 3.9552344873e-22 0.
1474786121 1 683.46661377 0. 3.95287845947e-22 0.
1474786181 1 682.16204834 0. 3.95158947495e-22 0.
1474786241 1 681.479248047 0. 3.95342302037e-22 0.
1474786302 1 680.224731445 0. 3.95209831138e-22 0.
1474786362 1 678.478393555 0. 3.94797663372e-22 0.
1474786422 1 678.038818359 0. 3.95147812758e-22 0.
1474786482 1 676.993286133 0. 3.95129919614e-22 0.
1474786542 1 675.59967041 0. 3.94923298487e-22 0.
1474786577 1 675.02923584 0. 3.94934116764e-22 0.
1474786613 1 675.133605957 0. 3.95345182063e-22 0.
1474786648 1 674.44934082 0. 3.95271253724e-22 0.
1474786683 1 672.441223145 0. 3.9446179931e-22 0.
1474786743 1 672.820373535 0. 3.95221665765e-22 0.
1474786804 1 671.873840332 0. 3.95226931285e-22 0.
1474786864 1 670.688903809 0. 3.95125881699e-22 0.
1474786924 1 669.268249512 0. 3.9483913844e-22 0.
1474786984 1 668.760925293 0. 3.95081557784e-22 0.
1474787044 1 667.42578125 0. 3.94845908967e-22 0.
1474787104 1 666.849975586 0. 3.95009872095e-22 0.
1474787164 1 665.827148438 0. 3.94956060171e-22 0.
1474787224 1 664.13482666 0. 3.94506360085e-22 0.
1474787285 1 664.325683594 0. 3.95154367458e-22 0.
1474787345 1 663.002075195 0. 3.94893725524e-22 0.
1474787405 1 662.44708252 0. 3.96176203608e-22 0.
1474787465 1 662.163269043 0. 3.95420115687e-22 0.
1474787525 1 659.945617676 0. 3.94649549815e-22 0.
1474787585 1 659.575317383 0. 3.94917491774e-22 0.
1474787645 1 658.641723633 0. 3.94872726515e-22 0.
1474787706 1 657.697143555 0. 3.94826231323e-22 0.
1474787766 1 657.280151367 0. 3.95082758599e-22 0.
1474787826 1 656.041564941 0. 3.94849620353e-22 0.
1474787886 1 655.41418457 0. 3.94967984372e-22 0.
1474787946 1 650.926208496 0. 3.92698300172e-22 0.
1474788006 1 634.867919922 0. 3.83442287975e-22 0.
1474788066 1 640.369018555 0. 3.87383768722e-22 0.
1474788127 1 661.054626465 0. 4.00194293256e-22 0.
1474788162 1 660.77545166 0. 4.00370469308e-22 0.
1474788197 1 660.295410156 0. 4.00402775324e-22 0.
1474788257 1 659.518920898 0. 4.00503123148e-22 0.
1474788317 1 658.437438965 0. 4.00416397267e-22 0.
1474788378 1 657.826538086 0. 4.00600223659e-22 0.
1474788438 1 656.934936523 0. 4.00605908045e-22 0.
1474788478 1 656.343688965 0. 4.00600650038e-22 0.
1474788519 1 655.866577148 0. 4.00699737188e-22 0.
1474788580 1 655.034362793 0. 4.00702012479e-22 0.
1474788640 1 653.394897461 0. 4.00265405295e-22 0.
1474788700 1 653.094909668 0. 4.00608778217e-22 0.
1474788760 1 652.400695801 0. 4.00697562464e-22 0.
1474788820 1 651.403991699 0. 4.00621818212e-22 0.
1474788880 1 650.760681152 0. 4.00751717932e-22 0.
1474788940 1 649.738037109 0. 4.00670351907e-22 0.
1474789000 1 648.934204102 0. 4.0070098328e-22 0.
1474789060 1 648.373657227 0. 4.00858410677e-22 0.
1474789121 1 647.755004883 0. 4.0102934001e-22 0.
1474789181 1 646.812438965 0. 4.00947368637e-22 0.
1474789241 1 646.323059082 0. 4.01157975029e-22 0.
1474789301 1 645.376647949 0. 4.0105699008e-22 0.
1474789361 1 644.409606934 0. 4.00971005506e-22 0.
1474789421 1 643.869750977 0. 4.01132790948e-22 0.
1474789481 1 643.06072998 0. 4.01110230079e-22 0.
1474789542 1 642.274963379 0. 4.01112050643e-22 0.
1474789602 1 641.487426758 0. 4.01110796986e-22 0.
1474789662 1 640.495605469 0. 4.00986919309e-22 0.
1474789722 1 639.886779785 0. 4.01091574695e-22 0.
1474789782 1 639.313720703 0. 4.01214152032e-22 0.
1474789842 1 638.309265137 0. 4.01075086841e-22 0.
1474789902 1 637.668457031 0. 4.01145882817e-22 0.
1474789962 1 637.147949219 0. 4.01311814287e-22 0.
1474790023 1 636.237670898 0. 4.01240369497e-22 0.
1474790083 1 634.985107422 0. 4.00943940822e-22 0.
1474790143 1 634.499694824 0. 4.01086925791e-22 0.
1474790203 1 633.885925293 0. 4.01199158821e-22 0.
1474790263 1 633.072753906 0. 4.0114933459e-22 0.
1474790323 1 632.447998047 0. 4.01228329764e-22 0.
1474790383 1 631.589355469 0. 4.01163753983e-22 0.
1474790443 1 630.868713379 0. 4.0117011228e-22 0.
1474790504 1 630.059082031 0. 4.01112002067e-22 0.
1474790564 1 629.237976074 0. 4.01038216789e-22 0.
1474790624 1 628.692016602 0. 4.01148548537e-22 0.
1474790684 1 627.930969238 0. 4.01124073843e-22 0.
1474790744 1 627.257019043 0. 4.01134349141e-22 0.
1474790804 1 626.760559082 0. 4.01307042033e-22 0.
1474790864 1 626.314086914 0. 4.0147360044e-22 0.
1474790925 1 625.48614502 0. 4.01382276397e-22 0.
1474790985 1 624.782653809 0. 4.01371831366e-22 0.
1474791045 1 623.956115723 0. 4.01314365427e-22 0.
1474791105 1 623.227050781 0. 4.01277680897e-22 0.
1474791165 1 622.891235352 0. 4.01511724603e-22 0.
1474791225 1 622.10748291 0. 4.01460867413e-22 0.
1474791285 1 621.353149414 0. 4.01409291434e-22 0.
1474791346 1 620.728942871 0. 4.01425363733e-22 0.
1474791406 1 620.280029297 0. 4.01559717462e-22 0.
1474791466 1 619.585021973 0. 4.01573409564e-22 0.
1474791526 1 618.466125488 0. 4.01299649484e-22 0.
1474791586 1 618.10534668 0. 4.01506518129e-22 0.
1474791646 1 617.445800781 0. 4.01541351987e-22 0.
1474791706 1 616.646118164 0. 4.01450454673e-22 0.
1474791766 1 616.011657715 0. 4.01462728321e-22 0.
1474791827 1 615.118164062 0. 4.0132574947e-22 0.
1474791887 1 614.741699219 0. 4.01506327988e-22 0.
1474791947 1 613.922058105 0. 4.01434313614e-22 0.
1474792007 1 613.310546875 0. 4.01464300292e-22 0.
1474792067 1 612.816772461 0. 4.01577823593e-22 0.
1474792127 1 611.878051758 0. 4.01399502044e-22 0.
1474792188 1 611.323486328 0. 0.0 0.
1474792248 1 497.290313721 0. 3.27861366856e-22 0.
1474792308 1 88.8583374023 0. 5.91423842742e-23 0.
1474792368 1 5.53879117966 0. 3.74570149754e-24 0.
1474792428 1 0.324516177177 0. 2.25050893036e-25 0.
1474792470 1 0.335573136806 0. 2.3278011676e-25 0.
1474792512 1 0.336648404598 0. 2.33377185962e-25 0.
1474792573 1 0.325200557709 0. 2.25797717093e-25 0.
1474792633 1 0.339491248131 0. 2.35814343912e-25 0.
1474792693 1 0.326782912016 0. 2.27090038649e-25 0.
1474792737 1 0.285222381353 0. 1.98294706288e-25 0.
1474792781 1 0.365583747625 0. 2.54093716012e-25 0.
1474792841 1 0.728422164917 0. 5.04170507765e-25 0.
1474792902 1 0.92017441988 0. 6.36566444843e-25 0.
1474792962 1 0.844199955463 0. 5.84873818518e-25 0.
1474793022 1 0.812456846237 0. 5.63582262831e-25 0.
1474793082 1 0.78876388073 0. 5.4761119836e-25 0.
1474793142 1 1.54917836189 0. 1.06927138284e-24 0.
1474793202 1 3.38389182091 0. 2.32671175342e-24 0.
1474793262 1 3.27548885345 0. 2.25401784778e-24 0.
1474793322 1 3.41056966782 0. 2.34726498648e-24 0.
1474793383 1 3.27374148369 0. 2.2551600938e-24 0.
1474793443 1 4.29457521439 0. 2.95116561094e-24 0.
1474793503 1 27.8176593781 0. 1.88695338316e-23 0.
1474793563 1 28.9457321167 0. 1.964225849e-23 0.
1474793623 1 29.6457099915 0. 2.01264830095e-23 0.
1474793683 1 25.9034805298 0. 1.76125924804e-23 0.
1474793743 1 19.9357814789 0. 1.3590136384e-23 0.
1474793804 1 19.8667182922 0. 1.355068337e-23 0.
1474793864 1 20.0755596161 0. 1.36997405976e-23 0.
1474793924 1 20.1127166748 0. 1.37326350677e-23 0.
1474793984 1 20.6595973969 0. 1.41112502124e-23 0.
1474794044 1 20.5235919952 0. 1.40255218052e-23 0.
1474794104 1 20.5199737549 0. 1.40320903819e-23 0.
1474794164 1 20.4620895386 0. 1.40013405898e-23 0.
1474794225 1 20.6006317139 0. 1.41029084624e-23 0.
1474794285 1 21.0036830902 0. 1.4383693696e-23 0.
1474794345 1 20.9555435181 0. 1.43588217155e-23 0.
1474794405 1 21.1226596832 0. 1.44803965636e-23 0.
1474794465 1 20.5696620941 0. 1.41109836705e-23 0.
1474794525 1 20.6766300201 0. 1.41914714897e-23 0.
1474794585 1 20.4814510345 0. 1.40667701034e-23 0.
1474794645 1 21.2029132843 0. 1.45655034767e-23 0.
1474794706 1 20.7719478607 0. 1.42800354327e-23 0.
1474794766 1 20.7573661804 0. 1.42772976602e-23 0.
1474794826 1 21.2789707184 0. 1.46413860774e-23 0.
1474794886 1 21.0358734131 0. 1.44821338831e-23 0.
1474794946 1 20.7973804474 0. 1.4326833895e-23 0.
1474795006 1 20.483587265 0. 1.41202302112e-23 0.
1474795066 1 20.0156135559 0. 1.38075684077e-23 0.
1474795126 1 11.2525815964 0. 7.79850255983e-24 0.
1474795172 1 8.71106529236 0. 6.05262378771e-24 0.
1474795217 1 8.62021446228 0. 5.99235442709e-24 0.
1474795277 1 9.08789825439 0. 6.31824170786e-24 0.
1474795337 1 8.95966339111 0. 6.23252538602e-24 0.
1474795397 1 8.81460952759 0. 6.13555709471e-24 0.
1474795457 1 8.82367992401 0. 6.14457859434e-24 0.
1474795518 1 8.83696651459 0. 6.15643940415e-24 0.
1474795578 1 8.56396389008 0. 5.97148372897e-24 0.
1474795638 1 8.94433021545 0. 6.23753516523e-24 0.
1474795698 1 8.68375205994 0. 6.06109168424e-24 0.
1474795758 1 8.63681697845 0. 6.0312816637e-24 0.
1474795818 1 8.77681159973 0. 6.13091835383e-24 0.
1474795878 1 8.53985500336 0. 5.9698384205e-24 0.
1474795938 1 8.67783641815 0. 6.06910914906e-24 0.
1474795999 1 8.60026454926 0. 6.01785311362e-24 0.
1474796059 1 8.53730678558 0. 5.97780933193e-24 0.
1474796119 1 8.59998703003 0. 6.02374473389e-24 0.
1474796179 1 8.51623725891 0. 5.96803605755e-24 0.
1474796239 1 8.43526268005 0. 5.91536398208e-24 0.
1474796299 1 8.72268104553 0. 6.11817324824e-24 0.
1474796359 1 8.39428138733 0. 5.89289158073e-24 0.
1474796419 1 8.53329658508 0. 5.99281738672e-24 0.
1474796480 1 8.56939506531 0. 6.02012897e-24 0.
1474796540 1 8.16058731079 0. 5.7384408586e-24 0.
1474796600 1 8.28884983063 0. 5.83062073074e-24 0.
1474796660 1 8.39330291748 0. 5.90682169133e-24 0.
1474796720 1 8.45579910278 0. 5.95326544644e-24 0.
1474796780 1 8.77452373505 0. 6.17900186921e-24 0.
1474796840 1 8.55599117279 0. 6.02964633589e-24 0.
1474796900 1 8.42218399048 0. 5.93874510807e-24 0.
1474796961 1 8.36357021332 0. 5.90065420323e-24 0.
1474797021 1 8.37714958191 0. 5.91266442124e-24 0.
1474797081 1 8.3738822937 0. 5.91373519637e-24 0.
1474797141 1 8.25900173187 0. 5.83655116333e-24 0.
1474797201 1 8.59438991547 0. 6.07456017238e-24 0.
1474797261 1 8.25932693481 0. 5.8417138012e-24 0.
1474797321 1 8.13995361328 0. 5.76022954189e-24 0.
1474797382 1 8.43916988373 0. 5.97215734247e-24 0.
1474797442 1 8.1282787323 0. 5.75727319724e-24 0.
1474797502 1 8.06405830383 0. 5.7147066044e-24 0.
1474797562 1 8.17526817322 0. 5.79588745469e-24 0.
1474797622 1 8.17175960541 0. 5.79660561979e-24 0.
1474797682 1 8.17828941345 0. 5.80315228393e-24 0.
1474797742 1 8.09687137604 0. 5.74830203171e-24 0.
1474797803 1 8.11691474915 0. 5.76554626457e-24 0.
1474797863 1 8.02986621857 0. 5.70660887835e-24 0.
1474797923 1 7.88071584702 0. 5.60465725593e-24 0.
1474797983 1 8.069272995 0. 5.74098463229e-24 0.
1474798043 1 7.91702699661 0. 5.6360818874e-24 0.
1474798103 1 7.80597925186 0. 5.58237328248e-24 0.
1474798163 1 7.9824051857 0. 5.68768621159e-24 0.
1474798224 1 7.49556493759 0. 5.34560410037e-24 0.
1474798284 1 7.93784952164 0. 5.66065104932e-24 0.
1474798344 1 8.11644649506 0. 5.79004577697e-24 0.
1474798404 1 8.11577129364 0. 5.79190586866e-24 0.
1474798464 1 8.03697395325 0. 5.73828586821e-24 0.
1474798524 1 8.00354099274 0. 5.71782835121e-24 0.
1474798584 1 7.88559961319 0. 5.6362249098e-24 0.
1474798644 1 7.9249329567 0. 5.6674884014e-24 0.
1474798705 1 7.92780065536 0. 5.67223810368e-24 0.
1474798765 1 7.92310810089 0. 5.67112376431e-24 0.
1474798825 1 7.89156246185 0. 5.65103243288e-24 0.
1474798885 1 8.07242774963 0. 5.78253457224e-24 0.
1474798945 1 7.97614765167 0. 5.71701373086e-24 0.
1474799005 1 8.00555706024 0. 5.74067133445e-24 0.
1474799065 1 7.79952955246 0. 5.59697016962e-24 0.
1474799126 1 8.13393497467 0. 5.83753499311e-24 0.
1474799186 1 8.11687278748 0. 5.82805164012e-24 0.
1474799221 1 8.12228488922 0. 5.8340877551e-24 0.
1474799256 1 7.95988893509 0. 5.71897146659e-24 0.
1474799316 1 8.2119178772 0. 5.90212287607e-24 0.
1474799376 1 8.08873176575 0. 5.81696679193e-24 0.
1474799436 1 8.00035095215 0. 5.75647888526e-24 0.
1474799497 1 8.00399303436 0. 5.76155496592e-24 0.
1474799557 1 7.98402357101 0. 5.74994335765e-24 0.
1474799617 1 8.16871452332 0. 5.88509197115e-24 0.
1474799677 1 7.91152524948 0. 5.70398424187e-24 0.
1474799737 1 8.32173061371 0. 5.99935100349e-24 0.
1474799797 1 8.11327552795 0. 5.8536556757e-24 0.
1474799857 1 8.12117767334 0. 5.86186323859e-24 0.
1474799918 1 8.38903045654 0. 6.05666086814e-24 0.
1474799978 1 8.13938808441 0. 5.88061478088e-24 0.
1474800038 1 8.34941768646 0. 6.03453953796e-24 0.
1474800098 1 8.5232629776 0. 6.16052887203e-24 0.
1474800158 1 8.31540679932 0. 6.01591112126e-24 0.
1474800218 1 8.40779304504 0. 6.08450504039e-24 0.
1474800278 1 8.36260986328 0. 6.05460832991e-24 0.
1474800339 1 8.15420150757 0. 5.90800702532e-24 0.
1474800399 1 8.34743118286 0. 6.04933739685e-24 0.
1474800459 1 8.07542705536 0. 5.85662345055e-24 0.
1474800519 1 8.26592826843 0. 5.99622778572e-24 0.
1474800579 1 8.48054790497 0. 6.152871028e-24 0.
1474800639 1 8.14073085785 0. 5.9118532986e-24 0.
1474800699 1 8.31624984741 0. 6.04069687618e-24 0.
1474800760 1 8.29087162018 0. 6.02456972675e-24 0.
1474800820 1 8.2712802887 0. 6.01330637589e-24 0.
1474800880 1 8.39995861053 0. 6.10953210903e-24 0.
1474800940 1 8.5946855545 0. 6.25306345052e-24 0.
1474801000 1 8.31279087067 0. 6.05177055686e-24 0.
1474801060 1 8.57719039917 0. 6.24569849934e-24 0.
1474801120 1 8.4566488266 0. 6.16144544429e-24 0.
1474801180 1 8.6167345047 0. 6.2807294383e-24 0.
1474801241 1 8.57869720459 0. 6.25519898352e-24 0.
1474801301 1 8.21805095673 0. 5.99739826395e-24 0.
1474801361 1 8.36671447754 0. 6.10801265411e-24 0.
1474801421 1 8.22874736786 0. 6.01105882191e-24 0.
1474801481 1 8.30622577667 0. 6.06992763571e-24 0.
1474801541 1 8.20069789886 0. 5.99625293896e-24 0.
1474801601 1 7.84330749512 0. 5.73908473145e-24 0.
1474801662 1 8.0884437561 0. 5.92049003904e-24 0.
1474801722 1 8.13545608521 0. 5.95660557768e-24 0.
1474801782 1 7.91153764725 0. 5.79667426529e-24 0.
1474801842 1 8.14797019958 0. 5.97176839579e-24 0.
1474801902 1 8.10638046265 0. 5.94373627866e-24 0.
1474801962 1 7.96189594269 0. 5.84087066786e-24 0.
1474802022 1 8.09221935272 0. 5.93866854242e-24 0.
1474802083 1 7.92863607407 0. 5.82231264174e-24 0.
1474802143 1 7.89052629471 0. 5.79707676381e-24 0.
1474802203 1 8.08824920654 0. 5.94362471166e-24 0.
1474802246 1 7.71017169952 0. 5.66825399868e-24 0.
1474802289 1 0.00672152591869 0. 1.41183910953e-22 0.
