1476335129 1 13444.1181641 0. 5.39000890445e-22 0.
1476335189 1 13405.1220703 0. 5.38678451313e-22 0.
1476335249 1 13363.9775391 0. 5.38259141565e-22 0.
1476335284 1 13339.1796875 0. 5.38060167202e-22 0.
1476335319 1 13323.1708984 0. 5.38089820128e-22 0.
1476335380 1 13286.2998047 0. 5.37823719962e-22 0.
1476335440 1 13250.0986328 0. 5.37546826897e-22 0.
1476335500 1 13221.3271484 0. 5.37556485715e-22 0.
1476335560 1 13178.3046875 0. 5.3697010211e-22 0.
1476335620 1 13151.9667969 0. 5.37058021304e-22 0.
1476335680 1 13105.9326172 0. 5.3628816773e-22 0.
1476335740 1 13086.7060547 0. 5.3654967743e-22 0.
1476335801 1 13055.2851562 0. 5.36302526609e-22 0.
1476335861 1 13007.6572266 0. 5.35404491204e-22 0.
1476335921 1 12994.6171875 0. 5.35900739935e-22 0.
1476335981 1 12959.2255859 0. 5.35323293866e-22 0.
1476336041 1 12924.1455078 0. 5.34736331271e-22 0.
1476336101 1 12923.9394531 0. 5.35409311769e-22 0.
1476336161 1 12889.3251953 0. 5.34783835977e-22 0.
1476336221 1 12863.8056641 0. 5.34494647503e-22 0.
1476336282 1 12802.2802734 0. 5.32898257869e-22 0.
1476336342 1 12796.6679688 0. 5.3358944032e-22 0.
1476336402 1 12774.5351562 0. 5.33605445496e-22 0.
1476336462 1 12742.0595703 0. 5.33137721474e-22 0.
1476336522 1 12716.9277344 0. 5.32977300424e-22 0.
1476336582 1 12710.9003906 0. 5.3364770617e-22 0.
1476336643 1 12676.9082031 0. 5.33102301625e-22 0.
1476336703 1 12648.7421875 0. 5.32804888418e-22 0.
1476336763 1 12617.3085938 0. 5.32358245872e-22 0.
1476336823 1 12586.5673828 0. 5.31887713495e-22 0.
1476336883 1 12557.7304688 0. 5.31511324783e-22 0.
1476336943 1 12534.9619141 0. 5.31398729613e-22 0.
1476337003 1 12531.6875 0. 5.32102552106e-22 0.
1476337063 1 12498.6777344 0. 5.31514938274e-22 0.
1476337124 1 12478.1767578 0. 5.31453288549e-22 0.
1476337184 1 12439.6767578 0. 5.30602796526e-22 0.
1476337244 1 12406.1708984 0. 5.29955349581e-22 0.
1476337304 1 12401.5742188 0. 5.30530561246e-22 0.
1476337364 1 12368.1933594 0. 5.29895251513e-22 0.
1476337424 1 12341.8085938 0. 5.29523851002e-22 0.
1476337484 1 12326.8847656 0. 5.2963891071e-22 0.
1476337529 1 12310.2148438 0. 5.29492960958e-22 0.
1476337573 1 12291.6621094 0. 5.29268971319e-22 0.
1476337633 1 11997.2646484 0. 5.17308501993e-22 0.
1476337694 1 11833.3261719 0. 5.10925299829e-22 0.
1476337747 1 11725.5361328 0. 5.07668109508e-22 0.
1476337800 1 12395.3613281 0. 5.36469317609e-22 0.
1476337860 1 12376.6064453 0. 5.36394732753e-22 0.
1476337920 1 12357.2431641 0. 5.36283019325e-22 0.
1476337981 1 12338.3144531 0. 5.36212547115e-22 0.
1476338041 1 12320.5996094 0. 5.3619538846e-22 0.
1476338101 1 12296.7744141 0. 5.35879828115e-22 0.
1476338161 1 12274.2597656 0. 5.35622290134e-22 0.
1476338221 1 12254.4082031 0. 5.354764269e-22 0.
1476338281 1 12236.8886719 0. 5.35424198573e-22 0.
1476338341 1 12215.7753906 0. 5.35199939577e-22 0.
1476338401 1 12195.578125 0. 5.35050398401e-22 0.
1476338462 1 12174.7177734 0. 5.3482690564e-22 0.
1476338522 1 12154.1953125 0. 5.34625492878e-22 0.
1476338582 1 12131.4589844 0. 5.34314819408e-22 0.
1476338642 1 12107.1289062 0. 5.33928120251e-22 0.
1476338702 1 12093.3085938 0. 5.3401435493e-22 0.
1476338762 1 12074.5869141 0. 5.33875306267e-22 0.
1476338822 1 12053.8242188 0. 5.33656615553e-22 0.
1476338882 1 12037.3193359 0. 5.33612395214e-22 0.
1476338943 1 12022.6533203 0. 5.33665552935e-22 0.
1476339003 1 11998.4238281 0. 5.33250587345e-22 0.
1476339063 1 11979.7841797 0. 5.34037075198e-22 0.
1476339123 1 11959.9296875 0. 5.32896654008e-22 0.
1476339183 1 11937.1425781 0. 5.3253862542e-22 0.
1476339243 1 11920.8300781 0. 5.32472210397e-22 0.
1476339303 1 11902.0117188 0. 5.32307610547e-22 0.
1476339364 1 11887.4970703 0. 5.32311936066e-22 0.
1476339424 1 11869.5263672 0. 5.32175774704e-22 0.
1476339467 1 11851.2558594 0. 5.3185458271e-22 0.
1476339511 1 11841.6884766 0. 5.31900471044e-22 0.
1476339572 1 11821.8857422 0. 5.31680695749e-22 0.
1476339632 1 11799.0224609 0. 5.31318770063e-22 0.
1476339689 1 11790.9775391 0. 5.3155624502e-22 0.
1476339747 1 11755.609375 0. 5.3059005143e-22 0.
1476339807 1 11732.5205078 0. 5.30196788755e-22 0.
1476339867 1 11711.9501953 0. 5.29880250352e-22 0.
1476339927 1 11693.1962891 0. 5.29660818971e-22 0.
1476339987 1 11670.3378906 0. 5.29268805777e-22 0.
1476340047 1 11647.4794922 0. 5.28868529251e-22 0.
1476340108 1 11630.7255859 0. 5.28735240067e-22 0.
1476340168 1 11614.7832031 0. 5.28636052915e-22 0.
1476340228 1 11591.7080078 0. 5.2818127122e-22 0.
1476340288 1 11577.3027344 0. 5.28136613114e-22 0.
1476340348 1 11556.6103516 0. 5.27818007656e-22 0.
1476340408 1 11538.2949219 0. 5.27608767194e-22 0.
1476340468 1 11527.4267578 0. 5.27713822883e-22 0.
1476340528 1 11505.8427734 0. 5.27335634893e-22 0.
1476340589 1 11484.3291016 0. 5.2698734634e-22 0.
1476340632 1 11470.9023438 0. 5.26805957074e-22 0.
1476340650 1 11465.2324219 0. 5.26654647512e-22 0.
1476340660 1 11462.1123047 0. 5.26648644605e-22 0.
1476340695 1 11455.5947266 0. 5.26698588132e-22 0.
1476340755 1 11449.0400391 0. 5.27025454831e-22 0.
1476340816 1 11426.5566406 0. 5.26605961225e-22 0.
1476340876 1 11416.3867188 0. 5.2674685369e-22 0.
1476340924 1 11409.5009766 0. 5.26915882882e-22 0.
1476340972 1 11391.3193359 0. 5.2654574704e-22 0.
1476341032 1 11370.0234375 0. 5.26152913543e-22 0.
1476341092 1 11354.25 0. 5.26021173003e-22 0.
1476341152 1 11334.5693359 0. 5.2572796128e-22 0.
1476341212 1 11320.0273438 0. 5.25655658728e-22 0.
1476341273 1 11305.4082031 0. 5.25592807724e-22 0.
1476341333 1 11287.4414062 0. 5.25337577561e-22 0.
1476341378 1 11264.8867188 0. 5.24718863271e-22 0.
1476341423 1 11267.8193359 0. 5.25311601989e-22 0.
1476341483 1 11248.3496094 0. 5.25000048594e-22 0.
1476341543 1 11232.0986328 0. 5.24832852608e-22 0.
1476341603 1 11214.1572266 0. 5.24591770813e-22 0.
1476341663 1 11198.9941406 0. 5.24468035281e-22 0.
1476341724 1 11180.6298828 0. 5.24198291168e-22 0.
1476341784 1 11166.3515625 0. 5.24117563883e-22 0.
1476341844 1 11145.0410156 0. 5.2372879916e-22 0.
1476341904 1 11130.2451172 0. 5.23624819064e-22 0.
1476341964 1 11118.3183594 0. 5.23659214168e-22 0.
1476342024 1 11099.2392578 0. 5.23329569324e-22 0.
1476342084 1 11079.9560547 0. 5.22984858274e-22 0.
1476342144 1 11052.8623047 0. 5.22291217168e-22 0.
1476342205 1 11041.7910156 0. 5.22361968343e-22 0.
1476342265 1 11031.6748047 0. 5.2245419488e-22 0.
1476342325 1 11014.1601562 0. 5.22197823133e-22 0.
1476342385 1 10712.4677734 0. 5.08448025829e-22 0.
1476342445 1 10412.8164062 0. 4.94796471982e-22 0.
1476342505 1 10976.8398438 0. 5.22121412713e-22 0.
1476342565 1 10994.6240234 0. 5.23525780128e-22 0.
1476342626 1 10996.6630859 0. 5.24197392346e-22 0.
1476342686 1 10983.8261719 0. 5.24159376237e-22 0.
1476342746 1 10964.0097656 0. 5.23792360684e-22 0.
1476342806 1 10951.3037109 0. 5.23742935445e-22 0.
1476342861 1 10936.6914062 0. 5.23569506576e-22 0.
1476342897 1 10927.0693359 0. 5.23469808536e-22 0.
1476342914 1 10922.6884766 0. 5.23367318007e-22 0.
1476342949 1 10913.3662109 0. 5.23257570414e-22 0.
1476343009 1 10897.7070312 0. 5.23103366835e-22 0.
1476343069 1 10878.9023438 0. 5.2277684171e-22 0.
1476343106 1 10870.6533203 0. 5.22752864167e-22 0.
1476343143 1 10863.5029297 0. 5.22714937769e-22 0.
1476343203 1 10847.8486328 0. 5.22563794972e-22 0.
1476343263 1 10831.1142578 0. 5.22333436059e-22 0.
1476343324 1 10816.5947266 0. 5.22214090578e-22 0.
1476343384 1 10805.9619141 0. 5.22256552217e-22 0.
1476343423 1 10792.796875 0. 5.21991909993e-22 0.
1476343461 1 10779.0488281 0. 5.21669549258e-22 0.
1476343519 1 10765.2714844 0. 5.21530485397e-22 0.
1476343579 1 10753.8544922 0. 5.21521255015e-22 0.
1476343639 1 10738.0761719 0. 5.21323239722e-22 0.
1476343698 1 10725.3222656 0. 5.21237649304e-22 0.
1476343758 1 10710.5478516 0. 5.2108414244e-22 0.
1476343819 1 10698.8935547 0. 5.21075906305e-22 0.
1476343861 1 10677.0146484 0. 5.20419839814e-22 0.
1476343904 1 10677.5400391 0. 5.20833580274e-22 0.
1476343964 1 10665.1455078 0. 5.2077115901e-22 0.
1476344024 1 10651.8808594 0. 5.20672567769e-22 0.
1476344085 1 10637.8222656 0. 5.20527678596e-22 0.
1476344133 1 10629.7783203 0. 5.20593975195e-22 0.
1476344181 1 10620.15625 0. 5.2053864242e-22 0.
1476344241 1 10605.9033203 0. 5.20387890127e-22 0.
1476344301 1 10587.6074219 0. 5.20016267467e-22 0.
1476344361 1 10575.9423828 0. 5.19997176975e-22 0.
1476344421 1 10565.9541016 0. 5.20049486553e-22 0.
1476344481 1 10550.7666016 0. 5.19858059245e-22 0.
1476344541 1 10536.15625 0. 5.19673624582e-22 0.
1476344602 1 10525.1992188 0. 5.1966292236e-22 0.
1476344662 1 10509.1826172 0. 5.19407636223e-22 0.
1476344722 1 10495.1455078 0. 5.19252692413e-22 0.
1476344782 1 10483.0908203 0. 5.19214033489e-22 0.
1476344842 1 10469.3203125 0. 5.19067997009e-22 0.
1476344902 1 10456.9658203 0. 5.189992141e-22 0.
1476344963 1 10441.3798828 0. 5.18765522385e-22 0.
1476345023 1 10430.8085938 0. 5.18761320293e-22 0.
1476345075 1 10420.3945312 0. 5.1870187192e-22 0.
1476345127 1 10408.4541016 0. 5.18574398833e-22 0.
1476345187 1 10392.53125 0. 5.18329256355e-22 0.
1476345247 1 10375.6220703 0. 5.18027260846e-22 0.
1476345307 1 10363.2939453 0. 5.17956309822e-22 0.
1476345367 1 10348.40625 0. 5.17758130554e-22 0.
1476345427 1 10340.4394531 0. 5.17895234344e-22 0.
1476345487 1 10324.2949219 0. 5.17623297093e-22 0.
1476345548 1 10312.2919922 0. 5.17533411409e-22 0.
1476345608 1 10299.4189453 0. 5.17419422626e-22 0.
1476345668 1 10286.5322266 0. 5.17304082074e-22 0.
1476345703 1 10279.0175781 0. 5.17180498961e-22 0.
1476345738 1 10271.4980469 0. 5.17110406798e-22 0.
1476345798 1 10260.0253906 0. 5.171087557e-22 0.
1476345858 1 10244.0498047 0. 5.16844680265e-22 0.
1476345919 1 10229.8232422 0. 5.16636162029e-22 0.
1476345979 1 10213.8271484 0. 5.1636321609e-22 0.
1476346039 1 10202.7900391 0. 5.16330872724e-22 0.
1476346099 1 10192.4541016 0. 5.16342454805e-22 0.
1476346159 1 10177.2890625 0. 5.16109918018e-22 0.
1476346219 1 10165.5527344 0. 5.1605410884e-22 0.
1476346279 1 10151.1347656 0. 5.15861291187e-22 0.
1476346339 1 10135.4902344 0. 5.16231105692e-22 0.
1476346395 1 10123.4931641 0. 5.15451015855e-22 0.
1476346451 1 10115.2324219 0. 5.15512563776e-22 0.
1476346511 1 9894.99414062 0. 5.04818018219e-22 0.
1476346571 1 9547.55859375 0. 4.87587024286e-22 0.
1476346631 1 10064.3564453 0. 5.14489660589e-22 0.
1476346691 1 10061.7011719 0. 5.14881138246e-22 0.
1476346752 1 10053.5488281 0. 5.14970556268e-22 0.
1476346812 1 10044.3652344 0. 5.1501312359e-22 0.
1476346872 1 10035.1484375 0. 5.15062865904e-22 0.
1476346932 1 10014.8125 0. 5.14530071961e-22 0.
1476346992 1 9998.50097656 0. 5.14206803309e-22 0.
1476347052 1 9989.51464844 0. 5.14263086174e-22 0.
1476347112 1 9974.24511719 0. 5.13999727153e-22 0.
1476347172 1 9963.02636719 0. 5.13919213967e-22 0.
1476347232 1 9957.14746094 0. 5.14145587839e-22 0.
1476347293 1 9945.04394531 0. 5.14036798009e-22 0.
1476347353 1 9930.046875 0. 5.13790103187e-22 0.
1476347413 1 9922.13476562 0. 5.13878849964e-22 0.
1476347473 1 9908.99707031 0. 5.13706401286e-22 0.
1476347533 1 9896.45410156 0. 5.13564194759e-22 0.
1476347592 1 9880.0859375 0. 5.13228833813e-22 0.
1476347653 1 9871.94628906 0. 5.13319731044e-22 0.
1476347713 1 9858.47851562 0. 5.13129500947e-22 0.
1476347758 1 9849.51855469 0. 5.13071479118e-22 0.
1476347779 1 9845.47558594 0. 5.12979495319e-22 0.
1476347789 1 9843.49609375 0. 5.13012783006e-22 0.
1476347824 1 9839.59570312 0. 5.13123369034e-22 0.
1476347884 1 9823.40332031 0. 5.12786867701e-22 0.
1476347944 1 9809.90039062 0. 5.12615015585e-22 0.
1476348005 1 9800.33691406 0. 5.12594953488e-22 0.
1476348065 1 9791.33886719 0. 5.12667504602e-22 0.
1476348125 1 9777.70507812 0. 5.12461614088e-22 0.
1476348185 1 9765.65136719 0. 5.12331781529e-22 0.
1476348245 1 9753.30175781 0. 5.12179288627e-22 0.
1476348305 1 9740.90527344 0. 5.120367723e-22 0.
1476348365 1 9727.35058594 0. 5.11819019442e-22 0.
1476348425 1 9718.23632812 0. 5.11844883868e-22 0.
1476348486 1 9704.56738281 0. 5.1163025531e-22 0.
1476348546 1 9694.35644531 0. 5.11594794957e-22 0.
1476348606 1 9685.390625 0. 5.11618221875e-22 0.
1476348666 1 9672.00195312 0. 5.11404067635e-22 0.
1476348726 1 9660.98046875 0. 5.11332015171e-22 0.
1476348786 1 9650.74023438 0. 5.11291809069e-22 0.
1476348847 1 9633.0625 0. 5.10838271232e-22 0.
1476348899 1 9625.17480469 0. 5.10859242958e-22 0.
1476348927 1 9621.02148438 0. 5.10800404245e-22 0.
1476348937 1 9619.52246094 0. 5.10840200693e-22 0.
1476348951 1 9618.2578125 0. 5.109132084e-22 0.
1476348990 1 9609.625 0. 5.10758944285e-22 0.
1476349050 1 9599.09082031 0. 5.10703560201e-22 0.
1476349110 1 9586.91113281 0. 5.10564909628e-22 0.
1476349170 1 9573.70410156 0. 5.10353982975e-22 0.
1476349231 1 9560.54296875 0. 5.10162385368e-22 0.
1476349291 1 9550.46582031 0. 5.10112799785e-22 0.
1476349351 1 9538.44140625 0. 5.09982402137e-22 0.
1476349411 1 9524.97265625 0. 5.0977308066e-22 0.
1476349471 1 9518.15039062 0. 5.09910131899e-22 0.
1476349531 1 9508.76757812 0. 5.09909266324e-22 0.
1476349583 1 9495.56152344 0. 5.09629156986e-22 0.
1476349628 1 9487.51855469 0. 5.09542861625e-22 0.
1476349656 1 9482.375 0. 5.09431437906e-22 0.
1476349692 1 9476.0625 0. 5.09400497956e-22 0.
1476349747 1 9465.07910156 0. 0.0 0.
1476349777 1 9459.03613281 0. 5.09186181031e-22 0.
1476349813 1 9452.046875 0. 5.09096930012e-22 0.
1476349873 1 9442.7890625 0. 5.09144243922e-22 0.
1476349933 1 9434.07617188 0. 5.09171588202e-22 0.
1476349993 1 9419.41894531 0. 5.08870993203e-22 0.
1476350053 1 9408.70703125 0. 5.08795968318e-22 0.
1476350113 1 9398.66210938 0. 5.08742701015e-22 0.
1476350172 1 9390.19921875 0. 5.08756299444e-22 0.
1476350230 1 9378.97363281 0. 5.0862414761e-22 0.
1476350290 1 9367.20019531 0. 5.08477933489e-22 0.
1476350350 1 9355.92675781 0. 5.08336772187e-22 0.
1476350411 1 9342.25195312 0. 5.08109342827e-22 0.
1476350471 1 9332.45898438 0. 5.08053905052e-22 0.
1476350531 1 9323.38867188 0. 5.08055229702e-22 0.
1476350591 1 9309.55371094 0. 5.07789979422e-22 0.
1476350651 1 9298.68359375 0. 5.07659562337e-22 0.
1476350711 1 9289.14746094 0. 5.07621968906e-22 0.
1476350771 1 9278.62890625 0. 5.0752152535e-22 0.
1476350831 1 9110.49609375 0. 0.0 0.
1476350866 1 9012.359375 0. 4.93697711411e-22 0.
1476350902 1 8914.30371094 0. 4.885761068e-22 0.
1476350962 1 9015.75683594 0. 4.94659427198e-22 0.
1476351022 1 9237.02539062 0. 5.07261618619e-22 0.
1476351082 1 9229.50097656 0. 5.07319699895e-22 0.
1476351142 1 9219.15917969 0. 5.07251708686e-22 0.
1476351202 1 9203.89941406 0. 5.0688807259e-22 0.
1476351262 1 9195.86328125 0. 5.06940379204e-22 0.
1476351323 1 9188.08496094 0. 5.06993364296e-22 0.
1476351383 1 9173.34375 0. 5.06659724115e-22 0.
1476351443 1 9166.04394531 0. 5.06735027156e-22 0.
1476351503 1 9158.78417969 0. 5.06825527924e-22 0.
1476351563 1 9141.98535156 0. 5.06374414112e-22 0.
1476351623 1 9133.0703125 0. 5.06389856187e-22 0.
1476351683 1 9117.19726562 0. 5.05990689767e-22 0.
1476351743 1 9109.83203125 0. 5.06079737609e-22 0.
1476351804 1 9093.390625 0. 5.05644100922e-22 0.
1476351864 1 9087.60253906 0. 5.05801083095e-22 0.
1476351924 1 9075.71777344 0. 5.05609384936e-22 0.
1476351984 1 9062.89453125 0. 5.05385057827e-22 0.
1476352044 1 9059.23046875 0. 5.05656465671e-22 0.
1476352104 1 9044.55859375 0. 5.05315753197e-22 0.
1476352164 1 9032.25878906 0. 5.05117654932e-22 0.
1476352225 1 9027.0234375 0. 5.05295772341e-22 0.
1476352285 1 9013.83886719 0. 5.05021229506e-22 0.
1476352345 1 8999.45019531 0. 5.04689518406e-22 0.
1476352405 1 8991.07617188 0. 5.04701590445e-22 0.
1476352465 1 8980.11621094 0. 5.04574946353e-22 0.
1476352525 1 8967.88769531 0. 5.04368250603e-22 0.
1476352585 1 8964.23925781 0. 5.04628726487e-22 0.
1476352646 1 8955.34375 0. 5.04589797809e-22 0.
1476352706 1 8942.40820312 0. 5.04345718419e-22 0.
1476352766 1 8935.59472656 0. 5.04421781366e-22 0.
1476352826 1 8920.26953125 0. 5.04037753521e-22 0.
1476352886 1 8911.27539062 0. 5.03994687962e-22 0.
1476352921 1 8906.00683594 0. 5.0392664535e-22 0.
1476352957 1 8900.7421875 0. 5.03925291517e-22 0.
1476353017 1 8888.02246094 0. 5.0372116195e-22 0.
1476353076 1 8876.00585938 0. 5.03526326259e-22 0.
1476353120 1 8871.44335938 0. 5.03596285445e-22 0.
1476353166 1 8863.76171875 0. 5.03516851145e-22 0.
1476353202 1 8857.85351562 0. 5.03407705349e-22 0.
1476353228 1 8853.50878906 0. 5.03400735888e-22 0.
1476353279 1 8844.27929688 0. 5.03292857827e-22 0.
1476353339 1 8822.73828125 0. 5.02543849825e-22 0.
1476353399 1 8817.12597656 0. 5.02701397987e-22 0.
1476353459 1 8812.73632812 0. 5.02906201962e-22 0.
1476353519 1 8799.703125 0. 5.02635996835e-22 0.
1476353579 1 8795.78613281 0. 5.02875143347e-22 0.
1476353639 1 8783.75488281 0. 5.02633956676e-22 0.
1476353700 1 8772.44921875 0. 5.0245617797e-22 0.
1476353760 1 8767.03710938 0. 5.02640580951e-22 0.
1476353804 1 8758.45605469 0. 5.02483967668e-22 0.
1476353848 1 8750.39160156 0. 5.02364580288e-22 0.
1476353909 1 8742.33789062 0. 5.02374127029e-22 0.
1476353969 1 8738.6875 0. 5.02623203114e-22 0.
1476354029 1 8722.58105469 0. 5.02156470983e-22 0.
1476354089 1 8711.98730469 0. 5.02020673167e-22 0.
1476354149 1 8698.61816406 0. 5.01695065538e-22 0.
1476354209 1 8697.29882812 0. 5.02111012531e-22 0.
1476354270 1 8689.32519531 0. 5.02120733352e-22 0.
1476354330 1 8675.85253906 0. 5.0179471386e-22 0.
1476354390 1 8667.65429688 0. 5.01780056965e-22 0.
1476354450 1 8652.16113281 0. 5.01344016227e-22 0.
1476354510 1 8645.84863281 0. 5.01446400271e-22 0.
1476354570 1 8635.32617188 0. 5.01300680213e-22 0.
1476354630 1 8620.53027344 0. 5.00898228434e-22 0.
1476354690 1 8618.52832031 0. 5.0125326824e-22 0.
1476354751 1 8600.83203125 0. 5.00679366936e-22 0.
1476354811 1 8589.45214844 0. 5.00455285138e-22 0.
1476354871 1 8584.72167969 0. 5.00636977991e-22 0.
1476354931 1 8577.30566406 0. 5.00658664276e-22 0.
1476354991 1 8565.640625 0. 5.00436408659e-22 0.
1476355051 1 8560.71582031 0. 5.0060184676e-22 0.
1476355112 1 8548.359375 0. 5.00313977348e-22 0.
1476355172 1 8535.27734375 0. 5.00000053542e-22 0.
1476355232 1 8525.50292969 0. 4.99890094142e-22 0.
1476355292 1 8519.69140625 0. 4.99982032854e-22 0.
1476355352 1 8507.37695312 0. 4.99708366637e-22 0.
1476355412 1 8499.94140625 0. 4.99702432414e-22 0.
1476355472 1 8493.01074219 0. 4.9976102319e-22 0.
1476355533 1 8484.33300781 0. 4.99714375402e-22 0.
1476355593 1 8472.66308594 0. 4.99493851223e-22 0.
1476355653 1 8460.37695312 0. 4.99223441634e-22 0.
1476355713 1 8451.77734375 0. 4.99165318746e-22 0.
1476355773 1 8442.86035156 0. 4.99083635517e-22 0.
1476355833 1 8433.28027344 0. 4.98959513602e-22 0.
1476355893 1 8425.46386719 0. 4.98953154776e-22 0.
1476355953 1 8412.69238281 0. 4.98648970657e-22 0.
1476356014 1 8410.50585938 0. 4.98970080277e-22 0.
1476356074 1 8400.15332031 0. 4.98781862098e-22 0.
1476356134 1 8389.73535156 0. 4.98609710221e-22 0.
1476356194 1 8379.79296875 0. 4.98483120362e-22 0.
1476356254 1 8374.97949219 0. 4.9863177787e-22 0.
1476356314 1 8366.01171875 0. 4.98539045379e-22 0.
1476356374 1 8359.67773438 0. 0.0 0.
1476356410 1 8355.98242188 0. 4.98606806012e-22 0.
1476356445 1 8352.2734375 0. 4.98660822285e-22 0.
1476356483 1 8346.45117188 0. 0.0 0.
1476356497 1 8344.41308594 0. 4.98547188849e-22 0.
1476356507 1 8342.88476562 0. 4.98575743927e-22 0.
1476356542 1 8341.60058594 0. 4.98768392983e-22 0.
1476356602 1 8332.40527344 0. 4.98670965628e-22 0.
1476356662 1 8324.02148438 0. 4.98615205267e-22 0.
1476356722 1 8313.75976562 0. 4.98431160818e-22 0.
1476356783 1 8084.38964844 0. 4.85118463443e-22 0.
1476356843 1 7934.30371094 0. 4.76544640432e-22 0.
1476356903 1 8289.33886719 0. 4.98302652547e-22 0.
1476356950 1 8281.33789062 0. 4.98174797622e-22 0.
1476356983 1 8283.80273438 0. 4.98557609613e-22 0.
1476357029 1 8290.97460938 0. 4.99335231337e-22 0.
1476357089 1 8283.96875 0. 4.99368027568e-22 0.
1476357149 1 8272.28417969 0. 4.99113453524e-22 0.
1476357209 1 8263.11425781 0. 4.99023715073e-22 0.
1476357269 1 8256.44628906 0. 4.99065341881e-22 0.
1476357330 1 8248.44824219 0. 4.99020121095e-22 0.
1476357390 1 8238.8828125 0. 4.98880883656e-22 0.
1476357428 1 8233.29003906 0. 4.98848112321e-22 0.
1476357442 1 8229.60449219 0. 4.98724965997e-22 0.
1476357454 1 8231.38183594 0. 4.98915053829e-22 0.
1476357466 1 8227.33398438 0. 4.98753991998e-22 0.
1476357478 1 8223.32519531 0. 4.9861890451e-22 0.
1476357490 1 8222.87207031 0. 4.98665445899e-22 0.
1476357502 1 8221.09082031 0. 4.98632877416e-22 0.
1476357513 1 8220.67089844 0. 4.98687463674e-22 0.
1476357525 1 8219.67871094 0. 4.98711230122e-22 0.
1476357537 1 8216.8203125 0. 4.98663186944e-22 0.
1476357549 1 8215.54980469 0. 4.98659041924e-22 0.
1476357561 1 8213.12988281 0. 4.9859138079e-22 0.
1476357572 1 8212.47949219 0. 4.98650109483e-22 0.
1476357584 1 8211.69042969 0. 4.98697364444e-22 0.
1476357596 1 8209.51171875 0. 4.98655440978e-22 0.
1476357608 1 8206.06640625 0. 4.98535537293e-22 0.
1476357619 1 8203.26464844 0. 4.98444412845e-22 0.
1476357631 1 8200.85449219 0. 4.98388187727e-22 0.
1476357643 1 8201.14746094 0. 4.98491289512e-22 0.
1476357679 1 8197.73535156 0. 4.98531804088e-22 0.
1476357739 1 8189.62353516 0. 0.0 0.
1476357774 1 8184.89160156 0. 4.98399692535e-22 0.
1476357809 1 8180.16064453 0. 4.98378390899e-22 0.
1476357848 1 8172.99658203 0. 4.98300345065e-22 0.
1476357887 1 8163.73388672 0. 4.97992261337e-22 0.
1476357928 1 8156.50976562 0. 4.97843966775e-22 0.
1476357969 1 8150.66796875 0. 4.97789034284e-22 0.
1476358030 1 8140.91992188 0. 4.97632020594e-22 0.
1476358090 1 8131.80029297 0. 4.97520731462e-22 0.
1476358150 1 8118.12744141 0. 4.97138698175e-22 0.
1476358210 1 8104.91992188 0. 4.96791184007e-22 0.
1476358270 1 8098.21142578 0. 4.96821632046e-22 0.
1476358330 1 8091.25585938 0. 4.96833641531e-22 0.
1476358376 1 8084.86035156 0. 0.0 0.
1476358397 1 8081.94433594 0. 4.96687659397e-22 0.
1476358407 1 8080.53613281 0. 4.96707436316e-22 0.
1476358417 1 8079.20898438 0. 4.96729154641e-22 0.
1476358452 1 8078.16113281 0. 4.96906610021e-22 0.
1476358512 1 8066.27880859 0. 4.96624970496e-22 0.
1476358573 1 8060.66699219 0. 4.96716250146e-22 0.
1476358633 1 8052.05126953 0. 4.96628855735e-22 0.
1476358693 1 8043.25244141 0. 4.96505816976e-22 0.
1476358753 1 8033.86230469 0. 4.9637393773e-22 0.
1476358813 1 8027.06005859 0. 4.96382401982e-22 0.
1476358858 1 8016.95507812 0. 4.96096495993e-22 0.
1476358888 1 8016.47802734 0. 4.9628990156e-22 0.
1476358935 1 8015.04541016 0. 4.9654312197e-22 0.
1476358995 1 8009.46337891 0. 4.96630263607e-22 0.
1476359038 1 8000.38232422 0. 4.96345383841e-22 0.
1476359081 1 7995.12255859 0. 4.9627174048e-22 0.
1476359141 1 7988.88183594 0. 4.96268625669e-22 0.
1476359201 1 7992.65527344 0. 4.96805035412e-22 0.
1476359261 1 7994.63378906 0. 4.97284770737e-22 0.
1476359321 1 7981.61474609 0. 0.0 0.
1476359357 1 7974.01904297 0. 4.96606282222e-22 0.
1476359392 1 7966.42431641 0. 4.96393957892e-22 0.
1476359452 1 7959.91015625 0. 4.96468514943e-22 0.
1476359512 1 7954.48291016 0. 4.96562211096e-22 0.
1476359572 1 7948.10791016 0. 4.96598515372e-22 0.
1476359632 1 7938.27001953 0. 4.96427741362e-22 0.
1476359683 1 7930.36962891 0. 4.96285208907e-22 0.
1476359734 1 7926.16601562 0. 4.9637815343e-22 0.
1476359794 1 7916.80517578 0. 4.96222832283e-22 0.
1476359854 1 7908.96191406 0. 4.96178447098e-22 0.
1476359914 1 7898.97021484 0. 4.95991104811e-22 0.
1476359975 1 7890.78320312 0. 4.95906817116e-22 0.
1476360035 1 7885.85644531 0. 4.96036660835e-22 0.
1476360095 1 7876.18945312 0. 4.95866774341e-22 0.
1476360136 1 7703.48291016 0. 4.86581422844e-22 0.
1476360178 1 0.164365544915 0. 9.45878516893e-23 0.
