1476434187 1 690.531311035 0. 4.04446211276e-22 0.
1476434247 1 711.179992676 0. 4.15515643658e-22 0.
1476434308 1 720.796569824 0. 4.22436457818e-22 0.
1476434368 1 718.205505371 0. 4.21743604261e-22 0.
1476434428 1 715.042663574 0. 4.20792263493e-22 0.
1476434488 1 712.345092773 0. 4.20060023493e-22 0.
1476434548 1 710.441040039 0. 4.19659511196e-22 0.
1476434602 1 707.729431152 0. 4.1877413534e-22 0.
1476434656 1 705.649963379 0. 4.18188815163e-22 0.
1476434716 1 703.481506348 0. 4.17605657899e-22 0.
1476434777 1 700.632080078 0. 4.16698758513e-22 0.
1476434837 1 698.2890625 0. 4.16738233155e-22 0.
1476434897 1 695.967468262 0. 4.15195517176e-22 0.
1476434957 1 693.539733887 0. 4.14502272262e-22 0.
1476435017 1 691.296569824 0. 4.13756524912e-22 0.
1476435077 1 688.895141602 0. 4.12931209639e-22 0.
1476435123 1 686.799560547 0. 4.12218266579e-22 0.
1476435168 1 685.23260498 0. 4.11764677176e-22 0.
1476435228 1 683.410949707 0. 4.11271850895e-22 0.
1476435288 1 681.249511719 0. 4.10501228599e-22 0.
1476435349 1 678.822631836 0. 4.09635784127e-22 0.
1476435409 1 676.502502441 0. 4.08879164956e-22 0.
1476435469 1 674.69720459 0. 4.08262728375e-22 0.
1476435529 1 672.671447754 0. 4.07587907171e-22 0.
1476435589 1 670.370117188 0. 4.0681605969e-22 0.
1476435649 1 668.090026855 0. 4.0603747849e-22 0.
1476435709 1 666.307373047 0. 4.05346738773e-22 0.
1476435770 1 665.050720215 0. 4.05089975539e-22 0.
1476435830 1 663.417053223 0. 4.04503951935e-22 0.
1476435890 1 662.093933105 0. 4.04172583008e-22 0.
1476435950 1 659.986328125 0. 4.03364358092e-22 0.
1476436010 1 658.283935547 0. 4.02743706881e-22 0.
1476436070 1 655.699951172 0. 4.01763157232e-22 0.
1476436130 1 653.817077637 0. 4.01061170007e-22 0.
1476436190 1 652.181213379 0. 4.00575059788e-22 0.
1476436250 1 650.054260254 0. 3.99745426541e-22 0.
1476436311 1 648.579528809 0. 3.9929608705e-22 0.
1476436371 1 646.008666992 0. 3.98310341565e-22 0.
1476436431 1 644.27130127 0. 3.97774414375e-22 0.
1476436491 1 642.756469727 0. 3.97207628368e-22 0.
1476436551 1 640.625915527 0. 3.96389125639e-22 0.
1476436611 1 638.503051758 0. 3.95598677506e-22 0.
1476436672 1 636.750305176 0. 3.94962975828e-22 0.
1476436732 1 635.182922363 0. 3.94494950937e-22 0.
1476436792 1 633.192626953 0. 3.93747186765e-22 0.
1476436853 1 631.880432129 0. 3.93340485822e-22 0.
1476436905 1 630.312988281 0. 3.92816249674e-22 0.
1476436958 1 628.312072754 0. 3.92004139201e-22 0.
1476437019 1 626.779174805 0. 3.91521631689e-22 0.
1476437079 1 624.895141602 0. 3.90724451517e-22 0.
1476437139 1 623.211120605 0. 3.90102103599e-22 0.
1476437199 1 621.349975586 0. 3.89479171845e-22 0.
1476437259 1 619.845031738 0. 3.88951716162e-22 0.
1476437296 1 618.655090332 0. 3.88552401913e-22 0.
1476437333 1 617.662963867 0. 3.881377568e-22 0.
1476437393 1 615.833862305 0. 3.87448241711e-22 0.
1476437454 1 614.241455078 0. 3.86919025295e-22 0.
1476437514 1 612.809570312 0. 3.86341036719e-22 0.
1476437574 1 610.99395752 0. 3.8572553629e-22 0.
1476437634 1 609.450683594 0. 3.85251888742e-22 0.
1476437694 1 608.150024414 0. 3.84820639087e-22 0.
1476437754 1 606.254455566 0. 3.84128605914e-22 0.
1476437814 1 604.775878906 0. 0.0 0.
1476437875 1 603.091491699 0. 3.83003865203e-22 0.
1476437935 1 601.421569824 0. 3.82416471093e-22 0.
1476437995 1 599.93347168 0. 3.81878092234e-22 0.
1476438055 1 598.633483887 0. 3.81480504842e-22 0.
1476438115 1 596.716247559 0. 3.80690955964e-22 0.
1476438175 1 595.38269043 0. 3.80358996473e-22 0.
1476438235 1 594.053100586 0. 3.79893251011e-22 0.
1476438295 1 592.225891113 0. 3.7915803229e-22 0.
1476438356 1 590.623168945 0. 3.78582197043e-22 0.
1476438416 1 589.073791504 0. 3.78039401814e-22 0.
1476438476 1 587.533935547 0. 3.77475981218e-22 0.
1476438536 1 586.049804688 0. 3.76955738455e-22 0.
1476438596 1 584.273681641 0. 3.76286735073e-22 0.
1476438656 1 568.671203613 0. 3.6671520867e-22 0.
1476438716 1 561.904418945 0. 3.63178843037e-22 0.
1476438777 1 580.804321289 0. 3.75437313124e-22 0.
1476438837 1 579.588623047 0. 3.75052693043e-22 0.
1476438897 1 577.985351562 0. 3.74503646774e-22 0.
1476438957 1 576.58026123 0. 3.73954080318e-22 0.
1476439017 1 575.201965332 0. 3.73457246818e-22 0.
1476439077 1 573.577331543 0. 3.72865226732e-22 0.
1476439137 1 572.560424805 0. 3.72503318537e-22 0.
1476439198 1 571.177978516 0. 3.72001358904e-22 0.
1476439258 1 569.723205566 0. 3.71460178782e-22 0.
1476439318 1 568.358581543 0. 3.70948705592e-22 0.
1476439378 1 566.949401855 0. 3.70423219991e-22 0.
1476439438 1 556.760437012 0. 3.64254205397e-22 0.
1476439498 1 542.879272461 0. 3.5596775757e-22 0.
1476439558 1 561.625366211 0. 3.68202321364e-22 0.
1476439618 1 561.333740234 0. 3.68481045989e-22 0.
1476439679 1 560.019775391 0. 3.68054778704e-22 0.
1476439739 1 558.750488281 0. 3.67638154427e-22 0.
1476439799 1 557.41595459 0. 0.0 0.
1476439859 1 556.139221191 0. 3.66699793736e-22 0.
1476439900 1 555.281005859 0. 3.66360257333e-22 0.
1476439940 1 554.305969238 0. 3.66039118249e-22 0.
1476439998 1 553.094238281 0. 3.65625214228e-22 0.
1476440057 1 551.65423584 0. 3.65078848122e-22 0.
1476440118 1 550.359436035 0. 3.64586326484e-22 0.
1476440178 1 549.232299805 0. 0.0 0.
1476440238 1 547.751159668 0. 3.63653830937e-22 0.
1476440298 1 546.546508789 0. 3.63206051988e-22 0.
1476440358 1 545.233215332 0. 3.62733039369e-22 0.
1476440418 1 544.085083008 0. 3.62376510549e-22 0.
1476440478 1 542.827819824 0. 3.61942027649e-22 0.
1476440538 1 541.55255127 0. 3.61457660804e-22 0.
1476440598 1 540.13861084 0. 3.60888310555e-22 0.
1476440659 1 539.09173584 0. 3.60539536713e-22 0.
1476440719 1 537.568054199 0. 3.5994766944e-22 0.
1476440779 1 536.565856934 0. 3.5965404587e-22 0.
1476440839 1 535.212280273 0. 3.59090556335e-22 0.
1476440899 1 534.033813477 0. 3.58650035006e-22 0.
1476440959 1 532.707519531 0. 3.58222802161e-22 0.
1476441019 1 531.551086426 0. 3.57776655941e-22 0.
1476441080 1 530.544921875 0. 3.57481375576e-22 0.
1476441140 1 529.03125 0. 3.56891879655e-22 0.
1476441200 1 528.162963867 0. 3.56631240178e-22 0.
1476441239 1 527.567382812 0. 3.56501530313e-22 0.
1476441278 1 526.328979492 0. 3.55923048256e-22 0.
1476441338 1 525.168884277 0. 3.55462419286e-22 0.
1476441398 1 524.155761719 0. 3.5513570734e-22 0.
1476441459 1 523.001831055 0. 3.54731092892e-22 0.
1476441519 1 521.962463379 0. 3.54350628839e-22 0.
1476441579 1 520.69140625 0. 3.53918550023e-22 0.
1476441639 1 519.692687988 0. 3.53577352068e-22 0.
1476441674 1 518.929016113 0. 3.53311532715e-22 0.
1476441709 1 518.13659668 0. 3.52941766645e-22 0.
1476441769 1 516.846069336 0. 3.5250017089e-22 0.
1476441829 1 515.702514648 0. 3.52051134105e-22 0.
1476441890 1 514.77557373 0. 3.51756536125e-22 0.
1476441925 1 513.968261719 0. 3.51477095014e-22 0.
1476441960 1 513.220275879 0. 3.51227763527e-22 0.
1476442020 1 512.36517334 0. 3.50967445012e-22 0.
1476442080 1 511.114746094 0. 3.50464917477e-22 0.
1476442140 1 509.951690674 0. 3.50029352679e-22 0.
1476442201 1 508.693695068 0. 3.49554824443e-22 0.
1476442261 1 507.577575684 0. 3.49118871254e-22 0.
1476442321 1 506.744384766 0. 3.48928342217e-22 0.
1476442381 1 505.268707275 0. 3.48340677537e-22 0.
1476442441 1 504.341583252 0. 3.48001955855e-22 0.
1476442501 1 503.2215271 0. 3.4759893989e-22 0.
1476442561 1 502.182128906 0. 3.47240028971e-22 0.
1476442622 1 501.180053711 0. 3.46881386367e-22 0.
1476442682 1 500.130767822 0. 3.46497904549e-22 0.
1476442742 1 498.860687256 0. 3.46015124272e-22 0.
1476442802 1 497.837615967 0. 3.45622751852e-22 0.
1476442862 1 496.681549072 0. 3.45204287333e-22 0.
1476442922 1 495.810546875 0. 3.44936953039e-22 0.
1476442982 1 494.83682251 0. 3.44620331535e-22 0.
1476443042 1 493.580505371 0. 3.44094949904e-22 0.
1476443103 1 492.477783203 0. 3.43683651129e-22 0.
1476443163 1 491.479949951 0. 3.43973031462e-22 0.
1476443223 1 490.514038086 0. 3.4303017688e-22 0.
1476443283 1 489.472869873 0. 3.42683769755e-22 0.
1476443343 1 488.233978271 0. 3.42166818061e-22 0.
1476443403 1 487.263031006 0. 3.41837346748e-22 0.
1476443463 1 486.347808838 0. 3.41557119138e-22 0.
1476443524 1 485.496765137 0. 3.41244981056e-22 0.
1476443584 1 484.200744629 0. 3.40729442941e-22 0.
1476443644 1 483.229431152 0. 3.40367767276e-22 0.
1476443704 1 482.042877197 0. 3.39932445215e-22 0.
1476443764 1 481.122497559 0. 3.39596666653e-22 0.
1476443824 1 480.029693604 0. 3.39470486097e-22 0.
1476443884 1 478.998474121 0. 3.38782375127e-22 0.
1476443945 1 478.271972656 0. 3.38607229225e-22 0.
1476444005 1 477.00894165 0. 3.38099225836e-22 0.
1476444065 1 476.096496582 0. 3.37769525777e-22 0.
1476444125 1 475.025146484 0. 3.37379320905e-22 0.
1476444185 1 474.07321167 0. 3.36996438414e-22 0.
1476444245 1 473.031524658 0. 3.36601881359e-22 0.
1476444305 1 471.894195557 0. 3.36126736462e-22 0.
1476444366 1 470.993164062 0. 3.35835308203e-22 0.
1476444426 1 469.78012085 0. 3.35304356368e-22 0.
1476444486 1 469.151519775 0. 3.35199502823e-22 0.
1476444546 1 468.159454346 0. 3.34803439821e-22 0.
1476444606 1 467.25479126 0. 3.34517756388e-22 0.
1476444666 1 466.214233398 0. 3.34136145784e-22 0.
1476444726 1 465.480865479 0. 3.33897165985e-22 0.
1476444787 1 464.352752686 0. 3.3341625178e-22 0.
1476444847 1 463.321044922 0. 3.3299560832e-22 0.
1476444907 1 462.257415771 0. 3.32558820223e-22 0.
1476444967 1 461.573699951 0. 3.32416531013e-22 0.
1476445027 1 460.506774902 0. 3.31982264257e-22 0.
1476445087 1 459.653320312 0. 3.31716020427e-22 0.
1476445147 1 458.800872803 0. 3.3140418271e-22 0.
1476445208 1 457.574279785 0. 3.30827875465e-22 0.
1476445268 1 456.928924561 0. 3.30636047854e-22 0.
1476445328 1 456.011779785 0. 3.30372488052e-22 0.
1476445388 1 454.682312012 0. 3.29786789753e-22 0.
1476445448 1 454.249603271 0. 3.29705024225e-22 0.
1476445508 1 453.811553955 0. 3.29693730652e-22 0.
1476445543 1 453.779937744 0. 3.29830084212e-22 0.
1476445554 1 453.403198242 0. 3.29599408166e-22 0.
1476445590 1 452.752838135 0. 3.29296745609e-22 0.
1476445650 1 452.299316406 0. 3.29257369013e-22 0.
1476445697 1 445.703948975 0. 3.27928551499e-22 0.
1476445744 1 0.00458526145667 0. 1.32543772256e-23 0.
