1476647732 1 13466.3291016 0. 5.25825302744e-22 0.
1476647792 1 13442.4658203 0. 5.25915655395e-22 0.
1476647851 1 13414.6708984 0. 5.2581099727e-22 0.
1476647910 1 13381.1132812 0. 5.25477909252e-22 0.
1476647970 1 13344.4677734 0. 5.25051374257e-22 0.
1476648031 1 13314.4648438 0. 5.24850201908e-22 0.
1476648091 1 13283.8271484 0. 5.24616213017e-22 0.
1476648151 1 13259.5722656 0. 5.24623839836e-22 0.
1476648211 1 13229.6416016 0. 5.24403863605e-22 0.
1476648271 1 13197.4912109 0. 5.24088798503e-22 0.
1476648331 1 13166.4365234 0. 5.23764688177e-22 0.
1476648391 1 13119.3886719 0. 5.22818594954e-22 0.
1476648452 1 13108.8886719 0. 5.23299067648e-22 0.
1476648512 1 13077.734375 0. 5.22948588252e-22 0.
1476648572 1 13042.6308594 0. 5.22418702862e-22 0.
1476648632 1 13011.7861328 0. 5.22043052945e-22 0.
1476648692 1 12976.3095703 0. 5.21437847535e-22 0.
1476648752 1 12947.4609375 0. 5.21125932222e-22 0.
1476648787 1 12935.7822266 0. 5.21182441391e-22 0.
1476648814 1 12942.9521484 0. 5.21825446747e-22 0.
1476648854 1 12913.4042969 0. 5.21184926288e-22 0.
1476648904 1 12888.3583984 0. 5.20817648097e-22 0.
1476648950 1 12867.3974609 0. 5.20559413667e-22 0.
1476648996 1 12643.8115234 0. 5.12130597343e-22 0.
1476649056 1 12534.7363281 0. 5.08466880343e-22 0.
1476649094 1 11719.8486328 0. 4.77273089775e-22 0.
1476649131 1 12937.8896484 0. 5.25810495099e-22 0.
1476649191 1 12939.1943359 0. 5.26542497188e-22 0.
1476649251 1 12934.2685547 0. 5.27035600579e-22 0.
1476649312 1 12920.7832031 0. 5.27047862632e-22 0.
1476649372 1 12915.9785156 0. 5.27488686767e-22 0.
1476649432 1 12881.2197266 0. 5.26710019497e-22 0.
1476649492 1 12859.0341797 0. 5.26584220421e-22 0.
1476649552 1 12836.6542969 0. 5.26426395391e-22 0.
1476649612 1 12823.7294922 0. 5.2665626411e-22 0.
1476649672 1 12793.2763672 0. 5.26177972419e-22 0.
1476649733 1 12770.3896484 0. 5.25978723314e-22 0.
1476649770 1 12758.8515625 0. 5.26022822332e-22 0.
1476649793 1 12750.4550781 0. 5.25936594742e-22 0.
1476649831 1 12734.6367188 0. 5.25740206439e-22 0.
1476649883 1 12719.8222656 0. 5.2578050309e-22 0.
1476649943 1 12696.1601562 0. 5.25534646213e-22 0.
1476650004 1 12337.3642578 0. 5.11395954411e-22 0.
1476650064 1 11959.7617188 0. 4.96429691e-22 0.
1476650124 1 12633.7568359 0. 5.25117374221e-22 0.
1476650184 1 12609.6611328 0. 5.24842469721e-22 0.
1476650244 1 12583.7236328 0. 5.24468368169e-22 0.
1476650304 1 12566.1630859 0. 5.24420878484e-22 0.
1476650365 1 12541.9375 0. 5.24117346519e-22 0.
1476650425 1 12517.1494141 0. 5.23768434309e-22 0.
1476650465 1 12508.1523438 0. 5.23873338339e-22 0.
1476650506 1 12500.5625 0. 5.24044904245e-22 0.
1476650566 1 12477.2480469 0. 5.23745905434e-22 0.
1476650626 1 12476.9179688 0. 5.24417410736e-22 0.
1476650686 1 12465.3476562 0. 5.24638284776e-22 0.
1476650746 1 12442.9433594 0. 5.24370316629e-22 0.
1476650807 1 12420.8417969 0. 5.24132028201e-22 0.
1476650867 1 12406.5742188 0. 5.2419887578e-22 0.
1476650927 1 12379.3085938 0. 5.23704221535e-22 0.
1476650987 1 12359.4482422 0. 5.23547806683e-22 0.
1476651047 1 12345.6855469 0. 5.23609809272e-22 0.
1476651107 1 12323.3378906 0. 5.23337389354e-22 0.
1476651167 1 12300.2919922 0. 5.23019399854e-22 0.
1476651228 1 12288.8720703 0. 5.23201914915e-22 0.
1476651288 1 12268.1738281 0. 5.22983194842e-22 0.
1476651348 1 12251.2050781 0. 5.22907220514e-22 0.
1476651408 1 12234.3017578 0. 5.22823620653e-22 0.
1476651468 1 12206.0341797 0. 5.22273892677e-22 0.
1476651528 1 12184.8867188 0. 5.22022683367e-22 0.
1476651589 1 12165.7832031 0. 5.21831272062e-22 0.
1476651649 1 12156.3798828 0. 5.22044096387e-22 0.
1476651709 1 12134.5771484 0. 5.21760251498e-22 0.
1476651769 1 12115.7265625 0. 5.21576714391e-22 0.
1476651829 1 12088.4033203 0. 5.21014394979e-22 0.
1476651889 1 12078.3632812 0. 5.21227308445e-22 0.
1476651949 1 12061.3564453 0. 5.21126460771e-22 0.
1476652010 1 12040.6191406 0. 5.20852479865e-22 0.
1476652070 1 12028.3144531 0. 5.20936390186e-22 0.
1476652130 1 12006.2148438 0. 5.20583890112e-22 0.
1476652190 1 11983.7294922 0. 5.20218245345e-22 0.
1476652250 1 11957.9453125 0. 5.19725723306e-22 0.
1476652285 1 11942.7910156 0. 5.19379136701e-22 0.
1476652299 1 11937.1269531 0. 5.19274052184e-22 0.
1476652328 1 11927.6689453 0. 5.19192425346e-22 0.
1476652380 1 11925.0507812 0. 5.19583845471e-22 0.
1476652440 1 11916.140625 0. 5.19803258029e-22 0.
1476652500 1 11888.2900391 0. 5.19225093845e-22 0.
1476652560 1 11880.1015625 0. 5.19474775886e-22 0.
1476652620 1 11859.7714844 0. 5.19175382097e-22 0.
1476652681 1 11838.8251953 0. 5.18857654454e-22 0.
1476652716 1 11826.5996094 0. 5.1858114844e-22 0.
1476652736 1 11819.6289062 0. 5.18527633776e-22 0.
1476652756 1 11816.9726562 0. 5.18683114097e-22 0.
1476652766 1 11815.6279297 0. 5.18670003637e-22 0.
1476652776 1 11814.3085938 0. 5.18716443801e-22 0.
1476652786 1 11814.5292969 0. 5.18885907494e-22 0.
1476652821 1 11795.8955078 0. 5.18373140009e-22 0.
1476652882 1 11773.984375 0. 5.18004698657e-22 0.
1476652937 1 11748.3242188 0. 5.17438219509e-22 0.
1476652978 1 11745.2236328 0. 5.17713490533e-22 0.
1476653024 1 11739.5078125 0. 5.17923326258e-22 0.
1476653084 1 11715.4785156 0. 5.17458414565e-22 0.
1476653145 1 11699.2880859 0. 5.17323717452e-22 0.
1476653205 1 11679.2822266 0. 5.17028508803e-22 0.
1476653265 1 11664.453125 0. 5.16960296605e-22 0.
1476653310 1 11658.5664062 0. 5.17161233082e-22 0.
1476653341 1 11647.8095703 0. 5.16979121845e-22 0.
1476653372 1 11638.2324219 0. 5.16838133378e-22 0.
1476653418 1 11625.2753906 0. 5.16712176864e-22 0.
1476653478 1 11603.7275391 0. 5.1633031258e-22 0.
1476653538 1 11592.6347656 0. 5.16414235048e-22 0.
1476653598 1 11570.8623047 0. 5.16040647313e-22 0.
1476653658 1 11559.3818359 0. 5.16110996499e-22 0.
1476653718 1 11542.6708984 0. 5.15939306638e-22 0.
1476653778 1 11525.9931641 0. 5.15788499667e-22 0.
1476653839 1 11503.8349609 0. 5.15377560111e-22 0.
1476653899 1 11484.0410156 0. 5.15059668058e-22 0.
1476653959 1 11468.2519531 0. 5.14908788199e-22 0.
1476653994 1 11459.0419922 0. 5.14778583682e-22 0.
1476654029 1 11449.7919922 0. 5.1470608165e-22 0.
1476654089 1 11432.7890625 0. 5.14563044201e-22 0.
1476654150 1 11413.3427734 0. 5.14264482399e-22 0.
1476654210 1 11399.4091797 0. 5.14188711336e-22 0.
1476654270 1 11377.1806641 0. 5.13752552084e-22 0.
1476654330 1 11367.7939453 0. 5.13919985786e-22 0.
1476654390 1 11348.5175781 0. 5.13596699488e-22 0.
1476654450 1 11338.8183594 0. 5.13706249486e-22 0.
1476654510 1 11323.4726562 0. 5.13549749199e-22 0.
1476654571 1 11309.2988281 0. 5.13460680912e-22 0.
1476654631 1 11291.4697266 0. 5.13219570718e-22 0.
1476654691 1 11270.3642578 0. 5.12807754448e-22 0.
1476654751 1 11248.6083984 0. 5.12380696119e-22 0.
1476654811 1 11229.1689453 0. 5.12057902366e-22 0.
1476654871 1 11206.6884766 0. 5.11557946558e-22 0.
1476654931 1 11184.7919922 0. 5.11108870626e-22 0.
1476654991 1 11164.3007812 0. 5.10740157192e-22 0.
1476655052 1 11145.8242188 0. 5.10416904042e-22 0.
1476655112 1 11132.9306641 0. 5.10355612338e-22 0.
1476655172 1 11122.3056641 0. 5.10437222924e-22 0.
1476655232 1 11113.7675781 0. 5.10580347489e-22 0.
1476655292 1 11091.7070312 0. 5.10113942066e-22 0.
1476655352 1 11072.828125 0. 5.09797288079e-22 0.
1476655412 1 11063.3935547 0. 5.09898662538e-22 0.
1476655472 1 11049.2978516 0. 5.09779376903e-22 0.
1476655533 1 11035.9404297 0. 5.09718705154e-22 0.
1476655593 1 11021.2548828 0. 5.09569506563e-22 0.
1476655653 1 10999.7070312 0. 5.0910698785e-22 0.
1476655713 1 10996.4296875 0. 5.09509342414e-22 0.
1476655773 1 10974.4121094 0. 5.09024010187e-22 0.
1476655833 1 10957.4755859 0. 5.08776387628e-22 0.
1476655893 1 10939.8310547 0. 5.08503684579e-22 0.
1476655953 1 10922.2070312 0. 5.08205676387e-22 0.
1476656004 1 10906.6005859 0. 5.07940805567e-22 0.
1476656054 1 10902.0507812 0. 5.08148308328e-22 0.
1476656114 1 10878.7666016 0. 5.07615458378e-22 0.
1476656174 1 10875.5390625 0. 5.07986157454e-22 0.
1476656234 1 10872.2861328 0. 5.08379567558e-22 0.
1476656290 1 10863.9775391 0. 5.08489784222e-22 0.
1476656320 1 10859.4316406 0. 5.08482475589e-22 0.
1476656330 1 10857.9150391 0. 5.08517024698e-22 0.
1476656365 1 10852.7353516 0. 5.08605409428e-22 0.
1476656425 1 10842.0800781 0. 5.08639446498e-22 0.
1476656485 1 10813.6162109 0. 5.07836277798e-22 0.
1476656545 1 10812.5712891 0. 5.08305998688e-22 0.
1476656605 1 10794.5117188 0. 5.08000660408e-22 0.
1476656666 1 10780.9853516 0. 5.07895673595e-22 0.
1476656726 1 10769.0771484 0. 5.07829271638e-22 0.
1476656786 1 10764.4863281 0. 5.08121463015e-22 0.
1476656846 1 10744.1767578 0. 5.07683850853e-22 0.
1476656906 1 10697.0136719 0. 5.06004958946e-22 0.
1476656966 1 10716.9394531 0. 5.07445581451e-22 0.
1476657026 1 10701.7216797 0. 5.07261886306e-22 0.
1476657086 1 10680.1357422 0. 5.06759333614e-22 0.
1476657146 1 10661.7275391 0. 5.06419337697e-22 0.
1476657196 1 10663.0058594 0. 5.06892535028e-22 0.
1476657220 1 10649.5332031 0. 5.06503680032e-22 0.
1476657236 1 10649.2568359 0. 5.06613203475e-22 0.
1476657275 1 10636.9121094 0. 5.06340083049e-22 0.
1476657335 1 10639.7900391 0. 5.07010872146e-22 0.
1476657396 1 10628.3017578 0. 5.06982820012e-22 0.
1476657456 1 10599.5761719 0. 5.06143391227e-22 0.
1476657516 1 10599.9267578 0. 5.06683624532e-22 0.
1476657576 1 10373.9814453 0. 4.9640513715e-22 0.
1476657636 1 9892.16796875 0. 4.73815047559e-22 0.
1476657696 1 10186.0888672 0. 4.8840217825e-22 0.
1476657756 1 10597.8798828 0. 5.08628949029e-22 0.
1476657816 1 10580.6914062 0. 5.0832905703e-22 0.
1476657868 1 10570.6748047 0. 5.08283314875e-22 0.
1476657919 1 10560.2353516 0. 5.08224200671e-22 0.
1476657954 1 10553.0859375 0. 5.08153809311e-22 0.
1476657990 1 10545.9433594 0. 5.08107346465e-22 0.
1476658050 1 10538.0488281 0. 5.08286195189e-22 0.
1476658091 1 10526.671875 0. 5.0812718603e-22 0.
1476658131 1 10518.9394531 0. 5.08073908941e-22 0.
1476658192 1 10503.5175781 0. 5.07826968701e-22 0.
1476658252 1 10493.5175781 0. 5.07867536974e-22 0.
1476658312 1 10483.5224609 0. 5.0790986402e-22 0.
1476658372 1 10463.4882812 0. 5.07433654807e-22 0.
1476658432 1 10452.6035156 0. 5.07414898782e-22 0.
1476658492 1 10441.6640625 0. 5.07405750337e-22 0.
1476658553 1 10429.140625 0. 5.0728413982e-22 0.
1476658588 1 10421.8212891 0. 5.07179792747e-22 0.
1476658623 1 10414.5039062 0. 5.07129907159e-22 0.
1476658664 1 10404.8115234 0. 0.0 0.
1476658680 1 10401.078125 0. 5.06963315099e-22 0.
1476658690 1 10398.7021484 0. 5.0696878557e-22 0.
1476658725 1 10393.2275391 0. 5.07015278966e-22 0.
1476658785 1 10379.5742188 0. 5.06857270291e-22 0.
1476658830 1 10370.3828125 0. 5.06810605346e-22 0.
1476658864 1 10362.1464844 0. 5.0669002456e-22 0.
1476658914 1 10349.6757812 0. 5.06485041684e-22 0.
1476658950 1 10340.9394531 0. 5.06278127601e-22 0.
1476658965 1 10337.0263672 0. 5.06242970879e-22 0.
1476658981 1 10337.0722656 0. 5.06445306036e-22 0.
1476659012 1 10332.8867188 0. 5.06477025405e-22 0.
1476659053 1 10320.7509766 0. 5.06201610481e-22 0.
1476659098 1 10310.7695312 0. 5.06107354328e-22 0.
1476659134 1 10303.0878906 0. 5.05976120674e-22 0.
1476659169 1 10295.4023438 0. 5.05913225047e-22 0.
1476659229 1 10285.6367188 0. 5.059782797e-22 0.
1476659289 1 10274.0751953 0. 5.05936713309e-22 0.
1476659350 1 10260.8447266 0. 5.05802555934e-22 0.
1476659410 1 10247.3867188 0. 5.05637091023e-22 0.
1476659470 1 10232.8535156 0. 5.05420154599e-22 0.
1476659531 1 10221.5244141 0. 5.05388624112e-22 0.
1476659591 1 10207.9267578 0. 5.05204412894e-22 0.
1476659651 1 10192.9746094 0. 5.04966233373e-22 0.
1476659712 1 10186.4140625 0. 5.05152082408e-22 0.
1476659772 1 10173.1621094 0. 5.0501042712e-22 0.
1476659833 1 10162.5488281 0. 5.04987558214e-22 0.
1476659882 1 10149.8515625 0. 5.04768117375e-22 0.
1476659914 1 10142.5019531 0. 5.04660526739e-22 0.
1476659931 1 10138.5605469 0. 5.04539437107e-22 0.
1476659966 1 10130.34375 0. 5.04432774182e-22 0.
1476660026 1 10122.1289062 0. 5.04564104554e-22 0.
1476660061 1 10117.3369141 0. 5.04576890204e-22 0.
1476660079 1 10114.9287109 0. 5.04625856606e-22 0.
1476660107 1 10106.3222656 0. 5.04448940781e-22 0.
1476660153 1 10098.0322266 0. 5.04403912941e-22 0.
1476660188 1 10091.6533203 0. 5.04345983355e-22 0.
1476660204 1 10088.7900391 0. 5.04326166594e-22 0.
1476660230 1 10083.0986328 0. 5.0430417676e-22 0.
1476660261 1 10076.9189453 0. 5.04275156926e-22 0.
1476660307 1 10070.2705078 0. 0.0 0.
1476660342 1 10065.1523438 0. 5.0432347503e-22 0.
1476660358 1 10062.8310547 0. 5.04315295547e-22 0.
1476660399 1 10051.6542969 0. 5.04122990359e-22 0.
1476660445 1 10040.8320312 0. 5.0396949159e-22 0.
1476660476 1 10030.9931641 0. 5.03747758331e-22 0.
1476660507 1 10026.4335938 0. 5.03783853548e-22 0.
1476660538 1 10025.6953125 0. 5.03990975239e-22 0.
1476660584 1 10012.3525391 0. 5.03695238145e-22 0.
1476660622 1 10006.7851562 0. 5.03737640416e-22 0.
1476660660 1 9997.15332031 0. 5.03543386547e-22 0.
1476660695 1 9991.61035156 0. 5.03581951031e-22 0.
1476660730 1 9984.68164062 0. 5.03504051015e-22 0.
1476660765 1 9978.09667969 0. 5.03489487767e-22 0.
1476660783 1 9978.19238281 0. 5.03628463449e-22 0.
1476660811 1 9975.87988281 0. 5.03708256227e-22 0.
1476660842 1 9961.28417969 0. 5.03214349457e-22 0.
1476660888 1 9954.18847656 0. 5.03250358295e-22 0.
1476660948 1 9941.78808594 0. 5.03136605425e-22 0.
1476660994 1 9936.08691406 0. 5.03228566013e-22 0.
1476661025 1 9930.31933594 0. 5.03208037659e-22 0.
1476661071 1 9923.74609375 0. 5.03240443488e-22 0.
1476661132 1 9907.7421875 0. 5.02919090786e-22 0.
1476661192 1 9643.06835938 0. 4.90070629441e-22 0.
1476661253 1 9886.43945312 0. 5.02825121747e-22 0.
1476661313 1 9865.67480469 0. 5.02299882994e-22 0.
1476661373 1 9851.61523438 0. 5.02080921934e-22 0.
1476661433 1 9835.09667969 0. 5.01724890837e-22 0.
1476661493 1 9826.25097656 0. 5.01743304768e-22 0.
1476661553 1 9814.06640625 0. 5.01635132046e-22 0.
1476661613 1 9798.03222656 0. 5.01326927604e-22 0.
1476661674 1 9785.60644531 0. 5.01178528379e-22 0.
1476661719 1 9773.05371094 0. 5.00923701512e-22 0.
1476661765 1 9768.38769531 0. 5.01038183006e-22 0.
1476661825 1 9750.89550781 0. 5.00629846723e-22 0.
1476661885 1 9739.15429688 0. 5.00523234789e-22 0.
1476661945 1 9738.06640625 0. 5.00978765379e-22 0.
1476661989 1 9724.87792969 0. 5.00673492586e-22 0.
1476662032 1 9717.46386719 0. 5.00638484667e-22 0.
1476662092 1 9702.93164062 0. 5.00363173493e-22 0.
1476662152 1 9696.35839844 0. 5.00521143144e-22 0.
1476662213 1 9685.95117188 0. 5.00476930414e-22 0.
1476662273 1 9672.71289062 0. 5.00253062756e-22 0.
1476662333 1 9660.66601562 0. 5.00114033025e-22 0.
1476662393 1 9645.0703125 0. 4.99806555834e-22 0.
1476662453 1 9637.13085938 0. 4.99876419554e-22 0.
1476662513 1 9626.87597656 0. 4.99816643313e-22 0.
1476662574 1 9614.14550781 0. 4.99644182339e-22 0.
1476662634 1 9602.62304688 0. 4.99520301013e-22 0.
1476662694 1 9588.87890625 0. 5.00087792784e-22 0.
1476662729 1 9580.86132812 0. 4.99074386636e-22 0.
1476662760 1 9573.70019531 0. 4.9896338527e-22 0.
1476662817 1 9570.95703125 0. 4.9929479701e-22 0.
1476662877 1 9560.86816406 0. 4.9924593927e-22 0.
1476662937 1 9541.16601562 0. 4.98714014527e-22 0.
1476662997 1 9531.42285156 0. 4.98688700887e-22 0.
1476663035 1 9523.90136719 0. 4.98628546721e-22 0.
1476663056 1 9518.07324219 0. 4.98459898813e-22 0.
1476663073 1 9511.31738281 0. 4.98251585847e-22 0.
1476663109 1 9507.76953125 0. 4.98322001669e-22 0.
1476663169 1 9493.22753906 0. 4.98038034677e-22 0.
1476663229 1 9484.13964844 0. 4.98033532193e-22 0.
1476663289 1 9475.484375 0. 4.98055673583e-22 0.
1476663324 1 9470.43652344 0. 4.98034729801e-22 0.
1476663344 1 9467.58984375 0. 4.9804229511e-22 0.
1476663389 1 9458.87988281 0. 4.97979202445e-22 0.
1476663424 1 9452.05664062 0. 4.97851795716e-22 0.
1476663459 1 9445.23730469 0. 4.97790650619e-22 0.
1476663520 1 9431.16894531 0. 4.97552117451e-22 0.
1476663580 1 9420.51269531 0. 4.97470189001e-22 0.
1476663640 1 9418.27246094 0. 4.97790898358e-22 0.
1476663700 1 9399.61035156 0. 4.97287472197e-22 0.
1476663760 1 9397.45117188 0. 4.97659207006e-22 0.
1476663820 1 9387.98632812 0. 4.97616879458e-22 0.
1476663881 1 9351.23535156 0. 4.96135578306e-22 0.
1476663941 1 9023.81542969 0. 4.79211514402e-22 0.
1476664001 1 9050.51464844 0. 4.81108490109e-22 0.
1476664061 1 9382.28515625 0. 4.99199539164e-22 0.
1476664121 1 9370.41699219 0. 4.99031911998e-22 0.
1476664159 1 9370.29003906 0. 4.99347208609e-22 0.
1476664196 1 9360.12011719 0. 4.9908039433e-22 0.
1476664256 1 9352.17285156 0. 4.99124007685e-22 0.
1476664316 1 9339.06933594 0. 4.98899941127e-22 0.
1476664377 1 9333.81933594 0. 4.99101353102e-22 0.
1476664437 1 9320.65625 0. 4.98887345635e-22 0.
1476664497 1 9306.55664062 0. 4.98584427905e-22 0.
1476664557 1 9293.60546875 0. 4.98374981178e-22 0.
1476664617 1 9285.13867188 0. 4.98390600634e-22 0.
1476664677 1 9280.61621094 0. 4.98618394294e-22 0.
1476664737 1 9270.5546875 0. 4.98559061235e-22 0.
1476664797 1 9256.4609375 0. 4.98251627919e-22 0.
1476664858 1 9247.84472656 0. 4.98259600903e-22 0.
1476664918 1 9238.80761719 0. 4.98241982064e-22 0.
1476664978 1 9230.52832031 0. 4.98280047823e-22 0.
1476665038 1 9221.10546875 0. 4.98253156381e-22 0.
1476665098 1 9205.80273438 0. 4.97897524953e-22 0.
1476665158 1 9196.5625 0. 4.97854314819e-22 0.
1476665218 1 9186.11523438 0. 4.97759878757e-22 0.
1476665278 1 9178.76367188 0. 4.97840104948e-22 0.
1476665339 1 9170.72753906 0. 4.97857564589e-22 0.
1476665399 1 9157.43652344 0. 4.9761226621e-22 0.
1476665459 1 9145.43261719 0. 4.97445482723e-22 0.
1476665519 1 9137.68261719 0. 4.97478346359e-22 0.
1476665579 1 9124.82421875 0. 4.97252749462e-22 0.
1476665639 1 9116.39160156 0. 4.97242596911e-22 0.
1476665699 1 9105.19335938 0. 4.9708198517e-22 0.
1476665760 1 9096.93945312 0. 4.9711897171e-22 0.
1476665820 1 9087.40234375 0. 4.97073311568e-22 0.
1476665880 1 9077.43164062 0. 4.9700350563e-22 0.
1476665940 1 9068.44238281 0. 4.96978430983e-22 0.
1476666000 1 9056.32617188 0. 4.96751069079e-22 0.
1476666060 1 9047.83496094 0. 4.96746499833e-22 0.
1476666120 1 9037.90917969 0. 4.96673739395e-22 0.
1476666180 1 9027.41699219 0. 4.96550492099e-22 0.
1476666241 1 9016.734375 0. 4.96425653593e-22 0.
1476666290 1 9007.35058594 0. 4.96296923107e-22 0.
1476666339 1 8998.2109375 0. 4.96162116696e-22 0.
1476666399 1 8993.71191406 0. 4.96350551186e-22 0.
1476666460 1 8983.73925781 0. 4.96279264423e-22 0.
1476666520 1 8974.19335938 0. 4.96212514447e-22 0.
1476666580 1 8965.54492188 0. 4.96176051495e-22 0.
1476666640 1 8951.77050781 0. 4.95873788149e-22 0.
1476666700 1 8944.47363281 0. 4.95921326509e-22 0.
1476666760 1 8936.84277344 0. 4.95950918237e-22 0.
1476666820 1 8926.13085938 0. 4.95812441952e-22 0.
1476666881 1 8918.02832031 0. 4.95847196486e-22 0.
1476666941 1 8907.99414062 0. 4.95741697498e-22 0.
1476667001 1 8896.84179688 0. 4.95551183561e-22 0.
1476667044 1 8888.09375 0. 4.95385471343e-22 0.
1476667087 1 8885.69628906 0. 4.95583001847e-22 0.
1476667148 1 8873.73339844 0. 0.0 0.
1476667183 1 8866.77441406 0. 4.95222949483e-22 0.
1476667218 1 8859.82714844 0. 4.95103852589e-22 0.
1476667253 1 8854.62695312 0. 4.95144675065e-22 0.
1476667288 1 8848.16308594 0. 4.95028506625e-22 0.
1476667348 1 8841.8046875 0. 4.95145818199e-22 0.
1476667408 1 8832.41992188 0. 4.95068083247e-22 0.
1476667468 1 8819.31152344 0. 4.94772226009e-22 0.
1476667505 1 8811.37011719 0. 4.9464331957e-22 0.
1476667518 1 8811.22949219 0. 4.94731193455e-22 0.
1476667538 1 8810.66503906 0. 4.94811578211e-22 0.
1476667580 1 8799.02148438 0. 4.94485328483e-22 0.
1476667641 1 8793.76074219 0. 4.94641944119e-22 0.
1476667701 1 8780.96484375 0. 4.94358894433e-22 0.
1476667761 1 8771.58007812 0. 4.94270877781e-22 0.
1476667821 1 8767.08984375 0. 4.94470314119e-22 0.
1476667881 1 8758.80761719 0. 4.94451879986e-22 0.
1476667941 1 8749.47363281 0. 4.94391686191e-22 0.
1476668001 1 8742.015625 0. 4.94411103948e-22 0.
1476668046 1 8735.41308594 0. 4.96476808283e-22 0.
1476668086 1 8730.44238281 0. 4.94388231006e-22 0.
1476668141 1 8722.95507812 0. 4.94390711972e-22 0.
1476668202 1 8713.0859375 0. 4.94270144719e-22 0.
1476668262 1 8704.51464844 0. 4.94226368921e-22 0.
1476668322 1 8695.64648438 0. 4.94159363646e-22 0.
1476668382 1 8688.62695312 0. 4.9421013434e-22 0.
1476668442 1 8678.98144531 0. 4.94120365738e-22 0.
1476668502 1 8673.74804688 0. 4.94268929431e-22 0.
1476668562 1 8660.02050781 0. 4.93943398689e-22 0.
1476668623 1 8648.28515625 0. 4.9369818887e-22 0.
1476668683 1 8638.97363281 0. 4.93601348256e-22 0.
1476668743 1 8634.53417969 0. 4.9378849007e-22 0.
1476668803 1 8629.28125 0. 4.93934058469e-22 0.
1476668863 1 8617.1015625 0. 4.93690304033e-22 0.
1476668923 1 8606.24023438 0. 4.93507735739e-22 0.
1476668983 1 8596.578125 0. 4.93398591241e-22 0.
1476669044 1 8589.26367188 0. 4.93422422625e-22 0.
1476669104 1 8582.44824219 0. 4.93462298692e-22 0.
1476669164 1 8572.04199219 0. 4.9332240318e-22 0.
1476669224 1 8563.66992188 0. 4.9330435218e-22 0.
1476669284 1 8552.73730469 0. 4.93129202484e-22 0.
1476669344 1 8545.15722656 0. 4.93102545061e-22 0.
1476669382 1 8540.75878906 0. 4.9316792566e-22 0.
1476669421 1 8537.5078125 0. 4.93231250421e-22 0.
1476669481 1 8527.29199219 0. 4.93072216226e-22 0.
1476669541 1 8518.13085938 0. 4.92988352739e-22 0.
1476669587 1 8510.82519531 0. 4.92903268108e-22 0.
1476669633 1 8502.10351562 0. 4.92712892136e-22 0.
1476669693 1 8495.14160156 0. 0.0 0.
1476669728 1 8491.09082031 0. 4.92762352417e-22 0.
1476669764 1 8487.02050781 0. 4.92773246653e-22 0.
1476669819 1 8478.83007812 0. 4.92747329999e-22 0.
1476669875 1 8466.37695312 0. 4.9241563279e-22 0.
1476669935 1 8461.78320312 0. 4.92604161595e-22 0.
1476669995 1 8455.87988281 0. 4.92684548601e-22 0.
1476670041 1 8446.74121094 0. 4.92492745667e-22 0.
1476670086 1 8439.65136719 0. 4.92380280337e-22 0.
1476670121 1 8434.16113281 0. 4.92268626123e-22 0.
1476670157 1 8428.66992188 0. 4.92219572623e-22 0.
1476670197 1 8423.54980469 0. 4.92269451176e-22 0.
1476670223 1 8419.98242188 0. 4.92253666897e-22 0.
1476670262 1 8416.84375 0. 4.9233324925e-22 0.
1476670314 1 8407.62890625 0. 4.9217814004e-22 0.
1476670374 1 8397.34082031 0. 4.92040098321e-22 0.
1476670435 1 8385.50683594 0. 4.91777009997e-22 0.
1476670473 1 8382.48730469 0. 4.91908267887e-22 0.
1476670511 1 8377.5234375 0. 4.91851901287e-22 0.
1476670546 1 8372.94140625 0. 4.91808185664e-22 0.
1476670581 1 8368.34960938 0. 4.91773954001e-22 0.
1476670641 1 8359.75878906 0. 4.91749506847e-22 0.
1476670702 1 8353.65429688 0. 4.91819814162e-22 0.
1476670742 1 8350.63867188 0. 4.91933859331e-22 0.
1476670783 1 8340.40136719 0. 4.91613936772e-22 0.
1476670843 1 8330.64550781 0. 0.0 0.
1476670878 1 8324.96972656 0. 4.91356891652e-22 0.
1476670913 1 8319.265625 0. 4.91279397874e-22 0.
1476670974 1 8311.11621094 0. 0.0 0.
1476671009 1 8306.37304688 0. 4.91180764265e-22 0.
1476671044 1 8301.625 0. 4.91148370526e-22 0.
1476671104 1 8294.53710938 0. 4.91191738193e-22 0.
1476671164 1 8287.55273438 0. 4.91198042376e-22 0.
1476671224 1 8276.98144531 0. 4.91012690611e-22 0.
1476671285 1 8274.36035156 0. 4.91298529031e-22 0.
1476671345 1 8265.77636719 0. 4.91203715737e-22 0.
1476671405 1 8256.79101562 0. 4.9110079104e-22 0.
1476671465 1 8250.55273438 0. 4.91164606017e-22 0.
1476671525 1 8240.99511719 0. 4.91029089982e-22 0.
1476671585 1 8233.41210938 0. 4.90996083e-22 0.
1476671645 1 8226.62207031 0. 4.9102515293e-22 0.
1476671700 1 8215.203125 0. 4.90726154291e-22 0.
1476671754 1 8211.17675781 0. 4.90854255766e-22 0.
1476671814 1 8200.10058594 0. 4.90618542081e-22 0.
1476671874 1 8157.13916016 0. 4.88458166535e-22 0.
1476671934 1 7887.83398438 0. 4.72726224719e-22 0.
1476671994 1 7942.36621094 0. 4.76444458631e-22 0.
1476672055 1 8169.33349609 0. 4.90472856632e-22 0.
1476672115 1 8164.86962891 0. 4.9063028868e-22 0.
1476672175 1 8152.77587891 0. 4.90328492609e-22 0.
1476672235 1 8140.45947266 0. 4.90025179175e-22 0.
1476672295 1 8135.30712891 0. 4.90136421112e-22 0.
1476672355 1 8129.60449219 0. 4.90222603007e-22 0.
1476672415 1 8122.66699219 0. 4.90231896393e-22 0.
1476672475 1 8111.73925781 0. 4.9001653015e-22 0.
1476672536 1 8106.50683594 0. 4.90118978975e-22 0.
1476672596 1 8096.20458984 0. 4.89926772987e-22 0.
1476672656 1 8083.2109375 0. 4.89580786714e-22 0.
1476672695 1 8084.67431641 0. 4.89979859612e-22 0.
1476672720 1 8076.50683594 0. 4.89636888842e-22 0.
1476672766 1 8070.13867188 0. 4.89569833215e-22 0.
1476672826 1 8066.27685547 0. 4.89756887284e-22 0.
1476672886 1 8060.60791016 0. 4.89846745527e-22 0.
1476672946 1 8055.97314453 0. 4.90000937797e-22 0.
1476673007 1 8042.84863281 0. 4.89623801026e-22 0.
1476673067 1 8037.45605469 0. 4.89715082021e-22 0.
1476673127 1 8027.38525391 0. 4.89517474404e-22 0.
1476673187 1 8021.11083984 0. 4.89552481391e-22 0.
1476673247 1 8014.28759766 0. 4.89563990066e-22 0.
1476673307 1 8007.22705078 0. 4.89566494453e-22 0.
1476673367 1 7998.81054688 0. 4.89474401026e-22 0.
1476673428 1 7990.98779297 0. 4.89428073446e-22 0.
1476673488 1 7984.42919922 0. 4.89458426471e-22 0.
1476673548 1 7971.46630859 0. 4.89076570777e-22 0.
1476673608 1 7967.55126953 0. 4.89260270386e-22 0.
1476673668 1 7959.90039062 0. 4.89210160146e-22 0.
1476673712 1 7949.36035156 0. 4.88875013012e-22 0.
1476673742 1 7947.36376953 0. 4.88965323301e-22 0.
1476673774 1 7944.95068359 0. 4.89054162087e-22 0.
1476673820 1 7939.78173828 0. 4.89033803316e-22 0.
1476673865 1 7933.8046875 0. 4.88972308608e-22 0.
1476673911 1 7926.41845703 0. 0.0 0.
1476673946 1 7920.703125 0. 4.88680497594e-22 0.
1476673962 1 7918.12841797 0. 4.8866268821e-22 0.
1476673988 1 7913.70166016 0. 4.8858904426e-22 0.
1476674016 1 7910.16845703 0. 4.88574827834e-22 0.
1476674034 1 7907.96484375 0. 4.88506445692e-22 0.
1476674044 1 7906.66650391 0. 4.96226419173e-22 0.
1476674072 1 7906.94433594 0. 4.887569265e-22 0.
1476674126 1 7904.36035156 0. 4.8897357958e-22 0.
1476674186 1 7895.67822266 0. 4.88854138402e-22 0.
1476674247 1 7883.35742188 0. 4.88518329576e-22 0.
1476674307 1 7874.76855469 0. 0.0 0.
1476674342 1 7869.7734375 0. 4.88296086819e-22 0.
1476674378 1 7864.77490234 0. 4.88239691215e-22 0.
1476674438 1 7855.21191406 0. 4.88100167587e-22 0.
1476674498 1 7850.93066406 0. 0.0 0.
1476674533 1 7848.43310547 0. 4.88297154065e-22 0.
1476674568 1 7845.92480469 0. 4.88401545685e-22 0.
1476674628 1 7834.43701172 0. 4.88128340293e-22 0.
1476674689 1 7827.42236328 0. 4.88116504868e-22 0.
1476674749 1 7823.41796875 0. 4.88277578792e-22 0.
1476674809 1 7813.44140625 0. 4.88083780783e-22 0.
1476674869 1 7805.328125 0. 4.87983626737e-22 0.
1476674929 1 7795.86230469 0. 4.87812372407e-22 0.
1476674989 1 7787.86425781 0. 4.87740461973e-22 0.
1476675049 1 7781.49023438 0. 4.87757759148e-22 0.
1476675110 1 7776.61669922 0. 4.8785468693e-22 0.
1476675170 1 7767.71630859 0. 4.87716187635e-22 0.
1476675230 1 7763.42285156 0. 4.87864710563e-22 0.
1476675290 1 7757.75537109 0. 4.87929893121e-22 0.
1476675350 1 7750.53222656 0. 4.87873632358e-22 0.
1476675410 1 7742.12207031 0. 4.87763585003e-22 0.
1476675470 1 7737.06542969 0. 4.87864499159e-22 0.
1476675530 1 7729.296875 0. 4.87805916701e-22 0.
1476675591 1 7713.70166016 0. 4.87227647034e-22 0.
1476675651 1 7703.04492188 0. 4.86957749453e-22 0.
1476675711 1 7695.24853516 0. 4.86885369025e-22 0.
1476675771 1 7686.99169922 0. 4.86775098999e-22 0.
1476675831 1 7679.20996094 0. 4.86698507634e-22 0.
1476675891 1 7669.03125 0. 4.86450388412e-22 0.
1476675951 1 7663.4609375 0. 0.0 0.
1476675987 1 7660.21142578 0. 4.86512725308e-22 0.
1476676006 1 7658.41064453 0. 4.86531956416e-22 0.
1476676036 1 7652.68164062 0. 4.86403070839e-22 0.
1476676067 1 7649.09375 0. 4.86409957166e-22 0.
1476676098 1 7645.890625 0. 4.86402128801e-22 0.
1476676129 1 7643.30712891 0. 4.86442422152e-22 0.
1476676161 1 7644.12402344 0. 4.86714187634e-22 0.
1476676206 1 7632.11425781 0. 4.86258552551e-22 0.
1476676267 1 7626.85986328 0. 4.86324715165e-22 0.
1476676327 1 7615.80859375 0. 4.86027678344e-22 0.
1476676387 1 7610.79345703 0. 4.87450397511e-22 0.
1476676447 1 7606.46679688 0. 4.86251251391e-22 0.
1476676507 1 7594.234375 0. 4.85869837823e-22 0.
1476676567 1 7592.50195312 0. 4.86187923942e-22 0.
1476676628 1 7584.83935547 0. 4.86094505962e-22 0.
1476676674 1 7579.47851562 0. 4.86063699665e-22 0.
1476676702 1 7579.05078125 0. 4.86220873935e-22 0.
1476676718 1 7578.79296875 0. 4.86263241209e-22 0.
1476676732 1 7578.57910156 0. 4.86358050383e-22 0.
1476676759 1 7573.72509766 0. 4.86256278756e-22 0.
1476676793 1 7568.35400391 0. 4.86152760485e-22 0.
1476676839 1 7522.02197266 0. 4.83484170439e-22 0.
1476676874 1 7486.33203125 0. 4.81371504989e-22 0.
1476676903 1 7456.56787109 0. 4.79689542764e-22 0.
1476676933 1 7426.75097656 0. 4.77981099007e-22 0.
1476676950 1 7409.76367188 0. 4.77032636953e-22 0.
1476676977 1 7411.17333984 0. 4.7734962337e-22 0.
1476677008 1 7329.13378906 0. 4.72313750501e-22 0.
1476677039 1 7305.98876953 0. 4.71037215836e-22 0.
1476677085 1 7308.44091797 0. 4.71513933431e-22 0.
1476677120 1 7310.32714844 0. 4.71830145111e-22 0.
1476677155 1 7312.21435547 0. 4.72199247799e-22 0.
1476677211 1 7309.27783203 0. 4.72407631709e-22 0.
1476677252 1 7301.01757812 0. 4.72168260247e-22 0.
1476677283 1 7299.56152344 0. 4.72260099769e-22 0.
1476677329 1 7298.15966797 0. 4.72465704371e-22 0.
1476677380 1 7294.17724609 0. 4.72535680511e-22 0.
1476677411 1 7172.11474609 0. 4.64853715582e-22 0.
1476677436 1 7059.66259766 0. 4.57714438862e-22 0.
1476677481 1 6971.6875 0. 4.52281183685e-22 0.
1476677527 1 7289.60107422 0. 4.73209321873e-22 0.
1476677558 1 7288.03808594 0. 4.73284527773e-22 0.
1476677589 1 7278.82861328 0. 4.72915090342e-22 0.
1476677635 1 7279.72900391 0. 4.7326286954e-22 0.
1476677695 1 7271.54931641 0. 4.73124303107e-22 0.
1476677755 1 7264.546875 0. 4.73076756094e-22 0.
1476677815 1 7258.23583984 0. 4.73071141457e-22 0.
1476677876 1 7251.94140625 0. 4.7305832663e-22 0.
1476677936 1 7247.11816406 0. 4.73145992473e-22 0.
1476677996 1 7241.34863281 0. 0.0 0.
1476678031 1 7237.98291016 0. 4.73133249694e-22 0.
1476678066 1 7234.62109375 0. 4.7314983736e-22 0.
1476678126 1 7229.45507812 0. 4.7322081271e-22 0.
1476678186 1 7222.80859375 0. 4.73176769976e-22 0.
1476678246 1 7214.81152344 0. 4.7306462607e-22 0.
1476678306 1 7208.02880859 0. 4.73003510884e-22 0.
1476678366 1 7201.14599609 0. 4.72939043056e-22 0.
1476678427 1 7193.05957031 0. 4.72790826918e-22 0.
1476678487 1 7188.765625 0. 4.72892438613e-22 0.
1476678547 1 7183.24365234 0. 4.72924679279e-22 0.
1476678607 1 7173.73486328 0. 4.72687035266e-22 0.
1476678667 1 7168.67626953 0. 4.72741890091e-22 0.
1476678727 1 7159.82763672 0. 4.72567747602e-22 0.
1476678787 1 7152.88623047 0. 4.72496571113e-22 0.
1476678848 1 7145.65673828 0. 4.72406743397e-22 0.
1476678908 1 7142.54052734 0. 4.7260953271e-22 0.
1476678968 1 7134.32666016 0. 4.72470579833e-22 0.
1476679028 1 7131.08447266 0. 4.72648170563e-22 0.
1476679088 1 7124.97167969 0. 4.72733432446e-22 0.
1476679148 1 7119.22363281 0. 4.72647390112e-22 0.
1476679208 1 7111.29101562 0. 4.72512672993e-22 0.
1476679269 1 7105.09667969 0. 4.72468729269e-22 0.
1476679329 1 7102.40869141 0. 4.72685289031e-22 0.
1476679389 1 7094.64794922 0. 4.72558571688e-22 0.
1476679449 1 7088.18994141 0. 4.72506536529e-22 0.
1476679509 1 7081.16015625 0. 4.72447923215e-22 0.
1476679569 1 7072.05175781 0. 4.72225358176e-22 0.
1476679629 1 7069.46875 0. 4.72452108619e-22 0.
1476679689 1 7061.55761719 0. 4.72302076922e-22 0.
1476679750 1 7056.10498047 0. 4.7231432195e-22 0.
1476679810 1 7052.06445312 0. 4.7244448542e-22 0.
1476679870 1 7042.78076172 0. 4.72215653344e-22 0.
1476679930 1 7039.91162109 0. 4.72393706565e-22 0.
1476679990 1 7036.37011719 0. 4.72541060899e-22 0.
1476680050 1 7030.77294922 0. 4.72546655424e-22 0.
1476680110 1 7026.79980469 0. 4.7268959321e-22 0.
1476680171 1 7017.60742188 0. 4.7245739147e-22 0.
1476680231 1 7010.11572266 0. 4.72322215752e-22 0.
1476680291 1 7003.58984375 0. 4.72271250587e-22 0.
1476680351 1 6994.45361328 0. 4.72042171633e-22 0.
1476680411 1 6988.90087891 0. 4.72058881094e-22 0.
1476680471 1 6983.02832031 0. 4.7204239397e-22 0.
1476680531 1 6977.74951172 0. 4.72092883269e-22 0.
1476680591 1 6972.52783203 0. 4.72108693363e-22 0.
1476680652 1 6965.75488281 0. 4.72030477756e-22 0.
1476680712 1 6960.72167969 0. 4.72082485876e-22 0.
1476680772 1 6950.57714844 0. 4.71796060415e-22 0.
1476680832 1 6941.74414062 0. 4.71562099426e-22 0.
1476680892 1 6938.48632812 0. 4.71715994401e-22 0.
1476680952 1 6936.15234375 0. 4.71942825749e-22 0.
1476681012 1 6929.36230469 0. 4.71865068191e-22 0.
1476681072 1 6924.95703125 0. 4.71943883775e-22 0.
1476681132 1 6917.47753906 0. 4.71818134381e-22 0.
1476681193 1 6912.59716797 0. 4.71864563428e-22 0.
1476681253 1 6907.98144531 0. 4.7190249847e-22 0.
1476681313 1 6900.72412109 0. 4.71797870699e-22 0.
1476681373 1 6897.05664062 0. 4.71924829633e-22 0.
1476681433 1 6891.68017578 0. 4.71936055007e-22 0.
1476681493 1 6886.19140625 0. 4.71928865683e-22 0.
1476681553 1 6880.03857422 0. 4.71882502813e-22 0.
1476681613 1 6873.62402344 0. 4.71832080678e-22 0.
1476681674 1 6870.35302734 0. 4.72005330703e-22 0.
1476681734 1 6867.60644531 0. 4.72180812397e-22 0.
1476681794 1 6860.94970703 0. 4.72120140526e-22 0.
1476681854 1 6854.95117188 0. 0.0 0.
1476681889 1 6851.45068359 0. 4.72063423314e-22 0.
1476681914 1 6848.92919922 0. 4.72044480261e-22 0.
1476681945 1 6849.44677734 0. 4.72286807788e-22 0.
1476681985 1 6853.12646484 0. 4.72811663081e-22 0.
1476682028 1 6848.50097656 0. 0.0 0.
1476682047 1 6846.55908203 0. 4.72699082806e-22 0.
1476682057 1 6845.484375 0. 4.72725028171e-22 0.
1476682092 1 6838.59179688 0. 4.72479866355e-22 0.
1476682152 1 6832.50488281 0. 4.72440724428e-22 0.
1476682212 1 6824.99804688 0. 4.72286656945e-22 0.
1476682272 1 6819.70410156 0. 4.72324045549e-22 0.
1476682332 1 6815.78076172 0. 4.72417148543e-22 0.
1476682392 1 6810.28710938 0. 4.72409359489e-22 0.
1476682453 1 6801.98583984 0. 4.72215097073e-22 0.
1476682513 1 6798.75244141 0. 4.72373881039e-22 0.
1476682573 1 6792.86181641 0. 4.72342677829e-22 0.
1476682633 1 6789.83984375 0. 4.72521287324e-22 0.
1476682693 1 6785.06640625 0. 4.72574184405e-22 0.
1476682753 1 6776.80712891 0. 4.72413173121e-22 0.
1476682813 1 6769.65039062 0. 4.7228602534e-22 0.
1476682856 1 6765.58251953 0. 4.72274053382e-22 0.
1476682893 1 6763.57617188 0. 4.72374586254e-22 0.
1476682930 1 6760.90234375 0. 4.72408530303e-22 0.
1476682967 1 6757.81982422 0. 4.72440611886e-22 0.
1476683023 1 6753.07861328 0. 4.72465261624e-22 0.
1476683083 1 6746.29394531 0. 4.72358081941e-22 0.
1476683143 1 6741.08789062 0. 4.72380542636e-22 0.
1476683203 1 6735.29150391 0. 4.72348979979e-22 0.
1476683263 1 6730.11523438 0. 4.72370369485e-22 0.
1476683323 1 6724.03417969 0. 4.72299323028e-22 0.
1476683383 1 6717.91650391 0. 4.72270371406e-22 0.
1476683430 1 6716.05322266 0. 0.0 0.
1476683452 1 6715.18505859 0. 4.72476876656e-22 0.
1476683462 1 6714.78173828 0. 4.72525940036e-22 0.
1476683472 1 6716.62304688 0. 4.72749866384e-22 0.
1476683507 1 6639.0546875 0. 4.67491473236e-22 0.
1476683568 1 6437.87841797 0. 4.53702583947e-22 0.
1476683628 1 6598.79492188 0. 4.65422348531e-22 0.
1476683688 1 6692.44482422 0. 4.72374478333e-22 0.
1476683748 1 6685.99267578 0. 4.72295185227e-22 0.
1476683808 1 6676.18212891 0. 4.71995805496e-22 0.
1476683868 1 6671.57958984 0. 4.72036254144e-22 0.
1476683929 1 6666.08935547 0. 4.7203534892e-22 0.
1476683989 1 6657.93017578 0. 4.71834660843e-22 0.
1476684049 1 6654.23095703 0. 4.71932282427e-22 0.
1476684110 1 6648.32421875 0. 4.7187265732e-22 0.
1476684170 1 6643.34277344 0. 4.71920761891e-22 0.
1476684230 1 6636.41992188 0. 4.71796378986e-22 0.
1476684290 1 6631.1875 0. 4.71803787255e-22 0.
1476684350 1 6627.61279297 0. 4.71926263246e-22 0.
1476684410 1 6623.44335938 0. 4.71987746461e-22 0.
1476684471 1 6619.16113281 0. 4.7204930438e-22 0.
1476684531 1 6614.07470703 0. 4.72054993016e-22 0.
1476684591 1 6608.83349609 0. 4.72072514535e-22 0.
1476684651 1 6604.46728516 0. 4.72127827871e-22 0.
1476684711 1 6599.60058594 0. 4.72177961596e-22 0.
1476684771 1 6594.04101562 0. 4.72141651333e-22 0.
1476684831 1 6592.29736328 0. 4.72377363153e-22 0.
1476684892 1 6583.56445312 0. 4.72120184396e-22 0.
1476684952 1 6579.18847656 0. 4.7217303466e-22 0.
1476685013 1 6574.05810547 0. 4.7217643159e-22 0.
1476685073 1 6569.19091797 0. 4.72233355865e-22 0.
1476685133 1 6564.12109375 0. 4.72243779539e-22 0.
1476685194 1 6557.5859375 0. 4.72166373508e-22 0.
1476685254 1 6553.29833984 0. 4.72250143891e-22 0.
1476685315 1 6547.14599609 0. 4.72188921995e-22 0.
1476685375 1 6543.01318359 0. 4.72269175356e-22 0.
1476685435 1 6537.35888672 0. 4.72230081993e-22 0.
1476685496 1 6533.29052734 0. 4.72314169943e-22 0.
1476685542 1 6530.04833984 0. 4.72371868842e-22 0.
1476685588 1 6526.28662109 0. 4.72386861619e-22 0.
1476685623 1 6523.42333984 0. 4.7236229108e-22 0.
1476685659 1 6520.55761719 0. 4.72396331061e-22 0.
1476685719 1 6514.56054688 0. 4.72383435058e-22 0.
1476685779 1 6508.56054688 0. 4.72322944962e-22 0.
1476685839 1 6502.68554688 0. 4.72268857356e-22 0.
1476685899 1 6499.18164062 0. 4.72390082523e-22 0.
1476685959 1 6492.57763672 0. 4.72272905105e-22 0.
1476686002 1 6491.27490234 0. 4.72435429191e-22 0.
1476686034 1 6487.03466797 0. 4.72328102749e-22 0.
1476686083 1 6482.890625 0. 4.7232178186e-22 0.
1476686143 1 6478.65722656 0. 4.72378827853e-22 0.
1476686204 1 6474.49511719 0. 4.7243343675e-22 0.
1476686264 1 6468.93505859 0. 4.72406163158e-22 0.
1476686324 1 6461.79150391 0. 4.72254152882e-22 0.
1476686381 1 6457.94482422 0. 4.72322019251e-22 0.
1476686428 1 6456.01953125 0. 4.72480501311e-22 0.
1476686477 1 6451.22460938 0. 4.7242972775e-22 0.
1476686537 1 6444.43994141 0. 4.72303689368e-22 0.
1476686573 1 6439.99414062 0. 4.72226048439e-22 0.
1476686610 1 6437.1875 0. 0.0 0.
1476686645 1 6434.49365234 0. 4.72216133581e-22 0.
1476686681 1 6431.80029297 0. 4.72230250095e-22 0.
1476686741 1 6425.93945312 0. 4.72202969995e-22 0.
1476686801 1 6421.27783203 0. 4.72231397517e-22 0.
1476686861 1 6416.45068359 0. 4.72259224364e-22 0.
1476686917 1 6410.49121094 0. 4.72183053076e-22 0.
1476686972 1 6406.51367188 0. 4.72228016112e-22 0.
1476687033 1 6402.99951172 0. 4.72342163668e-22 0.
1476687093 1 6397.99169922 0. 4.72354987321e-22 0.
1476687153 1 6392.39941406 0. 4.72300713508e-22 0.
1476687213 1 6386.12548828 0. 4.72206833362e-22 0.
1476687258 1 6381.43652344 0. 4.72138858227e-22 0.
1476687303 1 6377.57519531 0. 4.72127904047e-22 0.
1476687364 1 6374.70458984 0. 4.72270527421e-22 0.
1476687424 1 6367.25732422 0. 4.72085530006e-22 0.
1476687484 1 6363.12109375 0. 4.72141753856e-22 0.
1476687544 1 6357.83349609 0. 4.72116678399e-22 0.
1476687604 1 6354.24609375 0. 4.72225399117e-22 0.
1476687664 1 6349.90234375 0. 4.72246296091e-22 0.
1476687725 1 6343.73779297 0. 0.0 0.
1476687760 1 6340.12548828 0. 4.72066255579e-22 0.
1476687795 1 6336.484375 0. 4.72023605004e-22 0.
1476687856 1 6332.05908203 0. 4.72078849105e-22 0.
1476687916 1 6327.45410156 0. 4.72086369834e-22 0.
1476687976 1 6320.40820312 0. 4.71920343501e-22 0.
1476688036 1 6316.38525391 0. 4.72006565168e-22 0.
1476688096 1 6312.73730469 0. 4.72094383298e-22 0.
1476688156 1 6309.60253906 0. 4.72215537395e-22 0.
1476688217 1 6303.734375 0. 4.7213939203e-22 0.
1476688277 1 6296.07275391 0. 4.71936663503e-22 0.
1476688337 1 6291.18310547 0. 4.71939347216e-22 0.
1476688397 1 6285.22460938 0. 4.71841636582e-22 0.
1476688457 1 6281.45117188 0. 4.71925632164e-22 0.
1476688517 1 6276.29003906 0. 4.71885275609e-22 0.
1476688577 1 6270.66162109 0. 4.71836256898e-22 0.
1476688637 1 6265.80322266 0. 4.71837134379e-22 0.
1476688698 1 6260.07080078 0. 4.71789283536e-22 0.
1476688758 1 6255.76855469 0. 4.71827747642e-22 0.
1476688818 1 6252.13378906 0. 4.71907071992e-22 0.
1476688878 1 6245.31494141 0. 4.71755727651e-22 0.
1476688938 1 6240.01611328 0. 4.71715666784e-22 0.
1476688990 1 6235.43652344 0. 4.71686049792e-22 0.
1476689030 1 6231.38964844 0. 4.71630557253e-22 0.
1476689058 1 6230.38818359 0. 0.0 0.
1476689072 1 6229.88476562 0. 4.71752002944e-22 0.
1476689082 1 6229.51904297 0. 4.71768113085e-22 0.
1476689117 1 6225.87060547 0. 4.71721995245e-22 0.
1476689174 1 6221.16992188 0. 4.7170898322e-22 0.
1476689230 1 6214.57421875 0. 4.71556936698e-22 0.
1476689290 1 6209.07910156 0. 4.71493452569e-22 0.
1476689351 1 6207.58837891 0. 4.71735865284e-22 0.
1476689411 1 6203.26416016 0. 4.71790077262e-22 0.
1476689471 1 6196.77050781 0. 4.71650122731e-22 0.
1476689531 1 6192.46777344 0. 4.71688428316e-22 0.
1476689591 1 6185.93164062 0. 4.7155030817e-22 0.
1476689651 1 6180.25927734 0. 4.71479873357e-22 0.
1476689711 1 6176.12744141 0. 4.71541760099e-22 0.
1476689772 1 6170.64013672 0. 4.7147157305e-22 0.
1476689832 1 6168.10693359 0. 4.71629707969e-22 0.
1476689892 1 6164.38964844 0. 4.71698606697e-22 0.
1476689952 1 6157.83251953 0. 4.71553706905e-22 0.
1476690012 1 6152.44091797 0. 4.71488728531e-22 0.
1476690072 1 6145.28369141 0. 4.71303854789e-22 0.
1476690132 1 6141.17724609 0. 4.71333630356e-22 0.
1476690193 1 6137.02001953 0. 4.71382721559e-22 0.
1476690253 1 6132.80078125 0. 4.7141081782e-22 0.
1476690313 1 6129.29199219 0. 4.71506703278e-22 0.
1476690373 1 6124.12304688 0. 4.7143677343e-22 0.
1476690414 1 6120.05810547 0. 4.71399925557e-22 0.
1476690440 1 6119.27539062 0. 4.71493071243e-22 0.
1476690486 1 6113.27685547 0. 4.71291593249e-22 0.
1476690546 1 6110.62597656 0. 4.71435521102e-22 0.
1476690606 1 6105.35302734 0. 4.71381630861e-22 0.
1476690666 1 6103.27636719 0. 4.71588485491e-22 0.
1476690727 1 6100.31689453 0. 4.72567569821e-22 0.
1476690787 1 6095.52978516 0. 4.71706627435e-22 0.
1476690845 1 6094.15771484 0. 0.0 0.
1476690878 1 6093.37646484 0. 4.7203881454e-22 0.
1476690888 1 6093.13720703 0. 4.72085429399e-22 0.
1476690923 1 6089.98925781 0. 4.72080094818e-22 0.
1476690983 1 6085.57666016 0. 4.72087249477e-22 0.
1476691043 1 6080.35693359 0. 4.72043564786e-22 0.
1476691103 1 6075.04003906 0. 4.71980829466e-22 0.
1476691164 1 6069.71142578 0. 4.71923105777e-22 0.
1476691224 1 6066.04003906 0. 4.71989135457e-22 0.
1476691284 1 6060.74560547 0. 4.71932251716e-22 0.
1476691320 1 6059.21533203 0. 4.72048661557e-22 0.
1476691342 1 6056.50537109 0. 4.71961234995e-22 0.
1476691388 1 6053.3125 0. 4.71973489386e-22 0.
1476691448 1 6048.48632812 0. 4.71955277794e-22 0.
1476691509 1 6042.62255859 0. 4.71869009381e-22 0.
1476691569 1 6040.13085938 0. 4.72019624429e-22 0.
1476691629 1 6036.02734375 0. 4.72054194394e-22 0.
1476691689 1 6029.90917969 0. 4.71929035879e-22 0.
1476691749 1 6023.82568359 0. 4.71820249411e-22 0.
1476691809 1 6022.28564453 0. 4.7206176132e-22 0.
1476691869 1 6016.56054688 0. 4.71958418116e-22 0.
1476691930 1 6010.9453125 0. 4.71879432454e-22 0.
1476691990 1 6006.25537109 0. 4.71859073106e-22 0.
1476692050 1 6001.63720703 0. 4.71848733948e-22 0.
1476692110 1 5996.13330078 0. 4.71769433606e-22 0.
1476692170 1 5991.89160156 0. 4.71782983548e-22 0.
1476692230 1 5988.38574219 0. 4.71871523453e-22 0.
1476692290 1 5981.63183594 0. 4.71688523829e-22 0.
1476692350 1 5977.36132812 0. 4.71696756114e-22 0.
1476692411 1 5973.96337891 0. 4.71776495296e-22 0.
1476692471 1 5969.61669922 0. 4.71778192673e-22 0.
1476692531 1 5966.65576172 0. 4.71888833678e-22 0.
1476692591 1 5963.18554688 0. 4.71963156373e-22 0.
1476692651 1 5956.86474609 0. 4.71817844443e-22 0.
1476692711 1 5951.89794922 0. 4.71769129878e-22 0.
1476692771 1 5946.81152344 0. 4.71717178132e-22 0.
1476692831 1 5942.47460938 0. 4.71731125271e-22 0.
1476692892 1 5938.77246094 0. 4.71781039258e-22 0.
1476692952 1 5934.14648438 0. 4.71777689643e-22 0.
1476693010 1 5928.98535156 0. 0.0 0.
1476693043 1 5926.04541016 0. 4.71632689004e-22 0.
1476693053 1 5925.15332031 0. 4.71657781936e-22 0.
1476693080 1 5922.52685547 0. 4.71616498283e-22 0.
1476693131 1 5915.85351562 0. 4.71372893446e-22 0.
1476693191 1 5914.17431641 0. 4.71582314527e-22 0.
1476693252 1 5786.48632812 0. 4.61731117178e-22 0.
1476693312 1 5662.42529297 0. 4.52175105664e-22 0.
1476693372 1 5902.50927734 0. 4.71681713928e-22 0.
1476693432 1 5895.45556641 0. 4.71479620862e-22 0.
1476693492 1 5891.05664062 0. 4.71488601912e-22 0.
1476693552 1 5887.18554688 0. 4.71515953891e-22 0.
1476693612 1 5883.45166016 0. 4.71571193107e-22 0.
1476693673 1 5878.72412109 0. 4.71547041343e-22 0.
1476693733 1 5876.90917969 0. 4.71754517394e-22 0.
1476693793 1 5869.84765625 0. 4.71526060091e-22 0.
1476693853 1 5864.83496094 0. 4.71475281655e-22 0.
1476693913 1 5861.46386719 0. 4.71553566208e-22 0.
1476693958 1 5858.6875 0. 0.0 0.
1476693979 1 5857.44873047 0. 4.71571390916e-22 0.
1476693989 1 5856.83056641 0. 4.71620587475e-22 0.
1476693999 1 5856.21484375 0. 4.71637250239e-22 0.
1476694034 1 5854.05859375 0. 4.71643991979e-22 0.
1476694069 1 5848.59765625 0. 4.71474039639e-22 0.
1476694104 1 5849.60839844 0. 4.71715553197e-22 0.
1476694165 1 5844.80273438 0. 4.71679986705e-22 0.
1476694225 1 5839.5078125 0. 4.71601065443e-22 0.
1476694285 1 5835.43701172 0. 4.71621296541e-22 0.
1476694345 1 5828.44482422 0. 4.71396500484e-22 0.
1476694405 1 5825.12597656 0. 4.7146135195e-22 0.
1476694443 1 5823.15625 0. 4.71559959816e-22 0.
1476694474 1 5821.71826172 0. 4.71607044018e-22 0.
1476694529 1 5817.74267578 0. 4.71591193992e-22 0.
1476694589 1 5813.27050781 0. 4.71565093921e-22 0.
1476694649 1 5808.96777344 0. 4.715642377e-22 0.
1476694709 1 5805.24511719 0. 4.71600954885e-22 0.
1476694760 1 5800.77978516 0. 4.7155015928e-22 0.
1476694796 1 5797.61425781 0. 4.71506733642e-22 0.
1476694842 1 5795.08251953 0. 4.71553454932e-22 0.
1476694902 1 5789.421875 0. 4.71444986973e-22 0.
1476694962 1 5787.48193359 0. 4.71638140229e-22 0.
1476695022 1 5784.26611328 0. 4.71702730565e-22 0.
1476695082 1 5777.03857422 0. 4.71475541049e-22 0.
1476695142 1 5771.80566406 0. 4.71407535813e-22 0.
1476695203 1 5768.49072266 0. 4.7148493095e-22 0.
1476695248 1 5764.60009766 0. 4.71429130944e-22 0.
1476695278 1 5763.23828125 0. 4.71488523036e-22 0.
1476695324 1 5759.91992188 0. 0.0 0.
1476695359 1 5757.36328125 0. 4.71447646242e-22 0.
1476695369 1 5756.63525391 0. 4.71451407264e-22 0.
1476695404 1 5755.25244141 0. 4.7155470365e-22 0.
1476695465 1 5750.32519531 0. 0.0 0.
1476695500 1 5747.43945312 0. 4.71414648395e-22 0.
1476695520 1 5745.7421875 0. 4.71411010137e-22 0.
1476695552 1 5744.24414062 0. 4.71482160124e-22 0.
1476695597 1 5741.35839844 0. 4.71505223597e-22 0.
1476695658 1 5737.44677734 0. 4.71535214408e-22 0.
1476695718 1 5732.40039062 0. 4.71455324325e-22 0.
1476695778 1 5727.234375 0. 4.71395892613e-22 0.
1476695838 1 5722.11376953 0. 4.71307374912e-22 0.
1476695898 1 5718.76953125 0. 4.71373830469e-22 0.
1476695958 1 5715.68212891 0. 4.71465150752e-22 0.
1476696019 1 5712.56640625 0. 4.71551999316e-22 0.
1476696079 1 5707.27783203 0. 4.71440660543e-22 0.
1476696139 1 5701.31347656 0. 4.71298651386e-22 0.
1476696199 1 5696.83300781 0. 4.71271508868e-22 0.
1476696259 1 5692.72900391 0. 4.71278901523e-22 0.
1476696319 1 5689.48730469 0. 4.71362203409e-22 0.
1476696379 1 5684.1953125 0. 4.71279818365e-22 0.
1476696440 1 5681.28710938 0. 4.71376342516e-22 0.
1476696500 1 5676.12646484 0. 4.71295485085e-22 0.
1476696560 1 5671.625 0. 4.7126463489e-22 0.
1476696620 1 5668.55664062 0. 4.71338617338e-22 0.
1476696680 1 5662.99121094 0. 4.71223520515e-22 0.
1476696740 1 5654.53271484 0. 4.70863804041e-22 0.
1476696800 1 5652.18310547 0. 4.710031612e-22 0.
1476696861 1 5646.984375 0. 4.70911175568e-22 0.
1476696921 1 5641.85107422 0. 4.70833857786e-22 0.
1476696981 1 5640.828125 0. 4.7108599853e-22 0.
1476697041 1 5636.89550781 0. 4.7110583735e-22 0.
1476697101 1 5630.34521484 0. 4.70889178761e-22 0.
1476697161 1 5628.09375 0. 4.71042886022e-22 0.
1476697221 1 5624.35693359 0. 4.71077722256e-22 0.
1476697281 1 5620.52734375 0. 4.71087540789e-22 0.
1476697342 1 5615.66894531 0. 4.7100431724e-22 0.
1476697402 1 5612.65869141 0. 4.71098833378e-22 0.
1476697462 1 5607.07080078 0. 4.70965284439e-22 0.
1476697522 1 5602.51904297 0. 4.70944346176e-22 0.
1476697582 1 5598.50292969 0. 4.70940863097e-22 0.
1476697642 1 5591.87988281 0. 4.70719942705e-22 0.
1476697703 1 5587.13964844 0. 4.70662149587e-22 0.
1476697763 1 5580.57470703 0. 4.70453924429e-22 0.
1476697823 1 5577.34863281 0. 4.70521433957e-22 0.
1476697883 1 5572.84765625 0. 4.70481568886e-22 0.
1476697943 1 5569.91455078 0. 4.70578303882e-22 0.
1476698001 1 5566.49121094 0. 4.70616341432e-22 0.
1476698059 1 5561.38867188 0. 0.0 0.
1476698094 1 5558.28662109 0. 4.70439116254e-22 0.
1476698129 1 5555.18017578 0. 4.70361096415e-22 0.
1476698189 1 5547.89550781 0. 4.70102744906e-22 0.
1476698240 1 5550.22802734 0. 4.70568383657e-22 0.
1476698291 1 5452.19287109 0. 4.62545068026e-22 0.
1476698351 1 5302.55566406 0. 4.50180217626e-22 0.
1476698411 1 5503.96435547 0. 4.67606052261e-22 0.
1476698466 1 5448.93408203 0. 4.63247716813e-22 0.
1476698501 1 5413.10449219 0. 4.60457225725e-22 0.
1476698541 1 5384.25439453 0. 4.58227244036e-22 0.
1476698601 1 5339.84521484 0. 4.54827984456e-22 0.
1476698662 1 5346.85791016 0. 4.55751928377e-22 0.
1476698722 1 5343.25048828 0. 4.55778942971e-22 0.
1476698782 1 5341.29785156 0. 4.55941068392e-22 0.
1476698842 1 5336.93701172 0. 4.55894840968e-22 0.
1476698902 1 5333.29736328 0. 4.55903079512e-22 0.
