1476850420 1 12874.5214844 0. 5.31510009911e-22 0.
1476850460 1 12856.984375 0. 5.31588842424e-22 0.
1476850500 1 12838.4599609 0. 5.31536061752e-22 0.
1476850560 1 12817.2138672 0. 5.3176101333e-22 0.
1476850620 1 12789.8710938 0. 5.31748702257e-22 0.
1476850680 1 12763.3232422 0. 5.31731933418e-22 0.
1476850740 1 12729.828125 0. 5.31386456988e-22 0.
1476850801 1 12706.1777344 0. 5.31456188138e-22 0.
1476850861 1 12681.7490234 0. 5.31447669386e-22 0.
1476850904 1 12664.2207031 0. 5.31424195594e-22 0.
1476850922 1 12656.8193359 0. 5.31323183337e-22 0.
1476850957 1 12642.4736328 0. 5.31255170554e-22 0.
1476851017 1 12611.0927734 0. 5.30915177487e-22 0.
1476851077 1 12581.6689453 0. 5.30573021975e-22 0.
1476851137 1 12557.5458984 0. 5.3043896798e-22 0.
1476851198 1 12538.8457031 0. 5.30490037572e-22 0.
1476851258 1 12501.9628906 0. 5.29763105686e-22 0.
1476851318 1 12477.8388672 0. 5.29578867961e-22 0.
1476851363 1 12481.6621094 0. 5.3034727301e-22 0.
1476851408 1 12404.6289062 0. 5.27662733244e-22 0.
1476851468 1 12003.7685547 0. 5.11307514182e-22 0.
1476851529 1 11731.8193359 0. 5.00467197068e-22 0.
1476851589 1 12426.4355469 0. 5.30829645793e-22 0.
1476851649 1 12407.7792969 0. 5.30706371885e-22 0.
1476851709 1 12405.5244141 0. 5.31317688598e-22 0.
1476851769 1 12394.8808594 0. 5.31413476238e-22 0.
1476851829 1 12390.8544922 0. 5.31900133164e-22 0.
1476851889 1 12353.6005859 0. 5.30978176487e-22 0.
1476851950 1 12331.46875 0. 5.30776746926e-22 0.
1476852010 1 12311.7021484 0. 5.30698750592e-22 0.
1476852070 1 12287.0791016 0. 5.30393156694e-22 0.
1476852130 1 12269.9804688 0. 5.30387486186e-22 0.
1476852190 1 12244.4833984 0. 5.29987281711e-22 0.
1476852250 1 12218.984375 0. 5.2958551851e-22 0.
1476852310 1 12205.6474609 0. 5.29712914127e-22 0.
1476852370 1 12182.2382812 0. 5.29404446135e-22 0.
1476852430 1 12158.3935547 0. 5.29060050099e-22 0.
1476852491 1 12145.2734375 0. 5.29173764095e-22 0.
1476852551 1 12119.9316406 0. 5.29719095657e-22 0.
1476852611 1 12097.6933594 0. 5.28464984846e-22 0.
1476852648 1 12099.5820312 0. 5.28970713624e-22 0.
1476852685 1 12078.6416016 0. 5.28465023873e-22 0.
1476852745 1 12054.7207031 0. 5.28103612062e-22 0.
1476852795 1 12037.6220703 0. 5.27913848583e-22 0.
1476852845 1 12024.5556641 0. 5.27879930572e-22 0.
1476852905 1 12005.5029297 0. 5.27726625041e-22 0.
1476852965 1 11987.4824219 0. 5.27603627641e-22 0.
1476853005 1 11978.3144531 0. 5.27639485182e-22 0.
1476853022 1 11973.453125 0. 5.27639276529e-22 0.
1476853059 1 11962.9189453 0. 5.27528119172e-22 0.
1476853119 1 11935.3818359 0. 5.26986050722e-22 0.
1476853163 1 11918.2431641 0. 5.26736319061e-22 0.
1476853206 1 11909.7421875 0. 5.26783606258e-22 0.
1476853241 1 11906.3095703 0. 5.27057917521e-22 0.
1476853276 1 11894.8867188 0. 5.2689472304e-22 0.
1476853336 1 11873.3056641 0. 5.26592874482e-22 0.
1476853396 1 11856.765625 0. 5.26524176878e-22 0.
1476853457 1 11820.6142578 0. 5.25568523563e-22 0.
1476853517 1 11766.875 0. 5.23840333383e-22 0.
1476853577 1 11757.2216797 0. 5.24046080926e-22 0.
1476853637 1 11732.4882812 0. 5.23579579872e-22 0.
1476853675 1 11714.6953125 0. 5.23214263159e-22 0.
1476853696 1 11708.1533203 0. 5.23098997674e-22 0.
1476853714 1 11706.5771484 0. 5.23261813267e-22 0.
1476853749 1 11686.8007812 0. 5.22695067453e-22 0.
1476853809 1 11661.7060547 0. 5.22182595048e-22 0.
1476853869 1 11646.15625 0. 5.22115741236e-22 0.
1476853906 1 11630.3535156 0. 5.21808919788e-22 0.
1476853944 1 11618.2695312 0. 5.21647235057e-22 0.
1476854004 1 11607.8076172 0. 5.21801918263e-22 0.
1476854039 1 11601.703125 0. 5.21834564495e-22 0.
1476854074 1 11595.5957031 0. 5.21923889791e-22 0.
1476854135 1 11561.4394531 0. 5.21055527757e-22 0.
1476854195 1 11543.5146484 0. 5.20832983216e-22 0.
1476854255 1 11526.4970703 0. 5.20702651691e-22 0.
1476854315 1 11510.1601562 0. 5.20596196349e-22 0.
1476854375 1 11497.9541016 0. 5.20619110692e-22 0.
1476854435 1 11471.2841797 0. 5.20038095382e-22 0.
1476854495 1 11461.8681641 0. 5.20201959081e-22 0.
1476854556 1 11441.1630859 0. 5.19844235521e-22 0.
1476854616 1 11418.3300781 0. 5.19443343535e-22 0.
1476854676 1 11399.6484375 0. 5.19169289745e-22 0.
1476854736 1 11384.0341797 0. 5.19046211806e-22 0.
1476854796 1 11359.4912109 0. 5.18543668263e-22 0.
1476854839 1 11344.2646484 0. 5.18286616408e-22 0.
1476854881 1 11338.1152344 0. 5.184045284e-22 0.
1476854941 1 11331.7236328 0. 5.18702898131e-22 0.
1476855001 1 11307.1826172 0. 5.18173773683e-22 0.
1476855057 1 11287.0390625 0. 5.17775682809e-22 0.
1476855091 1 11277.9892578 0. 5.17701315866e-22 0.
1476855129 1 11264.2861328 0. 5.17449426233e-22 0.
1476855173 1 11247.5205078 0. 5.17129819509e-22 0.
1476855218 1 11217.7138672 0. 5.16192943052e-22 0.
1476855253 1 11194.2871094 0. 5.1541896287e-22 0.
1476855263 1 11187.6132812 0. 5.15238586832e-22 0.
1476855298 1 11218.3720703 0. 5.16998083023e-22 0.
1476855359 1 11203.4921875 0. 5.16900334863e-22 0.
1476855419 1 11186.0908203 0. 5.16684586959e-22 0.
1476855479 1 11173.5625 0. 5.16701325993e-22 0.
1476855534 1 10942.8925781 0. 5.06550353729e-22 0.
1476855567 1 10861.875 0. 5.03120352917e-22 0.
1476855604 1 10501.6269531 0. 4.86742048868e-22 0.
1476855664 1 11132.9169922 0. 5.16607024638e-22 0.
1476855725 1 11226.1699219 0. 5.21500862018e-22 0.
1476855785 1 11209.5361328 0. 5.21329399479e-22 0.
1476855845 1 11188.9072266 0. 5.20948949191e-22 0.
1476855905 1 11177.6347656 0. 5.21011438361e-22 0.
1476855965 1 11164.0664062 0. 5.20972093534e-22 0.
1476856025 1 11147.0556641 0. 5.20766700637e-22 0.
1476856085 1 11126.4638672 0. 5.20365948776e-22 0.
1476856146 1 11108.5839844 0. 5.20095419098e-22 0.
1476856206 1 11090.9365234 0. 5.19864089583e-22 0.
1476856266 1 11077.890625 0. 5.19854055922e-22 0.
1476856326 1 11057.0302734 0. 5.19444041751e-22 0.
1476856386 1 11040.2412109 0. 5.19230165924e-22 0.
1476856446 1 11028.6845703 0. 5.1925991874e-22 0.
1476856506 1 11017.2509766 0. 5.19304044514e-22 0.
1476856566 1 10991.7470703 0. 5.1866954715e-22 0.
1476856610 1 10983.5869141 0. 5.18711405967e-22 0.
1476856654 1 10975.4912109 0. 5.18757624806e-22 0.
1476856692 1 10970.1787109 0. 5.18872415001e-22 0.
1476856730 1 10957.4169922 0. 5.18632521725e-22 0.
1476856790 1 10938.8691406 0. 5.1832800505e-22 0.
1476856845 1 10925.0292969 0. 5.18186499295e-22 0.
1476856899 1 10907.4902344 0. 5.1785978185e-22 0.
1476856960 1 10899.0048828 0. 5.18024191378e-22 0.
1476857020 1 10881.2587891 0. 5.17770351548e-22 0.
1476857080 1 10867.8710938 0. 5.17688061861e-22 0.
1476857140 1 10853.9111328 0. 5.175638912e-22 0.
1476857200 1 10838.0273438 0. 5.17384545295e-22 0.
1476857260 1 10824.8925781 0. 5.17311247155e-22 0.
1476857321 1 10813.3164062 0. 5.1730348775e-22 0.
1476857381 1 10795.9355469 0. 5.17053202789e-22 0.
1476857441 1 10778.4277344 0. 5.16777199357e-22 0.
1476857501 1 10765.0917969 0. 5.16722087677e-22 0.
1476857561 1 10750.2363281 0. 5.16584540832e-22 0.
1476857621 1 10732.4160156 0. 5.16283951356e-22 0.
1476857681 1 10717.7021484 0. 5.16121876554e-22 0.
1476857741 1 10704.8808594 0. 5.16052518287e-22 0.
1476857802 1 10690.8125 0. 5.15943726851e-22 0.
1476857862 1 10675.5615234 0. 5.15746893763e-22 0.
1476857922 1 10662.1220703 0. 5.15638431296e-22 0.
1476857982 1 10644.2617188 0. 5.15326802254e-22 0.
1476858042 1 10639.0654297 0. 5.15622375415e-22 0.
1476858102 1 10622.7236328 0. 5.15380808119e-22 0.
1476858162 1 10611.3017578 0. 5.1536889134e-22 0.
1476858215 1 10590.7802734 0. 5.14876732224e-22 0.
1476858268 1 10581.0625 0. 5.14856334302e-22 0.
1476858328 1 10566.0966797 0. 5.14673375335e-22 0.
1476858388 1 10557.4443359 0. 5.14805881415e-22 0.
1476858448 1 10542.125 0. 5.14594758529e-22 0.
1476858508 1 10529.2304688 0. 5.14515208671e-22 0.
1476858568 1 10514.9003906 0. 5.14357174328e-22 0.
1476858628 1 10504.8847656 0. 5.14406796794e-22 0.
1476858688 1 10485.3066406 0. 5.13991553567e-22 0.
1476858749 1 10472.4130859 0. 5.1387636668e-22 0.
1476858809 1 10461.8994141 0. 5.13923295539e-22 0.
1476858869 1 10454.1025391 0. 5.14078236046e-22 0.
1476858929 1 10436.5664062 0. 5.13760333996e-22 0.
1476858983 1 10429.1083984 0. 5.13861653622e-22 0.
1476859036 1 10416.3603516 0. 5.13743744952e-22 0.
1476859097 1 10402.5693359 0. 5.13596202124e-22 0.
1476859157 1 10390.7773438 0. 5.1353420658e-22 0.
1476859217 1 10375.3535156 0. 5.13337199709e-22 0.
1476859277 1 10358.7021484 0. 5.13063707748e-22 0.
1476859337 1 10351.4550781 0. 5.13199433415e-22 0.
1476859397 1 10337.0683594 0. 5.13027731895e-22 0.
1476859457 1 10322.2314453 0. 5.12820919422e-22 0.
1476859507 1 10314.4492188 0. 0.0 0.
1476859533 1 10310.5517578 0. 5.12824724896e-22 0.
1476859543 1 10308.9892578 0. 5.12861236636e-22 0.
1476859578 1 10297.1845703 0. 5.12606080564e-22 0.
1476859638 1 10282.7158203 0. 5.12438727267e-22 0.
1476859698 1 10274.0820312 0. 5.12558821747e-22 0.
1476859758 1 10260.8320312 0. 5.12410392752e-22 0.
1476859818 1 10245.6708984 0. 5.1216741994e-22 0.
1476859878 1 10233.5664062 0. 5.12090039085e-22 0.
1476859938 1 10216.1660156 0. 5.11742183451e-22 0.
1476859999 1 10205.3369141 0. 5.11735880536e-22 0.
1476860059 1 10189.8125 0. 5.11488857533e-22 0.
1476860119 1 10183.1162109 0. 5.11656265403e-22 0.
1476860179 1 10171.0722656 0. 5.11599793608e-22 0.
1476860239 1 10154.0117188 0. 5.11255301784e-22 0.
1476860277 1 10139.671875 0. 5.10908718656e-22 0.
1476860296 1 10140.0253906 0. 5.11067143975e-22 0.
1476860312 1 10136.5839844 0. 5.11034530441e-22 0.
1476860347 1 10127.4199219 0. 5.10864109493e-22 0.
1476860407 1 10114.0878906 0. 5.10714208713e-22 0.
1476860468 1 10101.4677734 0. 5.105904646e-22 0.
1476860528 1 10091.78125 0. 5.10610339148e-22 0.
1476860588 1 10080.8232422 0. 5.10596481681e-22 0.
1476860648 1 10065.7382812 0. 5.10372014629e-22 0.
1476860708 1 10053.1621094 0. 5.10236505858e-22 0.
1476860768 1 10038.7373047 0. 5.10043139361e-22 0.
1476860828 1 10030.3251953 0. 5.10146736458e-22 0.
1476860888 1 10017.5185547 0. 5.100125712e-22 0.
1476860949 1 10003.7695312 0. 5.09834537399e-22 0.
1476861009 1 9992.11816406 0. 5.09746516613e-22 0.
1476861046 1 9985.87597656 0. 5.09758838384e-22 0.
1476861084 1 9973.81738281 0. 5.09450090609e-22 0.
1476861144 1 9962.6796875 0. 5.09400162302e-22 0.
1476861204 1 9947.43554688 0. 5.09143347197e-22 0.
1476861264 1 9945.22460938 0. 5.09560717907e-22 0.
1476861325 1 9929.56738281 0. 5.09247685254e-22 0.
1476861385 1 9916.62207031 0. 5.09090590609e-22 0.
1476861430 1 9905.00097656 0. 5.08890135073e-22 0.
1476861475 1 9896.05371094 0. 5.08809084494e-22 0.
1476861535 1 9883.79980469 0. 5.08703221455e-22 0.
1476861595 1 9873.54199219 0. 5.08677944199e-22 0.
1476861655 1 9865.06738281 0. 5.08733793255e-22 0.
1476861715 1 9851.62988281 0. 5.08550055579e-22 0.
1476861776 1 9838.92578125 0. 5.08418190874e-22 0.
1476861836 1 9770.00390625 0. 5.05341919581e-22 0.
1476861875 1 9516.66894531 0. 4.92557143359e-22 0.
1476861913 1 9444.85742188 0. 4.89062835725e-22 0.
1476861974 1 9576.33300781 0. 4.96420413196e-22 0.
1476862034 1 9785.109375 0. 5.07733217397e-22 0.
1476862094 1 9773.25292969 0. 5.07632954261e-22 0.
1476862154 1 9760.60449219 0. 5.07488856688e-22 0.
1476862214 1 9747.80664062 0. 5.07348285104e-22 0.
1476862274 1 9737.74316406 0. 5.07342248064e-22 0.
1476862334 1 9727.27636719 0. 5.07275738474e-22 0.
1476862394 1 9711.73144531 0. 5.06979028993e-22 0.
1476862455 1 9698.328125 0. 5.06801101039e-22 0.
1476862515 1 9686.45117188 0. 5.06703002523e-22 0.
1476862562 1 9681.22363281 0. 5.06854592108e-22 0.
1476862587 1 9678.1796875 0. 5.06892808194e-22 0.
1476862625 1 9664.22949219 0. 5.06482679166e-22 0.
1476862685 1 9654.60839844 0. 5.06452741202e-22 0.
1476862745 1 9643.14550781 0. 5.06367861463e-22 0.
1476862805 1 9632.8828125 0. 5.06344847743e-22 0.
1476862866 1 9623.10742188 0. 5.06328199623e-22 0.
1476862926 1 9610.81347656 0. 5.06192882378e-22 0.
1476862986 1 9597.14648438 0. 5.05980659679e-22 0.
1476863046 1 9587.20117188 0. 5.05976865192e-22 0.
1476863103 1 9573.46875 0. 5.05721478559e-22 0.
1476863137 1 9562.18457031 0. 5.05435001084e-22 0.
1476863174 1 9555.21875 0. 5.05335342725e-22 0.
1476863234 1 9548.85253906 0. 5.05507099078e-22 0.
1476863294 1 9537.06640625 0. 5.0537713808e-22 0.
1476863354 1 9524.43847656 0. 5.05234591695e-22 0.
1476863414 1 9516.2421875 0. 5.0528361514e-22 0.
1476863474 1 9499.59472656 0. 5.04899354735e-22 0.
1476863535 1 9486.125 0. 5.04694079181e-22 0.
1476863595 1 9475.74902344 0. 5.04645596236e-22 0.
1476863655 1 9460.78417969 0. 5.04338751008e-22 0.
1476863715 1 9444.33007812 0. 5.03956668256e-22 0.
1476863775 1 9438.08300781 0. 5.0412044705e-22 0.
1476863835 1 9429.87988281 0. 5.04176022507e-22 0.
1476863895 1 9420.1171875 0. 5.04140816352e-22 0.
1476863955 1 9411.5703125 0. 5.04196431485e-22 0.
1476864016 1 9398.18847656 0. 5.03965117319e-22 0.
1476864066 1 9387.70117188 0. 5.03845861709e-22 0.
1476864117 1 9376.84179688 0. 5.03715507188e-22 0.
1476864178 1 9366.26171875 0. 5.03635153052e-22 0.
1476864238 1 9351.85058594 0. 5.03349500811e-22 0.
1476864298 1 9337.36328125 0. 5.03059780258e-22 0.
1476864358 1 9324.62402344 0. 5.02872601412e-22 0.
1476864418 1 9318.67578125 0. 5.0303246323e-22 0.
1476864478 1 9301.46582031 0. 5.02585593028e-22 0.
1476864538 1 9283.09570312 0. 5.02076366719e-22 0.
1476864599 1 9281.97070312 0. 5.02510812734e-22 0.
1476864659 1 9272.23828125 0. 5.02474805294e-22 0.
1476864719 1 9265.34863281 0. 5.0256933891e-22 0.
1476864779 1 9250.30859375 0. 5.02227672485e-22 0.
1476864839 1 9240.31347656 0. 5.02164442578e-22 0.
1476864893 1 9235.13183594 0. 5.0233834379e-22 0.
1476864924 1 9229.59082031 0. 5.02298445868e-22 0.
1476864936 1 9227.33203125 0. 5.02210910344e-22 0.
1476864971 1 9221.04492188 0. 5.02164573204e-22 0.
1476865031 1 9203.84082031 0. 5.01708329603e-22 0.
1476865092 1 9190.15527344 0. 5.01447941347e-22 0.
1476865152 1 9182.27636719 0. 5.01484793865e-22 0.
1476865212 1 9176.47558594 0. 5.01647115256e-22 0.
1476865272 1 9164.73632812 0. 5.01480647401e-22 0.
1476865327 1 9163.74902344 0. 5.01861549477e-22 0.
1476865383 1 9152.51660156 0. 5.0170162988e-22 0.
1476865443 1 9144.87890625 0. 5.01793011436e-22 0.
1476865503 1 9136.24414062 0. 5.01796375721e-22 0.
1476865564 1 9132.27832031 0. 5.02037217002e-22 0.
1476865624 1 9103.28613281 0. 5.00905163819e-22 0.
1476865684 1 9103.43945312 0. 5.01375728115e-22 0.
1476865744 1 9098.08789062 0. 5.01573013525e-22 0.
1476865804 1 9089.87792969 0. 5.01605204071e-22 0.
1476865864 1 9074.39648438 0. 5.01206818769e-22 0.
1476865908 1 9066.45996094 0. 5.01107309507e-22 0.
1476865951 1 9059.68261719 0. 5.01074019303e-22 0.
1476866012 1 9046.69824219 0. 5.00836903047e-22 0.
1476866072 1 9049.10449219 0. 5.01442031859e-22 0.
1476866132 1 9033.53613281 0. 5.01051979156e-22 0.
1476866192 1 9016.09179688 0. 5.00551828879e-22 0.
1476866252 1 9017.04785156 0. 5.01093688392e-22 0.
1476866312 1 8999.33398438 0. 5.00578104507e-22 0.
1476866360 1 9001.21972656 0. 5.01072483749e-22 0.
1476866385 1 8996.73144531 0. 5.01031962256e-22 0.
1476866397 1 8994.56738281 0. 5.00957041185e-22 0.
1476866432 1 8988.15039062 0. 5.00851200649e-22 0.
1476866492 1 8976.0703125 0. 5.00696009352e-22 0.
1476866552 1 8967.0390625 0. 5.00674756501e-22 0.
1476866612 1 8957.40234375 0. 5.00590091769e-22 0.
1476866672 1 8944.71484375 0. 5.00375561859e-22 0.
1476866732 1 8940.52148438 0. 5.00616232915e-22 0.
1476866793 1 8930.828125 0. 5.00556139259e-22 0.
1476866853 1 8915.45703125 0. 5.0016737334e-22 0.
1476866913 1 8911.68359375 0. 5.00424777829e-22 0.
1476866973 1 8897.53027344 0. 5.00133490565e-22 0.
1476867033 1 8883.17675781 0. 4.99807086417e-22 0.
1476867074 1 8881.28417969 0. 5.00048949485e-22 0.
1476867106 1 8877.91503906 0. 5.00102337257e-22 0.
1476867134 1 8869.40625 0. 4.99852511092e-22 0.
1476867171 1 8866.31347656 0. 4.99962889769e-22 0.
1476867231 1 8853.97460938 0. 4.99758271785e-22 0.
1476867291 1 8842.59765625 0. 4.9959599094e-22 0.
1476867333 1 8843.21289062 0. 4.99967669374e-22 0.
1476867375 1 8829.9609375 0. 4.99558278689e-22 0.
1476867435 1 8821.35839844 0. 4.99562808491e-22 0.
1476867495 1 8807.40527344 0. 4.99234846208e-22 0.
1476867555 1 8800.22558594 0. 4.99310593408e-22 0.
1476867615 1 8788.83691406 0. 4.99150041326e-22 0.
1476867676 1 8780.95898438 0. 4.99179881459e-22 0.
1476867736 1 8769.48046875 0. 4.98997555127e-22 0.
1476867796 1 8759.13378906 0. 4.9888712792e-22 0.
1476867856 1 8750.99511719 0. 0.0 0.
1476867891 1 8746.25 0. 4.98874906531e-22 0.
1476867901 1 8744.89257812 0. 4.98903591806e-22 0.
1476867936 1 8739.39550781 0. 4.98860646982e-22 0.
1476867996 1 8730.08496094 0. 4.98800064974e-22 0.
1476868056 1 8721.75097656 0. 4.98802230784e-22 0.
1476868116 1 8714.546875 0. 4.98849221768e-22 0.
1476868177 1 8703.2890625 0. 4.98673421498e-22 0.
1476868237 1 8692.28613281 0. 4.9850929332e-22 0.
1476868297 1 8684.52832031 0. 4.98537707941e-22 0.
1476868357 1 8671.51074219 0. 4.98248346633e-22 0.
1476868417 1 8664.91699219 0. 4.98361437661e-22 0.
1476868477 1 8654.77832031 0. 4.98251491289e-22 0.
1476868537 1 8649.69238281 0. 4.98410735904e-22 0.
1476868598 1 8644.02148438 0. 4.98576367634e-22 0.
1476868658 1 8627.68554688 0. 4.98107966037e-22 0.
1476868718 1 8617.96972656 0. 4.98011725907e-22 0.
1476868778 1 8601.73632812 0. 4.9754788141e-22 0.
1476868838 1 8599.25390625 0. 4.97870432593e-22 0.
1476868894 1 8587.76074219 0. 4.97668924775e-22 0.
1476868928 1 8586.18945312 0. 4.97867494776e-22 0.
1476868965 1 8576.63378906 0. 4.97590654241e-22 0.
1476869025 1 8573.94628906 0. 4.97891872903e-22 0.
1476869085 1 8562.83496094 0. 4.97754317885e-22 0.
1476869146 1 8556.51464844 0. 4.9784647204e-22 0.
1476869206 1 8545.52441406 0. 4.97678265923e-22 0.
1476869266 1 8536.34179688 0. 4.97602374967e-22 0.
1476869326 1 8525.21679688 0. 4.97442990634e-22 0.
1476869386 1 8516.45996094 0. 4.97401561337e-22 0.
1476869446 1 8506.97265625 0. 4.97297098757e-22 0.
1476869506 1 8498.85839844 0. 4.97300548459e-22 0.
1476869567 1 8489.81445312 0. 4.97220335474e-22 0.
1476869627 1 8482.36816406 0. 4.97235662518e-22 0.
1476869687 1 8475.46777344 0. 4.97294148713e-22 0.
1476869747 1 8467.15527344 0. 4.97269362938e-22 0.
1476869807 1 8453.8984375 0. 4.96964209386e-22 0.
1476869867 1 8441.56152344 0. 4.96702581511e-22 0.
1476869927 1 8433.59277344 0. 4.96714296718e-22 0.
1476869987 1 8425.125 0. 4.96678646226e-22 0.
1476870039 1 8416.20019531 0. 0.0 0.
1476870065 1 8411.65136719 0. 4.96443852476e-22 0.
1476870075 1 8409.89746094 0. 4.96422077447e-22 0.
1476870110 1 8403.2421875 0. 4.96325460606e-22 0.
1476870170 1 8395.93847656 0. 4.96342188802e-22 0.
1476870230 1 8391.38574219 0. 4.96528010756e-22 0.
1476870290 1 8381.26855469 0. 4.96397396596e-22 0.
1476870350 1 8372.75195312 0. 4.96340086724e-22 0.
1476870410 1 8365.04003906 0. 4.9635081166e-22 0.
1476870456 1 8357.7890625 0. 0.0 0.
1476870477 1 8354.48242188 0. 4.96187001528e-22 0.
1476870488 1 8352.77539062 0. 4.96195186768e-22 0.
1476870499 1 8353.14160156 0. 4.96327968703e-22 0.
1476870520 1 8348.31445312 0. 4.96195325204e-22 0.
1476870566 1 8336.05078125 0. 4.95823128037e-22 0.
1476870626 1 8328.53710938 0. 4.95819267715e-22 0.
1476870687 1 8318.82714844 0. 4.95671390634e-22 0.
1476870747 1 8310.56933594 0. 4.95641390779e-22 0.
1476870807 1 8298.27246094 0. 4.95352773309e-22 0.
1476870858 1 8291.11425781 0. 4.95317913067e-22 0.
1476870904 1 8285.05761719 0. 4.95319053702e-22 0.
1476870959 1 8280.21386719 0. 4.95428995021e-22 0.
1476871019 1 8269.21386719 0. 4.95234107026e-22 0.
1476871079 1 8266.4921875 0. 4.95503103502e-22 0.
1476871140 1 8254.30078125 0. 4.95231570351e-22 0.
1476871200 1 8244.73828125 0. 4.95093981944e-22 0.
1476871260 1 8239.57421875 0. 4.95237453277e-22 0.
1476871320 1 8230.49023438 0. 4.95135434044e-22 0.
1476871380 1 8220.42480469 0. 4.94972787598e-22 0.
1476871440 1 8210.8046875 0. 4.94852408779e-22 0.
1476871500 1 8204.58789062 0. 4.94933653122e-22 0.
1476871561 1 8193.72753906 0. 4.94701547477e-22 0.
1476871599 1 8186.17773438 0. 4.94557681711e-22 0.
1476871616 1 8193.86230469 0. 4.95142379921e-22 0.
1476871654 1 8184.72265625 0. 4.94836447907e-22 0.
1476871714 1 8173.47607422 0. 4.94590896339e-22 0.
1476871762 1 8053.59570312 0. 4.89501475499e-22 0.
1476871811 1 0.165218815207 0. 3.43311244685e-23 0.
