1477012324 1 12045.7568359 0. 5.22855026752e-22 0.
1477012384 1 12014.4580078 0. 5.22736200686e-22 0.
1477012431 1 11985.2275391 0. 5.22469091564e-22 0.
1477012464 1 11959.3857422 0. 5.22056272114e-22 0.
1477012509 1 11924.5566406 0. 5.21488045339e-22 0.
1477012569 1 11899.4853516 0. 5.21697062987e-22 0.
1477012630 1 11873.8115234 0. 5.21902060929e-22 0.
1477012690 1 11836.5234375 0. 5.21555120656e-22 0.
1477012735 1 11789.2724609 0. 5.20433284718e-22 0.
1477012781 1 11789.7148438 0. 5.21331504504e-22 0.
1477012841 1 11758.3427734 0. 5.20976401666e-22 0.
1477012901 1 11738.1875 0. 5.21038553893e-22 0.
1477012961 1 11702.6640625 0. 5.20373361733e-22 0.
1477013022 1 11690.1074219 0. 5.20675316868e-22 0.
1477013082 1 11659.1582031 0. 5.20162936737e-22 0.
1477013142 1 11617.2910156 0. 5.19148203451e-22 0.
1477013202 1 11617.6015625 0. 5.20004668411e-22 0.
1477013262 1 11589.2832031 0. 5.19583640678e-22 0.
1477013322 1 11554.6181641 0. 5.18831527138e-22 0.
1477013382 1 11542.3681641 0. 5.19075078648e-22 0.
1477013443 1 11491.8447266 0. 5.17604284135e-22 0.
1477013503 1 11490.0546875 0. 5.18279065524e-22 0.
1477013563 1 11455.6972656 0. 5.17503254657e-22 0.
1477013623 1 11439.5068359 0. 5.17554779832e-22 0.
1477013674 1 11435.3876953 0. 5.18026068641e-22 0.
1477013714 1 11408.2890625 0. 5.17323056691e-22 0.
1477013761 1 11386.3066406 0. 5.16932546405e-22 0.
1477013818 1 11393.984375 0. 5.1794807673e-22 0.
1477013879 1 11361.1455078 0. 5.17197725511e-22 0.
1477013939 1 11331.4550781 0. 5.16584919601e-22 0.
1477013999 1 11336.4775391 0. 5.17546335463e-22 0.
1477014059 1 11149.0273438 0. 5.09696869404e-22 0.
1477014119 1 11024.0625 0. 5.04569210605e-22 0.
1477014179 1 10809.3027344 0. 4.95587499845e-22 0.
1477014240 1 11384.3027344 0. 5.2243233927e-22 0.
1477014300 1 11368.9453125 0. 5.22416345863e-22 0.
1477014360 1 11352.1923828 0. 5.22362790045e-22 0.
1477014420 1 11334.1123047 0. 5.22072020169e-22 0.
1477014480 1 11327.7050781 0. 5.2227290838e-22 0.
1477014540 1 11315.2119141 0. 5.2228308079e-22 0.
1477014600 1 11285.140625 0. 5.21462355766e-22 0.
1477014660 1 11258.0556641 0. 5.20904368674e-22 0.
1477014721 1 11250.3691406 0. 5.21225578662e-22 0.
1477014781 1 11227.9511719 0. 5.20873874675e-22 0.
1477014841 1 11200.4521484 0. 5.20284870411e-22 0.
1477014901 1 11194.1650391 0. 5.20647388061e-22 0.
1477014961 1 11170.2578125 0. 5.20243131292e-22 0.
1477015021 1 11156.7900391 0. 5.20306565878e-22 0.
1477015081 1 11137.0898438 0. 5.20045101435e-22 0.
1477015142 1 11115.03125 0. 5.19674911936e-22 0.
1477015182 1 11100.9492188 0. 5.19480142735e-22 0.
1477015222 1 11094.4521484 0. 5.19572321834e-22 0.
1477015282 1 11069.3134766 0. 5.19046146051e-22 0.
1477015342 1 11059.4277344 0. 5.19229172086e-22 0.
1477015402 1 11031.2636719 0. 5.18554532936e-22 0.
1477015463 1 11018.6269531 0. 5.18577739768e-22 0.
1477015523 1 10997.0273438 0. 5.18198035636e-22 0.
1477015583 1 10973.9667969 0. 5.17748680688e-22 0.
1477015643 1 10968.3554688 0. 5.18086006588e-22 0.
1477015703 1 10940.9052734 0. 5.17440811027e-22 0.
1477015763 1 10915.1640625 0. 5.16857603967e-22 0.
1477015823 1 10904.8515625 0. 5.16956960525e-22 0.
1477015864 1 10902.0537109 0. 5.17243219517e-22 0.
1477015905 1 10889.875 0. 5.17094637708e-22 0.
1477015965 1 10867.6289062 0. 5.16630364775e-22 0.
1477016026 1 10840.5195312 0. 5.15959174373e-22 0.
1477016086 1 10829.8515625 0. 5.16058309868e-22 0.
1477016146 1 10804.2539062 0. 5.15440240979e-22 0.
1477016206 1 10801.34375 0. 5.15902204148e-22 0.
1477016266 1 10783.3730469 0. 5.15654201584e-22 0.
1477016326 1 10763.015625 0. 5.15296232825e-22 0.
1477016386 1 10756.0390625 0. 5.15539357925e-22 0.
1477016446 1 10731.2421875 0. 5.14951855968e-22 0.
1477016507 1 10719.546875 0. 5.14967319023e-22 0.
1477016567 1 10702.3759766 0. 5.14746866578e-22 0.
1477016627 1 10681.5253906 0. 5.14340200477e-22 0.
1477016687 1 10664.8320312 0. 5.14093372584e-22 0.
1477016747 1 10638.5683594 0. 5.13424803718e-22 0.
1477016801 1 10607.3193359 0. 5.12461457177e-22 0.
1477016840 1 10605.78125 0. 5.12748844432e-22 0.
1477016886 1 10611.7431641 0. 5.13463122685e-22 0.
1477016946 1 10595.4833984 0. 5.13231907388e-22 0.
1477017006 1 10591.8955078 0. 5.13636303835e-22 0.
1477017066 1 10573.5185547 0. 5.13312320588e-22 0.
1477017126 1 10570.5537109 0. 5.13742757141e-22 0.
1477017186 1 10546.4228516 0. 5.13167115604e-22 0.
1477017247 1 10534.078125 0. 5.13138678409e-22 0.
1477017307 1 10511.0302734 0. 5.12568900547e-22 0.
1477017367 1 10508.6777344 0. 5.13026024649e-22 0.
1477017427 1 10487.5820312 0. 5.12562151086e-22 0.
1477017487 1 10490.6875 0. 5.13255680313e-22 0.
1477017547 1 10465.0341797 0. 5.12568403634e-22 0.
1477017607 1 10439.0449219 0. 5.11884460992e-22 0.
1477017667 1 10430.6191406 0. 5.12043744558e-22 0.
1477017728 1 10413.2158203 0. 5.11734739049e-22 0.
1477017788 1 10398.5537109 0. 5.11585133421e-22 0.
1477017848 1 10400.4355469 0. 5.12224616698e-22 0.
1477017887 1 10391.3339844 0. 5.12141259452e-22 0.
1477017926 1 10377.5947266 0. 5.11820162538e-22 0.
1477017986 1 10375.8222656 0. 5.12285040695e-22 0.
1477018047 1 10358.1083984 0. 5.11982414269e-22 0.
1477018092 1 10338.7460938 0. 5.11435991019e-22 0.
1477018138 1 10345.4716797 0. 5.12185292714e-22 0.
1477018198 1 10316.5 0. 5.1133477533e-22 0.
1477018258 1 10316.4404297 0. 5.11861031916e-22 0.
1477018318 1 10310.3457031 0. 5.12106712702e-22 0.
1477018378 1 10280.7773438 0. 5.11182726143e-22 0.
1477018438 1 10279.2285156 0. 5.11648459279e-22 0.
1477018499 1 10258.8212891 0. 5.11180302377e-22 0.
1477018559 1 10253.3105469 0. 5.11419436808e-22 0.
1477018619 1 10238.40625 0. 5.11231394171e-22 0.
1477018679 1 10213.3535156 0. 5.10514405704e-22 0.
1477018739 1 10216.5068359 0. 5.11218206301e-22 0.
1477018799 1 10200.5458984 0. 5.10961115898e-22 0.
1477018859 1 10186.0195312 0. 5.10774308952e-22 0.
1477018920 1 10184.1542969 0. 5.11201350136e-22 0.
1477018980 1 10169.6416016 0. 5.11002673536e-22 0.
1477019040 1 10148.3408203 0. 5.10442864697e-22 0.
1477019100 1 10146.5097656 0. 5.10893855415e-22 0.
1477019160 1 10131.8945312 0. 5.10700073477e-22 0.
1477019220 1 10116.3867188 0. 5.10464089169e-22 0.
1477019280 1 10104.9091797 0. 5.10397004344e-22 0.
1477019340 1 10086.1923828 0. 5.09977257264e-22 0.
1477019400 1 10080.484375 0. 5.1020980693e-22 0.
1477019461 1 10059.3388672 0. 5.09655516824e-22 0.
1477019521 1 10049.1523438 0. 5.09657611579e-22 0.
1477019581 1 10031.984375 0. 5.09315109482e-22 0.
1477019641 1 10020.7988281 0. 5.09273287821e-22 0.
1477019701 1 10018.3085938 0. 5.09676583777e-22 0.
1477019761 1 10004.4238281 0. 5.09513843309e-22 0.
1477019821 1 9985.85058594 0. 5.09079499452e-22 0.
1477019882 1 9977.88964844 0. 5.09189096798e-22 0.
1477019942 1 9956.13964844 0. 5.08599185026e-22 0.
1477020002 1 9943.49902344 0. 5.08465257922e-22 0.
1477020062 1 9931.35839844 0. 5.08354349342e-22 0.
1477020122 1 9772.49511719 0. 5.00726897715e-22 0.
1477020182 1 9522.86328125 0. 4.88400101367e-22 0.
1477020242 1 9683.28515625 0. 4.97207201617e-22 0.
1477020302 1 9933.01660156 0. 5.10423428898e-22 0.
1477020345 1 9920.36621094 0. 5.10133745983e-22 0.
1477020378 1 9914.01953125 0. 5.10107086328e-22 0.
1477020418 1 9902.94921875 0. 5.09894382102e-22 0.
1477020467 1 9893.01660156 0. 5.09806764312e-22 0.
1477020527 1 9881.921875 0. 5.09742418718e-22 0.
1477020587 1 9865.2734375 0. 5.09389802798e-22 0.
1477020647 1 9852.71191406 0. 5.09298652581e-22 0.
1477020707 1 9848.53125 0. 5.09599519226e-22 0.
1477020768 1 9832.77246094 0. 5.09297909516e-22 0.
1477020828 1 9821.04003906 0. 5.09178631485e-22 0.
1477020888 1 9805.7421875 0. 5.08911287396e-22 0.
1477020948 1 9796.5546875 0. 5.0894139801e-22 0.
1477021008 1 9784.04003906 0. 5.08795549715e-22 0.
1477021068 1 9774.23632812 0. 5.08793335518e-22 0.
1477021128 1 9759.27929688 0. 5.08523317125e-22 0.
1477021189 1 9750.74902344 0. 5.08584684374e-22 0.
1477021249 1 9736.2890625 0. 5.08344118484e-22 0.
1477021309 1 9723.09863281 0. 5.08175878856e-22 0.
1477021369 1 9709.72460938 0. 5.07997346253e-22 0.
1477021429 1 9701.10839844 0. 5.08080490198e-22 0.
1477021489 1 9688.33105469 0. 5.07929068561e-22 0.
1477021549 1 9675.18945312 0. 5.07737709876e-22 0.
1477021610 1 9664.65527344 0. 5.07688779005e-22 0.
1477021670 1 9654.34765625 0. 5.07662779816e-22 0.
1477021730 1 9643.203125 0. 5.07551467427e-22 0.
1477021790 1 9632.27050781 0. 5.07503936349e-22 0.
1477021850 1 9617.47167969 0. 5.07232661406e-22 0.
1477021910 1 9605.62890625 0. 5.07120170267e-22 0.
1477021963 1 9594.109375 0. 5.06971759308e-22 0.
1477021997 1 9587.36914062 0. 0.0 0.
1477022013 1 9584.16894531 0. 5.06790603868e-22 0.
1477022048 1 9577.140625 0. 5.06718508627e-22 0.
1477022108 1 9566.3203125 0. 5.06681565938e-22 0.
1477022168 1 9554.98632812 0. 5.06578628654e-22 0.
1477022228 1 9536.77148438 0. 5.06109813988e-22 0.
1477022288 1 9534.14550781 0. 5.06456129237e-22 0.
1477022348 1 9522.73242188 0. 5.06334460214e-22 0.
1477022408 1 9509.28710938 0. 5.06124712496e-22 0.
1477022469 1 9493.61425781 0. 5.05796560243e-22 0.
1477022529 1 9485.49121094 0. 5.05830110002e-22 0.
1477022589 1 9469.1640625 0. 5.05468197908e-22 0.
1477022649 1 9459.19726562 0. 5.0544345517e-22 0.
1477022709 1 9446.59472656 0. 5.05281402454e-22 0.
1477022769 1 9439.06152344 0. 5.05362332595e-22 0.
1477022829 1 9425.85351562 0. 5.05146359741e-22 0.
1477022889 1 9415.21484375 0. 5.05071426361e-22 0.
1477022950 1 9404.02832031 0. 5.04950488052e-22 0.
1477023010 1 9389.10839844 0. 5.04645609362e-22 0.
1477023070 1 9384.71875 0. 5.04899702342e-22 0.
1477023130 1 9372.2734375 0. 5.04714233303e-22 0.
1477023190 1 9360.62695312 0. 5.04584629479e-22 0.
1477023243 1 9351.25097656 0. 5.04485864035e-22 0.
1477023295 1 9341.39160156 0. 5.04414112508e-22 0.
1477023356 1 9326.12890625 0. 5.04075550362e-22 0.
1477023416 1 9317.60253906 0. 5.04102937386e-22 0.
1477023476 1 9307.86328125 0. 5.04068827931e-22 0.
1477023537 1 9297.47460938 0. 5.03971939244e-22 0.
1477023597 1 9287.27148438 0. 5.03927616022e-22 0.
1477023658 1 9275.09179688 0. 5.0376134479e-22 0.
1477023718 1 9265.24121094 0. 5.03695049514e-22 0.
1477023779 1 9253.37597656 0. 5.03546714961e-22 0.
1477023839 1 9238.97070312 0. 5.03268600252e-22 0.
1477023900 1 9230.95410156 0. 5.03327359312e-22 0.
1477023942 1 9228.2265625 0. 5.03554460181e-22 0.
1477023984 1 9220.44238281 0. 5.03442009794e-22 0.
1477024022 1 9210.05371094 0. 5.03198546745e-22 0.
1477024058 1 9204.42285156 0. 5.03173525555e-22 0.
1477024112 1 9193.22265625 0. 5.0299813439e-22 0.
1477024157 1 9189.68359375 0. 5.03165015676e-22 0.
1477024204 1 9178.90722656 0. 5.02957227601e-22 0.
1477024264 1 9168.35546875 0. 5.02862329465e-22 0.
1477024324 1 9158.546875 0. 5.02804860882e-22 0.
1477024384 1 9144.91992188 0. 5.02550440243e-22 0.
1477024445 1 9133.4453125 0. 5.02383013348e-22 0.
1477024505 1 9122.74511719 0. 5.02264287518e-22 0.
1477024565 1 9110.71972656 0. 5.02084381463e-22 0.
1477024625 1 9104.83496094 0. 5.0223050485e-22 0.
1477024685 1 9093.19140625 0. 5.02090435835e-22 0.
1477024745 1 9079.35449219 0. 5.01799523964e-22 0.
1477024805 1 9066.96679688 0. 5.01610268351e-22 0.
1477024865 1 9057.00390625 0. 5.01529657668e-22 0.
1477024926 1 9043.5078125 0. 5.01259579676e-22 0.
1477024986 1 9038.2734375 0. 5.014518339e-22 0.
1477025046 1 9025.99414062 0. 5.01246105322e-22 0.
1477025106 1 9015.35351562 0. 5.01142670789e-22 0.
1477025166 1 9002.28222656 0. 5.00891243e-22 0.
1477025226 1 8971.12304688 0. 4.99656469254e-22 0.
1477025286 1 8973.46777344 0. 5.00251533935e-22 0.
1477025347 1 8970.01367188 0. 5.00530722146e-22 0.
1477025407 1 8965.80078125 0. 5.00764824813e-22 0.
1477025467 1 8954.14648438 0. 5.00594063567e-22 0.
1477025527 1 8947.03417969 0. 5.00662082509e-22 0.
1477025587 1 8937.07714844 0. 5.0057193462e-22 0.
1477025647 1 8918.93359375 0. 5.000426897e-22 0.
1477025707 1 8918.95214844 0. 5.00525423029e-22 0.
1477025767 1 8900.44335938 0. 4.99970022043e-22 0.
1477025828 1 8892.47265625 0. 4.99995276474e-22 0.
1477025888 1 8879.88378906 0. 4.99774834902e-22 0.
1477025948 1 8868.75488281 0. 4.9960097831e-22 0.
1477026008 1 8866.54785156 0. 4.99950285454e-22 0.
1477026068 1 8857.34277344 0. 4.99897814215e-22 0.
1477026128 1 8845.81933594 0. 4.99733389455e-22 0.
1477026165 1 8841.45996094 0. 4.99806152815e-22 0.
1477026203 1 8830.52148438 0. 4.99444904708e-22 0.
1477026263 1 8586.99121094 0. 4.86141143412e-22 0.
1477026323 1 8422.56054688 0. 4.77264502573e-22 0.
1477026384 1 8807.95019531 0. 4.995525528e-22 0.
1477026444 1 8796.57519531 0. 4.99366476848e-22 0.
1477026504 1 8788.23242188 0. 4.99345115972e-22 0.
1477026564 1 8774.6484375 0. 4.99036425956e-22 0.
1477026624 1 8773.79199219 0. 4.99463370368e-22 0.
1477026684 1 8762.89941406 0. 4.99294286871e-22 0.
1477026744 1 8749.97753906 0. 4.99010978606e-22 0.
1477026805 1 8742.11523438 0. 4.99031690979e-22 0.
1477026865 1 8728.05371094 0. 4.9871865076e-22 0.
1477026923 1 8718.40234375 0. 4.98605212042e-22 0.
1477026982 1 8706.89355469 0. 4.98422043041e-22 0.
1477027042 1 8702.78710938 0. 4.98635013792e-22 0.
1477027103 1 8696.75488281 0. 4.98763549693e-22 0.
1477027163 1 8684.2265625 0. 4.98515767924e-22 0.
1477027223 1 8673.7890625 0. 4.98382483901e-22 0.
1477027283 1 8665.28808594 0. 4.98345899326e-22 0.
1477027343 1 8655.65332031 0. 4.98267331802e-22 0.
1477027403 1 8644.99121094 0. 4.98128922484e-22 0.
1477027463 1 8636.65136719 0. 4.98096933793e-22 0.
1477027524 1 8633.22851562 0. 4.98367399962e-22 0.
1477027584 1 8622.43066406 0. 4.98208927805e-22 0.
1477027644 1 8611.20117188 0. 4.98038757904e-22 0.
1477027704 1 8605.08789062 0. 4.98146046328e-22 0.
1477027751 1 8598.69726562 0. 4.98135606233e-22 0.
1477027798 1 8586.32714844 0. 4.97766264399e-22 0.
1477027858 1 8578.71484375 0. 4.9781026742e-22 0.
1477027918 1 8571.85839844 0. 4.97881898055e-22 0.
1477027978 1 8562.4375 0. 4.97788426686e-22 0.
1477028039 1 8553.76367188 0. 4.97752453999e-22 0.
1477028099 1 8538.43164062 0. 4.97321993826e-22 0.
1477028159 1 8533.58789062 0. 4.97511352754e-22 0.
1477028219 1 8525.51953125 0. 4.97488189783e-22 0.
1477028279 1 8509.86914062 0. 4.97060205777e-22 0.
1477028339 1 8500.60449219 0. 4.96956144135e-22 0.
1477028399 1 8490.13183594 0. 4.96817521426e-22 0.
1477028459 1 8484.27539062 0. 4.96954738207e-22 0.
1477028520 1 8476.53125 0. 4.96940110242e-22 0.
1477028580 1 8464.64257812 0. 4.96700305e-22 0.
1477028640 1 8452.29589844 0. 4.96446973267e-22 0.
1477028700 1 8445.42871094 0. 4.96497533674e-22 0.
1477028760 1 8434.828125 0. 4.96338935841e-22 0.
1477028820 1 8422.87304688 0. 4.96081359923e-22 0.
1477028880 1 8417.54003906 0. 4.96219867772e-22 0.
1477028941 1 8404.57226562 0. 4.95918415052e-22 0.
1477029001 1 8397.328125 0. 4.95943514747e-22 0.
1477029061 1 8389.25878906 0. 4.95923780849e-22 0.
1477029121 1 8384.72949219 0. 4.96108934371e-22 0.
1477029181 1 8372.85449219 0. 4.95867752426e-22 0.
1477029241 1 8361.15820312 0. 4.95639709888e-22 0.
1477029301 1 8358.8125 0. 4.95938285354e-22 0.
1477029362 1 8348.22363281 0. 4.95793756759e-22 0.
1477029422 1 8338.04589844 0. 0.0 0.
1477029457 1 8332.11035156 0. 4.95512984171e-22 0.
1477029492 1 8326.14941406 0. 4.95413689837e-22 0.
1477029552 1 8320.82226562 0. 4.95579906719e-22 0.
1477029612 1 8310.85546875 0. 4.95455835113e-22 0.
1477029673 1 8295.05078125 0. 4.94969669705e-22 0.
1477029733 1 8291.70800781 0. 4.95206407899e-22 0.
1477029793 1 8286.12890625 0. 4.95337865432e-22 0.
1477029853 1 8276.93457031 0. 4.95231115613e-22 0.
1477029913 1 8267.69921875 0. 4.95122417945e-22 0.
1477029973 1 8258.80761719 0. 4.95053464101e-22 0.
1477030033 1 8251.68457031 0. 4.95071393989e-22 0.
1477030093 1 8241.94824219 0. 4.94916816033e-22 0.
1477030154 1 8231.21777344 0. 4.94737791873e-22 0.
1477030214 1 8225.53515625 0. 4.94842115333e-22 0.
1477030274 1 8212.13085938 0. 4.94487926095e-22 0.
1477030334 1 8210.73828125 0. 4.94850248142e-22 0.
1477030394 1 8201.25195312 0. 4.95591375056e-22 0.
1477030454 1 8191.16699219 0. 4.94549025638e-22 0.
1477030515 1 8179.37353516 0. 4.94293438065e-22 0.
1477030575 1 8172.86279297 0. 4.94350532617e-22 0.
1477030635 1 8159.46777344 0. 4.93982914827e-22 0.
1477030695 1 8151.58398438 0. 4.93943945802e-22 0.
1477030755 1 8151.20751953 0. 4.94349079013e-22 0.
1477030815 1 8143.6953125 0. 4.94328669853e-22 0.
1477030875 1 8131.53125 0. 4.94041756107e-22 0.
1477030936 1 8124.52587891 0. 4.94067236895e-22 0.
1477030996 1 8118.10107422 0. 4.94116936491e-22 0.
1477031056 1 8112.96630859 0. 4.94246953503e-22 0.
1477031116 1 8104.99365234 0. 4.94214535321e-22 0.
1477031176 1 8097.76464844 0. 4.94214708346e-22 0.
1477031236 1 8084.53271484 0. 4.9383376013e-22 0.
1477031296 1 8075.03857422 0. 4.93701976208e-22 0.
1477031357 1 8068.34130859 0. 4.93742511678e-22 0.
1477031417 1 8058.11621094 0. 4.93571121774e-22 0.
1477031477 1 8053.26074219 0. 4.9372767442e-22 0.
1477031537 1 8045.77685547 0. 4.93698544881e-22 0.
1477031597 1 8036.16650391 0. 4.93552590185e-22 0.
1477031657 1 8031.05664062 0. 4.93654814952e-22 0.
1477031717 1 7964.78710938 0. 4.90027560523e-22 0.
1477031777 1 7730.29882812 0. 4.75965766679e-22 0.
1477031838 1 7778.98974609 0. 4.79494806111e-22 0.
1477031898 1 7992.39990234 0. 4.93026124086e-22 0.
1477031958 1 7993.6875 0. 4.93530903132e-22 0.
1477032018 1 7984.79736328 0. 4.93396510658e-22 0.
1477032078 1 7978.75244141 0. 4.93452376357e-22 0.
1477032138 1 7970.68457031 0. 4.93365714143e-22 0.
1477032198 1 7963.01611328 0. 4.93274968883e-22 0.
1477032259 1 7953.24072266 0. 4.93091015568e-22 0.
1477032319 1 7950.81347656 0. 4.93349472081e-22 0.
1477032379 1 7939.78466797 0. 4.93081024902e-22 0.
1477032439 1 7931.01074219 0. 4.92954738804e-22 0.
1477032499 1 7923.5078125 0. 4.92887224916e-22 0.
1477032559 1 7922.12158203 0. 4.93237748718e-22 0.
1477032619 1 7914.79785156 0. 4.93194511174e-22 0.
1477032679 1 7906.23632812 0. 4.93076723442e-22 0.
1477032740 1 7899.84570312 0. 4.93088015784e-22 0.
1477032800 1 7894.54931641 0. 4.93162386817e-22 0.
1477032860 1 7883.37304688 0. 4.92887642375e-22 0.
1477032920 1 7876.97021484 0. 4.92896332467e-22 0.
1477032980 1 7872.68945312 0. 4.93037041e-22 0.
1477033040 1 7867.07275391 0. 4.93034703928e-22 0.
1477033100 1 7862.40283203 0. 4.9307968809e-22 0.
1477033161 1 7841.32080078 0. 4.92100960958e-22 0.
1477033221 1 7838.40380859 0. 4.92232740552e-22 0.
1477033281 1 7830.85888672 0. 4.92060608279e-22 0.
1477033321 1 7825.34912109 0. 4.91940399504e-22 0.
1477033362 1 7812.23193359 0. 4.91328171081e-22 0.
1477033422 1 7813.6640625 0. 4.91724761961e-22 0.
1477033482 1 7811.64355469 0. 4.91913205117e-22 0.
1477033542 1 7807.52587891 0. 4.91969062548e-22 0.
1477033603 1 7804.29101562 0. 0.0 0.
1477033638 1 7802.40429688 0. 4.92130609154e-22 0.
1477033648 1 7801.86523438 0. 4.92151976219e-22 0.
1477033683 1 7802.52197266 0. 4.92368581212e-22 0.
1477033743 1 7797.61425781 0. 4.92376046372e-22 0.
1477033803 1 7792.54980469 0. 4.92375435258e-22 0.
1477033863 1 7783.36865234 0. 4.92115660954e-22 0.
1477033923 1 7784.70410156 0. 4.92516136717e-22 0.
1477033983 1 7782.60205078 0. 4.92705975423e-22 0.
1477034044 1 7775.01513672 0. 4.92548868755e-22 0.
1477034104 1 7767.57568359 0. 4.92389886193e-22 0.
1477034164 1 7768.47070312 0. 4.92731299811e-22 0.
1477034224 1 7765.62744141 0. 4.92810396051e-22 0.
1477034284 1 7759.59375 0. 4.9269347314e-22 0.
1477034344 1 7754.58496094 0. 4.9264250496e-22 0.
1477034404 1 7753.20263672 0. 4.92846369124e-22 0.
1477034465 1 7751.76513672 0. 4.93015628224e-22 0.
1477034525 1 7748.21044922 0. 4.93053384847e-22 0.
1477034585 1 7743.17773438 0. 4.92986485001e-22 0.
1477034645 1 7740.80224609 0. 4.93105597776e-22 0.
1477034705 1 7736.92529297 0. 4.93141833626e-22 0.
1477034766 1 7730.59130859 0. 4.93010202703e-22 0.
1477034826 1 7732.171875 0. 4.93364820325e-22 0.
1477034886 1 7722.97119141 0. 4.93040963544e-22 0.
1477034946 1 7723.50195312 0. 4.9333106445e-22 0.
1477035006 1 7718.69140625 0. 4.93293627409e-22 0.
1477035066 1 7716.01123047 0. 4.93404478556e-22 0.
1477035126 1 7716.15917969 0. 4.936764927e-22 0.
1477035187 1 7712.82714844 0. 4.93727587759e-22 0.
1477035241 1 7708.65087891 0. 4.93707136043e-22 0.
1477035295 1 7705.42382812 0. 0.0 0.
1477035330 1 7703.33154297 0. 4.93710472359e-22 0.
1477035365 1 7701.23583984 0. 4.93718347318e-22 0.
1477035425 1 7691.94238281 0. 4.9340088117e-22 0.
1477035464 1 7686.36181641 0. 4.93215351327e-22 0.
1477035504 1 7693.41308594 0. 4.93789304563e-22 0.
1477035555 1 7689.86376953 0. 4.93776987996e-22 0.
1477035606 1 7687.34423828 0. 0.0 0.
1477035641 1 7685.61083984 0. 4.93804516047e-22 0.
1477035651 1 7685.11621094 0. 4.93851965434e-22 0.
1477035686 1 7681.77880859 0. 4.93778737709e-22 0.
1477035746 1 7679.75878906 0. 4.93902068041e-22 0.
1477035806 1 7676.81103516 0. 4.93960612554e-22 0.
1477035866 1 7673.15136719 0. 4.93973392242e-22 0.
1477035926 1 7668.93994141 0. 4.93951030144e-22 0.
1477035986 1 7663.87695312 0. 4.93869457902e-22 0.
1477036047 1 7658.75878906 0. 4.93788309749e-22 0.
1477036107 1 7652.42626953 0. 4.9361936682e-22 0.
1477036167 1 7652.23876953 0. 4.93825801315e-22 0.
1477036227 1 7645.29589844 0. 4.93630564639e-22 0.
1477036287 1 7644.43212891 0. 4.93828194227e-22 0.
1477036347 1 7639.07617188 0. 4.93730289012e-22 0.
1477036407 1 7629.93603516 0. 4.93378545454e-22 0.
1477036468 1 7626.69482422 0. 4.93397991367e-22 0.
1477036528 1 7622.75976562 0. 4.9338888415e-22 0.
1477036588 1 7615.09179688 0. 4.93163539049e-22 0.
1477036648 1 7612.859375 0. 4.93238556021e-22 0.
1477036708 1 7610.65087891 0. 4.93327989919e-22 0.
1477036768 1 7607.54394531 0. 4.9335381923e-22 0.
1477036828 1 7605.15869141 0. 4.93426904357e-22 0.
1477036888 1 7601.42333984 0. 4.93427485865e-22 0.
1477036948 1 7594.67480469 0. 4.93259471977e-22 0.
1477037009 1 7599.05126953 0. 4.93765096643e-22 0.
1477037069 1 7593.60595703 0. 4.93648152044e-22 0.
1477037129 1 7583.11621094 0. 4.9320844145e-22 0.
1477037189 1 7583.59521484 0. 4.93471762181e-22 0.
1477037249 1 7572.18798828 0. 4.92961318349e-22 0.
1477037309 1 7566.29345703 0. 4.92799747798e-22 0.
1477037369 1 7564.49072266 0. 4.92935806286e-22 0.
1477037429 1 7561.55859375 0. 4.92971448386e-22 0.
1477037490 1 7556.78662109 0. 4.9289598547e-22 0.
1477037550 1 7552.32617188 0. 4.9284340477e-22 0.
1477037610 1 7548.70507812 0. 4.92854154482e-22 0.
1477037670 1 7547.78417969 0. 4.93022069272e-22 0.
1477037730 1 7544.50097656 0. 4.93045551554e-22 0.
1477037790 1 7543.52783203 0. 4.9322087969e-22 0.
1477037850 1 7539.828125 0. 4.93226058367e-22 0.
1477037911 1 7501.35205078 0. 4.91088438606e-22 0.
1477037971 1 7239.07128906 0. 4.74295776877e-22 0.
1477038031 1 7266.79736328 0. 4.76602803579e-22 0.
1477038091 1 7523.02050781 0. 4.93776994605e-22 0.
1477038151 1 7510.54101562 0. 4.93387357773e-22 0.
1477038211 1 7390.92431641 0. 4.86370300092e-22 0.
1477038269 1 7109.32373047 0. 4.67716469696e-22 0.
1477038316 1 6760.609375 0. 4.45029904351e-22 0.
1477038364 1 6608.59228516 0. 4.36718696676e-22 0.
1477038424 1 6447.86083984 0. 4.26437300171e-22 0.
1477038485 1 5908.65869141 0. 3.89716277231e-22 0.
1477038541 1 5895.39160156 0. 3.8911233267e-22 0.
1477038583 1 5888.45654297 0. 3.88832078798e-22 0.
1477038629 1 5876.83447266 0. 3.88282589865e-22 0.
1477038690 1 5861.58398438 0. 3.87544515602e-22 0.
1477038750 1 5847.34912109 0. 3.86885263347e-22 0.
1477038810 1 5834.43798828 0. 0.0 0.
1477038845 1 5826.90576172 0. 3.8591397198e-22 0.
1477038880 1 5819.37744141 0. 3.85575555842e-22 0.
1477038940 1 5814.14306641 0. 3.85527451092e-22 0.
1477039000 1 5823.27734375 0. 3.86415679181e-22 0.
1477039061 1 5820.02783203 0. 3.86454066114e-22 0.
1477039121 1 5832.27294922 0. 3.87544860547e-22 0.
1477039181 1 5828.23828125 0. 3.87554559703e-22 0.
1477039241 1 5829.046875 0. 3.87878434521e-22 0.
1477039301 1 5828.08056641 0. 3.88087555268e-22 0.
1477039361 1 5847.15283203 0. 3.89630024769e-22 0.
1477039415 1 5817.90527344 0. 3.89254034126e-22 0.
1477039470 1 0.148789033294 0. 0.0 0.
