1477266241 1 10397.4023438 0. 4.59103237461e-22 0.
1477266301 1 11148.8535156 0. 0.0 0.
1477266336 1 11587.1269531 0. 5.12356174896e-22 0.
1477266371 1 12027.5527344 0. 5.32130058095e-22 0.
1477266431 1 12009.7929688 0. 5.31916497088e-22 0.
1477266491 1 12015.8212891 0. 5.32683720593e-22 0.
1477266552 1 12007.0625 0. 5.32865654805e-22 0.
1477266590 1 11972.2978516 0. 5.31779987121e-22 0.
1477266628 1 11962.6484375 0. 5.31750159783e-22 0.
1477266688 1 11932.71875 0. 5.31115999593e-22 0.
1477266748 1 11905.4042969 0. 5.30587856759e-22 0.
1477266808 1 11889.7265625 0. 5.30562209087e-22 0.
1477266869 1 11873.5146484 0. 5.30540917491e-22 0.
1477266929 1 11853.0576172 0. 5.30293726013e-22 0.
1477266989 1 11845.2314453 0. 5.3061079182e-22 0.
1477267049 1 11827.0605469 0. 5.30477280058e-22 0.
1477267109 1 11799.2470703 0. 5.29913913279e-22 0.
1477267169 1 11785.9306641 0. 5.30016404713e-22 0.
1477267229 1 11761.8681641 0. 5.29584372234e-22 0.
1477267290 1 11748.9082031 0. 5.29683445695e-22 0.
1477267350 1 11735.6337891 0. 5.29742127177e-22 0.
1477267410 1 11707.6210938 0. 5.29150330106e-22 0.
1477267470 1 11690.9775391 0. 5.29064453618e-22 0.
1477267530 1 11677.0126953 0. 5.29095473329e-22 0.
1477267590 1 11659.8378906 0. 5.28971759382e-22 0.
1477267650 1 11640.21875 0. 5.28735773008e-22 0.
1477267711 1 11626.2148438 0. 5.28759880695e-22 0.
1477267771 1 11606.6132812 0. 5.28543289045e-22 0.
1477267831 1 11583.7011719 0. 5.28139912945e-22 0.
1477267876 1 11571.0996094 0. 5.28076585408e-22 0.
1477267922 1 11561.9707031 0. 5.28131447833e-22 0.
1477267982 1 11535.4462891 0. 5.27564304753e-22 0.
1477268042 1 11520.7929688 0. 5.27505295556e-22 0.
1477268102 1 11509.3632812 0. 5.27623931471e-22 0.
1477268162 1 11478.9296875 0. 5.26891859487e-22 0.
1477268222 1 11457.4189453 0. 5.26544048696e-22 0.
1477268259 1 11440.640625 0. 5.26182882771e-22 0.
1477268295 1 11429.8564453 0. 5.2603270659e-22 0.
1477268355 1 11408.6845703 0. 5.25699278317e-22 0.
1477268416 1 11405.5410156 0. 5.26188930721e-22 0.
1477268476 1 11381.7753906 0. 5.25721021565e-22 0.
1477268536 1 11363.3603516 0. 5.25502047923e-22 0.
1477268596 1 11343.0820312 0. 5.25187165351e-22 0.
1477268656 1 11328.3613281 0. 5.25120683695e-22 0.
1477268716 1 11315.6572266 0. 5.25146109218e-22 0.
1477268776 1 11299.5556641 0. 5.25017295005e-22 0.
1477268836 1 11279.5947266 0. 5.24687042889e-22 0.
1477268897 1 11268.2011719 0. 5.24750817076e-22 0.
1477268957 1 11250.4130859 0. 5.24563512358e-22 0.
1477269017 1 11230.5214844 0. 5.24231401544e-22 0.
1477269077 1 11214.8583984 0. 5.24097111274e-22 0.
1477269137 1 11198.1767578 0. 5.23911450645e-22 0.
1477269197 1 11189.5595703 0. 0.0 0.
1477269257 1 11177.6630859 0. 5.2416697108e-22 0.
1477269317 1 11161.3427734 0. 0.0 0.
1477269353 1 11151.8066406 0. 5.23852841796e-22 0.
1477269388 1 11142.2861328 0. 5.23760200299e-22 0.
1477269428 1 11135.8046875 0. 5.23871664945e-22 0.
1477269469 1 11114.875 0. 5.23295101886e-22 0.
1477269529 1 11110.109375 0. 5.23650876684e-22 0.
1477269588 1 11091.0263672 0. 0.0 0.
1477269622 1 11080.0820312 0. 5.23144079585e-22 0.
1477269632 1 11076.8291016 0. 5.23090115113e-22 0.
1477269667 1 11069.0761719 0. 5.23098915519e-22 0.
1477269727 1 11055.8212891 0. 5.23078656663e-22 0.
1477269787 1 11042.6572266 0. 5.23030825514e-22 0.
1477269847 1 11020.5888672 0. 5.22579763272e-22 0.
1477269907 1 11005.5761719 0. 5.22456037682e-22 0.
1477269967 1 10994.0429688 0. 5.22508554944e-22 0.
1477270028 1 10980.96875 0. 5.22463716839e-22 0.
1477270088 1 10964.4677734 0. 5.22272422876e-22 0.
1477270148 1 10957.3916016 0. 5.22503382082e-22 0.
1477270205 1 10932.625 0. 5.21888376032e-22 0.
1477270263 1 10920.9326172 0. 5.21874428885e-22 0.
1477270323 1 10913.0244141 0. 5.22084855245e-22 0.
1477270384 1 10891.7402344 0. 5.2166628157e-22 0.
1477270444 1 10871.2617188 0. 5.21254419856e-22 0.
1477270504 1 10867.3984375 0. 5.21645413077e-22 0.
1477270564 1 10851.5214844 0. 5.2144841076e-22 0.
1477270624 1 10836.2412109 0. 5.21312778611e-22 0.
1477270684 1 10577.1191406 0. 5.09390158091e-22 0.
1477270724 1 10564.6171875 0. 5.09099511147e-22 0.
1477270763 1 10284.6845703 0. 4.96024286847e-22 0.
1477270823 1 10828.6767578 0. 5.22731673858e-22 0.
1477270883 1 10814.8359375 0. 5.22649153765e-22 0.
1477270943 1 10799.1923828 0. 5.22463821449e-22 0.
1477271004 1 10786.3544922 0. 5.22391031671e-22 0.
1477271064 1 10765.5947266 0. 5.21966506436e-22 0.
1477271124 1 10755.9091797 0. 5.2204986859e-22 0.
1477271184 1 10744.2929688 0. 5.22030433652e-22 0.
1477271221 1 10736.0019531 0. 5.21996676505e-22 0.
1477271257 1 10722.5361328 0. 5.21684438301e-22 0.
1477271293 1 10712.5585938 0. 5.21532385103e-22 0.
1477271328 1 10704.9404297 0. 0.0 0.
1477271388 1 10694.3876953 0. 5.21490803013e-22 0.
1477271448 1 10679.9433594 0. 5.21336103337e-22 0.
1477271498 1 10667.4550781 0. 5.21214127175e-22 0.
1477271548 1 10653.4541016 0. 5.20978596226e-22 0.
1477271608 1 10640.3554688 0. 5.20911372048e-22 0.
1477271669 1 10626.359375 0. 5.20768334106e-22 0.
1477271729 1 10612.8652344 0. 5.20636371585e-22 0.
1477271789 1 10600.7167969 0. 5.2061823442e-22 0.
1477271849 1 10585.8857422 0. 5.20430972078e-22 0.
1477271909 1 10568.2822266 0. 5.20123342883e-22 0.
1477271969 1 10553.3476562 0. 5.19934509983e-22 0.
1477272029 1 10538.6992188 0. 5.19765679302e-22 0.
1477272090 1 10521.6230469 0. 5.19494320682e-22 0.
1477272150 1 10509.9453125 0. 5.19462521181e-22 0.
1477272210 1 10498.1826172 0. 5.19408650505e-22 0.
1477272270 1 10483.4716797 0. 5.19226851749e-22 0.
1477272330 1 10469.5537109 0. 5.1909879974e-22 0.
1477272390 1 10453.5751953 0. 5.18845987032e-22 0.
1477272445 1 10447.015625 0. 5.19012249972e-22 0.
1477272500 1 10431.6191406 0. 5.18742000387e-22 0.
1477272543 1 10422.5410156 0. 5.18671394872e-22 0.
1477272586 1 10410.7070312 0. 5.18463655379e-22 0.
1477272646 1 10398.4492188 0. 5.18409437612e-22 0.
1477272706 1 10379.9609375 0. 5.18016537621e-22 0.
1477272767 1 10370.3203125 0. 5.1807220859e-22 0.
1477272827 1 10358.7910156 0. 5.18042235589e-22 0.
1477272887 1 10345.1396484 0. 5.17902407577e-22 0.
1477272947 1 10333.0078125 0. 5.17793804364e-22 0.
1477273007 1 10318.1357422 0. 5.17589103102e-22 0.
1477273067 1 10303.7587891 0. 5.17408528934e-22 0.
1477273115 1 10293.7558594 0. 5.17331304963e-22 0.
1477273144 1 10288.8261719 0. 5.17338634382e-22 0.
1477273186 1 10277.9091797 0. 5.17148864112e-22 0.
1477273246 1 10265.8740234 0. 5.17077448189e-22 0.
1477273306 1 10255.0605469 0. 5.17075860764e-22 0.
1477273366 1 10243.2646484 0. 5.17022855864e-22 0.
1477273427 1 10232.1591797 0. 5.16997543016e-22 0.
1477273487 1 10216.6416016 0. 5.16759608757e-22 0.
1477273547 1 10201.953125 0. 5.16535734936e-22 0.
1477273607 1 10190.0908203 0. 5.16452494233e-22 0.
1477273667 1 10180.109375 0. 5.16489118984e-22 0.
1477273727 1 10166.6552734 0. 5.16346178058e-22 0.
1477273787 1 10151.7167969 0. 5.16112210683e-22 0.
1477273848 1 10138.5322266 0. 5.15994761516e-22 0.
1477273908 1 10126.3496094 0. 5.15894742598e-22 0.
1477273968 1 10117.1835938 0. 5.15966637643e-22 0.
1477274028 1 10103.7773438 0. 5.15795176767e-22 0.
1477274088 1 10092.4902344 0. 5.15753897355e-22 0.
1477274148 1 10080.7822266 0. 5.15701794934e-22 0.
1477274208 1 10063.8925781 0. 5.15364625513e-22 0.
1477274269 1 10044.8164062 0. 5.14901560985e-22 0.
1477274329 1 10039.0107422 0. 5.15126727243e-22 0.
1477274366 1 10023.3369141 0. 5.14667671866e-22 0.
1477274403 1 10016.8613281 0. 5.14627563736e-22 0.
1477274441 1 10014.4414062 0. 5.14846987176e-22 0.
1477274479 1 10002.7529297 0. 5.14564798444e-22 0.
1477274539 1 9989.86816406 0. 5.14399739708e-22 0.
1477274599 1 9975.56152344 0. 5.14181779577e-22 0.
1477274659 1 9963.90136719 0. 5.14107119065e-22 0.
1477274719 1 9951.93945312 0. 5.14022610106e-22 0.
1477274779 1 9940.58105469 0. 5.13940821222e-22 0.
1477274839 1 9931.99121094 0. 5.14007737475e-22 0.
1477274900 1 9917.70898438 0. 5.13784276948e-22 0.
1477274960 1 9905.37207031 0. 5.13671142258e-22 0.
1477275006 1 9900.8515625 0. 5.13823100572e-22 0.
1477275052 1 9888.33203125 0. 5.13575869365e-22 0.
1477275113 1 9873.28125 0. 5.13300611134e-22 0.
1477275173 1 9870.26953125 0. 5.13668719963e-22 0.
1477275233 1 9852.74511719 0. 5.13257727865e-22 0.
1477275293 1 9837.60546875 0. 5.12992317798e-22 0.
1477275353 1 9829.77929688 0. 5.13104421847e-22 0.
1477275413 1 9806.57714844 0. 5.12427994831e-22 0.
1477275474 1 9789.29492188 0. 5.12033432256e-22 0.
1477275534 1 9791.32910156 0. 5.12640708958e-22 0.
1477275594 1 9720.859375 0. 5.09481885965e-22 0.
1477275654 1 9401.56933594 0. 4.93152318698e-22 0.
1477275714 1 9445.26953125 0. 4.96052057516e-22 0.
1477275774 1 9759.58691406 0. 5.12952229078e-22 0.
1477275834 1 9747.44140625 0. 5.12838067122e-22 0.
1477275895 1 9741.04980469 0. 5.12998133686e-22 0.
1477275955 1 9725.19140625 0. 5.12668186248e-22 0.
1477276015 1 9715.359375 0. 5.12672125837e-22 0.
1477276058 1 9706.1171875 0. 5.12538077882e-22 0.
1477276101 1 9699.04101562 0. 5.12510403546e-22 0.
1477276161 1 9686.91210938 0. 5.12380822311e-22 0.
1477276222 1 9678.01660156 0. 5.12404005364e-22 0.
1477276282 1 9664.20507812 0. 5.12183554913e-22 0.
1477276342 1 9648.51953125 0. 5.11861914117e-22 0.
1477276402 1 9637.52636719 0. 5.1180247368e-22 0.
1477276462 1 9628.23730469 0. 5.11804792388e-22 0.
1477276522 1 9614.52734375 0. 5.1157163863e-22 0.
1477276582 1 9599.08203125 0. 5.11240186183e-22 0.
1477276643 1 9587.796875 0. 5.11141560646e-22 0.
1477276703 1 9573.83984375 0. 5.10892300882e-22 0.
1477276763 1 9565.80371094 0. 5.10960016584e-22 0.
1477276823 1 9555.04785156 0. 5.10891142339e-22 0.
1477276883 1 9542.57324219 0. 5.10725961548e-22 0.
1477276943 1 9527.58398438 0. 5.18472523848e-22 0.
1477277003 1 9516.57519531 0. 5.10306971515e-22 0.
1477277064 1 9504.83300781 0. 5.10179075148e-22 0.
1477277124 1 9494.11425781 0. 5.10108691019e-22 0.
1477277184 1 9485.26367188 0. 5.10132346355e-22 0.
1477277244 1 9476.39160156 0. 5.1015549191e-22 0.
1477277304 1 9460.20117188 0. 5.09789063946e-22 0.
1477277364 1 9450.18554688 0. 5.09727169137e-22 0.
1477277424 1 9439.63867188 0. 5.09663461098e-22 0.
1477277485 1 9429.50488281 0. 5.09608398326e-22 0.
1477277545 1 9414.81152344 0. 5.09306209789e-22 0.
1477277605 1 9409.41796875 0. 5.09510859144e-22 0.
1477277665 1 9399.85839844 0. 5.09492343365e-22 0.
1477277724 1 9387.35742188 0. 5.09317676907e-22 0.
1477277783 1 9382.78125 0. 5.09550714922e-22 0.
1477277843 1 9370.4296875 0. 5.09368263354e-22 0.
1477277904 1 9358.47753906 0. 5.09226303503e-22 0.
1477277964 1 9344.10742188 0. 5.08932890215e-22 0.
1477278024 1 9333.70605469 0. 5.08868094813e-22 0.
1477278084 1 9319.48925781 0. 5.08589134236e-22 0.
1477278144 1 9313.02050781 0. 5.08728695666e-22 0.
1477278204 1 9304.84277344 0. 5.08778646155e-22 0.
1477278264 1 9290.31542969 0. 5.08464696503e-22 0.
1477278325 1 9280.58105469 0. 5.08419550099e-22 0.
1477278385 1 9271.80566406 0. 5.08436629391e-22 0.
1477278445 1 9260.79003906 0. 5.0833159201e-22 0.
1477278505 1 9250.18847656 0. 5.08227322635e-22 0.
1477278565 1 9241.88769531 0. 5.08253107503e-22 0.
1477278625 1 9230.08398438 0. 5.08085872133e-22 0.
1477278685 1 9219.40722656 0. 5.0796062954e-22 0.
1477278745 1 9209.94042969 0. 5.07942001384e-22 0.
1477278806 1 9202.66894531 0. 5.08049378547e-22 0.
1477278866 1 9190.55371094 0. 5.07870509601e-22 0.
1477278926 1 9180.80859375 0. 5.07790895079e-22 0.
1477278970 1 9174.2890625 0. 5.07813632396e-22 0.
1477279014 1 9165.59863281 0. 5.07660268823e-22 0.
1477279074 1 9155.63085938 0. 5.07603022774e-22 0.
1477279134 1 9147.73144531 0. 5.07656920853e-22 0.
1477279194 1 9136.71386719 0. 5.0750458651e-22 0.
1477279254 1 9124.08496094 0. 5.07297447962e-22 0.
1477279314 1 9114.30566406 0. 5.07226234093e-22 0.
1477279375 1 9101.36523438 0. 5.06985328887e-22 0.
1477279435 1 9090.99902344 0. 5.06886499714e-22 0.
1477279495 1 9083.515625 0. 5.06944445776e-22 0.
1477279555 1 9069.32226562 0. 5.06648679848e-22 0.
1477279615 1 9064.54394531 0. 5.06844746267e-22 0.
1477279675 1 9055.97363281 0. 5.0685101055e-22 0.
1477279735 1 9041.95507812 0. 5.06544327386e-22 0.
1477279796 1 9033.71875 0. 5.0658720182e-22 0.
1477279856 1 9028.84179688 0. 5.06772998077e-22 0.
1477279916 1 9016.12304688 0. 5.06541890016e-22 0.
1477279976 1 9003.14355469 0. 5.06305625568e-22 0.
1477280036 1 8992.66699219 0. 5.06196028926e-22 0.
1477280096 1 8985.61914062 0. 5.06280049794e-22 0.
1477280156 1 8977.02929688 0. 5.06272513433e-22 0.
1477280216 1 8964.90429688 0. 5.06058942264e-22 0.
1477280277 1 8953.71484375 0. 5.05900350306e-22 0.
1477280337 1 8946.54394531 0. 5.05990808189e-22 0.
1477280397 1 8936.26171875 0. 5.05892682658e-22 0.
1477280457 1 8924.15820312 0. 5.05684894771e-22 0.
1477280517 1 8913.69921875 0. 0.0 0.
1477280552 1 8907.60058594 0. 5.05426248329e-22 0.
1477280587 1 8901.50292969 0. 5.05369388972e-22 0.
1477280647 1 8893.07324219 0. 5.05405500024e-22 0.
1477280706 1 8884.45605469 0. 5.05384115651e-22 0.
1477280765 1 8873.24121094 0. 5.05206632712e-22 0.
1477280825 1 8859.05859375 0. 5.04872825838e-22 0.
1477280885 1 8846.26660156 0. 5.04612676689e-22 0.
1477280945 1 8838.1875 0. 5.04635863431e-22 0.
1477280996 1 8827.08496094 0. 5.04393661393e-22 0.
1477281048 1 8820.67675781 0. 5.04427357291e-22 0.
1477281108 1 8813.19238281 0. 5.04491213337e-22 0.
1477281168 1 8804.80761719 0. 5.04472383394e-22 0.
1477281228 1 8792.84375 0. 5.04253362386e-22 0.
1477281288 1 8782.85253906 0. 5.04140112069e-22 0.
1477281348 1 8772.27148438 0. 5.03998525082e-22 0.
1477281408 1 8764.625 0. 5.04025151788e-22 0.
1477281468 1 8756.22363281 0. 5.04003150963e-22 0.
1477281529 1 8749.84375 0. 5.04105839254e-22 0.
1477281589 1 8737.13085938 0. 5.03836922404e-22 0.
1477281649 1 8726.27734375 0. 5.03687052372e-22 0.
1477281709 1 8716.67382812 0. 5.03609868076e-22 0.
1477281769 1 8709.31835938 0. 5.03657150173e-22 0.
1477281829 1 8703.09179688 0. 5.03754252677e-22 0.
1477281889 1 8691.66699219 0. 5.03554740919e-22 0.
1477281950 1 8678.60644531 0. 5.03265224887e-22 0.
1477282010 1 8672.8046875 0. 5.03404355401e-22 0.
1477282070 1 8662.62792969 0. 5.0328833698e-22 0.
1477282130 1 8651.66503906 0. 5.03106280756e-22 0.
1477282190 1 8643.15136719 0. 5.03077684118e-22 0.
1477282250 1 8634.15234375 0. 5.03018904545e-22 0.
1477282310 1 8621.67871094 0. 5.0275459495e-22 0.
1477282371 1 8613.78222656 0. 5.02749165015e-22 0.
1477282431 1 8604.55664062 0. 5.0269757614e-22 0.
1477282491 1 8596.30078125 0. 5.02668102431e-22 0.
1477282551 1 8589.70898438 0. 5.02752477495e-22 0.
1477282611 1 8576.60449219 0. 5.02445730687e-22 0.
1477282671 1 8567.84277344 0. 5.02406217378e-22 0.
1477282731 1 8559.61816406 0. 5.02368025744e-22 0.
1477282792 1 8556.76074219 0. 5.02676713207e-22 0.
1477282840 1 8550.97070312 0. 5.02718135679e-22 0.
1477282870 1 8546.12304688 0. 5.02658067814e-22 0.
1477282889 1 8542.60742188 0. 0.0 0.
1477282901 1 8540.31640625 0. 5.02504033109e-22 0.
1477282934 1 8534.21484375 0. 5.02403569726e-22 0.
1477282967 1 8528.1171875 0. 5.02340658873e-22 0.
1477283002 1 8525.52441406 0. 5.02426532157e-22 0.
1477283062 1 8397.32910156 0. 4.95307156214e-22 0.
1477283123 1 8169.34228516 0. 4.82246987361e-22 0.
1477283183 1 8342.37207031 0. 4.93029208479e-22 0.
1477283243 1 8495.04492188 0. 5.02459809011e-22 0.
1477283303 1 8480.00683594 0. 5.02028863608e-22 0.
1477283363 1 8470.03613281 0. 5.01878645506e-22 0.
1477283423 1 8460.76464844 0. 5.01781259371e-22 0.
1477283483 1 8459.36132812 0. 5.02152429036e-22 0.
1477283544 1 8447.27636719 0. 5.01883841154e-22 0.
1477283604 1 8434.3203125 0. 5.01568198281e-22 0.
1477283664 1 8422.515625 0. 5.01334131673e-22 0.
1477283724 1 8413.01464844 0. 5.01210236411e-22 0.
1477283784 1 8405.80175781 0. 5.01216864151e-22 0.
1477283844 1 8399.48730469 0. 5.01308060092e-22 0.
1477283904 1 8388.42382812 0. 0.0 0.
1477283939 1 8381.97070312 0. 5.00942561785e-22 0.
1477283969 1 8376.47851562 0. 5.00857261316e-22 0.
1477284024 1 8367.05761719 0. 5.0074088324e-22 0.
1477284084 1 8360.09472656 0. 5.00767298638e-22 0.
1477284144 1 8350.67773438 0. 5.00659055904e-22 0.
1477284204 1 8339.44140625 0. 5.00446329119e-22 0.
1477284265 1 8325.67480469 0. 5.00080477756e-22 0.
1477284325 1 8328.60546875 0. 5.00705775809e-22 0.
1477284385 1 8314.03320312 0. 5.00275521791e-22 0.
1477284445 1 8307.65039062 0. 5.0034412862e-22 0.
1477284505 1 8295.96386719 0. 5.00080969504e-22 0.
1477284565 1 8287.09570312 0. 5.00000155447e-22 0.
1477284625 1 8274.52246094 0. 4.99704832336e-22 0.
1477284686 1 8266.35351562 0. 4.99662131267e-22 0.
1477284746 1 8255.41796875 0. 4.99441223794e-22 0.
1477284806 1 8246.36914062 0. 4.99361504731e-22 0.
1477284866 1 8235.39453125 0. 4.99134862067e-22 0.
1477284926 1 8225.11425781 0. 4.98952544606e-22 0.
1477284986 1 8213.01464844 0. 4.98712677346e-22 0.
1477285046 1 8205.69628906 0. 0.0 0.
1477285082 1 8201.42382812 0. 4.98653216536e-22 0.
1477285110 1 8197.90625 0. 4.9865895195e-22 0.
1477285161 1 8184.99707031 0. 4.98287101374e-22 0.
1477285218 1 8177.25683594 0. 0.0 0.
1477285253 1 8172.49560547 0. 4.98195039096e-22 0.
1477285288 1 8167.73095703 0. 4.98145080484e-22 0.
1477285348 1 8160.83544922 0. 4.98205457442e-22 0.
1477285409 1 8147.76513672 0. 4.97852868234e-22 0.
1477285469 1 8136.22265625 0. 4.97583331603e-22 0.
1477285529 1 8138.19775391 0. 4.98145615399e-22 0.
1477285589 1 8121.578125 0. 4.97577397864e-22 0.
1477285649 1 8114.00927734 0. 4.97565013263e-22 0.
1477285709 1 8111.10498047 0. 4.9781737859e-22 0.
1477285769 1 8103.09326172 0. 4.9778735753e-22 0.
1477285829 1 8090.25390625 0. 4.97443323614e-22 0.
1477285890 1 8082.59277344 0. 4.97398383312e-22 0.
1477285950 1 8071.09619141 0. 4.97135463084e-22 0.
1477286010 1 8071.10644531 0. 4.97580127764e-22 0.
1477286070 1 8054.54296875 0. 4.97005664956e-22 0.
1477286130 1 8045.55517578 0. 4.96901726766e-22 0.
1477286190 1 8032.32421875 0. 4.96530749202e-22 0.
1477286250 1 8029.63964844 0. 4.9680007962e-22 0.
1477286311 1 8021.40234375 0. 4.9674027961e-22 0.
1477286371 1 8008.98632812 0. 4.96416815261e-22 0.
1477286431 1 8004.96240234 0. 4.96611180765e-22 0.
1477286491 1 7996.58349609 0. 4.96538657422e-22 0.
1477286551 1 7986.69433594 0. 4.96362384278e-22 0.
1477286611 1 7984.71337891 0. 4.96662011613e-22 0.
1477286671 1 7965.98583984 0. 4.95940687225e-22 0.
1477286731 1 7960.71386719 0. 4.96050592956e-22 0.
1477286792 1 7946.78955078 0. 4.95629770494e-22 0.
1477286852 1 7934.19482422 0. 4.95288963994e-22 0.
1477286912 1 7940.80957031 0. 4.96138251905e-22 0.
1477286972 1 7925.5546875 0. 4.95623871112e-22 0.
1477287032 1 7926.32910156 0. 4.96109559092e-22 0.
1477287092 1 7911.96777344 0. 4.95649895957e-22 0.
1477287152 1 7895.94824219 0. 4.95063251022e-22 0.
1477287212 1 7903.83203125 0. 4.95977548952e-22 0.
1477287273 1 7889.74707031 0. 4.9553165553e-22 0.
1477287333 1 7887.265625 0. 4.95815593594e-22 0.
1477287393 1 7888.37744141 0. 4.96296633525e-22 0.
1477287453 1 7870.76855469 0. 4.95622566802e-22 0.
1477287513 1 7876.91748047 0. 4.96444852556e-22 0.
1477287573 1 7867.78369141 0. 4.96294118204e-22 0.
1477287633 1 7860.515625 0. 4.96270950875e-22 0.
1477287680 1 7857.97070312 0. 4.96421001822e-22 0.
1477287728 1 7846.09082031 0. 4.96020948608e-22 0.
1477287788 1 7832.27099609 0. 4.95591410329e-22 0.
1477287848 1 7835.47949219 0. 4.96215442057e-22 0.
1477287908 1 7824.38525391 0. 4.95975885421e-22 0.
1477287968 1 7818.04882812 0. 4.95984562926e-22 0.
1477288028 1 7816.00732422 0. 4.9627442484e-22 0.
1477288088 1 7803.17773438 0. 4.95897222658e-22 0.
1477288149 1 7794.59082031 0. 4.95771994283e-22 0.
1477288209 1 7793.88330078 0. 4.96145718187e-22 0.
1477288269 1 7785.50146484 0. 4.96048999954e-22 0.
1477288306 1 7779.36669922 0. 4.95951375131e-22 0.
1477288322 1 7768.03857422 0. 4.95340760541e-22 0.
1477288361 1 7774.52099609 0. 4.96011389729e-22 0.
1477288421 1 7767.23583984 0. 4.95963216786e-22 0.
1477288482 1 7756.69824219 0. 4.95729129549e-22 0.
1477288542 1 7743.6328125 0. 4.95327130866e-22 0.
1477288602 1 7731.42578125 0. 4.94966543328e-22 0.
1477288662 1 7732.23242188 0. 4.95446338043e-22 0.
1477288722 1 7719.50146484 0. 0.0 0.
1477288757 1 7712.07568359 0. 4.94812386106e-22 0.
1477288792 1 7704.65771484 0. 4.94579423937e-22 0.
1477288852 1 7704.79638672 0. 4.95052405114e-22 0.
1477288913 1 7698.41210938 0. 4.950489329e-22 0.
1477288973 1 7690.44287109 0. 4.94975033479e-22 0.
1477289033 1 7682.8359375 0. 4.94914861226e-22 0.
1477289093 1 7675.89648438 0. 4.9490334597e-22 0.
1477289153 1 7666.640625 0. 4.94748405059e-22 0.
1477289213 1 7656.69287109 0. 4.94530763431e-22 0.
1477289273 1 7649.53027344 0. 4.94489928987e-22 0.
1477289333 1 7640.09228516 0. 4.94306160192e-22 0.
1477289393 1 7632.5 0. 4.94239472313e-22 0.
1477289453 1 7621.50390625 0. 4.93958894118e-22 0.
1477289513 1 7614.43359375 0. 4.93940106671e-22 0.
1477289573 1 7605.90917969 0. 4.93798940834e-22 0.
1477289633 1 7597.62451172 0. 4.93692706551e-22 0.
1477289694 1 7590.17773438 0. 4.93635312175e-22 0.
1477289754 1 7588.30908203 0. 4.93938283234e-22 0.
1477289814 1 7578.38964844 0. 4.93696001079e-22 0.
1477289874 1 7569.32177734 0. 4.93537500632e-22 0.
1477289934 1 7564.3125 0. 4.93628599604e-22 0.
1477289994 1 7563.08007812 0. 4.93987158966e-22 0.
1477290054 1 7433.16357422 0. 4.85913975248e-22 0.
1477290114 1 7186.6171875 0. 4.70216280208e-22 0.
1477290174 1 7524.078125 0. 4.92692079622e-22 0.
1477290235 1 7559.11914062 0. 4.95366853387e-22 0.
1477290295 1 7549.85205078 0. 4.95189074955e-22 0.
1477290355 1 7541.13183594 0. 4.95043645221e-22 0.
1477290415 1 7533.90966797 0. 4.94988534465e-22 0.
1477290475 1 7526.67041016 0. 4.94926979985e-22 0.
1477290535 1 7519.09130859 0. 4.94836473917e-22 0.
1477290595 1 7512.24414062 0. 4.94804502131e-22 0.
1477290655 1 7504.03173828 0. 4.94695191695e-22 0.
1477290716 1 7495.07519531 0. 4.94524638249e-22 0.
1477290776 1 7490.45458984 0. 4.94650950729e-22 0.
1477290836 1 7485.53320312 0. 4.94758478783e-22 0.
1477290896 1 7476.80126953 0. 4.9458850135e-22 0.
1477290956 1 7466.60058594 0. 4.94347642082e-22 0.
1477291016 1 7459.82568359 0. 4.94319785827e-22 0.
1477291076 1 7455.44091797 0. 4.94467124634e-22 0.
1477291137 1 7447.74121094 0. 4.94363177895e-22 0.
1477291197 1 7439.19921875 0. 4.94214311007e-22 0.
1477291257 1 7432.51464844 0. 4.94175104291e-22 0.
1477291317 1 7425.36816406 0. 4.94109528745e-22 0.
1477291377 1 7419.43164062 0. 4.94133194904e-22 0.
1477291437 1 7412.84619141 0. 4.9410806852e-22 0.
1477291497 1 7407.49169922 0. 4.9419179634e-22 0.
1477291557 1 7398.94628906 0. 4.94038205976e-22 0.
1477291618 1 7394.1640625 0. 4.94141013826e-22 0.
1477291678 1 7385.63623047 0. 4.9401070123e-22 0.
1477291738 1 7380.23095703 0. 4.94045537414e-22 0.
1477291798 1 7373.58984375 0. 4.94024743432e-22 0.
1477291858 1 7364.01806641 0. 4.93805295229e-22 0.
1477291904 1 7360.0859375 0. 4.93853435073e-22 0.
1477291950 1 7355.42089844 0. 4.9386771295e-22 0.
1477292010 1 7345.94140625 0. 4.93643895545e-22 0.
1477292070 1 7341.36132812 0. 4.93761517278e-22 0.
1477292130 1 7332.65185547 0. 4.936031463e-22 0.
1477292190 1 7327.31640625 0. 4.93643177449e-22 0.
1477292251 1 7321.265625 0. 4.93648849685e-22 0.
1477292311 1 7314.00341797 0. 4.93596722793e-22 0.
1477292371 1 7304.26318359 0. 4.93342447205e-22 0.
1477292431 1 7301.59179688 0. 4.93569505346e-22 0.
1477292491 1 7295.79003906 0. 4.93607287736e-22 0.
1477292551 1 7286.12597656 0. 4.93365678585e-22 0.
1477292611 1 7280.29492188 0. 4.93382835207e-22 0.
1477292672 1 7271.97363281 0. 4.93233478505e-22 0.
1477292732 1 7263.73632812 0. 4.93086283055e-22 0.
1477292792 1 7260.68994141 0. 4.93307303406e-22 0.
1477292852 1 7253.20751953 0. 4.93212220811e-22 0.
1477292912 1 7247.27246094 0. 4.93235458739e-22 0.
1477292972 1 7236.71826172 0. 4.92910139839e-22 0.
1477293032 1 7230.43310547 0. 4.92898436739e-22 0.
1477293092 1 7224.69580078 0. 4.92918607648e-22 0.
1477293153 1 7219.33496094 0. 4.92961385812e-22 0.
1477293213 1 7212.07373047 0. 4.92862184609e-22 0.
1477293273 1 7206.87255859 0. 4.92923597014e-22 0.
1477293333 1 7197.47314453 0. 4.92682175139e-22 0.
1477293393 1 7191.94287109 0. 4.92710067835e-22 0.
1477293453 1 7183.35888672 0. 4.92518799996e-22 0.
1477293494 1 7177.60009766 0. 4.92429513734e-22 0.
1477293513 1 7175.30761719 0. 4.92406141116e-22 0.
1477293551 1 7172.60107422 0. 4.92452432058e-22 0.
1477293611 1 7164.875 0. 4.92331040712e-22 0.
1477293672 1 7159.67431641 0. 4.92391101e-22 0.
1477293732 1 7153.04833984 0. 4.92338847644e-22 0.
1477293792 1 7144.35253906 0. 4.92156744076e-22 0.
1477293852 1 7137.63037109 0. 4.92088334332e-22 0.
1477293912 1 7130.16748047 0. 4.92004500032e-22 0.
1477293972 1 7124.95214844 0. 4.92040503977e-22 0.
1477294032 1 7113.72949219 0. 4.91661355858e-22 0.
1477294093 1 7114.05761719 0. 4.92103076373e-22 0.
1477294153 1 7101.76513672 0. 4.91673419002e-22 0.
1477294213 1 7097.14306641 0. 4.91769578707e-22 0.
1477294273 1 7091.3359375 0. 4.91778925051e-22 0.
1477294333 1 7085.81347656 0. 4.91794725079e-22 0.
1477294393 1 7078.13525391 0. 4.9166712516e-22 0.
1477294453 1 7070.52880859 0. 4.91566674474e-22 0.
1477294514 1 7067.98388672 0. 4.91784096283e-22 0.
1477294574 1 7058.84375 0. 4.91556154886e-22 0.
1477294634 1 7056.18310547 0. 4.91753814931e-22 0.
1477294694 1 7047.65576172 0. 4.9157853428e-22 0.
1477294754 1 7038.44824219 0. 4.91348893236e-22 0.
1477294814 1 7028.36376953 0. 4.91034526449e-22 0.
1477294874 1 7027.84521484 0. 4.91402828657e-22 0.
1477294935 1 7020.23583984 0. 4.91283576187e-22 0.
1477294995 1 7011.046875 0. 4.91058099199e-22 0.
1477295055 1 7004.65332031 0. 4.90996408675e-22 0.
1477295115 1 6999.93017578 0. 4.91061998464e-22 0.
1477295175 1 6966.98730469 0. 4.89161338515e-22 0.
1477295235 1 6848.52734375 0. 4.81280582551e-22 0.
1477295295 1 6786.14501953 0. 4.77363904593e-22 0.
1477295356 1 6738.81054688 0. 0.0 0.
1477295391 1 6711.19726562 0. 4.72773070917e-22 0.
1477295426 1 6683.46972656 0. 4.71055114269e-22 0.
1477295486 1 6680.73242188 0. 4.71292118695e-22 0.
1477295531 1 6674.94482422 0. 4.71179292596e-22 0.
1477295552 1 6672.50244141 0. 0.0 0.
1477295564 1 6671.16455078 0. 4.71079353981e-22 0.
1477295599 1 6667.13867188 0. 4.71016364511e-22 0.
1477295659 1 6659.60351562 0. 4.70903306561e-22 0.
1477295719 1 6556.66113281 0. 4.64020077563e-22 0.
1477295780 1 6387.12695312 0. 4.52349915872e-22 0.
1477295840 1 6585.53955078 0. 4.66829379279e-22 0.
1477295900 1 6642.51171875 0. 4.71265735052e-22 0.
1477295960 1 6637.91894531 0. 4.71357054914e-22 0.
1477296020 1 6631.10058594 0. 4.71269578564e-22 0.
1477296080 1 6620.37548828 0. 4.70894280071e-22 0.
1477296140 1 6619.921875 0. 4.7122998263e-22 0.
1477296201 1 6616.12597656 0. 4.71325803414e-22 0.
1477296261 1 6608.7734375 0. 4.71188121081e-22 0.
1477296321 1 6604.39550781 0. 0.0 0.
1477296356 1 6601.84179688 0. 4.71242344716e-22 0.
1477296373 1 6600.61083984 0. 4.71278086858e-22 0.
1477296415 1 6596.12988281 0. 4.71246432419e-22 0.
1477296475 1 6590.08496094 0. 4.71185727928e-22 0.
1477296535 1 6586.94873047 0. 4.71361134906e-22 0.
1477296595 1 6576.625 0. 4.71003541354e-22 0.
1477296656 1 6573.22021484 0. 4.71134143501e-22 0.
1477296699 1 6566.33496094 0. 4.70919886842e-22 0.
1477296743 1 6567.46923828 0. 4.71268570537e-22 0.
1477296803 1 6560.69287109 0. 4.71156917532e-22 0.
1477296863 1 6556.54931641 0. 4.71246587318e-22 0.
1477296923 1 6549.82763672 0. 4.71131649042e-22 0.
1477296983 1 6550.51025391 0. 4.71565553592e-22 0.
1477297043 1 6542.79882812 0. 4.71393686129e-22 0.
1477297103 1 6538.29052734 0. 4.71448857946e-22 0.
1477297163 1 6532.10351562 0. 4.71375082354e-22 0.
1477297224 1 6527.87988281 0. 4.71446402799e-22 0.
1477297284 1 6520.109375 0. 4.7126317976e-22 0.
1477297344 1 6513.82617188 0. 4.71187967639e-22 0.
1477297404 1 6505.56542969 0. 4.70964447401e-22 0.
1477297464 1 6502.53076172 0. 4.71113987064e-22 0.
1477297524 1 6497.70556641 0. 4.71144981887e-22 0.
1477297584 1 6492.2734375 0. 4.7111506449e-22 0.
1477297644 1 6487.12158203 0. 4.71117263078e-22 0.
1477297705 1 6479.22753906 0. 4.70940042627e-22 0.
1477297765 1 6477.140625 0. 4.71165378986e-22 0.
1477297825 1 6470.24316406 0. 4.71026052118e-22 0.
1477297885 1 6467.66992188 0. 4.71211332614e-22 0.
1477297945 1 6463.31152344 0. 4.71275165382e-22 0.
1477298005 1 6457.88623047 0. 4.71245511559e-22 0.
1477298065 1 6453.89746094 0. 4.71318582729e-22 0.
1477298126 1 6449.34570312 0. 4.71373779482e-22 0.
1477298186 1 6445.63330078 0. 4.71464849113e-22 0.
1477298246 1 6439.23046875 0. 4.71360773502e-22 0.
1477298306 1 6432.02832031 0. 4.71218442336e-22 0.
1477298366 1 6425.92285156 0. 4.71139399529e-22 0.
1477298426 1 6420.13574219 0. 4.71081027368e-22 0.
1477298486 1 6420.13427734 0. 4.71445884325e-22 0.
1477298547 1 6411.65429688 0. 4.71209295388e-22 0.
1477298607 1 6407.20507812 0. 4.71224412671e-22 0.
1477298667 1 6405.12011719 0. 4.71444274207e-22 0.
1477298727 1 6395.46777344 0. 4.71096626961e-22 0.
1477298787 1 6390.39501953 0. 4.71115080719e-22 0.
1477298847 1 6388.60986328 0. 4.71351047775e-22 0.
1477298907 1 6385.04150391 0. 4.71469701455e-22 0.
1477298967 1 6381.66845703 0. 4.71601154667e-22 0.
1477299028 1 6373.57617188 0. 4.71368570677e-22 0.
1477299088 1 6369.90429688 0. 0.0 0.
1477299123 1 6367.76318359 0. 4.71462877445e-22 0.
1477299133 1 6367.15039062 0. 4.71501954802e-22 0.
1477299168 1 6363.67138672 0. 4.71470054647e-22 0.
1477299228 1 6355.40917969 0. 4.71229278988e-22 0.
1477299265 1 6353.10449219 0. 4.71298671827e-22 0.
1477299302 1 6349.55517578 0. 4.71256689441e-22 0.
1477299362 1 6344.70898438 0. 4.71257859308e-22 0.
1477299422 1 6339.21923828 0. 4.71220982344e-22 0.
1477299482 1 6333.98925781 0. 4.71195750172e-22 0.
1477299542 1 6326.99658203 0. 4.71046998617e-22 0.
1477299602 1 6322.81787109 0. 4.71095683241e-22 0.
1477299662 1 6318.37304688 0. 4.71122266183e-22 0.
1477299723 1 6310.97900391 0. 4.70940314283e-22 0.
1477299783 1 6306.59130859 0. 4.70984862777e-22 0.
1477299843 1 6303.125 0. 4.71086435661e-22 0.
1477299903 1 6298.67041016 0. 4.71112873933e-22 0.
1477299963 1 6290.89746094 0. 4.70899263899e-22 0.
1477300023 1 6286.75 0. 4.70949086237e-22 0.
1477300083 1 6282.24511719 0. 4.71000000403e-22 0.
1477300144 1 6276.48339844 0. 4.70948326217e-22 0.
1477300204 1 6271.7109375 0. 4.7095941024e-22 0.
1477300255 1 6267.23974609 0. 4.70921816115e-22 0.
1477300307 1 6262.19433594 0. 0.0 0.
1477300342 1 6258.75732422 0. 4.70788596813e-22 0.
1477300377 1 6255.31884766 0. 4.70764803765e-22 0.
1477300421 1 6250.91064453 0. 4.70738004536e-22 0.
1477300466 1 6248.08251953 0. 4.70780788399e-22 0.
1477300526 1 6246.48828125 0. 4.71023503429e-22 0.
1477300586 1 6240.58544922 0. 4.70964706209e-22 0.
1477300646 1 6229.78271484 0. 4.70455111217e-22 0.
1477300706 1 6225.80126953 0. 4.70454666245e-22 0.
1477300767 1 6234.54394531 0. 4.71380051252e-22 0.
1477300827 1 6230.89550781 0. 4.71408859945e-22 0.
1477300887 1 6159.36230469 0. 4.66343075086e-22 0.
1477300930 1 6052.40625 0. 4.58519363836e-22 0.
1477300951 1 6154.86962891 0. 4.66409100072e-22 0.
1477300988 1 5953.77197266 0. 4.51381828578e-22 0.
1477301049 1 6214.96777344 0. 4.71502747682e-22 0.
1477301109 1 6211.32617188 0. 4.71592799304e-22 0.
1477301169 1 6206.03417969 0. 4.71551266162e-22 0.
1477301229 1 6200.07177734 0. 4.71473681207e-22 0.
1477301289 1 6197.01855469 0. 4.71611516694e-22 0.
1477301349 1 6190.19042969 0. 4.71454460337e-22 0.
1477301388 1 6187.72851562 0. 4.71516060343e-22 0.
1477301426 1 6184.578125 0. 4.71486196962e-22 0.
1477301486 1 6177.27587891 0. 4.71293313699e-22 0.
1477301546 1 6171.85595703 0. 4.71239970504e-22 0.
1477301606 1 6166.40576172 0. 4.71189815935e-22 0.
1477301667 1 6160.79052734 0. 4.71131573626e-22 0.
1477301727 1 6153.8828125 0. 4.70965224078e-22 0.
1477301787 1 6153.44384766 0. 0.0 0.
1477301822 1 6153.1875 0. 4.71452453171e-22 0.
1477301832 1 6153.11425781 0. 4.7151131317e-22 0.
1477301867 1 6147.72363281 0. 4.71312038639e-22 0.
1477301903 1 6144.05224609 0. 0.0 0.
1477301913 1 6142.94726562 0. 4.71197130996e-22 0.
1477301949 1 6139.33935547 0. 4.71153778071e-22 0.
1477302009 1 6135.12792969 0. 4.7121244066e-22 0.
1477302069 1 6130.11816406 0. 4.71195576234e-22 0.
1477302129 1 6123.29248047 0. 4.71022451738e-22 0.
1477302189 1 6120.75634766 0. 4.71184015035e-22 0.
1477302249 1 6114.15673828 0. 4.71051097765e-22 0.
1477302309 1 6110.53076172 0. 4.71143468334e-22 0.
1477302370 1 6105.70361328 0. 4.71136126543e-22 0.
1477302430 1 6102.04345703 0. 4.71200703116e-22 0.
1477302490 1 6096.25390625 0. 4.71125986927e-22 0.
1477302550 1 6090.90722656 0. 4.71060917492e-22 0.
1477302610 1 6087.21386719 0. 4.71147437418e-22 0.
1477302670 1 6082.36474609 0. 4.71123125774e-22 0.
1477302730 1 6077.24804688 0. 4.71091671694e-22 0.
1477302790 1 6075.34960938 0. 4.71297657124e-22 0.
1477302851 1 6068.47558594 0. 4.71117705025e-22 0.
1477302911 1 6062.04736328 0. 4.70994646758e-22 0.
1477302971 1 6059.7734375 0. 4.71175370771e-22 0.
1477303031 1 6052.59375 0. 4.70983071413e-22 0.
1477303091 1 6049.03417969 0. 4.7105911042e-22 0.
1477303151 1 6048.55664062 0. 4.71367454519e-22 0.
1477303188 1 6043.0859375 0. 4.71180517335e-22 0.
1477303224 1 6039.39892578 0. 4.71105640628e-22 0.
1477303285 1 6033.26855469 0. 4.70981577188e-22 0.
1477303345 1 6029.34912109 0. 4.71043756798e-22 0.
1477303404 1 6025.35595703 0. 4.71079732683e-22 0.
1477303441 1 6022.47265625 0. 0.0 0.
1477303454 1 6021.45947266 0. 4.710457325e-22 0.
1477303489 1 6018.7265625 0. 4.71048656978e-22 0.
1477303549 1 6016.51220703 0. 4.71261294773e-22 0.
1477303610 1 6009.34667969 0. 4.71053473462e-22 0.
1477303670 1 6005.55029297 0. 4.71124436482e-22 0.
1477303730 1 6001.05175781 0. 4.71124413899e-22 0.
1477303790 1 5995.09619141 0. 4.71016238317e-22 0.
1477303850 1 5991.15039062 0. 4.71064673345e-22 0.
1477303910 1 5987.84667969 0. 4.71142672979e-22 0.
1477303970 1 5980.62158203 0. 4.70926667288e-22 0.
1477304030 1 5976.0234375 0. 4.7091042409e-22 0.
1477304091 1 5971.01806641 0. 4.70866168609e-22 0.
1477304151 1 5968.05517578 0. 4.7098085979e-22 0.
1477304211 1 5961.28417969 0. 4.70802877953e-22 0.
1477304271 1 5955.11230469 0. 4.71686117212e-22 0.
1477304331 1 5950.47460938 0. 4.70673560224e-22 0.
1477304391 1 5945.99902344 0. 4.70665831091e-22 0.
1477304451 1 5942.10009766 0. 4.70721183784e-22 0.
1477304511 1 5937.73339844 0. 4.70738353889e-22 0.
1477304572 1 5934.82080078 0. 4.70858107835e-22 0.
1477304632 1 5928.46582031 0. 4.70712966572e-22 0.
1477304692 1 5923.68847656 0. 4.7068531393e-22 0.
1477304752 1 5918.31445312 0. 4.7061016017e-22 0.
1477304812 1 5915.55419922 0. 4.7075106125e-22 0.
1477304872 1 5910.69140625 0. 4.70715971268e-22 0.
1477304932 1 5906.95654297 0. 4.70755824864e-22 0.
1477304993 1 5901.32128906 0. 4.70679059313e-22 0.
1477305053 1 5896.99267578 0. 4.70683680493e-22 0.
1477305113 1 5892.04492188 0. 4.70638307991e-22 0.
1477305173 1 5889.06884766 0. 4.70738633119e-22 0.
1477305233 1 5884.68798828 0. 4.70745263269e-22 0.
1477305293 1 5879.00390625 0. 4.70662188546e-22 0.
1477305353 1 5875.46923828 0. 4.70732616434e-22 0.
1477305413 1 5868.51660156 0. 4.70545621585e-22 0.
1477305474 1 5864.25878906 0. 4.70541091288e-22 0.
1477305534 1 5859.07666016 0. 4.7047269078e-22 0.
1477305594 1 5855.32958984 0. 4.70530441061e-22 0.
1477305654 1 5850.53710938 0. 4.70499894196e-22 0.
1477305714 1 5846.38964844 0. 4.70512239e-22 0.
1477305774 1 5844.78955078 0. 4.7071928963e-22 0.
1477305833 1 5838.52832031 0. 4.7056747345e-22 0.
1477305893 1 5834.78808594 0. 4.70617120893e-22 0.
1477305954 1 5829.29931641 0. 4.70512727456e-22 0.
1477306014 1 5824.49316406 0. 4.70470283925e-22 0.
1477306074 1 5819.85400391 0. 4.70451774125e-22 0.
1477306134 1 5815.02783203 0. 4.70399508143e-22 0.
1477306194 1 5811.96582031 0. 4.704778571e-22 0.
1477306254 1 5807.21728516 0. 4.7046062826e-22 0.
1477306314 1 5800.58691406 0. 4.70288767755e-22 0.
1477306374 1 5796.42822266 0. 4.70290456473e-22 0.
1477306435 1 5793.67285156 0. 4.70411136238e-22 0.
1477306495 1 5787.15185547 0. 4.70229964509e-22 0.
1477306555 1 5784.69189453 0. 4.70375096515e-22 0.
1477306615 1 5780.94482422 0. 4.70417487625e-22 0.
1477306675 1 5775.73974609 0. 4.70337616228e-22 0.
1477306735 1 5772.15673828 0. 4.70403635803e-22 0.
1477306795 1 5766.97753906 0. 4.70335605054e-22 0.
1477306856 1 5761.07519531 0. 4.70218613675e-22 0.
1477306916 1 5757.45214844 0. 4.70279992457e-22 0.
1477306976 1 5754.15673828 0. 4.70358616713e-22 0.
1477307036 1 5749.07617188 0. 4.70277787813e-22 0.
1477307096 1 5743.87597656 0. 4.70201386037e-22 0.
1477307156 1 5739.02929688 0. 4.7015175346e-22 0.
1477307217 1 5735.99511719 0. 4.70249672838e-22 0.
1477307277 1 5732.41015625 0. 4.70324311748e-22 0.
1477307337 1 5727.51611328 0. 4.70263422161e-22 0.
1477307397 1 5722.92871094 0. 4.7024018018e-22 0.
1477307457 1 5718.71826172 0. 4.70233165634e-22 0.
1477307517 1 5575.13623047 0. 4.58765479805e-22 0.
1477307577 1 5491.10009766 0. 4.52185754999e-22 0.
1477307637 1 5705.46582031 0. 4.70187690567e-22 0.
1477307698 1 5699.37109375 0. 4.70041264352e-22 0.
1477307756 1 5696.16064453 0. 4.70113451588e-22 0.
1477307811 1 5693.73876953 0. 4.70234641669e-22 0.
1477307867 1 5688.68847656 0. 4.70127764349e-22 0.
1477307928 1 5684.5078125 0. 4.70116980917e-22 0.
1477307988 1 5680.49658203 0. 4.70136883505e-22 0.
1477308048 1 5676.49316406 0. 4.70141696637e-22 0.
1477308108 1 5670.98339844 0. 4.70050451573e-22 0.
1477308168 1 5667.48291016 0. 4.70113658442e-22 0.
1477308228 1 5664.24853516 0. 4.70191000563e-22 0.
1477308288 1 5659.16015625 0. 4.70105913112e-22 0.
1477308348 1 5654.42871094 0. 4.70066364149e-22 0.
1477308409 1 5648.18701172 0. 4.69921799341e-22 0.
1477308469 1 5645.02148438 0. 4.70022233758e-22 0.
1477308529 1 5640.34326172 0. 4.6997119713e-22 0.
1477308589 1 5636.19091797 0. 4.69972497479e-22 0.
1477308649 1 5632.10644531 0. 4.6996662182e-22 0.
1477308709 1 5627.41796875 0. 4.69935061823e-22 0.
1477308769 1 5621.88525391 0. 4.69826135708e-22 0.
1477308830 1 5617.45898438 0. 4.69798699402e-22 0.
1477308890 1 5612.69287109 0. 4.6976308535e-22 0.
1477308950 1 5611.09619141 0. 4.69976955364e-22 0.
1477309010 1 5602.43847656 0. 4.69580939076e-22 0.
1477309070 1 5599.17724609 0. 4.69653876652e-22 0.
1477309130 1 5596.27783203 0. 4.69767056968e-22 0.
1477309190 1 5588.19824219 0. 4.69429378938e-22 0.
1477309251 1 5585.7890625 0. 4.69564667322e-22 0.
1477309311 1 5581.84423828 0. 4.69564463148e-22 0.
1477309371 1 5583.43408203 0. 4.70055545888e-22 0.
1477309431 1 5580.71435547 0. 4.70182401153e-22 0.
1477309491 1 5577.21289062 0. 4.70205176056e-22 0.
1477309551 1 5573.85791016 0. 4.70265577245e-22 0.
1477309611 1 5569.08056641 0. 4.71075250408e-22 0.
1477309671 1 5563.59033203 0. 4.70084259522e-22 0.
1477309732 1 5559.32373047 0. 4.70078545643e-22 0.
1477309792 1 5556.36083984 0. 4.70173061797e-22 0.
1477309852 1 5553.36914062 0. 4.70252140538e-22 0.
1477309912 1 5548.63818359 0. 4.70215557137e-22 0.
1477309972 1 5543.4453125 0. 4.70104885333e-22 0.
1477310032 1 5539.61865234 0. 4.70116692446e-22 0.
1477310092 1 5536.08789062 0. 4.70150071729e-22 0.
1477310153 1 5530.59082031 0. 4.70010863026e-22 0.
1477310213 1 5526.30273438 0. 4.69982860562e-22 0.
1477310273 1 5522.91210938 0. 4.70057107713e-22 0.
1477310333 1 5517.08740234 0. 4.69907982957e-22 0.
1477310393 1 5513.4296875 0. 4.69954739638e-22 0.
1477310453 1 5509.12158203 0. 4.69917386014e-22 0.
1477310513 1 5505.43896484 0. 4.69943548224e-22 0.
1477310574 1 5499.8984375 0. 4.69805261582e-22 0.
1477310634 1 5498.91650391 0. 4.70065040851e-22 0.
1477310694 1 5494.88720703 0. 4.70053664891e-22 0.
1477310754 1 5489.09814453 0. 4.69902937902e-22 0.
1477310814 1 5486.55078125 0. 4.70033818852e-22 0.
1477310874 1 5482.90966797 0. 4.70076946592e-22 0.
1477310934 1 5477.25732422 0. 4.69922727177e-22 0.
1477310995 1 5473.26806641 0. 4.69903219124e-22 0.
1477311055 1 5468.94189453 0. 4.6988100919e-22 0.
1477311115 1 5464.62792969 0. 4.69853298748e-22 0.
1477311175 1 5461.09326172 0. 4.69896564322e-22 0.
1477311235 1 5457.25634766 0. 4.69891344867e-22 0.
1477311295 1 5453.58691406 0. 4.6990541082e-22 0.
1477311356 1 5449.07324219 0. 4.69858107088e-22 0.
1477311416 1 5445.32568359 0. 4.69881274202e-22 0.
1477311476 1 5440.07666016 0. 4.69747288413e-22 0.
1477311536 1 5436.05126953 0. 4.69737240942e-22 0.
1477311596 1 5431.60791016 0. 4.69690416929e-22 0.
1477311656 1 5428.14697266 0. 4.69724516811e-22 0.
1477311716 1 5425.25927734 0. 4.69818694809e-22 0.
1477311776 1 5421.66943359 0. 4.69853386895e-22 0.
1477311836 1 5414.53076172 0. 4.69560688242e-22 0.
1477311897 1 5411.25488281 0. 4.69597145768e-22 0.
1477311957 1 5407.6875 0. 4.69634271721e-22 0.
1477312017 1 5403.99853516 0. 4.69660369011e-22 0.
1477312077 1 5399.41943359 0. 4.69597435586e-22 0.
1477312137 1 5396.47851562 0. 4.69694224047e-22 0.
1477312197 1 5390.80029297 0. 4.69502348272e-22 0.
1477312257 1 5388.44677734 0. 4.69636761384e-22 0.
1477312317 1 5383.51171875 0. 4.69540569501e-22 0.
1477312378 1 5379.13964844 0. 4.69504607771e-22 0.
1477312438 1 5373.81005859 0. 4.6939471744e-22 0.
1477312498 1 5370.42138672 0. 4.69404912342e-22 0.
1477312558 1 5366.41162109 0. 4.69390017392e-22 0.
1477312618 1 5363.51611328 0. 4.69474094063e-22 0.
1477312664 1 5359.25878906 0. 4.69383009609e-22 0.
1477312710 1 5356.38476562 0. 4.6936460045e-22 0.
1477312770 1 5351.64941406 0. 4.69291039003e-22 0.
1477312830 1 5347.72558594 0. 4.69293142748e-22 0.
1477312890 1 5343.19677734 0. 4.69203680353e-22 0.
1477312950 1 5340.42675781 0. 4.69286533676e-22 0.
1477313010 1 5334.96728516 0. 4.69140805341e-22 0.
1477313071 1 5332.33544922 0. 4.69244486483e-22 0.
1477313131 1 5328.17578125 0. 4.69233222508e-22 0.
1477313191 1 5323.77148438 0. 4.69181919696e-22 0.
1477313251 1 5319.28857422 0. 4.69110929929e-22 0.
1477313311 1 5316.53076172 0. 4.6920243503e-22 0.
1477313371 1 5313.0859375 0. 4.69234775848e-22 0.
1477313431 1 5308.7578125 0. 4.69191341713e-22 0.
1477313491 1 5304.69335938 0. 4.69152499475e-22 0.
1477313552 1 5300.97460938 0. 4.6915188063e-22 0.
1477313612 1 5297.578125 0. 4.69202083647e-22 0.
1477313672 1 5290.78808594 0. 4.68940246327e-22 0.
1477313732 1 5289.26074219 0. 4.69126980735e-22 0.
1477313792 1 5283.61230469 0. 4.68978095056e-22 0.
1477313852 1 5279.69824219 0. 4.68947450588e-22 0.
1477313912 1 5276.87060547 0. 4.69029482903e-22 0.
1477313973 1 5271.70019531 0. 4.68893424521e-22 0.
1477314033 1 5268.21728516 0. 4.68906240383e-22 0.
1477314093 1 5263.89306641 0. 4.68862627435e-22 0.
1477314153 1 5260.68603516 0. 4.6891179779e-22 0.
1477314213 1 5255.28564453 0. 4.68759642665e-22 0.
1477314273 1 5249.67871094 0. 4.6862085865e-22 0.
1477314333 1 5245.07861328 0. 4.68541219832e-22 0.
1477314393 1 5244.95410156 0. 4.68848091019e-22 0.
1477314454 1 5241.98486328 0. 4.68906354042e-22 0.
1477314514 1 5235.01416016 0. 4.68612844444e-22 0.
1477314574 1 5229.81640625 0. 4.68463353645e-22 0.
1477314634 1 5225.59375 0. 4.68447389322e-22 0.
1477314694 1 5222.5078125 0. 4.68487642221e-22 0.
1477314754 1 5217.01904297 0. 4.68329620759e-22 0.
1477314815 1 5213.58544922 0. 4.68338277922e-22 0.
1477314875 1 5207.66455078 0. 4.68131260935e-22 0.
1477314935 1 5205.39550781 0. 4.68246699531e-22 0.
1477314995 1 5198.18066406 0. 4.68844539796e-22 0.
1477315055 1 5197.484375 0. 4.68194784142e-22 0.
1477315115 1 5195.34472656 0. 4.68334325757e-22 0.
1477315175 1 5190.89550781 0. 4.68265988629e-22 0.
1477315236 1 5185.56884766 0. 4.681108119e-22 0.
1477315296 1 5179.85058594 0. 4.6791720497e-22 0.
1477315356 1 5177.79736328 0. 4.68052702337e-22 0.
1477315416 1 5176.74609375 0. 4.68289124012e-22 0.
1477315476 1 5172.83349609 0. 4.68261969638e-22 0.
1477315536 1 5165.55712891 0. 4.67932361441e-22 0.
1477315596 1 5162.0859375 0. 4.67950743142e-22 0.
1477315656 1 5155.50537109 0. 4.67664316777e-22 0.
1477315717 1 5151.34277344 0. 4.67578078172e-22 0.
1477315777 1 5151.84423828 0. 4.67879477426e-22 0.
1477315837 1 5145.91064453 0. 4.67589155655e-22 0.
1477315897 1 5148.87353516 0. 4.68121324108e-22 0.
1477315957 1 5144.45849609 0. 4.68023713671e-22 0.
1477316017 1 5143.91064453 0. 4.68302822688e-22 0.
1477316077 1 5136.97509766 0. 4.68004441877e-22 0.
1477316138 1 5133.45263672 0. 4.67998020037e-22 0.
1477316198 1 5128.26171875 0. 4.67855401661e-22 0.
1477316240 1 5067.88378906 0. 4.64124192331e-22 0.
1477316282 1 0.143321856856 0. 0.0 0.
