1477380654 1 12846.1347656 0. 5.11748004433e-22 0.
1477380714 1 12819.8613281 0. 5.11672704452e-22 0.
1477380775 1 12782.6201172 0. 0.0 0.
1477380810 1 12760.9140625 0. 5.10779369396e-22 0.
1477380845 1 12739.1240234 0. 5.10478445899e-22 0.
1477380905 1 12710.9541016 0. 5.10393884286e-22 0.
1477380965 1 12665.8105469 0. 5.09547051877e-22 0.
1477381000 1 12639.4746094 0. 5.08941913798e-22 0.
1477381035 1 12613.1416016 0. 5.0941530797e-22 0.
1477381091 1 12581.0957031 0. 5.08110207294e-22 0.
1477381147 1 12563.1074219 0. 5.08227177473e-22 0.
1477381207 1 12513.0820312 0. 5.07109868794e-22 0.
1477381267 1 12483.0253906 0. 5.06778357878e-22 0.
1477381327 1 12453.1533203 0. 5.06428750163e-22 0.
1477381387 1 12426.3955078 0. 5.06125233327e-22 0.
1477381448 1 12388.6503906 0. 5.0534410973e-22 0.
1477381508 1 12387.6708984 0. 5.05995793824e-22 0.
1477381568 1 12369.734375 0. 5.05871044635e-22 0.
1477381622 1 12370.5498047 0. 5.0651086149e-22 0.
1477381676 1 12329.2529297 0. 5.05483117762e-22 0.
1477381736 1 12301.1210938 0. 5.05149826797e-22 0.
1477381796 1 12273.4970703 0. 5.04814826428e-22 0.
1477381848 1 12280.8076172 0. 5.05830059691e-22 0.
1477381900 1 12251.5839844 0. 5.05315329045e-22 0.
1477381960 1 11902.7988281 0. 4.91662049656e-22 0.
1477382020 1 11506.7832031 0. 4.76112059787e-22 0.
1477382081 1 11817.9111328 0. 0.0 0.
1477382116 1 11999.4638672 0. 4.97607009072e-22 0.
1477382130 1 12072.8291016 0. 5.00838704529e-22 0.
1477382144 1 12146.7119141 0. 5.04113195495e-22 0.
1477382179 1 12176.5625 0. 5.05740040051e-22 0.
1477382218 1 12307.3945312 0. 5.11602339515e-22 0.
1477382235 1 12301.9824219 0. 5.11629134722e-22 0.
1477382248 1 12297.875 0. 5.11525706363e-22 0.
1477382283 1 12286.4316406 0. 5.11488081757e-22 0.
1477382326 1 12272.2148438 0. 5.11526872594e-22 0.
1477382370 1 12262.0771484 0. 5.11621267744e-22 0.
1477382430 1 12240.0253906 0. 5.11456190093e-22 0.
1477382490 1 12218.0722656 0. 5.11278747374e-22 0.
1477382550 1 12189.9257812 0. 5.10800580575e-22 0.
1477382610 1 12178.1552734 0. 5.11026909345e-22 0.
1477382670 1 12159.0761719 0. 5.10937399611e-22 0.
1477382730 1 12136.7480469 0. 5.10701182467e-22 0.
1477382791 1 12111.8017578 0. 5.10360794651e-22 0.
1477382851 1 12094.0839844 0. 5.10362756378e-22 0.
1477382911 1 12065.1015625 0. 5.09858665475e-22 0.
1477382971 1 12051.3955078 0. 5.09961498182e-22 0.
1477383031 1 12034.7626953 0. 5.09935473574e-22 0.
1477383086 1 12008.6738281 0. 5.09486688186e-22 0.
1477383121 1 12010.4248047 0. 5.09946690068e-22 0.
1477383160 1 11989.2529297 0. 5.0950043705e-22 0.
1477383220 1 11966.5791016 0. 5.09204295126e-22 0.
1477383275 1 11948.5126953 0. 5.0908266332e-22 0.
1477383330 1 11940.0527344 0. 5.0933662468e-22 0.
1477383391 1 11917.9150391 0. 5.09074270756e-22 0.
1477383451 1 11673.3564453 0. 4.99309767995e-22 0.
1477383511 1 11275.7734375 0. 4.82911504822e-22 0.
1477383571 1 11765.8955078 0. 5.04541169404e-22 0.
1477383631 1 11562.4931641 0. 4.96435863505e-22 0.
1477383691 1 11201.0664062 0. 4.81576378145e-22 0.
1477383751 1 11833.8701172 0. 5.09406149279e-22 0.
1477383812 1 11817.1015625 0. 5.09307362106e-22 0.
1477383872 1 11800.3398438 0. 5.09214543448e-22 0.
1477383932 1 11780.203125 0. 5.09009786865e-22 0.
1477383992 1 11759.8671875 0. 5.08738279938e-22 0.
1477384052 1 11744.140625 0. 5.0868553501e-22 0.
1477384112 1 11718.7236328 0. 5.0822960136e-22 0.
1477384172 1 11708.5087891 0. 5.08424459063e-22 0.
1477384219 1 11687.0839844 0. 5.07983506877e-22 0.
1477384265 1 11673.3476562 0. 5.07846592426e-22 0.
1477384325 1 11664.8896484 0. 5.08095016436e-22 0.
1477384386 1 11643.5791016 0. 5.07793322298e-22 0.
1477384446 1 11623.8085938 0. 5.07606160563e-22 0.
1477384506 1 11608.9365234 0. 5.07527877231e-22 0.
1477384566 1 11593.2607422 0. 5.07463182121e-22 0.
1477384626 1 11575.7207031 0. 5.07309086641e-22 0.
1477384686 1 11555.4804688 0. 5.07053155248e-22 0.
1477384746 1 11544.3544922 0. 5.07158328615e-22 0.
1477384806 1 11521.6289062 0. 5.06823778841e-22 0.
1477384867 1 11510.0429688 0. 5.06885759035e-22 0.
1477384927 1 11482.015625 0. 5.06238884988e-22 0.
1477384987 1 11471.4921875 0. 5.06345592231e-22 0.
1477385047 1 11453.8779297 0. 5.06177042384e-22 0.
1477385107 1 11441.0224609 0. 5.06212028477e-22 0.
1477385167 1 11426.8085938 0. 5.06166394325e-22 0.
1477385227 1 11405.2705078 0. 5.05801322632e-22 0.
1477385287 1 11394.7148438 0. 5.05930266057e-22 0.
1477385322 1 11388.5595703 0. 5.0595136585e-22 0.
1477385333 1 11386.7783203 0. 5.06004485799e-22 0.
1477385368 1 11371.3076172 0. 5.05670372041e-22 0.
1477385428 1 11356.0849609 0. 5.05582126983e-22 0.
1477385488 1 11340.5839844 0. 5.05481386193e-22 0.
1477385548 1 11320.6855469 0. 5.05171034654e-22 0.
1477385608 1 11303.1054688 0. 5.04965969668e-22 0.
1477385668 1 11296.9589844 0. 5.0529551746e-22 0.
1477385729 1 11278.4072266 0. 5.05037300493e-22 0.
1477385789 1 11262.1132812 0. 5.04881122148e-22 0.
1477385849 1 11241.8359375 0. 5.04564545951e-22 0.
1477385909 1 11221.6855469 0. 5.04229190179e-22 0.
1477385969 1 11213.8115234 0. 5.04411859346e-22 0.
1477386029 1 11205.6035156 0. 5.0459377646e-22 0.
1477386090 1 11184.8759766 0. 5.04240123358e-22 0.
1477386150 1 11168.9736328 0. 5.04084461768e-22 0.
1477386210 1 10907.5244141 0. 4.92875003019e-22 0.
1477386270 1 10558.5136719 0. 4.77629256668e-22 0.
1477386330 1 11145.2822266 0. 5.04701906714e-22 0.
1477386390 1 11132.0087891 0. 5.04628718902e-22 0.
1477386450 1 11116.5615234 0. 5.04487189486e-22 0.
1477386510 1 11106.7636719 0. 5.04607825348e-22 0.
1477386571 1 11090.1142578 0. 5.04414169567e-22 0.
1477386631 1 11076.4638672 0. 5.04329510091e-22 0.
1477386691 1 11064.5214844 0. 5.04347206798e-22 0.
1477386751 1 11043.2929688 0. 5.03930090455e-22 0.
1477386811 1 11028.140625 0. 5.03763860882e-22 0.
1477386871 1 11011.46875 0. 5.03560677558e-22 0.
1477386931 1 10997.2871094 0. 5.03453155348e-22 0.
1477386991 1 10987.3974609 0. 5.03562492529e-22 0.
1477387051 1 10971.8798828 0. 5.03396119447e-22 0.
1477387112 1 10950.0644531 0. 5.02942275793e-22 0.
1477387172 1 10941.9902344 0. 5.03114693472e-22 0.
1477387232 1 10924.0527344 0. 5.02840533996e-22 0.
1477387292 1 10915.2822266 0. 5.02974855542e-22 0.
1477387352 1 10900.6855469 0. 5.0285073998e-22 0.
1477387413 1 10883.2207031 0. 5.02585833808e-22 0.
1477387473 1 10870.3554688 0. 5.02515840965e-22 0.
1477387533 1 10854.4492188 0. 0.0 0.
1477387568 1 10845.171875 0. 5.02182923397e-22 0.
1477387603 1 10835.8945312 0. 5.02056228355e-22 0.
1477387663 1 10823.2714844 0. 5.02055161119e-22 0.
1477387723 1 10808.5625 0. 5.019238816e-22 0.
1477387783 1 10796.7841797 0. 5.01897865419e-22 0.
1477387844 1 10787.7119141 0. 5.02016290717e-22 0.
1477387904 1 10770.5595703 0. 5.01772939642e-22 0.
1477387940 1 10761.0712891 0. 5.0166817577e-22 0.
1477387976 1 10752.4345703 0. 5.01582339383e-22 0.
1477388021 1 10743.8496094 0. 5.01606580015e-22 0.
1477388067 1 10733.0273438 0. 5.01498648386e-22 0.
1477388127 1 10714.8857422 0. 5.0117314932e-22 0.
1477388187 1 10700.9384766 0. 5.01107770599e-22 0.
1477388231 1 10691.9316406 0. 5.01074695045e-22 0.
1477388255 1 10685.9140625 0. 5.01018612489e-22 0.
1477388296 1 10675.7255859 0. 5.00886182858e-22 0.
1477388331 1 10667.0527344 0. 0.0 0.
1477388341 1 10664.5722656 0. 5.00734658822e-22 0.
1477388376 1 10655.8984375 0. 5.00636377213e-22 0.
1477388436 1 10642.59375 0. 5.00568079799e-22 0.
1477388496 1 10628.7998047 0. 5.00447340191e-22 0.
1477388557 1 10614.3251953 0. 5.00314266757e-22 0.
1477388617 1 10606.8759766 0. 5.0048593575e-22 0.
1477388665 1 10596.0410156 0. 5.003984839e-22 0.
1477388711 1 10586.0097656 0. 5.00312921348e-22 0.
1477388769 1 10568.8417969 0. 5.00044127088e-22 0.
1477388829 1 10553.3681641 0. 4.99862414297e-22 0.
1477388889 1 10544.5322266 0. 4.99954735534e-22 0.
1477388949 1 10531.28125 0. 4.99858621688e-22 0.
1477389009 1 10516.1318359 0. 4.99645602861e-22 0.
1477389069 1 10502.8925781 0. 4.99521632741e-22 0.
1477389129 1 10485.9785156 0. 4.99257745886e-22 0.
1477389190 1 10473.8525391 0. 4.99178768344e-22 0.
1477389250 1 10463.6279297 0. 4.99215044886e-22 0.
1477389310 1 10452.1933594 0. 4.99195486368e-22 0.
1477389370 1 10434.7519531 0. 4.99946581448e-22 0.
1477389418 1 10423.7988281 0. 4.98808355216e-22 0.
1477389466 1 10413.9042969 0. 4.98739181537e-22 0.
1477389526 1 10404.0615234 0. 0.0 0.
1477389586 1 10390.1054688 0. 4.9862616491e-22 0.
1477389647 1 10377.4296875 0. 4.98548747923e-22 0.
1477389707 1 10364.1699219 0. 4.98422222815e-22 0.
1477389767 1 10351.7832031 0. 4.9835619586e-22 0.
1477389809 1 10344.3632812 0. 4.9837222833e-22 0.
1477389828 1 10339.8955078 0. 4.98340491255e-22 0.
1477389849 1 10335.8212891 0. 4.98276318503e-22 0.
1477389870 1 10330.2900391 0. 4.98210920991e-22 0.
1477389883 1 10327.0146484 0. 4.98118276046e-22 0.
1477389918 1 10317.7412109 0. 4.97961077178e-22 0.
1477389978 1 10305.4814453 0. 4.97913744082e-22 0.
1477390023 1 10296.9326172 0. 4.98023290072e-22 0.
1477390054 1 10292.3691406 0. 4.97954606837e-22 0.
1477390100 1 10280.6533203 0. 4.9775252284e-22 0.
1477390160 1 10268.7773438 0. 4.9767327442e-22 0.
1477390220 1 10254.0380859 0. 4.97478744037e-22 0.
1477390280 1 10242.4414062 0. 4.97404660975e-22 0.
1477390341 1 10229.9316406 0. 4.97294164556e-22 0.
1477390401 1 10216.0361328 0. 4.97145979584e-22 0.
1477390461 1 10206.1865234 0. 4.97196412171e-22 0.
1477390496 1 10200.4414062 0. 4.97153878243e-22 0.
1477390513 1 10197.5917969 0. 4.97214500278e-22 0.
1477390556 1 10189.6337891 0. 4.9720727e-22 0.
1477390616 1 10176.3066406 0. 4.97069556803e-22 0.
1477390676 1 10158.0976562 0. 4.96652058502e-22 0.
1477390736 1 10143.2246094 0. 4.96409166688e-22 0.
1477390796 1 10134.8115234 0. 4.96533453213e-22 0.
1477390856 1 10123.5097656 0. 4.96457921262e-22 0.
1477390917 1 10113.2929688 0. 4.9643957193e-22 0.
1477390977 1 10102.5722656 0. 4.96412146565e-22 0.
1477391037 1 10089.703125 0. 4.96277901468e-22 0.
1477391097 1 10072.6376953 0. 4.95928859421e-22 0.
1477391157 1 10059.8662109 0. 4.95791217582e-22 0.
1477391217 1 10055.2216797 0. 4.96037182608e-22 0.
1477391278 1 10044.0341797 0. 4.959976897e-22 0.
1477391338 1 10029.7041016 0. 4.95783448494e-22 0.
1477391398 1 10017.3359375 0. 4.95643647317e-22 0.
1477391458 1 10005.1289062 0. 4.95537658458e-22 0.
1477391518 1 9992.58398438 0. 4.95394416173e-22 0.
1477391578 1 9979.41308594 0. 4.95244700827e-22 0.
1477391638 1 9968.80566406 0. 4.95215176022e-22 0.
1477391698 1 9956.22167969 0. 4.95082468336e-22 0.
1477391759 1 9939.80566406 0. 4.94752389839e-22 0.
1477391819 1 9929.93066406 0. 4.94761080904e-22 0.
1477391879 1 9918.41113281 0. 4.94670685404e-22 0.
1477391939 1 9904.4453125 0. 4.94451414622e-22 0.
1477391999 1 9895.43359375 0. 4.94494690392e-22 0.
1477392059 1 9883.11132812 0. 4.9435357811e-22 0.
1477392119 1 9872.66210938 0. 4.94311308232e-22 0.
1477392179 1 9861.30273438 0. 4.94251278581e-22 0.
1477392235 1 9856.109375 0. 4.944497765e-22 0.
1477392290 1 9842.44433594 0. 4.9422669773e-22 0.
1477392351 1 9830.4609375 0. 4.9410079165e-22 0.
1477392411 1 9819.72558594 0. 4.94026833359e-22 0.
1477392471 1 9807.68652344 0. 4.93913796361e-22 0.
1477392531 1 9798.90820312 0. 4.93941836072e-22 0.
1477392591 1 9785.47851562 0. 4.93756297018e-22 0.
1477392651 1 9774.82226562 0. 4.93683155186e-22 0.
1477392711 1 9762.79101562 0. 0.0 0.
1477392746 1 9755.77539062 0. 4.93421532423e-22 0.
1477392782 1 9748.75 0. 4.93356836684e-22 0.
1477392842 1 9737.46679688 0. 4.93299446741e-22 0.
1477392902 1 9727.93261719 0. 4.93305373129e-22 0.
1477392945 1 9722.7734375 0. 4.93452673257e-22 0.
1477392988 1 9467.44140625 0. 4.80805396132e-22 0.
1477393048 1 9263.76953125 0. 4.70892131253e-22 0.
1477393109 1 9693.61425781 0. 4.93187864189e-22 0.
1477393169 1 9680.07617188 0. 4.92968737902e-22 0.
1477393229 1 9669.39257812 0. 4.92898480295e-22 0.
1477393289 1 9660.45605469 0. 4.92920685894e-22 0.
1477393349 1 9652.47070312 0. 4.92988585156e-22 0.
1477393409 1 9640.26855469 0. 4.92877809595e-22 0.
1477393469 1 9626.01367188 0. 4.9260750954e-22 0.
1477393529 1 9613.30078125 0. 4.92436568964e-22 0.
1477393589 1 9606.02832031 0. 4.92541559394e-22 0.
1477393650 1 9600.41699219 0. 4.92733042936e-22 0.
1477393710 1 9584.22558594 0. 4.92366401689e-22 0.
1477393747 1 9571.97265625 0. 4.92051643239e-22 0.
1477393783 1 9570.515625 0. 4.92233517673e-22 0.
1477393842 1 9561.75683594 0. 4.92258871568e-22 0.
1477393902 1 9551.62695312 0. 4.92217392821e-22 0.
1477393941 1 9540.32421875 0. 4.91970487465e-22 0.
1477393964 1 9540.78320312 0. 4.92160030488e-22 0.
1477394010 1 9533.56933594 0. 4.92177349016e-22 0.
1477394070 1 9519.48144531 0. 4.91914319888e-22 0.
1477394130 1 9511.99902344 0. 4.91985146527e-22 0.
1477394191 1 9499.32421875 0. 4.9180267982e-22 0.
1477394251 1 9486.29589844 0. 4.91603672439e-22 0.
1477394311 1 9477.70898438 0. 4.91626474656e-22 0.
1477394371 1 9467.08203125 0. 4.91574933472e-22 0.
1477394431 1 9454.60839844 0. 4.91401975589e-22 0.
1477394491 1 9445.18554688 0. 4.91401101566e-22 0.
1477394551 1 9430.26074219 0. 4.91077870079e-22 0.
1477394611 1 9417.38769531 0. 4.90901987908e-22 0.
1477394672 1 9411.84765625 0. 4.91068450056e-22 0.
1477394732 1 9403.02539062 0. 4.91081961548e-22 0.
1477394792 1 9392.70898438 0. 4.91005752713e-22 0.
1477394852 1 9383.33984375 0. 4.90971721233e-22 0.
1477394912 1 9366.89648438 0. 4.90578573952e-22 0.
1477394972 1 9357.61523438 0. 4.90553136008e-22 0.
1477395007 1 9352.203125 0. 4.90510705352e-22 0.
1477395042 1 9346.76269531 0. 4.90509270177e-22 0.
1477395103 1 9338.41992188 0. 4.90560946374e-22 0.
1477395163 1 9331.84082031 0. 4.9067274458e-22 0.
1477395223 1 9320.20019531 0. 0.0 0.
1477395258 1 9313.41113281 0. 4.90403202363e-22 0.
1477395293 1 9306.67480469 0. 4.90331518212e-22 0.
1477395353 1 9298.06347656 0. 4.90381656244e-22 0.
1477395413 1 9284.74902344 0. 4.90154563854e-22 0.
1477395473 1 9273.23339844 0. 4.89997153536e-22 0.
1477395533 1 9265.85742188 0. 4.90085021455e-22 0.
1477395593 1 9254.13183594 0. 4.89917654686e-22 0.
1477395654 1 9244.44726562 0. 4.89866759891e-22 0.
1477395714 1 9234.81542969 0. 4.89866606103e-22 0.
1477395774 1 9221.37988281 0. 4.89610844267e-22 0.
1477395834 1 9211.91894531 0. 4.89574081702e-22 0.
1477395894 1 9200.42675781 0. 4.89405221639e-22 0.
1477395954 1 9184.55957031 0. 4.89047872165e-22 0.
1477396014 1 9178.80078125 0. 4.89219625581e-22 0.
1477396074 1 9166.23925781 0. 4.88978712294e-22 0.
1477396135 1 9158.72167969 0. 4.89054799942e-22 0.
1477396195 1 9154.65429688 0. 4.89298371985e-22 0.
1477396255 1 9136.26367188 0. 4.88806662423e-22 0.
1477396315 1 9129.37988281 0. 4.88891352226e-22 0.
1477396375 1 9118.21972656 0. 4.88733463165e-22 0.
1477396435 1 9109.99121094 0. 4.88777942068e-22 0.
1477396495 1 9101.27539062 0. 4.88763358275e-22 0.
1477396555 1 9084.62109375 0. 4.88345189697e-22 0.
1477396616 1 9078.99902344 0. 4.88499578304e-22 0.
1477396676 1 9068.19921875 0. 4.88375081659e-22 0.
1477396736 1 9059.73535156 0. 4.88359460897e-22 0.
1477396787 1 9052.84179688 0. 4.88381996061e-22 0.
1477396838 1 9042.23632812 0. 4.88208035867e-22 0.
1477396898 1 9034.81054688 0. 4.88268955869e-22 0.
1477396946 1 9024.97265625 0. 4.88107677122e-22 0.
1477396993 1 9014.48535156 0. 4.8791665969e-22 0.
1477397053 1 9004.78027344 0. 4.87845364115e-22 0.
1477397114 1 8992.1953125 0. 4.87623203236e-22 0.
1477397174 1 8981.98828125 0. 4.8754203424e-22 0.
1477397234 1 8977.51367188 0. 4.87730373646e-22 0.
1477397294 1 8965.40136719 0. 4.87552632581e-22 0.
1477397354 1 8955.0 0. 4.87470415117e-22 0.
1477397414 1 8944.1875 0. 4.87322613085e-22 0.
1477397474 1 8931.75 0. 4.87079771006e-22 0.
1477397534 1 8918.30957031 0. 4.86820695388e-22 0.
1477397595 1 8906.30175781 0. 4.86584280777e-22 0.
1477397655 1 8909.91894531 0. 4.87219786932e-22 0.
1477397715 1 8893.11328125 0. 4.86759921881e-22 0.
1477397775 1 8885.47363281 0. 4.86788698081e-22 0.
1477397835 1 8875.17089844 0. 4.86678055368e-22 0.
1477397895 1 8863.12695312 0. 4.86473610818e-22 0.
1477397955 1 8845.74316406 0. 4.85986946731e-22 0.
1477398016 1 8842.15039062 0. 4.86253338829e-22 0.
1477398076 1 8834.296875 0. 4.86268840742e-22 0.
1477398115 1 8824.99316406 0. 4.86064611445e-22 0.
1477398132 1 8823.17578125 0. 4.8610020938e-22 0.
1477398170 1 8815.08300781 0. 4.85904455811e-22 0.
1477398230 1 8807.95507812 0. 4.85963782243e-22 0.
1477398290 1 8795.3046875 0. 4.85721196248e-22 0.
1477398338 1 8789.15722656 0. 4.85729383774e-22 0.
1477398385 1 8782.83007812 0. 0.0 0.
1477398420 1 8778.15039062 0. 4.85703111755e-22 0.
1477398442 1 8775.31835938 0. 4.85738330383e-22 0.
1477398488 1 8764.98339844 0. 4.85546135789e-22 0.
1477398548 1 8753.79785156 0. 4.85342530537e-22 0.
1477398608 1 8754.38574219 0. 4.85812704588e-22 0.
1477398669 1 8739.40527344 0. 4.8546293049e-22 0.
1477398729 1 8728.28417969 0. 4.85282520943e-22 0.
1477398789 1 8715.77539062 0. 4.85044073646e-22 0.
1477398849 1 8710.171875 0. 4.8515513726e-22 0.
1477398909 1 8705.63964844 0. 4.85326283526e-22 0.
1477398969 1 8693.234375 0. 4.85088580737e-22 0.
1477399029 1 8678.99804688 0. 4.84742529379e-22 0.
1477399089 1 8666.51171875 0. 4.84498627299e-22 0.
1477399128 1 8615.19726562 0. 4.81972187644e-22 0.
1477399144 1 8640.40527344 0. 4.83481460558e-22 0.
1477399182 1 8647.78417969 0. 4.84134291181e-22 0.
1477399242 1 8650.81933594 0. 4.84760722021e-22 0.
1477399302 1 8635.44628906 0. 4.8435840348e-22 0.
1477399362 1 8631.1328125 0. 4.84576461827e-22 0.
1477399422 1 8625.234375 0. 4.84687291267e-22 0.
1477399482 1 8618.14746094 0. 4.84751156488e-22 0.
1477399543 1 8608.96191406 0. 4.84681760781e-22 0.
1477399603 1 8598.63574219 0. 4.84553343279e-22 0.
1477399658 1 8590.30273438 0. 4.8446583084e-22 0.
1477399693 1 8586.24023438 0. 4.84522187071e-22 0.
1477399733 1 8584.29785156 0. 4.84707929231e-22 0.
1477399793 1 8572.20019531 0. 4.84454459125e-22 0.
1477399853 1 8563.34179688 0. 4.84422211183e-22 0.
1477399913 1 8557.14941406 0. 4.84520062683e-22 0.
1477399973 1 8546.96972656 0. 4.84375222041e-22 0.
1477400034 1 8536.38867188 0. 4.84232713709e-22 0.
1477400094 1 8527.18359375 0. 4.84152762852e-22 0.
1477400154 1 8520.73730469 0. 4.84232766576e-22 0.
1477400214 1 8509.10449219 0. 4.8401300715e-22 0.
1477400274 1 8502.296875 0. 4.84067757978e-22 0.
1477400334 1 8493.11816406 0. 4.83980827856e-22 0.
1477400394 1 8482.81152344 0. 4.83851047321e-22 0.
1477400455 1 8391.7265625 0. 4.79126138711e-22 0.
1477400515 1 8189.97412109 0. 4.67991866144e-22 0.
1477400575 1 8234.97265625 0. 4.71079463645e-22 0.
1477400635 1 8464.82421875 0. 4.84623916169e-22 0.
1477400695 1 8455.65039062 0. 4.85227837049e-22 0.
1477400755 1 8445.30566406 0. 4.84404353552e-22 0.
1477400815 1 8436.78417969 0. 4.84379023345e-22 0.
1477400875 1 8424.45410156 0. 4.84117478601e-22 0.
1477400936 1 8415.30175781 0. 4.8403677123e-22 0.
1477400996 1 8404.19238281 0. 4.83855548468e-22 0.
1477401056 1 8395.10644531 0. 4.83760968776e-22 0.
1477401116 1 8385.82519531 0. 4.83692789473e-22 0.
1477401176 1 8380.28125 0. 4.83808889225e-22 0.
1477401236 1 8370.0859375 0. 4.83666455814e-22 0.
1477401296 1 8358.1328125 0. 4.83396976849e-22 0.
1477401356 1 8347.45410156 0. 4.8319206967e-22 0.
1477401417 1 8343.8984375 0. 4.83440355143e-22 0.
1477401477 1 8334.41308594 0. 4.83336221205e-22 0.
1477401537 1 8327.69042969 0. 4.83393887163e-22 0.
1477401597 1 8323.41113281 0. 4.83589583457e-22 0.
1477401657 1 8309.59277344 0. 4.83254752095e-22 0.
1477401717 1 8301.29589844 0. 4.83204733609e-22 0.
1477401777 1 8291.68457031 0. 4.83077772715e-22 0.
1477401828 1 8288.10351562 0. 4.83232078482e-22 0.
1477401876 1 8276.92480469 0. 4.82935077571e-22 0.
1477401912 1 8273.74511719 0. 4.83025704743e-22 0.
1477401951 1 8267.23632812 0. 4.82922108348e-22 0.
1477402011 1 8262.25683594 0. 4.83040401172e-22 0.
1477402071 1 8253.34082031 0. 4.82928805105e-22 0.
1477402131 1 8245.1328125 0. 4.82896804445e-22 0.
1477402191 1 8236.06738281 0. 4.82796538016e-22 0.
1477402251 1 8225.45214844 0. 4.82613452891e-22 0.
1477402311 1 8224.63476562 0. 4.82993335194e-22 0.
1477402365 1 8214.91796875 0. 4.82812399097e-22 0.
1477402417 1 8206.45410156 0. 4.82679358311e-22 0.
1477402477 1 8199.89746094 0. 4.82721506913e-22 0.
1477402537 1 8190.55419922 0. 4.82584693932e-22 0.
1477402597 1 8182.81542969 0. 4.82555220992e-22 0.
1477402657 1 8176.77441406 0. 4.82632460027e-22 0.
1477402717 1 8166.15722656 0. 4.82471769216e-22 0.
1477402777 1 8158.74169922 0. 0.0 0.
1477402812 1 8154.41455078 0. 4.82404808601e-22 0.
1477402848 1 8150.08691406 0. 4.82408698057e-22 0.
1477402908 1 8143.14697266 0. 4.82455722283e-22 0.
1477402968 1 8134.1796875 0. 4.82381882096e-22 0.
1477403028 1 8124.98291016 0. 4.82254066521e-22 0.
1477403088 1 8115.37744141 0. 4.82104218705e-22 0.
1477403148 1 8109.13671875 0. 4.82152096494e-22 0.
1477403208 1 8100.49853516 0. 4.82089451828e-22 0.
1477403269 1 8090.58935547 0. 4.8191369871e-22 0.
1477403329 1 8085.58398438 0. 4.82063932619e-22 0.
1477403389 1 8078.38476562 0. 4.82047492395e-22 0.
1477403449 1 8070.79931641 0. 4.82019819876e-22 0.
1477403509 1 8063.62988281 0. 4.8202119523e-22 0.
1477403569 1 8053.67724609 0. 4.81887871922e-22 0.
1477403629 1 8045.86474609 0. 4.82967327817e-22 0.
1477403689 1 8040.16210938 0. 4.81934314943e-22 0.
1477403750 1 8033.85498047 0. 4.8200979129e-22 0.
1477403810 1 8023.76660156 0. 4.81835083457e-22 0.
1477403870 1 8015.03710938 0. 4.81750415182e-22 0.
1477403930 1 8006.50488281 0. 4.8166185716e-22 0.
1477403990 1 7998.18603516 0. 4.8158416999e-22 0.
1477404050 1 7992.23828125 0. 4.81657181568e-22 0.
1477404110 1 7982.22802734 0. 4.814721737e-22 0.
1477404170 1 7972.04443359 0. 4.81289059267e-22 0.
1477404231 1 7965.11669922 0. 4.81307433852e-22 0.
1477404291 1 7956.69287109 0. 4.81229764774e-22 0.
1477404351 1 7952.09960938 0. 4.81382626234e-22 0.
1477404411 1 7946.45019531 0. 4.81460994657e-22 0.
1477404471 1 7935.89550781 0. 4.81266781224e-22 0.
1477404531 1 7927.46289062 0. 4.81196314423e-22 0.
1477404592 1 7918.72607422 0. 4.8110367706e-22 0.
1477404652 1 7912.23095703 0. 4.81141769093e-22 0.
1477404712 1 7903.00683594 0. 4.80999870572e-22 0.
1477404772 1 7896.83300781 0. 4.81040685424e-22 0.
1477404832 1 7890.18017578 0. 4.81063558769e-22 0.
1477404892 1 7881.06201172 0. 4.80926044674e-22 0.
1477404952 1 7877.58740234 0. 4.81151622636e-22 0.
1477405013 1 7869.73339844 0. 4.81100403105e-22 0.
1477405073 1 7861.56054688 0. 4.81050803777e-22 0.
1477405109 1 7858.05712891 0. 4.81107481405e-22 0.
1477405145 1 7854.04931641 0. 4.81102375816e-22 0.
1477405205 1 7842.41650391 0. 4.80820924168e-22 0.
1477405265 1 7837.59326172 0. 4.80944840662e-22 0.
1477405325 1 7831.26269531 0. 4.80994352617e-22 0.
1477405385 1 7819.35302734 0. 4.80708313283e-22 0.
1477405445 1 7811.28027344 0. 4.80659162312e-22 0.
1477405505 1 7805.56787109 0. 4.80737339616e-22 0.
1477405566 1 7798.99511719 0. 4.80766875873e-22 0.
1477405626 1 7676.57910156 0. 4.73690441396e-22 0.
1477405686 1 7612.78027344 0. 4.70203004779e-22 0.
1477405746 1 7523.51757812 0. 4.65139480023e-22 0.
1477405806 1 7519.46289062 0. 4.65323984936e-22 0.
1477405866 1 7344.71582031 0. 4.54905286121e-22 0.
1477405926 1 7214.23144531 0. 4.47251611574e-22 0.
1477405986 1 7512.55273438 0. 4.66149793004e-22 0.
1477406047 1 7505.58740234 0. 4.66108497906e-22 0.
1477406107 1 7496.77148438 0. 4.6601605394e-22 0.
1477406167 1 7491.33203125 0. 4.66104449875e-22 0.
1477406227 1 7485.01171875 0. 4.66141758592e-22 0.
1477406287 1 7475.83886719 0. 4.66004572118e-22 0.
1477406347 1 7472.02001953 0. 4.66161006273e-22 0.
1477406407 1 7466.33984375 0. 4.66212758753e-22 0.
1477406467 1 7457.58691406 0. 4.66077084127e-22 0.
1477406528 1 7449.51025391 0. 4.65993788778e-22 0.
1477406588 1 7442.75878906 0. 4.65993260478e-22 0.
1477406648 1 7432.54150391 0. 4.65757925773e-22 0.
1477406708 1 7425.46142578 0. 4.65746079102e-22 0.
1477406768 1 7419.83642578 0. 4.65808542192e-22 0.
1477406828 1 7415.29052734 0. 4.65953631659e-22 0.
1477406888 1 7410.79003906 0. 4.66095539067e-22 0.
1477406949 1 7402.6328125 0. 4.65986751753e-22 0.
1477407009 1 7393.61328125 0. 4.65816979027e-22 0.
1477407069 1 7390.14453125 0. 4.66000593809e-22 0.
1477407129 1 7380.19873047 0. 4.65782245863e-22 0.
1477407189 1 7374.25537109 0. 4.65816975336e-22 0.
1477407249 1 7369.32666016 0. 4.65913581989e-22 0.
1477407309 1 7360.50048828 0. 4.65767605982e-22 0.
1477407369 1 7354.12841797 0. 4.65780970889e-22 0.
1477407429 1 7348.10107422 0. 4.65791196587e-22 0.
1477407488 1 7339.41162109 0. 4.65650163942e-22 0.
1477407546 1 7331.42773438 0. 4.65534361403e-22 0.
1477407606 1 7327.20898438 0. 4.65684841592e-22 0.
1477407667 1 7321.95703125 0. 4.65747868771e-22 0.
1477407727 1 7313.58642578 0. 4.65639053317e-22 0.
1477407787 1 7306.26953125 0. 4.6558423201e-22 0.
1477407847 1 7298.91210938 0. 4.65500900155e-22 0.
1477407907 1 7295.09960938 0. 4.65658369605e-22 0.
1477407967 1 7288.15771484 0. 4.6561871009e-22 0.
1477408027 1 7279.76074219 0. 4.65497692442e-22 0.
1477408087 1 7272.60839844 0. 4.65443144556e-22 0.
1477408148 1 7267.66259766 0. 4.65512399649e-22 0.
1477408208 1 7260.74755859 0. 4.65485891348e-22 0.
1477408268 1 7255.55566406 0. 4.65550949009e-22 0.
1477408328 1 7250.02148438 0. 4.65583922329e-22 0.
1477408388 1 7243.53369141 0. 4.65571338583e-22 0.
1477408448 1 7233.63134766 0. 4.65328471987e-22 0.
1477408508 1 7226.27685547 0. 4.65249777385e-22 0.
1477408568 1 7219.03173828 0. 4.65174352325e-22 0.
1477408628 1 7212.19921875 0. 4.65134036937e-22 0.
1477408689 1 7209.63916016 0. 4.65381512768e-22 0.
1477408749 1 7202.01416016 0. 4.65302556114e-22 0.
1477408809 1 7192.86572266 0. 4.65107658292e-22 0.
1477408869 1 7187.62548828 0. 4.65185375206e-22 0.
1477408929 1 7174.31689453 0. 4.6471791081e-22 0.
1477408989 1 7170.89648438 0. 4.64898224193e-22 0.
1477409049 1 7167.20751953 0. 4.65059837816e-22 0.
1477409109 1 7163.86816406 0. 4.65249734879e-22 0.
1477409170 1 7156.92529297 0. 4.65215353478e-22 0.
1477409230 1 7148.34082031 0. 4.65052232266e-22 0.
1477409290 1 7140.61621094 0. 0.0 0.
1477409325 1 7136.10986328 0. 4.64865664201e-22 0.
1477409353 1 7132.54541016 0. 4.64831978972e-22 0.
1477409405 1 7126.86816406 0. 4.64840273315e-22 0.
1477409466 1 7122.94775391 0. 4.64985562212e-22 0.
1477409526 1 7116.09082031 0. 4.64944399318e-22 0.
1477409586 1 7109.0859375 0. 4.64872861032e-22 0.
1477409646 1 7100.58007812 0. 4.64712146295e-22 0.
1477409706 1 7090.47460938 0. 4.6446188635e-22 0.
1477409766 1 7087.37841797 0. 4.6465857636e-22 0.
1477409826 1 7083.30175781 0. 4.64787689783e-22 0.
1477409887 1 7072.64111328 0. 4.64482124082e-22 0.
1477409947 1 7067.14990234 0. 4.64515460773e-22 0.
1477410007 1 7062.75585938 0. 4.64605818971e-22 0.
1477410067 1 7046.90283203 0. 4.63962869717e-22 0.
1477410127 1 7039.98632812 0. 4.63892644697e-22 0.
1477410178 1 7035.67578125 0. 4.63954581587e-22 0.
1477410207 1 7038.00488281 0. 4.64319815528e-22 0.
1477410244 1 7030.25341797 0. 4.64050019479e-22 0.
1477410305 1 7015.03613281 0. 4.63416131535e-22 0.
1477410365 1 7016.00732422 0. 4.6386158644e-22 0.
1477410425 1 7004.00390625 0. 4.63464698502e-22 0.
1477410485 1 6994.65087891 0. 4.63220071755e-22 0.
1477410545 1 6989.02636719 0. 4.63242292073e-22 0.
1477410605 1 6981.234375 0. 4.63129781104e-22 0.
1477410665 1 6973.58007812 0. 4.63012825335e-22 0.
1477410725 1 6973.93994141 0. 4.63415386001e-22 0.
1477410785 1 6963.8671875 0. 4.63125671092e-22 0.
1477410846 1 6958.01318359 0. 4.6311296537e-22 0.
1477410906 1 6951.171875 0. 4.63012042667e-22 0.
1477410966 1 6936.79638672 0. 4.62438137796e-22 0.
1477411026 1 6941.17285156 0. 4.63107787731e-22 0.
1477411086 1 6933.67041016 0. 4.62988298848e-22 0.
1477411146 1 6918.95898438 0. 4.62381928539e-22 0.
1477411206 1 6920.65576172 0. 4.62853087671e-22 0.
1477411267 1 6909.02880859 0. 4.62460767408e-22 0.
1477411327 1 6898.45458984 0. 4.62132000966e-22 0.
1477411387 1 6898.52441406 0. 4.62513195101e-22 0.
1477411447 1 6891.42285156 0. 4.62419237039e-22 0.
1477411507 1 6878.00244141 0. 4.61899014996e-22 0.
1477411567 1 6878.49951172 0. 4.62305133092e-22 0.
1477411627 1 6878.73974609 0. 4.62677885156e-22 0.
1477411687 1 6872.00048828 0. 4.62615940111e-22 0.
1477411747 1 6864.58642578 0. 4.62498987717e-22 0.
1477411808 1 6864.94580078 0. 4.62908196867e-22 0.
1477411868 1 6856.42626953 0. 4.62709485264e-22 0.
1477411928 1 6849.85595703 0. 4.62641466491e-22 0.
1477411988 1 6846.73779297 0. 4.62823337672e-22 0.
1477412048 1 6836.15380859 0. 4.62475356181e-22 0.
1477412108 1 6833.59423828 0. 4.62692590292e-22 0.
1477412168 1 6833.07080078 0. 4.6301819486e-22 0.
1477412228 1 6825.265625 0. 4.62876472513e-22 0.
1477412278 1 6823.4375 0. 4.63051814531e-22 0.
1477412328 1 6818.7421875 0. 0.0 0.
1477412363 1 6815.44091797 0. 4.63003904275e-22 0.
1477412399 1 6812.14501953 0. 4.63007286127e-22 0.
1477412459 1 6808.36376953 0. 4.63147444907e-22 0.
1477412500 1 6804.92919922 0. 4.63186985075e-22 0.
1477412542 1 6798.24365234 0. 4.62975957229e-22 0.
1477412602 1 6646.50390625 0. 4.53008359323e-22 0.
1477412647 1 6588.31396484 0. 4.49262236505e-22 0.
1477412670 1 6703.17480469 0. 4.57288803637e-22 0.
1477412707 1 6619.12646484 0. 4.51804541415e-22 0.
1477412768 1 6809.48144531 0. 4.65115359661e-22 0.
1477412828 1 6803.7421875 0. 4.65111573236e-22 0.
1477412888 1 6799.47167969 0. 4.65203078788e-22 0.
1477412948 1 6791.16601562 0. 4.64997842179e-22 0.
1477413008 1 6785.54296875 0. 4.64983525298e-22 0.
1477413068 1 6778.65380859 0. 4.64873409398e-22 0.
1477413128 1 6773.16162109 0. 4.64871177274e-22 0.
1477413188 1 6766.78613281 0. 4.64828411583e-22 0.
1477413248 1 6762.33251953 0. 4.64895180009e-22 0.
1477413309 1 6757.96777344 0. 4.6496274072e-22 0.
1477413369 1 6754.94091797 0. 4.65124266312e-22 0.
1477413429 1 6746.02148438 0. 4.64872826892e-22 0.
1477413489 1 6740.76416016 0. 4.64893340541e-22 0.
1477413549 1 6735.11865234 0. 4.64885667655e-22 0.
1477413609 1 6730.24902344 0. 4.64933996433e-22 0.
1477413669 1 6725.24511719 0. 4.64952184959e-22 0.
1477413729 1 6717.91650391 0. 4.6482407938e-22 0.
1477413789 1 6711.18212891 0. 4.64743497034e-22 0.
1477413850 1 6708.33984375 0. 4.6491235654e-22 0.
1477413910 1 6702.77197266 0. 4.64888638055e-22 0.
1477413970 1 6695.05615234 0. 4.64734065383e-22 0.
1477414030 1 6689.78808594 0. 4.64733112557e-22 0.
1477414090 1 6684.42236328 0. 4.64728431465e-22 0.
1477414150 1 6677.11328125 0. 4.64599127662e-22 0.
1477414210 1 6674.23681641 0. 4.64767880704e-22 0.
1477414271 1 6669.32714844 0. 4.64797292863e-22 0.
1477414331 1 6664.90966797 0. 4.64856874564e-22 0.
1477414391 1 6658.83837891 0. 4.6482259093e-22 0.
1477414451 1 6653.89306641 0. 4.64825786906e-22 0.
1477414511 1 6645.60009766 0. 4.64632810877e-22 0.
1477414571 1 6639.30175781 0. 4.64567149766e-22 0.
1477414631 1 6631.74951172 0. 4.64414230162e-22 0.
1477414691 1 6628.40283203 0. 4.64533452807e-22 0.
1477414751 1 6623.38623047 0. 4.64528245293e-22 0.
1477414812 1 6618.92822266 0. 4.64601924925e-22 0.
1477414872 1 6609.99609375 0. 4.64341743842e-22 0.
1477414932 1 6606.21289062 0. 4.644429543e-22 0.
1477414992 1 6601.05224609 0. 4.64437888628e-22 0.
1477415052 1 6596.01806641 0. 4.64446634297e-22 0.
1477415112 1 6591.36279297 0. 4.64493429315e-22 0.
1477415172 1 6585.43017578 0. 4.64432355573e-22 0.
1477415232 1 6579.18847656 0. 4.64355162424e-22 0.
1477415293 1 6574.04638672 0. 4.6435171328e-22 0.
1477415353 1 6569.34033203 0. 4.64385603992e-22 0.
1477415413 1 6562.63378906 0. 4.64283341328e-22 0.
1477415473 1 6559.08789062 0. 4.64388969726e-22 0.
1477415533 1 6553.04882812 0. 4.6433482807e-22 0.
1477415593 1 6544.9296875 0. 4.64136029601e-22 0.
1477415653 1 6540.88574219 0. 4.64203075315e-22 0.
1477415714 1 6539.04589844 0. 4.64427912712e-22 0.
1477415774 1 6529.41308594 0. 4.64117493704e-22 0.
1477415834 1 6522.60302734 0. 4.64009905596e-22 0.
1477415894 1 6517.54003906 0. 4.64032872165e-22 0.
1477415954 1 6514.49853516 0. 4.64177631236e-22 0.
1477416014 1 6508.96826172 0. 4.64157693374e-22 0.
1477416074 1 6502.94921875 0. 4.64091224667e-22 0.
1477416134 1 6499.20654297 0. 4.64175524953e-22 0.
1477416195 1 6492.29394531 0. 4.64052105892e-22 0.
1477416255 1 6485.23144531 0. 4.63916195985e-22 0.
1477416315 1 6480.49023438 0. 4.63960773606e-22 0.
1477416375 1 6474.88330078 0. 4.63918990501e-22 0.
1477416435 1 6468.78417969 0. 4.63861878534e-22 0.
1477416495 1 6463.80517578 0. 4.63863186537e-22 0.
1477416555 1 6457.12158203 0. 4.63750951726e-22 0.
1477416615 1 6453.27783203 0. 4.63837006388e-22 0.
1477416676 1 6447.96728516 0. 4.63836709979e-22 0.
1477416736 1 6442.06787109 0. 4.64668808977e-22 0.
1477416796 1 6438.34570312 0. 4.63866459429e-22 0.
1477416856 1 6433.36767578 0. 4.63887075251e-22 0.
1477416916 1 6425.88134766 0. 4.63719666887e-22 0.
1477416976 1 6417.18798828 0. 4.63465123287e-22 0.
1477417036 1 6406.65185547 0. 4.63074038622e-22 0.
1477417096 1 6408.79150391 0. 4.63588370108e-22 0.
1477417156 1 6402.91503906 0. 4.63518114402e-22 0.
1477417217 1 6399.34326172 0. 4.63620466013e-22 0.
1477417277 1 6392.35058594 0. 4.63488576824e-22 0.
1477417337 1 6383.59228516 0. 4.63213025828e-22 0.
1477417397 1 6379.45458984 0. 4.63270353217e-22 0.
1477417457 1 6371.97216797 0. 4.63119422218e-22 0.
1477417517 1 6366.26171875 0. 4.63082661314e-22 0.
1477417577 1 6366.48828125 0. 4.63457743455e-22 0.
1477417638 1 6357.234375 0. 4.63161705053e-22 0.
1477417698 1 6351.83496094 0. 4.63123915452e-22 0.
1477417758 1 6349.48632812 0. 4.6331243261e-22 0.
1477417809 1 6347.796875 0. 4.63495988575e-22 0.
1477417837 1 6345.75732422 0. 4.63541896273e-22 0.
1477417874 1 6295.66796875 0. 4.60081776593e-22 0.
1477417930 1 6173.61230469 0. 4.5149053801e-22 0.
1477417986 1 6110.05712891 0. 4.47213749648e-22 0.
1477418047 1 6337.18505859 0. 4.64163086191e-22 0.
1477418107 1 6328.57080078 0. 4.638522697e-22 0.
1477418167 1 6326.60351562 0. 4.64036790916e-22 0.
1477418227 1 6330.21777344 0. 4.64539238023e-22 0.
1477418287 1 6334.23730469 0. 4.65136689673e-22 0.
1477418347 1 6318.77929688 0. 4.64312778435e-22 0.
1477418408 1 6315.69628906 0. 4.64470156145e-22 0.
1477418468 1 6310.84082031 0. 4.64464220998e-22 0.
1477418528 1 6304.96337891 0. 4.64384387067e-22 0.
1477418588 1 6300.83496094 0. 4.6442308124e-22 0.
1477418648 1 6295.2734375 0. 4.64368230115e-22 0.
1477418708 1 6289.62744141 0. 4.64306262052e-22 0.
1477418766 1 6285.40625 0. 4.64340177918e-22 0.
1477418823 1 6282.09960938 0. 4.6441721894e-22 0.
1477418883 1 6275.60058594 0. 4.64297764635e-22 0.
1477418943 1 6270.83691406 0. 4.64312391937e-22 0.
1477418999 1 6268.99755859 0. 4.64504728747e-22 0.
1477419055 1 6265.00537109 0. 4.6455211085e-22 0.
1477419115 1 6260.11132812 0. 4.6453916233e-22 0.
1477419175 1 6253.39550781 0. 4.64392410802e-22 0.
1477419235 1 6248.32373047 0. 4.64367748344e-22 0.
1477419295 1 6242.35107422 0. 4.6428099487e-22 0.
1477419355 1 6238.98388672 0. 4.64379401709e-22 0.
1477419416 1 6233.69384766 0. 4.64322573687e-22 0.
1477419469 1 6228.72705078 0. 4.64283589599e-22 0.
1477419522 1 6224.59179688 0. 4.64296898559e-22 0.
1477419578 1 6220.15527344 0. 4.64305634104e-22 0.
1477419634 1 6214.53173828 0. 4.64218432834e-22 0.
1477419694 1 6209.14599609 0. 4.64185703439e-22 0.
1477419754 1 6205.74169922 0. 4.64270117321e-22 0.
1477419814 1 6201.28466797 0. 4.64273808757e-22 0.
1477419874 1 6195.45166016 0. 4.64197357273e-22 0.
1477419934 1 6190.44677734 0. 4.6418626727e-22 0.
1477419995 1 6186.8359375 0. 4.64262600835e-22 0.
1477420055 1 6181.59912109 0. 4.64235725625e-22 0.
1477420115 1 6176.37011719 0. 4.64182200911e-22 0.
1477420175 1 6171.20947266 0. 4.64139088236e-22 0.
1477420235 1 6166.12109375 0. 4.64081810348e-22 0.
1477420295 1 6160.66259766 0. 4.64039323818e-22 0.
1477420355 1 6155.14160156 0. 4.63983298869e-22 0.
1477420416 1 6150.74902344 0. 4.63995049584e-22 0.
1477420476 1 6146.53417969 0. 4.64026207604e-22 0.
1477420536 1 6144.65820312 0. 4.64232065753e-22 0.
1477420596 1 6139.94580078 0. 4.64232583634e-22 0.
1477420656 1 6133.79003906 0. 4.64121760753e-22 0.
1477420716 1 6128.44628906 0. 4.64092246123e-22 0.
1477420776 1 6122.87646484 0. 4.64020274403e-22 0.
1477420836 1 6119.70214844 0. 4.64119374671e-22 0.
1477420897 1 6113.96582031 0. 4.64042096744e-22 0.
1477420957 1 6107.33691406 0. 4.63892199076e-22 0.
1477421017 1 6103.60546875 0. 4.63955877596e-22 0.
1477421077 1 6097.93603516 0. 4.63872206521e-22 0.
1477421137 1 6094.95458984 0. 4.64000986911e-22 0.
1477421197 1 6090.97509766 0. 4.64056625009e-22 0.
1477421257 1 6086.55908203 0. 4.64082388173e-22 0.
1477421317 1 6081.14941406 0. 4.64022258345e-22 0.
1477421377 1 6073.77880859 0. 4.63788558612e-22 0.
1477421438 1 6069.85302734 0. 4.63840756521e-22 0.
1477421498 1 6066.40966797 0. 4.63931859036e-22 0.
1477421542 1 6063.76806641 0. 4.63984538036e-22 0.
1477421586 1 6059.93798828 0. 4.63945351779e-22 0.
1477421646 1 6056.09130859 0. 4.64019883795e-22 0.
1477421706 1 6051.00097656 0. 4.63973360558e-22 0.
1477421766 1 6044.76953125 0. 4.63837786972e-22 0.
1477421826 1 6039.29638672 0. 4.63767292003e-22 0.
1477421886 1 6034.61132812 0. 4.63760240192e-22 0.
1477421947 1 6029.24023438 0. 4.63689340016e-22 0.
1477422006 1 5765.76806641 0. 4.43845757527e-22 0.
1477422065 1 0.150991141796 0. 2.72452805567e-23 0.
1477422126 1 0.133843496442 0. 0.0 0.
