1477446814 1 12600.6748047 0. 5.23273238302e-22 0.
1477446874 1 12474.7617188 0. 5.19291924453e-22 0.
1477446928 1 12169.3388672 0. 5.07757171884e-22 0.
1477446982 1 11323.5878906 0. 4.75336702909e-22 0.
1477447043 1 9905.70507812 0. 4.16970926316e-22 0.
1477447086 1 7910.53564453 0. 3.32144684781e-22 0.
1477447130 1 7789.28271484 0. 3.27404112458e-22 0.
1477447190 1 7818.33544922 0. 3.29101826521e-22 0.
1477447250 1 7712.81835938 0. 3.25234713799e-22 0.
1477447310 1 7702.94433594 0. 3.25350858817e-22 0.
1477447370 1 7904.42382812 0. 3.34317491405e-22 0.
1477447430 1 7864.27734375 0. 3.33101849949e-22 0.
1477447490 1 7801.82666016 0. 3.30867224638e-22 0.
1477447551 1 7841.43603516 0. 3.32882252542e-22 0.
1477447611 1 7804.80175781 0. 3.31831561159e-22 0.
1477447668 1 7793.10351562 0. 3.31852731919e-22 0.
1477447726 1 7745.94775391 0. 3.30262360435e-22 0.
1477447786 1 7781.06542969 0. 3.32200585823e-22 0.
1477447846 1 7711.52392578 0. 3.29626767147e-22 0.
1477447906 1 7794.39404297 0. 3.33564568784e-22 0.
1477447966 1 7912.08496094 0. 3.38996233853e-22 0.
1477448026 1 7858.99462891 0. 3.37130911916e-22 0.
1477448086 1 7799.33398438 0. 3.34963264928e-22 0.
1477448147 1 7745.421875 0. 3.33035252372e-22 0.
1477448207 1 7786.4765625 0. 3.3515669818e-22 0.
1477448267 1 7817.69921875 0. 3.36870090707e-22 0.
1477448327 1 7813.52441406 0. 3.37047310819e-22 0.
1477448387 1 7784.22705078 0. 3.36143675706e-22 0.
1477448447 1 7740.13378906 0. 3.34606051261e-22 0.
1477448507 1 7784.24414062 0. 3.36876998689e-22 0.
1477448567 1 7766.35888672 0. 3.36446256555e-22 0.
1477448628 1 7724.72021484 0. 3.34999754762e-22 0.
1477448688 1 7814.99755859 0. 3.39270893816e-22 0.
1477448748 1 7847.14306641 0. 3.4102570394e-22 0.
1477448808 1 7846.50830078 0. 3.41338831042e-22 0.
1477448868 1 7834.00048828 0. 3.41135141687e-22 0.
1477448928 1 7909.87304688 0. 3.44785364553e-22 0.
1477448988 1 7860.80126953 0. 3.43029445939e-22 0.
1477449048 1 7840.51953125 0. 3.42509956566e-22 0.
1477449109 1 7833.60742188 0. 3.42555442049e-22 0.
1477449169 1 7814.90185547 0. 3.42110811482e-22 0.
1477449229 1 7764.64111328 0. 3.40268804843e-22 0.
1477449289 1 7774.41992188 0. 3.410418701e-22 0.
1477449349 1 7710.49707031 0. 3.38583214019e-22 0.
1477449409 1 7850.24511719 0. 3.45054555539e-22 0.
1477449469 1 7923.99365234 0. 3.48645933459e-22 0.
1477449529 1 7898.59667969 0. 3.47871660738e-22 0.
1477449590 1 7818.41357422 0. 3.44681313891e-22 0.
1477449650 1 7819.68359375 0. 3.45056759588e-22 0.
1477449710 1 7813.76513672 0. 3.45119734909e-22 0.
1477449770 1 7804.60302734 0. 3.45027212536e-22 0.
1477449830 1 7817.37695312 0. 3.45919781868e-22 0.
1477449890 1 7814.85400391 0. 3.4612861707e-22 0.
1477449950 1 7773.59619141 0. 3.44630008857e-22 0.
1477450010 1 7803.52392578 0. 3.46274591153e-22 0.
1477450071 1 7750.28955078 0. 3.44238553191e-22 0.
1477450131 1 7771.10058594 0. 3.45467374416e-22 0.
1477450191 1 7712.48095703 0. 3.43171010793e-22 0.
1477450251 1 7803.40234375 0. 3.47533698665e-22 0.
1477450311 1 7735.19824219 0. 3.44804968272e-22 0.
1477450371 1 7861.49511719 0. 3.50748217745e-22 0.
1477450431 1 7891.12695312 0. 3.52394080385e-22 0.
1477450491 1 7888.02099609 0. 3.52562669097e-22 0.
1477450552 1 7896.73974609 0. 3.53273553019e-22 0.
1477450612 1 7874.68847656 0. 3.5263325205e-22 0.
1477450672 1 7839.35400391 0. 3.5134798008e-22 0.
1477450732 1 7859.72070312 0. 3.52594728795e-22 0.
1477450792 1 7829.8125 0. 3.51557932176e-22 0.
1477450852 1 7795.16259766 0. 3.50316392664e-22 0.
1477450912 1 7791.91748047 0. 3.504871979e-22 0.
1477450972 1 7795.15380859 0. 3.5095410673e-22 0.
1477451033 1 7790.24560547 0. 3.51032990228e-22 0.
1477451074 1 7796.80810547 0. 3.51555684953e-22 0.
1477451093 1 7802.58935547 0. 0.0 0.
1477451105 1 7806.35693359 0. 3.52109669624e-22 0.
1477451141 1 7817.13085938 0. 3.52795050277e-22 0.
1477451201 1 7812.43701172 0. 3.52918884999e-22 0.
1477451261 1 7661.171875 0. 3.46414391093e-22 0.
1477451321 1 7735.31787109 0. 3.50066959827e-22 0.
1477451381 1 7793.75537109 0. 3.53022048128e-22 0.
1477451441 1 7748.34570312 0. 3.51277548094e-22 0.
1477451501 1 7830.94726562 0. 3.55296233685e-22 0.
1477451561 1 7956.09716797 0. 3.61275055921e-22 0.
1477451622 1 7925.47949219 0. 3.60219042824e-22 0.
1477451682 1 7893.89550781 0. 3.59109578524e-22 0.
1477451742 1 7866.65429688 0. 3.5817748274e-22 0.
1477451802 1 7861.40283203 0. 3.58239830562e-22 0.
1477451862 1 7866.20214844 0. 3.58755521674e-22 0.
1477451922 1 7847.1796875 0. 3.58198032594e-22 0.
1477451982 1 7854.82666016 0. 3.58844795254e-22 0.
1477452042 1 7793.49072266 0. 3.56344873948e-22 0.
1477452103 1 7881.90917969 0. 3.60690956046e-22 0.
1477452163 1 7815.90625 0. 3.57989858282e-22 0.
1477452223 1 7790.32958984 0. 3.57110746538e-22 0.
1477452283 1 7763.75585938 0. 3.56191837043e-22 0.
1477452343 1 7735.94238281 0. 3.55235037857e-22 0.
1477452403 1 7771.34082031 0. 3.5715023887e-22 0.
1477452463 1 7750.78417969 0. 3.56510272777e-22 0.
1477452523 1 7759.39746094 0. 3.57196329863e-22 0.
1477452584 1 7698.97314453 0. 3.54735892353e-22 0.
1477452644 1 7769.88476562 0. 3.58292164432e-22 0.
1477452704 1 7739.53515625 0. 3.57180637141e-22 0.
1477452764 1 7789.00048828 0. 3.5974857973e-22 0.
1477452824 1 7912.53076172 0. 3.65759555695e-22 0.
1477452884 1 7857.08300781 0. 3.63517461533e-22 0.
1477452944 1 7850.48779297 0. 3.6351934544e-22 0.
1477453005 1 7859.39599609 0. 3.64232133026e-22 0.
1477453065 1 7774.55175781 0. 3.61316589428e-22 0.
1477453125 1 7788.28759766 0. 0.0 0.
1477453160 1 7796.30126953 0. 3.61840442569e-22 0.
1477453195 1 7804.31933594 0. 3.62383384088e-22 0.
1477453255 1 7827.21728516 0. 3.63764467093e-22 0.
1477453315 1 7839.67285156 0. 3.64625636668e-22 0.
1477453375 1 7760.2890625 0. 3.61234463423e-22 0.
1477453435 1 7810.18945312 0. 3.63865433335e-22 0.
1477453496 1 7699.82958984 0. 3.59041285672e-22 0.
1477453556 1 7789.2890625 0. 3.63501153429e-22 0.
1477453616 1 7843.75439453 0. 3.66319835789e-22 0.
1477453676 1 7738.83789062 0. 3.61702292415e-22 0.
1477453736 1 7803.81787109 0. 3.65088445643e-22 0.
1477453796 1 7780.12744141 0. 3.64281200961e-22 0.
1477453856 1 7817.84326172 0. 3.66339307871e-22 0.
1477453916 1 7847.41259766 0. 3.68033683754e-22 0.
1477453977 1 7772.30126953 0. 3.6488948614e-22 0.
1477454037 1 7826.22509766 0. 3.67850815518e-22 0.
1477454097 1 7763.29248047 0. 3.6517744074e-22 0.
1477454157 1 7848.83691406 0. 3.69503594352e-22 0.
1477454217 1 7941.02441406 0. 3.7414810143e-22 0.
1477454277 1 7800.48193359 0. 3.67854247694e-22 0.
1477454337 1 7925.64941406 0. 3.74044913316e-22 0.
1477454398 1 7873.90527344 0. 3.71912784668e-22 0.
1477454458 1 7937.02392578 0. 3.75187774258e-22 0.
1477454518 1 7943.42578125 0. 3.75791843674e-22 0.
1477454578 1 7893.70898438 0. 3.73771258323e-22 0.
1477454638 1 7954.11181641 0. 3.76938065882e-22 0.
1477454698 1 7885.57910156 0. 3.73993399887e-22 0.
1477454758 1 7913.71337891 0. 3.75627762109e-22 0.
1477454819 1 7896.99072266 0. 3.75151500382e-22 0.
1477454879 1 7880.625 0. 3.74693503123e-22 0.
1477454939 1 7854.80859375 0. 3.73784906985e-22 0.
1477454999 1 7893.515625 0. 3.75913233068e-22 0.
1477455059 1 7882.52392578 0. 3.75709480068e-22 0.
1477455119 1 7894.20556641 0. 3.76564111105e-22 0.
1477455179 1 7873.60888672 0. 3.75897407081e-22 0.
1477455239 1 7835.00341797 0. 3.74351450053e-22 0.
1477455300 1 7826.65380859 0. 3.74266785256e-22 0.
1477455360 1 7809.22802734 0. 3.73742314751e-22 0.
1477455404 1 7837.31787109 0. 3.75306550581e-22 0.
1477455448 1 7869.53710938 0. 3.77066178458e-22 0.
1477455508 1 7860.30371094 0. 3.76938478776e-22 0.
1477455569 1 7899.87109375 0. 3.79140156838e-22 0.
1477455629 1 7843.29345703 0. 3.76725607389e-22 0.
1477455689 1 7922.96191406 0. 3.80851359458e-22 0.
1477455749 1 7831.70214844 0. 3.76766701413e-22 0.
1477455809 1 7828.93212891 0. 3.76951921672e-22 0.
1477455869 1 7827.83056641 0. 3.77196454034e-22 0.
1477455929 1 7826.56054688 0. 3.77444648805e-22 0.
1477455990 1 7799.50683594 0. 3.76448365321e-22 0.
1477456050 1 7832.46191406 0. 3.78323321484e-22 0.
1477456110 1 7831.61279297 0. 3.78579572179e-22 0.
1477456170 1 7804.48095703 0. 3.77596365549e-22 0.
1477456230 1 7791.15234375 0. 3.77253093048e-22 0.
1477456290 1 7783.69433594 0. 3.7719137358e-22 0.
1477456350 1 7792.54443359 0. 3.77917393414e-22 0.
1477456410 1 7747.30419922 0. 3.76026841249e-22 0.
1477456471 1 7790.77832031 0. 3.78433759695e-22 0.
1477456531 1 7764.59570312 0. 3.77468247059e-22 0.
1477456591 1 7776.96630859 0. 3.78361840204e-22 0.
1477456651 1 7793.71240234 0. 3.79483398206e-22 0.
1477456711 1 7808.48681641 0. 3.80490218865e-22 0.
1477456771 1 7816.71777344 0. 3.81196343545e-22 0.
1477456831 1 7844.30664062 0. 3.82850614598e-22 0.
1477456892 1 7851.13574219 0. 3.83483270563e-22 0.
1477456952 1 7856.18066406 0. 3.84010587631e-22 0.
1477457012 1 7845.00537109 0. 3.83785433813e-22 0.
1477457072 1 7793.69628906 0. 3.8157830752e-22 0.
1477457132 1 7882.23486328 0. 3.86212021767e-22 0.
1477457192 1 7832.87646484 0. 3.84100491097e-22 0.
1477457252 1 7823.48925781 0. 3.83936886916e-22 0.
1477457312 1 7793.84179688 0. 3.8280042542e-22 0.
1477457373 1 7804.61962891 0. 3.8364959687e-22 0.
1477457433 1 7804.39453125 0. 3.83950251835e-22 0.
1477457493 1 7771.5 0. 3.82640558436e-22 0.
1477457553 1 7768.93798828 0. 3.82810839924e-22 0.
1477457613 1 7794.07861328 0. 3.84342206005e-22 0.
1477457673 1 7826.15966797 0. 3.8619971538e-22 0.
1477457733 1 7844.85351562 0. 3.87427397771e-22 0.
1477457793 1 7850.9140625 0. 3.88036165371e-22 0.
1477457854 1 7847.06494141 0. 3.88145944349e-22 0.
1477457914 1 7860.95898438 0. 3.89143457359e-22 0.
1477457974 1 7847.13378906 0. 3.88775601251e-22 0.
1477458034 1 7802.953125 0. 3.86886073972e-22 0.
1477458094 1 7832.00488281 0. 3.8863670577e-22 0.
1477458154 1 7799.11181641 0. 3.87311405251e-22 0.
1477458214 1 7782.20507812 0. 3.86776377738e-22 0.
1477458274 1 7779.04833984 0. 3.86927919199e-22 0.
1477458335 1 7781.57714844 0. 3.87349271215e-22 0.
1477458395 1 7740.89697266 0. 0.0 0.
1477458430 1 7717.15917969 0. 3.84578852549e-22 0.
1477458441 1 7709.55175781 0. 3.84256831382e-22 0.
1477458477 1 7714.98632812 0. 3.84738286271e-22 0.
1477458537 1 7809.45849609 0. 3.89735955099e-22 0.
1477458577 1 7887.09179688 0. 3.93820711131e-22 0.
1477458617 1 7883.66503906 0. 3.93846794762e-22 0.
1477458677 1 7860.45263672 0. 3.93015400721e-22 0.
1477458737 1 7845.86132812 0. 3.92584050652e-22 0.
1477458797 1 7856.01464844 0. 3.9340857908e-22 0.
1477458857 1 7849.54248047 0. 3.933779938e-22 0.
1477458918 1 7864.91210938 0. 3.94468783757e-22 0.
1477458978 1 7863.08105469 0. 3.94687496906e-22 0.
1477459038 1 7857.41210938 0. 3.94712633591e-22 0.
1477459098 1 7733.87597656 0. 3.88840156095e-22 0.
1477459144 1 7756.79101562 0. 3.90218593441e-22 0.
1477459166 1 7747.03417969 0. 3.89856348094e-22 0.
1477459203 1 7756.87304688 0. 3.90527384826e-22 0.
1477459263 1 7727.26171875 0. 3.89336448546e-22 0.
1477459323 1 7773.37792969 0. 3.91962826702e-22 0.
1477459383 1 7774.16455078 0. 3.92293774988e-22 0.
1477459444 1 7842.83691406 0. 3.96067711796e-22 0.
1477459504 1 7707.04101562 0. 3.89541927857e-22 0.
1477459564 1 7770.98339844 0. 3.93076803404e-22 0.
1477459624 1 7799.80371094 0. 3.94826976115e-22 0.
1477459675 1 7804.29882812 0. 3.95336380006e-22 0.
1477459704 1 7691.12744141 0. 3.89767291948e-22 0.
1477459741 1 7801.75732422 0. 3.95547059563e-22 0.
1477459801 1 7740.32177734 0. 3.927568133e-22 0.
1477459861 1 7715.72070312 0. 3.91806571873e-22 0.
1477459922 1 7811.37597656 0. 3.9695637351e-22 0.
1477459982 1 7808.16845703 0. 3.97108805774e-22 0.
1477460042 1 7825.89648438 0. 3.98319205108e-22 0.
1477460102 1 7769.56787109 0. 3.95776753203e-22 0.
1477460162 1 7759.67773438 0. 3.95585103103e-22 0.
1477460222 1 7810.70068359 0. 3.98502217927e-22 0.
1477460282 1 7762.96191406 0. 3.96376212576e-22 0.
1477460342 1 7716.0703125 0. 3.94290211038e-22 0.
1477460403 1 7764.62792969 0. 3.97072280315e-22 0.
1477460463 1 7738.88623047 0. 3.96068490978e-22 0.
1477460523 1 4170.88720703 0. 0.0 0.
1477460558 1 2089.19970703 0. 1.0704949797e-22 0.
1477460593 1 0.160455524921 0. 0.0 0.
1477460653 1 0.139203593135 0. 0.0 0.
