1477472209 1 10380.2265625 0. 4.30855084764e-22 0.
1477472270 1 11301.6689453 0. 4.70218823434e-22 0.
1477472321 1 11268.7851562 0. 4.69690176737e-22 0.
1477472373 1 11002.8154297 0. 4.59073681684e-22 0.
1477472433 1 12417.2099609 0. 5.1918339268e-22 0.
1477472491 1 12413.6679688 0. 5.19910565024e-22 0.
1477472546 1 12391.0800781 0. 5.1979659644e-22 0.
1477472579 1 12377.8398438 0. 5.19565175958e-22 0.
1477472594 1 12371.4492188 0. 5.1949768036e-22 0.
1477472634 1 12370.0556641 0. 5.20096265329e-22 0.
1477472695 1 12337.5673828 0. 5.19606455546e-22 0.
1477472755 1 12308.1005859 0. 5.19340104389e-22 0.
1477472815 1 12286.7900391 0. 5.19428546762e-22 0.
1477472875 1 12257.4521484 0. 5.19159070195e-22 0.
1477472935 1 12241.5498047 0. 5.19465197893e-22 0.
1477472996 1 12202.6074219 0. 5.18772624019e-22 0.
1477473056 1 12186.5380859 0. 5.19013697236e-22 0.
1477473116 1 12164.2060547 0. 5.18937274404e-22 0.
1477473176 1 12129.1425781 0. 5.18324687291e-22 0.
1477473236 1 12117.6318359 0. 5.18704678162e-22 0.
1477473296 1 12088.6015625 0. 5.18308468729e-22 0.
1477473356 1 12073.8847656 0. 5.18517095479e-22 0.
1477473416 1 12051.7587891 0. 5.18386514366e-22 0.
1477473476 1 12023.0107422 0. 5.17964269283e-22 0.
1477473537 1 12009.1347656 0. 5.18189582513e-22 0.
1477473597 1 11969.3808594 0. 5.17269570169e-22 0.
1477473651 1 11959.4208984 0. 5.17531141427e-22 0.
1477473706 1 11935.7578125 0. 5.17213354699e-22 0.
1477473766 1 11918.7177734 0. 5.17225732069e-22 0.
1477473826 1 11894.4433594 0. 5.16981202794e-22 0.
1477473887 1 11869.4179688 0. 5.16629013331e-22 0.
1477473947 1 11854.4199219 0. 5.16713120806e-22 0.
1477474007 1 11829.4208984 0. 5.16379971637e-22 0.
1477474067 1 11813.3320312 0. 5.16410293927e-22 0.
1477474127 1 11790.6181641 0. 5.16167753522e-22 0.
1477474187 1 11765.7910156 0. 5.15774236441e-22 0.
1477474246 1 11752.6660156 0. 5.15886304016e-22 0.
1477474306 1 11733.2841797 0. 5.1575326818e-22 0.
1477474366 1 11709.2333984 0. 5.15416853017e-22 0.
1477474426 1 11690.6132812 0. 5.15290622669e-22 0.
1477474487 1 11675.6376953 0. 5.15330960021e-22 0.
1477474528 1 11651.2099609 0. 5.14745517677e-22 0.
1477474547 1 11647.4042969 0. 5.14816545327e-22 0.
1477474568 1 11639.0986328 0. 5.14667947968e-22 0.
1477474610 1 11621.0253906 0. 5.14350632179e-22 0.
1477474670 1 11595.8583984 0. 5.13939185655e-22 0.
1477474717 1 11581.2314453 0. 5.13833585581e-22 0.
1477474740 1 11568.1542969 0. 5.13532406098e-22 0.
1477474778 1 11548.8398438 0. 5.13087437717e-22 0.
1477474838 1 11536.7802734 0. 5.13227103075e-22 0.
1477474898 1 11508.4150391 0. 5.12630614203e-22 0.
1477474958 1 11487.0361328 0. 5.1235995948e-22 0.
1477475018 1 11468.4853516 0. 5.12228287661e-22 0.
1477475078 1 11449.0136719 0. 5.12008038683e-22 0.
1477475118 1 11442.6982422 0. 5.12176212425e-22 0.
1477475138 1 11438.6865234 0. 5.12191885543e-22 0.
1477475179 1 11419.2548828 0. 5.11784237182e-22 0.
1477475239 1 11400.5830078 0. 5.11594165282e-22 0.
1477475300 1 11383.7324219 0. 5.1150362001e-22 0.
1477475360 1 11364.3496094 0. 5.11293191264e-22 0.
1477475420 1 11344.8945312 0. 5.11054845926e-22 0.
1477475480 1 11322.484375 0. 5.10695905503e-22 0.
1477475540 1 11306.4970703 0. 5.10619155315e-22 0.
1477475600 1 11293.3447266 0. 5.10651836612e-22 0.
1477475655 1 11276.2880859 0. 5.10459733342e-22 0.
1477475711 1 11253.3320312 0. 5.10012112187e-22 0.
1477475771 1 11233.7753906 0. 5.09767904169e-22 0.
1477475831 1 11224.9267578 0. 5.09975773069e-22 0.
1477475891 1 11208.8974609 0. 5.09848913491e-22 0.
1477475952 1 11192.8417969 0. 5.09738343109e-22 0.
1477476012 1 11177.4755859 0. 5.09667666605e-22 0.
1477476072 1 11166.2685547 0. 5.0977456732e-22 0.
1477476132 1 11130.5976562 0. 5.08764642875e-22 0.
1477476192 1 11122.6416016 0. 5.09009278445e-22 0.
1477476252 1 11101.8017578 0. 5.08638665884e-22 0.
1477476312 1 11097.3652344 0. 5.0903842571e-22 0.
1477476373 1 11071.6210938 0. 5.0847242603e-22 0.
1477476433 1 11061.0957031 0. 5.08566360678e-22 0.
1477476493 1 11038.4326172 0. 5.08129273502e-22 0.
1477476553 1 11027.4599609 0. 5.08217780344e-22 0.
1477476613 1 11016.5029297 0. 5.08292775373e-22 0.
1477476673 1 10993.2539062 0. 5.07828812515e-22 0.
1477476733 1 10995.2167969 0. 5.08473112059e-22 0.
1477476793 1 10982.0429688 0. 5.0848587227e-22 0.
1477476854 1 10972.2060547 0. 5.08591246449e-22 0.
1477476914 1 10961.7109375 0. 5.08692650786e-22 0.
1477476974 1 10944.3662109 0. 5.08486291221e-22 0.
1477477034 1 10928.2734375 0. 5.08318694928e-22 0.
1477477094 1 10914.0761719 0. 5.08239447747e-22 0.
1477477154 1 10897.6347656 0. 5.08054850589e-22 0.
1477477214 1 10881.4111328 0. 5.07880820798e-22 0.
1477477274 1 10853.0078125 0. 5.07138198542e-22 0.
1477477335 1 10838.4003906 0. 5.07008411322e-22 0.
1477477394 1 10822.9853516 0. 5.06852923006e-22 0.
1477477440 1 10821.3720703 0. 5.0911942259e-22 0.
1477477465 1 10803.7763672 0. 5.06638937657e-22 0.
1477477478 1 10794.5126953 0. 5.06272364836e-22 0.
1477477513 1 10769.4873047 0. 5.05441063125e-22 0.
1477477548 1 10744.5449219 0. 5.04620775213e-22 0.
1477477583 1 10719.6123047 0. 5.03778571789e-22 0.
1477477643 1 10694.6640625 0. 5.03192457316e-22 0.
1477477703 1 10678.328125 0. 5.02972582836e-22 0.
1477477763 1 10673.8349609 0. 5.03325543803e-22 0.
1477477823 1 10644.0214844 0. 5.02504218777e-22 0.
1477477884 1 10627.8496094 0. 5.02270263786e-22 0.
1477477944 1 10610.3818359 0. 5.02014356539e-22 0.
1477478004 1 10594.7871094 0. 5.01824588437e-22 0.
1477478064 1 10577.2832031 0. 5.01549197755e-22 0.
1477478099 1 10567.0722656 0. 5.01338223829e-22 0.
1477478129 1 10558.4316406 0. 5.01204220469e-22 0.
1477478183 1 10542.3486328 0. 5.00983422208e-22 0.
1477478244 1 10528.734375 0. 5.00892348352e-22 0.
1477478301 1 10517.5058594 0. 5.00871154616e-22 0.
1477478358 1 10501.1533203 0. 5.0060579309e-22 0.
1477478418 1 10490.3427734 0. 5.00625707092e-22 0.
1477478478 1 10475.7207031 0. 5.00462707901e-22 0.
1477478538 1 10454.2353516 0. 4.99993067808e-22 0.
1477478598 1 10448.3349609 0. 5.00237033338e-22 0.
1477478658 1 10446.1289062 0. 5.00684540177e-22 0.
1477478718 1 10421.7246094 0. 5.00030187618e-22 0.
1477478778 1 10414.3408203 0. 5.0022877286e-22 0.
1477478839 1 10424.4091797 0. 5.01238319287e-22 0.
1477478899 1 10410.1923828 0. 5.01095958374e-22 0.
1477478959 1 10397.6152344 0. 5.01020918053e-22 0.
1477479001 1 10388.4628906 0. 5.00982949418e-22 0.
1477479043 1 10376.2490234 0. 5.00752725156e-22 0.
1477479103 1 10361.6767578 0. 5.00568145728e-22 0.
1477479163 1 10265.3183594 0. 4.96452128299e-22 0.
1477479223 1 10102.7480469 0. 4.88970073413e-22 0.
1477479284 1 9818.26269531 0. 4.75961820105e-22 0.
1477479344 1 10445.6513672 0. 5.06618404017e-22 0.
1477479404 1 10453.4462891 0. 5.07535219838e-22 0.
1477479464 1 10438.6240234 0. 5.07354548425e-22 0.
1477479524 1 10443.890625 0. 5.08142061954e-22 0.
1477479576 1 10440.0478516 0. 5.08403172382e-22 0.
1477479606 1 10435.2119141 0. 5.08435145012e-22 0.
1477479644 1 10427.5927734 0. 5.08383231445e-22 0.
1477479704 1 10411.5683594 0. 5.08144237206e-22 0.
1477479764 1 10401.4882812 0. 5.08167061467e-22 0.
1477479824 1 10384.8388672 0. 5.07861827998e-22 0.
1477479884 1 10370.8867188 0. 5.07697483315e-22 0.
1477479944 1 10358.6923828 0. 5.07598595317e-22 0.
1477480004 1 10344.9521484 0. 5.07448446314e-22 0.
1477480055 1 10334.9365234 0. 5.0739079549e-22 0.
1477480106 1 10326.7695312 0. 5.07421987899e-22 0.
1477480147 1 10311.9833984 0. 5.07068865973e-22 0.
1477480170 1 10309.2832031 0. 5.07097463417e-22 0.
1477480213 1 10300.2949219 0. 5.07044807825e-22 0.
1477480273 1 10291.4335938 0. 5.0713047713e-22 0.
1477480333 1 10279.9746094 0. 5.07076739519e-22 0.
1477480394 1 10267.8574219 0. 5.06999502002e-22 0.
1477480454 1 10247.0410156 0. 5.06457877543e-22 0.
1477480514 1 10238.0576172 0. 5.06520339703e-22 0.
1477480574 1 10224.6484375 0. 5.06354927703e-22 0.
1477480634 1 10214.1123047 0. 5.06350666756e-22 0.
1477480694 1 10201.9248047 0. 5.0627112199e-22 0.
1477480754 1 10187.6181641 0. 5.06067931451e-22 0.
1477480814 1 10175.515625 0. 5.05957156177e-22 0.
1477480875 1 10163.9521484 0. 5.05897169858e-22 0.
1477480935 1 10152.5263672 0. 5.05820033108e-22 0.
1477480995 1 10136.9042969 0. 5.055585242e-22 0.
1477481055 1 10129.3212891 0. 5.05711412527e-22 0.
1477481115 1 10117.0800781 0. 5.0558913287e-22 0.
1477481175 1 10099.9746094 0. 5.05255249105e-22 0.
1477481235 1 10094.8242188 0. 5.05485314295e-22 0.
1477481296 1 10074.9755859 0. 5.04998238163e-22 0.
1477481356 1 10064.8613281 0. 5.05005278218e-22 0.
1477481416 1 10036.8837891 0. 5.04108137357e-22 0.
1477481463 1 10031.1435547 0. 5.04200370952e-22 0.
1477481511 1 10031.7070312 0. 5.04615579986e-22 0.
1477481571 1 10020.9453125 0. 5.04575296789e-22 0.
1477481630 1 10007.9707031 0. 5.04424100212e-22 0.
1477481690 1 9995.65332031 0. 5.04295605691e-22 0.
1477481751 1 9986.22558594 0. 5.04292468033e-22 0.
1477481811 1 9973.1875 0. 5.04154517134e-22 0.
1477481871 1 9960.89550781 0. 5.04038472159e-22 0.
1477481930 1 9948.73632812 0. 5.03924609427e-22 0.
1477481967 1 9942.34277344 0. 5.03946969225e-22 0.
1477482005 1 9933.2890625 0. 5.03765726299e-22 0.
1477482065 1 9916.76074219 0. 5.03400548337e-22 0.
1477482126 1 9906.69238281 0. 5.03405965573e-22 0.
1477482186 1 9899.64746094 0. 5.03575848607e-22 0.
1477482246 1 9891.81738281 0. 5.03698880417e-22 0.
1477482306 1 9877.21972656 0. 5.03440704099e-22 0.
1477482366 1 9859.5 0. 5.03035282721e-22 0.
1477482417 1 9857.98632812 0. 5.0337231236e-22 0.
1477482468 1 9844.27929688 0. 5.03098667324e-22 0.
1477482528 1 9824.43164062 0. 5.02572010254e-22 0.
1477482566 1 9824.88476562 0. 0.0 0.
1477482579 1 9825.04003906 0. 5.02992060755e-22 0.
1477482589 1 9825.16113281 0. 5.03076446026e-22 0.
1477482599 1 9825.57617188 0. 5.03245645367e-22 0.
1477482634 1 9816.3046875 0. 5.03036728729e-22 0.
1477482694 1 9807.81640625 0. 5.03093111072e-22 0.
1477482754 1 9798.69238281 0. 5.03093423849e-22 0.
1477482815 1 9784.36914062 0. 5.02881860977e-22 0.
1477482875 1 9771.85644531 0. 5.02700404803e-22 0.
1477482935 1 9759.77636719 0. 5.02559064944e-22 0.
1477482995 1 9746.46972656 0. 5.02371700975e-22 0.
1477483055 1 9737.79394531 0. 5.02415042243e-22 0.
1477483115 1 9721.70507812 0. 5.02061142497e-22 0.
1477483175 1 9710.67871094 0. 5.01981966626e-22 0.
1477483235 1 9696.49316406 0. 5.01745883902e-22 0.
1477483296 1 9690.01953125 0. 5.01892312544e-22 0.
1477483356 1 9681.21386719 0. 5.01917068595e-22 0.
1477483416 1 9665.35644531 0. 5.01592717222e-22 0.
1477483476 1 9660.29589844 0. 5.01787273013e-22 0.
1477483536 1 9644.72167969 0. 5.01474657765e-22 0.
1477483596 1 9633.51269531 0. 5.01379924298e-22 0.
1477483656 1 9624.25390625 0. 5.0139554088e-22 0.
1477483716 1 9611.86914062 0. 5.01222197128e-22 0.
1477483776 1 9605.14746094 0. 5.01342984064e-22 0.
1477483837 1 9590.40332031 0. 5.01043471004e-22 0.
1477483897 1 9586.24511719 0. 5.01306876578e-22 0.
1477483957 1 9569.96972656 0. 5.00967469485e-22 0.
1477484017 1 9556.22363281 0. 5.00712361807e-22 0.
1477484077 1 9550.01074219 0. 5.00858659579e-22 0.
1477484137 1 9540.96289062 0. 5.00882341638e-22 0.
1477484197 1 9525.58007812 0. 5.00538266204e-22 0.
1477484257 1 9510.4453125 0. 5.00222909859e-22 0.
1477484318 1 9503.85253906 0. 5.00351127195e-22 0.
1477484378 1 9495.43945312 0. 5.00387130576e-22 0.
1477484438 1 9486.31640625 0. 5.00360364587e-22 0.
1477484492 1 9474.80957031 0. 5.00208110135e-22 0.
1477484533 1 9466.98242188 0. 5.00128515656e-22 0.
1477484564 1 9463.05859375 0. 5.00140819479e-22 0.
1477484609 1 9454.49707031 0. 5.00034200746e-22 0.
1477484670 1 9444.35742188 0. 5.00004755783e-22 0.
1477484730 1 9430.88769531 0. 4.99746820693e-22 0.
1477484790 1 9421.77148438 0. 4.99742367265e-22 0.
1477484850 1 9410.9765625 0. 4.99679988138e-22 0.
1477484910 1 9400.546875 0. 4.99590408343e-22 0.
1477484970 1 9390.26660156 0. 4.99527593211e-22 0.
1477485030 1 9377.92089844 0. 4.99343270835e-22 0.
1477485090 1 9368.65136719 0. 4.99303128919e-22 0.
1477485151 1 9356.29882812 0. 4.99116791598e-22 0.
1477485211 1 9345.39941406 0. 4.99019917578e-22 0.
1477485271 1 9337.72558594 0. 4.99067406128e-22 0.
1477485331 1 9320.28515625 0. 4.98627000684e-22 0.
1477485391 1 9311.24121094 0. 4.98593206485e-22 0.
1477485451 1 9304.75585938 0. 4.98700408515e-22 0.
1477485511 1 9295.99902344 0. 4.98698284165e-22 0.
1477485571 1 9284.23925781 0. 4.985774297e-22 0.
1477485631 1 9272.56152344 0. 4.98392784538e-22 0.
1477485691 1 9262.48925781 0. 4.98306683967e-22 0.
1477485732 1 9255.68847656 0. 4.98281153165e-22 0.
1477485771 1 9248.796875 0. 4.98194193648e-22 0.
1477485829 1 9236.98339844 0. 4.98025064542e-22 0.
1477485889 1 9224.20507812 0. 4.97801725037e-22 0.
1477485949 1 9216.95605469 0. 4.97879259887e-22 0.
1477486010 1 9209.57421875 0. 4.97951670649e-22 0.
1477486049 1 9199.90820312 0. 4.97770211322e-22 0.
1477486089 1 9195.12792969 0. 4.97785328541e-22 0.
1477486149 1 9186.12792969 0. 4.97790588233e-22 0.
1477486210 1 9175.28320312 0. 4.97628027867e-22 0.
1477486270 1 9165.83886719 0. 4.97579659965e-22 0.
1477486330 1 9155.74121094 0. 4.97457249323e-22 0.
1477486390 1 9145.43261719 0. 4.9734907997e-22 0.
1477486450 1 9135.65917969 0. 4.9731101332e-22 0.
1477486510 1 9124.17675781 0. 4.97158452346e-22 0.
1477486570 1 9113.65625 0. 4.97058571576e-22 0.
1477486630 1 9102.75 0. 4.96910269849e-22 0.
1477486669 1 9100.27246094 0. 4.97093509267e-22 0.
1477486708 1 9090.72265625 0. 4.9683355405e-22 0.
1477486752 1 9083.18847656 0. 4.96786020936e-22 0.
1477486796 1 9074.296875 0. 4.96629653207e-22 0.
1477486856 1 9062.484375 0. 4.96454468541e-22 0.
1477486916 1 9052.48242188 0. 0.0 0.
1477486951 1 9046.65234375 0. 4.9626090753e-22 0.
1477486962 1 9044.9375 0. 4.96260680443e-22 0.
1477486989 1 9043.09472656 0. 4.96393560589e-22 0.
1477487040 1 9037.48144531 0. 4.96450844813e-22 0.
1477487100 1 9025.53710938 0. 4.96263124606e-22 0.
1477487160 1 9014.91699219 0. 4.96139535503e-22 0.
1477487220 1 9007.125 0. 4.96161964821e-22 0.
1477487280 1 8994.64257812 0. 4.95949783124e-22 0.
1477487341 1 8987.16699219 0. 4.96027331359e-22 0.
1477487401 1 8974.42480469 0. 4.95802384307e-22 0.
1477487449 1 8964.05664062 0. 4.95612630193e-22 0.
1477487498 1 8958.68847656 0. 4.95666526461e-22 0.
1477487558 1 8951.50585938 0. 4.95729348657e-22 0.
1477487618 1 8938.18457031 0. 4.95425881739e-22 0.
1477487678 1 8938.38964844 0. 4.95900892908e-22 0.
1477487738 1 8932.3203125 0. 4.96014946391e-22 0.
1477487798 1 8924.26464844 0. 4.96036719073e-22 0.
1477487858 1 8914.234375 0. 4.95949147705e-22 0.
1477487918 1 8900.3671875 0. 4.95618294542e-22 0.
1477487978 1 8839.41601562 0. 4.92659682135e-22 0.
1477488039 1 8571.6953125 0. 4.78098193371e-22 0.
1477488099 1 8603.90917969 0. 4.8045550682e-22 0.
1477488159 1 8879.75585938 0. 4.9620572566e-22 0.
1477488219 1 8866.70507812 0. 4.95946005084e-22 0.
1477488279 1 8853.39746094 0. 4.95650006557e-22 0.
1477488339 1 8843.33105469 0. 4.95550726636e-22 0.
1477488399 1 8836.70410156 0. 4.95639679552e-22 0.
1477488447 1 8832.59667969 0. 4.95768235351e-22 0.
1477488481 1 8824.97851562 0. 4.95609789943e-22 0.
1477488528 1 8816.03613281 0. 4.95448226328e-22 0.
1477488588 1 8809.5390625 0. 4.95505681265e-22 0.
1477488648 1 8799.29199219 0. 4.95376386679e-22 0.
1477488708 1 8790.2734375 0. 4.95317684385e-22 0.
1477488768 1 8782.72070312 0. 4.95350251575e-22 0.
1477488828 1 8772.93066406 0. 4.95249418328e-22 0.
1477488888 1 8764.19238281 0. 4.95229160775e-22 0.
1477488948 1 8756.36132812 0. 4.95273802855e-22 0.
1477489008 1 8744.34863281 0. 4.9504436859e-22 0.
1477489068 1 8735.3359375 0. 4.94979850141e-22 0.
1477489129 1 8728.24316406 0. 4.95030296538e-22 0.
1477489189 1 8718.80957031 0. 4.94942186821e-22 0.
1477489249 1 8711.0078125 0. 4.94957644141e-22 0.
1477489309 1 8694.83496094 0. 4.94521607436e-22 0.
1477489353 1 8691.41015625 0. 4.9466217075e-22 0.
1477489396 1 8686.69726562 0. 4.94720109117e-22 0.
1477489431 1 8682.90039062 0. 4.94706529436e-22 0.
1477489466 1 8679.10742188 0. 4.94776265139e-22 0.
1477489527 1 8662.24902344 0. 4.94313850664e-22 0.
1477489587 1 8657.58691406 0. 4.94481694037e-22 0.
1477489647 1 8652.25097656 0. 4.94643405256e-22 0.
1477489707 1 8644.14941406 0. 4.94635965806e-22 0.
1477489767 1 8628.57324219 0. 4.94194670865e-22 0.
1477489827 1 8621.60742188 0. 4.94251369338e-22 0.
1477489887 1 8614.83398438 0. 4.94312218168e-22 0.
1477489947 1 8600.62890625 0. 4.93942224355e-22 0.
1477490008 1 8594.17285156 0. 4.94012692764e-22 0.
1477490068 1 8589.09863281 0. 4.94166798932e-22 0.
1477490128 1 8573.74902344 0. 4.93757680834e-22 0.
1477490188 1 8567.03515625 0. 4.93803096402e-22 0.
1477490248 1 8559.72558594 0. 4.93810558372e-22 0.
1477490308 1 8550.38867188 0. 4.9372004631e-22 0.
1477490368 1 8540.83203125 0. 4.93626399153e-22 0.
1477490404 1 8537.03710938 0. 4.93705927316e-22 0.
1477490437 1 8527.97070312 0. 4.9339348199e-22 0.
1477490493 1 8521.4296875 0. 4.93444546164e-22 0.
1477490553 1 8508.29492188 0. 4.93137348238e-22 0.
1477490613 1 8503.1015625 0. 4.93279503015e-22 0.
1477490674 1 8494.9296875 0. 4.93240720092e-22 0.
1477490734 1 8486.57226562 0. 4.93177210356e-22 0.
1477490794 1 8476.47070312 0. 4.93014154139e-22 0.
1477490854 1 8462.08691406 0. 4.92650376535e-22 0.
1477490914 1 8452.58007812 0. 4.92548393921e-22 0.
1477490974 1 8449.31640625 0. 4.92796412872e-22 0.
1477491034 1 8434.83496094 0. 4.92382606315e-22 0.
1477491094 1 8429.66503906 0. 4.92507248359e-22 0.
1477491154 1 8402.62695312 0. 4.91398176844e-22 0.
1477491215 1 8390.87597656 0. 4.91133717184e-22 0.
1477491275 1 8399.51757812 0. 4.92046231723e-22 0.
1477491335 1 8389.32421875 0. 4.9188784059e-22 0.
1477491395 1 8382.02246094 0. 4.91901578187e-22 0.
1477491455 1 8373.02441406 0. 4.91796526312e-22 0.
1477491515 1 8370.6875 0. 4.92100361685e-22 0.
1477491575 1 8354.83203125 0. 4.91624372702e-22 0.
1477491636 1 8354.828125 0. 4.92044457798e-22 0.
1477491696 1 8342.24804688 0. 4.91772304297e-22 0.
1477491756 1 8331.23242188 0. 4.91537139732e-22 0.
1477491816 1 8323.88476562 0. 4.91548450067e-22 0.
1477491876 1 8317.67382812 0. 0.0 0.
1477491911 1 8314.05175781 0. 4.91621268601e-22 0.
1477491946 1 8310.41113281 0. 4.91657344327e-22 0.
1477492007 1 8300.83691406 0. 4.91567098468e-22 0.
1477492067 1 8288.48535156 0. 4.91282002334e-22 0.
1477492127 1 8280.16210938 0. 4.91214450716e-22 0.
1477492187 1 8269.47363281 0. 4.91027899732e-22 0.
1477492247 1 8259.86132812 0. 4.90893213892e-22 0.
1477492307 1 8256.95703125 0. 4.91139416872e-22 0.
1477492367 1 8244.45507812 0. 4.90830223043e-22 0.
1477492427 1 8238.91699219 0. 4.90935148723e-22 0.
1477492488 1 8228.18847656 0. 4.90737798875e-22 0.
1477492548 1 8226.703125 0. 4.91063056874e-22 0.
1477492608 1 8214.17675781 0. 4.90733323379e-22 0.
1477492668 1 8205.765625 0. 4.90670575948e-22 0.
1477492728 1 8195.91210938 0. 4.90524468357e-22 0.
1477492788 1 8192.53710938 0. 4.90759213925e-22 0.
1477492848 1 8182.32958984 0. 4.90583626761e-22 0.
1477492908 1 8168.93408203 0. 4.90218310725e-22 0.
1477492969 1 8156.70214844 0. 4.89929256584e-22 0.
1477493029 1 8144.15576172 0. 4.89611613902e-22 0.
1477493089 1 8141.26953125 0. 4.8985919378e-22 0.
1477493149 1 8136.94140625 0. 4.90039830111e-22 0.
1477493209 1 8130.61914062 0. 4.9008182768e-22 0.
1477493269 1 8128.20458984 0. 4.90352468245e-22 0.
1477493329 1 8121.67382812 0. 4.90380627073e-22 0.
1477493390 1 8115.92138672 0. 4.90456833404e-22 0.
1477493450 1 8110.8046875 0. 4.905809644e-22 0.
1477493510 1 8100.40332031 0. 4.9037979178e-22 0.
1477493570 1 8091.43798828 0. 4.90272836318e-22 0.
1477493630 1 8082.99169922 0. 4.9019779083e-22 0.
1477493690 1 8073.34179688 0. 4.90028285159e-22 0.
1477493750 1 8063.32128906 0. 4.89852737243e-22 0.
1477493810 1 8052.57324219 0. 4.89626430741e-22 0.
1477493870 1 8041.90673828 0. 4.89407298445e-22 0.
1477493931 1 8029.66845703 0. 4.89089060262e-22 0.
1477493991 1 8019.09765625 0. 4.8886447144e-22 0.
1477494051 1 8009.79980469 0. 4.88737924437e-22 0.
1477494111 1 8001.12890625 0. 4.88617046326e-22 0.
1477494171 1 7993.75927734 0. 4.88588385352e-22 0.
1477494231 1 7985.79150391 0. 4.88546884995e-22 0.
1477494291 1 7977.90234375 0. 4.88475810627e-22 0.
1477494351 1 7967.91064453 0. 4.88292785832e-22 0.
1477494412 1 7953.50830078 0. 4.87827576882e-22 0.
1477494472 1 7949.96875 0. 4.88053745974e-22 0.
1477494532 1 7941.20458984 0. 4.87941201449e-22 0.
1477494592 1 7941.95214844 0. 4.88410460546e-22 0.
1477494652 1 7930.32470703 0. 4.88119677755e-22 0.
1477494712 1 7913.80859375 0. 4.87519078309e-22 0.
1477494772 1 7909.09130859 0. 4.87658460909e-22 0.
1477494833 1 7906.8671875 0. 4.87947511525e-22 0.
1477494893 1 7905.57519531 0. 4.8828165462e-22 0.
1477494953 1 7895.78808594 0. 4.88072775385e-22 0.
1477495013 1 7885.65917969 0. 4.87871509311e-22 0.
1477495073 1 7872.52539062 0. 4.87494708588e-22 0.
1477495133 1 7864.33007812 0. 4.87416534917e-22 0.
1477495193 1 7856.03417969 0. 4.8730997922e-22 0.
1477495253 1 7845.44335938 0. 4.8707000159e-22 0.
1477495314 1 7835.81347656 0. 4.86889003885e-22 0.
1477495374 1 7834.49462891 0. 4.87221623465e-22 0.
1477495434 1 7827.80273438 0. 4.87227078584e-22 0.
1477495494 1 7821.06445312 0. 4.87227737296e-22 0.
1477495554 1 7812.78076172 0. 4.87139068061e-22 0.
1477495611 1 7807.26757812 0. 4.87196918928e-22 0.
1477495668 1 7798.63085938 0. 4.87061071825e-22 0.
1477495728 1 7795.26953125 0. 4.87270578166e-22 0.
1477495788 1 7601.03417969 0. 4.75527616562e-22 0.
1477495848 1 7278.98681641 0. 4.55689059871e-22 0.
1477495908 1 7558.16162109 0. 4.7368679034e-22 0.
1477495969 1 7776.27050781 0. 4.87718576399e-22 0.
1477496029 1 7789.66943359 0. 4.88935386569e-22 0.
1477496089 1 7784.17529297 0. 4.88995608069e-22 0.
1477496149 1 7776.76025391 0. 4.88948139091e-22 0.
1477496209 1 7769.29248047 0. 4.8891432402e-22 0.
1477496269 1 7763.81494141 0. 4.88959796498e-22 0.
1477496329 1 7759.06054688 0. 4.89068518958e-22 0.
1477496390 1 7752.60693359 0. 4.89085515547e-22 0.
1477496450 1 7746.90527344 0. 4.89149114288e-22 0.
1477496510 1 7734.98388672 0. 4.88822752038e-22 0.
1477496570 1 7729.07275391 0. 4.88868711331e-22 0.
1477496630 1 7723.94091797 0. 4.88968674046e-22 0.
1477496690 1 7715.11035156 0. 4.88821834138e-22 0.
1477496750 1 7705.23925781 0. 4.88613398848e-22 0.
1477496810 1 7689.3984375 0. 4.88010362179e-22 0.
1477496871 1 7675.69287109 0. 4.87563816253e-22 0.
1477496931 1 7666.61279297 0. 4.87381894029e-22 0.
1477496991 1 7658.02246094 0. 4.87259231684e-22 0.
1477497051 1 7648.28320312 0. 4.87047034599e-22 0.
1477497111 1 7645.45166016 0. 4.87284638269e-22 0.
1477497171 1 7633.94580078 0. 4.86943146961e-22 0.
1477497231 1 7627.12304688 0. 4.86930742415e-22 0.
1477497291 1 7618.65332031 0. 4.86795609663e-22 0.
1477497352 1 7608.02490234 0. 4.86535816223e-22 0.
1477497412 1 7606.28466797 0. 4.86822558284e-22 0.
1477497472 1 7592.11523438 0. 4.86342953699e-22 0.
1477497532 1 7590.19482422 0. 4.86630524394e-22 0.
1477497592 1 7581.53710938 0. 4.86461163694e-22 0.
1477497652 1 7575.47363281 0. 4.86485480378e-22 0.
1477497712 1 7570.77197266 0. 4.86591754253e-22 0.
1477497773 1 7560.91162109 0. 4.86351781145e-22 0.
1477497833 1 7552.65576172 0. 4.86222110473e-22 0.
1477497893 1 7548.74511719 0. 4.86358270986e-22 0.
1477497953 1 7541.23486328 0. 4.86294475726e-22 0.
1477498013 1 7534.06494141 0. 4.86219918055e-22 0.
1477498073 1 7529.43994141 0. 4.86347784385e-22 0.
1477498133 1 7520.72900391 0. 4.86182222895e-22 0.
1477498182 1 7515.81835938 0. 4.86204505138e-22 0.
1477498231 1 7509.13476562 0. 4.86081026397e-22 0.
1477498266 1 7504.32910156 0. 4.85956611085e-22 0.
1477498302 1 7499.52001953 0. 4.85924650372e-22 0.
1477498362 1 7494.45947266 0. 4.86044654618e-22 0.
1477498422 1 7490.89892578 0. 4.86215643055e-22 0.
1477498482 1 7479.71533203 0. 4.85882861815e-22 0.
1477498522 1 7469.71484375 0. 4.85518889801e-22 0.
1477498540 1 7465.62890625 0. 4.85389342912e-22 0.
1477498578 1 7466.71582031 0. 4.85683858439e-22 0.
1477498638 1 7461.40136719 0. 4.85756406847e-22 0.
1477498698 1 7455.4765625 0. 4.85774056078e-22 0.
1477498759 1 7445.98974609 0. 4.85539132802e-22 0.
1477498819 1 7437.12548828 0. 4.85382418809e-22 0.
1477498879 1 7431.87695312 0. 4.85445494147e-22 0.
1477498939 1 7422.47412109 0. 4.852508257e-22 0.
1477498999 1 7414.83105469 0. 4.85123893202e-22 0.
1477499059 1 7410.37744141 0. 4.85255374182e-22 0.
1477499119 1 7402.18310547 0. 4.85122219516e-22 0.
1477499179 1 7396.65380859 0. 4.85121828509e-22 0.
1477499240 1 7393.41015625 0. 4.85302339426e-22 0.
1477499300 1 7384.33837891 0. 4.85127516782e-22 0.
1477499360 1 7375.19873047 0. 4.84919136853e-22 0.
1477499420 1 7371.93066406 0. 4.85115888332e-22 0.
1477499480 1 7365.03076172 0. 4.86359193224e-22 0.
1477499540 1 7361.21923828 0. 4.85190335558e-22 0.
1477499600 1 7352.25146484 0. 4.84996283701e-22 0.
1477499660 1 7339.91455078 0. 4.84580265418e-22 0.
1477499721 1 7339.52978516 0. 4.84953216985e-22 0.
1477499781 1 7330.94189453 0. 4.84782080557e-22 0.
1477499841 1 7326.20996094 0. 4.84874678874e-22 0.
1477499901 1 7317.60400391 0. 4.84689529361e-22 0.
1477499961 1 7312.68701172 0. 4.84764413071e-22 0.
1477500021 1 7310.49023438 0. 4.85031713206e-22 0.
1477500081 1 7301.70800781 0. 4.84851490398e-22 0.
1477500141 1 7297.43261719 0. 4.84974709363e-22 0.
1477500202 1 7287.38232422 0. 4.84706630827e-22 0.
1477500258 1 7279.70654297 0. 4.84577327883e-22 0.
1477500314 1 7270.20019531 0. 4.84306911053e-22 0.
1477500374 1 7263.93310547 0. 4.84270628467e-22 0.
1477500434 1 7258.32128906 0. 4.84290938242e-22 0.
1477500495 1 7252.64404297 0. 4.84331786664e-22 0.
1477500555 1 7245.25830078 0. 4.84219965921e-22 0.
1477500615 1 7237.84179688 0. 4.84122038957e-22 0.
1477500675 1 7231.23535156 0. 4.84085869015e-22 0.
1477500735 1 7222.90478516 0. 4.83920656207e-22 0.
1477500795 1 7215.61816406 0. 4.8381939162e-22 0.
1477500855 1 7211.48583984 0. 4.83940627332e-22 0.
1477500915 1 7210.72509766 0. 4.84293015449e-22 0.
1477500976 1 7205.35693359 0. 4.84323357779e-22 0.
1477501036 1 7200.41064453 0. 4.84407426404e-22 0.
1477501096 1 7195.91357422 0. 4.84497917036e-22 0.
1477501156 1 7186.10595703 0. 4.84228158502e-22 0.
1477501216 1 7180.87451172 0. 4.84276472571e-22 0.
1477501276 1 7174.25732422 0. 4.84206636462e-22 0.
1477501336 1 7166.26855469 0. 4.84086383157e-22 0.
1477501396 1 7161.85400391 0. 4.8415722341e-22 0.
1477501457 1 7157.81103516 0. 4.84289385256e-22 0.
1477501517 1 7149.71777344 0. 4.84140665028e-22 0.
1477501577 1 7148.04003906 0. 4.84411581419e-22 0.
1477501637 1 7139.53173828 0. 4.84232278111e-22 0.
1477501697 1 7132.87988281 0. 4.84174724638e-22 0.
1477501757 1 7124.19384766 0. 4.83976866117e-22 0.
1477501817 1 7119.54052734 0. 4.84047103592e-22 0.
1477501877 1 7114.24658203 0. 4.84094609705e-22 0.
1477501938 1 7110.55761719 0. 4.84237102952e-22 0.
1477501998 1 7099.11865234 0. 4.83856045971e-22 0.
1477502058 1 7093.26074219 0. 4.83849905588e-22 0.
1477502118 1 7088.79541016 0. 4.83944633196e-22 0.
1477502178 1 7082.96240234 0. 4.83928067845e-22 0.
1477502238 1 7080.70458984 0. 4.8416665463e-22 0.
1477502298 1 7075.89160156 0. 4.84228428539e-22 0.
1477502358 1 7069.86962891 0. 4.84207999457e-22 0.
1477502418 1 7063.54052734 0. 4.8414835537e-22 0.
1477502478 1 7057.703125 0. 4.84136712977e-22 0.
1477502539 1 7052.52929688 0. 4.84166662201e-22 0.
1477502599 1 7046.82373047 0. 4.84184436839e-22 0.
1477502645 1 7044.47021484 0. 4.8431136742e-22 0.
1477502686 1 7039.32714844 0. 4.84216430568e-22 0.
1477502742 1 7030.453125 0. 4.83966864761e-22 0.
1477502802 1 7027.52148438 0. 4.84137072002e-22 0.
1477502862 1 7021.72167969 0. 4.84152664563e-22 0.
1477502922 1 7009.71923828 0. 4.8372759784e-22 0.
1477502983 1 7008.82910156 0. 4.84041806727e-22 0.
1477503043 1 7002.74951172 0. 4.84028556107e-22 0.
1477503103 1 6994.86083984 0. 4.83863891069e-22 0.
1477503163 1 6987.23730469 0. 4.83709635589e-22 0.
1477503223 1 6981.65576172 0. 4.83716937917e-22 0.
1477503283 1 6974.26464844 0. 4.83583762516e-22 0.
1477503343 1 6968.22851562 0. 4.83563065105e-22 0.
1477503403 1 6961.80322266 0. 4.83493944595e-22 0.
1477503464 1 6959.72509766 0. 4.83746436805e-22 0.
1477503524 1 6955.31054688 0. 4.83810434185e-22 0.
1477503584 1 6947.18701172 0. 4.83631074536e-22 0.
1477503644 1 6936.08691406 0. 4.83243315381e-22 0.
1477503704 1 6935.64111328 0. 4.83586007907e-22 0.
1477503764 1 6928.78662109 0. 4.8348160128e-22 0.
1477503824 1 6924.81787109 0. 4.83603556637e-22 0.
1477503884 1 6919.09716797 0. 4.83596026157e-22 0.
1477503945 1 6913.64648438 0. 4.83597599554e-22 0.
1477504005 1 6907.87304688 0. 4.83567813407e-22 0.
1477504065 1 6897.79199219 0. 4.83270562604e-22 0.
1477504125 1 6889.06445312 0. 4.83037487246e-22 0.
1477504185 1 6891.734375 0. 4.83608517142e-22 0.
1477504245 1 6882.87646484 0. 4.83382550712e-22 0.
1477504305 1 6875.86621094 0. 4.83272081094e-22 0.
1477504365 1 6873.37402344 0. 4.83473073907e-22 0.
1477504426 1 6863.28808594 0. 4.83176554278e-22 0.
1477504486 1 6851.73144531 0. 4.82741914731e-22 0.
1477504546 1 6853.11376953 0. 4.83205978538e-22 0.
1477504606 1 6817.50195312 0. 4.81105551093e-22 0.
1477504666 1 6729.43798828 0. 4.7527403909e-22 0.
1477504726 1 6693.79101562 0. 4.73155478801e-22 0.
1477504778 1 6633.57666016 0. 4.69241966912e-22 0.
1477504829 1 6620.11425781 0. 4.6862964254e-22 0.
1477504889 1 6623.32714844 0. 4.69257762432e-22 0.
1477504949 1 6568.35595703 0. 4.65729891604e-22 0.
1477505009 1 6301.93164062 0. 4.47159309559e-22 0.
1477505070 1 6557.80175781 0. 4.65722715639e-22 0.
1477505130 1 6631.359375 0. 4.71306979892e-22 0.
1477505190 1 6624.57617188 0. 4.71208908104e-22 0.
1477505250 1 6622.09863281 0. 4.7138442221e-22 0.
1477505310 1 6616.81542969 0. 4.71406027962e-22 0.
1477505370 1 6611.05273438 0. 4.71389914847e-22 0.
1477505430 1 6605.60986328 0. 4.71373645301e-22 0.
1477505490 1 6600.80810547 0. 4.71418850386e-22 0.
1477505550 1 6595.25634766 0. 4.71383132327e-22 0.
1477505611 1 6589.59033203 0. 4.71356976193e-22 0.
1477505671 1 6585.35839844 0. 4.71433327899e-22 0.
1477505731 1 6580.31982422 0. 4.71455637488e-22 0.
1477505791 1 6578.41699219 0. 4.7167844687e-22 0.
1477505851 1 6572.24462891 0. 4.71617233103e-22 0.
1477505911 1 6565.10449219 0. 4.71470985295e-22 0.
1477505971 1 6562.10644531 0. 4.7164168755e-22 0.
1477506032 1 6556.70019531 0. 4.71648707679e-22 0.
1477506092 1 6550.61376953 0. 4.71597418153e-22 0.
1477506152 1 6541.15673828 0. 4.71320680206e-22 0.
1477506212 1 6535.421875 0. 4.71275154852e-22 0.
1477506272 1 6529.69873047 0. 4.71226656571e-22 0.
1477506332 1 6523.29443359 0. 4.71134210426e-22 0.
1477506392 1 6520.04345703 0. 4.7126854842e-22 0.
1477506452 1 6518.14404297 0. 4.71499165483e-22 0.
1477506513 1 6512.16748047 0. 4.71443934567e-22 0.
1477506573 1 6505.98828125 0. 4.7135604373e-22 0.
1477506633 1 6501.32470703 0. 4.71389343326e-22 0.
1477506693 1 6496.72607422 0. 4.71421055829e-22 0.
1477506753 1 6486.73925781 0. 4.71057803394e-22 0.
1477506813 1 6486.0234375 0. 4.71366606465e-22 0.
1477506873 1 6484.23046875 0. 4.71611504641e-22 0.
1477506933 1 6477.19775391 0. 4.71480491413e-22 0.
1477506994 1 6472.50976562 0. 0.0 0.
1477507029 1 6469.77490234 0. 4.71492307843e-22 0.
1477507058 1 6467.46533203 0. 4.71500579496e-22 0.
1477507113 1 6462.64306641 0. 4.7152292561e-22 0.
1477507173 1 6456.51708984 0. 4.71451254314e-22 0.
1477507233 1 6453.97753906 0. 4.71618400743e-22 0.
1477507293 1 6448.66455078 0. 4.71589225287e-22 0.
1477507353 1 6444.07666016 0. 4.71625194885e-22 0.
1477507413 1 6439.21337891 0. 4.71613881634e-22 0.
1477507474 1 6431.83642578 0. 4.7144034025e-22 0.
1477507534 1 6427.70947266 0. 4.71514406919e-22 0.
1477507594 1 6426.00244141 0. 4.71747853402e-22 0.
1477507654 1 6417.91699219 0. 4.71519076016e-22 0.
1477507714 1 6416.49658203 0. 4.71788473432e-22 0.
1477507774 1 6412.11181641 0. 4.71831472126e-22 0.
1477507834 1 6402.70800781 0. 4.71505785755e-22 0.
1477507895 1 6398.95947266 0. 4.7159596542e-22 0.
1477507954 1 6393.27441406 0. 4.71545523858e-22 0.
1477508009 1 6390.5078125 0. 4.71684292619e-22 0.
1477508064 1 6385.29541016 0. 4.71640850784e-22 0.
1477508124 1 6377.97802734 0. 4.71453694791e-22 0.
1477508185 1 6378.28417969 0. 4.71816987332e-22 0.
1477508245 1 6372.54296875 0. 4.71754818054e-22 0.
1477508305 1 6368.36181641 0. 4.71821510033e-22 0.
1477508365 1 6361.69042969 0. 4.71690493058e-22 0.
1477508425 1 6354.47607422 0. 4.71512773768e-22 0.
1477508485 1 6351.60546875 0. 4.71670493645e-22 0.
1477508545 1 6346.03417969 0. 4.71621377121e-22 0.
1477508605 1 6339.0546875 0. 4.71465094923e-22 0.
1477508666 1 6335.52490234 0. 4.71571035924e-22 0.
1477508726 1 6332.63085938 0. 4.7170985974e-22 0.
1477508786 1 6326.65283203 0. 4.71627271716e-22 0.
1477508831 1 6321.83837891 0. 4.71562925898e-22 0.
1477508877 1 6317.64941406 0. 4.715317585e-22 0.
1477508937 1 6314.57275391 0. 4.71661240443e-22 0.
1477508997 1 6309.84960938 0. 4.71667437205e-22 0.
1477509058 1 6305.22705078 0. 4.71695933998e-22 0.
1477509118 1 6300.02636719 0. 4.7167691649e-22 0.
1477509178 1 6293.91064453 0. 4.71580220914e-22 0.
1477509238 1 6290.05419922 0. 4.71651184412e-22 0.
1477509298 1 6287.32861328 0. 4.71814980936e-22 0.
1477509358 1 6281.91845703 0. 4.7178588795e-22 0.
1477509418 1 6278.37890625 0. 4.71878867068e-22 0.
1477509478 1 6274.0234375 0. 4.71913801962e-22 0.
1477509539 1 6267.91650391 0. 4.71812779137e-22 0.
1477509599 1 6260.64892578 0. 4.71638133701e-22 0.
1477509659 1 6244.24658203 0. 4.70778050275e-22 0.
1477509719 1 6249.58251953 0. 4.71544185748e-22 0.
1477509779 1 6244.23535156 0. 4.71506879472e-22 0.
1477509839 1 6240.48974609 0. 4.71597299236e-22 0.
1477509899 1 6235.30224609 0. 4.71569248699e-22 0.
1477509959 1 6230.81347656 0. 4.71589506925e-22 0.
1477510019 1 6228.07324219 0. 4.71757456648e-22 0.
1477510079 1 6224.72119141 0. 4.71858085681e-22 0.
1477510140 1 6218.74169922 0. 4.71769028499e-22 0.
1477510200 1 6213.17138672 0. 4.71704525066e-22 0.
1477510260 1 6208.32324219 0. 4.7168068465e-22 0.
1477510320 1 6203.21337891 0. 4.71667074311e-22 0.
1477510380 1 6198.49853516 0. 4.71660357174e-22 0.
1477510440 1 6192.60546875 0. 4.71586659712e-22 0.
1477510500 1 6190.12304688 0. 4.71746697683e-22 0.
1477510560 1 6188.27783203 0. 4.71965099926e-22 0.
1477510621 1 6182.83496094 0. 4.71908574391e-22 0.
1477510681 1 6176.31347656 0. 4.71790878182e-22 0.
1477510741 1 6171.59912109 0. 4.71775325328e-22 0.
1477510801 1 6169.29492188 0. 4.71962039973e-22 0.
1477510850 1 6164.140625 0. 4.71864980389e-22 0.
1477510899 1 6160.41748047 0. 4.71853737672e-22 0.
1477510959 1 6154.94775391 0. 4.71787193789e-22 0.
1477511019 1 6151.49414062 0. 4.71902319839e-22 0.
1477511080 1 6147.29638672 0. 4.71946680718e-22 0.
1477511140 1 6141.97314453 0. 4.71883020836e-22 0.
1477511200 1 6138.21337891 0. 4.71955029785e-22 0.
1477511260 1 6131.98388672 0. 4.71839219444e-22 0.
1477511320 1 6127.53857422 0. 4.71853725966e-22 0.
1477511380 1 6122.25244141 0. 4.71799187804e-22 0.
1477511440 1 6116.09619141 0. 4.71687255567e-22 0.
1477511500 1 6110.01220703 0. 4.71564279321e-22 0.
1477511561 1 6105.87792969 0. 4.71604286033e-22 0.
1477511621 1 6100.74462891 0. 4.71572753328e-22 0.
1477511681 1 6095.77148438 0. 4.71547892496e-22 0.
1477511741 1 6090.89697266 0. 4.71531197839e-22 0.
1477511801 1 6086.16748047 0. 4.71521362185e-22 0.
1477511861 1 6083.73974609 0. 4.71687278538e-22 0.
1477511921 1 6078.27392578 0. 4.71622544775e-22 0.
1477511981 1 6072.2109375 0. 4.71514330077e-22 0.
1477512042 1 6068.39599609 0. 4.71560884798e-22 0.
1477512102 1 6064.14990234 0. 4.71583423499e-22 0.
1477512162 1 6061.31396484 0. 4.71717465877e-22 0.
1477512222 1 6058.25048828 0. 4.71836770421e-22 0.
1477512282 1 6053.77001953 0. 4.71856329903e-22 0.
1477512342 1 6048.53808594 0. 4.7180529035e-22 0.
1477512403 1 6044.69433594 0. 4.71836516503e-22 0.
1477512463 1 6043.48486328 0. 4.72103814779e-22 0.
1477512523 1 6037.4453125 0. 4.71999946241e-22 0.
1477512583 1 6029.85693359 0. 4.71770088098e-22 0.
1477512643 1 6027.73535156 0. 4.71962314104e-22 0.
1477512703 1 6021.55761719 0. 4.71850765644e-22 0.
1477512763 1 6018.68164062 0. 4.7199417368e-22 0.
1477512823 1 5815.54443359 0. 4.56367359659e-22 0.
1477512884 1 5824.47460938 0. 4.57457799152e-22 0.
1477512944 1 6006.57568359 0. 4.72096881988e-22 0.
1477513004 1 6004.37060547 0. 4.72285166028e-22 0.
1477513064 1 5999.36132812 0. 4.72225938505e-22 0.
1477513124 1 5995.74169922 0. 4.72309913164e-22 0.
1477513184 1 5990.12597656 0. 4.72196942114e-22 0.
1477513244 1 5984.27001953 0. 4.72021506735e-22 0.
1477513304 1 5983.37939453 0. 4.72242484679e-22 0.
1477513365 1 5985.65185547 0. 4.72704187162e-22 0.
1477513425 1 5985.43212891 0. 4.72963788809e-22 0.
1477513485 1 5977.234375 0. 4.72632400751e-22 0.
1477513545 1 5972.72802734 0. 4.72635270642e-22 0.
1477513605 1 5969.84912109 0. 4.72752784122e-22 0.
1477513665 1 5963.40917969 0. 4.7259646588e-22 0.
1477513725 1 5960.22216797 0. 4.72682000733e-22 0.
1477513785 1 5953.57470703 0. 4.72511042759e-22 0.
1477513846 1 5950.60888672 0. 4.72646651651e-22 0.
1477513906 1 5945.90625 0. 4.72636636248e-22 0.
1477513966 1 5941.51074219 0. 4.72634870046e-22 0.
1477514026 1 5937.02050781 0. 4.72621695541e-22 0.
1477514086 1 5930.02099609 0. 4.72427360426e-22 0.
1477514146 1 5926.98388672 0. 4.72520954605e-22 0.
1477514206 1 5923.04931641 0. 4.72554993427e-22 0.
1477514266 1 5919.56298828 0. 4.72631243701e-22 0.
1477514326 1 5915.07421875 0. 4.72630712417e-22 0.
1477514387 1 5911.31542969 0. 4.72685253481e-22 0.
1477514447 1 5903.36230469 0. 4.72410334213e-22 0.
1477514507 1 5902.32226562 0. 4.72686522202e-22 0.
1477514567 1 5898.06152344 0. 4.72697121008e-22 0.
1477514627 1 5894.27539062 0. 4.7272879276e-22 0.
1477514687 1 5889.00146484 0. 4.72669792787e-22 0.
1477514747 1 5882.98876953 0. 4.72543882636e-22 0.
1477514808 1 5879.74414062 0. 4.72622673024e-22 0.
1477514868 1 5873.34912109 0. 4.72456740545e-22 0.
1477514928 1 5871.89648438 0. 4.72701391761e-22 0.
1477514988 1 5868.73779297 0. 4.72791382201e-22 0.
1477515048 1 5865.07763672 0. 4.72838673401e-22 0.
1477515108 1 5860.56542969 0. 4.72811271742e-22 0.
1477515168 1 5855.34765625 0. 4.72761616491e-22 0.
1477515228 1 5850.39990234 0. 4.72735222963e-22 0.
1477515289 1 5847.13623047 0. 4.7280836732e-22 0.
1477515349 1 5841.99511719 0. 4.72743066021e-22 0.
1477515409 1 5836.66503906 0. 0.0 0.
1477515444 1 5833.55664062 0. 4.72599060498e-22 0.
1477515479 1 5830.43505859 0. 4.73001982559e-22 0.
1477515539 1 5829.73291016 0. 4.72886997465e-22 0.
1477515594 1 5774.80224609 0. 4.70381746419e-22 0.
1477515649 1 0.148295462132 0. 2.00943133856e-23 0.
