1478803812 0 0.0 0. 0.0 0.
1478803872 0 0.0 0. 0.0 0.
1478803932 0 0.0 0. 0.0 0.
1478803967 0 0.0 0. 0.0 0.
1478803978 0 0.0 0. 0.0 0.
1478804014 0 0.0 0. 0.0 0.
1478804075 0 0.0 0. 0.0 0.
1478804135 0 0.0 0. 0.0 0.
1478804195 0 0.0 0. 0.0 0.
1478804255 0 0.0 0. 0.0 0.
1478804315 0 0.0 0. 0.0 0.
1478804375 0 0.0 0. 0.0 0.
1478804435 0 0.0 0. 0.0 0.
1478804496 0 0.0 0. 0.0 0.
1478804556 0 0.0 0. 0.0 0.
1478804616 0 0.0 0. 0.0 0.
1478804676 0 0.0 0. 0.0 0.
1478804736 0 0.0 0. 0.0 0.
1478804796 0 0.0 0. 0.0 0.
1478804856 0 0.0 0. 0.0 0.
1478804916 0 0.0 0. 0.0 0.
1478804977 0 0.0 0. 0.0 0.
1478805037 0 0.0 0. 0.0 0.
1478805097 0 0.0 0. 0.0 0.
1478805157 0 0.0 0. 0.0 0.
1478805217 0 0.0 0. 0.0 0.
1478805277 0 0.0 0. 0.0 0.
1478805337 0 0.0 0. 0.0 0.
1478805397 0 0.0 0. 0.0 0.
1478805458 0 0.0 0. 0.0 0.
1478805518 0 0.0 0. 0.0 0.
1478805578 0 0.0 0. 0.0 0.
1478805638 0 0.0 0. 0.0 0.
1478805698 0 0.0 0. 0.0 0.
1478805758 0 0.0 0. 0.0 0.
1478805818 0 0.0 0. 0.0 0.
1478805878 0 0.0 0. 0.0 0.
1478805938 0 0.0 0. 0.0 0.
1478805999 0 0.0 0. 0.0 0.
1478806059 0 0.0 0. 0.0 0.
1478806119 0 0.0 0. 0.0 0.
1478806179 0 0.0 0. 0.0 0.
1478806239 0 0.0 0. 0.0 0.
1478806299 0 0.0 0. 0.0 0.
1478806359 0 0.0 0. 0.0 0.
1478806419 0 0.0 0. 0.0 0.
1478806480 0 0.0 0. 0.0 0.
1478806540 0 0.0 0. 0.0 0.
1478806600 0 0.0 0. 0.0 0.
1478806660 0 0.0 0. 0.0 0.
1478806720 0 0.0 0. 0.0 0.
1478806780 0 0.0 0. 0.0 0.
1478806840 0 0.0 0. 0.0 0.
1478806901 0 0.0 0. 0.0 0.
1478806958 0 0.0 0. 0.0 0.
1478807016 0 0.0 0. 0.0 0.
1478807076 0 0.0 0. 0.0 0.
1478807136 0 0.0 0. 0.0 0.
1478807196 0 0.0 0. 0.0 0.
1478807256 0 0.0 0. 0.0 0.
1478807316 0 0.0 0. 0.0 0.
1478807376 0 0.0 0. 0.0 0.
1478807436 0 0.0 0. 0.0 0.
1478807472 0 0.0 0. 0.0 0.
1478807483 0 0.0 0. 0.0 0.
1478807519 0 0.0 0. 0.0 0.
1478807579 0 0.0 0. 0.0 0.
1478807639 0 0.0 0. 0.0 0.
1478807699 0 0.0 0. 0.0 0.
1478807759 0 0.0 0. 0.0 0.
1478807802 0 0.0 0. 0.0 0.
1478807845 0 0.0 0. 0.0 0.
1478807905 0 0.0 0. 0.0 0.
1478807965 0 0.0 0. 0.0 0.
1478808025 0 0.0 0. 0.0 0.
1478808085 0 0.0 0. 0.0 0.
1478808145 0 0.0 0. 0.0 0.
1478808205 0 0.0 0. 0.0 0.
1478808265 0 0.0 0. 0.0 0.
1478808326 0 0.0 0. 0.0 0.
1478808386 0 0.0 0. 0.0 0.
1478808446 0 0.0 0. 0.0 0.
1478808506 0 0.0 0. 0.0 0.
1478808566 0 0.0 0. 0.0 0.
1478808626 0 0.0 0. 0.0 0.
1478808683 0 0.0 0. 0.0 0.
1478808740 0 0.0 0. 0.0 0.
1478808801 0 0.0 0. 0.0 0.
1478808861 0 0.0 0. 0.0 0.
1478808921 0 0.0 0. 0.0 0.
1478808981 0 0.0 0. 0.0 0.
1478809041 0 0.0 0. 0.0 0.
1478809101 0 0.0 0. 0.0 0.
1478809150 0 0.0 0. 0.0 0.
1478809199 1 0.0 0. 0.0 0.
1478809259 1 0.0 0. 0.0 0.
1478809319 1 0.0 0. 0.0 0.
1478809380 1 0.0 0. 0.0 0.
1478809440 1 0.0 0. 0.0 0.
1478809500 1 0.0 0. 0.0 0.
1478809560 1 0.0 0. 0.0 0.
1478809620 1 0.0 0. 0.0 0.
1478809680 1 0.0 0. 0.0 0.
1478809740 1 0.0 0. 0.0 0.
1478809800 1 0.0 0. 0.0 0.
1478809861 1 0.0 0. 0.0 0.
1478809921 1 0.0 0. 0.0 0.
1478809981 1 0.0 0. 0.0 0.
1478810041 1 0.0 0. 0.0 0.
1478810101 1 0.0 0. 0.0 0.
1478810161 1 0.0 0. 0.0 0.
1478810221 1 0.0 0. 0.0 0.
1478810282 1 0.0 0. 0.0 0.
1478810342 1 0.0 0. 0.0 0.
1478810402 1 0.0 0. 0.0 0.
1478810462 1 0.0 0. 0.0 0.
1478810522 1 0.0 0. 0.0 0.
1478810582 1 0.0 0. 0.0 0.
1478810642 1 0.0 0. 0.0 0.
1478810702 1 0.0 0. 0.0 0.
1478810762 1 0.0 0. 0.0 0.
1478810823 1 0.0 0. 0.0 0.
1478810883 1 0.0 0. 0.0 0.
1478810943 1 0.0 0. 0.0 0.
1478811003 1 0.0 0. 0.0 0.
1478811063 1 0.0 0. 0.0 0.
1478811123 1 0.0 0. 0.0 0.
1478811183 1 0.0 0. 0.0 0.
1478811243 1 0.0 0. 0.0 0.
1478811304 1 0.0 0. 0.0 0.
1478811364 1 0.0 0. 0.0 0.
1478811424 1 0.0 0. 0.0 0.
1478811484 1 0.0 0. 0.0 0.
1478811544 1 0.0 0. 0.0 0.
1478811604 1 0.0 0. 0.0 0.
1478811664 1 0.0 0. 0.0 0.
1478811724 1 0.0 0. 0.0 0.
1478811785 1 0.0 0. 0.0 0.
1478811845 1 0.0 0. 0.0 0.
1478811905 1 0.0 0. 0.0 0.
1478811965 1 0.0 0. 0.0 0.
1478812025 1 0.0 0. 0.0 0.
1478812085 1 0.0 0. 0.0 0.
1478812145 1 0.0 0. 0.0 0.
1478812206 1 0.0 0. 0.0 0.
1478812266 1 0.0 0. 0.0 0.
1478812326 1 0.0 0. 0.0 0.
1478812386 1 0.0 0. 0.0 0.
1478812446 1 0.0 0. 0.0 0.
1478812506 1 0.0 0. 0.0 0.
1478812566 1 0.0 0. 0.0 0.
1478812626 1 0.0 0. 0.0 0.
1478812686 1 0.0 0. 0.0 0.
1478812747 1 0.0 0. 0.0 0.
1478812807 1 0.0 0. 0.0 0.
1478812867 1 0.0 0. 0.0 0.
1478812927 1 0.0 0. 0.0 0.
1478812987 1 0.0 0. 0.0 0.
1478813047 1 0.0 0. 0.0 0.
1478813107 1 0.0 0. 0.0 0.
1478813167 1 0.0 0. 0.0 0.
1478813228 1 0.0 0. 0.0 0.
1478813288 1 0.0 0. 0.0 0.
1478813348 1 0.0 0. 0.0 0.
1478813408 1 0.0 0. 0.0 0.
1478813468 1 0.0 0. 0.0 0.
1478813528 1 0.0 0. 0.0 0.
1478813588 1 0.0 0. 0.0 0.
1478813648 1 0.0 0. 0.0 0.
1478813708 1 0.0 0. 0.0 0.
1478813769 1 0.0 0. 0.0 0.
1478813829 1 0.0 0. 0.0 0.
1478813889 1 0.0 0. 0.0 0.
1478813949 1 0.0 0. 0.0 0.
1478814009 1 0.0 0. 0.0 0.
1478814069 1 0.0 0. 0.0 0.
1478814129 1 0.0 0. 0.0 0.
1478814189 1 0.0 0. 0.0 0.
1478814250 1 0.0 0. 0.0 0.
1478814310 1 0.0 0. 0.0 0.
1478814370 1 0.0 0. 0.0 0.
1478814430 1 0.0 0. 0.0 0.
1478814490 1 0.0 0. 0.0 0.
1478814550 1 0.0 0. 0.0 0.
1478814610 1 0.0 0. 0.0 0.
1478814670 1 0.0 0. 0.0 0.
1478814731 1 0.0 0. 0.0 0.
1478814791 1 0.0 0. 0.0 0.
1478814851 1 0.0 0. 0.0 0.
1478814911 1 0.0 0. 0.0 0.
1478814971 1 0.0 0. 0.0 0.
1478815031 1 0.0 0. 0.0 0.
1478815091 1 0.0 0. 0.0 0.
1478815151 1 0.0 0. 0.0 0.
1478815212 1 0.0 0. 0.0 0.
1478815272 1 0.0 0. 0.0 0.
1478815332 1 0.0 0. 0.0 0.
1478815392 1 0.0 0. 0.0 0.
1478815452 1 0.0 0. 0.0 0.
1478815512 1 0.0 0. 0.0 0.
1478815572 1 0.0 0. 0.0 0.
1478815632 1 0.0 0. 0.0 0.
1478815693 1 0.0 0. 0.0 0.
1478815753 1 0.0 0. 0.0 0.
1478815813 1 0.0 0. 0.0 0.
1478815873 1 0.0 0. 0.0 0.
1478815933 1 0.0 0. 0.0 0.
1478815993 1 0.0 0. 0.0 0.
1478816053 1 0.0 0. 0.0 0.
1478816113 1 0.0 0. 0.0 0.
1478816174 1 0.0 0. 0.0 0.
1478817015 1 0.0 0. 0.0 0.
1478817856 1 0.0 0. 0.0 0.
1478817917 1 0.0 0. 0.0 0.
1478817977 1 0.0 0. 0.0 0.
1478818014 1 0.0 0. 0.0 0.
1478818052 1 0.0 0. 0.0 0.
1478818112 1 0.0 0. 0.0 0.
1478818172 1 0.0 0. 0.0 0.
1478818211 1 0.0 0. 0.0 0.
1478818249 1 0.0 0. 0.0 0.
1478818309 1 0.0 0. 0.0 0.
1478818369 1 0.0 0. 0.0 0.
1478818429 1 0.0 0. 0.0 0.
1478818490 1 0.0 0. 0.0 0.
1478818550 1 0.0 0. 0.0 0.
1478818610 1 0.0 0. 0.0 0.
1478818670 1 0.0 0. 0.0 0.
1478818730 1 0.0 0. 0.0 0.
1478818790 1 0.0 0. 0.0 0.
1478818850 1 0.0 0. 0.0 0.
1478818911 1 0.0 0. 0.0 0.
1478818971 1 0.0 0. 0.0 0.
1478819031 1 0.0 0. 0.0 0.
1478819091 1 0.0 0. 0.0 0.
1478819151 1 0.0 0. 0.0 0.
1478819211 1 0.0 0. 0.0 0.
1478819271 1 0.0 0. 0.0 0.
1478819331 1 0.0 0. 0.0 0.
1478819392 1 0.0 0. 0.0 0.
1478819452 1 0.0 0. 0.0 0.
1478819512 1 0.0 0. 0.0 0.
1478819572 1 0.0 0. 0.0 0.
1478819632 1 0.0 0. 0.0 0.
1478819692 1 0.0 0. 0.0 0.
1478819752 1 0.0 0. 0.0 0.
1478819813 1 0.0 0. 0.0 0.
1478819873 1 0.0 0. 0.0 0.
1478819933 1 0.0 0. 0.0 0.
1478819993 1 0.0 0. 0.0 0.
1478820053 1 0.0 0. 0.0 0.
1478820113 1 0.0 0. 0.0 0.
1478820173 1 0.0 0. 0.0 0.
1478820233 1 0.0 0. 0.0 0.
1478820294 1 0.0 0. 0.0 0.
1478820354 1 0.0 0. 0.0 0.
1478820414 1 0.0 0. 0.0 0.
1478820474 1 0.0 0. 0.0 0.
1478820534 1 0.0 0. 0.0 0.
1478820594 1 0.0 0. 0.0 0.
1478820654 1 0.0 0. 0.0 0.
1478820715 1 0.0 0. 0.0 0.
1478820775 1 0.0 0. 0.0 0.
1478820835 1 0.0 0. 0.0 0.
1478820895 1 0.0 0. 0.0 0.
1478820955 1 0.0 0. 0.0 0.
1478821015 1 0.0 0. 0.0 0.
1478821075 1 0.0 0. 0.0 0.
1478821135 1 0.0 0. 0.0 0.
1478821196 1 0.0 0. 0.0 0.
1478821256 1 0.0 0. 0.0 0.
1478821316 1 0.0 0. 0.0 0.
1478821376 1 0.0 0. 0.0 0.
1478821436 1 0.0 0. 0.0 0.
1478821496 1 0.0 0. 0.0 0.
1478821556 1 0.0 0. 0.0 0.
1478821616 1 0.0 0. 0.0 0.
1478821677 1 0.0 0. 0.0 0.
1478821737 1 0.0 0. 0.0 0.
1478821797 1 0.0 0. 0.0 0.
1478821857 1 0.0 0. 0.0 0.
1478821917 1 0.0 0. 0.0 0.
1478821977 1 0.0 0. 0.0 0.
1478822037 1 0.0 0. 0.0 0.
1478822097 1 0.0 0. 0.0 0.
1478822158 1 0.0 0. 0.0 0.
1478822218 1 0.0 0. 0.0 0.
1478822278 1 0.0 0. 0.0 0.
1478822338 1 0.0 0. 0.0 0.
1478822398 1 0.0 0. 0.0 0.
1478822458 1 0.0 0. 0.0 0.
1478822518 1 0.0 0. 0.0 0.
1478822578 1 0.0 0. 0.0 0.
1478822639 1 0.0 0. 0.0 0.
1478822699 1 0.0 0. 0.0 0.
1478822759 1 0.0 0. 0.0 0.
1478822819 1 0.0 0. 0.0 0.
1478822879 1 0.0 0. 0.0 0.
1478822939 1 0.0 0. 0.0 0.
1478822999 1 0.0 0. 0.0 0.
1478823060 1 0.0 0. 0.0 0.
1478823120 1 0.0 0. 0.0 0.
1478823180 1 0.0 0. 0.0 0.
1478823240 1 0.0 0. 0.0 0.
1478823300 1 0.0 0. 0.0 0.
1478823360 1 0.0 0. 0.0 0.
1478823420 1 0.0 0. 0.0 0.
1478823480 1 0.0 0. 0.0 0.
1478823541 1 0.0 0. 0.0 0.
1478823601 1 0.0 0. 0.0 0.
1478823661 1 0.0 0. 0.0 0.
1478823721 1 0.0 0. 0.0 0.
1478823781 1 0.0 0. 0.0 0.
1478823841 1 0.0 0. 0.0 0.
1478823901 1 0.0 0. 0.0 0.
1478823962 1 0.0 0. 0.0 0.
1478824022 1 0.0 0. 0.0 0.
1478824082 1 0.0 0. 0.0 0.
1478824142 1 0.0 0. 0.0 0.
1478824202 1 0.0 0. 0.0 0.
1478824262 1 0.0 0. 0.0 0.
1478824322 1 0.0 0. 0.0 0.
1478824382 1 0.0 0. 0.0 0.
1478824443 1 0.0 0. 0.0 0.
1478824503 1 0.0 0. 0.0 0.
1478824563 1 0.0 0. 0.0 0.
1478824623 1 0.0 0. 0.0 0.
1478824683 1 0.0 0. 0.0 0.
1478824743 1 0.0 0. 0.0 0.
1478824803 1 0.0 0. 0.0 0.
1478824863 1 0.0 0. 0.0 0.
1478824924 1 0.0 0. 0.0 0.
1478824984 1 0.0 0. 0.0 0.
1478825044 1 0.0 0. 0.0 0.
1478825104 1 0.0 0. 0.0 0.
1478825164 1 0.0 0. 0.0 0.
1478825224 1 0.0 0. 0.0 0.
1478825284 1 0.0 0. 0.0 0.
1478825345 1 0.0 0. 0.0 0.
1478825405 1 0.0 0. 0.0 0.
1478825465 1 0.0 0. 0.0 0.
1478825525 1 0.0 0. 0.0 0.
1478825585 1 0.0 0. 0.0 0.
1478825645 1 0.0 0. 0.0 0.
1478825705 1 0.0 0. 0.0 0.
1478825766 1 0.0 0. 0.0 0.
1478825826 1 0.0 0. 0.0 0.
1478825886 1 0.0 0. 0.0 0.
1478825946 1 0.0 0. 0.0 0.
1478826006 1 0.0 0. 0.0 0.
1478826066 1 0.0 0. 0.0 0.
1478826126 1 0.0 0. 0.0 0.
1478826186 1 0.0 0. 0.0 0.
1478826247 1 0.0 0. 0.0 0.
1478826307 1 0.0 0. 0.0 0.
1478826367 1 0.0 0. 0.0 0.
1478826427 1 0.0 0. 0.0 0.
1478826487 1 0.0 0. 0.0 0.
1478826547 1 0.0 0. 0.0 0.
1478826607 1 0.0 0. 0.0 0.
1478826668 1 0.0 0. 0.0 0.
1478826728 1 0.0 0. 0.0 0.
1478826788 1 0.0 0. 0.0 0.
1478826848 1 0.0 0. 0.0 0.
1478826908 1 0.0 0. 0.0 0.
1478826968 1 0.0 0. 0.0 0.
1478827028 1 0.0 0. 0.0 0.
1478827088 1 0.0 0. 0.0 0.
1478827149 1 0.0 0. 0.0 0.
1478827209 1 0.0 0. 0.0 0.
1478827269 1 0.0 0. 0.0 0.
1478827329 1 0.0 0. 0.0 0.
1478827389 1 0.0 0. 0.0 0.
1478827449 1 0.0 0. 0.0 0.
1478827509 1 0.0 0. 0.0 0.
1478827569 1 0.0 0. 0.0 0.
1478827630 1 0.0 0. 0.0 0.
1478827690 1 0.0 0. 0.0 0.
1478827750 1 0.0 0. 0.0 0.
1478827810 1 0.0 0. 0.0 0.
1478827870 1 0.0 0. 0.0 0.
1478827930 1 0.0 0. 0.0 0.
1478827990 1 0.0 0. 0.0 0.
1478828050 1 0.0 0. 0.0 0.
1478828111 1 0.0 0. 0.0 0.
1478828171 1 0.0 0. 0.0 0.
1478828231 1 0.0 0. 0.0 0.
1478828291 1 0.0 0. 0.0 0.
1478828351 1 0.0 0. 0.0 0.
1478828411 1 0.0 0. 0.0 0.
1478828471 1 0.0 0. 0.0 0.
1478828531 1 0.0 0. 0.0 0.
1478828592 1 0.0 0. 0.0 0.
1478828652 1 0.0 0. 0.0 0.
1478828712 1 0.0 0. 0.0 0.
1478828772 1 0.0 0. 0.0 0.
1478828832 1 0.0 0. 0.0 0.
1478828892 1 0.0 0. 0.0 0.
1478828952 1 0.0 0. 0.0 0.
1478829013 1 0.0 0. 0.0 0.
1478829073 1 0.0 0. 0.0 0.
1478829133 1 0.0 0. 0.0 0.
1478829193 1 0.0 0. 0.0 0.
1478829253 1 0.0 0. 0.0 0.
1478829313 1 0.0 0. 0.0 0.
1478829373 1 0.0 0. 0.0 0.
1478829433 1 0.0 0. 0.0 0.
1478829494 1 0.0 0. 0.0 0.
1478829554 1 0.0 0. 0.0 0.
1478829614 1 0.0 0. 0.0 0.
1478829674 1 0.0 0. 0.0 0.
1478829734 1 0.0 0. 0.0 0.
1478829794 1 0.0 0. 0.0 0.
1478829854 1 0.0 0. 0.0 0.
1478829914 1 0.0 0. 0.0 0.
1478829975 1 0.0 0. 0.0 0.
1478830035 1 0.0 0. 0.0 0.
1478830095 1 0.0 0. 0.0 0.
1478830155 1 0.0 0. 0.0 0.
1478830215 1 0.0 0. 0.0 0.
1478830275 1 0.0 0. 0.0 0.
1478830335 1 0.0 0. 0.0 0.
1478830395 1 0.0 0. 0.0 0.
1478830456 1 0.0 0. 0.0 0.
1478830516 1 0.0 0. 0.0 0.
1478830576 1 0.0 0. 0.0 0.
1478830636 1 0.0 0. 0.0 0.
1478830696 1 0.0 0. 0.0 0.
1478830756 1 0.0 0. 0.0 0.
1478830816 1 0.0 0. 0.0 0.
1478830877 1 0.0 0. 0.0 0.
1478830937 1 0.0 0. 0.0 0.
1478830997 1 0.0 0. 0.0 0.
1478831057 1 0.0 0. 0.0 0.
1478831117 1 0.0 0. 0.0 0.
1478831177 1 0.0 0. 0.0 0.
1478831237 1 0.0 0. 0.0 0.
1478831297 1 0.0 0. 0.0 0.
1478831358 1 0.0 0. 0.0 0.
1478831418 1 0.0 0. 0.0 0.
1478831478 1 0.0 0. 0.0 0.
1478831538 1 0.0 0. 0.0 0.
1478831598 1 0.0 0. 0.0 0.
1478831658 1 0.0 0. 0.0 0.
1478831718 1 0.0 0. 0.0 0.
1478831778 1 0.0 0. 0.0 0.
1478831839 1 0.0 0. 0.0 0.
1478831899 1 0.0 0. 0.0 0.
1478831959 1 0.0 0. 0.0 0.
1478832019 1 0.0 0. 0.0 0.
1478832079 1 0.0 0. 0.0 0.
1478832139 1 0.0 0. 0.0 0.
1478832199 1 0.0 0. 0.0 0.
1478832259 1 0.0 0. 0.0 0.
1478832319 1 0.0 0. 0.0 0.
1478832380 1 0.0 0. 0.0 0.
1478832440 1 0.0 0. 0.0 0.
1478832500 1 0.0 0. 0.0 0.
1478832560 1 0.0 0. 0.0 0.
1478832620 1 0.0 0. 0.0 0.
1478832680 1 0.0 0. 0.0 0.
1478832740 1 0.0 0. 0.0 0.
1478832800 1 0.0 0. 0.0 0.
1478832861 1 0.0 0. 0.0 0.
1478832921 1 0.0 0. 0.0 0.
1478832981 1 0.0 0. 0.0 0.
1478833041 1 0.0 0. 0.0 0.
1478833101 1 0.0 0. 0.0 0.
1478833161 1 0.0 0. 0.0 0.
1478833221 1 0.0 0. 0.0 0.
1478833282 1 0.0 0. 0.0 0.
1478833342 1 0.0 0. 0.0 0.
1478833402 1 0.0 0. 0.0 0.
1478833462 1 0.0 0. 0.0 0.
1478833522 1 0.0 0. 0.0 0.
1478833582 1 0.0 0. 0.0 0.
1478833642 1 0.0 0. 0.0 0.
1478833703 1 0.0 0. 0.0 0.
1478833763 1 0.0 0. 0.0 0.
1478833823 1 0.0 0. 0.0 0.
1478833883 1 0.0 0. 0.0 0.
1478833943 1 0.0 0. 0.0 0.
1478834003 1 0.0 0. 0.0 0.
1478834063 1 0.0 0. 0.0 0.
1478834124 1 0.0 0. 0.0 0.
1478834184 1 0.0 0. 0.0 0.
1478834244 1 0.0 0. 0.0 0.
1478834304 1 0.0 0. 0.0 0.
1478834364 1 0.0 0. 0.0 0.
1478834424 1 0.0 0. 0.0 0.
1478834484 1 0.0 0. 0.0 0.
1478834544 1 0.0 0. 0.0 0.
1478834604 1 0.0 0. 0.0 0.
1478834665 1 0.0 0. 0.0 0.
1478834725 1 0.0 0. 0.0 0.
1478834785 1 0.0 0. 0.0 0.
1478834845 1 0.0 0. 0.0 0.
1478834905 1 0.0 0. 0.0 0.
1478834965 1 0.0 0. 0.0 0.
1478835025 1 0.0 0. 0.0 0.
1478835086 1 0.0 0. 0.0 0.
1478835146 1 0.0 0. 0.0 0.
1478835206 1 0.0 0. 0.0 0.
1478835266 1 0.0 0. 0.0 0.
1478835326 1 0.0 0. 0.0 0.
1478835386 1 0.0 0. 0.0 0.
1478835446 1 0.0 0. 0.0 0.
1478835507 1 0.0 0. 0.0 0.
1478835567 1 0.0 0. 0.0 0.
1478835627 1 0.0 0. 0.0 0.
1478835687 1 0.0 0. 0.0 0.
1478835747 1 0.0 0. 0.0 0.
1478835807 1 0.0 0. 0.0 0.
1478835867 1 0.0 0. 0.0 0.
1478835928 1 0.0 0. 0.0 0.
1478835988 1 0.0 0. 0.0 0.
1478836048 1 0.0 0. 0.0 0.
1478836108 1 0.0 0. 0.0 0.
1478836168 1 0.0 0. 0.0 0.
1478836228 1 0.0 0. 0.0 0.
1478836288 1 0.0 0. 0.0 0.
1478836348 1 0.0 0. 0.0 0.
1478836409 1 0.0 0. 0.0 0.
1478836469 1 0.0 0. 0.0 0.
1478836529 1 0.0 0. 0.0 0.
1478836589 1 0.0 0. 0.0 0.
1478836649 1 0.0 0. 0.0 0.
1478836709 1 0.0 0. 0.0 0.
1478836769 1 0.0 0. 0.0 0.
1478836830 1 0.0 0. 0.0 0.
1478836890 1 0.0 0. 0.0 0.
1478836950 1 0.0 0. 0.0 0.
1478837010 1 0.0 0. 0.0 0.
1478837070 1 0.0 0. 0.0 0.
1478837130 1 0.0 0. 0.0 0.
1478837190 1 0.0 0. 0.0 0.
1478837250 1 0.0 0. 0.0 0.
1478837311 1 0.0 0. 0.0 0.
1478837371 1 0.0 0. 0.0 0.
1478837431 1 0.0 0. 0.0 0.
1478837491 1 0.0 0. 0.0 0.
1478837551 1 0.0 0. 0.0 0.
1478837611 1 0.0 0. 0.0 0.
1478837671 1 0.0 0. 0.0 0.
1478837731 1 0.0 0. 0.0 0.
1478837792 1 0.0 0. 0.0 0.
1478837852 1 0.0 0. 0.0 0.
1478837912 1 0.0 0. 0.0 0.
1478837972 1 0.0 0. 0.0 0.
1478838032 1 0.0 0. 0.0 0.
1478838092 1 0.0 0. 0.0 0.
1478838152 1 0.0 0. 0.0 0.
1478838212 1 0.0 0. 0.0 0.
1478838272 1 0.0 0. 0.0 0.
1478838332 1 0.0 0. 0.0 0.
1478838393 1 0.0 0. 0.0 0.
1478838453 1 0.0 0. 0.0 0.
1478838513 1 0.0 0. 0.0 0.
1478838573 1 0.0 0. 0.0 0.
1478838633 1 0.0 0. 0.0 0.
1478838693 1 0.0 0. 0.0 0.
1478838753 1 0.0 0. 0.0 0.
1478838813 1 0.0 0. 0.0 0.
1478838873 1 0.0 0. 0.0 0.
1478838934 1 0.0 0. 0.0 0.
1478838994 1 0.0 0. 0.0 0.
1478839054 1 0.0 0. 0.0 0.
1478839114 1 0.0 0. 0.0 0.
1478839174 1 0.0 0. 0.0 0.
1478839234 1 0.0 0. 0.0 0.
1478839294 1 0.0 0. 0.0 0.
1478839355 1 0.0 0. 0.0 0.
1478839415 1 0.0 0. 0.0 0.
1478839475 1 0.0 0. 0.0 0.
1478839535 1 0.0 0. 0.0 0.
1478839595 1 0.0 0. 0.0 0.
1478839655 1 0.0 0. 0.0 0.
1478839715 1 0.0 0. 0.0 0.
1478839775 1 0.0 0. 0.0 0.
1478839836 1 0.0 0. 0.0 0.
1478839896 1 0.0 0. 0.0 0.
1478839956 1 0.0 0. 0.0 0.
1478840016 1 0.0 0. 0.0 0.
1478840076 1 0.0 0. 0.0 0.
1478840136 1 0.0 0. 0.0 0.
1478840196 1 0.0 0. 0.0 0.
1478840256 1 0.0 0. 0.0 0.
1478840317 1 0.0 0. 0.0 0.
1478840377 1 0.0 0. 0.0 0.
1478840437 1 0.0 0. 0.0 0.
1478840497 1 0.0 0. 0.0 0.
1478840557 1 0.0 0. 0.0 0.
1478840617 1 0.0 0. 0.0 0.
1478840677 1 0.0 0. 0.0 0.
1478840737 1 0.0 0. 0.0 0.
1478840798 1 0.0 0. 0.0 0.
1478840858 1 0.0 0. 0.0 0.
1478840918 1 0.0 0. 0.0 0.
1478840978 1 0.0 0. 0.0 0.
1478841038 1 0.0 0. 0.0 0.
1478841098 1 0.0 0. 0.0 0.
1478841158 1 0.0 0. 0.0 0.
1478841219 1 0.0 0. 0.0 0.
1478841279 1 0.0 0. 0.0 0.
1478841339 1 0.0 0. 0.0 0.
1478841399 1 0.0 0. 0.0 0.
1478841459 1 0.0 0. 0.0 0.
1478841519 1 0.0 0. 0.0 0.
1478841579 1 0.0 0. 0.0 0.
1478841640 1 0.0 0. 0.0 0.
1478841700 1 0.0 0. 0.0 0.
1478841760 1 0.0 0. 0.0 0.
1478841820 1 0.0 0. 0.0 0.
1478841880 1 0.0 0. 0.0 0.
1478841940 1 0.0 0. 0.0 0.
1478842000 1 0.0 0. 0.0 0.
1478842060 1 0.0 0. 0.0 0.
1478842120 1 0.0 0. 0.0 0.
1478842181 1 0.0 0. 0.0 0.
1478842241 1 0.0 0. 0.0 0.
1478842301 1 0.0 0. 0.0 0.
1478842361 1 0.0 0. 0.0 0.
1478842421 1 0.0 0. 0.0 0.
1478842481 1 0.0 0. 0.0 0.
1478842541 1 0.0 0. 0.0 0.
1478842602 1 0.0 0. 0.0 0.
1478842662 1 0.0 0. 0.0 0.
1478842722 1 0.0 0. 0.0 0.
1478842782 1 0.0 0. 0.0 0.
1478842842 1 0.0 0. 0.0 0.
1478842902 1 0.0 0. 0.0 0.
1478842962 1 0.0 0. 0.0 0.
1478843022 1 0.0 0. 0.0 0.
1478843082 1 0.0 0. 0.0 0.
1478843143 1 0.0 0. 0.0 0.
1478843203 1 0.0 0. 0.0 0.
1478843263 1 0.0 0. 0.0 0.
1478843323 1 0.0 0. 0.0 0.
1478843383 1 0.0 0. 0.0 0.
1478843443 1 0.0 0. 0.0 0.
1478843503 1 0.0 0. 0.0 0.
1478843564 1 0.0 0. 0.0 0.
1478843624 1 0.0 0. 0.0 0.
1478843684 1 0.0 0. 0.0 0.
1478843744 1 0.0 0. 0.0 0.
1478843804 1 0.0 0. 0.0 0.
1478843864 1 0.0 0. 0.0 0.
1478843924 1 0.0 0. 0.0 0.
1478843985 1 0.0 0. 0.0 0.
1478844045 1 0.0 0. 0.0 0.
1478844105 1 0.0 0. 0.0 0.
1478844165 1 0.0 0. 0.0 0.
1478844225 1 0.0 0. 0.0 0.
1478844285 1 0.0 0. 0.0 0.
1478844345 1 0.0 0. 0.0 0.
1478844405 1 0.0 0. 0.0 0.
1478844466 1 0.0 0. 0.0 0.
1478844526 1 0.0 0. 0.0 0.
1478844586 1 0.0 0. 0.0 0.
1478844646 1 0.0 0. 0.0 0.
1478844706 1 0.0 0. 0.0 0.
1478844766 1 0.0 0. 0.0 0.
1478844826 1 0.0 0. 0.0 0.
1478844887 1 0.0 0. 0.0 0.
1478844947 1 0.0 0. 0.0 0.
1478845007 1 0.0 0. 0.0 0.
1478845067 1 0.0 0. 0.0 0.
1478845127 1 0.0 0. 0.0 0.
1478845187 1 0.0 0. 0.0 0.
1478845247 1 0.0 0. 0.0 0.
1478845307 1 0.0 0. 0.0 0.
1478845368 1 0.0 0. 0.0 0.
1478845428 1 0.0 0. 0.0 0.
1478845488 1 0.0 0. 0.0 0.
1478845548 1 0.0 0. 0.0 0.
1478845608 1 0.0 0. 0.0 0.
1478845668 1 0.0 0. 0.0 0.
1478845728 1 0.0 0. 0.0 0.
1478845789 1 0.0 0. 0.0 0.
1478845849 1 0.0 0. 0.0 0.
1478845909 1 0.0 0. 0.0 0.
1478845969 1 0.0 0. 0.0 0.
1478846029 1 0.0 0. 0.0 0.
1478846089 1 0.0 0. 0.0 0.
1478846149 1 0.0 0. 0.0 0.
1478846209 1 0.0 0. 0.0 0.
1478846270 1 0.0 0. 0.0 0.
1478846330 1 0.0 0. 0.0 0.
1478846390 1 0.0 0. 0.0 0.
1478846450 1 0.0 0. 0.0 0.
1478846510 1 0.0 0. 0.0 0.
1478846570 1 0.0 0. 0.0 0.
1478846630 1 0.0 0. 0.0 0.
1478846691 1 0.0 0. 0.0 0.
1478846751 1 0.0 0. 0.0 0.
1478846811 1 0.0 0. 0.0 0.
1478846871 1 0.0 0. 0.0 0.
1478846931 1 0.0 0. 0.0 0.
1478846991 1 0.0 0. 0.0 0.
1478847051 1 0.0 0. 0.0 0.
1478847111 1 0.0 0. 0.0 0.
1478847172 1 0.0 0. 0.0 0.
1478847232 1 0.0 0. 0.0 0.
1478847292 1 0.0 0. 0.0 0.
1478847352 1 0.0 0. 0.0 0.
1478847412 1 0.0 0. 0.0 0.
1478847472 1 0.0 0. 0.0 0.
1478847532 1 0.0 0. 0.0 0.
1478847592 1 0.0 0. 0.0 0.
1478847653 1 0.0 0. 0.0 0.
1478847713 1 0.0 0. 0.0 0.
1478847773 1 0.0 0. 0.0 0.
1478847833 1 0.0 0. 0.0 0.
1478847893 1 0.0 0. 0.0 0.
1478847953 1 0.0 0. 0.0 0.
1478848014 1 0.0 0. 0.0 0.
1478848074 1 0.0 0. 0.0 0.
1478848134 1 0.0 0. 0.0 0.
1478848194 1 0.0 0. 0.0 0.
1478848254 1 0.0 0. 0.0 0.
1478848314 1 0.0 0. 0.0 0.
1478848374 1 0.0 0. 0.0 0.
1478848434 1 0.0 0. 0.0 0.
1478848495 1 0.0 0. 0.0 0.
1478848555 1 0.0 0. 0.0 0.
1478848615 1 0.0 0. 0.0 0.
1478848675 1 0.0 0. 0.0 0.
1478848735 1 0.0 0. 0.0 0.
1478848795 1 0.0 0. 0.0 0.
1478848855 1 0.0 0. 0.0 0.
1478848915 1 0.0 0. 0.0 0.
1478848976 1 0.0 0. 0.0 0.
1478849036 1 0.0 0. 0.0 0.
1478849096 1 0.0 0. 0.0 0.
1478849156 1 0.0 0. 0.0 0.
1478849216 1 0.0 0. 0.0 0.
1478849276 1 0.0 0. 0.0 0.
1478849336 1 0.0 0. 0.0 0.
1478849397 1 0.0 0. 0.0 0.
1478849457 1 0.0 0. 0.0 0.
1478849517 1 0.0 0. 0.0 0.
1478849577 1 0.0 0. 0.0 0.
1478849637 1 0.0 0. 0.0 0.
1478849697 1 0.0 0. 0.0 0.
1478849757 1 0.0 0. 0.0 0.
1478849817 1 0.0 0. 0.0 0.
1478849878 1 0.0 0. 0.0 0.
1478849938 1 0.0 0. 0.0 0.
1478849998 1 0.0 0. 0.0 0.
1478850058 1 0.0 0. 0.0 0.
1478850118 1 0.0 0. 0.0 0.
1478850178 1 0.0 0. 0.0 0.
1478850238 1 0.0 0. 0.0 0.
1478850298 1 0.0 0. 0.0 0.
1478850359 1 0.0 0. 0.0 0.
1478850419 1 0.0 0. 0.0 0.
1478850479 1 0.0 0. 0.0 0.
1478850539 1 0.0 0. 0.0 0.
1478850599 1 0.0 0. 0.0 0.
1478850659 1 0.0 0. 0.0 0.
1478850719 1 0.0 0. 0.0 0.
1478850780 1 0.0 0. 0.0 0.
1478850840 1 0.0 0. 0.0 0.
1478850900 1 0.0 0. 0.0 0.
1478850960 1 0.0 0. 0.0 0.
1478851020 1 0.0 0. 0.0 0.
1478851080 1 0.0 0. 0.0 0.
1478851140 1 0.0 0. 0.0 0.
1478851201 1 0.0 0. 0.0 0.
1478851261 1 0.0 0. 0.0 0.
1478851321 1 0.0 0. 0.0 0.
1478851381 1 0.0 0. 0.0 0.
1478851441 1 0.0 0. 0.0 0.
1478851501 1 0.0 0. 0.0 0.
1478851561 1 0.0 0. 0.0 0.
1478851621 1 0.0 0. 0.0 0.
1478851681 1 0.0 0. 0.0 0.
1478851742 1 0.0 0. 0.0 0.
1478851802 1 0.0 0. 0.0 0.
1478851862 1 0.0 0. 0.0 0.
1478851922 1 0.0 0. 0.0 0.
1478851982 1 0.0 0. 0.0 0.
1478852042 1 0.0 0. 0.0 0.
1478852102 1 0.0 0. 0.0 0.
1478852163 1 0.0 0. 0.0 0.
1478852223 1 0.0 0. 0.0 0.
1478852283 1 0.0 0. 0.0 0.
1478852343 1 0.0 0. 0.0 0.
1478852403 1 0.0 0. 0.0 0.
1478852463 1 0.0 0. 0.0 0.
1478852523 1 0.0 0. 0.0 0.
1478852583 1 0.0 0. 0.0 0.
1478852644 1 0.0 0. 0.0 0.
1478852704 1 0.0 0. 0.0 0.
1478852764 1 0.0 0. 0.0 0.
1478852824 1 0.0 0. 0.0 0.
1478852884 1 0.0 0. 0.0 0.
1478852944 1 0.0 0. 0.0 0.
1478853004 1 0.0 0. 0.0 0.
1478853064 1 0.0 0. 0.0 0.
1478853125 1 0.0 0. 0.0 0.
1478853185 1 0.0 0. 0.0 0.
1478853245 1 0.0 0. 0.0 0.
1478853305 1 0.0 0. 0.0 0.
1478853365 1 0.0 0. 0.0 0.
1478853425 1 0.0 0. 0.0 0.
1478853485 1 0.0 0. 0.0 0.
1478853546 1 0.0 0. 0.0 0.
1478853606 1 0.0 0. 0.0 0.
1478853666 1 0.0 0. 0.0 0.
1478853726 1 0.0 0. 0.0 0.
1478853786 1 0.0 0. 0.0 0.
1478853846 1 0.0 0. 0.0 0.
1478853906 1 0.0 0. 0.0 0.
1478853966 1 0.0 0. 0.0 0.
1478854027 1 0.0 0. 0.0 0.
1478854087 1 0.0 0. 0.0 0.
1478854147 1 0.0 0. 0.0 0.
1478854207 1 0.0 0. 0.0 0.
1478854267 1 0.0 0. 0.0 0.
1478854327 1 0.0 0. 0.0 0.
1478854387 1 0.0 0. 0.0 0.
1478854447 1 0.0 0. 0.0 0.
1478854508 1 0.0 0. 0.0 0.
1478854568 1 0.0 0. 0.0 0.
1478854628 1 0.0 0. 0.0 0.
1478854688 1 0.0 0. 0.0 0.
1478854748 1 0.0 0. 0.0 0.
1478854808 1 0.0 0. 0.0 0.
1478854868 1 0.0 0. 0.0 0.
1478854928 1 0.0 0. 0.0 0.
1478854989 1 0.0 0. 0.0 0.
1478855049 1 0.0 0. 0.0 0.
1478855109 1 0.0 0. 0.0 0.
1478855169 1 0.0 0. 0.0 0.
1478855229 1 0.0 0. 0.0 0.
1478855289 1 0.0 0. 0.0 0.
1478855349 1 0.0 0. 0.0 0.
1478855410 1 0.0 0. 0.0 0.
1478855470 1 0.0 0. 0.0 0.
1478855530 1 0.0 0. 0.0 0.
1478855590 1 0.0 0. 0.0 0.
1478855650 1 0.0 0. 0.0 0.
1478855710 1 0.0 0. 0.0 0.
1478855770 1 0.0 0. 0.0 0.
1478855830 1 0.0 0. 0.0 0.
1478856485 1 0.0 0. 0.0 0.
1478857140 1 0.0 0. 0.0 0.
1478857200 1 0.0 0. 0.0 0.
1478857261 1 0.0 0. 0.0 0.
1478857296 1 0.0 0. 0.0 0.
1478857308 1 0.0 0. 0.0 0.
1478857346 1 0.0 0. 0.0 0.
1478857406 1 0.0 0. 0.0 0.
1478857466 1 0.0 0. 0.0 0.
1478857526 1 0.0 0. 0.0 0.
1478857586 1 0.0 0. 0.0 0.
1478857646 1 0.0 0. 0.0 0.
1478857706 1 0.0 0. 0.0 0.
1478857766 1 0.0 0. 0.0 0.
1478857827 1 0.0 0. 0.0 0.
1478857887 1 0.0 0. 0.0 0.
1478857947 1 0.0 0. 0.0 0.
1478858007 1 0.0 0. 0.0 0.
1478858067 1 0.0 0. 0.0 0.
1478858127 1 0.0 0. 0.0 0.
1478858187 1 0.0 0. 0.0 0.
1478858247 1 0.0 0. 0.0 0.
1478858307 1 0.0 0. 0.0 0.
1478858368 1 0.0 0. 0.0 0.
1478858428 1 0.0 0. 0.0 0.
1478858488 1 0.0 0. 0.0 0.
1478858548 1 0.0 0. 0.0 0.
1478858608 1 0.0 0. 0.0 0.
1478858668 1 0.0 0. 0.0 0.
1478858728 1 0.0 0. 0.0 0.
1478858788 1 0.0 0. 0.0 0.
1478858848 1 0.0 0. 0.0 0.
1478858909 1 0.0 0. 0.0 0.
1478858969 1 0.0 0. 0.0 0.
1478859029 1 0.0 0. 0.0 0.
1478859089 1 0.0 0. 0.0 0.
1478859149 1 0.0 0. 0.0 0.
1478859209 1 0.0 0. 0.0 0.
1478859269 1 0.0 0. 0.0 0.
1478859329 1 0.0 0. 0.0 0.
1478859390 1 0.0 0. 0.0 0.
1478859450 1 0.0 0. 0.0 0.
1478859510 1 0.0 0. 0.0 0.
1478859570 1 0.0 0. 0.0 0.
1478859630 1 0.0 0. 0.0 0.
1478859690 1 0.0 0. 0.0 0.
1478859750 1 0.0 0. 0.0 0.
1478859811 1 0.0 0. 0.0 0.
1478859871 1 0.0 0. 0.0 0.
1478859931 1 0.0 0. 0.0 0.
1478859991 1 0.0 0. 0.0 0.
1478860051 1 0.0 0. 0.0 0.
1478860111 1 0.0 0. 0.0 0.
1478860171 1 0.0 0. 0.0 0.
1478860232 1 0.0 0. 0.0 0.
1478860292 1 0.0 0. 0.0 0.
1478860352 1 0.0 0. 0.0 0.
1478860412 1 0.0 0. 0.0 0.
1478860472 1 0.0 0. 0.0 0.
1478860532 1 0.0 0. 0.0 0.
1478860592 1 0.0 0. 0.0 0.
1478860653 1 0.0 0. 0.0 0.
1478860713 1 0.0 0. 0.0 0.
1478860773 1 0.0 0. 0.0 0.
1478860833 1 0.0 0. 0.0 0.
1478860893 1 0.0 0. 0.0 0.
1478860953 1 0.0 0. 0.0 0.
1478861013 1 0.0 0. 0.0 0.
1478861073 1 0.0 0. 0.0 0.
1478861134 1 0.0 0. 0.0 0.
1478861194 1 0.0 0. 0.0 0.
1478861254 1 0.0 0. 0.0 0.
1478861314 1 0.0 0. 0.0 0.
1478861374 1 0.0 0. 0.0 0.
1478861434 1 0.0 0. 0.0 0.
1478861494 1 0.0 0. 0.0 0.
1478861554 1 0.0 0. 0.0 0.
1478861614 1 0.0 0. 0.0 0.
1478861675 1 0.0 0. 0.0 0.
1478861735 1 0.0 0. 0.0 0.
1478861795 1 0.0 0. 0.0 0.
1478861855 1 0.0 0. 0.0 0.
1478861915 1 0.0 0. 0.0 0.
1478862297 0 0.0 0. 0.0 0.
1478862679 1 0.0 0. 0.0 0.
1478862739 1 0.0 0. 0.0 0.
1478862799 1 0.0 0. 0.0 0.
1478862834 1 0.0 0. 0.0 0.
1478862849 1 0.0 0. 0.0 0.
1478862888 1 0.0 0. 0.0 0.
1478862949 1 0.0 0. 0.0 0.
1478863009 1 0.0 0. 0.0 0.
1478863069 1 0.0 0. 0.0 0.
1478863129 1 0.0 0. 0.0 0.
1478863189 1 0.0 0. 0.0 0.
1478863249 1 0.0 0. 0.0 0.
1478863309 1 0.0 0. 0.0 0.
1478863369 1 0.0 0. 0.0 0.
1478863430 1 0.0 0. 0.0 0.
1478863490 1 0.0 0. 0.0 0.
1478863550 1 0.0 0. 0.0 0.
1478863610 1 0.0 0. 0.0 0.
1478863670 1 0.0 0. 0.0 0.
1478863730 1 0.0 0. 0.0 0.
1478863790 1 0.0 0. 0.0 0.
1478863850 1 0.0 0. 0.0 0.
1478863910 1 0.0 0. 0.0 0.
1478863971 1 0.0 0. 0.0 0.
1478864031 1 0.0 0. 0.0 0.
1478864091 1 0.0 0. 0.0 0.
1478864151 1 0.0 0. 0.0 0.
1478864211 1 0.0 0. 0.0 0.
1478864271 1 0.0 0. 0.0 0.
1478864331 1 0.0 0. 0.0 0.
1478864392 1 0.0 0. 0.0 0.
1478864452 1 0.0 0. 0.0 0.
1478864512 1 0.0 0. 0.0 0.
1478864572 1 0.0 0. 0.0 0.
1478864632 1 0.0 0. 0.0 0.
1478864692 1 0.0 0. 0.0 0.
1478864752 1 0.0 0. 0.0 0.
1478864813 1 0.0 0. 0.0 0.
1478864873 1 0.0 0. 0.0 0.
1478864933 1 0.0 0. 0.0 0.
1478864993 1 0.0 0. 0.0 0.
1478865053 1 0.0 0. 0.0 0.
1478865113 1 0.0 0. 0.0 0.
1478865173 1 0.0 0. 0.0 0.
1478865233 1 0.0 0. 0.0 0.
1478865293 1 0.0 0. 0.0 0.
1478865354 1 0.0 0. 0.0 0.
1478865414 1 0.0 0. 0.0 0.
1478865474 1 0.0 0. 0.0 0.
1478865534 1 0.0 0. 0.0 0.
1478865594 1 0.0 0. 0.0 0.
1478865654 1 0.0 0. 0.0 0.
1478865714 1 0.0 0. 0.0 0.
1478865774 1 0.0 0. 0.0 0.
1478865835 1 0.0 0. 0.0 0.
1478865895 1 0.0 0. 0.0 0.
1478865955 1 0.0 0. 0.0 0.
1478866015 1 0.0 0. 0.0 0.
1478866075 1 0.0 0. 0.0 0.
1478866135 1 0.0 0. 0.0 0.
1478866195 1 0.0 0. 0.0 0.
1478866256 1 0.0 0. 0.0 0.
1478866316 1 0.0 0. 0.0 0.
1478866376 1 0.0 0. 0.0 0.
1478866436 1 0.0 0. 0.0 0.
1478866496 1 0.0 0. 0.0 0.
1478866556 1 0.0 0. 0.0 0.
1478866616 1 0.0 0. 0.0 0.
1478866677 1 0.0 0. 0.0 0.
1478866737 1 0.0 0. 0.0 0.
1478866797 1 0.0 0. 0.0 0.
1478866857 1 0.0 0. 0.0 0.
1478866917 1 0.0 0. 0.0 0.
1478866977 1 0.0 0. 0.0 0.
1478867037 1 0.0 0. 0.0 0.
1478867097 1 0.0 0. 0.0 0.
1478867158 1 0.0 0. 0.0 0.
1478867218 1 0.0 0. 0.0 0.
1478867278 1 0.0 0. 0.0 0.
1478867338 1 0.0 0. 0.0 0.
1478867398 1 0.0 0. 0.0 0.
1478867458 1 0.0 0. 0.0 0.
1478867518 1 0.0 0. 0.0 0.
1478867578 1 0.0 0. 0.0 0.
1478867638 1 0.0 0. 0.0 0.
1478867699 1 0.0 0. 0.0 0.
1478867759 1 0.0 0. 0.0 0.
1478867819 1 0.0 0. 0.0 0.
1478867879 1 0.0 0. 0.0 0.
1478867939 1 0.0 0. 0.0 0.
1478867999 1 0.0 0. 0.0 0.
1478868059 1 0.0 0. 0.0 0.
1478868119 1 0.0 0. 0.0 0.
1478868180 1 0.0 0. 0.0 0.
1478868240 1 0.0 0. 0.0 0.
1478868300 1 0.0 0. 0.0 0.
1478868360 1 0.0 0. 0.0 0.
1478868420 1 0.0 0. 0.0 0.
1478868480 1 0.0 0. 0.0 0.
1478868540 1 0.0 0. 0.0 0.
1478868601 1 0.0 0. 0.0 0.
1478868661 1 0.0 0. 0.0 0.
1478868721 1 0.0 0. 0.0 0.
1478868781 1 0.0 0. 0.0 0.
1478868841 1 0.0 0. 0.0 0.
1478868901 1 0.0 0. 0.0 0.
1478868961 1 0.0 0. 0.0 0.
1478869021 1 0.0 0. 0.0 0.
1478869082 1 0.0 0. 0.0 0.
1478869142 1 0.0 0. 0.0 0.
1478869202 1 0.0 0. 0.0 0.
1478869262 1 0.0 0. 0.0 0.
1478869322 1 0.0 0. 0.0 0.
1478869382 1 0.0 0. 0.0 0.
1478869442 1 0.0 0. 0.0 0.
1478869503 1 0.0 0. 0.0 0.
1478869563 1 0.0 0. 0.0 0.
1478869623 1 0.0 0. 0.0 0.
1478869683 1 0.0 0. 0.0 0.
1478869725 1 0.0 0. 0.0 0.
1478869767 1 0.0 0. 0.0 0.
1478869827 1 0.0 0. 0.0 0.
1478869888 1 0.0 0. 0.0 0.
1478869948 1 0.0 0. 0.0 0.
1478870008 1 0.0 0. 0.0 0.
1478870068 1 0.0 0. 0.0 0.
1478870128 1 0.0 0. 0.0 0.
1478870188 1 0.0 0. 0.0 0.
1478870248 1 0.0 0. 0.0 0.
1478870308 1 0.0 0. 0.0 0.
1478870369 1 0.0 0. 0.0 0.
1478870429 1 0.0 0. 0.0 0.
1478870489 1 0.0 0. 0.0 0.
1478870549 1 0.0 0. 0.0 0.
1478870609 1 0.0 0. 0.0 0.
1478870669 1 0.0 0. 0.0 0.
1478870729 1 0.0 0. 0.0 0.
1478870789 1 0.0 0. 0.0 0.
1478870850 1 0.0 0. 0.0 0.
1478870910 1 0.0 0. 0.0 0.
1478870970 1 0.0 0. 0.0 0.
1478871030 1 0.0 0. 0.0 0.
1478871090 1 0.0 0. 0.0 0.
1478871150 1 0.0 0. 0.0 0.
1478871210 1 0.0 0. 0.0 0.
1478871270 1 0.0 0. 0.0 0.
1478871331 1 0.0 0. 0.0 0.
1478871391 1 0.0 0. 0.0 0.
1478871451 1 0.0 0. 0.0 0.
1478871511 1 0.0 0. 0.0 0.
1478871571 1 0.0 0. 0.0 0.
1478871631 1 0.0 0. 0.0 0.
1478871691 1 0.0 0. 0.0 0.
1478871752 1 0.0 0. 0.0 0.
1478871812 1 0.0 0. 0.0 0.
1478871872 1 0.0 0. 0.0 0.
1478871932 1 0.0 0. 0.0 0.
1478871992 1 0.0 0. 0.0 0.
1478872052 1 0.0 0. 0.0 0.
1478872113 1 0.0 0. 0.0 0.
1478872173 1 0.0 0. 0.0 0.
1478872233 1 0.0 0. 0.0 0.
1478872293 1 0.0 0. 0.0 0.
1478872353 1 0.0 0. 0.0 0.
1478872413 1 0.0 0. 0.0 0.
1478872473 1 0.0 0. 0.0 0.
1478872533 1 0.0 0. 0.0 0.
1478872594 1 0.0 0. 0.0 0.
1478872654 1 0.0 0. 0.0 0.
1478872714 1 0.0 0. 0.0 0.
1478872774 1 0.0 0. 0.0 0.
1478872834 1 0.0 0. 0.0 0.
1478872894 1 0.0 0. 0.0 0.
1478872954 1 0.0 0. 0.0 0.
1478873014 1 0.0 0. 0.0 0.
1478873075 1 0.0 0. 0.0 0.
1478873135 1 0.0 0. 0.0 0.
1478873195 1 0.0 0. 0.0 0.
1478873255 1 0.0 0. 0.0 0.
1478873315 1 0.0 0. 0.0 0.
1478873375 1 0.0 0. 0.0 0.
1478873435 1 0.0 0. 0.0 0.
1478873496 1 0.0 0. 0.0 0.
1478873556 1 0.0 0. 0.0 0.
1478873616 1 0.0 0. 0.0 0.
1478873676 1 0.0 0. 0.0 0.
1478873736 1 0.0 0. 0.0 0.
1478873796 1 0.0 0. 0.0 0.
1478873856 1 0.0 0. 0.0 0.
1478873916 1 0.0 0. 0.0 0.
1478873977 1 0.0 0. 0.0 0.
1478874037 1 0.0 0. 0.0 0.
1478874097 1 0.0 0. 0.0 0.
1478874157 1 0.0 0. 0.0 0.
1478874217 1 0.0 0. 0.0 0.
1478874277 1 0.0 0. 0.0 0.
1478874337 1 0.0 0. 0.0 0.
1478874397 1 0.0 0. 0.0 0.
1478874457 1 0.0 0. 0.0 0.
1478874518 1 0.0 0. 0.0 0.
1478874578 1 0.0 0. 0.0 0.
1478874638 1 0.0 0. 0.0 0.
1478874818 1 0.0 0. 0.0 0.
1478874878 1 0.0 0. 0.0 0.
1478874939 1 0.0 0. 0.0 0.
1478874999 1 0.0 0. 0.0 0.
1478875059 1 0.0 0. 0.0 0.
1478875119 1 0.0 0. 0.0 0.
1478875179 1 0.0 0. 0.0 0.
1478875239 1 0.0 0. 0.0 0.
1478875299 1 0.0 0. 0.0 0.
1478875360 1 0.0 0. 0.0 0.
1478875420 1 0.0 0. 0.0 0.
1478875480 1 0.0 0. 0.0 0.
1478875540 1 0.0 0. 0.0 0.
1478875600 1 0.0 0. 0.0 0.
1478875660 1 0.0 0. 0.0 0.
1478875720 1 0.0 0. 0.0 0.
1478875780 1 0.0 0. 0.0 0.
1478875841 1 0.0 0. 0.0 0.
1478875901 1 0.0 0. 0.0 0.
1478875961 1 0.0 0. 0.0 0.
1478876021 1 0.0 0. 0.0 0.
1478876081 1 0.0 0. 0.0 0.
1478876141 1 0.0 0. 0.0 0.
1478876201 1 0.0 0. 0.0 0.
1478876262 1 0.0 0. 0.0 0.
1478876322 1 0.0 0. 0.0 0.
1478876382 1 0.0 0. 0.0 0.
1478876442 1 0.0 0. 0.0 0.
1478876502 1 0.0 0. 0.0 0.
1478876562 1 0.0 0. 0.0 0.
1478876622 1 0.0 0. 0.0 0.
1478876682 1 0.0 0. 0.0 0.
1478876742 1 0.0 0. 0.0 0.
1478876803 1 0.0 0. 0.0 0.
1478876863 1 0.0 0. 0.0 0.
1478876923 1 0.0 0. 0.0 0.
1478876983 1 0.0 0. 0.0 0.
1478877043 1 0.0 0. 0.0 0.
1478877103 1 0.0 0. 0.0 0.
1478877163 1 0.0 0. 0.0 0.
1478877224 1 0.0 0. 0.0 0.
1478877284 1 0.0 0. 0.0 0.
1478877344 1 0.0 0. 0.0 0.
1478877404 1 0.0 0. 0.0 0.
1478877464 1 0.0 0. 0.0 0.
1478877524 1 0.0 0. 0.0 0.
1478877584 1 0.0 0. 0.0 0.
1478877645 1 0.0 0. 0.0 0.
1478877705 1 0.0 0. 0.0 0.
1478877765 1 0.0 0. 0.0 0.
1478877825 1 0.0 0. 0.0 0.
1478877885 1 0.0 0. 0.0 0.
1478877945 1 0.0 0. 0.0 0.
1478878005 1 0.0 0. 0.0 0.
1478878065 1 0.0 0. 0.0 0.
1478878126 1 0.0 0. 0.0 0.
1478878186 1 0.0 0. 0.0 0.
1478878246 1 0.0 0. 0.0 0.
1478878306 1 0.0 0. 0.0 0.
1478878366 1 0.0 0. 0.0 0.
1478878426 1 0.0 0. 0.0 0.
1478878486 1 0.0 0. 0.0 0.
1478878546 1 0.0 0. 0.0 0.
1478878607 1 0.0 0. 0.0 0.
1478878667 1 0.0 0. 0.0 0.
1478878727 1 0.0 0. 0.0 0.
1478878787 1 0.0 0. 0.0 0.
1478878847 1 0.0 0. 0.0 0.
1478878907 1 0.0 0. 0.0 0.
1478878968 1 0.0 0. 0.0 0.
1478879028 1 0.0 0. 0.0 0.
1478879088 1 0.0 0. 0.0 0.
1478879148 1 0.0 0. 0.0 0.
1478879208 1 0.0 0. 0.0 0.
1478879268 1 0.0 0. 0.0 0.
1478879328 1 0.0 0. 0.0 0.
1478879388 1 0.0 0. 0.0 0.
1478879449 1 0.0 0. 0.0 0.
1478879509 1 0.0 0. 0.0 0.
1478879569 1 0.0 0. 0.0 0.
1478879629 1 0.0 0. 0.0 0.
1478879689 1 0.0 0. 0.0 0.
1478879749 1 0.0 0. 0.0 0.
1478879809 1 0.0 0. 0.0 0.
1478879870 1 0.0 0. 0.0 0.
1478879930 1 0.0 0. 0.0 0.
1478879990 1 0.0 0. 0.0 0.
1478880050 1 0.0 0. 0.0 0.
1478880110 1 0.0 0. 0.0 0.
1478880170 1 0.0 0. 0.0 0.
1478880887 1 0.0 0. 0.0 0.
1478881604 1 0.0 0. 0.0 0.
1478881664 1 0.0 0. 0.0 0.
1478881720 1 0.0 0. 0.0 0.
1478881755 1 0.0 0. 0.0 0.
1478881794 1 0.0 0. 0.0 0.
1478881854 1 0.0 0. 0.0 0.
1478881915 1 0.0 0. 0.0 0.
1478881975 1 0.0 0. 0.0 0.
1478882035 1 0.0 0. 0.0 0.
1478882095 1 0.0 0. 0.0 0.
1478882155 1 0.0 0. 0.0 0.
1478882215 1 0.0 0. 0.0 0.
1478882275 1 0.0 0. 0.0 0.
1478882335 1 0.0 0. 0.0 0.
1478882396 1 0.0 0. 0.0 0.
1478882456 1 0.0 0. 0.0 0.
1478882516 1 0.0 0. 0.0 0.
1478882576 1 0.0 0. 0.0 0.
1478882636 1 0.0 0. 0.0 0.
1478882696 1 0.0 0. 0.0 0.
1478882756 1 0.0 0. 0.0 0.
1478882817 1 0.0 0. 0.0 0.
1478882877 1 0.0 0. 0.0 0.
1478882937 1 0.0 0. 0.0 0.
1478882997 1 0.0 0. 0.0 0.
1478883057 1 0.0 0. 0.0 0.
1478883117 1 0.0 0. 0.0 0.
1478883177 1 0.0 0. 0.0 0.
1478883237 1 0.0 0. 0.0 0.
1478883298 1 0.0 0. 0.0 0.
1478883358 1 0.0 0. 0.0 0.
1478883418 1 0.0 0. 0.0 0.
1478883478 1 0.0 0. 0.0 0.
1478883538 1 0.0 0. 0.0 0.
1478883598 1 0.0 0. 0.0 0.
1478883658 1 0.0 0. 0.0 0.
1478883718 1 0.0 0. 0.0 0.
1478883779 1 0.0 0. 0.0 0.
1478883839 1 0.0 0. 0.0 0.
1478883899 1 0.0 0. 0.0 0.
1478883959 1 0.0 0. 0.0 0.
1478884019 1 0.0 0. 0.0 0.
1478884079 1 0.0 0. 0.0 0.
1478884139 1 0.0 0. 0.0 0.
1478884200 1 0.0 0. 0.0 0.
1478884260 1 0.0 0. 0.0 0.
1478884320 1 0.0 0. 0.0 0.
1478884380 1 0.0 0. 0.0 0.
1478884440 1 0.0 0. 0.0 0.
1478884500 1 0.0 0. 0.0 0.
1478884560 1 0.0 0. 0.0 0.
1478884620 1 0.0 0. 0.0 0.
1478884681 1 0.0 0. 0.0 0.
1478884741 1 0.0 0. 0.0 0.
1478884801 1 0.0 0. 0.0 0.
1478884861 1 0.0 0. 0.0 0.
1478884921 1 0.0 0. 0.0 0.
1478884981 1 0.0 0. 0.0 0.
1478885041 1 0.0 0. 0.0 0.
1478885101 1 0.0 0. 0.0 0.
1478885162 1 0.0 0. 0.0 0.
1478885222 1 0.0 0. 0.0 0.
1478885282 1 0.0 0. 0.0 0.
1478885342 1 0.0 0. 0.0 0.
1478885402 1 0.0 0. 0.0 0.
1478885462 1 0.0 0. 0.0 0.
1478885522 1 0.0 0. 0.0 0.
1478885582 1 0.0 0. 0.0 0.
1478885643 1 0.0 0. 0.0 0.
1478885703 1 0.0 0. 0.0 0.
1478885763 1 0.0 0. 0.0 0.
1478885823 1 0.0 0. 0.0 0.
1478885883 1 0.0 0. 0.0 0.
1478885943 1 0.0 0. 0.0 0.
1478886003 1 0.0 0. 0.0 0.
1478886063 1 0.0 0. 0.0 0.
1478886123 1 0.0 0. 0.0 0.
1478886184 1 0.0 0. 0.0 0.
1478886244 1 0.0 0. 0.0 0.
1478886304 1 0.0 0. 0.0 0.
1478886364 1 0.0 0. 0.0 0.
1478886424 1 0.0 0. 0.0 0.
1478886484 1 0.0 0. 0.0 0.
1478886544 1 0.0 0. 0.0 0.
1478886604 1 0.0 0. 0.0 0.
1478886665 1 0.0 0. 0.0 0.
1478886725 1 0.0 0. 0.0 0.
1478886785 1 0.0 0. 0.0 0.
1478886845 1 0.0 0. 0.0 0.
1478886905 1 0.0 0. 0.0 0.
1478886965 1 0.0 0. 0.0 0.
1478887025 1 0.0 0. 0.0 0.
1478887086 1 0.0 0. 0.0 0.
1478887146 1 0.0 0. 0.0 0.
1478887206 1 0.0 0. 0.0 0.
1478887266 1 0.0 0. 0.0 0.
1478887326 1 0.0 0. 0.0 0.
1478887386 1 0.0 0. 0.0 0.
1478887446 1 0.0 0. 0.0 0.
1478887507 1 0.0 0. 0.0 0.
1478887567 1 0.0 0. 0.0 0.
1478887627 1 0.0 0. 0.0 0.
1478887687 1 0.0 0. 0.0 0.
1478887747 1 0.0 0. 0.0 0.
1478887807 1 0.0 0. 0.0 0.
1478887867 1 0.0 0. 0.0 0.
1478887928 1 0.0 0. 0.0 0.
1478887988 1 0.0 0. 0.0 0.
1478888048 1 0.0 0. 0.0 0.
1478888108 1 0.0 0. 0.0 0.
1478888168 1 0.0 0. 0.0 0.
1478888228 1 0.0 0. 0.0 0.
1478888288 1 0.0 0. 0.0 0.
1478888348 1 0.0 0. 0.0 0.
1478888409 1 0.0 0. 0.0 0.
1478888469 1 0.0 0. 0.0 0.
1478888529 1 0.0 0. 0.0 0.
1478888589 1 0.0 0. 0.0 0.
1478888649 1 0.0 0. 0.0 0.
1478888709 1 0.0 0. 0.0 0.
1478888769 1 0.0 0. 0.0 0.
1478888829 1 0.0 0. 0.0 0.
1478888889 1 0.0 0. 0.0 0.
1478888950 1 0.0 0. 0.0 0.
1478889010 1 0.0 0. 0.0 0.
1478889070 1 0.0 0. 0.0 0.
1478889130 1 0.0 0. 0.0 0.
1478889190 1 0.0 0. 0.0 0.
1478889250 1 0.0 0. 0.0 0.
1478889310 1 0.0 0. 0.0 0.
1478889371 1 0.0 0. 0.0 0.
1478889431 1 0.0 0. 0.0 0.
1478889491 1 0.0 0. 0.0 0.
1478889551 1 0.0 0. 0.0 0.
1478889611 1 0.0 0. 0.0 0.
1478889671 1 0.0 0. 0.0 0.
1478889731 1 0.0 0. 0.0 0.
1478889792 1 0.0 0. 0.0 0.
1478889852 1 0.0 0. 0.0 0.
1478889912 1 0.0 0. 0.0 0.
1478889972 1 0.0 0. 0.0 0.
1478890032 1 0.0 0. 0.0 0.
1478890092 1 0.0 0. 0.0 0.
1478890152 1 0.0 0. 0.0 0.
1478890212 1 0.0 0. 0.0 0.
1478890273 1 0.0 0. 0.0 0.
1478890333 1 0.0 0. 0.0 0.
1478890393 1 0.0 0. 0.0 0.
1478890453 1 0.0 0. 0.0 0.
1478890513 1 0.0 0. 0.0 0.
1478890573 1 0.0 0. 0.0 0.
1478890633 1 0.0 0. 0.0 0.
1478890693 1 0.0 0. 0.0 0.
1478890754 1 0.0 0. 0.0 0.
1478890814 1 0.0 0. 0.0 0.
1478890874 1 0.0 0. 0.0 0.
1478890934 1 0.0 0. 0.0 0.
1478890994 1 0.0 0. 0.0 0.
1478891054 1 0.0 0. 0.0 0.
1478891114 1 0.0 0. 0.0 0.
1478891175 1 0.0 0. 0.0 0.
1478891235 1 0.0 0. 0.0 0.
1478891295 1 0.0 0. 0.0 0.
1478891355 1 0.0 0. 0.0 0.
1478891415 1 0.0 0. 0.0 0.
1478891475 1 0.0 0. 0.0 0.
1478891535 1 0.0 0. 0.0 0.
1478891596 1 0.0 0. 0.0 0.
1478891656 1 0.0 0. 0.0 0.
1478891716 1 0.0 0. 0.0 0.
1478891776 1 0.0 0. 0.0 0.
1478891836 1 0.0 0. 0.0 0.
1478891896 1 0.0 0. 0.0 0.
1478891956 1 0.0 0. 0.0 0.
1478892016 1 0.0 0. 0.0 0.
1478892077 1 0.0 0. 0.0 0.
1478892137 1 0.0 0. 0.0 0.
1478892197 1 0.0 0. 0.0 0.
1478892257 1 0.0 0. 0.0 0.
1478892317 1 0.0 0. 0.0 0.
1478892377 1 0.0 0. 0.0 0.
1478892437 1 0.0 0. 0.0 0.
1478892497 1 0.0 0. 0.0 0.
1478892557 1 0.0 0. 0.0 0.
1478892618 1 0.0 0. 0.0 0.
1478892678 1 0.0 0. 0.0 0.
1478892738 1 0.0 0. 0.0 0.
1478892798 1 0.0 0. 0.0 0.
1478892858 1 0.0 0. 0.0 0.
1478892918 1 0.0 0. 0.0 0.
1478892978 1 0.0 0. 0.0 0.
1478893039 1 0.0 0. 0.0 0.
1478893099 1 0.0 0. 0.0 0.
1478893159 1 0.0 0. 0.0 0.
1478893219 1 0.0 0. 0.0 0.
1478893279 1 0.0 0. 0.0 0.
1478893339 1 0.0 0. 0.0 0.
1478893399 1 0.0 0. 0.0 0.
1478893459 1 0.0 0. 0.0 0.
1478893520 1 0.0 0. 0.0 0.
1478893580 1 0.0 0. 0.0 0.
1478893640 1 0.0 0. 0.0 0.
1478893700 1 0.0 0. 0.0 0.
1478893760 1 0.0 0. 0.0 0.
1478893820 1 0.0 0. 0.0 0.
1478893880 1 0.0 0. 0.0 0.
1478893940 1 0.0 0. 0.0 0.
1478894000 1 0.0 0. 0.0 0.
1478894061 1 0.0 0. 0.0 0.
1478894121 1 0.0 0. 0.0 0.
1478894181 1 0.0 0. 0.0 0.
1478894241 1 0.0 0. 0.0 0.
1478894301 1 0.0 0. 0.0 0.
1478894361 1 0.0 0. 0.0 0.
1478894421 1 0.0 0. 0.0 0.
1478894481 1 0.0 0. 0.0 0.
1478894542 1 0.0 0. 0.0 0.
1478894602 1 0.0 0. 0.0 0.
1478894662 1 0.0 0. 0.0 0.
1478894722 1 0.0 0. 0.0 0.
1478894782 1 0.0 0. 0.0 0.
1478894842 1 0.0 0. 0.0 0.
1478894902 1 0.0 0. 0.0 0.
1478894962 1 0.0 0. 0.0 0.
1478895022 1 0.0 0. 0.0 0.
1478895083 1 0.0 0. 0.0 0.
1478895143 1 0.0 0. 0.0 0.
1478895203 1 0.0 0. 0.0 0.
1478895263 1 0.0 0. 0.0 0.
1478895323 1 0.0 0. 0.0 0.
1478895383 1 0.0 0. 0.0 0.
1478895443 1 0.0 0. 0.0 0.
1478895503 1 0.0 0. 0.0 0.
1478895564 1 0.0 0. 0.0 0.
1478895624 1 0.0 0. 0.0 0.
1478895684 1 0.0 0. 0.0 0.
1478895744 1 0.0 0. 0.0 0.
1478895804 1 0.0 0. 0.0 0.
1478895864 1 0.0 0. 0.0 0.
1478895924 1 0.0 0. 0.0 0.
1478895984 1 0.0 0. 0.0 0.
1478896045 1 0.0 0. 0.0 0.
1478896105 1 0.0 0. 0.0 0.
1478896165 1 0.0 0. 0.0 0.
1478896225 1 0.0 0. 0.0 0.
1478896285 1 0.0 0. 0.0 0.
1478896345 1 0.0 0. 0.0 0.
1478896405 1 0.0 0. 0.0 0.
1478896466 1 0.0 0. 0.0 0.
1478896526 1 0.0 0. 0.0 0.
1478896586 1 0.0 0. 0.0 0.
1478896646 1 0.0 0. 0.0 0.
1478896706 1 0.0 0. 0.0 0.
1478896766 1 0.0 0. 0.0 0.
1478896826 1 0.0 0. 0.0 0.
1478896886 1 0.0 0. 0.0 0.
1478896947 1 0.0 0. 0.0 0.
1478897007 1 0.0 0. 0.0 0.
1478897067 1 0.0 0. 0.0 0.
1478897127 1 0.0 0. 0.0 0.
1478897187 1 0.0 0. 0.0 0.
1478897247 1 0.0 0. 0.0 0.
1478897307 1 0.0 0. 0.0 0.
1478897367 1 0.0 0. 0.0 0.
1478897427 1 0.0 0. 0.0 0.
1478897488 1 0.0 0. 0.0 0.
1478897548 1 0.0 0. 0.0 0.
1478897608 1 0.0 0. 0.0 0.
1478897668 1 0.0 0. 0.0 0.
1478897728 1 0.0 0. 0.0 0.
1478897788 1 0.0 0. 0.0 0.
1478897848 1 0.0 0. 0.0 0.
1478897909 1 0.0 0. 0.0 0.
1478897969 1 0.0 0. 0.0 0.
1478898029 1 0.0 0. 0.0 0.
1478898089 1 0.0 0. 0.0 0.
1478898149 1 0.0 0. 0.0 0.
1478898209 1 0.0 0. 0.0 0.
1478898269 1 0.0 0. 0.0 0.
1478898329 1 0.0 0. 0.0 0.
1478898390 1 0.0 0. 0.0 0.
1478898450 1 0.0 0. 0.0 0.
1478898510 1 0.0 0. 0.0 0.
1478898570 1 0.0 0. 0.0 0.
1478898630 1 0.0 0. 0.0 0.
1478898690 1 0.0 0. 0.0 0.
1478898750 1 0.0 0. 0.0 0.
1478898810 1 0.0 0. 0.0 0.
1478898871 1 0.0 0. 0.0 0.
1478898931 1 0.0 0. 0.0 0.
1478898991 1 0.0 0. 0.0 0.
1478899051 1 0.0 0. 0.0 0.
1478899111 1 0.0 0. 0.0 0.
1478899171 1 0.0 0. 0.0 0.
1478899231 1 0.0 0. 0.0 0.
1478899291 1 0.0 0. 0.0 0.
1478899352 1 0.0 0. 0.0 0.
1478899412 1 0.0 0. 0.0 0.
1478899472 1 0.0 0. 0.0 0.
1478899532 1 0.0 0. 0.0 0.
1478899592 1 0.0 0. 0.0 0.
1478899652 1 0.0 0. 0.0 0.
1478899712 1 0.0 0. 0.0 0.
1478899772 1 0.0 0. 0.0 0.
1478899833 1 0.0 0. 0.0 0.
1478899893 1 0.0 0. 0.0 0.
1478899953 1 0.0 0. 0.0 0.
1478900013 1 0.0 0. 0.0 0.
1478900073 1 0.0 0. 0.0 0.
1478900133 1 0.0 0. 0.0 0.
1478900193 1 0.0 0. 0.0 0.
1478900253 1 0.0 0. 0.0 0.
1478900314 1 0.0 0. 0.0 0.
1478900374 1 0.0 0. 0.0 0.
1478900434 1 0.0 0. 0.0 0.
1478900494 1 0.0 0. 0.0 0.
1478900554 1 0.0 0. 0.0 0.
1478900614 1 0.0 0. 0.0 0.
1478900674 1 0.0 0. 0.0 0.
1478900734 1 0.0 0. 0.0 0.
1478900795 1 0.0 0. 0.0 0.
1478900855 1 0.0 0. 0.0 0.
1478900915 1 0.0 0. 0.0 0.
1478900975 1 0.0 0. 0.0 0.
1478901035 1 0.0 0. 0.0 0.
1478901095 1 0.0 0. 0.0 0.
1478901155 1 0.0 0. 0.0 0.
1478901215 1 0.0 0. 0.0 0.
1478901276 1 0.0 0. 0.0 0.
1478901336 1 0.0 0. 0.0 0.
1478901396 1 0.0 0. 0.0 0.
1478901456 1 0.0 0. 0.0 0.
1478901516 1 0.0 0. 0.0 0.
1478901576 1 0.0 0. 0.0 0.
1478901636 1 0.0 0. 0.0 0.
1478901696 1 0.0 0. 0.0 0.
1478901756 1 0.0 0. 0.0 0.
1478901817 1 0.0 0. 0.0 0.
1478901877 1 0.0 0. 0.0 0.
1478901937 1 0.0 0. 0.0 0.
1478901997 1 0.0 0. 0.0 0.
1478902057 1 0.0 0. 0.0 0.
1478902117 1 0.0 0. 0.0 0.
1478902177 1 0.0 0. 0.0 0.
1478902237 1 0.0 0. 0.0 0.
1478902298 1 0.0 0. 0.0 0.
1478902358 1 0.0 0. 0.0 0.
1478902418 1 0.0 0. 0.0 0.
1478902478 1 0.0 0. 0.0 0.
1478902538 1 0.0 0. 0.0 0.
1478902598 1 0.0 0. 0.0 0.
1478902658 1 0.0 0. 0.0 0.
1478902718 1 0.0 0. 0.0 0.
1478902779 1 0.0 0. 0.0 0.
1478902839 1 0.0 0. 0.0 0.
1478902899 1 0.0 0. 0.0 0.
1478902959 1 0.0 0. 0.0 0.
1478903019 1 0.0 0. 0.0 0.
1478903079 1 0.0 0. 0.0 0.
1478903139 1 0.0 0. 0.0 0.
1478903199 1 0.0 0. 0.0 0.
1478903260 1 0.0 0. 0.0 0.
1478903320 1 0.0 0. 0.0 0.
1478903380 1 0.0 0. 0.0 0.
1478903440 1 0.0 0. 0.0 0.
1478903500 1 0.0 0. 0.0 0.
1478903560 1 0.0 0. 0.0 0.
1478903620 1 0.0 0. 0.0 0.
1478903680 1 0.0 0. 0.0 0.
1478903740 1 0.0 0. 0.0 0.
1478903801 1 0.0 0. 0.0 0.
1478903861 1 0.0 0. 0.0 0.
1478903921 1 0.0 0. 0.0 0.
1478903981 1 0.0 0. 0.0 0.
1478904041 1 0.0 0. 0.0 0.
1478904101 1 0.0 0. 0.0 0.
1478904161 1 0.0 0. 0.0 0.
1478904222 1 0.0 0. 0.0 0.
1478904282 1 0.0 0. 0.0 0.
1478904342 1 0.0 0. 0.0 0.
1478904402 1 0.0 0. 0.0 0.
1478904462 1 0.0 0. 0.0 0.
1478904522 1 0.0 0. 0.0 0.
1478904582 1 0.0 0. 0.0 0.
1478904642 1 0.0 0. 0.0 0.
1478904702 1 0.0 0. 0.0 0.
1478904763 1 0.0 0. 0.0 0.
1478904823 1 0.0 0. 0.0 0.
1478904883 1 0.0 0. 0.0 0.
1478904943 1 0.0 0. 0.0 0.
1478905003 1 0.0 0. 0.0 0.
1478905063 1 0.0 0. 0.0 0.
1478905123 1 0.0 0. 0.0 0.
1478905184 1 0.0 0. 0.0 0.
1478905244 1 0.0 0. 0.0 0.
1478905304 1 0.0 0. 0.0 0.
1478905364 1 0.0 0. 0.0 0.
1478905424 1 0.0 0. 0.0 0.
1478905484 1 0.0 0. 0.0 0.
1478905544 1 0.0 0. 0.0 0.
1478905605 1 0.0 0. 0.0 0.
1478905665 1 0.0 0. 0.0 0.
1478905725 1 0.0 0. 0.0 0.
1478905785 1 0.0 0. 0.0 0.
1478905845 1 0.0 0. 0.0 0.
1478905905 1 0.0 0. 0.0 0.
1478905965 1 0.0 0. 0.0 0.
1478906025 1 0.0 0. 0.0 0.
1478906086 1 0.0 0. 0.0 0.
1478906146 1 0.0 0. 0.0 0.
1478906206 1 0.0 0. 0.0 0.
1478906266 1 0.0 0. 0.0 0.
1478906326 1 0.0 0. 0.0 0.
1478906386 1 0.0 0. 0.0 0.
1478906446 1 0.0 0. 0.0 0.
1478906506 1 0.0 0. 0.0 0.
1478906567 1 0.0 0. 0.0 0.
1478906627 1 0.0 0. 0.0 0.
1478906687 1 0.0 0. 0.0 0.
1478906747 1 0.0 0. 0.0 0.
1478906807 1 0.0 0. 0.0 0.
1478906867 1 0.0 0. 0.0 0.
1478906927 1 0.0 0. 0.0 0.
1478906987 1 0.0 0. 0.0 0.
1478907048 1 0.0 0. 0.0 0.
1478907108 1 0.0 0. 0.0 0.
1478907168 1 0.0 0. 0.0 0.
1478907228 1 0.0 0. 0.0 0.
1478907288 1 0.0 0. 0.0 0.
1478907348 1 0.0 0. 0.0 0.
1478907408 1 0.0 0. 0.0 0.
1478907468 1 0.0 0. 0.0 0.
1478907529 1 0.0 0. 0.0 0.
1478907589 1 0.0 0. 0.0 0.
1478907649 1 0.0 0. 0.0 0.
1478907709 1 0.0 0. 0.0 0.
1478907769 1 0.0 0. 0.0 0.
1478907829 1 0.0 0. 0.0 0.
1478907890 1 0.0 0. 0.0 0.
1478907950 1 0.0 0. 0.0 0.
1478908010 1 0.0 0. 0.0 0.
1478908070 1 0.0 0. 0.0 0.
1478908130 1 0.0 0. 0.0 0.
1478908190 1 0.0 0. 0.0 0.
1478908250 1 0.0 0. 0.0 0.
1478908311 1 0.0 0. 0.0 0.
1478908371 1 0.0 0. 0.0 0.
1478908431 1 0.0 0. 0.0 0.
1478908491 1 0.0 0. 0.0 0.
1478908551 1 0.0 0. 0.0 0.
1478908611 1 0.0 0. 0.0 0.
1478908671 1 0.0 0. 0.0 0.
1478908731 1 0.0 0. 0.0 0.
1478908792 1 0.0 0. 0.0 0.
1478908852 1 0.0 0. 0.0 0.
1478908912 1 0.0 0. 0.0 0.
1478908972 1 0.0 0. 0.0 0.
1478909032 1 0.0 0. 0.0 0.
1478909092 1 0.0 0. 0.0 0.
1478909152 1 0.0 0. 0.0 0.
1478909212 1 0.0 0. 0.0 0.
1478909272 1 0.0 0. 0.0 0.
1478909333 1 0.0 0. 0.0 0.
1478909393 1 0.0 0. 0.0 0.
1478909453 1 0.0 0. 0.0 0.
1478909513 1 0.0 0. 0.0 0.
1478909573 1 0.0 0. 0.0 0.
1478909633 1 0.0 0. 0.0 0.
1478909694 1 0.0 0. 0.0 0.
1478909754 1 0.0 0. 0.0 0.
1478909814 1 0.0 0. 0.0 0.
1478909874 1 0.0 0. 0.0 0.
1478909934 1 0.0 0. 0.0 0.
1478909994 1 0.0 0. 0.0 0.
1478910054 1 0.0 0. 0.0 0.
1478910114 1 0.0 0. 0.0 0.
1478910174 1 0.0 0. 0.0 0.
1478910235 1 0.0 0. 0.0 0.
1478910295 1 0.0 0. 0.0 0.
1478910355 1 0.0 0. 0.0 0.
1478910415 1 0.0 0. 0.0 0.
1478910475 1 0.0 0. 0.0 0.
1478910535 1 0.0 0. 0.0 0.
1478910595 1 0.0 0. 0.0 0.
1478910656 1 0.0 0. 0.0 0.
1478910716 1 0.0 0. 0.0 0.
1478910776 1 0.0 0. 0.0 0.
1478910836 1 0.0 0. 0.0 0.
1478910896 1 0.0 0. 0.0 0.
1478910956 1 0.0 0. 0.0 0.
1478911016 1 0.0 0. 0.0 0.
1478911077 1 0.0 0. 0.0 0.
1478911137 1 0.0 0. 0.0 0.
1478911197 1 0.0 0. 0.0 0.
1478911257 1 0.0 0. 0.0 0.
1478911317 1 0.0 0. 0.0 0.
1478911377 1 0.0 0. 0.0 0.
1478911437 1 0.0 0. 0.0 0.
1478911498 1 0.0 0. 0.0 0.
1478911558 1 0.0 0. 0.0 0.
1478911618 1 0.0 0. 0.0 0.
1478911678 1 0.0 0. 0.0 0.
1478911738 1 0.0 0. 0.0 0.
1478911798 1 0.0 0. 0.0 0.
1478911858 1 0.0 0. 0.0 0.
1478911918 1 0.0 0. 0.0 0.
1478911979 1 0.0 0. 0.0 0.
1478912039 1 0.0 0. 0.0 0.
1478912099 1 0.0 0. 0.0 0.
1478912159 1 0.0 0. 0.0 0.
1478912219 1 0.0 0. 0.0 0.
1478912279 1 0.0 0. 0.0 0.
1478912339 1 0.0 0. 0.0 0.
1478912399 1 0.0 0. 0.0 0.
1478912459 1 0.0 0. 0.0 0.
1478912520 1 0.0 0. 0.0 0.
1478912580 1 0.0 0. 0.0 0.
1478912640 1 0.0 0. 0.0 0.
1478912700 1 0.0 0. 0.0 0.
1478912760 1 0.0 0. 0.0 0.
1478912820 1 0.0 0. 0.0 0.
1478912880 1 0.0 0. 0.0 0.
1478912940 1 0.0 0. 0.0 0.
1478913001 1 0.0 0. 0.0 0.
1478913061 1 0.0 0. 0.0 0.
1478913121 1 0.0 0. 0.0 0.
1478913181 1 0.0 0. 0.0 0.
1478913241 1 0.0 0. 0.0 0.
1478913301 1 0.0 0. 0.0 0.
1478913361 1 0.0 0. 0.0 0.
1478913422 1 0.0 0. 0.0 0.
1478913482 1 0.0 0. 0.0 0.
1478913542 1 0.0 0. 0.0 0.
1478913602 1 0.0 0. 0.0 0.
1478913662 1 0.0 0. 0.0 0.
1478913722 1 0.0 0. 0.0 0.
1478913782 1 0.0 0. 0.0 0.
1478913842 1 0.0 0. 0.0 0.
1478913902 1 0.0 0. 0.0 0.
1478913963 1 0.0 0. 0.0 0.
1478914023 1 0.0 0. 0.0 0.
1478914083 1 0.0 0. 0.0 0.
1478914143 1 0.0 0. 0.0 0.
1478914203 1 0.0 0. 0.0 0.
1478914263 1 0.0 0. 0.0 0.
1478914324 1 0.0 0. 0.0 0.
1478914384 1 0.0 0. 0.0 0.
1478914444 1 0.0 0. 0.0 0.
1478914504 1 0.0 0. 0.0 0.
1478914564 1 0.0 0. 0.0 0.
1478914624 1 0.0 0. 0.0 0.
1478914684 1 0.0 0. 0.0 0.
1478914744 1 0.0 0. 0.0 0.
1478914805 1 0.0 0. 0.0 0.
1478914865 1 0.0 0. 0.0 0.
1478914925 1 0.0 0. 0.0 0.
1478914985 1 0.0 0. 0.0 0.
1478915045 1 0.0 0. 0.0 0.
1478915105 1 0.0 0. 0.0 0.
1478915165 1 0.0 0. 0.0 0.
1478915226 1 0.0 0. 0.0 0.
1478915286 1 0.0 0. 0.0 0.
1478915346 1 0.0 0. 0.0 0.
1478915406 1 0.0 0. 0.0 0.
1478915466 1 0.0 0. 0.0 0.
1478915526 1 0.0 0. 0.0 0.
1478915586 1 0.0 0. 0.0 0.
1478915647 1 0.0 0. 0.0 0.
1478915707 1 0.0 0. 0.0 0.
1478915767 1 0.0 0. 0.0 0.
1478915827 1 0.0 0. 0.0 0.
1478915887 1 0.0 0. 0.0 0.
1478915947 1 0.0 0. 0.0 0.
1478916007 1 0.0 0. 0.0 0.
1478916067 1 0.0 0. 0.0 0.
1478916128 1 0.0 0. 0.0 0.
1478916188 1 0.0 0. 0.0 0.
1478916248 1 0.0 0. 0.0 0.
1478916308 1 0.0 0. 0.0 0.
1478916368 1 0.0 0. 0.0 0.
1478916428 1 0.0 0. 0.0 0.
1478916488 1 0.0 0. 0.0 0.
1478916548 1 0.0 0. 0.0 0.
1478916609 1 0.0 0. 0.0 0.
1478916669 1 0.0 0. 0.0 0.
1478916729 1 0.0 0. 0.0 0.
1478916789 1 0.0 0. 0.0 0.
1478916849 1 0.0 0. 0.0 0.
1478916909 1 0.0 0. 0.0 0.
1478916969 1 0.0 0. 0.0 0.
1478917029 1 0.0 0. 0.0 0.
1478917090 1 0.0 0. 0.0 0.
1478917150 1 0.0 0. 0.0 0.
1478917210 1 0.0 0. 0.0 0.
1478917270 1 0.0 0. 0.0 0.
1478917330 1 0.0 0. 0.0 0.
1478917390 1 0.0 0. 0.0 0.
1478917450 1 0.0 0. 0.0 0.
1478917510 1 0.0 0. 0.0 0.
1478917570 1 0.0 0. 0.0 0.
1478917631 1 0.0 0. 0.0 0.
1478917691 1 0.0 0. 0.0 0.
1478917751 1 0.0 0. 0.0 0.
1478917811 1 0.0 0. 0.0 0.
1478917871 1 0.0 0. 0.0 0.
1478917931 1 0.0 0. 0.0 0.
1478917991 1 0.0 0. 0.0 0.
1478918052 1 0.0 0. 0.0 0.
1478918112 1 0.0 0. 0.0 0.
1478918172 1 0.0 0. 0.0 0.
1478918232 1 0.0 0. 0.0 0.
1478918292 1 0.0 0. 0.0 0.
1478918352 1 0.0 0. 0.0 0.
1478918412 1 0.0 0. 0.0 0.
1478918472 1 0.0 0. 0.0 0.
1478918533 1 0.0 0. 0.0 0.
1478918593 1 0.0 0. 0.0 0.
1478918653 1 0.0 0. 0.0 0.
1478918713 1 0.0 0. 0.0 0.
1478918773 1 0.0 0. 0.0 0.
1478918833 1 0.0 0. 0.0 0.
1478918893 1 0.0 0. 0.0 0.
1478918953 1 0.0 0. 0.0 0.
1478919014 1 0.0 0. 0.0 0.
1478919074 1 0.0 0. 0.0 0.
1478919134 1 0.0 0. 0.0 0.
1478919194 1 0.0 0. 0.0 0.
1478919254 1 0.0 0. 0.0 0.
1478919314 1 0.0 0. 0.0 0.
1478919374 1 0.0 0. 0.0 0.
1478919434 1 0.0 0. 0.0 0.
1478919495 1 0.0 0. 0.0 0.
1478919555 1 0.0 0. 0.0 0.
1478919615 1 0.0 0. 0.0 0.
1478919675 1 0.0 0. 0.0 0.
1478919735 1 0.0 0. 0.0 0.
1478919795 1 0.0 0. 0.0 0.
1478919855 1 0.0 0. 0.0 0.
1478919916 1 0.0 0. 0.0 0.
1478919976 1 0.0 0. 0.0 0.
1478920036 1 0.0 0. 0.0 0.
1478920096 1 0.0 0. 0.0 0.
1478920156 1 0.0 0. 0.0 0.
1478920216 1 0.0 0. 0.0 0.
1478920276 1 0.0 0. 0.0 0.
1478920337 1 0.0 0. 0.0 0.
1478920397 1 0.0 0. 0.0 0.
1478920457 1 0.0 0. 0.0 0.
1478920517 1 0.0 0. 0.0 0.
1478920577 1 0.0 0. 0.0 0.
1478920637 1 0.0 0. 0.0 0.
1478920697 1 0.0 0. 0.0 0.
1478920757 1 0.0 0. 0.0 0.
1478920818 1 0.0 0. 0.0 0.
1478920878 1 0.0 0. 0.0 0.
1478920938 1 0.0 0. 0.0 0.
1478920998 1 0.0 0. 0.0 0.
1478921058 1 0.0 0. 0.0 0.
1478921118 1 0.0 0. 0.0 0.
1478921178 1 0.0 0. 0.0 0.
1478921238 1 0.0 0. 0.0 0.
1478921299 1 0.0 0. 0.0 0.
1478921359 1 0.0 0. 0.0 0.
1478921419 1 0.0 0. 0.0 0.
1478921479 1 0.0 0. 0.0 0.
1478921539 1 0.0 0. 0.0 0.
1478921599 1 0.0 0. 0.0 0.
1478921659 1 0.0 0. 0.0 0.
1478921719 1 0.0 0. 0.0 0.
1478921779 1 0.0 0. 0.0 0.
1478921840 1 0.0 0. 0.0 0.
1478921900 1 0.0 0. 0.0 0.
1478921960 1 0.0 0. 0.0 0.
1478922020 1 0.0 0. 0.0 0.
1478922080 1 0.0 0. 0.0 0.
1478922140 1 0.0 0. 0.0 0.
1478922200 1 0.0 0. 0.0 0.
1478922260 1 0.0 0. 0.0 0.
1478922321 1 0.0 0. 0.0 0.
1478922381 1 0.0 0. 0.0 0.
1478922441 1 0.0 0. 0.0 0.
1478922501 1 0.0 0. 0.0 0.
1478922561 1 0.0 0. 0.0 0.
1478922621 1 0.0 0. 0.0 0.
1478922681 1 0.0 0. 0.0 0.
1478922741 1 0.0 0. 0.0 0.
1478922802 1 0.0 0. 0.0 0.
1478922862 1 0.0 0. 0.0 0.
1478922922 1 0.0 0. 0.0 0.
1478922982 1 0.0 0. 0.0 0.
1478923042 1 0.0 0. 0.0 0.
1478923102 1 0.0 0. 0.0 0.
1478923162 1 0.0 0. 0.0 0.
1478923222 1 0.0 0. 0.0 0.
1478923283 1 0.0 0. 0.0 0.
1478923343 1 0.0 0. 0.0 0.
1478923403 1 0.0 0. 0.0 0.
1478923463 1 0.0 0. 0.0 0.
1478923523 1 0.0 0. 0.0 0.
1478923583 1 0.0 0. 0.0 0.
1478923643 1 0.0 0. 0.0 0.
1478923703 1 0.0 0. 0.0 0.
1478923764 1 0.0 0. 0.0 0.
1478923824 1 0.0 0. 0.0 0.
1478923884 1 0.0 0. 0.0 0.
1478923944 1 0.0 0. 0.0 0.
1478924004 1 0.0 0. 0.0 0.
1478924064 1 0.0 0. 0.0 0.
1478924124 1 0.0 0. 0.0 0.
1478924184 1 0.0 0. 0.0 0.
1478924245 1 0.0 0. 0.0 0.
1478924305 1 0.0 0. 0.0 0.
1478924365 1 0.0 0. 0.0 0.
1478924425 1 0.0 0. 0.0 0.
1478924485 1 0.0 0. 0.0 0.
1478924545 1 0.0 0. 0.0 0.
1478924605 1 0.0 0. 0.0 0.
1478924665 1 0.0 0. 0.0 0.
1478924726 1 0.0 0. 0.0 0.
1478924786 1 0.0 0. 0.0 0.
1478924846 1 0.0 0. 0.0 0.
1478924906 1 0.0 0. 0.0 0.
1478924966 1 0.0 0. 0.0 0.
1478925026 1 0.0 0. 0.0 0.
1478925086 1 0.0 0. 0.0 0.
1478925147 1 0.0 0. 0.0 0.
1478925207 1 0.0 0. 0.0 0.
1478925267 1 0.0 0. 0.0 0.
1478925327 1 0.0 0. 0.0 0.
1478925387 1 0.0 0. 0.0 0.
1478925448 1 0.0 0. 0.0 0.
1478925508 1 0.0 0. 0.0 0.
1478925568 1 0.0 0. 0.0 0.
1478925628 1 0.0 0. 0.0 0.
1478925688 1 0.0 0. 0.0 0.
1478925748 1 0.0 0. 0.0 0.
1478925808 1 0.0 0. 0.0 0.
1478925868 1 0.0 0. 0.0 0.
1478925929 1 0.0 0. 0.0 0.
1478925989 1 0.0 0. 0.0 0.
1478926049 1 0.0 0. 0.0 0.
1478926109 1 0.0 0. 0.0 0.
1478926169 1 0.0 0. 0.0 0.
1478926229 1 0.0 0. 0.0 0.
1478926289 1 0.0 0. 0.0 0.
1478926350 1 0.0 0. 0.0 0.
1478926410 1 0.0 0. 0.0 0.
1478926470 1 0.0 0. 0.0 0.
1478926530 1 0.0 0. 0.0 0.
1478926590 1 0.0 0. 0.0 0.
1478926650 1 0.0 0. 0.0 0.
1478926710 1 0.0 0. 0.0 0.
1478926771 1 0.0 0. 0.0 0.
1478926831 1 0.0 0. 0.0 0.
1478926891 1 0.0 0. 0.0 0.
1478926951 1 0.0 0. 0.0 0.
1478927011 1 0.0 0. 0.0 0.
1478927071 1 0.0 0. 0.0 0.
1478927131 1 0.0 0. 0.0 0.
1478927192 1 0.0 0. 0.0 0.
1478927252 1 0.0 0. 0.0 0.
1478927312 1 0.0 0. 0.0 0.
1478927372 1 0.0 0. 0.0 0.
1478927432 1 0.0 0. 0.0 0.
1478927492 1 0.0 0. 0.0 0.
1478927552 1 0.0 0. 0.0 0.
1478927613 1 0.0 0. 0.0 0.
1478927673 1 0.0 0. 0.0 0.
1478927733 1 0.0 0. 0.0 0.
1478927793 1 0.0 0. 0.0 0.
1478927853 1 0.0 0. 0.0 0.
1478927913 1 0.0 0. 0.0 0.
1478927973 1 0.0 0. 0.0 0.
1478928033 1 0.0 0. 0.0 0.
1478928094 1 0.0 0. 0.0 0.
1478928154 1 0.0 0. 0.0 0.
1478928214 1 0.0 0. 0.0 0.
1478928274 1 0.0 0. 0.0 0.
1478928334 1 0.0 0. 0.0 0.
1478928394 1 0.0 0. 0.0 0.
1478928454 1 0.0 0. 0.0 0.
1478928514 1 0.0 0. 0.0 0.
1478928574 1 0.0 0. 0.0 0.
1478928635 1 0.0 0. 0.0 0.
1478928695 1 0.0 0. 0.0 0.
1478928755 1 0.0 0. 0.0 0.
1478928815 1 0.0 0. 0.0 0.
1478928875 1 0.0 0. 0.0 0.
1478928935 1 0.0 0. 0.0 0.
1478928995 1 0.0 0. 0.0 0.
1478929056 1 0.0 0. 0.0 0.
1478929116 1 0.0 0. 0.0 0.
1478929176 1 0.0 0. 0.0 0.
1478929236 1 0.0 0. 0.0 0.
1478929296 1 0.0 0. 0.0 0.
1478929356 1 0.0 0. 0.0 0.
1478929416 1 0.0 0. 0.0 0.
1478929476 1 0.0 0. 0.0 0.
1478929536 1 0.0 0. 0.0 0.
1478929597 1 0.0 0. 0.0 0.
1478929657 1 0.0 0. 0.0 0.
1478929717 1 0.0 0. 0.0 0.
1478929777 1 0.0 0. 0.0 0.
1478929837 1 0.0 0. 0.0 0.
1478929897 1 0.0 0. 0.0 0.
1478929957 1 0.0 0. 0.0 0.
1478930018 1 0.0 0. 0.0 0.
1478930078 1 0.0 0. 0.0 0.
1478930138 1 0.0 0. 0.0 0.
1478930198 1 0.0 0. 0.0 0.
1478930258 1 0.0 0. 0.0 0.
1478930318 1 0.0 0. 0.0 0.
1478930378 1 0.0 0. 0.0 0.
1478930438 1 0.0 0. 0.0 0.
1478930498 1 0.0 0. 0.0 0.
1478930559 1 0.0 0. 0.0 0.
1478930619 1 0.0 0. 0.0 0.
1478930679 1 0.0 0. 0.0 0.
1478930739 1 0.0 0. 0.0 0.
1478930799 1 0.0 0. 0.0 0.
1478930859 1 0.0 0. 0.0 0.
1478930919 1 0.0 0. 0.0 0.
1478930980 1 0.0 0. 0.0 0.
1478931040 1 0.0 0. 0.0 0.
1478931100 1 0.0 0. 0.0 0.
1478931160 1 0.0 0. 0.0 0.
1478931220 1 0.0 0. 0.0 0.
1478931280 1 0.0 0. 0.0 0.
1478931340 1 0.0 0. 0.0 0.
1478931400 1 0.0 0. 0.0 0.
1478931461 1 0.0 0. 0.0 0.
1478931521 1 0.0 0. 0.0 0.
1478931581 1 0.0 0. 0.0 0.
1478931641 1 0.0 0. 0.0 0.
1478931701 1 0.0 0. 0.0 0.
1478931761 1 0.0 0. 0.0 0.
1478931821 1 0.0 0. 0.0 0.
1478931881 1 0.0 0. 0.0 0.
1478931942 1 0.0 0. 0.0 0.
1478932002 1 0.0 0. 0.0 0.
1478932062 1 0.0 0. 0.0 0.
1478932122 1 0.0 0. 0.0 0.
1478932182 1 0.0 0. 0.0 0.
1478932242 1 0.0 0. 0.0 0.
1478932302 1 0.0 0. 0.0 0.
1478932362 1 0.0 0. 0.0 0.
1478932422 1 0.0 0. 0.0 0.
1478932483 1 0.0 0. 0.0 0.
1478932543 1 0.0 0. 0.0 0.
1478932603 1 0.0 0. 0.0 0.
1478932663 1 0.0 0. 0.0 0.
1478932723 1 0.0 0. 0.0 0.
1478932783 1 0.0 0. 0.0 0.
1478932843 1 0.0 0. 0.0 0.
1478932903 1 0.0 0. 0.0 0.
1478932964 1 0.0 0. 0.0 0.
1478933024 1 0.0 0. 0.0 0.
1478933084 1 0.0 0. 0.0 0.
1478933144 1 0.0 0. 0.0 0.
1478933204 1 0.0 0. 0.0 0.
1478933264 1 0.0 0. 0.0 0.
1478933324 1 0.0 0. 0.0 0.
1478933384 1 0.0 0. 0.0 0.
1478933445 1 0.0 0. 0.0 0.
1478933505 1 0.0 0. 0.0 0.
1478933565 1 0.0 0. 0.0 0.
1478933625 1 0.0 0. 0.0 0.
1478933685 1 0.0 0. 0.0 0.
1478933745 1 0.0 0. 0.0 0.
1478933805 1 0.0 0. 0.0 0.
1478933865 1 0.0 0. 0.0 0.
1478933926 1 0.0 0. 0.0 0.
1478933986 1 0.0 0. 0.0 0.
1478934046 1 0.0 0. 0.0 0.
1478934106 1 0.0 0. 0.0 0.
1478934166 1 0.0 0. 0.0 0.
1478934226 1 0.0 0. 0.0 0.
1478934286 1 0.0 0. 0.0 0.
1478934347 1 0.0 0. 0.0 0.
1478934407 1 0.0 0. 0.0 0.
1478934467 1 0.0 0. 0.0 0.
1478934527 1 0.0 0. 0.0 0.
1478934587 1 0.0 0. 0.0 0.
1478934647 1 0.0 0. 0.0 0.
1478934708 1 0.0 0. 0.0 0.
1478934768 1 0.0 0. 0.0 0.
1478934828 1 0.0 0. 0.0 0.
1478934888 1 0.0 0. 0.0 0.
1478934948 1 0.0 0. 0.0 0.
1478935008 1 0.0 0. 0.0 0.
1478935068 1 0.0 0. 0.0 0.
1478935129 1 0.0 0. 0.0 0.
1478935189 1 0.0 0. 0.0 0.
1478935249 1 0.0 0. 0.0 0.
1478935309 1 0.0 0. 0.0 0.
1478935369 1 0.0 0. 0.0 0.
1478935429 1 0.0 0. 0.0 0.
1478935489 1 0.0 0. 0.0 0.
1478935549 1 0.0 0. 0.0 0.
1478935609 1 0.0 0. 0.0 0.
1478935670 1 0.0 0. 0.0 0.
1478935730 1 0.0 0. 0.0 0.
1478935790 1 0.0 0. 0.0 0.
1478935850 1 0.0 0. 0.0 0.
1478935910 1 0.0 0. 0.0 0.
1478935970 1 0.0 0. 0.0 0.
1478936030 1 0.0 0. 0.0 0.
1478936091 1 0.0 0. 0.0 0.
1478936151 1 0.0 0. 0.0 0.
1478936211 1 0.0 0. 0.0 0.
1478936271 1 0.0 0. 0.0 0.
1478936331 1 0.0 0. 0.0 0.
1478936391 1 0.0 0. 0.0 0.
1478936451 1 0.0 0. 0.0 0.
1478936512 1 0.0 0. 0.0 0.
1478936572 1 0.0 0. 0.0 0.
1478936632 1 0.0 0. 0.0 0.
1478936692 1 0.0 0. 0.0 0.
1478936752 1 0.0 0. 0.0 0.
1478936812 1 0.0 0. 0.0 0.
1478936872 1 0.0 0. 0.0 0.
1478936933 1 0.0 0. 0.0 0.
1478936993 1 0.0 0. 0.0 0.
1478937053 1 0.0 0. 0.0 0.
1478937113 1 0.0 0. 0.0 0.
1478937173 1 0.0 0. 0.0 0.
1478937233 1 0.0 0. 0.0 0.
1478937293 1 0.0 0. 0.0 0.
1478937353 1 0.0 0. 0.0 0.
1478937414 1 0.0 0. 0.0 0.
1478937474 1 0.0 0. 0.0 0.
1478937534 1 0.0 0. 0.0 0.
1478937594 1 0.0 0. 0.0 0.
1478937654 1 0.0 0. 0.0 0.
1478937714 1 0.0 0. 0.0 0.
1478937774 1 0.0 0. 0.0 0.
1478937834 1 0.0 0. 0.0 0.
1478937895 1 0.0 0. 0.0 0.
1478937955 1 0.0 0. 0.0 0.
1478938015 1 0.0 0. 0.0 0.
1478938075 1 0.0 0. 0.0 0.
1478938135 1 0.0 0. 0.0 0.
1478938195 1 0.0 0. 0.0 0.
1478938255 1 0.0 0. 0.0 0.
1478938316 1 0.0 0. 0.0 0.
1478938376 1 0.0 0. 0.0 0.
1478938436 1 0.0 0. 0.0 0.
1478938496 1 0.0 0. 0.0 0.
1478938556 1 0.0 0. 0.0 0.
1478938616 1 0.0 0. 0.0 0.
1478938676 1 0.0 0. 0.0 0.
1478938736 1 0.0 0. 0.0 0.
1478938797 1 0.0 0. 0.0 0.
1478938857 1 0.0 0. 0.0 0.
1478938917 1 0.0 0. 0.0 0.
1478938977 1 0.0 0. 0.0 0.
1478939037 1 0.0 0. 0.0 0.
1478939097 1 0.0 0. 0.0 0.
1478939157 1 0.0 0. 0.0 0.
1478939218 1 0.0 0. 0.0 0.
1478939278 1 0.0 0. 0.0 0.
1478939338 1 0.0 0. 0.0 0.
1478939398 1 0.0 0. 0.0 0.
1478939458 1 0.0 0. 0.0 0.
1478939518 1 0.0 0. 0.0 0.
1478939578 1 0.0 0. 0.0 0.
1478939639 1 0.0 0. 0.0 0.
1478939699 1 0.0 0. 0.0 0.
1478939759 1 0.0 0. 0.0 0.
1478939819 1 0.0 0. 0.0 0.
1478939879 1 0.0 0. 0.0 0.
1478939939 1 0.0 0. 0.0 0.
1478939999 1 0.0 0. 0.0 0.
1478940060 1 0.0 0. 0.0 0.
1478940120 1 0.0 0. 0.0 0.
1478940180 1 0.0 0. 0.0 0.
1478940240 1 0.0 0. 0.0 0.
1478940300 1 0.0 0. 0.0 0.
1478940360 1 0.0 0. 0.0 0.
1478940420 1 0.0 0. 0.0 0.
1478940480 1 0.0 0. 0.0 0.
1478940541 1 0.0 0. 0.0 0.
1478940601 1 0.0 0. 0.0 0.
1478940661 1 0.0 0. 0.0 0.
1478940721 1 0.0 0. 0.0 0.
1478940781 1 0.0 0. 0.0 0.
1478940841 1 0.0 0. 0.0 0.
1478940901 1 0.0 0. 0.0 0.
1478940962 1 0.0 0. 0.0 0.
1478941022 1 0.0 0. 0.0 0.
1478941082 1 0.0 0. 0.0 0.
1478941142 1 0.0 0. 0.0 0.
1478941202 1 0.0 0. 0.0 0.
1478941262 1 0.0 0. 0.0 0.
1478941322 1 0.0 0. 0.0 0.
1478941383 1 0.0 0. 0.0 0.
1478941443 1 0.0 0. 0.0 0.
1478941503 1 0.0 0. 0.0 0.
1478941563 1 0.0 0. 0.0 0.
1478941623 1 0.0 0. 0.0 0.
1478941683 1 0.0 0. 0.0 0.
1478941743 1 0.0 0. 0.0 0.
1478941803 1 0.0 0. 0.0 0.
1478941864 1 0.0 0. 0.0 0.
1478941924 1 0.0 0. 0.0 0.
1478941984 1 0.0 0. 0.0 0.
1478942044 1 0.0 0. 0.0 0.
1478942104 1 0.0 0. 0.0 0.
1478942164 1 0.0 0. 0.0 0.
1478942224 1 0.0 0. 0.0 0.
1478942285 1 0.0 0. 0.0 0.
1478942345 1 0.0 0. 0.0 0.
1478942405 1 0.0 0. 0.0 0.
1478942465 1 0.0 0. 0.0 0.
1478942525 1 0.0 0. 0.0 0.
1478942585 1 0.0 0. 0.0 0.
1478942645 1 0.0 0. 0.0 0.
1478942706 1 0.0 0. 0.0 0.
1478942766 1 0.0 0. 0.0 0.
1478942826 1 0.0 0. 0.0 0.
1478942886 1 0.0 0. 0.0 0.
1478942946 1 0.0 0. 0.0 0.
1478943006 1 0.0 0. 0.0 0.
1478943066 1 0.0 0. 0.0 0.
1478943126 1 0.0 0. 0.0 0.
1478943186 1 0.0 0. 0.0 0.
1478943247 1 0.0 0. 0.0 0.
1478943307 1 0.0 0. 0.0 0.
1478943367 1 0.0 0. 0.0 0.
1478943427 1 0.0 0. 0.0 0.
1478943487 1 0.0 0. 0.0 0.
1478943547 1 0.0 0. 0.0 0.
1478943607 1 0.0 0. 0.0 0.
1478943667 1 0.0 0. 0.0 0.
1478943728 1 0.0 0. 0.0 0.
1478943788 1 0.0 0. 0.0 0.
1478943848 1 0.0 0. 0.0 0.
1478943908 1 0.0 0. 0.0 0.
1478943968 1 0.0 0. 0.0 0.
1478944028 1 0.0 0. 0.0 0.
1478944088 1 0.0 0. 0.0 0.
1478944148 1 0.0 0. 0.0 0.
1478944209 1 0.0 0. 0.0 0.
1478944269 1 0.0 0. 0.0 0.
1478944329 1 0.0 0. 0.0 0.
1478944389 1 0.0 0. 0.0 0.
1478944449 1 0.0 0. 0.0 0.
1478944509 1 0.0 0. 0.0 0.
1478944570 1 0.0 0. 0.0 0.
1478944630 1 0.0 0. 0.0 0.
1478944690 1 0.0 0. 0.0 0.
1478944750 1 0.0 0. 0.0 0.
1478944810 1 0.0 0. 0.0 0.
1478944870 1 0.0 0. 0.0 0.
1478944930 1 0.0 0. 0.0 0.
1478944991 1 0.0 0. 0.0 0.
1478945051 1 0.0 0. 0.0 0.
1478945111 1 0.0 0. 0.0 0.
1478948521 0 0.0 0. 0.0 0.
