1479245384 0 0.0 0. 0.0 0.
1479245444 0 0.0 0. 0.0 0.
1479245504 0 0.0 0. 0.0 0.
1479245564 0 0.0 0. 0.0 0.
1479245624 0 0.0 0. 0.0 0.
1479245685 0 0.0 0. 0.0 0.
1479245745 0 0.0 0. 0.0 0.
1479245805 0 0.0 0. 0.0 0.
1479245865 0 0.0 0. 0.0 0.
1479245925 0 0.0 0. 0.0 0.
1479245985 0 0.0 0. 0.0 0.
1479246045 0 0.0 0. 0.0 0.
1479246106 0 0.0 0. 0.0 0.
1479246166 0 0.0 0. 0.0 0.
1479246226 0 0.0 0. 0.0 0.
1479246286 0 0.0 0. 0.0 0.
1479246346 0 0.0 0. 0.0 0.
1479246406 0 0.0 0. 0.0 0.
1479246466 0 0.0 0. 0.0 0.
1479246526 0 0.0 0. 0.0 0.
1479246587 0 0.0 0. 0.0 0.
1479246647 0 0.0 0. 0.0 0.
1479246707 0 0.0 0. 0.0 0.
1479246767 0 0.0 0. 0.0 0.
1479246827 0 0.0 0. 0.0 0.
1479246887 0 0.0 0. 0.0 0.
1479246947 0 0.0 0. 0.0 0.
1479247007 0 0.0 0. 0.0 0.
1479247067 0 0.0 0. 0.0 0.
1479247128 0 0.0 0. 0.0 0.
1479247188 0 0.0 0. 0.0 0.
1479247248 0 0.0 0. 0.0 0.
1479247308 0 0.0 0. 0.0 0.
1479247368 0 0.0 0. 0.0 0.
1479247428 0 0.0 0. 0.0 0.
1479247488 0 0.0 0. 0.0 0.
1479247548 0 0.0 0. 0.0 0.
1479247608 0 0.0 0. 0.0 0.
1479247669 0 0.0 0. 0.0 0.
1479247729 0 0.0 0. 0.0 0.
1479247789 0 0.0 0. 0.0 0.
1479247849 0 0.0 0. 0.0 0.
1479247909 0 0.0 0. 0.0 0.
1479247969 0 0.0 0. 0.0 0.
1479248029 0 0.0 0. 0.0 0.
1479248089 0 0.0 0. 0.0 0.
1479248150 0 0.0 0. 0.0 0.
1479248210 0 0.0 0. 0.0 0.
1479248270 0 0.0 0. 0.0 0.
1479248330 0 0.0 0. 0.0 0.
1479248390 0 0.0 0. 0.0 0.
1479248450 0 0.0 0. 0.0 0.
1479248510 0 0.0 0. 0.0 0.
1479248570 0 0.0 0. 0.0 0.
1479248631 0 0.0 0. 0.0 0.
1479248667 0 0.0 0. 0.0 0.
1479248704 0 0.0 0. 0.0 0.
1479248765 0 0.0 0. 0.0 0.
1479248825 0 0.0 0. 0.0 0.
1479248885 0 0.0 0. 0.0 0.
1479248945 0 0.0 0. 0.0 0.
1479249005 0 0.0 0. 0.0 0.
1479249065 0 0.0 0. 0.0 0.
1479249125 0 0.0 0. 0.0 0.
1479249185 0 0.0 0. 0.0 0.
1479249246 0 0.0 0. 0.0 0.
1479249306 0 0.0 0. 0.0 0.
1479249366 0 0.0 0. 0.0 0.
1479249426 0 0.0 0. 0.0 0.
1479249486 0 0.0 0. 0.0 0.
1479249546 0 0.0 0. 0.0 0.
1479249606 0 0.0 0. 0.0 0.
1479249666 0 0.0 0. 0.0 0.
1479249726 0 0.0 0. 0.0 0.
1479249787 0 0.0 0. 0.0 0.
1479249847 0 0.0 0. 0.0 0.
1479249907 0 0.0 0. 0.0 0.
1479249967 0 0.0 0. 0.0 0.
1479250027 0 0.0 0. 0.0 0.
1479250087 0 0.0 0. 0.0 0.
1479250382 0 0.0 0. 0.0 0.
1479250678 0 0.0 0. 0.0 0.
1479250738 0 0.0 0. 0.0 0.
1479250796 0 0.0 0. 0.0 0.
1479250834 0 0.0 0. 0.0 0.
1479250875 0 0.0 0. 0.0 0.
1479250935 0 0.0 0. 0.0 0.
1479250995 0 0.0 0. 0.0 0.
1479251055 0 0.0 0. 0.0 0.
1479251116 0 0.0 0. 0.0 0.
1479251176 0 0.0 0. 0.0 0.
1479251236 0 0.0 0. 0.0 0.
1479251296 0 0.0 0. 0.0 0.
1479251356 0 0.0 0. 0.0 0.
1479251416 0 0.0 0. 0.0 0.
1479251476 0 0.0 0. 0.0 0.
1479251536 0 0.0 0. 0.0 0.
1479251597 0 0.0 0. 0.0 0.
1479251657 0 0.0 0. 0.0 0.
1479251717 0 0.0 0. 0.0 0.
1479251777 0 0.0 0. 0.0 0.
1479251837 0 0.0 0. 0.0 0.
1479251897 0 0.0 0. 0.0 0.
1479251957 0 0.0 0. 0.0 0.
1479252017 0 0.0 0. 0.0 0.
1479252077 0 0.0 0. 0.0 0.
1479252138 0 0.0 0. 0.0 0.
1479252198 0 0.0 0. 0.0 0.
1479252258 0 0.0 0. 0.0 0.
1479252318 0 0.0 0. 0.0 0.
1479252378 0 0.0 0. 0.0 0.
1479252438 0 0.0 0. 0.0 0.
1479252498 0 0.0 0. 0.0 0.
1479252558 0 0.0 0. 0.0 0.
1479252618 0 0.0 0. 0.0 0.
1479252679 0 0.0 0. 0.0 0.
1479252739 0 0.0 0. 0.0 0.
1479252799 0 0.0 0. 0.0 0.
1479252859 0 0.0 0. 0.0 0.
1479252919 0 0.0 0. 0.0 0.
1479252979 0 0.0 0. 0.0 0.
1479253039 0 0.0 0. 0.0 0.
1479253099 0 0.0 0. 0.0 0.
1479253160 0 0.0 0. 0.0 0.
1479253220 0 0.0 0. 0.0 0.
1479253280 0 0.0 0. 0.0 0.
1479253340 0 0.0 0. 0.0 0.
1479253400 0 0.0 0. 0.0 0.
1479253460 0 0.0 0. 0.0 0.
1479253520 0 0.0 0. 0.0 0.
1479253580 0 0.0 0. 0.0 0.
1479253640 0 0.0 0. 0.0 0.
1479253701 0 0.0 0. 0.0 0.
1479253761 0 0.0 0. 0.0 0.
1479253821 0 0.0 0. 0.0 0.
1479253881 0 0.0 0. 0.0 0.
1479253941 0 0.0 0. 0.0 0.
1479254001 0 0.0 0. 0.0 0.
1479254061 0 0.0 0. 0.0 0.
1479254121 0 0.0 0. 0.0 0.
1479254182 0 0.0 0. 0.0 0.
1479254242 0 0.0 0. 0.0 0.
1479254302 0 0.0 0. 0.0 0.
1479254362 0 0.0 0. 0.0 0.
1479254422 0 0.0 0. 0.0 0.
1479254482 0 0.0 0. 0.0 0.
1479254542 0 0.0 0. 0.0 0.
1479254602 0 0.0 0. 0.0 0.
1479254662 0 0.0 0. 0.0 0.
1479254723 0 0.0 0. 0.0 0.
1479254783 0 0.0 0. 0.0 0.
1479254843 0 0.0 0. 0.0 0.
1479254903 0 0.0 0. 0.0 0.
1479254963 0 0.0 0. 0.0 0.
1479255023 0 0.0 0. 0.0 0.
1479255083 0 0.0 0. 0.0 0.
1479255143 0 0.0 0. 0.0 0.
1479255204 0 0.0 0. 0.0 0.
1479255264 0 0.0 0. 0.0 0.
1479255324 0 0.0 0. 0.0 0.
1479255384 0 0.0 0. 0.0 0.
1479255444 0 0.0 0. 0.0 0.
1479255504 0 0.0 0. 0.0 0.
1479255564 0 0.0 0. 0.0 0.
1479255624 0 0.0 0. 0.0 0.
1479255684 0 0.0 0. 0.0 0.
1479255745 0 0.0 0. 0.0 0.
1479255805 0 0.0 0. 0.0 0.
1479255865 0 0.0 0. 0.0 0.
1479255925 0 0.0 0. 0.0 0.
1479255985 0 0.0 0. 0.0 0.
1479256045 0 0.0 0. 0.0 0.
1479256105 0 0.0 0. 0.0 0.
1479256165 0 0.0 0. 0.0 0.
1479256225 0 0.0 0. 0.0 0.
1479256286 0 0.0 0. 0.0 0.
1479256346 0 0.0 0. 0.0 0.
1479256406 0 0.0 0. 0.0 0.
1479256466 0 0.0 0. 0.0 0.
1479256526 0 0.0 0. 0.0 0.
1479256586 0 0.0 0. 0.0 0.
1479256646 0 0.0 0. 0.0 0.
1479256706 0 0.0 0. 0.0 0.
1479256766 0 0.0 0. 0.0 0.
1479256826 0 0.0 0. 0.0 0.
1479256887 0 0.0 0. 0.0 0.
1479256947 0 0.0 0. 0.0 0.
1479257007 0 0.0 0. 0.0 0.
1479257067 0 0.0 0. 0.0 0.
1479257127 0 0.0 0. 0.0 0.
1479257187 0 0.0 0. 0.0 0.
1479257247 0 0.0 0. 0.0 0.
1479257307 0 0.0 0. 0.0 0.
1479257368 0 0.0 0. 0.0 0.
1479257428 0 0.0 0. 0.0 0.
1479257488 0 0.0 0. 0.0 0.
1479257548 0 0.0 0. 0.0 0.
1479257608 0 0.0 0. 0.0 0.
1479257668 0 0.0 0. 0.0 0.
1479257728 0 0.0 0. 0.0 0.
1479257788 0 0.0 0. 0.0 0.
1479257849 0 0.0 0. 0.0 0.
1479257909 0 0.0 0. 0.0 0.
1479257969 0 0.0 0. 0.0 0.
1479258029 0 0.0 0. 0.0 0.
1479258089 0 0.0 0. 0.0 0.
1479258149 0 0.0 0. 0.0 0.
1479258209 0 0.0 0. 0.0 0.
1479258269 0 0.0 0. 0.0 0.
1479258329 0 0.0 0. 0.0 0.
1479258390 0 0.0 0. 0.0 0.
1479258450 0 0.0 0. 0.0 0.
1479258510 0 0.0 0. 0.0 0.
1479258570 0 0.0 0. 0.0 0.
1479258630 0 0.0 0. 0.0 0.
1479258690 0 0.0 0. 0.0 0.
1479258750 0 0.0 0. 0.0 0.
1479258810 0 0.0 0. 0.0 0.
1479258870 0 0.0 0. 0.0 0.
1479258931 0 0.0 0. 0.0 0.
1479258991 0 0.0 0. 0.0 0.
1479259051 0 0.0 0. 0.0 0.
1479259111 0 0.0 0. 0.0 0.
1479259171 0 0.0 0. 0.0 0.
1479259231 0 0.0 0. 0.0 0.
1479259291 0 0.0 0. 0.0 0.
1479259351 0 0.0 0. 0.0 0.
1479259412 0 0.0 0. 0.0 0.
1479259472 0 0.0 0. 0.0 0.
1479259532 0 0.0 0. 0.0 0.
1479259592 0 0.0 0. 0.0 0.
1479259652 0 0.0 0. 0.0 0.
1479259712 0 0.0 0. 0.0 0.
1479259772 0 0.0 0. 0.0 0.
1479259832 0 0.0 0. 0.0 0.
1479259892 0 0.0 0. 0.0 0.
1479259953 0 0.0 0. 0.0 0.
1479260013 0 0.0 0. 0.0 0.
1479260073 0 0.0 0. 0.0 0.
1479260133 0 0.0 0. 0.0 0.
1479260193 0 0.0 0. 0.0 0.
1479260253 0 0.0 0. 0.0 0.
1479260313 0 0.0 0. 0.0 0.
1479260373 0 0.0 0. 0.0 0.
1479260434 0 0.0 0. 0.0 0.
1479260494 0 0.0 0. 0.0 0.
1479260554 0 0.0 0. 0.0 0.
1479260614 0 0.0 0. 0.0 0.
1479260674 0 0.0 0. 0.0 0.
1479260734 0 0.0 0. 0.0 0.
1479260794 0 0.0 0. 0.0 0.
1479260854 0 0.0 0. 0.0 0.
1479260914 0 0.0 0. 0.0 0.
1479260975 0 0.0 0. 0.0 0.
1479261035 0 0.0 0. 0.0 0.
1479261095 0 0.0 0. 0.0 0.
1479261155 0 0.0 0. 0.0 0.
1479261215 0 0.0 0. 0.0 0.
1479261275 0 0.0 0. 0.0 0.
1479261335 0 0.0 0. 0.0 0.
1479261395 0 0.0 0. 0.0 0.
1479261455 0 0.0 0. 0.0 0.
1479261516 0 0.0 0. 0.0 0.
1479261576 0 0.0 0. 0.0 0.
1479261636 0 0.0 0. 0.0 0.
1479261696 0 0.0 0. 0.0 0.
1479261756 0 0.0 0. 0.0 0.
1479261816 0 0.0 0. 0.0 0.
1479261876 0 0.0 0. 0.0 0.
1479261936 0 0.0 0. 0.0 0.
1479261997 0 0.0 0. 0.0 0.
1479262057 0 0.0 0. 0.0 0.
1479262117 0 0.0 0. 0.0 0.
1479262177 0 0.0 0. 0.0 0.
1479262237 0 0.0 0. 0.0 0.
1479262297 0 0.0 0. 0.0 0.
1479262357 0 0.0 0. 0.0 0.
1479262417 0 0.0 0. 0.0 0.
1479262477 0 0.0 0. 0.0 0.
1479262537 0 0.0 0. 0.0 0.
1479262598 0 0.0 0. 0.0 0.
1479262658 0 0.0 0. 0.0 0.
1479262718 0 0.0 0. 0.0 0.
1479262778 0 0.0 0. 0.0 0.
1479262838 0 0.0 0. 0.0 0.
1479262898 0 0.0 0. 0.0 0.
1479262958 0 0.0 0. 0.0 0.
1479263018 0 0.0 0. 0.0 0.
1479263079 0 0.0 0. 0.0 0.
1479263139 0 0.0 0. 0.0 0.
1479263199 0 0.0 0. 0.0 0.
1479263259 0 0.0 0. 0.0 0.
1479263319 0 0.0 0. 0.0 0.
1479263379 0 0.0 0. 0.0 0.
1479263439 0 0.0 0. 0.0 0.
1479263499 0 0.0 0. 0.0 0.
1479263560 0 0.0 0. 0.0 0.
1479263620 0 0.0 0. 0.0 0.
1479263680 0 0.0 0. 0.0 0.
1479263740 0 0.0 0. 0.0 0.
1479263800 0 0.0 0. 0.0 0.
1479263860 0 0.0 0. 0.0 0.
1479263920 0 0.0 0. 0.0 0.
1479263981 0 0.0 0. 0.0 0.
1479264041 0 0.0 0. 0.0 0.
1479264101 0 0.0 0. 0.0 0.
1479264161 0 0.0 0. 0.0 0.
1479264221 0 0.0 0. 0.0 0.
1479264281 0 0.0 0. 0.0 0.
1479264341 0 0.0 0. 0.0 0.
1479264401 0 0.0 0. 0.0 0.
1479264461 0 0.0 0. 0.0 0.
1479264522 0 0.0 0. 0.0 0.
1479264582 0 0.0 0. 0.0 0.
1479264642 0 0.0 0. 0.0 0.
1479264702 0 0.0 0. 0.0 0.
1479264762 0 0.0 0. 0.0 0.
1479264822 0 0.0 0. 0.0 0.
1479264882 0 0.0 0. 0.0 0.
1479264942 0 0.0 0. 0.0 0.
1479265003 0 0.0 0. 0.0 0.
1479265063 0 0.0 0. 0.0 0.
1479265123 0 0.0 0. 0.0 0.
1479265183 0 0.0 0. 0.0 0.
1479265243 0 0.0 0. 0.0 0.
1479265303 0 0.0 0. 0.0 0.
1479265363 0 0.0 0. 0.0 0.
1479265423 0 0.0 0. 0.0 0.
1479265483 0 0.0 0. 0.0 0.
1479265544 0 0.0 0. 0.0 0.
1479265604 0 0.0 0. 0.0 0.
1479265664 0 0.0 0. 0.0 0.
1479265724 0 0.0 0. 0.0 0.
1479265784 0 0.0 0. 0.0 0.
1479265844 0 0.0 0. 0.0 0.
1479265904 0 0.0 0. 0.0 0.
1479265964 0 0.0 0. 0.0 0.
1479266024 0 0.0 0. 0.0 0.
1479266085 0 0.0 0. 0.0 0.
1479266145 0 0.0 0. 0.0 0.
1479266205 0 0.0 0. 0.0 0.
1479266265 0 0.0 0. 0.0 0.
1479266325 0 0.0 0. 0.0 0.
1479266385 0 0.0 0. 0.0 0.
1479266445 0 0.0 0. 0.0 0.
1479266506 0 0.0 0. 0.0 0.
1479266566 0 0.0 0. 0.0 0.
1479266626 0 0.0 0. 0.0 0.
1479266686 0 0.0 0. 0.0 0.
1479266746 0 0.0 0. 0.0 0.
1479266806 0 0.0 0. 0.0 0.
1479266866 0 0.0 0. 0.0 0.
1479266926 0 0.0 0. 0.0 0.
1479266986 0 0.0 0. 0.0 0.
1479267047 0 0.0 0. 0.0 0.
1479267107 0 0.0 0. 0.0 0.
1479267167 0 0.0 0. 0.0 0.
1479267227 0 0.0 0. 0.0 0.
1479267287 0 0.0 0. 0.0 0.
1479267347 0 0.0 0. 0.0 0.
1479267407 0 0.0 0. 0.0 0.
1479267468 0 0.0 0. 0.0 0.
1479267528 0 0.0 0. 0.0 0.
1479267588 0 0.0 0. 0.0 0.
1479267648 0 0.0 0. 0.0 0.
1479267708 0 0.0 0. 0.0 0.
1479267768 0 0.0 0. 0.0 0.
1479267828 0 0.0 0. 0.0 0.
1479267888 0 0.0 0. 0.0 0.
1479267948 0 0.0 0. 0.0 0.
1479268009 0 0.0 0. 0.0 0.
1479268069 0 0.0 0. 0.0 0.
1479268129 0 0.0 0. 0.0 0.
1479268189 0 0.0 0. 0.0 0.
1479268249 0 0.0 0. 0.0 0.
1479268309 0 0.0 0. 0.0 0.
1479268369 0 0.0 0. 0.0 0.
1479268429 0 0.0 0. 0.0 0.
1479268490 0 0.0 0. 0.0 0.
1479268550 0 0.0 0. 0.0 0.
1479268610 0 0.0 0. 0.0 0.
1479268670 0 0.0 0. 0.0 0.
1479268730 0 0.0 0. 0.0 0.
1479268790 0 0.0 0. 0.0 0.
1479268850 0 0.0 0. 0.0 0.
1479268910 0 0.0 0. 0.0 0.
1479268970 0 0.0 0. 0.0 0.
1479269031 0 0.0 0. 0.0 0.
1479269091 0 0.0 0. 0.0 0.
1479269151 0 0.0 0. 0.0 0.
1479269211 0 0.0 0. 0.0 0.
1479269271 0 0.0 0. 0.0 0.
1479269331 0 0.0 0. 0.0 0.
1479269391 0 0.0 0. 0.0 0.
1479269451 0 0.0 0. 0.0 0.
1479269511 0 0.0 0. 0.0 0.
1479269572 0 0.0 0. 0.0 0.
1479269632 0 0.0 0. 0.0 0.
1479269692 0 0.0 0. 0.0 0.
1479269752 0 0.0 0. 0.0 0.
1479269812 0 0.0 0. 0.0 0.
1479269872 0 0.0 0. 0.0 0.
1479269932 0 0.0 0. 0.0 0.
1479269992 0 0.0 0. 0.0 0.
1479270052 0 0.0 0. 0.0 0.
1479270112 0 0.0 0. 0.0 0.
1479270172 0 0.0 0. 0.0 0.
1479270233 0 0.0 0. 0.0 0.
1479270293 0 0.0 0. 0.0 0.
1479270353 0 0.0 0. 0.0 0.
1479270413 0 0.0 0. 0.0 0.
1479270473 0 0.0 0. 0.0 0.
1479270533 0 0.0 0. 0.0 0.
1479270593 0 0.0 0. 0.0 0.
1479270653 0 0.0 0. 0.0 0.
1479270714 0 0.0 0. 0.0 0.
1479270774 0 0.0 0. 0.0 0.
1479270834 0 0.0 0. 0.0 0.
1479270894 0 0.0 0. 0.0 0.
1479270954 0 0.0 0. 0.0 0.
1479271014 0 0.0 0. 0.0 0.
1479271074 0 0.0 0. 0.0 0.
1479271134 0 0.0 0. 0.0 0.
1479271195 0 0.0 0. 0.0 0.
1479271255 0 0.0 0. 0.0 0.
1479271315 0 0.0 0. 0.0 0.
1479271375 0 0.0 0. 0.0 0.
1479271435 0 0.0 0. 0.0 0.
1479271484 0 0.0 0. 0.0 0.
1479271533 0 0.0 0. 0.0 0.
1479271593 0 0.0 0. 0.0 0.
1479271654 0 0.0 0. 0.0 0.
1479271714 0 0.0 0. 0.0 0.
1479271774 0 0.0 0. 0.0 0.
1479271834 0 0.0 0. 0.0 0.
1479271894 0 0.0 0. 0.0 0.
1479271945 0 0.0 0. 0.0 0.
1479271971 0 0.0 0. 0.0 0.
1479272007 0 0.0 0. 0.0 0.
1479272067 0 0.0 0. 0.0 0.
1479272127 0 0.0 0. 0.0 0.
1479272187 0 0.0 0. 0.0 0.
1479272247 0 0.0 0. 0.0 0.
1479272307 0 0.0 0. 0.0 0.
1479272358 0 0.0 0. 0.0 0.
1479272410 0 0.0 0. 0.0 0.
1479272470 0 0.0 0. 0.0 0.
1479272505 0 0.0 0. 0.0 0.
1479272540 0 0.0 0. 0.0 0.
1479272575 0 0.0 0. 0.0 0.
1479272610 0 0.0 0. 0.0 0.
1479272652 0 0.0 0. 0.0 0.
1479272694 0 0.0 0. 0.0 0.
1479272754 0 0.0 0. 0.0 0.
1479272815 0 0.0 0. 0.0 0.
1479272850 0 0.0 0. 0.0 0.
1479272885 0 0.0 0. 0.0 0.
1479272922 0 0.0 0. 0.0 0.
1479272935 0 0.0 0. 0.0 0.
1479272972 0 0.0 0. 0.0 0.
1479273032 0 0.0 0. 0.0 0.
1479273092 1 0.0 0. 0.0 0.
1479273152 1 0.0 0. 0.0 0.
1479273198 1 0.0 0. 0.0 0.
1479273244 1 0.0 0. 0.0 0.
1479273304 1 0.0 0. 0.0 0.
1479273364 1 0.0 0. 0.0 0.
1479273424 1 0.0 0. 0.0 0.
1479273484 1 0.0 0. 0.0 0.
1479273545 1 0.0 0. 0.0 0.
1479273605 1 0.0 0. 0.0 0.
1479273665 1 0.0 0. 0.0 0.
1479273725 1 0.0 0. 0.0 0.
1479273785 1 0.0 0. 0.0 0.
1479273845 1 0.0 0. 0.0 0.
1479273905 1 0.0 0. 0.0 0.
1479273965 1 0.0 0. 0.0 0.
1479274025 1 0.0 0. 0.0 0.
1479274085 1 0.0 0. 0.0 0.
1479274146 1 0.0 0. 0.0 0.
1479274206 1 0.0 0. 0.0 0.
1479274266 1 0.0 0. 0.0 0.
1479274326 1 0.0 0. 0.0 0.
1479274386 1 0.0 0. 0.0 0.
1479274446 1 0.0 0. 0.0 0.
1479274506 1 0.0 0. 0.0 0.
1479274566 1 0.0 0. 0.0 0.
1479274626 1 0.0 0. 0.0 0.
1479274687 1 0.0 0. 0.0 0.
1479274747 1 0.0 0. 0.0 0.
1479274807 1 0.0 0. 0.0 0.
1479274867 1 0.0 0. 0.0 0.
1479274927 1 0.0 0. 0.0 0.
1479274987 1 0.0 0. 0.0 0.
1479275047 1 0.0 0. 0.0 0.
1479275107 1 0.0 0. 0.0 0.
1479275167 1 0.0 0. 0.0 0.
1479275228 1 0.0 0. 0.0 0.
1479275288 1 0.0 0. 0.0 0.
1479275348 1 0.0 0. 0.0 0.
1479275408 1 0.0 0. 0.0 0.
1479275468 1 0.0 0. 0.0 0.
1479275528 1 0.0 0. 0.0 0.
1479275588 1 0.0 0. 0.0 0.
1479275648 1 0.0 0. 0.0 0.
1479275709 1 0.0 0. 0.0 0.
1479275769 1 0.0 0. 0.0 0.
1479275829 1 0.0 0. 0.0 0.
1479275889 1 0.0 0. 0.0 0.
1479275949 1 0.0 0. 0.0 0.
1479276009 1 0.0 0. 0.0 0.
1479276069 1 0.0 0. 0.0 0.
1479276129 1 0.0 0. 0.0 0.
1479276190 1 0.0 0. 0.0 0.
1479276250 1 0.0 0. 0.0 0.
1479276310 1 0.0 0. 0.0 0.
1479276370 1 0.0 0. 0.0 0.
1479276430 1 0.0 0. 0.0 0.
1479276490 1 0.0 0. 0.0 0.
1479276550 1 0.0 0. 0.0 0.
1479276610 1 0.0 0. 0.0 0.
1479276671 1 0.0 0. 0.0 0.
1479276731 1 0.0 0. 0.0 0.
1479276768 1 0.0 0. 0.0 0.
1479276806 1 0.0 0. 0.0 0.
1479276866 1 0.0 0. 0.0 0.
1479276926 1 0.0 0. 0.0 0.
1479276986 1 0.0 0. 0.0 0.
1479277046 1 0.0 0. 0.0 0.
1479277106 1 0.0 0. 0.0 0.
1479277166 1 0.0 0. 0.0 0.
1479277226 1 0.0 0. 0.0 0.
1479277287 1 0.0 0. 0.0 0.
1479277347 1 0.0 0. 0.0 0.
1479277407 1 0.0 0. 0.0 0.
1479277467 1 0.0 0. 0.0 0.
1479277527 1 0.0 0. 0.0 0.
1479277587 1 0.0 0. 0.0 0.
1479277647 1 0.0 0. 0.0 0.
1479277707 1 0.0 0. 0.0 0.
1479277767 1 0.0 0. 0.0 0.
1479277828 1 0.0 0. 0.0 0.
1479277888 1 0.0 0. 0.0 0.
1479277948 1 0.0 0. 0.0 0.
1479278008 1 0.0 0. 0.0 0.
1479278068 1 0.0 0. 0.0 0.
1479278128 1 0.0 0. 0.0 0.
1479278188 1 0.0 0. 0.0 0.
1479278248 1 0.0 0. 0.0 0.
1479278309 1 0.0 0. 0.0 0.
1479278369 1 0.0 0. 0.0 0.
1479278429 1 0.0 0. 0.0 0.
1479278489 1 0.0 0. 0.0 0.
1479278549 1 0.0 0. 0.0 0.
1479278609 1 0.0 0. 0.0 0.
1479278669 1 0.0 0. 0.0 0.
1479278729 1 0.0 0. 0.0 0.
1479278789 1 0.0 0. 0.0 0.
1479278850 1 0.0 0. 0.0 0.
1479278910 1 0.0 0. 0.0 0.
1479278970 1 0.0 0. 0.0 0.
1479279030 1 0.0 0. 0.0 0.
1479279090 1 0.0 0. 0.0 0.
1479279150 1 0.0 0. 0.0 0.
1479279210 1 0.0 0. 0.0 0.
1479279270 1 0.0 0. 0.0 0.
1479279331 1 0.0 0. 0.0 0.
1479279391 1 0.0 0. 0.0 0.
1479279451 1 0.0 0. 0.0 0.
1479279511 1 0.0 0. 0.0 0.
1479279571 1 0.0 0. 0.0 0.
1479279631 1 0.0 0. 0.0 0.
1479279691 1 0.0 0. 0.0 0.
1479279751 1 0.0 0. 0.0 0.
1479279811 1 0.0 0. 0.0 0.
1479279872 1 0.0 0. 0.0 0.
1479279932 1 0.0 0. 0.0 0.
1479279992 1 0.0 0. 0.0 0.
1479280052 1 0.0 0. 0.0 0.
1479280112 1 0.0 0. 0.0 0.
1479280172 1 0.0 0. 0.0 0.
1479280232 1 0.0 0. 0.0 0.
1479280292 1 0.0 0. 0.0 0.
1479280352 1 0.0 0. 0.0 0.
1479280413 1 0.0 0. 0.0 0.
1479280473 1 0.0 0. 0.0 0.
1479280533 1 0.0 0. 0.0 0.
1479280593 1 0.0 0. 0.0 0.
1479280653 1 0.0 0. 0.0 0.
1479280713 1 0.0 0. 0.0 0.
1479280773 1 0.0 0. 0.0 0.
1479280833 1 0.0 0. 0.0 0.
1479280893 1 0.0 0. 0.0 0.
1479280954 1 0.0 0. 0.0 0.
1479281014 1 0.0 0. 0.0 0.
1479281074 1 0.0 0. 0.0 0.
1479281134 1 0.0 0. 0.0 0.
1479281194 1 0.0 0. 0.0 0.
1479281254 1 0.0 0. 0.0 0.
1479281314 1 0.0 0. 0.0 0.
1479281374 1 0.0 0. 0.0 0.
1479281434 1 0.0 0. 0.0 0.
1479281495 1 0.0 0. 0.0 0.
1479281555 1 0.0 0. 0.0 0.
1479281615 1 0.0 0. 0.0 0.
1479281675 1 0.0 0. 0.0 0.
1479281735 1 0.0 0. 0.0 0.
1479281795 1 0.0 0. 0.0 0.
1479281855 1 0.0 0. 0.0 0.
1479281915 1 0.0 0. 0.0 0.
1479281975 1 0.0 0. 0.0 0.
1479282036 1 0.0 0. 0.0 0.
1479282096 1 0.0 0. 0.0 0.
1479282156 1 0.0 0. 0.0 0.
1479282216 1 0.0 0. 0.0 0.
1479282276 1 0.0 0. 0.0 0.
1479282336 1 0.0 0. 0.0 0.
1479282396 1 0.0 0. 0.0 0.
1479282456 1 0.0 0. 0.0 0.
1479282516 1 0.0 0. 0.0 0.
1479282577 1 0.0 0. 0.0 0.
1479282637 1 0.0 0. 0.0 0.
1479282697 1 0.0 0. 0.0 0.
1479282757 1 0.0 0. 0.0 0.
1479282817 1 0.0 0. 0.0 0.
1479282877 1 0.0 0. 0.0 0.
1479282937 1 0.0 0. 0.0 0.
1479282997 1 0.0 0. 0.0 0.
1479283057 1 0.0 0. 0.0 0.
1479283118 1 0.0 0. 0.0 0.
1479283178 1 0.0 0. 0.0 0.
1479283238 1 0.0 0. 0.0 0.
1479283298 1 0.0 0. 0.0 0.
1479283358 1 0.0 0. 0.0 0.
1479283418 1 0.0 0. 0.0 0.
1479283478 1 0.0 0. 0.0 0.
1479283538 1 0.0 0. 0.0 0.
1479283599 1 0.0 0. 0.0 0.
1479283659 1 0.0 0. 0.0 0.
1479283719 1 0.0 0. 0.0 0.
1479283899 1 0.0 0. 0.0 0.
1479283959 1 0.0 0. 0.0 0.
1479284019 1 0.0 0. 0.0 0.
1479284080 1 0.0 0. 0.0 0.
1479284140 1 0.0 0. 0.0 0.
1479284200 1 0.0 0. 0.0 0.
1479284260 1 0.0 0. 0.0 0.
1479284320 1 0.0 0. 0.0 0.
1479284380 1 0.0 0. 0.0 0.
1479284440 1 0.0 0. 0.0 0.
1479284500 1 0.0 0. 0.0 0.
1479284561 1 0.0 0. 0.0 0.
1479284621 1 0.0 0. 0.0 0.
1479284681 1 0.0 0. 0.0 0.
1479284741 1 0.0 0. 0.0 0.
1479284801 1 0.0 0. 0.0 0.
1479284861 1 0.0 0. 0.0 0.
1479284921 1 0.0 0. 0.0 0.
1479284981 1 0.0 0. 0.0 0.
1479285042 1 0.0 0. 0.0 0.
1479285102 1 0.0 0. 0.0 0.
1479285162 1 0.0 0. 0.0 0.
1479285222 1 0.0 0. 0.0 0.
1479285282 1 0.0 0. 0.0 0.
1479285342 1 0.0 0. 0.0 0.
1479285402 1 0.0 0. 0.0 0.
1479285462 1 0.0 0. 0.0 0.
1479285522 1 0.0 0. 0.0 0.
1479285564 1 0.0 0. 0.0 0.
1479285605 1 0.0 0. 0.0 0.
1479285665 1 0.0 0. 0.0 0.
1479285725 1 0.0 0. 0.0 0.
1479285785 1 0.0 0. 0.0 0.
1479285846 1 0.0 0. 0.0 0.
1479285906 1 0.0 0. 0.0 0.
1479285966 1 0.0 0. 0.0 0.
1479286026 1 0.0 0. 0.0 0.
1479286086 1 0.0 0. 0.0 0.
1479286146 1 0.0 0. 0.0 0.
1479286206 1 0.0 0. 0.0 0.
1479286266 1 0.0 0. 0.0 0.
1479286327 1 0.0 0. 0.0 0.
1479286387 1 0.0 0. 0.0 0.
1479286447 1 0.0 0. 0.0 0.
1479286507 1 0.0 0. 0.0 0.
1479286567 1 0.0 0. 0.0 0.
1479286627 1 0.0 0. 0.0 0.
1479286687 1 0.0 0. 0.0 0.
1479286747 1 0.0 0. 0.0 0.
1479286808 1 0.0 0. 0.0 0.
1479286868 1 0.0 0. 0.0 0.
1479286928 1 0.0 0. 0.0 0.
1479286988 1 0.0 0. 0.0 0.
1479287048 1 0.0 0. 0.0 0.
1479287108 1 0.0 0. 0.0 0.
1479287168 1 0.0 0. 0.0 0.
1479287228 1 0.0 0. 0.0 0.
1479287288 1 0.0 0. 0.0 0.
1479287349 1 0.0 0. 0.0 0.
1479287409 1 0.0 0. 0.0 0.
1479287469 1 0.0 0. 0.0 0.
1479287529 1 0.0 0. 0.0 0.
1479287589 1 0.0 0. 0.0 0.
1479287649 1 0.0 0. 0.0 0.
1479287710 1 0.0 0. 0.0 0.
1479287770 1 0.0 0. 0.0 0.
1479287830 1 0.0 0. 0.0 0.
1479287890 1 0.0 0. 0.0 0.
1479287950 1 0.0 0. 0.0 0.
1479288010 1 0.0 0. 0.0 0.
1479288070 1 0.0 0. 0.0 0.
1479288130 1 0.0 0. 0.0 0.
1479288190 1 0.0 0. 0.0 0.
1479288250 1 0.0 0. 0.0 0.
1479288311 1 0.0 0. 0.0 0.
1479288371 1 0.0 0. 0.0 0.
1479288431 1 0.0 0. 0.0 0.
1479288491 1 0.0 0. 0.0 0.
1479288551 1 0.0 0. 0.0 0.
1479288612 1 0.0 0. 0.0 0.
1479288672 1 0.0 0. 0.0 0.
1479288733 1 0.0 0. 0.0 0.
1479288793 1 0.0 0. 0.0 0.
1479288854 1 0.0 0. 0.0 0.
1479288914 1 0.0 0. 0.0 0.
1479288975 1 0.0 0. 0.0 0.
1479289036 1 0.0 0. 0.0 0.
1479289096 1 0.0 0. 0.0 0.
1479289157 1 0.0 0. 0.0 0.
1479289217 1 0.0 0. 0.0 0.
1479289278 1 0.0 0. 0.0 0.
1479289338 1 0.0 0. 0.0 0.
1479289374 1 0.0 0. 0.0 0.
1479289410 1 0.0 0. 0.0 0.
1479289470 1 0.0 0. 0.0 0.
1479289531 1 0.0 0. 0.0 0.
1479289591 1 0.0 0. 0.0 0.
1479289651 1 0.0 0. 0.0 0.
1479289711 1 0.0 0. 0.0 0.
1479289771 1 0.0 0. 0.0 0.
1479289831 1 0.0 0. 0.0 0.
1479289891 1 0.0 0. 0.0 0.
1479289951 1 0.0 0. 0.0 0.
1479290012 1 0.0 0. 0.0 0.
1479290072 1 0.0 0. 0.0 0.
1479290132 1 0.0 0. 0.0 0.
1479290192 1 0.0 0. 0.0 0.
1479290252 1 0.0 0. 0.0 0.
1479290312 1 0.0 0. 0.0 0.
1479290372 1 0.0 0. 0.0 0.
1479290432 1 0.0 0. 0.0 0.
1479290493 1 0.0 0. 0.0 0.
1479290553 1 0.0 0. 0.0 0.
1479290613 1 0.0 0. 0.0 0.
1479290673 1 0.0 0. 0.0 0.
1479290733 1 0.0 0. 0.0 0.
1479290793 1 0.0 0. 0.0 0.
1479290853 1 0.0 0. 0.0 0.
1479290913 1 0.0 0. 0.0 0.
1479290973 1 0.0 0. 0.0 0.
1479291033 1 0.0 0. 0.0 0.
1479291094 1 0.0 0. 0.0 0.
1479291154 1 0.0 0. 0.0 0.
1479291214 1 0.0 0. 0.0 0.
1479291274 1 0.0 0. 0.0 0.
1479291334 1 0.0 0. 0.0 0.
1479291394 1 0.0 0. 0.0 0.
1479291454 1 0.0 0. 0.0 0.
1479291514 1 0.0 0. 0.0 0.
1479291575 1 0.0 0. 0.0 0.
1479291635 1 0.0 0. 0.0 0.
1479291695 1 0.0 0. 0.0 0.
1479291755 1 0.0 0. 0.0 0.
1479291815 1 0.0 0. 0.0 0.
1479291875 1 0.0 0. 0.0 0.
1479291935 1 0.0 0. 0.0 0.
1479291995 1 0.0 0. 0.0 0.
1479292055 1 0.0 0. 0.0 0.
1479292116 1 0.0 0. 0.0 0.
1479292176 1 0.0 0. 0.0 0.
1479292236 1 0.0 0. 0.0 0.
1479292296 1 0.0 0. 0.0 0.
1479292356 1 0.0 0. 0.0 0.
1479292416 1 0.0 0. 0.0 0.
1479292476 1 0.0 0. 0.0 0.
1479292536 1 0.0 0. 0.0 0.
1479292596 1 0.0 0. 0.0 0.
1479292657 1 0.0 0. 0.0 0.
1479292717 1 0.0 0. 0.0 0.
1479292777 1 0.0 0. 0.0 0.
1479292837 1 0.0 0. 0.0 0.
1479292897 1 0.0 0. 0.0 0.
1479292957 1 0.0 0. 0.0 0.
1479293017 1 0.0 0. 0.0 0.
1479293077 1 0.0 0. 0.0 0.
1479293138 1 0.0 0. 0.0 0.
1479293198 1 0.0 0. 0.0 0.
1479293258 1 0.0 0. 0.0 0.
1479293318 1 0.0 0. 0.0 0.
1479293378 1 0.0 0. 0.0 0.
1479293438 1 0.0 0. 0.0 0.
1479293498 1 0.0 0. 0.0 0.
1479293559 1 0.0 0. 0.0 0.
1479293619 1 0.0 0. 0.0 0.
1479293679 1 0.0 0. 0.0 0.
1479293739 1 0.0 0. 0.0 0.
1479293799 1 0.0 0. 0.0 0.
1479293859 1 0.0 0. 0.0 0.
1479293919 1 0.0 0. 0.0 0.
1479293979 1 0.0 0. 0.0 0.
1479294039 1 0.0 0. 0.0 0.
1479294100 1 0.0 0. 0.0 0.
1479294160 1 0.0 0. 0.0 0.
1479294220 1 0.0 0. 0.0 0.
1479294280 1 0.0 0. 0.0 0.
1479294340 1 0.0 0. 0.0 0.
1479294400 1 0.0 0. 0.0 0.
1479294460 1 0.0 0. 0.0 0.
1479294521 1 0.0 0. 0.0 0.
1479294581 1 0.0 0. 0.0 0.
1479294641 1 0.0 0. 0.0 0.
1479294701 1 0.0 0. 0.0 0.
1479294761 1 0.0 0. 0.0 0.
1479294821 1 0.0 0. 0.0 0.
1479294881 1 0.0 0. 0.0 0.
1479294942 1 0.0 0. 0.0 0.
1479295002 1 0.0 0. 0.0 0.
1479295062 1 0.0 0. 0.0 0.
1479295122 1 0.0 0. 0.0 0.
1479295182 1 0.0 0. 0.0 0.
1479295242 1 0.0 0. 0.0 0.
1479295302 1 0.0 0. 0.0 0.
1479295362 1 0.0 0. 0.0 0.
1479295422 1 0.0 0. 0.0 0.
1479295483 1 0.0 0. 0.0 0.
1479295543 1 0.0 0. 0.0 0.
1479295603 1 0.0 0. 0.0 0.
1479295663 1 0.0 0. 0.0 0.
1479295723 1 0.0 0. 0.0 0.
1479295783 1 0.0 0. 0.0 0.
1479295843 1 0.0 0. 0.0 0.
1479295903 1 0.0 0. 0.0 0.
1479295964 1 0.0 0. 0.0 0.
1479296024 1 0.0 0. 0.0 0.
1479296084 1 0.0 0. 0.0 0.
1479296144 1 0.0 0. 0.0 0.
1479296204 1 0.0 0. 0.0 0.
1479296264 1 0.0 0. 0.0 0.
1479296324 1 0.0 0. 0.0 0.
1479296384 1 0.0 0. 0.0 0.
1479296445 1 0.0 0. 0.0 0.
1479296505 1 0.0 0. 0.0 0.
1479296565 1 0.0 0. 0.0 0.
1479296625 1 0.0 0. 0.0 0.
1479296685 1 0.0 0. 0.0 0.
1479296745 1 0.0 0. 0.0 0.
1479296805 1 0.0 0. 0.0 0.
1479296865 1 0.0 0. 0.0 0.
1479296926 1 0.0 0. 0.0 0.
1479296986 1 0.0 0. 0.0 0.
1479297046 1 0.0 0. 0.0 0.
1479297106 1 0.0 0. 0.0 0.
1479297166 1 0.0 0. 0.0 0.
1479297226 1 0.0 0. 0.0 0.
1479297286 1 0.0 0. 0.0 0.
1479297346 1 0.0 0. 0.0 0.
1479297407 1 0.0 0. 0.0 0.
1479297467 1 0.0 0. 0.0 0.
1479297527 1 0.0 0. 0.0 0.
1479297587 1 0.0 0. 0.0 0.
1479297647 1 0.0 0. 0.0 0.
1479297707 1 0.0 0. 0.0 0.
1479297767 1 0.0 0. 0.0 0.
1479297827 1 0.0 0. 0.0 0.
1479297887 1 0.0 0. 0.0 0.
1479297948 1 0.0 0. 0.0 0.
1479298008 1 0.0 0. 0.0 0.
1479298068 1 0.0 0. 0.0 0.
1479298128 1 0.0 0. 0.0 0.
1479298188 1 0.0 0. 0.0 0.
1479298248 1 0.0 0. 0.0 0.
1479298308 1 0.0 0. 0.0 0.
1479298368 1 0.0 0. 0.0 0.
1479298428 1 0.0 0. 0.0 0.
1479298489 1 0.0 0. 0.0 0.
1479298549 1 0.0 0. 0.0 0.
1479298609 1 0.0 0. 0.0 0.
1479298669 1 0.0 0. 0.0 0.
1479298729 1 0.0 0. 0.0 0.
1479298789 1 0.0 0. 0.0 0.
1479298849 1 0.0 0. 0.0 0.
1479298909 1 0.0 0. 0.0 0.
1479298969 1 0.0 0. 0.0 0.
1479299030 1 0.0 0. 0.0 0.
1479299090 1 0.0 0. 0.0 0.
1479299150 1 0.0 0. 0.0 0.
1479299210 1 0.0 0. 0.0 0.
1479299270 1 0.0 0. 0.0 0.
1479299330 1 0.0 0. 0.0 0.
1479299390 1 0.0 0. 0.0 0.
1479299450 1 0.0 0. 0.0 0.
1479299510 1 0.0 0. 0.0 0.
1479299571 1 0.0 0. 0.0 0.
1479299631 1 0.0 0. 0.0 0.
1479299691 1 0.0 0. 0.0 0.
1479299751 1 0.0 0. 0.0 0.
1479300040 1 0.0 0. 0.0 0.
1479300329 1 0.0 0. 0.0 0.
1479300390 1 0.0 0. 0.0 0.
1479300450 1 0.0 0. 0.0 0.
1479300485 1 0.0 0. 0.0 0.
1479300507 1 0.0 0. 0.0 0.
1479300541 1 0.0 0. 0.0 0.
1479300571 1 0.0 0. 0.0 0.
1479300615 1 0.0 0. 0.0 0.
1479300676 1 0.0 0. 0.0 0.
1479300736 1 0.0 0. 0.0 0.
1479300796 1 0.0 0. 0.0 0.
1479300856 1 0.0 0. 0.0 0.
1479300916 1 0.0 0. 0.0 0.
1479300976 1 0.0 0. 0.0 0.
1479301036 1 0.0 0. 0.0 0.
1479301096 1 0.0 0. 0.0 0.
1479301157 1 0.0 0. 0.0 0.
1479301217 1 0.0 0. 0.0 0.
1479301277 1 0.0 0. 0.0 0.
1479301337 1 0.0 0. 0.0 0.
1479301397 1 0.0 0. 0.0 0.
1479301457 1 0.0 0. 0.0 0.
1479301518 1 0.0 0. 0.0 0.
1479301578 1 0.0 0. 0.0 0.
1479301638 1 0.0 0. 0.0 0.
1479301698 1 0.0 0. 0.0 0.
1479301758 1 0.0 0. 0.0 0.
1479301818 1 0.0 0. 0.0 0.
1479301878 1 0.0 0. 0.0 0.
1479301938 1 0.0 0. 0.0 0.
1479301999 1 0.0 0. 0.0 0.
1479302059 1 0.0 0. 0.0 0.
1479302119 1 0.0 0. 0.0 0.
1479302179 1 0.0 0. 0.0 0.
1479302239 1 0.0 0. 0.0 0.
1479302299 1 0.0 0. 0.0 0.
1479302359 1 0.0 0. 0.0 0.
1479302419 1 0.0 0. 0.0 0.
1479302480 1 0.0 0. 0.0 0.
1479302540 1 0.0 0. 0.0 0.
1479302600 1 0.0 0. 0.0 0.
1479302660 1 0.0 0. 0.0 0.
1479302720 1 0.0 0. 0.0 0.
1479302780 1 0.0 0. 0.0 0.
1479302840 1 0.0 0. 0.0 0.
1479302900 1 0.0 0. 0.0 0.
1479302960 1 0.0 0. 0.0 0.
1479303021 1 0.0 0. 0.0 0.
1479303081 1 0.0 0. 0.0 0.
1479303141 1 0.0 0. 0.0 0.
1479303201 1 0.0 0. 0.0 0.
1479303261 1 0.0 0. 0.0 0.
1479303321 1 0.0 0. 0.0 0.
1479303381 1 0.0 0. 0.0 0.
1479303441 1 0.0 0. 0.0 0.
1479303501 1 0.0 0. 0.0 0.
1479303562 1 0.0 0. 0.0 0.
1479303622 1 0.0 0. 0.0 0.
1479303682 1 0.0 0. 0.0 0.
1479303742 1 0.0 0. 0.0 0.
1479303802 1 0.0 0. 0.0 0.
1479303862 1 0.0 0. 0.0 0.
1479303922 1 0.0 0. 0.0 0.
1479303982 1 0.0 0. 0.0 0.
1479304042 1 0.0 0. 0.0 0.
1479304103 1 0.0 0. 0.0 0.
1479304163 1 0.0 0. 0.0 0.
1479304223 1 0.0 0. 0.0 0.
1479304283 1 0.0 0. 0.0 0.
1479304343 1 0.0 0. 0.0 0.
1479304403 1 0.0 0. 0.0 0.
1479304463 1 0.0 0. 0.0 0.
1479304523 1 0.0 0. 0.0 0.
1479304583 1 0.0 0. 0.0 0.
1479304644 1 0.0 0. 0.0 0.
1479304704 1 0.0 0. 0.0 0.
1479304764 1 0.0 0. 0.0 0.
1479304824 1 0.0 0. 0.0 0.
1479304884 1 0.0 0. 0.0 0.
1479304944 1 0.0 0. 0.0 0.
1479305004 1 0.0 0. 0.0 0.
1479305045 1 0.0 0. 0.0 0.
1479305072 1 0.0 0. 0.0 0.
1479305101 1 0.0 0. 0.0 0.
1479305145 1 0.0 0. 0.0 0.
1479305205 1 0.0 0. 0.0 0.
1479305266 1 0.0 0. 0.0 0.
1479305326 1 0.0 0. 0.0 0.
1479305386 1 0.0 0. 0.0 0.
1479305446 1 0.0 0. 0.0 0.
1479305506 1 0.0 0. 0.0 0.
1479305566 1 0.0 0. 0.0 0.
1479305626 1 0.0 0. 0.0 0.
1479305686 1 0.0 0. 0.0 0.
1479305746 1 0.0 0. 0.0 0.
1479305806 1 0.0 0. 0.0 0.
1479305867 1 0.0 0. 0.0 0.
1479305907 1 0.0 0. 0.0 0.
1479305947 1 0.0 0. 0.0 0.
1479306007 1 0.0 0. 0.0 0.
1479306068 1 0.0 0. 0.0 0.
1479306128 1 0.0 0. 0.0 0.
1479306188 1 0.0 0. 0.0 0.
1479306248 1 0.0 0. 0.0 0.
1479306308 1 0.0 0. 0.0 0.
1479306368 1 0.0 0. 0.0 0.
1479306428 1 0.0 0. 0.0 0.
1479306488 1 0.0 0. 0.0 0.
1479306548 1 0.0 0. 0.0 0.
1479306609 1 0.0 0. 0.0 0.
1479306669 1 0.0 0. 0.0 0.
1479306729 1 0.0 0. 0.0 0.
1479306789 1 0.0 0. 0.0 0.
1479306849 1 0.0 0. 0.0 0.
1479306909 1 0.0 0. 0.0 0.
1479306969 1 0.0 0. 0.0 0.
1479307029 1 0.0 0. 0.0 0.
1479307089 1 0.0 0. 0.0 0.
1479307150 1 0.0 0. 0.0 0.
1479307210 1 0.0 0. 0.0 0.
1479307270 1 0.0 0. 0.0 0.
1479307330 1 0.0 0. 0.0 0.
1479307390 1 0.0 0. 0.0 0.
1479307450 1 0.0 0. 0.0 0.
1479307510 1 0.0 0. 0.0 0.
1479307571 1 0.0 0. 0.0 0.
1479307631 1 0.0 0. 0.0 0.
1479307691 1 0.0 0. 0.0 0.
1479307751 1 0.0 0. 0.0 0.
1479307811 1 0.0 0. 0.0 0.
1479307871 1 0.0 0. 0.0 0.
1479307931 1 0.0 0. 0.0 0.
1479307991 1 0.0 0. 0.0 0.
1479308052 1 0.0 0. 0.0 0.
1479308101 1 0.0 0. 0.0 0.
1479308135 1 0.0 0. 0.0 0.
1479308165 1 0.0 0. 0.0 0.
1479308209 1 0.0 0. 0.0 0.
1479308269 1 0.0 0. 0.0 0.
1479308329 1 0.0 0. 0.0 0.
1479308389 1 0.0 0. 0.0 0.
1479308449 1 0.0 0. 0.0 0.
1479308510 1 0.0 0. 0.0 0.
1479308570 1 0.0 0. 0.0 0.
1479308630 1 0.0 0. 0.0 0.
1479308690 1 0.0 0. 0.0 0.
1479308750 1 0.0 0. 0.0 0.
1479308810 1 0.0 0. 0.0 0.
1479308858 1 0.0 0. 0.0 0.
1479308906 1 0.0 0. 0.0 0.
1479308966 1 0.0 0. 0.0 0.
1479309026 1 0.0 0. 0.0 0.
1479309086 1 0.0 0. 0.0 0.
1479309146 1 0.0 0. 0.0 0.
1479309206 1 0.0 0. 0.0 0.
1479309266 1 0.0 0. 0.0 0.
1479309327 1 0.0 0. 0.0 0.
1479309387 1 0.0 0. 0.0 0.
1479309432 1 0.0 0. 0.0 0.
1479309478 1 0.0 0. 0.0 0.
1479309538 1 0.0 0. 0.0 0.
1479309598 1 0.0 0. 0.0 0.
1479309658 1 0.0 0. 0.0 0.
1479309719 1 0.0 0. 0.0 0.
1479309779 1 0.0 0. 0.0 0.
1479309839 1 0.0 0. 0.0 0.
1479309899 1 0.0 0. 0.0 0.
1479309959 1 0.0 0. 0.0 0.
1479310019 1 0.0 0. 0.0 0.
1479310079 1 0.0 0. 0.0 0.
1479310139 1 0.0 0. 0.0 0.
1479310199 1 0.0 0. 0.0 0.
1479310260 1 0.0 0. 0.0 0.
1479310320 1 0.0 0. 0.0 0.
1479310380 1 0.0 0. 0.0 0.
1479310440 1 0.0 0. 0.0 0.
1479310500 1 0.0 0. 0.0 0.
1479310560 1 0.0 0. 0.0 0.
1479310620 1 0.0 0. 0.0 0.
1479310680 1 0.0 0. 0.0 0.
1479310741 1 0.0 0. 0.0 0.
1479310801 1 0.0 0. 0.0 0.
1479310861 1 0.0 0. 0.0 0.
1479310921 1 0.0 0. 0.0 0.
1479310981 1 0.0 0. 0.0 0.
1479311041 1 0.0 0. 0.0 0.
1479311101 1 0.0 0. 0.0 0.
1479311161 1 0.0 0. 0.0 0.
1479311222 1 0.0 0. 0.0 0.
1479311282 1 0.0 0. 0.0 0.
1479311342 1 0.0 0. 0.0 0.
1479311397 1 0.0 0. 0.0 0.
1479311438 1 0.0 0. 0.0 0.
1479311466 1 0.0 0. 0.0 0.
1479311510 1 0.0 0. 0.0 0.
1479311559 1 0.0 0. 0.0 0.
1479311608 1 0.0 0. 0.0 0.
1479311668 1 0.0 0. 0.0 0.
1479311728 1 0.0 0. 0.0 0.
1479311788 1 0.0 0. 0.0 0.
1479311849 1 0.0 0. 0.0 0.
1479311909 1 0.0 0. 0.0 0.
1479311969 1 0.0 0. 0.0 0.
1479312029 1 0.0 0. 0.0 0.
1479312089 1 0.0 0. 0.0 0.
1479312149 1 0.0 0. 0.0 0.
1479312209 1 0.0 0. 0.0 0.
1479312269 1 0.0 0. 0.0 0.
1479312330 1 0.0 0. 0.0 0.
1479312390 1 0.0 0. 0.0 0.
1479312450 1 0.0 0. 0.0 0.
1479312510 1 0.0 0. 0.0 0.
1479312570 1 0.0 0. 0.0 0.
1479312630 1 0.0 0. 0.0 0.
1479312690 1 0.0 0. 0.0 0.
1479312750 1 0.0 0. 0.0 0.
1479312810 1 0.0 0. 0.0 0.
1479312871 1 0.0 0. 0.0 0.
1479312931 1 0.0 0. 0.0 0.
1479312991 1 0.0 0. 0.0 0.
1479313051 1 0.0 0. 0.0 0.
1479313111 1 0.0 0. 0.0 0.
1479313171 1 0.0 0. 0.0 0.
1479313231 1 0.0 0. 0.0 0.
1479313291 1 0.0 0. 0.0 0.
1479313351 1 0.0 0. 0.0 0.
1479313412 1 0.0 0. 0.0 0.
1479313472 1 0.0 0. 0.0 0.
1479313532 1 0.0 0. 0.0 0.
1479313592 1 0.0 0. 0.0 0.
1479313652 1 0.0 0. 0.0 0.
1479313712 1 0.0 0. 0.0 0.
1479313772 1 0.0 0. 0.0 0.
1479313832 1 0.0 0. 0.0 0.
1479313892 1 0.0 0. 0.0 0.
1479313953 1 0.0 0. 0.0 0.
1479314013 1 0.0 0. 0.0 0.
1479314073 1 0.0 0. 0.0 0.
1479314133 1 0.0 0. 0.0 0.
1479314193 1 0.0 0. 0.0 0.
1479314253 1 0.0 0. 0.0 0.
1479314313 1 0.0 0. 0.0 0.
1479314373 1 0.0 0. 0.0 0.
1479314433 1 0.0 0. 0.0 0.
1479314494 1 0.0 0. 0.0 0.
1479314554 1 0.0 0. 0.0 0.
1479314614 1 0.0 0. 0.0 0.
1479314674 1 0.0 0. 0.0 0.
1479314734 1 0.0 0. 0.0 0.
1479314794 1 0.0 0. 0.0 0.
1479314854 1 0.0 0. 0.0 0.
1479314914 1 0.0 0. 0.0 0.
1479314975 1 0.0 0. 0.0 0.
1479315035 1 0.0 0. 0.0 0.
1479315095 1 0.0 0. 0.0 0.
1479315155 1 0.0 0. 0.0 0.
1479315215 1 0.0 0. 0.0 0.
1479315275 1 0.0 0. 0.0 0.
1479315335 1 0.0 0. 0.0 0.
1479315395 1 0.0 0. 0.0 0.
1479315456 1 0.0 0. 0.0 0.
1479315516 1 0.0 0. 0.0 0.
1479315576 1 0.0 0. 0.0 0.
1479315636 1 0.0 0. 0.0 0.
1479315696 1 0.0 0. 0.0 0.
1479315756 1 0.0 0. 0.0 0.
1479315816 1 0.0 0. 0.0 0.
1479315876 1 0.0 0. 0.0 0.
1479315937 1 0.0 0. 0.0 0.
1479315997 1 0.0 0. 0.0 0.
1479316057 1 0.0 0. 0.0 0.
1479316117 1 0.0 0. 0.0 0.
1479316177 1 0.0 0. 0.0 0.
1479316237 1 0.0 0. 0.0 0.
1479316297 1 0.0 0. 0.0 0.
1479316357 1 0.0 0. 0.0 0.
1479316418 1 0.0 0. 0.0 0.
1479316478 1 0.0 0. 0.0 0.
1479316538 1 0.0 0. 0.0 0.
1479316598 1 0.0 0. 0.0 0.
1479316658 1 0.0 0. 0.0 0.
1479316718 1 0.0 0. 0.0 0.
1479316778 1 0.0 0. 0.0 0.
1479316839 1 0.0 0. 0.0 0.
1479316899 1 0.0 0. 0.0 0.
1479316959 1 0.0 0. 0.0 0.
1479317019 1 0.0 0. 0.0 0.
1479317079 1 0.0 0. 0.0 0.
1479317139 1 0.0 0. 0.0 0.
1479317199 1 0.0 0. 0.0 0.
1479317259 1 0.0 0. 0.0 0.
1479317320 1 0.0 0. 0.0 0.
1479317380 1 0.0 0. 0.0 0.
1479317440 1 0.0 0. 0.0 0.
1479317500 1 0.0 0. 0.0 0.
1479317560 1 0.0 0. 0.0 0.
1479317620 1 0.0 0. 0.0 0.
1479317680 1 0.0 0. 0.0 0.
1479317740 1 0.0 0. 0.0 0.
1479317801 1 0.0 0. 0.0 0.
1479317861 1 0.0 0. 0.0 0.
1479317921 1 0.0 0. 0.0 0.
1479317981 1 0.0 0. 0.0 0.
1479318041 1 0.0 0. 0.0 0.
1479318101 1 0.0 0. 0.0 0.
1479318161 1 0.0 0. 0.0 0.
1479318221 1 0.0 0. 0.0 0.
1479318281 1 0.0 0. 0.0 0.
1479318342 1 0.0 0. 0.0 0.
1479318402 1 0.0 0. 0.0 0.
1479318462 1 0.0 0. 0.0 0.
1479318522 1 0.0 0. 0.0 0.
1479318582 1 0.0 0. 0.0 0.
1479318642 1 0.0 0. 0.0 0.
1479318702 1 0.0 0. 0.0 0.
1479318762 1 0.0 0. 0.0 0.
1479318822 1 0.0 0. 0.0 0.
1479318882 1 0.0 0. 0.0 0.
1479318943 1 0.0 0. 0.0 0.
1479319003 1 0.0 0. 0.0 0.
1479319063 1 0.0 0. 0.0 0.
1479319123 1 0.0 0. 0.0 0.
1479319183 1 0.0 0. 0.0 0.
1479319243 1 0.0 0. 0.0 0.
1479319303 1 0.0 0. 0.0 0.
1479319363 1 0.0 0. 0.0 0.
1479319423 1 0.0 0. 0.0 0.
1479319484 1 0.0 0. 0.0 0.
1479319544 1 0.0 0. 0.0 0.
1479319604 1 0.0 0. 0.0 0.
1479319664 1 0.0 0. 0.0 0.
1479319724 1 0.0 0. 0.0 0.
1479319784 1 0.0 0. 0.0 0.
1479319844 1 0.0 0. 0.0 0.
1479319904 1 0.0 0. 0.0 0.
1479319964 1 0.0 0. 0.0 0.
1479320024 1 0.0 0. 0.0 0.
1479320085 1 0.0 0. 0.0 0.
1479320145 1 0.0 0. 0.0 0.
1479320205 1 0.0 0. 0.0 0.
1479320265 1 0.0 0. 0.0 0.
1479320325 1 0.0 0. 0.0 0.
1479320385 1 0.0 0. 0.0 0.
1479320445 1 0.0 0. 0.0 0.
1479320505 1 0.0 0. 0.0 0.
1479320566 1 0.0 0. 0.0 0.
1479320626 1 0.0 0. 0.0 0.
1479320686 1 0.0 0. 0.0 0.
1479320746 1 0.0 0. 0.0 0.
1479320806 1 0.0 0. 0.0 0.
1479320866 1 0.0 0. 0.0 0.
1479320926 1 0.0 0. 0.0 0.
1479320986 1 0.0 0. 0.0 0.
1479321046 1 0.0 0. 0.0 0.
1479321106 1 0.0 0. 0.0 0.
1479321167 1 0.0 0. 0.0 0.
1479321227 1 0.0 0. 0.0 0.
1479321287 1 0.0 0. 0.0 0.
1479321347 1 0.0 0. 0.0 0.
1479321407 1 0.0 0. 0.0 0.
1479321467 1 0.0 0. 0.0 0.
1479321527 1 0.0 0. 0.0 0.
1479321588 1 0.0 0. 0.0 0.
1479321648 1 0.0 0. 0.0 0.
1479321708 1 0.0 0. 0.0 0.
1479321768 1 0.0 0. 0.0 0.
1479321828 1 0.0 0. 0.0 0.
1479321888 1 0.0 0. 0.0 0.
1479321948 1 0.0 0. 0.0 0.
1479322009 1 0.0 0. 0.0 0.
1479322069 1 0.0 0. 0.0 0.
1479322129 1 0.0 0. 0.0 0.
1479322189 1 0.0 0. 0.0 0.
1479322249 1 0.0 0. 0.0 0.
1479322309 1 0.0 0. 0.0 0.
1479322369 1 0.0 0. 0.0 0.
1479322429 1 0.0 0. 0.0 0.
1479322489 1 0.0 0. 0.0 0.
1479322550 1 0.0 0. 0.0 0.
1479322610 1 0.0 0. 0.0 0.
1479322670 1 0.0 0. 0.0 0.
1479322730 1 0.0 0. 0.0 0.
1479322790 1 0.0 0. 0.0 0.
1479322850 1 0.0 0. 0.0 0.
1479322910 1 0.0 0. 0.0 0.
1479322970 1 0.0 0. 0.0 0.
1479323030 1 0.0 0. 0.0 0.
1479323091 1 0.0 0. 0.0 0.
1479323151 1 0.0 0. 0.0 0.
1479323211 1 0.0 0. 0.0 0.
1479323271 1 0.0 0. 0.0 0.
1479323331 1 0.0 0. 0.0 0.
1479323391 1 0.0 0. 0.0 0.
1479323451 1 0.0 0. 0.0 0.
1479323511 1 0.0 0. 0.0 0.
1479323572 1 0.0 0. 0.0 0.
1479323632 1 0.0 0. 0.0 0.
1479323692 1 0.0 0. 0.0 0.
1479323752 1 0.0 0. 0.0 0.
1479323812 1 0.0 0. 0.0 0.
1479323872 1 0.0 0. 0.0 0.
1479323932 1 0.0 0. 0.0 0.
1479323993 1 0.0 0. 0.0 0.
1479324053 1 0.0 0. 0.0 0.
1479324113 1 0.0 0. 0.0 0.
1479324173 1 0.0 0. 0.0 0.
1479324233 1 0.0 0. 0.0 0.
1479324293 1 0.0 0. 0.0 0.
1479324353 1 0.0 0. 0.0 0.
1479324413 1 0.0 0. 0.0 0.
1479324473 1 0.0 0. 0.0 0.
1479324533 1 0.0 0. 0.0 0.
1479324594 1 0.0 0. 0.0 0.
1479324654 1 0.0 0. 0.0 0.
1479324714 1 0.0 0. 0.0 0.
1479324774 1 0.0 0. 0.0 0.
1479324834 1 0.0 0. 0.0 0.
1479324894 1 0.0 0. 0.0 0.
1479324954 1 0.0 0. 0.0 0.
1479325014 1 0.0 0. 0.0 0.
1479325075 1 0.0 0. 0.0 0.
1479325135 1 0.0 0. 0.0 0.
1479325195 1 0.0 0. 0.0 0.
1479325255 1 0.0 0. 0.0 0.
1479325315 1 0.0 0. 0.0 0.
1479325375 1 0.0 0. 0.0 0.
1479325435 1 0.0 0. 0.0 0.
1479325495 1 0.0 0. 0.0 0.
1479325555 1 0.0 0. 0.0 0.
1479325616 1 0.0 0. 0.0 0.
1479325676 1 0.0 0. 0.0 0.
1479325736 1 0.0 0. 0.0 0.
1479325796 1 0.0 0. 0.0 0.
1479325856 1 0.0 0. 0.0 0.
1479325916 1 0.0 0. 0.0 0.
1479325976 1 0.0 0. 0.0 0.
1479326036 1 0.0 0. 0.0 0.
1479326096 1 0.0 0. 0.0 0.
1479326156 1 0.0 0. 0.0 0.
1479326217 1 0.0 0. 0.0 0.
1479326277 1 0.0 0. 0.0 0.
1479326337 1 0.0 0. 0.0 0.
1479326397 1 0.0 0. 0.0 0.
1479326457 1 0.0 0. 0.0 0.
1479326517 1 0.0 0. 0.0 0.
1479326577 1 0.0 0. 0.0 0.
1479326637 1 0.0 0. 0.0 0.
1479326681 1 0.0 0. 0.0 0.
1479326724 1 0.0 0. 0.0 0.
1479326785 1 0.0 0. 0.0 0.
1479326842 0 0.0 0. 0.0 0.
1479326899 0 0.0 0. 0.0 0.
1479326959 0 0.0 0. 0.0 0.
1479327019 0 0.0 0. 0.0 0.
1479327079 0 0.0 0. 0.0 0.
1479327139 0 0.0 0. 0.0 0.
1479327657 0 0.0 0. 0.0 0.
