1479328175 0 0.0 0. 0.0 0.
1479328235 0 0.0 0. 0.0 0.
1479328289 0 0.0 0. 0.0 0.
1479328322 0 0.0 0. 0.0 0.
1479328362 0 0.0 0. 0.0 0.
1479328422 0 0.0 0. 0.0 0.
1479328482 0 0.0 0. 0.0 0.
1479328542 0 0.0 0. 0.0 0.
1479328602 0 0.0 0. 0.0 0.
1479328663 0 0.0 0. 0.0 0.
1479328723 0 0.0 0. 0.0 0.
1479328783 0 0.0 0. 0.0 0.
1479328843 0 0.0 0. 0.0 0.
1479328903 0 0.0 0. 0.0 0.
1479328963 0 0.0 0. 0.0 0.
1479329023 0 0.0 0. 0.0 0.
1479329083 0 0.0 0. 0.0 0.
1479329144 0 0.0 0. 0.0 0.
1479329204 0 0.0 0. 0.0 0.
1479329264 0 0.0 0. 0.0 0.
1479329324 0 0.0 0. 0.0 0.
1479329384 0 0.0 0. 0.0 0.
1479329444 0 0.0 0. 0.0 0.
1479329504 0 0.0 0. 0.0 0.
1479329564 0 0.0 0. 0.0 0.
1479329624 0 0.0 0. 0.0 0.
1479329685 0 0.0 0. 0.0 0.
1479329745 0 0.0 0. 0.0 0.
1479329805 0 0.0 0. 0.0 0.
1479329865 0 0.0 0. 0.0 0.
1479329925 0 0.0 0. 0.0 0.
1479329985 0 0.0 0. 0.0 0.
1479330045 0 0.0 0. 0.0 0.
1479330105 0 0.0 0. 0.0 0.
1479330166 0 0.0 0. 0.0 0.
1479330226 0 0.0 0. 0.0 0.
1479330286 0 0.0 0. 0.0 0.
1479330346 0 0.0 0. 0.0 0.
1479330406 0 0.0 0. 0.0 0.
1479330466 0 0.0 0. 0.0 0.
1479330526 0 0.0 0. 0.0 0.
1479330586 0 0.0 0. 0.0 0.
1479330646 0 0.0 0. 0.0 0.
1479330706 0 0.0 0. 0.0 0.
1479330767 0 0.0 0. 0.0 0.
1479330827 0 0.0 0. 0.0 0.
1479330887 0 0.0 0. 0.0 0.
1479330947 0 0.0 0. 0.0 0.
1479331007 0 0.0 0. 0.0 0.
1479331067 0 0.0 0. 0.0 0.
1479331127 0 0.0 0. 0.0 0.
1479331187 0 0.0 0. 0.0 0.
1479331248 0 0.0 0. 0.0 0.
1479331308 0 0.0 0. 0.0 0.
1479331368 0 0.0 0. 0.0 0.
1479331428 0 0.0 0. 0.0 0.
1479331488 0 0.0 0. 0.0 0.
1479331548 0 0.0 0. 0.0 0.
1479331608 0 0.0 0. 0.0 0.
1479331668 0 0.0 0. 0.0 0.
1479331728 0 0.0 0. 0.0 0.
1479331789 0 0.0 0. 0.0 0.
1479331849 0 0.0 0. 0.0 0.
1479331909 0 0.0 0. 0.0 0.
1479331969 0 0.0 0. 0.0 0.
1479332029 0 0.0 0. 0.0 0.
1479332089 0 0.0 0. 0.0 0.
1479332149 0 0.0 0. 0.0 0.
1479332209 0 0.0 0. 0.0 0.
1479332270 0 0.0 0. 0.0 0.
1479332330 0 0.0 0. 0.0 0.
1479332390 0 0.0 0. 0.0 0.
1479332450 0 0.0 0. 0.0 0.
1479332510 0 0.0 0. 0.0 0.
1479332570 0 0.0 0. 0.0 0.
1479332630 0 0.0 0. 0.0 0.
1479332690 0 0.0 0. 0.0 0.
1479332751 0 0.0 0. 0.0 0.
1479332811 0 0.0 0. 0.0 0.
1479332871 0 0.0 0. 0.0 0.
1479332931 0 0.0 0. 0.0 0.
1479332991 0 0.0 0. 0.0 0.
1479333051 0 0.0 0. 0.0 0.
1479333111 0 0.0 0. 0.0 0.
1479333172 0 0.0 0. 0.0 0.
1479333232 0 0.0 0. 0.0 0.
1479333292 0 0.0 0. 0.0 0.
1479333352 0 0.0 0. 0.0 0.
1479333412 0 0.0 0. 0.0 0.
1479333472 0 0.0 0. 0.0 0.
1479333532 0 0.0 0. 0.0 0.
1479333592 0 0.0 0. 0.0 0.
1479333652 0 0.0 0. 0.0 0.
1479333713 0 0.0 0. 0.0 0.
1479333773 0 0.0 0. 0.0 0.
1479333833 0 0.0 0. 0.0 0.
1479333893 0 0.0 0. 0.0 0.
1479333953 0 0.0 0. 0.0 0.
1479334013 0 0.0 0. 0.0 0.
1479334073 0 0.0 0. 0.0 0.
1479334133 0 0.0 0. 0.0 0.
1479334194 0 0.0 0. 0.0 0.
1479334254 0 0.0 0. 0.0 0.
1479334314 0 0.0 0. 0.0 0.
1479334374 0 0.0 0. 0.0 0.
1479334434 0 0.0 0. 0.0 0.
1479334494 0 0.0 0. 0.0 0.
1479334554 0 0.0 0. 0.0 0.
1479334614 0 0.0 0. 0.0 0.
1479334675 0 0.0 0. 0.0 0.
1479334735 0 0.0 0. 0.0 0.
1479334795 0 0.0 0. 0.0 0.
1479334855 0 0.0 0. 0.0 0.
1479334915 0 0.0 0. 0.0 0.
1479334975 0 0.0 0. 0.0 0.
1479335035 0 0.0 0. 0.0 0.
1479335095 0 0.0 0. 0.0 0.
1479335156 0 0.0 0. 0.0 0.
1479335216 0 0.0 0. 0.0 0.
1479335276 0 0.0 0. 0.0 0.
1479335336 0 0.0 0. 0.0 0.
1479335396 0 0.0 0. 0.0 0.
1479335456 0 0.0 0. 0.0 0.
1479335516 0 0.0 0. 0.0 0.
1479335576 0 0.0 0. 0.0 0.
1479335637 0 0.0 0. 0.0 0.
1479335697 0 0.0 0. 0.0 0.
1479335757 0 0.0 0. 0.0 0.
1479335817 0 0.0 0. 0.0 0.
1479335877 0 0.0 0. 0.0 0.
1479335937 0 0.0 0. 0.0 0.
1479335997 0 0.0 0. 0.0 0.
1479336057 0 0.0 0. 0.0 0.
1479336118 0 0.0 0. 0.0 0.
1479336178 0 0.0 0. 0.0 0.
1479336238 0 0.0 0. 0.0 0.
1479336298 0 0.0 0. 0.0 0.
1479336358 0 0.0 0. 0.0 0.
1479336418 0 0.0 0. 0.0 0.
1479336478 0 0.0 0. 0.0 0.
1479336538 0 0.0 0. 0.0 0.
1479336599 0 0.0 0. 0.0 0.
1479336659 0 0.0 0. 0.0 0.
1479336719 0 0.0 0. 0.0 0.
1479336779 0 0.0 0. 0.0 0.
1479336839 0 0.0 0. 0.0 0.
1479336899 0 0.0 0. 0.0 0.
1479336959 0 0.0 0. 0.0 0.
1479337020 0 0.0 0. 0.0 0.
1479337080 0 0.0 0. 0.0 0.
1479337127 0 0.0 0. 0.0 0.
1479337174 0 0.0 0. 0.0 0.
1479337234 0 0.0 0. 0.0 0.
1479337294 0 0.0 0. 0.0 0.
1479337354 0 0.0 0. 0.0 0.
1479337414 0 0.0 0. 0.0 0.
1479337474 0 0.0 0. 0.0 0.
1479337534 0 0.0 0. 0.0 0.
1479337595 0 0.0 0. 0.0 0.
1479337630 0 0.0 0. 0.0 0.
1479337665 0 0.0 0. 0.0 0.
1479337725 0 0.0 0. 0.0 0.
1479337785 0 0.0 0. 0.0 0.
1479337845 0 0.0 0. 0.0 0.
1479337905 0 0.0 0. 0.0 0.
1479337965 0 0.0 0. 0.0 0.
1479338026 0 0.0 0. 0.0 0.
1479338086 0 0.0 0. 0.0 0.
1479338146 0 0.0 0. 0.0 0.
1479338206 0 0.0 0. 0.0 0.
1479338263 0 0.0 0. 0.0 0.
1479338320 0 0.0 0. 0.0 0.
1479338380 0 0.0 0. 0.0 0.
1479338417 0 0.0 0. 0.0 0.
1479338433 0 0.0 0. 0.0 0.
1479338456 0 0.0 0. 0.0 0.
1479338502 0 0.0 0. 0.0 0.
1479338562 0 0.0 0. 0.0 0.
1479338622 1 0.0 0. 0.0 0.
1479338682 1 0.0 0. 0.0 0.
1479338742 1 0.0 0. 0.0 0.
1479338802 1 0.0 0. 0.0 0.
1479338862 1 0.0 0. 0.0 0.
1479338922 1 0.0 0. 0.0 0.
1479338982 1 0.0 0. 0.0 0.
1479339043 1 0.0 0. 0.0 0.
1479339103 1 0.0 0. 0.0 0.
1479339163 1 0.0 0. 0.0 0.
1479339223 1 0.0 0. 0.0 0.
1479339283 1 0.0 0. 0.0 0.
1479339343 1 0.0 0. 0.0 0.
1479339403 1 0.0 0. 0.0 0.
1479339463 1 0.0 0. 0.0 0.
1479339523 1 0.0 0. 0.0 0.
1479339584 1 0.0 0. 0.0 0.
1479339644 1 0.0 0. 0.0 0.
1479339704 1 0.0 0. 0.0 0.
1479339764 1 0.0 0. 0.0 0.
1479339824 1 0.0 0. 0.0 0.
1479339884 1 0.0 0. 0.0 0.
1479339944 1 0.0 0. 0.0 0.
1479340004 1 0.0 0. 0.0 0.
1479340065 1 0.0 0. 0.0 0.
1479340125 1 0.0 0. 0.0 0.
1479340185 1 0.0 0. 0.0 0.
1479340245 1 0.0 0. 0.0 0.
1479340305 1 0.0 0. 0.0 0.
1479340350 1 0.0 0. 0.0 0.
1479340395 1 0.0 0. 0.0 0.
1479340455 1 0.0 0. 0.0 0.
1479340515 1 0.0 0. 0.0 0.
1479340576 1 0.0 0. 0.0 0.
1479340636 1 0.0 0. 0.0 0.
1479340696 1 0.0 0. 0.0 0.
1479340756 1 0.0 0. 0.0 0.
1479340816 1 0.0 0. 0.0 0.
1479340876 1 0.0 0. 0.0 0.
1479340936 1 0.0 0. 0.0 0.
1479340996 1 0.0 0. 0.0 0.
1479341057 1 0.0 0. 0.0 0.
1479341117 1 0.0 0. 0.0 0.
1479341177 1 0.0 0. 0.0 0.
1479341237 1 0.0 0. 0.0 0.
1479341297 1 0.0 0. 0.0 0.
1479341357 1 0.0 0. 0.0 0.
1479341417 1 0.0 0. 0.0 0.
1479341477 1 0.0 0. 0.0 0.
1479341537 1 0.0 0. 0.0 0.
1479341598 1 0.0 0. 0.0 0.
1479341658 1 0.0 0. 0.0 0.
1479341718 1 0.0 0. 0.0 0.
1479341778 1 0.0 0. 0.0 0.
1479341838 1 0.0 0. 0.0 0.
1479341898 1 0.0 0. 0.0 0.
1479341958 1 0.0 0. 0.0 0.
1479342018 1 0.0 0. 0.0 0.
1479342078 1 0.0 0. 0.0 0.
1479342139 1 0.0 0. 0.0 0.
1479342199 1 0.0 0. 0.0 0.
1479342259 1 0.0 0. 0.0 0.
1479342319 1 0.0 0. 0.0 0.
1479342379 1 0.0 0. 0.0 0.
1479342439 1 0.0 0. 0.0 0.
1479342499 1 0.0 0. 0.0 0.
1479342559 1 0.0 0. 0.0 0.
1479342619 1 0.0 0. 0.0 0.
1479342680 1 0.0 0. 0.0 0.
1479342740 1 0.0 0. 0.0 0.
1479342800 1 0.0 0. 0.0 0.
1479342860 1 0.0 0. 0.0 0.
1479342920 1 0.0 0. 0.0 0.
1479342980 1 0.0 0. 0.0 0.
1479343040 1 0.0 0. 0.0 0.
1479343100 1 0.0 0. 0.0 0.
1479343161 1 0.0 0. 0.0 0.
1479343221 1 0.0 0. 0.0 0.
1479343281 1 0.0 0. 0.0 0.
1479343341 1 0.0 0. 0.0 0.
1479343401 1 0.0 0. 0.0 0.
1479343461 1 0.0 0. 0.0 0.
1479343521 1 0.0 0. 0.0 0.
1479343581 1 0.0 0. 0.0 0.
1479343641 1 0.0 0. 0.0 0.
1479343702 1 0.0 0. 0.0 0.
1479343762 1 0.0 0. 0.0 0.
1479343822 1 0.0 0. 0.0 0.
1479343882 1 0.0 0. 0.0 0.
1479343942 1 0.0 0. 0.0 0.
1479344002 1 0.0 0. 0.0 0.
1479344062 1 0.0 0. 0.0 0.
1479344122 1 0.0 0. 0.0 0.
1479344182 1 0.0 0. 0.0 0.
1479344243 1 0.0 0. 0.0 0.
1479344303 1 0.0 0. 0.0 0.
1479344363 1 0.0 0. 0.0 0.
1479344423 1 0.0 0. 0.0 0.
1479344483 1 0.0 0. 0.0 0.
1479344543 1 0.0 0. 0.0 0.
1479344603 1 0.0 0. 0.0 0.
1479344661 1 0.0 0. 0.0 0.
1479344719 1 0.0 0. 0.0 0.
1479344779 1 0.0 0. 0.0 0.
1479344839 1 0.0 0. 0.0 0.
1479344899 1 0.0 0. 0.0 0.
1479344959 1 0.0 0. 0.0 0.
1479345019 1 0.0 0. 0.0 0.
1479345079 1 0.0 0. 0.0 0.
1479345140 1 0.0 0. 0.0 0.
1479345200 1 0.0 0. 0.0 0.
1479345260 1 0.0 0. 0.0 0.
1479345320 1 0.0 0. 0.0 0.
1479345380 1 0.0 0. 0.0 0.
1479345440 1 0.0 0. 0.0 0.
1479345500 1 0.0 0. 0.0 0.
1479345560 1 0.0 0. 0.0 0.
1479345620 1 0.0 0. 0.0 0.
1479345681 1 0.0 0. 0.0 0.
1479345741 1 0.0 0. 0.0 0.
1479345801 1 0.0 0. 0.0 0.
1479345861 1 0.0 0. 0.0 0.
1479345921 1 0.0 0. 0.0 0.
1479345981 1 0.0 0. 0.0 0.
1479346041 1 0.0 0. 0.0 0.
1479346101 1 0.0 0. 0.0 0.
1479346161 1 0.0 0. 0.0 0.
1479346222 1 0.0 0. 0.0 0.
1479346282 1 0.0 0. 0.0 0.
1479346342 1 0.0 0. 0.0 0.
1479346402 1 0.0 0. 0.0 0.
1479346462 1 0.0 0. 0.0 0.
1479346522 1 0.0 0. 0.0 0.
1479346582 1 0.0 0. 0.0 0.
1479346642 1 0.0 0. 0.0 0.
1479346702 1 0.0 0. 0.0 0.
1479346763 1 0.0 0. 0.0 0.
1479346823 1 0.0 0. 0.0 0.
1479346883 1 0.0 0. 0.0 0.
1479346943 1 0.0 0. 0.0 0.
1479347003 1 0.0 0. 0.0 0.
1479347063 1 0.0 0. 0.0 0.
1479347123 1 0.0 0. 0.0 0.
1479347183 1 0.0 0. 0.0 0.
1479347243 1 0.0 0. 0.0 0.
1479347304 1 0.0 0. 0.0 0.
1479347364 1 0.0 0. 0.0 0.
1479347424 1 0.0 0. 0.0 0.
1479347484 1 0.0 0. 0.0 0.
1479347544 1 0.0 0. 0.0 0.
1479347604 1 0.0 0. 0.0 0.
1479347664 1 0.0 0. 0.0 0.
1479347724 1 0.0 0. 0.0 0.
1479347784 1 0.0 0. 0.0 0.
1479347845 1 0.0 0. 0.0 0.
1479347905 1 0.0 0. 0.0 0.
1479347965 1 0.0 0. 0.0 0.
1479348025 1 0.0 0. 0.0 0.
1479348085 1 0.0 0. 0.0 0.
1479348145 1 0.0 0. 0.0 0.
1479348205 1 0.0 0. 0.0 0.
1479348266 1 0.0 0. 0.0 0.
1479348326 1 0.0 0. 0.0 0.
1479348386 1 0.0 0. 0.0 0.
1479348446 1 0.0 0. 0.0 0.
1479348506 1 0.0 0. 0.0 0.
1479348566 1 0.0 0. 0.0 0.
1479348626 1 0.0 0. 0.0 0.
1479348686 1 0.0 0. 0.0 0.
1479348746 1 0.0 0. 0.0 0.
1479348807 1 0.0 0. 0.0 0.
1479348867 1 0.0 0. 0.0 0.
1479348927 1 0.0 0. 0.0 0.
1479348987 1 0.0 0. 0.0 0.
1479349047 1 0.0 0. 0.0 0.
1479349107 1 0.0 0. 0.0 0.
1479349167 1 0.0 0. 0.0 0.
1479349227 1 0.0 0. 0.0 0.
1479349288 1 0.0 0. 0.0 0.
1479349348 1 0.0 0. 0.0 0.
1479349408 1 0.0 0. 0.0 0.
1479349468 1 0.0 0. 0.0 0.
1479349528 1 0.0 0. 0.0 0.
1479349588 1 0.0 0. 0.0 0.
1479349648 1 0.0 0. 0.0 0.
1479349709 1 0.0 0. 0.0 0.
1479349769 1 0.0 0. 0.0 0.
1479349829 1 0.0 0. 0.0 0.
1479349889 1 0.0 0. 0.0 0.
1479349949 1 0.0 0. 0.0 0.
1479350009 1 0.0 0. 0.0 0.
1479350069 1 0.0 0. 0.0 0.
1479350129 1 0.0 0. 0.0 0.
1479350189 1 0.0 0. 0.0 0.
1479350250 1 0.0 0. 0.0 0.
1479350310 1 0.0 0. 0.0 0.
1479350370 1 0.0 0. 0.0 0.
1479350430 1 0.0 0. 0.0 0.
1479350490 1 0.0 0. 0.0 0.
1479350550 1 0.0 0. 0.0 0.
1479350610 1 0.0 0. 0.0 0.
1479350670 1 0.0 0. 0.0 0.
1479350730 1 0.0 0. 0.0 0.
1479350790 1 0.0 0. 0.0 0.
1479350851 1 0.0 0. 0.0 0.
1479350911 1 0.0 0. 0.0 0.
1479350971 1 0.0 0. 0.0 0.
1479351031 1 0.0 0. 0.0 0.
1479351091 1 0.0 0. 0.0 0.
1479351151 1 0.0 0. 0.0 0.
1479351211 1 0.0 0. 0.0 0.
1479351271 1 0.0 0. 0.0 0.
1479351331 1 0.0 0. 0.0 0.
1479351392 1 0.0 0. 0.0 0.
1479351452 1 0.0 0. 0.0 0.
1479351512 1 0.0 0. 0.0 0.
1479351572 1 0.0 0. 0.0 0.
1479351632 1 0.0 0. 0.0 0.
1479351692 1 0.0 0. 0.0 0.
1479351752 1 0.0 0. 0.0 0.
1479351812 1 0.0 0. 0.0 0.
1479351872 1 0.0 0. 0.0 0.
1479351932 1 0.0 0. 0.0 0.
1479351993 1 0.0 0. 0.0 0.
1479352053 1 0.0 0. 0.0 0.
1479352113 1 0.0 0. 0.0 0.
1479352173 1 0.0 0. 0.0 0.
1479352233 1 0.0 0. 0.0 0.
1479352293 1 0.0 0. 0.0 0.
1479352353 1 0.0 0. 0.0 0.
1479352413 1 0.0 0. 0.0 0.
1479352473 1 0.0 0. 0.0 0.
1479352534 1 0.0 0. 0.0 0.
1479352594 1 0.0 0. 0.0 0.
1479352654 1 0.0 0. 0.0 0.
1479352714 1 0.0 0. 0.0 0.
1479352774 1 0.0 0. 0.0 0.
1479352834 1 0.0 0. 0.0 0.
1479352894 1 0.0 0. 0.0 0.
1479352954 1 0.0 0. 0.0 0.
1479353014 1 0.0 0. 0.0 0.
1479353075 1 0.0 0. 0.0 0.
1479353135 1 0.0 0. 0.0 0.
1479353195 1 0.0 0. 0.0 0.
1479353255 1 0.0 0. 0.0 0.
1479353315 1 0.0 0. 0.0 0.
1479353375 1 0.0 0. 0.0 0.
1479353435 1 0.0 0. 0.0 0.
1479353495 1 0.0 0. 0.0 0.
1479353555 1 0.0 0. 0.0 0.
1479353616 1 0.0 0. 0.0 0.
1479353676 1 0.0 0. 0.0 0.
1479353736 1 0.0 0. 0.0 0.
1479353796 1 0.0 0. 0.0 0.
1479353856 1 0.0 0. 0.0 0.
1479353916 1 0.0 0. 0.0 0.
1479353976 1 0.0 0. 0.0 0.
1479354036 1 0.0 0. 0.0 0.
1479354096 1 0.0 0. 0.0 0.
1479354156 1 0.0 0. 0.0 0.
1479354217 1 0.0 0. 0.0 0.
1479354277 1 0.0 0. 0.0 0.
1479354337 1 0.0 0. 0.0 0.
1479354397 1 0.0 0. 0.0 0.
1479354457 1 0.0 0. 0.0 0.
1479354517 1 0.0 0. 0.0 0.
1479354577 1 0.0 0. 0.0 0.
1479354638 1 0.0 0. 0.0 0.
1479354698 1 0.0 0. 0.0 0.
1479354758 1 0.0 0. 0.0 0.
1479354818 1 0.0 0. 0.0 0.
1479354878 1 0.0 0. 0.0 0.
1479354938 1 0.0 0. 0.0 0.
1479354998 1 0.0 0. 0.0 0.
1479355058 1 0.0 0. 0.0 0.
1479355118 1 0.0 0. 0.0 0.
1479355179 1 0.0 0. 0.0 0.
1479355239 1 0.0 0. 0.0 0.
1479355299 1 0.0 0. 0.0 0.
1479355359 1 0.0 0. 0.0 0.
1479355419 1 0.0 0. 0.0 0.
1479355479 1 0.0 0. 0.0 0.
1479355539 1 0.0 0. 0.0 0.
1479355599 1 0.0 0. 0.0 0.
1479355659 1 0.0 0. 0.0 0.
1479355720 1 0.0 0. 0.0 0.
1479355780 1 0.0 0. 0.0 0.
1479355840 1 0.0 0. 0.0 0.
1479355900 1 0.0 0. 0.0 0.
1479355960 1 0.0 0. 0.0 0.
1479356020 1 0.0 0. 0.0 0.
1479356080 1 0.0 0. 0.0 0.
1479356140 1 0.0 0. 0.0 0.
1479356201 1 0.0 0. 0.0 0.
1479356261 1 0.0 0. 0.0 0.
1479356321 1 0.0 0. 0.0 0.
1479356381 1 0.0 0. 0.0 0.
1479356441 1 0.0 0. 0.0 0.
1479356501 1 0.0 0. 0.0 0.
1479356561 1 0.0 0. 0.0 0.
1479356621 1 0.0 0. 0.0 0.
1479356682 1 0.0 0. 0.0 0.
1479356742 1 0.0 0. 0.0 0.
1479356802 1 0.0 0. 0.0 0.
1479356862 1 0.0 0. 0.0 0.
1479356922 1 0.0 0. 0.0 0.
1479356982 1 0.0 0. 0.0 0.
1479357042 1 0.0 0. 0.0 0.
1479357102 1 0.0 0. 0.0 0.
1479357162 1 0.0 0. 0.0 0.
1479357198 1 0.0 0. 0.0 0.
1479357233 1 0.0 0. 0.0 0.
1479357293 1 0.0 0. 0.0 0.
1479357353 1 0.0 0. 0.0 0.
1479357413 1 0.0 0. 0.0 0.
1479357474 1 0.0 0. 0.0 0.
1479357534 1 0.0 0. 0.0 0.
1479357594 1 0.0 0. 0.0 0.
1479357654 1 0.0 0. 0.0 0.
1479357714 1 0.0 0. 0.0 0.
1479357774 1 0.0 0. 0.0 0.
1479357834 1 0.0 0. 0.0 0.
1479357894 1 0.0 0. 0.0 0.
1479357954 1 0.0 0. 0.0 0.
1479358015 1 0.0 0. 0.0 0.
1479358075 1 0.0 0. 0.0 0.
1479358135 1 0.0 0. 0.0 0.
1479358195 1 0.0 0. 0.0 0.
1479358255 1 0.0 0. 0.0 0.
1479358315 1 0.0 0. 0.0 0.
1479358375 1 0.0 0. 0.0 0.
1479358435 1 0.0 0. 0.0 0.
1479358496 1 0.0 0. 0.0 0.
1479358556 1 0.0 0. 0.0 0.
1479358616 1 0.0 0. 0.0 0.
1479358676 1 0.0 0. 0.0 0.
1479358736 1 0.0 0. 0.0 0.
1479358796 1 0.0 0. 0.0 0.
1479358856 1 0.0 0. 0.0 0.
1479358916 1 0.0 0. 0.0 0.
1479358976 1 0.0 0. 0.0 0.
1479359037 1 0.0 0. 0.0 0.
1479359097 1 0.0 0. 0.0 0.
1479359157 1 0.0 0. 0.0 0.
1479359217 1 0.0 0. 0.0 0.
1479359277 1 0.0 0. 0.0 0.
1479359337 1 0.0 0. 0.0 0.
1479359397 1 0.0 0. 0.0 0.
1479359457 1 0.0 0. 0.0 0.
1479359517 1 0.0 0. 0.0 0.
1479359577 1 0.0 0. 0.0 0.
1479359638 1 0.0 0. 0.0 0.
1479359698 1 0.0 0. 0.0 0.
1479359758 1 0.0 0. 0.0 0.
1479359818 1 0.0 0. 0.0 0.
1479359878 1 0.0 0. 0.0 0.
1479359938 1 0.0 0. 0.0 0.
1479359998 1 0.0 0. 0.0 0.
1479360058 1 0.0 0. 0.0 0.
1479360118 1 0.0 0. 0.0 0.
1479360179 1 0.0 0. 0.0 0.
1479360239 1 0.0 0. 0.0 0.
1479360299 1 0.0 0. 0.0 0.
1479360359 1 0.0 0. 0.0 0.
1479360419 1 0.0 0. 0.0 0.
1479360479 1 0.0 0. 0.0 0.
1479360539 1 0.0 0. 0.0 0.
1479360599 1 0.0 0. 0.0 0.
1479360659 1 0.0 0. 0.0 0.
1479360720 1 0.0 0. 0.0 0.
1479360780 1 0.0 0. 0.0 0.
1479360840 1 0.0 0. 0.0 0.
1479360900 1 0.0 0. 0.0 0.
1479360960 1 0.0 0. 0.0 0.
1479361020 1 0.0 0. 0.0 0.
1479361080 1 0.0 0. 0.0 0.
1479361140 1 0.0 0. 0.0 0.
1479361201 1 0.0 0. 0.0 0.
1479361261 1 0.0 0. 0.0 0.
1479361321 1 0.0 0. 0.0 0.
1479361381 1 0.0 0. 0.0 0.
1479361441 1 0.0 0. 0.0 0.
1479361501 1 0.0 0. 0.0 0.
1479361561 1 0.0 0. 0.0 0.
1479361621 1 0.0 0. 0.0 0.
1479361682 1 0.0 0. 0.0 0.
1479361742 1 0.0 0. 0.0 0.
1479361802 1 0.0 0. 0.0 0.
1479361862 1 0.0 0. 0.0 0.
1479361922 1 0.0 0. 0.0 0.
1479361982 1 0.0 0. 0.0 0.
1479362042 1 0.0 0. 0.0 0.
1479362102 1 0.0 0. 0.0 0.
1479362162 1 0.0 0. 0.0 0.
1479362223 1 0.0 0. 0.0 0.
1479362283 1 0.0 0. 0.0 0.
1479362343 1 0.0 0. 0.0 0.
1479362403 1 0.0 0. 0.0 0.
1479362463 1 0.0 0. 0.0 0.
1479362523 1 0.0 0. 0.0 0.
1479362583 1 0.0 0. 0.0 0.
1479362643 1 0.0 0. 0.0 0.
1479362704 1 0.0 0. 0.0 0.
1479362764 1 0.0 0. 0.0 0.
1479362824 1 0.0 0. 0.0 0.
1479362884 1 0.0 0. 0.0 0.
1479362944 1 0.0 0. 0.0 0.
1479363004 1 0.0 0. 0.0 0.
1479363064 1 0.0 0. 0.0 0.
1479363124 1 0.0 0. 0.0 0.
1479363185 1 0.0 0. 0.0 0.
1479363245 1 0.0 0. 0.0 0.
1479363305 1 0.0 0. 0.0 0.
1479363365 1 0.0 0. 0.0 0.
1479363425 1 0.0 0. 0.0 0.
1479363485 1 0.0 0. 0.0 0.
1479363545 1 0.0 0. 0.0 0.
1479363605 1 0.0 0. 0.0 0.
1479363665 1 0.0 0. 0.0 0.
1479363725 1 0.0 0. 0.0 0.
1479363786 1 0.0 0. 0.0 0.
1479363846 1 0.0 0. 0.0 0.
1479363906 1 0.0 0. 0.0 0.
1479363966 1 0.0 0. 0.0 0.
1479364026 1 0.0 0. 0.0 0.
1479364086 1 0.0 0. 0.0 0.
1479364146 1 0.0 0. 0.0 0.
1479364207 1 0.0 0. 0.0 0.
1479364267 1 0.0 0. 0.0 0.
1479364327 1 0.0 0. 0.0 0.
1479364387 1 0.0 0. 0.0 0.
1479364447 1 0.0 0. 0.0 0.
1479364507 1 0.0 0. 0.0 0.
1479364567 1 0.0 0. 0.0 0.
1479364627 1 0.0 0. 0.0 0.
1479364688 1 0.0 0. 0.0 0.
1479364748 1 0.0 0. 0.0 0.
1479364808 1 0.0 0. 0.0 0.
1479364868 1 0.0 0. 0.0 0.
1479364928 1 0.0 0. 0.0 0.
1479364988 1 0.0 0. 0.0 0.
1479365048 1 0.0 0. 0.0 0.
1479365108 1 0.0 0. 0.0 0.
1479365168 1 0.0 0. 0.0 0.
1479365229 1 0.0 0. 0.0 0.
1479365289 1 0.0 0. 0.0 0.
1479365349 1 0.0 0. 0.0 0.
1479365409 1 0.0 0. 0.0 0.
1479365469 1 0.0 0. 0.0 0.
1479365529 1 0.0 0. 0.0 0.
1479365589 1 0.0 0. 0.0 0.
1479365649 1 0.0 0. 0.0 0.
1479365710 1 0.0 0. 0.0 0.
1479365770 1 0.0 0. 0.0 0.
1479365830 1 0.0 0. 0.0 0.
1479365890 1 0.0 0. 0.0 0.
1479365950 1 0.0 0. 0.0 0.
1479366007 1 0.0 0. 0.0 0.
1479366065 1 0.0 0. 0.0 0.
1479366125 0 0.0 0. 0.0 0.
1479366185 0 0.0 0. 0.0 0.
1479366245 0 0.0 0. 0.0 0.
1479366305 0 0.0 0. 0.0 0.
1479366365 0 0.0 0. 0.0 0.
1479366426 0 0.0 0. 0.0 0.
1479366486 0 0.0 0. 0.0 0.
1479366546 0 0.0 0. 0.0 0.
1479366606 0 0.0 0. 0.0 0.
1479366666 0 0.0 0. 0.0 0.
1479366726 0 0.0 0. 0.0 0.
