1479492027 0 0.0 0. 0.0 0.
1479492088 0 0.0 0. 0.0 0.
1479492148 0 0.0 0. 0.0 0.
1479492208 0 0.0 0. 0.0 0.
1479492268 0 0.0 0. 0.0 0.
1479492328 0 0.0 0. 0.0 0.
1479492388 0 0.0 0. 0.0 0.
1479492448 0 0.0 0. 0.0 0.
1479496888 0 0.0 0. 0.0 0.
1479496948 0 0.0 0. 0.0 0.
1479497008 0 0.0 0. 0.0 0.
1479497043 0 0.0 0. 0.0 0.
1479497078 0 0.0 0. 0.0 0.
1479497138 0 0.0 0. 0.0 0.
1479497198 0 0.0 0. 0.0 0.
1479497258 0 0.0 0. 0.0 0.
1479497318 0 0.0 0. 0.0 0.
1479497379 0 0.0 0. 0.0 0.
1479497439 0 0.0 0. 0.0 0.
1479497499 0 0.0 0. 0.0 0.
1479497559 0 0.0 0. 0.0 0.
1479497619 0 0.0 0. 0.0 0.
1479497679 0 0.0 0. 0.0 0.
1479497739 0 0.0 0. 0.0 0.
1479497799 0 0.0 0. 0.0 0.
1479497859 0 0.0 0. 0.0 0.
1479497920 0 0.0 0. 0.0 0.
1479497980 0 0.0 0. 0.0 0.
1479498040 0 0.0 0. 0.0 0.
1479498100 0 0.0 0. 0.0 0.
1479498160 0 0.0 0. 0.0 0.
1479498220 0 0.0 0. 0.0 0.
1479498280 0 0.0 0. 0.0 0.
1479498340 0 0.0 0. 0.0 0.
1479498400 0 0.0 0. 0.0 0.
1479498460 0 0.0 0. 0.0 0.
1479498521 0 0.0 0. 0.0 0.
1479498581 0 0.0 0. 0.0 0.
1479498641 0 0.0 0. 0.0 0.
1479498701 0 0.0 0. 0.0 0.
1479498761 0 0.0 0. 0.0 0.
1479498821 0 0.0 0. 0.0 0.
1479498881 0 0.0 0. 0.0 0.
1479498941 0 0.0 0. 0.0 0.
1479499002 0 0.0 0. 0.0 0.
1479499062 0 0.0 0. 0.0 0.
1479499119 0 0.0 0. 0.0 0.
1479499168 0 0.0 0. 0.0 0.
1479499219 0 0.0 0. 0.0 0.
1479499279 0 0.0 0. 0.0 0.
1479499339 0 0.0 0. 0.0 0.
1479499399 0 0.0 0. 0.0 0.
1479499459 0 0.0 0. 0.0 0.
1479499520 0 0.0 0. 0.0 0.
1479499580 0 0.0 0. 0.0 0.
1479499640 0 0.0 0. 0.0 0.
1479499700 0 0.0 0. 0.0 0.
1479499760 0 0.0 0. 0.0 0.
1479499820 0 0.0 0. 0.0 0.
1479499880 0 0.0 0. 0.0 0.
1479499940 0 0.0 0. 0.0 0.
1479500000 0 0.0 0. 0.0 0.
1479500061 0 0.0 0. 0.0 0.
1479500121 0 0.0 0. 0.0 0.
1479500181 0 0.0 0. 0.0 0.
1479500241 0 0.0 0. 0.0 0.
1479500301 0 0.0 0. 0.0 0.
1479500361 0 0.0 0. 0.0 0.
1479500421 0 0.0 0. 0.0 0.
1479500482 0 0.0 0. 0.0 0.
1479500542 0 0.0 0. 0.0 0.
1479500602 0 0.0 0. 0.0 0.
1479500662 0 0.0 0. 0.0 0.
1479500722 0 0.0 0. 0.0 0.
1479500782 0 0.0 0. 0.0 0.
1479500842 0 0.0 0. 0.0 0.
1479500902 0 0.0 0. 0.0 0.
1479500962 0 0.0 0. 0.0 0.
1479501022 0 0.0 0. 0.0 0.
1479501082 0 0.0 0. 0.0 0.
1479501143 0 0.0 0. 0.0 0.
1479501203 0 0.0 0. 0.0 0.
1479501263 0 0.0 0. 0.0 0.
1479501323 0 0.0 0. 0.0 0.
1479501383 0 0.0 0. 0.0 0.
1479501443 0 0.0 0. 0.0 0.
1479501503 0 0.0 0. 0.0 0.
1479501563 0 0.0 0. 0.0 0.
1479501624 0 0.0 0. 0.0 0.
1479501684 0 0.0 0. 0.0 0.
1479501744 0 0.0 0. 0.0 0.
1479501804 0 0.0 0. 0.0 0.
1479501864 0 0.0 0. 0.0 0.
1479501924 0 0.0 0. 0.0 0.
1479501984 0 0.0 0. 0.0 0.
1479502044 0 0.0 0. 0.0 0.
1479502104 0 0.0 0. 0.0 0.
1479502165 0 0.0 0. 0.0 0.
1479502225 0 0.0 0. 0.0 0.
1479502285 0 0.0 0. 0.0 0.
1479502345 0 0.0 0. 0.0 0.
1479502405 0 0.0 0. 0.0 0.
1479502465 0 0.0 0. 0.0 0.
1479502518 0 0.0 0. 0.0 0.
1479502571 0 0.0 0. 0.0 0.
1479502631 0 0.0 0. 0.0 0.
1479502691 0 0.0 0. 0.0 0.
1479502751 0 0.0 0. 0.0 0.
1479502811 0 0.0 0. 0.0 0.
1479502871 0 0.0 0. 0.0 0.
1479502931 0 0.0 0. 0.0 0.
1479502992 0 0.0 0. 0.0 0.
1479503052 0 0.0 0. 0.0 0.
1479503112 0 0.0 0. 0.0 0.
1479503172 0 0.0 0. 0.0 0.
1479503232 0 0.0 0. 0.0 0.
1479503292 0 0.0 0. 0.0 0.
1479503352 0 0.0 0. 0.0 0.
1479503412 0 0.0 0. 0.0 0.
1479503453 0 0.0 0. 0.0 0.
1479503468 0 0.0 0. 0.0 0.
1479503504 0 0.0 0. 0.0 0.
1479503564 0 0.0 0. 0.0 0.
1479503624 0 0.0 0. 0.0 0.
1479503684 0 0.0 0. 0.0 0.
1479503744 0 0.0 0. 0.0 0.
1479503804 0 0.0 0. 0.0 0.
1479503864 0 0.0 0. 0.0 0.
1479503925 0 0.0 0. 0.0 0.
1479503985 0 0.0 0. 0.0 0.
1479504045 0 0.0 0. 0.0 0.
1479504105 0 0.0 0. 0.0 0.
1479504165 0 0.0 0. 0.0 0.
1479504225 0 0.0 0. 0.0 0.
1479504283 0 0.0 0. 0.0 0.
1479504326 0 0.0 0. 0.0 0.
1479504353 0 0.0 0. 0.0 0.
1479504394 0 0.0 0. 0.0 0.
1479504455 0 0.0 0. 0.0 0.
1479504515 0 0.0 0. 0.0 0.
1479504575 0 0.0 0. 0.0 0.
1479504635 0 0.0 0. 0.0 0.
1479504695 0 0.0 0. 0.0 0.
1479504755 0 0.0 0. 0.0 0.
1479504815 0 0.0 0. 0.0 0.
1479504876 0 0.0 0. 0.0 0.
1479504936 0 0.0 0. 0.0 0.
1479504996 0 0.0 0. 0.0 0.
1479505041 0 0.0 0. 0.0 0.
1479505086 0 0.0 0. 0.0 0.
1479505146 0 0.0 0. 0.0 0.
1479505206 0 0.0 0. 0.0 0.
1479505266 0 0.0 0. 0.0 0.
1479505326 0 0.0 0. 0.0 0.
1479505386 0 0.0 0. 0.0 0.
1479505447 0 0.0 0. 0.0 0.
1479505507 0 0.0 0. 0.0 0.
1479505567 0 0.0 0. 0.0 0.
1479505627 0 0.0 0. 0.0 0.
1479505687 0 0.0 0. 0.0 0.
1479505747 0 0.0 0. 0.0 0.
1479505807 0 0.0 0. 0.0 0.
1479505867 0 0.0 0. 0.0 0.
1479505928 0 0.0 0. 0.0 0.
1479505988 0 0.0 0. 0.0 0.
1479506048 1 0.438234388828 0. 2.89453554205e-24 0.
1479506100 1 0.437372416258 0. 2.89352887459e-24 0.
1479506153 1 0.436388283968 0. 2.89160691786e-24 0.
1479506213 1 0.435423105955 0. 2.89067601271e-24 0.
1479506273 1 0.43425437808 0. 2.88853954482e-24 0.
1479506330 1 0.433093756437 0. 2.88618057337e-24 0.
1479506387 1 0.432285904884 0. 2.8859844018e-24 0.
1479506448 1 0.431135028601 0. 2.88380050166e-24 0.
1479506508 1 0.429905116558 0. 2.88127655345e-24 0.
1479506568 1 0.42883041501 0. 2.87972536349e-24 0.
1479506609 1 0.428006708622 0. 2.87800349225e-24 0.
1479506650 1 0.427516341209 0. 2.87861612107e-24 0.
1479506710 1 0.426495164633 0. 2.87728083254e-24 0.
1479506771 1 0.425487369299 0. 2.87600511748e-24 0.
1479506828 1 0.42453545332 0. 2.87507371702e-24 0.
1479506886 1 0.423676520586 0. 2.87463276307e-24 0.
1479506946 1 0.422527492046 0. 2.87256715448e-24 0.
1479507006 1 0.421375662088 0. 2.87023843275e-24 0.
1479507066 1 0.420354932547 0. 2.86908815403e-24 0.
1479507101 1 0.419682711363 0. 2.8679757649e-24 0.
1479507136 1 0.419336140156 0. 2.86860454137e-24 0.
1479507197 1 0.418220162392 0. 2.86655912557e-24 0.
1479507257 1 0.416973829269 0. 2.86368162855e-24 0.
1479507317 1 0.416079074144 0. 2.86300217403e-24 0.
1479507377 1 0.415054500103 0. 2.86157932443e-24 0.
1479507437 1 0.413896739483 0. 2.8592044322e-24 0.
1479507497 1 0.412883013487 0. 2.85783800465e-24 0.
1479507554 1 0.411999732256 0. 2.85707178735e-24 0.
1479507611 1 0.41076540947 0. 2.85379044794e-24 0.
1479507671 1 0.409737378359 0. 2.85222044059e-24 0.
1479507731 1 0.408669948578 0. 2.85030510851e-24 0.
1479507782 1 0.40788602829 0. 2.84944362659e-24 0.
1479507834 1 0.406984418631 0. 2.84798660686e-24 0.
1479507894 1 0.405997097492 0. 2.8465990778e-24 0.
1479507954 1 0.404783219099 0. 2.84373572029e-24 0.
1479508014 1 0.403818428516 0. 2.84253398578e-24 0.
1479508067 1 0.403078556061 0. 2.8421980728e-24 0.
1479508121 1 0.402068316936 0. 2.84920895886e-24 0.
1479508181 1 0.401020526886 0. 2.83804382662e-24 0.
1479508230 1 0.400545090437 0. 2.83924900414e-24 0.
1479508280 1 0.399369448423 0. 2.83540979828e-24 0.
1479508340 1 0.398572295904 0. 2.83522069472e-24 0.
1479508388 1 0.398121982813 0. 2.83651290885e-24 0.
1479508435 1 0.397403270006 0. 2.83559652704e-24 0.
1479508495 1 0.396609991789 0. 2.83540680433e-24 0.
1479508555 1 0.395708054304 0. 2.83445091546e-24 0.
1479508615 1 0.394970715046 0. 2.83462968613e-24 0.
1479508676 1 0.393897861242 0. 2.83244745269e-24 0.
1479508712 1 0.393193304539 0. 2.8308028553e-24 0.
1479508748 1 0.392903387547 0. 2.83195004422e-24 0.
1479508808 1 0.39191621542 0. 2.83036935356e-24 0.
1479508868 1 0.391091048717 0. 2.83000498237e-24 0.
1479508927 1 0.390002816916 0. 2.82774973821e-24 0.
1479508986 1 0.389197558165 0. 2.82768887447e-24 0.
1479509046 1 0.388315945864 0. 2.82712541972e-24 0.
1479509106 1 0.387543916702 0. 2.82760936492e-24 0.
1479509166 1 0.386685788631 0. 2.82727782406e-24 0.
1479509227 1 0.385893493891 0. 2.8274442663e-24 0.
1479509287 1 0.384917974472 0. 2.82615210681e-24 0.
1479509347 1 0.384090900421 0. 2.82599823407e-24 0.
1479509407 1 0.383313059807 0. 2.82629269874e-24 0.
1479509467 1 0.382418245077 0. 2.82549636563e-24 0.
1479509527 1 0.381586223841 0. 2.82518247988e-24 0.
1479509587 1 0.380608052015 0. 2.82393249942e-24 0.
1479509636 1 0.379858165979 0. 2.8229892122e-24 0.
1479509669 1 0.379433631897 0. 2.82300454988e-24 0.
1479509713 1 0.378717064857 0. 2.82195091259e-24 0.
1479509773 1 0.377796143293 0. 2.82090066278e-24 0.
1479509833 1 0.377009004354 0. 2.82072732695e-24 0.
1479509893 1 0.376247733831 0. 2.82083104369e-24 0.
1479509953 1 0.375323057175 0. 2.81953867653e-24 0.
1479510013 1 0.374437183142 0. 2.8184249009e-24 0.
1479510073 1 0.373545229435 0. 2.81744187599e-24 0.
1479510127 1 0.372878164053 0. 2.81746126631e-24 0.
1479510180 1 0.372108250856 0. 2.81682282759e-24 0.
1479510240 1 0.371437638998 0. 2.81761110242e-24 0.
1479510300 1 0.37041798234 0. 2.81548734196e-24 0.
1479510360 1 0.369694054127 0. 2.81552362767e-24 0.
1479510420 1 0.36887422204 0. 2.81488587163e-24 0.
1479510480 1 0.360219955444 0. 2.75425570157e-24 0.
1479510540 1 0.359003067017 0. 2.7504237362e-24 0.
1479510601 1 0.366911947727 0. 2.8163850253e-24 0.
1479510661 1 0.366023153067 0. 2.81515014134e-24 0.
1479510721 1 0.365074843168 0. 2.81357026131e-24 0.
1479510781 1 0.364533960819 0. 2.81490650225e-24 0.
1479510841 1 0.36365622282 0. 2.81394318691e-24 0.
1479510901 1 0.363063842058 0. 2.81496147844e-24 0.
1479510961 1 0.362220704556 0. 2.81412866017e-24 0.
1479511021 1 0.361401021481 0. 2.81325955791e-24 0.
1479511082 1 0.36076810956 0. 2.81387757805e-24 0.
1479511142 1 0.35987919569 0. 2.81263562337e-24 0.
1479511202 1 0.359360396862 0. 2.81420064866e-24 0.
1479511262 1 0.358526736498 0. 2.81331851501e-24 0.
1479511322 1 0.357625871897 0. 2.81165925625e-24 0.
1479511382 1 0.356702923775 0. 2.80990134274e-24 0.
1479511442 1 0.355693280697 0. 2.80760655292e-24 0.
1479511502 1 0.354939222336 0. 2.80732285675e-24 0.
1479511562 1 0.354078829288 0. 2.80605920724e-24 0.
1479511623 1 0.353360503912 0. 2.8060256672e-24 0.
1479511683 1 0.35248503089 0. 0.0 0.
1479511743 1 0.351511329412 0. 2.80246873328e-24 0.
1479511803 1 0.350759506226 0. 2.80191483981e-24 0.
1479511863 1 0.350105673075 0. 2.80221131653e-24 0.
1479511923 1 0.349153578281 0. 2.80043769192e-24 0.
1479511983 1 0.348430037498 0. 2.80022086787e-24 0.
1479512043 1 0.347487568855 0. 2.79817633695e-24 0.
1479512104 1 0.346667408943 0. 2.7971609762e-24 0.
1479512164 1 0.345857918262 0. 2.79610576284e-24 0.
1479512224 1 0.345163464546 0. 2.79609980538e-24 0.
1479512284 1 0.344408094883 0. 2.79558073007e-24 0.
1479512344 1 0.343563318253 0. 2.79440451718e-24 0.
1479512404 1 0.343126446009 0. 2.79633435226e-24 0.
1479512465 1 0.342172980309 0. 2.79432932297e-24 0.
1479512525 1 0.341511100531 0. 2.79419978936e-24 0.
1479512585 1 0.340798199177 0. 2.79392623849e-24 0.
1479512645 1 0.340197950602 0. 2.79440965265e-24 0.
1479512705 1 0.33945903182 0. 2.79403389739e-24 0.
1479512765 1 0.338815838099 0. 2.79426266609e-24 0.
1479512825 1 0.338015437126 0. 2.79317430785e-24 0.
1479512885 1 0.337365061045 0. 2.79340863166e-24 0.
1479512945 1 0.336988419294 0. 2.79562766281e-24 0.
1479513005 1 0.336383014917 0. 2.79615676743e-24 0.
1479513066 1 0.335669636726 0. 2.79567961945e-24 0.
1479513126 1 0.335042387247 0. 2.79598573077e-24 0.
1479513186 1 0.334493041039 0. 2.79694913928e-24 0.
1479513246 1 0.333847850561 0. 2.79709083954e-24 0.
1479513306 1 0.333206623793 0. 2.79704393069e-24 0.
1479513366 1 0.332611501217 0. 2.79742907352e-24 0.
1479513426 1 0.332073241472 0. 2.79830142131e-24 0.
1479513486 1 0.331494837999 0. 2.79904205728e-24 0.
1479513547 1 0.330910414457 0. 2.79963297651e-24 0.
1479513607 1 0.330257564783 0. 2.7997923548e-24 0.
1479513667 1 0.329647749662 0. 2.8001339957e-24 0.
1479513727 1 0.329097807407 0. 2.80081659868e-24 0.
1479513787 1 0.328405857086 0. 2.80049966671e-24 0.
1479513847 1 0.327783375978 0. 2.80056739361e-24 0.
1479513907 1 0.327251076698 0. 2.80145534507e-24 0.
1479513967 1 0.326589345932 0. 2.80123471469e-24 0.
1479514027 1 0.325830638409 0. 2.80027442587e-24 0.
1479514088 1 0.325176090002 0. 2.80001050347e-24 0.
1479514148 1 0.324370771646 0. 2.79852431604e-24 0.
1479514208 1 0.323931485415 0. 2.80009661072e-24 0.
1479514268 1 0.323215872049 0. 2.79944515665e-24 0.
1479514328 1 0.32273042202 0. 2.80078199931e-24 0.
1479514388 1 0.322066694498 0. 2.80033512083e-24 0.
1479514448 1 0.321429878473 0. 2.80018968524e-24 0.
1479514508 1 0.320726573467 0. 2.7995636513e-24 0.
1479514568 1 0.320243865252 0. 2.80085911466e-24 0.
1479514629 1 0.31959310174 0. 2.80059226515e-24 0.
1479514689 1 0.319021522999 0. 2.80099051854e-24 0.
1479514749 1 0.318302154541 0. 2.79994855148e-24 0.
1479514809 1 0.317782044411 0. 2.8008570901e-24 0.
1479514869 1 0.314843684435 0. 2.78038995307e-24 0.
1479514929 1 0.309277534485 0. 2.73651476758e-24 0.
1479514989 1 0.312096953392 0. 2.766683656e-24 0.
1479515049 1 0.315706938505 0. 2.80415374567e-24 0.
1479515110 1 0.315202355385 0. 2.80521365488e-24 0.
1479515170 1 0.314527273178 0. 2.80470132124e-24 0.
1479515230 1 0.31392505765 0. 2.8048026747e-24 0.
1479515290 1 0.313348591328 0. 2.8050556302e-24 0.
1479515350 1 0.312519937754 0. 2.80305360103e-24 0.
1479515410 1 0.311930328608 0. 2.80326718836e-24 0.
1479515470 1 0.31132414937 0. 2.80335021202e-24 0.
1479515530 1 0.310528486967 0. 2.80157981252e-24 0.
1479515574 1 0.309832394123 0. 2.79919357576e-24 0.
1479515603 1 0.30973803997 0. 2.80090184641e-24 0.
1479515648 1 0.309220045805 0. 2.80025657899e-24 0.
1479515684 1 0.308749377728 0. 2.79926292551e-24 0.
1479515699 1 0.308534294367 0. 2.79875826234e-24 0.
1479515740 1 0.308210223913 0. 2.7995845994e-24 0.
1479515800 1 0.307707577944 0. 2.80034635628e-24 0.
1479515860 1 0.306872993708 0. 2.79821742214e-24 0.
1479515921 1 0.306175291538 0. 2.79722997868e-24 0.
1479515981 1 0.305759817362 0. 2.79888137907e-24 0.
1479516041 1 0.304993182421 0. 2.79715189316e-24 0.
1479516102 1 0.304438203573 0. 2.79751220894e-24 0.
1479516162 1 0.303788691759 0. 2.7969533391e-24 0.
1479516222 1 0.303188234568 0. 2.79696260119e-24 0.
1479516283 1 0.30266520381 0. 2.79748142935e-24 0.
1479516328 1 0.302308022976 0. 2.79814892956e-24 0.
1479516373 1 0.301699012518 0. 2.79659761674e-24 0.
1479516434 1 0.301255583763 0. 2.79773262907e-24 0.
1479516494 1 0.300638020039 0. 2.79752077057e-24 0.
1479516554 1 0.300071686506 0. 2.79742869771e-24 0.
1479516614 1 0.299489945173 0. 2.79751138195e-24 0.
1479516674 1 0.29903575778 0. 2.7985641463e-24 0.
1479516734 1 0.298475444317 0. 2.79869371875e-24 0.
1479516794 1 0.298120349646 0. 2.80081684683e-24 0.
1479516854 1 0.297423511744 0. 2.7996560983e-24 0.
1479516915 1 0.296718418598 0. 2.79822947057e-24 0.
1479516975 1 0.296339780092 0. 2.80014299308e-24 0.
1479517035 1 0.295690745115 0. 2.79932259144e-24 0.
1479517095 1 0.295373737812 0. 2.80161294422e-24 0.
1479517155 1 0.294852942228 0. 2.80212296903e-24 0.
1479517215 1 0.294348329306 0. 2.80259280564e-24 0.
1479517275 1 0.293877959251 0. 2.80332220691e-24 0.
1479517335 1 0.293213814497 0. 2.80241019975e-24 0.
1479517396 1 0.292724370956 0. 2.80304605675e-24 0.
1479517456 1 0.292087823153 0. 2.80252803321e-24 0.
1479517516 1 0.291638344526 0. 2.80335618237e-24 0.
1479517576 1 0.291228920221 0. 2.80467044298e-24 0.
1479517636 1 0.290620833635 0. 2.80414797385e-24 0.
1479517696 1 0.290093541145 0. 2.80444693104e-24 0.
1479517756 1 0.28949290514 0. 2.80409005246e-24 0.
1479517816 1 0.289092063904 0. 2.80558081081e-24 0.
1479517876 1 0.288611739874 0. 2.80612157619e-24 0.
1479517937 1 0.287954986095 0. 2.80508135414e-24 0.
1479517997 1 0.287334471941 0. 2.80430896917e-24 0.
1479518057 1 0.286904394627 0. 2.80534973071e-24 0.
1479518117 1 0.286400437355 0. 2.80561937085e-24 0.
1479518177 1 0.285850226879 0. 2.80565544873e-24 0.
1479518237 1 0.285191237926 0. 2.80457375076e-24 0.
1479518297 1 0.284819960594 0. 2.80616280736e-24 0.
1479518357 1 0.284312427044 0. 2.80645377298e-24 0.
1479518418 1 0.283762037754 0. 2.80625110622e-24 0.
1479518478 1 0.283221244812 0. 2.80634492076e-24 0.
1479518538 1 0.282719999552 0. 2.80666883992e-24 0.
1479518598 1 0.282134801149 0. 2.80622208117e-24 0.
1479518658 1 0.28167912364 0. 2.80701044362e-24 0.
1479518718 1 0.281188338995 0. 2.80738158543e-24 0.
1479518776 1 0.280669540167 0. 2.80738521925e-24 0.
1479518834 1 0.280166447163 0. 2.80741134817e-24 0.
1479518894 1 0.279739826918 0. 2.80858615023e-24 0.
1479518954 1 0.279277563095 0. 2.80915681449e-24 0.
1479518998 1 0.278833210468 0. 2.80863087249e-24 0.
1479519042 1 0.278302937746 0. 2.80706061505e-24 0.
1479519102 1 0.277846723795 0. 2.80780498118e-24 0.
1479519162 1 0.277399152517 0. 2.80879601326e-24 0.
1479519222 1 0.276759833097 0. 2.80753998546e-24 0.
1479519282 1 0.276223123074 0. 2.80734214772e-24 0.
1479519343 1 0.275638222694 0. 2.80642314887e-24 0.
1479519403 1 0.275128185749 0. 2.80660891419e-24 0.
1479519463 1 0.274518311024 0. 2.80561773942e-24 0.
1479519523 1 0.27392578125 0. 2.80493730903e-24 0.
1479519569 1 0.273432582617 0. 2.80389089e-24 0.
1479519615 1 0.273068726063 0. 2.80421890151e-24 0.
1479519661 1 0.272740364075 0. 2.80473283914e-24 0.
1479519706 1 0.272230863571 0. 2.80350232812e-24 0.
1479519766 1 0.271663367748 0. 2.8028125192e-24 0.
1479519827 1 0.271262019873 0. 2.80402485388e-24 0.
1479519887 1 0.270649135113 0. 2.80297309907e-24 0.
1479519947 1 0.27021831274 0. 2.80398903776e-24 0.
1479520007 1 0.269599288702 0. 2.80276159655e-24 0.
1479520067 1 0.269090533257 0. 2.80270202947e-24 0.
1479520127 1 0.268634468317 0. 2.80312130244e-24 0.
1479520187 1 0.268082082272 0. 2.80281059813e-24 0.
1479520247 1 0.267735123634 0. 2.80430773533e-24 0.
1479520307 1 0.267129451036 0. 2.80323399201e-24 0.
1479520368 1 0.266726225615 0. 2.80431912352e-24 0.
1479520428 1 0.26629242301 0. 2.80507230872e-24 0.
1479520488 1 0.265889406204 0. 2.80613057276e-24 0.
1479520548 1 0.265251874924 0. 2.80471227302e-24 0.
1479520608 1 0.264838814735 0. 2.80546515379e-24 0.
1479520668 1 0.264359891415 0. 2.80545884776e-24 0.
1479520728 1 0.263925880194 0. 2.80634046945e-24 0.
1479520788 1 0.263495475054 0. 2.80708295612e-24 0.
1479520849 1 0.263031959534 0. 2.80740507438e-24 0.
1479520909 1 0.262566685677 0. 2.80759684333e-24 0.
1479520969 1 0.262096732855 0. 2.80783709098e-24 0.
1479521029 1 0.261548757553 0. 2.80730184031e-24 0.
1479521089 1 0.261183142662 0. 2.80861283013e-24 0.
1479521149 1 0.260774195194 0. 2.809442451e-24 0.
1479521209 1 0.26011750102 0. 2.80773974169e-24 0.
1479521269 1 0.25992718339 0. 2.81082231569e-24 0.
1479521330 1 0.259420573711 0. 2.8104637035e-24 0.
1479521390 1 0.258913457394 0. 2.81029687209e-24 0.
1479521450 1 0.258698195219 0. 2.81314480416e-24 0.
1479521510 1 0.258188873529 0. 2.81290480493e-24 0.
1479521570 1 0.257819831371 0. 2.81430202937e-24 0.
1479521630 1 0.257280170918 0. 2.81368099645e-24 0.
1479521690 1 0.256899237633 0. 2.81460421682e-24 0.
1479521750 1 0.256442368031 0. 2.81501061621e-24 0.
1479521811 1 0.255927443504 0. 2.81454660151e-24 0.
1479521871 1 0.255482405424 0. 2.81487309327e-24 0.
1479521931 1 0.255254387856 0. 2.81753709767e-24 0.
1479521991 1 0.254686444998 0. 2.81671567367e-24 0.
1479522051 1 0.25426286459 0. 2.81719795527e-24 0.
1479522111 1 0.251109987497 0. 2.78745176372e-24 0.
1479522171 1 0.246320098639 0. 2.73923078511e-24 0.
1479522231 1 0.252096921206 0. 2.80858268788e-24 0.
1479522291 1 0.252576082945 0. 2.81928784188e-24 0.
1479522352 1 0.252088546753 0. 2.81925784346e-24 0.
1479522412 1 0.251635402441 0. 2.81970611323e-24 0.
1479522472 1 0.251155734062 0. 2.81954452646e-24 0.
1479522532 1 0.250715196133 0. 2.81980730067e-24 0.
1479522592 1 0.250394493341 0. 2.82156142898e-24 0.
1479522652 1 0.249877423048 0. 2.82100163769e-24 0.
1479522712 1 0.249505624175 0. 2.82209406941e-24 0.
1479522772 1 0.24899764359 0. 2.8217744623e-24 0.
1479522832 1 0.248513877392 0. 2.82147616345e-24 0.
1479522893 1 0.248157575727 0. 2.82290449822e-24 0.
1479522953 1 0.247594624758 0. 2.82171977629e-24 0.
1479523013 1 0.247148260474 0. 2.82206313139e-24 0.
1479523073 1 0.246798589826 0. 2.82334030986e-24 0.
1479523133 1 0.246261820197 0. 2.82256852105e-24 0.
1479523193 1 0.245823979378 0. 2.82277674342e-24 0.
1479523253 1 0.245143681765 0. 2.82024631432e-24 0.
1479523313 1 0.244750887156 0. 2.82111802083e-24 0.
1479523373 1 0.244251668453 0. 2.82069115071e-24 0.
1479523433 1 0.243557095528 0. 2.81798871009e-24 0.
1479523494 1 0.243081048131 0. 2.81768438016e-24 0.
1479523554 1 0.242538675666 0. 2.81662907952e-24 0.
1479523614 1 0.242173433304 0. 2.81769011069e-24 0.
1479523674 1 0.241696298122 0. 2.81758026095e-24 0.
1479523734 1 0.241140961647 0. 2.81636929131e-24 0.
1479523794 1 0.240607649088 0. 2.81534531937e-24 0.
1479523854 1 0.240332663059 0. 2.81728531784e-24 0.
1479523914 1 0.239875480533 0. 2.81731450549e-24 0.
1479523974 1 0.239447742701 0. 2.81749943409e-24 0.
1479524035 1 0.239081054926 0. 2.81835620987e-24 0.
1479524095 1 0.238561198115 0. 2.81752189094e-24 0.
1479524155 1 0.238070338964 0. 2.81710888953e-24 0.
1479524215 1 0.237539455295 0. 2.8160688749e-24 0.
1479524275 1 0.237305998802 0. 2.8186209284e-24 0.
1479524335 1 0.236953243613 0. 2.81952461864e-24 0.
1479524395 1 0.236377969384 0. 2.81780518135e-24 0.
1479524455 1 0.236061736941 0. 2.81924413676e-24 0.
1479524515 1 0.235641956329 0. 2.81948077349e-24 0.
1479524576 1 0.235303163528 0. 2.82070789314e-24 0.
1479524636 1 0.234835281968 0. 2.82060619118e-24 0.
1479524696 1 0.234434604645 0. 2.82080943983e-24 0.
1479524756 1 0.234005242586 0. 2.8210059122e-24 0.
1479524816 1 0.233646184206 0. 2.82264383879e-24 0.
1479524876 1 0.233197569847 0. 2.82187292953e-24 0.
1479524936 1 0.232872411609 0. 2.82315770652e-24 0.
1479524996 1 0.232526838779 0. 2.82444597556e-24 0.
1479525057 1 0.232008993626 0. 2.82349721372e-24 0.
1479525117 1 0.231725737453 0. 2.82526963653e-24 0.
1479525177 1 0.231310918927 0. 2.82532681877e-24 0.
1479525237 1 0.230933994055 0. 2.82613264696e-24 0.
1479525297 1 0.230593264103 0. 2.82717682456e-24 0.
1479525357 1 0.230254679918 0. 2.82841093076e-24 0.
1479525417 1 0.230023160577 0. 2.83077311579e-24 0.
1479525477 1 0.229434266686 0. 2.82880986353e-24 0.
1479525538 1 0.229236379266 0. 2.83173141433e-24 0.
1479525598 1 0.228897452354 0. 2.83291265675e-24 0.
1479525658 1 0.228552311659 0. 2.83409020737e-24 0.
1479525718 1 0.228146016598 0. 2.83447287073e-24 0.
1479525778 1 0.227784350514 0. 2.83528965986e-24 0.
1479525838 1 0.22746168077 0. 2.8366637669e-24 0.
1479525898 1 0.227096125484 0. 2.83755731644e-24 0.
1479525958 1 0.226766243577 0. 2.83883757454e-24 0.
1479526018 1 0.226501002908 0. 2.84110062919e-24 0.
1479526078 1 0.225994810462 0. 2.84038599281e-24 0.
1479526139 1 0.225664794445 0. 2.84182011929e-24 0.
1479526199 1 0.225379481912 0. 2.84367226265e-24 0.
1479526259 1 0.224947616458 0. 2.84396305544e-24 0.
1479526319 1 0.224597021937 0. 2.8452313002e-24 0.
1479526379 1 0.224212497473 0. 2.84611249215e-24 0.
1479526439 1 0.223843038082 0. 2.8471856312e-24 0.
1479526499 1 0.223486766219 0. 2.84851305494e-24 0.
1479526559 1 0.223170563579 0. 2.85029279437e-24 0.
1479526620 1 0.222692757845 0. 2.85020119164e-24 0.
1479526680 1 0.2223084867 0. 2.85121558943e-24 0.
1479526740 1 0.222020179033 0. 2.85357906761e-24 0.
1479526800 1 0.221691653132 0. 2.85560880431e-24 0.
1479526860 1 0.221179261804 0. 2.85542424651e-24 0.
1479526920 1 0.220880910754 0. 2.85804516022e-24 0.
1479526980 1 0.22039835155 0. 2.85826185861e-24 0.
1479527040 1 0.220049396157 0. 2.86036829325e-24 0.
1479527101 1 0.219662949443 0. 2.86247675114e-24 0.
1479527161 1 0.219277963042 0. 2.86455563669e-24 0.
1479527221 1 0.218876183033 0. 2.86678474127e-24 0.
1479527281 1 0.218435242772 0. 2.86834268434e-24 0.
1479527341 1 0.217956736684 0. 2.86990010003e-24 0.
1479527401 1 0.217445358634 0. 2.87087109443e-24 0.
1479527461 1 0.21708971262 0. 2.87434324511e-24 0.
1479527521 1 0.216453418136 0. 2.87465957524e-24 0.
1479527581 1 0.216068595648 0. 2.87828816421e-24 0.
1479527642 1 0.21564643085 0. 2.88303111687e-24 0.
1479527702 1 0.215243726969 0. 2.88752758512e-24 0.
1479527762 1 0.214809879661 0. 2.89182298747e-24 0.
1479527822 1 0.214287683368 0. 2.90073460758e-24 0.
1479527882 1 0.214103236794 0. 2.90664277208e-24 0.
1479527942 1 0.213684186339 0. 2.91281147392e-24 0.
1479528002 1 0.213055804372 0. 2.91709315049e-24 0.
1479528062 1 0.21284481883 0. 2.93024423192e-24 0.
1479528123 1 0.212432697415 0. 2.9434738206e-24 0.
1479528183 1 0.212005540729 0. 2.95299763863e-24 0.
1479528243 1 0.211700856686 0. 2.96982887046e-24 0.
1479528303 1 0.211233884096 0. 2.98307824819e-24 0.
1479528363 1 0.210903659463 0. 3.01321094474e-24 0.
1479528423 1 0.210527166724 0. 3.16131632089e-24 0.
1479528483 1 0.210158348083 0. 4.1173945984e-24 0.
1479528543 1 0.209774985909 0. 2.8611468946e-24 0.
1479528604 1 0.209406420588 0. 2.8656541424e-24 0.
1479528664 1 0.209080398083 0. 2.86991952002e-24 0.
1479528724 1 0.208633601665 0. 2.87452938149e-24 0.
1479528784 1 0.208442822099 0. 2.88314756414e-24 0.
1479528844 1 0.208118259907 0. 2.88961450069e-24 0.
1479528904 1 0.207758367062 0. 2.89875744744e-24 0.
1479528964 1 0.207474753261 0. 2.90835399525e-24 0.
1479529024 1 0.207132577896 0. 2.91855322228e-24 0.
1479529085 1 0.20677998662 0. 2.92767656485e-24 0.
1479529145 1 0.206515952945 0. 2.94438660843e-24 0.
1479529205 1 0.206124708056 0. 3.06036757048e-24 0.
1479529265 1 0.205861061811 0. 4.41791905025e-24 0.
1479529325 1 0.205559179187 0. 2.88467919395e-24 0.
1479529385 1 0.205365732312 0. 2.89260244632e-24 0.
1479529445 1 0.205091312528 0. 2.90147044035e-24 0.
1479529505 1 0.204736769199 0. 2.90979089805e-24 0.
1479529565 1 0.204471379519 0. 2.91954393712e-24 0.
1479529626 1 0.204209953547 0. 2.9314979337e-24 0.
1479529686 1 0.203775554895 0. 2.94227091978e-24 0.
1479529746 1 0.203386902809 0. 2.95494546252e-24 0.
1479529806 1 0.203105375171 0. 2.96964725852e-24 0.
1479529866 1 0.202820539474 0. 2.98804288925e-24 0.
1479529926 1 0.202444136143 0. 3.01813312612e-24 0.
1479529987 1 0.202222391963 0. 3.45571491942e-24 0.
1479530047 1 0.201871499419 0. 2.9520746508e-24 0.
1479530107 1 0.201447322965 0. 2.96343714718e-24 0.
1479530167 1 0.201161131263 0. 2.97964269803e-24 0.
1479530227 1 0.200868368149 0. 2.99576149515e-24 0.
1479530287 1 0.200583785772 0. 3.01440422683e-24 0.
1479530347 1 0.200178295374 0. 3.03343051802e-24 0.
1479530407 1 0.19996625185 0. 3.05755665642e-24 0.
1479530467 1 0.199727073312 0. 3.08290789863e-24 0.
1479530528 1 0.199353277683 0. 3.10639889899e-24 0.
1479530588 1 0.19908632338 0. 3.13650392997e-24 0.
1479530648 1 0.198713108897 0. 3.1683576058e-24 0.
1479530708 1 0.198419451714 0. 3.20601605735e-24 0.
1479530768 1 0.198072090745 0. 3.24388712988e-24 0.
1479530828 1 0.197778657079 0. 3.29593329021e-24 0.
1479530888 1 0.197368487716 0. 3.33721273076e-24 0.
1479530948 1 0.19703617692 0. 3.39344466858e-24 0.
1479531008 1 0.19673769176 0. 3.45615757152e-24 0.
1479531069 1 0.196344703436 0. 3.60182233023e-24 0.
1479531129 1 0.195944622159 0. 4.03569709284e-24 0.
1479531189 1 0.195515632629 0. 4.97582238676e-24 0.
1479531249 1 0.195320382714 0. 3.5605229681e-24 0.
1479531309 1 0.194891825318 0. 3.63912554449e-24 0.
1479531369 1 0.194415748119 0. 3.78870958045e-24 0.
1479531429 1 0.194022893906 0. 4.31197036523e-24 0.
1479531489 1 0.19343598187 0. 8.46858859418e-24 0.
1479531549 1 0.193153977394 0. 4.48481789613e-24 0.
1479531610 1 0.192720413208 0. 4.1382775412e-24 0.
1479531670 1 0.192382842302 0. 7.79339120649e-24 0.
1479531730 1 0.191985264421 0. 4.00363680911e-24 0.
1479531790 1 0.191564366221 0. 4.76388617455e-24 0.
1479531850 1 0.191145628691 0. 3.96169377984e-24 0.
1479531910 1 0.190844491124 0. 4.30922370973e-24 0.
1479531970 1 0.190421283245 0. 6.8444750738e-24 0.
1479532030 1 0.190197959542 0. 1.78526644442e-23 0.
1479532090 1 0.189847975969 0. 6.01063280702e-24 0.
1479532151 1 0.18942669034 0. 8.28059588011e-24 0.
1479532211 1 0.18907405436 0. 4.51324916429e-24 0.
1479532271 1 0.188788220286 0. 5.15951199918e-24 0.
1479532331 1 0.188454017043 0. 4.15099586216e-24 0.
1479532391 1 0.188100546598 0. 4.31164442247e-24 0.
1479532451 1 0.18779322505 0. 4.53168543821e-24 0.
1479532511 1 0.187460049987 0. 5.6672076102e-24 0.
1479532571 1 0.187114849687 0. 4.88915326041e-24 0.
1479532631 1 0.186822861433 0. 6.11499289544e-24 0.
1479532692 1 0.186556771398 0. 1.45077304871e-23 0.
1479532752 1 0.186266243458 0. 5.73096810026e-24 0.
1479532812 1 0.186018005013 0. 1.12136501128e-23 0.
1479532872 1 0.185687080026 0. 6.72742598389e-24 0.
1479532932 1 0.185308620334 0. 1.81530796359e-23 0.
1479532992 1 0.185044303536 0. 7.30806373212e-24 0.
1479533052 1 0.184604167938 0. 1.27595924444e-23 0.
1479533112 1 0.184256598353 0. 7.53042475742e-24 0.
1479533172 1 0.183986335993 0. 1.51620392336e-23 0.
1479533233 1 0.183760032058 0. 1.36882169861e-23 0.
1479533293 1 0.183553665876 0. 1.07979862348e-23 0.
1479533353 1 0.1832870543 0. 9.54577676996e-24 0.
1479533413 1 0.183047831059 0. 7.22613341163e-24 0.
1479533473 1 0.182759210467 0. 1.74906426066e-23 0.
1479533533 1 0.18264451623 0. 1.5153740727e-23 0.
1479533593 1 0.182318329811 0. 1.06993053019e-23 0.
1479533653 1 0.182076707482 0. 9.76932690582e-24 0.
1479533713 1 0.181916192174 0. 9.18503817295e-24 0.
1479533774 1 0.181665182114 0. 1.89604214485e-23 0.
1479533834 1 0.181407272816 0. 1.49479668444e-23 0.
1479533894 1 0.181247442961 0. 1.70418162979e-23 0.
1479533954 1 0.180886536837 0. 1.970742055e-23 0.
1479534014 1 0.180590480566 0. 1.49977413602e-23 0.
1479534074 1 0.180368825793 0. 1.089853209e-23 0.
1479534134 1 0.180180802941 0. 1.41859898399e-23 0.
1479534194 1 0.179839596152 0. 1.20359032307e-23 0.
1479534254 1 0.179480403662 0. 1.68325716227e-23 0.
1479534315 1 0.17927826941 0. 9.98381513541e-24 0.
1479534375 1 0.178969249129 0. 1.18104396157e-23 0.
1479534435 1 0.178715765476 0. 1.72016620184e-23 0.
1479534495 1 0.178293019533 0. 1.27796450975e-23 0.
1479534555 1 0.17809599638 0. 1.39661069621e-23 0.
1479534615 1 0.177805185318 0. 1.44334563345e-23 0.
1479534675 1 0.177423298359 0. 1.13424787682e-23 0.
1479534735 1 0.177142634988 0. 1.16867837465e-23 0.
1479534796 1 0.176845431328 0. 9.62931176148e-24 0.
1479534856 1 0.176527291536 0. 1.81748890282e-23 0.
1479534916 1 0.176093891263 0. 1.28321738985e-23 0.
1479534976 1 0.17571824789 0. 1.53832845949e-23 0.
1479535036 1 0.175449833274 0. 7.61870579147e-24 0.
1479535096 1 0.175007417798 0. 1.18222927715e-23 0.
1479535156 1 0.174473375082 0. 9.06990546792e-24 0.
1479535216 1 0.17419244349 0. 1.95411544361e-23 0.
1479535276 1 0.173772022128 0. 1.06723250597e-23 0.
1479535337 1 0.173381179571 0. 1.33068514725e-23 0.
1479535397 1 0.172969132662 0. 9.31940107331e-24 0.
1479535457 1 0.172725573182 0. 1.06187594711e-23 0.
1479535517 1 0.172303080559 0. 1.10026560873e-23 0.
1479535577 1 0.172008320689 0. 9.18539333711e-24 0.
1479535637 1 0.1717056036 0. 1.53479007929e-23 0.
1479535697 1 0.171177506447 0. 6.47273836652e-24 0.
1479535757 1 0.170813247561 0. 7.15808593756e-24 0.
1479535818 1 0.170581609011 0. 1.46150820174e-23 0.
1479535878 1 0.170240104198 0. 1.61419768205e-23 0.
1479535938 1 0.169988080859 0. 1.42551051608e-23 0.
1479535998 1 0.169745951891 0. 1.37841452898e-23 0.
1479536058 1 0.16935877502 0. 1.51397076184e-23 0.
1479536118 1 0.169197022915 0. 1.92405752739e-23 0.
1479536178 1 0.168843775988 0. 7.28191231386e-24 0.
1479536238 1 0.168661043048 0. 1.70829332822e-23 0.
1479536298 1 0.168327882886 0. 1.63141259568e-23 0.
1479536358 1 0.1680855304 0. 8.62877364204e-24 0.
1479536419 1 0.167813226581 0. 1.40030550413e-23 0.
1479536479 1 0.167578950524 0. 1.69784927851e-23 0.
1479536539 1 0.167315557599 0. 1.51093060571e-23 0.
1479536599 1 0.166990593076 0. 5.23824984109e-24 0.
1479536659 1 0.166719436646 0. 7.67578412667e-24 0.
1479536719 1 0.166564911604 0. 1.36097292102e-23 0.
1479536779 1 0.166293904185 0. 6.93015605712e-24 0.
1479536839 1 0.165957316756 0. 1.4968371691e-23 0.
1479536900 1 0.165751427412 0. 7.142808007e-24 0.
1479536960 1 0.165452241898 0. 1.59885610758e-23 0.
1479537020 1 0.165104016662 0. 9.65040213692e-24 0.
1479537080 1 0.164878353477 0. 1.77098265307e-23 0.
1479537140 1 0.164537847042 0. 2.23112977795e-23 0.
1479537200 1 0.164393424988 0. 2.40439050854e-23 0.
1479537260 1 0.164100944996 0. 1.27210884668e-23 0.
1479537320 1 0.163846373558 0. 1.08876558306e-23 0.
1479537381 1 0.163569763303 0. 1.26247467671e-23 0.
1479537441 1 0.163253426552 0. 1.65797828417e-23 0.
1479537501 1 0.163023322821 0. 7.2151953239e-24 0.
1479537561 1 0.16266028583 0. 1.41192936327e-23 0.
1479537621 1 0.162385717034 0. 6.1445079779e-24 0.
1479537681 1 0.162107869983 0. 2.02796901943e-23 0.
1479537741 1 0.161861017346 0. 9.89198078023e-24 0.
1479537801 1 0.16156090796 0. 9.40295180693e-24 0.
1479537862 1 0.161215543747 0. 1.16553474802e-23 0.
1479537922 1 0.160848975182 0. 6.00555686505e-24 0.
1479537982 1 0.160646751523 0. 6.13889560431e-24 0.
1479538042 1 0.160322159529 0. 9.57785864644e-24 0.
1479538102 1 0.16007104516 0. 1.0021350264e-23 0.
1479538162 1 0.159642741084 0. 1.01649509193e-23 0.
1479538222 1 0.159390702844 0. 1.35836370505e-23 0.
1479538282 1 0.159010469913 0. 8.38342724391e-24 0.
1479538343 1 0.158671915531 0. 7.80677027117e-24 0.
1479538403 1 0.158453091979 0. 4.08384876967e-24 0.
1479538463 1 0.158166542649 0. 7.52249335987e-24 0.
1479538523 1 0.157790198922 0. 9.34012584276e-24 0.
1479538583 1 0.157485052943 0. 6.61003639016e-24 0.
1479538643 1 0.157189175487 0. 1.42877179668e-23 0.
1479538703 1 0.1569224298 0. 5.82315769116e-24 0.
1479538763 1 0.156629920006 0. 1.17956677508e-23 0.
1479538824 1 0.156377851963 0. 7.34045823577e-24 0.
1479538884 1 0.156111732125 0. 4.93756148245e-24 0.
1479538944 1 0.155825272202 0. 4.46757740566e-24 0.
1479539004 1 0.155524715781 0. 1.10396321082e-23 0.
1479539064 1 0.155233591795 0. 4.7347526728e-24 0.
1479539124 1 0.154987931252 0. 7.28929525903e-24 0.
1479539184 1 0.154634729028 0. 7.8891257097e-24 0.
1479539244 1 0.154431074858 0. 7.50221289912e-24 0.
1479539304 1 0.15416058898 0. 5.16079385474e-24 0.
1479539365 1 0.153934985399 0. 3.82998452734e-24 0.
1479539425 1 0.153610661626 0. 4.00373115933e-24 0.
1479539485 1 0.153312206268 0. 3.18190221269e-24 0.
1479539545 1 0.153149887919 0. 1.02313921635e-23 0.
1479539605 1 0.152942657471 0. 5.85211736666e-24 0.
1479539665 1 0.152746975422 0. 1.3535505453e-24 0.
1479539725 1 0.152467265725 0. 1.56355194991e-24 0.
1479539785 1 0.152118474245 0. 2.44962293925e-24 0.
1479539845 1 0.151946380734 0. 8.83091268952e-24 0.
1479539906 1 0.151653915644 0. 1.03185437691e-23 0.
1479539966 1 0.151361435652 0. 1.44788561275e-24 0.
1479540026 1 0.151030212641 0. 2.26762456426e-24 0.
1479540086 1 0.150857672095 0. 2.68321103093e-24 0.
1479540146 1 0.150600701571 0. 3.02004498243e-24 0.
1479540206 1 0.150370121002 0. 1.76212502615e-24 0.
1479540266 1 0.150190517306 0. 2.52262749855e-24 0.
1479540326 1 0.149889662862 0. 2.51373954273e-24 0.
1479540387 1 0.149549692869 0. 6.56149337901e-24 0.
1479540447 1 0.149402946234 0. 2.16392809252e-24 0.
1479540507 1 0.149164289236 0. 4.92266483298e-24 0.
1479540567 1 0.14877936244 0. 3.13905377262e-24 0.
1479540624 1 0.145572841167 0. 3.31842253047e-24 0.
1479540682 1 2.38532334151e-06 0. 0.0 0.
1479540742 0 0.0 0. 0.0 0.
1479540802 0 0.0 0. 0.0 0.
1479540862 0 0.0 0. 0.0 0.
1479540922 0 0.0 0. 0.0 0.
1479540983 0 0.0 0. 0.0 0.
1479541043 0 0.0 0. 0.0 0.
1479543574 0 0.0 0. 0.0 0.
