1480023098 0 0.0 0. 0.0 0.
1480023158 0 0.0 0. 0.0 0.
1480023219 0 0.0 0. 0.0 0.
1480023279 0 0.0 0. 0.0 0.
1480023339 0 0.0 0. 0.0 0.
1480023399 0 0.0 0. 0.0 0.
1480023459 0 0.0 0. 0.0 0.
1480023519 0 0.0 0. 0.0 0.
1480023579 0 0.0 0. 0.0 0.
1480023639 0 0.0 0. 0.0 0.
1480023699 0 0.0 0. 0.0 0.
1480023760 0 0.0 0. 0.0 0.
1480023820 0 0.0 0. 0.0 0.
1480023880 0 0.0 0. 0.0 0.
1480023940 0 0.0 0. 0.0 0.
1480024000 0 0.0 0. 0.0 0.
1480024060 0 0.0 0. 0.0 0.
1480024120 0 0.0 0. 0.0 0.
1480024180 0 0.0 0. 0.0 0.
1480024240 0 0.0 0. 0.0 0.
1480024300 0 0.0 0. 0.0 0.
1480024361 0 0.0 0. 0.0 0.
1480024421 0 0.0 0. 0.0 0.
1480024481 0 0.0 0. 0.0 0.
1480024541 0 0.0 0. 0.0 0.
1480024601 0 0.0 0. 0.0 0.
1480024661 0 0.0 0. 0.0 0.
1480024721 0 0.0 0. 0.0 0.
1480024781 0 0.0 0. 0.0 0.
1480024842 0 0.0 0. 0.0 0.
1480024902 0 0.0 0. 0.0 0.
1480024962 0 0.0 0. 0.0 0.
1480025022 0 0.0 0. 0.0 0.
1480025082 0 0.0 0. 0.0 0.
1480025142 0 0.0 0. 0.0 0.
1480025202 0 0.0 0. 0.0 0.
1480025262 0 0.0 0. 0.0 0.
1480025323 0 0.0 0. 0.0 0.
1480025383 0 0.0 0. 0.0 0.
1480025443 0 0.0 0. 0.0 0.
1480025503 0 0.0 0. 0.0 0.
1480025563 0 0.0 0. 0.0 0.
1480025623 0 0.0 0. 0.0 0.
1480025683 0 0.0 0. 0.0 0.
1480025743 0 0.0 0. 0.0 0.
1480025804 0 0.0 0. 0.0 0.
1480025864 0 0.0 0. 0.0 0.
1480025924 0 0.0 0. 0.0 0.
1480025984 0 0.0 0. 0.0 0.
1480026044 0 0.0 0. 0.0 0.
1480026104 0 0.0 0. 0.0 0.
1480026164 0 0.0 0. 0.0 0.
1480026224 0 0.0 0. 0.0 0.
1480026284 0 0.0 0. 0.0 0.
1480026345 0 0.0 0. 0.0 0.
1480026405 0 0.0 0. 0.0 0.
1480026465 0 0.0 0. 0.0 0.
1480026525 0 0.0 0. 0.0 0.
1480026585 0 0.0 0. 0.0 0.
1480026645 0 0.0 0. 0.0 0.
1480026705 0 0.0 0. 0.0 0.
1480026765 0 0.0 0. 0.0 0.
1480026825 0 0.0 0. 0.0 0.
1480026886 0 0.0 0. 0.0 0.
1480026946 0 0.0 0. 0.0 0.
1480027006 0 0.0 0. 0.0 0.
1480027066 0 0.0 0. 0.0 0.
1480027126 0 0.0 0. 0.0 0.
1480027186 0 0.0 0. 0.0 0.
1480027246 0 0.0 0. 0.0 0.
1480027306 0 0.0 0. 0.0 0.
1480027367 0 0.0 0. 0.0 0.
1480027427 0 0.0 0. 0.0 0.
1480027487 0 0.0 0. 0.0 0.
1480027547 0 0.0 0. 0.0 0.
1480027607 0 0.0 0. 0.0 0.
1480027667 0 0.0 0. 0.0 0.
1480027727 0 0.0 0. 0.0 0.
1480027787 0 0.0 0. 0.0 0.
1480027848 0 0.0 0. 0.0 0.
1480027908 0 0.0 0. 0.0 0.
1480027968 0 0.0 0. 0.0 0.
1480028028 0 0.0 0. 0.0 0.
1480028088 0 0.0 0. 0.0 0.
1480028148 0 0.0 0. 0.0 0.
1480028208 0 0.0 0. 0.0 0.
1480028268 0 0.0 0. 0.0 0.
1480028329 0 0.0 0. 0.0 0.
1480028389 0 0.0 0. 0.0 0.
1480028449 0 0.0 0. 0.0 0.
1480028509 0 0.0 0. 0.0 0.
1480028569 0 0.0 0. 0.0 0.
1480028629 0 0.0 0. 0.0 0.
1480028689 0 0.0 0. 0.0 0.
1480028749 0 0.0 0. 0.0 0.
1480028810 0 0.0 0. 0.0 0.
1480028870 0 0.0 0. 0.0 0.
1480028930 0 0.0 0. 0.0 0.
1480028990 0 0.0 0. 0.0 0.
1480029050 0 0.0 0. 0.0 0.
1480029110 0 0.0 0. 0.0 0.
1480029170 0 0.0 0. 0.0 0.
1480029230 0 0.0 0. 0.0 0.
1480029290 0 0.0 0. 0.0 0.
1480029351 0 0.0 0. 0.0 0.
1480029411 0 0.0 0. 0.0 0.
1480029471 0 0.0 0. 0.0 0.
1480029531 0 0.0 0. 0.0 0.
1480029591 0 0.0 0. 0.0 0.
1480029651 0 0.0 0. 0.0 0.
1480029711 0 0.0 0. 0.0 0.
1480029771 0 0.0 0. 0.0 0.
1480029831 0 0.0 0. 0.0 0.
1480029891 0 0.0 0. 0.0 0.
1480029952 0 0.0 0. 0.0 0.
1480030012 0 0.0 0. 0.0 0.
1480030072 0 0.0 0. 0.0 0.
1480030132 0 0.0 0. 0.0 0.
1480030192 0 0.0 0. 0.0 0.
1480030252 0 0.0 0. 0.0 0.
1480030312 0 0.0 0. 0.0 0.
1480030372 0 0.0 0. 0.0 0.
1480030433 0 0.0 0. 0.0 0.
1480030493 0 0.0 0. 0.0 0.
1480030553 0 0.0 0. 0.0 0.
1480030613 0 0.0 0. 0.0 0.
1480030673 0 0.0 0. 0.0 0.
1480030733 0 0.0 0. 0.0 0.
1480030793 0 0.0 0. 0.0 0.
1480030853 0 0.0 0. 0.0 0.
1480030913 0 0.0 0. 0.0 0.
1480030974 0 0.0 0. 0.0 0.
1480031034 0 0.0 0. 0.0 0.
1480031094 0 0.0 0. 0.0 0.
1480031154 0 0.0 0. 0.0 0.
1480031214 0 0.0 0. 0.0 0.
1480031274 0 0.0 0. 0.0 0.
1480031334 0 0.0 0. 0.0 0.
1480031395 0 0.0 0. 0.0 0.
1480031455 0 0.0 0. 0.0 0.
1480031515 0 0.0 0. 0.0 0.
1480031575 0 0.0 0. 0.0 0.
1480031635 0 0.0 0. 0.0 0.
1480031695 0 0.0 0. 0.0 0.
1480031755 0 0.0 0. 0.0 0.
1480031815 0 0.0 0. 0.0 0.
1480031875 0 0.0 0. 0.0 0.
1480031936 0 0.0 0. 0.0 0.
1480031996 0 0.0 0. 0.0 0.
1480032056 0 0.0 0. 0.0 0.
1480032116 0 0.0 0. 0.0 0.
1480032176 0 0.0 0. 0.0 0.
1480032236 0 0.0 0. 0.0 0.
1480032296 0 0.0 0. 0.0 0.
1480032356 0 0.0 0. 0.0 0.
1480032416 0 0.0 0. 0.0 0.
1480032452 0 0.0 0. 0.0 0.
1480032487 0 0.0 0. 0.0 0.
1480032548 0 0.0 0. 0.0 0.
1480032608 0 0.0 0. 0.0 0.
1480032668 0 0.0 0. 0.0 0.
1480032728 0 0.0 0. 0.0 0.
1480032788 0 0.0 0. 0.0 0.
1480032848 0 0.0 0. 0.0 0.
1480032908 0 0.0 0. 0.0 0.
1480032968 0 0.0 0. 0.0 0.
1480033028 0 0.0 0. 0.0 0.
1480033089 0 0.0 0. 0.0 0.
1480033149 0 0.0 0. 0.0 0.
1480033209 0 0.0 0. 0.0 0.
1480033269 0 0.0 0. 0.0 0.
1480033329 0 0.0 0. 0.0 0.
1480033380 0 0.0 0. 0.0 0.
1480033406 0 0.0 0. 0.0 0.
1480033441 0 0.0 0. 0.0 0.
1480033501 0 0.0 0. 0.0 0.
1480033561 0 0.0 0. 0.0 0.
1480033621 0 0.0 0. 0.0 0.
1480033682 0 0.0 0. 0.0 0.
1480033742 0 0.0 0. 0.0 0.
1480033802 0 0.0 0. 0.0 0.
1480033862 0 0.0 0. 0.0 0.
1480033922 0 0.0 0. 0.0 0.
1480033982 0 0.0 0. 0.0 0.
1480034042 0 0.0 0. 0.0 0.
1480034102 0 0.0 0. 0.0 0.
1480034162 0 0.0 0. 0.0 0.
1480034211 0 0.0 0. 0.0 0.
1480034259 0 0.0 0. 0.0 0.
1480034314 0 0.0 0. 0.0 0.
1480034343 0 0.0 0. 0.0 0.
1480034378 0 0.0 0. 0.0 0.
1480034418 0 0.0 0. 0.0 0.
1480034433 0 0.0 0. 0.0 0.
1480034468 0 0.0 0. 0.0 0.
1480034528 0 0.0 0. 0.0 0.
1480034589 0 0.0 0. 0.0 0.
1480034649 0 0.0 0. 0.0 0.
1480034709 0 0.0 0. 0.0 0.
1480034769 0 0.0 0. 0.0 0.
1480034829 0 0.0 0. 0.0 0.
1480034870 0 0.0 0. 0.0 0.
1480034912 0 0.0 0. 0.0 0.
1480034972 0 0.0 0. 0.0 0.
1480035032 0 0.0 0. 0.0 0.
1480035092 0 0.0 0. 0.0 0.
1480035152 0 0.0 0. 0.0 0.
1480035212 0 0.0 0. 0.0 0.
1480035272 0 0.0 0. 0.0 0.
1480035333 0 0.0 0. 0.0 0.
1480035393 1 0.478403955698 0. 3.20899240459e-24 0.
1480035452 1 0.475737780333 0. 3.19888872021e-24 0.
1480035512 1 0.41737523675 0. 2.81366837804e-24 0.
1480035572 1 0.237964019179 0. 1.608864643e-24 0.
1480035633 1 0.0606265254319 0. 4.11466823425e-25 0.
1480035693 1 0.0542732961476 0. 3.68983151533e-25 0.
1480035753 1 0.0485260412097 0. 3.30445078336e-25 0.
1480035813 1 0.023234969005 0. 1.58603773753e-25 0.
1480035873 1 0.0209882333875 0. 1.43481668762e-25 0.
1480035933 1 0.0181384496391 0. 1.24204227535e-25 0.
1480035993 1 0.0144199132919 0. 9.88706743323e-26 0.
1480036053 1 0.0119168227538 0. 8.18080344974e-26 0.
1480036113 1 0.00992879737169 0. 6.82215977665e-26 0.
1480036173 1 0.00821140035987 0. 5.64535564333e-26 0.
1480036234 1 0.00768488598987 0. 5.28801365987e-26 0.
1480036294 1 0.00765882758424 0. 5.27361467344e-26 0.
1480036354 1 0.00767294783145 0. 5.28776709903e-26 0.
1480036414 1 0.00770352873951 0. 5.30971892769e-26 0.
1480036451 1 0.00762493303046 0. 5.25869251293e-26 0.
1480036488 1 0.00758211733773 0. 5.23147309683e-26 0.
1480036548 1 0.0076075354591 0. 5.25065089042e-26 0.
1480036583 1 0.00747505249456 0. 5.16035758413e-26 0.
1480036619 1 0.00762393884361 0. 5.26527910189e-26 0.
1480036679 1 0.00761439558119 0. 5.26011459795e-26 0.
1480036739 1 0.00756691023707 0. 5.23248001637e-26 0.
1480036799 1 0.00747691048309 0. 5.17404480497e-26 0.
1480036859 1 0.00744155747816 0. 5.15207402937e-26 0.
1480036919 1 0.00759983574972 0. 5.26352638821e-26 0.
1480036979 1 0.00765511067584 0. 5.30559436623e-26 0.
1480037039 1 0.00762645667419 0. 5.28851887855e-26 0.
1480037099 1 0.00765543244779 0. 5.31095777071e-26 0.
1480037152 1 0.00765248201787 0. 5.31274498563e-26 0.
1480037205 1 0.00764088938013 0. 5.30818429902e-26 0.
1480037265 1 0.00760347768664 0. 5.28477197737e-26 0.
1480037325 1 0.00759459799156 0. 5.28163627634e-26 0.
1480037385 1 0.00758343469352 0. 5.27566872737e-26 0.
1480037445 1 0.00758438371122 0. 5.28052084063e-26 0.
1480037505 1 0.00754961650819 0. 5.25840382149e-26 0.
1480037565 1 0.00734405452386 0. 5.11901757216e-26 0.
1480037626 1 0.00724961655214 0. 5.05550769512e-26 0.
1480037686 1 0.00733650149778 0. 5.1192670775e-26 0.
1480037732 1 0.00742770312354 0. 5.18453462608e-26 0.
1480037778 1 0.00751041574404 0. 5.2450611311e-26 0.
1480037838 1 0.00760752335191 0. 5.31580465547e-26 0.
1480037898 1 0.00765456445515 0. 5.35090527012e-26 0.
1480037958 1 0.00772568956017 0. 5.40309065943e-26 0.
1480038018 1 0.00782802607864 0. 5.47678917786e-26 0.
1480038078 1 0.00784916523844 0. 5.49514116126e-26 0.
1480038139 1 0.00785841420293 0. 5.50490895794e-26 0.
1480038199 1 0.00785417947918 0. 5.50364954734e-26 0.
1480038259 1 0.00779577950016 0. 5.46531235855e-26 0.
1480038296 1 0.00779542559758 0. 5.46899759613e-26 0.
1480038334 1 0.00777596794069 0. 5.45603493767e-26 0.
1480038394 1 0.00770895555615 0. 5.4109389604e-26 0.
1480038454 1 0.0074663660489 0. 5.24294098249e-26 0.
1480038514 1 0.00746613182127 0. 5.24713574382e-26 0.
1480038574 1 0.00761985545978 0. 5.35816631436e-26 0.
1480038635 1 0.00775352818891 0. 5.4556511607e-26 0.
1480038670 1 0.00786902569234 0. 5.53603371323e-26 0.
1480038705 1 0.00790168624371 0. 5.56364250425e-26 0.
1480038765 1 0.00765935517848 0. 5.39464134162e-26 0.
1480038825 1 0.00761431595311 0. 5.36428279578e-26 0.
1480038885 1 0.00760020734742 0. 5.35756833906e-26 0.
1480038945 1 0.00761011941358 0. 5.36827907835e-26 0.
1480039005 1 0.00767475739121 0. 5.41710325946e-26 0.
1480039066 1 0.00771710788831 0. 5.44829246726e-26 0.
1480039126 1 0.00772102968767 0. 5.45639533774e-26 0.
1480039186 1 0.0077344449237 0. 5.46798299302e-26 0.
1480039246 1 0.0077506811358 0. 5.48158138071e-26 0.
1480039306 1 0.00775609537959 0. 5.48917772957e-26 0.
1480039366 1 0.00773831410334 0. 5.48095651781e-26 0.
1480039426 1 0.0076928762719 0. 5.45188040967e-26 0.
1480039486 1 0.00771939894184 0. 5.47228737244e-26 0.
1480039546 1 0.00767164956778 0. 5.44243767383e-26 0.
1480039607 1 0.00756386015564 0. 5.36837127135e-26 0.
1480039667 1 0.00762864388525 0. 5.41583412043e-26 0.
1480039727 1 0.00775738293305 0. 5.51280817173e-26 0.
1480039787 1 0.00791607238352 0. 5.62809883782e-26 0.
1480039847 1 0.00772326299921 0. 5.49349396489e-26 0.
1480039907 1 0.00771101145074 0. 5.48883998819e-26 0.
1480039967 1 0.0077716531232 0. 5.53524252733e-26 0.
1480040027 1 0.00778831122443 0. 5.54908670354e-26 0.
1480040087 1 0.00773747870699 0. 5.51594905674e-26 0.
1480040148 1 0.00755261816084 0. 5.38786452657e-26 0.
1480040208 1 0.00740423798561 0. 5.28630899299e-26 0.
1480040268 1 0.00746694440022 0. 5.33295728705e-26 0.
1480040328 1 0.00754841510206 0. 5.39322630383e-26 0.
1480040388 1 0.00760160246864 0. 5.43557842425e-26 0.
1480040448 1 0.00755859771743 0. 5.40622705233e-26 0.
1480040508 1 0.00748020596802 0. 5.35592706442e-26 0.
1480040568 1 0.00746421143413 0. 5.34608359295e-26 0.
1480040629 1 0.00741893891245 0. 5.31733073965e-26 0.
1480040689 1 0.00738055119291 0. 5.29318256328e-26 0.
1480040749 1 0.00733618764207 0. 5.26429460941e-26 0.
1480040809 1 0.00726374099031 0. 5.21496535222e-26 0.
1480040869 1 0.0071525555104 0. 5.13714857538e-26 0.
1480040929 1 0.00695184106007 0. 4.99419112439e-26 0.
1480040989 1 0.00711456639692 0. 5.11538558737e-26 0.
1480041049 1 0.00721637625247 0. 5.19245376238e-26 0.
1480041109 1 0.00733464723453 0. 5.27955206324e-26 0.
1480041170 1 0.00742661906406 0. 5.34736608287e-26 0.
1480041230 1 0.00749826291576 0. 5.40288093803e-26 0.
1480041290 1 0.00749304238707 0. 5.40170422081e-26 0.
1480041350 1 0.00747263245285 0. 5.39024709689e-26 0.
1480041410 1 0.00742068188265 0. 5.35570300987e-26 0.
1480041470 1 0.00745351985097 0. 5.38429295085e-26 0.
1480041530 1 0.0074264574796 0. 5.36561599289e-26 0.
1480041591 1 0.00743136228994 0. 5.37212074665e-26 0.
1480041651 1 0.00741011183709 0. 5.35979005589e-26 0.
1480041711 1 0.00732182106003 0. 5.298964793e-26 0.
1480041771 1 0.00717596523464 0. 5.19484905118e-26 0.
1480041831 1 0.00702424813062 0. 5.08806205379e-26 0.
1480041891 1 0.00735147623345 0. 5.33072591542e-26 0.
1480041951 1 0.00756685202941 0. 5.48820066584e-26 0.
1480042011 1 0.00764701748267 0. 5.54921998889e-26 0.
1480042071 1 0.00768187688664 0. 5.578188753e-26 0.
1480042132 1 0.00778000475839 0. 5.65199244872e-26 0.
1480042192 1 0.00769123993814 0. 5.58965199293e-26 0.
1480042252 1 0.00753341475502 0. 5.47896006657e-26 0.
1480042312 1 0.00764244655147 0. 5.56195501755e-26 0.
1480042372 1 0.00769066624343 0. 5.59959678467e-26 0.
1480042432 1 0.00769670214504 0. 5.60541003888e-26 0.
1480042492 1 0.00766469305381 0. 5.585708082e-26 0.
1480042552 1 0.00776664353907 0. 5.66357686584e-26 0.
1480042613 1 0.00768293021247 0. 5.60654325664e-26 0.
1480042673 1 0.00774318212643 0. 5.65286779299e-26 0.
1480042733 1 0.00756270484999 0. 5.52422288565e-26 0.
1480042793 1 0.00752191897482 0. 5.49760753639e-26 0.
1480042853 1 0.00745838880539 0. 5.45431883625e-26 0.
1480042913 1 0.0074820863083 0. 5.47338461965e-26 0.
1480042973 1 0.00764191476628 0. 5.5949564658e-26 0.
1480043033 1 0.00780723476782 0. 5.71781593424e-26 0.
1480043094 1 0.00759972818196 0. 5.57036474505e-26 0.
1480043154 1 0.00756220100448 0. 5.54572650347e-26 0.
1480043214 1 0.00768989091739 0. 5.64153564993e-26 0.
1480043274 1 0.00783025845885 0. 5.74664002035e-26 0.
1480043334 1 0.00791653059423 0. 5.81424754921e-26 0.
1480043394 1 0.00788878649473 0. 5.79621423613e-26 0.
1480043454 1 0.0075891087763 0. 5.57851456417e-26 0.
1480043514 1 0.00747149437666 0. 5.49582395186e-26 0.
1480043574 1 0.00748766912147 0. 5.51100887451e-26 0.
1480043635 1 0.00739332241938 0. 5.44333349251e-26 0.
1480043695 1 0.00734568620101 0. 5.41259852623e-26 0.
1480043755 1 0.00732856569812 0. 5.4026360929e-26 0.
1480043815 1 0.00727380951867 0. 5.36319028933e-26 0.
1480043875 1 0.00726712262258 0. 5.36297487425e-26 0.
1480043935 1 0.00716193765402 0. 5.28947633374e-26 0.
1480043995 1 0.00721521768719 0. 5.33007531945e-26 0.
1480044055 1 0.00713325291872 0. 5.27239235409e-26 0.
1480044115 1 0.00711075076833 0. 5.25791697975e-26 0.
1480044176 1 0.00711058685556 0. 5.26177596906e-26 0.
1480044236 1 0.00707807438448 0. 5.23997867935e-26 0.
1480044296 1 0.00701001239941 0. 5.19103642787e-26 0.
1480044356 1 0.00732981832698 0. 5.43273340177e-26 0.
1480044416 1 0.00733341136947 0. 5.4378288096e-26 0.
1480044476 1 0.00733794551343 0. 5.44384992616e-26 0.
1480044536 1 0.00730256224051 0. 5.42192202705e-26 0.
1480044596 1 0.00727811455727 0. 5.40527455807e-26 0.
1480044657 1 0.00720230489969 0. 5.35236767458e-26 0.
1480044717 1 0.00725009059533 0. 5.39081090701e-26 0.
1480044777 1 0.00722847646102 0. 5.37736445602e-26 0.
1480044837 1 0.00719469180331 0. 5.35353700295e-26 0.
1480044897 1 0.00697334343567 0. 5.1913406191e-26 0.
1480044957 1 0.00703312642872 0. 5.23928802502e-26 0.
1480045017 1 0.0070173162967 0. 5.22918310045e-26 0.
1480045077 1 0.00722500821576 0. 5.38746957238e-26 0.
1480045138 1 0.00720315333456 0. 5.37321636788e-26 0.
1480045198 1 0.0070587489754 0. 5.26923995926e-26 0.
1480045258 1 0.00723226554692 0. 5.40230327124e-26 0.
1480045318 1 0.0073872548528 0. 5.51883194232e-26 0.
1480045378 1 0.00742084067315 0. 5.54784503764e-26 0.
1480045438 1 0.00747449370101 0. 5.59047403792e-26 0.
1480045498 1 0.00750159984455 0. 5.6132296538e-26 0.
1480045558 1 0.00758463004604 0. 5.67991927276e-26 0.
1480045618 1 0.00760900601745 0. 5.69948735829e-26 0.
1480045679 1 0.00746199581772 0. 5.59411048428e-26 0.
1480045739 1 0.00696385931224 0. 5.22265541878e-26 0.
1480045799 1 0.00709594087675 0. 5.32366906657e-26 0.
1480045859 1 0.00716606900096 0. 5.37937504472e-26 0.
1480045919 1 0.00724722072482 0. 5.44322108463e-26 0.
1480045979 1 0.00728021934628 0. 5.47026861837e-26 0.
1480046039 1 0.00730966823176 0. 5.49427538815e-26 0.
1480046100 1 0.00732481991872 0. 5.50898503291e-26 0.
1480046160 1 0.00731364125386 0. 5.50249166683e-26 0.
1480046220 1 0.00719218654558 0. 5.41457004093e-26 0.
1480046280 1 0.00716328015551 0. 5.39544837545e-26 0.
1480046340 1 0.00708571681753 0. 5.33968371116e-26 0.
1480046400 1 0.00727846240625 0. 5.4882256124e-26 0.
1480046460 1 0.00729646813124 0. 5.50357697969e-26 0.
1480046520 1 0.00730993505567 0. 5.51606176644e-26 0.
1480046580 1 0.00731801521033 0. 5.52648912615e-26 0.
1480046641 1 0.00726711889729 0. 5.49132998889e-26 0.
1480046701 1 0.00741546507925 0. 5.60555703217e-26 0.
1480046761 1 0.00738396355882 0. 5.5837839589e-26 0.
1480046821 1 0.00734443916008 0. 5.55823305115e-26 0.
1480046881 1 0.00734771508723 0. 5.56316997169e-26 0.
1480046941 1 0.0072646648623 0. 5.50334654538e-26 0.
1480047001 1 0.00709627149627 0. 5.37802275356e-26 0.
1480047061 1 0.00722785014659 0. 5.48218627143e-26 0.
1480047121 1 0.00742068840191 0. 5.62851891959e-26 0.
1480047182 1 0.00750696426257 0. 5.69668153925e-26 0.
1480047242 1 0.0075774542056 0. 5.75486845256e-26 0.
1480047302 1 0.00766258267686 0. 5.82057274069e-26 0.
1480047362 1 0.00761946057901 0. 5.78966915391e-26 0.
1480047422 1 0.00749785732478 0. 5.70049774759e-26 0.
1480047482 1 0.00745233241469 0. 5.67078729624e-26 0.
1480047542 1 0.00751333823428 0. 5.71810852982e-26 0.
1480047602 1 0.00751974387094 0. 5.72722157092e-26 0.
1480047662 1 0.0074859042652 0. 5.70313981664e-26 0.
1480047723 1 0.00762394163758 0. 5.81171152213e-26 0.
1480047783 1 0.00761022605002 0. 5.80187016641e-26 0.
1480047843 1 0.00764051824808 0. 5.82939278043e-26 0.
1480047903 1 0.00777148408815 0. 5.93051895806e-26 0.
1480047963 1 0.00782896764576 0. 5.97890137332e-26 0.
1480048023 1 0.00765743711963 0. 5.85115944578e-26 0.
1480048083 1 0.00753676658496 0. 5.76033776157e-26 0.
1480048143 1 0.00753380032256 0. 5.76176003434e-26 0.
1480048203 1 0.00750868022442 0. 5.74380654876e-26 0.
1480048264 1 0.00749118952081 0. 5.73556742159e-26 0.
1480048324 1 0.00730197597295 0. 5.59252758899e-26 0.
1480048384 1 0.00732530606911 0. 5.61208170195e-26 0.
1480048444 1 0.00724061205983 0. 5.55124085307e-26 0.
1480048504 1 0.00732442177832 0. 5.62008079181e-26 0.
1480048564 1 0.00735983392224 0. 5.66136449125e-26 0.
1480048624 1 0.00738698337227 0. 5.67028096492e-26 0.
1480048684 1 0.00739091029391 0. 5.67439390515e-26 0.
1480048745 1 0.00734567595646 0. 5.64524960055e-26 0.
1480048805 1 0.0073016397655 0. 5.61358866644e-26 0.
1480048865 1 0.00711194146425 0. 5.46879162519e-26 0.
1480048925 1 0.00715681910515 0. 5.50633841549e-26 0.
1480048985 1 0.00730325933546 0. 5.62100074232e-26 0.
1480049045 1 0.00738249300048 0. 5.68556133438e-26 0.
1480049105 1 0.00680907489732 0. 5.24797250409e-26 0.
1480049165 1 0.0067303464748 0. 5.19061421051e-26 0.
1480049225 1 0.00717322900891 0. 5.53554168263e-26 0.
1480049286 1 0.00735475821421 0. 5.6778602549e-26 0.
1480049346 1 0.00729371514171 0. 5.63194476646e-26 0.
1480049406 1 0.00718423118815 0. 5.55164755758e-26 0.
1480049466 1 0.00719857309014 0. 5.5660604599e-26 0.
1480049526 1 0.00721008051187 0. 5.57920658437e-26 0.
1480049586 1 0.00716413324699 0. 5.54477598534e-26 0.
1480049646 1 0.00715443538502 0. 5.54043025685e-26 0.
1480049706 1 0.00723245088011 0. 5.60285103527e-26 0.
1480049766 1 0.00717822695151 0. 5.5646065159e-26 0.
1480049827 1 0.00713409110904 0. 5.53279586913e-26 0.
1480049887 1 0.00712381722406 0. 5.52972886189e-26 0.
1480049947 1 0.00719716027379 0. 5.588820491e-26 0.
1480050007 1 0.00714253541082 0. 5.54862525385e-26 0.
1480050067 1 0.00711302971467 0. 5.52972919362e-26 0.
1480050127 1 0.00711243087426 0. 5.53157283898e-26 0.
1480050187 1 0.00723508559167 0. 5.62742410468e-26 0.
1480050247 1 0.0071956673637 0. 5.60004192355e-26 0.
1480050308 1 0.00713891303167 0. 5.55940794995e-26 0.
1480050368 1 0.00715690851212 0. 5.57722849962e-26 0.
1480050428 1 0.00711632147431 0. 5.54733816338e-26 0.
1480050488 1 0.00714050699025 0. 5.56933093564e-26 0.
1480050548 1 0.00709308544174 0. 5.53593307658e-26 0.
1480050608 1 0.00703176949173 0. 5.49201651784e-26 0.
1480050668 1 0.00735041406006 0. 5.74299268601e-26 0.
1480050728 1 0.00745532009751 0. 5.82753837644e-26 0.
1480050788 1 0.00741397123784 0. 5.79610262147e-26 0.
1480050849 1 0.00742679229006 0. 5.81102345389e-26 0.
1480050909 1 0.00753269996494 0. 5.89743035374e-26 0.
1480050969 1 0.00759562570602 0. 5.94773730786e-26 0.
1480051029 1 0.00750950304791 0. 5.88434690065e-26 0.
1480051089 1 0.00757142808288 0. 5.93716344843e-26 0.
1480051149 1 0.00763830821961 0. 5.99165579724e-26 0.
1480051209 1 0.00768687622622 0. 6.03065346802e-26 0.
1480051269 1 0.00759441778064 0. 5.96159141889e-26 0.
1480051330 1 0.00760003505275 0. 5.96972586648e-26 0.
1480051390 1 0.00753246480599 0. 5.91983886764e-26 0.
1480051450 1 0.00767748942599 0. 6.03695828798e-26 0.
1480051510 1 0.00763687584549 0. 6.00689049788e-26 0.
1480051570 1 0.00764737883583 0. 6.01931519488e-26 0.
1480051630 1 0.00765632325783 0. 6.02894906612e-26 0.
1480051690 1 0.00763585651293 0. 6.01412482577e-26 0.
1480051750 1 0.00771790370345 0. 6.08282890347e-26 0.
1480051810 1 0.00772641878575 0. 6.09068989097e-26 0.
1480051871 1 0.00771438796073 0. 6.08428722026e-26 0.
1480051931 1 0.00772960484028 0. 6.10103452819e-26 0.
1480051991 1 0.0077410521917 0. 6.11191131001e-26 0.
1480052051 1 0.00771490763873 0. 6.09440229714e-26 0.
1480052111 1 0.00757830403745 0. 5.98989987645e-26 0.
1480052171 1 0.00762227084488 0. 6.02638025755e-26 0.
1480052231 1 0.00766843277961 0. 6.06552806293e-26 0.
1480052292 1 0.00770284375176 0. 6.09460987303e-26 0.
1480052352 1 0.00781222200021 0. 6.18553679536e-26 0.
1480052412 1 0.0077765067108 0. 6.15861554081e-26 0.
1480052472 1 0.00775640970096 0. 6.14550664114e-26 0.
1480052532 1 0.007650220301 0. 6.06560861107e-26 0.
1480052592 1 0.00754874898121 0. 5.9880247856e-26 0.
1480052652 1 0.00752393435687 0. 5.97015988505e-26 0.
1480052712 1 0.00757148070261 0. 6.01036997977e-26 0.
1480052773 1 0.00763446046039 0. 6.06266458765e-26 0.
1480052833 1 0.0075708059594 0. 6.01437581591e-26 0.
1480052893 1 0.00761850364506 0. 6.05791913582e-26 0.
1480052953 1 0.00755550665781 0. 6.01089457151e-26 0.
1480053013 1 0.0074685276486 0. 5.94395861923e-26 0.
1480053073 1 0.0073589165695 0. 5.86046427377e-26 0.
1480053133 1 0.00731825502589 0. 5.83050725976e-26 0.
1480053193 1 0.00746399676427 0. 5.95007991897e-26 0.
1480053253 1 0.0069470545277 0. 5.53997002419e-26 0.
1480053314 1 0.00717712799087 0. 5.725818501e-26 0.
1480053374 1 0.00723379710689 0. 5.77520793923e-26 0.
1480053434 1 0.00713960360736 0. 5.70053660241e-26 0.
1480053494 1 0.00708400271833 0. 5.66088651347e-26 0.
1480053554 1 0.00701375864446 0. 5.60743323114e-26 0.
1480053614 1 0.00722096115351 0. 5.77503049021e-26 0.
1480053675 1 0.00738179637119 0. 5.90644266327e-26 0.
1480053735 1 0.00735611887649 0. 5.89007644665e-26 0.
1480053795 1 0.00729602435604 0. 5.84319851713e-26 0.
1480053855 1 0.00727204140276 0. 5.8273021826e-26 0.
1480053915 1 0.00728225987405 0. 5.83912289538e-26 0.
1480053975 1 0.00720784580335 0. 5.78288316124e-26 0.
1480054035 1 0.00717327045277 0. 5.75790620898e-26 0.
1480054095 1 0.00723574403673 0. 5.80913105044e-26 0.
1480054156 1 0.00713423639536 0. 5.73063117729e-26 0.
1480054216 1 0.00720863277093 0. 5.79332744909e-26 0.
1480054276 1 0.00720437802374 0. 5.79355010428e-26 0.
1480054336 1 0.00715433154255 0. 5.75333529516e-26 0.
1480054396 1 0.00712758582085 0. 5.73615405284e-26 0.
1480054456 1 0.00702007859945 0. 5.65136093857e-26 0.
1480054516 1 0.00730873830616 0. 5.88672284477e-26 0.
1480054576 1 0.0074318787083 0. 5.98936511627e-26 0.
1480054637 1 0.00741065433249 0. 5.97400352209e-26 0.
1480054697 1 0.00750772003084 0. 6.05339515572e-26 0.
1480054757 1 0.00743984058499 0. 5.99824812075e-26 0.
1480054817 1 0.0073175560683 0. 5.90287803379e-26 0.
1480054877 1 0.00718715041876 0. 5.79946329038e-26 0.
1480054937 1 0.00709056621417 0. 5.72264734888e-26 0.
1480054997 1 0.00719905877486 0. 5.81064466617e-26 0.
1480055057 1 0.00729106273502 0. 5.88632653201e-26 0.
1480055117 1 0.00727694109082 0. 5.87796809323e-26 0.
1480055178 1 0.00731522263959 0. 5.90975761914e-26 0.
1480055238 1 0.00721584260464 0. 5.83010938699e-26 0.
1480055298 1 0.00723207741976 0. 5.84512248833e-26 0.
1480055358 1 0.00724650034681 0. 5.85762673447e-26 0.
1480055418 1 0.00715676741675 0. 5.78667597256e-26 0.
1480055478 1 0.00712347123772 0. 5.76067218471e-26 0.
1480055538 1 0.00715852342546 0. 5.78965838069e-26 0.
1480055598 1 0.00711045693606 0. 5.75258207151e-26 0.
1480055658 1 0.00713468249887 0. 5.77389878001e-26 0.
1480055718 1 0.00715634739026 0. 5.79278621526e-26 0.
1480055779 1 0.00723821669817 0. 5.86034809517e-26 0.
1480055839 1 0.00722639122978 0. 5.85134099716e-26 0.
1480055899 1 0.00711722206324 0. 5.76440403252e-26 0.
1480055959 1 0.00712864100933 0. 5.77537696072e-26 0.
1480056019 1 0.00715510128066 0. 5.79836408369e-26 0.
1480056079 1 0.00714822672307 0. 5.79344279776e-26 0.
1480056139 1 0.00704306783155 0. 5.71017066498e-26 0.
1480056199 1 0.00709980772808 0. 5.75700004413e-26 0.
1480056260 1 0.00705948565155 0. 5.72466910705e-26 0.
1480056320 1 0.00735452212393 0. 5.96664415326e-26 0.
1480056380 1 0.00736623955891 0. 5.97709182818e-26 0.
1480056440 1 0.00732032675296 0. 5.93956294906e-26 0.
1480056500 1 0.00738747790456 0. 5.99570636417e-26 0.
1480056560 1 0.00735082151368 0. 5.96700303269e-26 0.
1480056620 1 0.00731473043561 0. 5.9399004246e-26 0.
1480056680 1 0.00731286779046 0. 5.93941457645e-26 0.
1480056740 1 0.00728258816525 0. 5.91508086159e-26 0.
1480056801 1 0.00727006653324 0. 5.90719609195e-26 0.
1480056861 1 0.00731938192621 0. 5.9493509195e-26 0.
1480056921 1 0.00731884688139 0. 5.95042346037e-26 0.
1480056981 1 0.0071561220102 0. 5.81982163471e-26 0.
1480057041 1 0.00715724239126 0. 5.82127340233e-26 0.
1480057101 1 0.00723954197019 0. 5.88762070165e-26 0.
1480057161 1 0.00727252336219 0. 5.91876713651e-26 0.
1480057221 1 0.00728843966499 0. 5.93076476031e-26 0.
1480057282 1 0.00735120009631 0. 5.98479477805e-26 0.
1480057342 1 0.007298739627 0. 5.94311884562e-26 0.
1480057402 1 0.00726429978386 0. 5.91386564712e-26 0.
1480057462 1 0.00715498346835 0. 5.82885124439e-26 0.
1480057522 1 0.0071578216739 0. 5.83179050218e-26 0.
1480057582 1 0.00716189527884 0. 5.83722766851e-26 0.
1480057642 1 0.00713293161243 0. 5.81312656065e-26 0.
1480057702 1 0.00715056946501 0. 5.82945047851e-26 0.
1480057762 1 0.00709606101736 0. 5.78669569587e-26 0.
1480057823 1 0.00727712363005 0. 5.93443145891e-26 0.
1480057883 1 0.00734347384423 0. 5.98954699294e-26 0.
1480057943 1 0.00740078976378 0. 6.03942986106e-26 0.
1480058003 1 0.00746741006151 0. 6.09255259822e-26 0.
1480058063 1 0.00745833804831 0. 6.08702851016e-26 0.
1480058123 1 0.00749061303213 0. 6.11540853507e-26 0.
1480058183 1 0.00750535167754 0. 6.12860147378e-26 0.
1480058243 1 0.00749809714034 0. 6.12438867966e-26 0.
1480058303 1 0.00749554531649 0. 6.12107479987e-26 0.
1480058364 1 0.00748231634498 0. 6.11363163731e-26 0.
1480058424 1 0.00745259597898 0. 6.08983773544e-26 0.
1480058484 1 0.00749763892964 0. 6.13006538192e-26 0.
1480058544 1 0.0075341691263 0. 6.15972380226e-26 0.
1480058604 1 0.00751557108015 0. 6.1460551953e-26 0.
1480058664 1 0.00748532591388 0. 6.12327013327e-26 0.
1480058724 1 0.00744721945375 0. 6.09279512259e-26 0.
1480058784 1 0.00746625801548 0. 6.11140395898e-26 0.
1480058844 1 0.00740558886901 0. 6.06047395533e-26 0.
1480058905 1 0.00732780387625 0. 5.99965468182e-26 0.
1480058965 1 0.00739490287378 0. 6.05560837404e-26 0.
1480059025 1 0.00752927130088 0. 6.16740533256e-26 0.
1480059085 1 0.00750714540482 0. 6.15123464907e-26 0.
1480059145 1 0.00753421103582 0. 6.17316884627e-26 0.
1480059205 1 0.0074597443454 0. 6.11496268067e-26 0.
1480059265 1 0.00744038820267 0. 6.10007679384e-26 0.
1480059326 1 0.0074750110507 0. 6.12809571529e-26 0.
1480059386 1 0.00726393470541 0. 5.95776449877e-26 0.
1480059446 1 0.0072763110511 0. 5.96844123881e-26 0.
1480059506 1 0.0073870383203 0. 6.06107044564e-26 0.
1480059566 1 0.00734798749909 0. 6.0315751408e-26 0.
1480059626 1 0.00734091317281 0. 6.02488499355e-26 0.
1480059686 1 0.00728236045688 0. 5.98019314397e-26 0.
1480059746 1 0.00724997092038 0. 5.95335228891e-26 0.
1480059806 1 0.00730254221708 0. 5.99743552988e-26 0.
1480059867 1 0.00723951822147 0. 5.94888632263e-26 0.
1480059927 1 0.0072953607887 0. 6.01798075159e-26 0.
1480059987 1 0.0072947954759 0. 5.99568450219e-26 0.
1480060047 1 0.00725907692686 0. 5.96893040193e-26 0.
1480060107 1 0.00729594565928 0. 5.99927594243e-26 0.
1480060167 1 0.00732172001153 0. 6.02232386224e-26 0.
1480060227 1 0.00735388323665 0. 6.04971865979e-26 0.
1480060288 1 0.00735705764964 0. 6.05410259669e-26 0.
1480060348 1 0.00734855886549 0. 6.04771494825e-26 0.
1480060408 1 0.00737594906241 0. 6.07109480377e-26 0.
1480060468 1 0.00733233476058 0. 6.03707961324e-26 0.
1480060528 1 0.00729155866429 0. 6.00387443759e-26 0.
1480060588 1 0.00727572664618 0. 5.99368158537e-26 0.
1480060648 1 0.00738743878901 0. 6.08536013722e-26 0.
1480060708 1 0.00738176517189 0. 6.08293636814e-26 0.
1480060768 1 0.0073927808553 0. 6.09224239414e-26 0.
1480060828 1 0.00736051052809 0. 6.06742090727e-26 0.
1480060889 1 0.00735529977828 0. 6.06449422818e-26 0.
1480060949 1 0.00732385646552 0. 6.03826850227e-26 0.
1480061009 1 0.00736444350332 0. 6.07437421625e-26 0.
1480061069 1 0.00739293266088 0. 6.10012570548e-26 0.
1480061129 1 0.00722672324628 0. 5.96292330488e-26 0.
1480061189 1 0.00715692713857 0. 5.90748810514e-26 0.
1480061249 1 0.00720024527982 0. 5.94451060846e-26 0.
1480061309 1 0.00728130387142 0. 6.01199642261e-26 0.
1480061370 1 0.00724918721244 0. 5.98936942565e-26 0.
1480061430 1 0.00722075486556 0. 5.96657470984e-26 0.
1480061490 1 0.00731092086062 0. 6.04053273846e-26 0.
1480061550 1 0.007223947905 0. 5.97041346238e-26 0.
1480061610 1 0.00729516567662 0. 6.03201043696e-26 0.
1480061670 1 0.00734414765611 0. 6.07422216766e-26 0.
1480061730 1 0.00738517986611 0. 6.10884634601e-26 0.
1480061790 1 0.00731223076582 0. 6.05033285183e-26 0.
1480061851 1 0.00731730274856 0. 6.05515893827e-26 0.
1480061911 1 0.00733557483181 0. 6.07146736364e-26 0.
1480061971 1 0.00732065038756 0. 6.06154758323e-26 0.
1480062031 1 0.00735974684358 0. 6.09462738337e-26 0.
1480062091 1 0.00732092559338 0. 6.06101081483e-26 0.
1480062151 1 0.00725118303671 0. 6.00696255728e-26 0.
1480062211 1 0.00680178683251 0. 5.63568233769e-26 0.
1480062271 1 0.00688196672127 0. 5.70367546216e-26 0.
1480062332 1 0.00724924728274 0. 6.00891052382e-26 0.
1480062392 1 0.00726737082005 0. 6.02661336585e-26 0.
1480062452 1 0.00728254579008 0. 6.03962938295e-26 0.
1480062512 1 0.00724025676027 0. 6.00557671501e-26 0.
1480062572 1 0.0072407242842 0. 6.00823178282e-26 0.
1480062632 1 0.0072016264312 0. 5.97627205289e-26 0.
1480062692 1 0.00716155115515 0. 5.94542630896e-26 0.
1480062752 1 0.00717650074512 0. 5.95913024672e-26 0.
1480062812 1 0.00707111693919 0. 5.87245903669e-26 0.
1480062873 1 0.00712318765 0. 5.91588371149e-26 0.
1480062933 1 0.00716318981722 0. 5.95470466757e-26 0.
1480062993 1 0.00714678270742 0. 5.93857358827e-26 0.
1480063053 1 0.00714017916471 0. 5.9346007674e-26 0.
1480063113 1 0.00716317491606 0. 5.95580643554e-26 0.
1480063173 1 0.00717379711568 0. 5.96573140063e-26 0.
1480063233 1 0.0071097179316 0. 5.91232524323e-26 0.
1480063293 1 0.0070688710548 0. 5.88048102485e-26 0.
1480063354 1 0.00734671531245 0. 6.1138546639e-26 0.
1480063414 1 0.0073851402849 0. 6.14703531286e-26 0.
1480063474 1 0.00741398939863 0. 6.17177890659e-26 0.
1480063534 1 0.00732445018366 0. 6.10079198063e-26 0.
1480063594 1 0.00723414355889 0. 6.02508006424e-26 0.
1480063654 1 0.00730273732916 0. 6.08164412723e-26 0.
1480063714 1 0.00732821365818 0. 6.10573333248e-26 0.
1480063774 1 0.00739075569436 0. 6.15905502702e-26 0.
1480063834 1 0.00742479879409 0. 6.19024637546e-26 0.
1480063895 1 0.0074223424308 0. 6.18741351174e-26 0.
1480063955 1 0.00734029570594 0. 6.12162817601e-26 0.
1480064015 1 0.00728949112818 0. 6.07937110397e-26 0.
1480064075 1 0.00728364754468 0. 6.07651030381e-26 0.
1480064135 1 0.00728543056175 0. 6.07897395857e-26 0.
1480064195 1 0.00729228369892 0. 6.08706004922e-26 0.
1480064255 1 0.00725696887821 0. 6.05714777046e-26 0.
1480064316 1 0.00721850758418 0. 6.02724579975e-26 0.
1480064376 1 0.00726014235988 0. 6.06296520489e-26 0.
1480064436 1 0.00712021626532 0. 5.94708010739e-26 0.
1480064496 1 0.00718643004075 0. 6.00356903836e-26 0.
1480064556 1 0.0071545438841 0. 5.9779856777e-26 0.
1480064616 1 0.00718025257811 0. 6.00247033166e-26 0.
1480064676 1 0.00711141666397 0. 5.94665057019e-26 0.
1480064736 1 0.00722987903282 0. 6.04757852282e-26 0.
1480064796 1 0.00711912009865 0. 5.95509549697e-26 0.
1480064857 1 0.00703818211332 0. 5.88853294801e-26 0.
1480064917 1 0.00708453124389 0. 5.92932264864e-26 0.
1480064977 1 0.00700711458921 0. 5.86539446401e-26 0.
1480065037 1 0.00731690274552 0. 6.12490383911e-26 0.
1480065097 1 0.00739292474464 0. 6.19022187646e-26 0.
1480065157 1 0.00741728255525 0. 6.21286081532e-26 0.
1480065217 1 0.00743004633114 0. 6.22250008893e-26 0.
1480065277 1 0.00725364731625 0. 6.0778840412e-26 0.
1480065337 1 0.00732575543225 0. 6.13847850735e-26 0.
1480065398 1 0.00728234741837 0. 6.10394023062e-26 0.
1480065458 1 0.0072218766436 0. 6.05535903351e-26 0.
1480065518 1 0.00734552880749 0. 6.1587812196e-26 0.
1480065578 1 0.00730930780992 0. 6.13079537796e-26 0.
1480065638 1 0.00728229572996 0. 6.10999179962e-26 0.
1480065698 1 0.00735694915056 0. 6.17417806492e-26 0.
1480065758 1 0.00726336333901 0. 6.09689541497e-26 0.
1480065818 1 0.00732559291646 0. 6.15178882402e-26 0.
1480065879 1 0.00735208764672 0. 6.17364161227e-26 0.
1480065939 1 0.00728692719713 0. 6.12087071832e-26 0.
1480065999 1 0.0074565904215 0. 6.26486778855e-26 0.
1480066059 1 0.00752633856609 0. 6.32295401266e-26 0.
1480066119 1 0.00749670295045 0. 6.30172621134e-26 0.
1480066179 1 0.00749639188871 0. 6.30179567178e-26 0.
1480066239 1 0.0074824038893 0. 6.29079756213e-26 0.
1480066299 1 0.00750067131594 0. 6.3072322634e-26 0.
1480066360 1 0.00730892643332 0. 6.14783668374e-26 0.
1480066420 1 0.00745930476114 0. 6.27608332156e-26 0.
1480066480 1 0.00740316929296 0. 6.23135857107e-26 0.
1480066540 1 0.00736405001953 0. 6.19851119913e-26 0.
1480066600 1 0.00748642347753 0. 6.30329640179e-26 0.
1480066660 1 0.00740732019767 0. 6.23955672683e-26 0.
1480066720 1 0.00743772322312 0. 6.26332728161e-26 0.
1480066780 1 0.00739806052297 0. 6.23287235588e-26 0.
1480066841 1 0.00730418972671 0. 6.15439135885e-26 0.
1480066900 1 0.00734733464196 0. 6.19354751532e-26 0.
1480066945 1 0.00736547261477 0. 6.21087510342e-26 0.
1480066991 1 0.00730850361288 0. 6.16355630467e-26 0.
1480067051 1 0.00725037837401 0. 6.11531120514e-26 0.
1480067111 1 0.00724217761308 0. 6.10837049518e-26 0.
1480067171 1 0.00723966164514 0. 6.10858873509e-26 0.
1480067232 1 0.00721767358482 0. 6.09176133324e-26 0.
1480067292 1 0.00724868709221 0. 6.11747232153e-26 0.
1480067352 1 0.00720237381756 0. 6.08101540503e-26 0.
1480067412 1 0.00724336691201 0. 6.11721412374e-26 0.
1480067472 1 0.00725945644081 0. 6.13146452802e-26 0.
1480067532 1 0.00719578983262 0. 6.07897406944e-26 0.
1480067592 1 0.00717098591849 0. 6.06089318962e-26 0.
1480067652 1 0.00733352312818 0. 6.19902904618e-26 0.
1480067713 1 0.00737951882184 0. 6.2378686758e-26 0.
1480067773 1 0.00734590552747 0. 6.211243615e-26 0.
1480067833 1 0.00735747721046 0. 6.2236156707e-26 0.
1480067893 1 0.00737597979605 0. 6.24037035395e-26 0.
1480067953 1 0.00719500472769 0. 6.088147319e-26 0.
1480068013 1 0.00714929075912 0. 6.05017360505e-26 0.
1480068073 1 0.00718643562868 0. 6.08409409164e-26 0.
1480068134 1 0.00718451151624 0. 6.08486067393e-26 0.
1480068194 1 0.00721788499504 0. 6.11299059291e-26 0.
1480068254 1 0.00723796756938 0. 6.13130798085e-26 0.
1480068314 1 0.00732608279213 0. 6.20707044504e-26 0.
1480068374 1 0.00731565663591 0. 6.20136264988e-26 0.
1480068434 1 0.00727772526443 0. 6.16991756909e-26 0.
1480068494 1 0.00716857705265 0. 6.07959317114e-26 0.
1480068554 1 0.00716204196215 0. 6.07492186831e-26 0.
1480068614 1 0.00717747583985 0. 6.08759636871e-26 0.
1480068675 1 0.00720775825903 0. 6.11582297727e-26 0.
1480068735 1 0.00713482592255 0. 6.05538232789e-26 0.
1480068795 1 0.00711317779496 0. 6.03829741702e-26 0.
1480068855 1 0.00718029821292 0. 6.09535478363e-26 0.
1480068915 1 0.00722345523536 0. 6.13448231605e-26 0.
1480068975 1 0.00724952155724 0. 6.15644866089e-26 0.
1480069035 1 0.0072529008612 0. 6.161707726e-26 0.
1480069095 1 0.00724988989532 0. 6.16047058356e-26 0.
1480069155 1 0.00727678369731 0. 6.18543317533e-26 0.
1480069216 1 0.007286678534 0. 6.19469481285e-26 0.
1480069276 1 0.00722179934382 0. 6.14129298747e-26 0.
1480069336 1 0.00732110859826 0. 6.22700962723e-26 0.
1480069396 1 0.00721193384379 0. 6.13539800196e-26 0.
1480069456 1 0.00725496839732 0. 6.17415681688e-26 0.
1480069516 1 0.00729713030159 0. 6.2105138484e-26 0.
1480069576 1 0.00729830469936 0. 6.21423187619e-26 0.
1480069637 1 0.00723517872393 0. 6.16091092201e-26 0.
1480069697 1 0.00715506868437 0. 6.09338568245e-26 0.
1480069757 1 0.00725546432659 0. 6.18134326797e-26 0.
1480069817 1 0.00729831075296 0. 6.21865866339e-26 0.
1480069877 1 0.00730174640194 0. 6.22303343622e-26 0.
1480069937 1 0.00738206598908 0. 6.29232369321e-26 0.
1480069997 1 0.00733189377934 0. 6.25140246355e-26 0.
1480070032 1 0.0010911016725 0. 5.00830956458e-25 0.
1480070067 1 -1.53524933921e-06 0. 0.0 0.
1480070128 0 0.0 0. 0.0 0.
1480070188 0 0.0 0. 0.0 0.
1480070248 0 0.0 0. 0.0 0.
1480070308 0 0.0 0. 0.0 0.
1480070368 0 0.0 0. 0.0 0.
1480070428 0 0.0 0. 0.0 0.
1480074622 0 0.0 0. 0.0 0.
