1480278297 0 0.0 0. 0.0 0.
1480280343 0 0.0 0. 0.0 0.
1480282389 0 0.0 0. 0.0 0.
1480282449 0 0.0 0. 0.0 0.
1480282507 0 0.0 0. 0.0 0.
1480282565 0 0.0 0. 0.0 0.
1480282625 0 0.0 0. 0.0 0.
1480282685 0 0.0 0. 0.0 0.
1480282745 0 0.0 0. 0.0 0.
1480282805 0 0.0 0. 0.0 0.
1480282866 0 0.0 0. 0.0 0.
1480282926 0 0.0 0. 0.0 0.
1480282986 0 0.0 0. 0.0 0.
1480283046 0 0.0 0. 0.0 0.
1480283106 0 0.0 0. 0.0 0.
1480283166 0 0.0 0. 0.0 0.
1480283226 0 0.0 0. 0.0 0.
1480283286 0 0.0 0. 0.0 0.
1480283346 0 0.0 0. 0.0 0.
1480283407 0 0.0 0. 0.0 0.
1480283467 0 0.0 0. 0.0 0.
1480283527 0 0.0 0. 0.0 0.
1480283587 0 0.0 0. 0.0 0.
1480283647 0 0.0 0. 0.0 0.
1480283707 0 0.0 0. 0.0 0.
1480283767 0 0.0 0. 0.0 0.
1480283827 0 0.0 0. 0.0 0.
1480283888 0 0.0 0. 0.0 0.
1480283948 0 0.0 0. 0.0 0.
1480284008 0 0.0 0. 0.0 0.
1480284068 0 0.0 0. 0.0 0.
1480284128 0 0.0 0. 0.0 0.
1480284188 0 0.0 0. 0.0 0.
1480284248 0 0.0 0. 0.0 0.
1480284308 0 0.0 0. 0.0 0.
1480284369 0 0.0 0. 0.0 0.
1480284429 0 0.0 0. 0.0 0.
1480284489 0 0.0 0. 0.0 0.
1480284549 0 0.0 0. 0.0 0.
1480284609 0 0.0 0. 0.0 0.
1480284669 0 0.0 0. 0.0 0.
1480284729 0 0.0 0. 0.0 0.
1480284790 0 0.0 0. 0.0 0.
1480284850 0 0.0 0. 0.0 0.
1480284910 0 0.0 0. 0.0 0.
1480284970 0 0.0 0. 0.0 0.
1480285030 0 0.0 0. 0.0 0.
1480285090 0 0.0 0. 0.0 0.
1480285150 0 0.0 0. 0.0 0.
1480285210 0 0.0 0. 0.0 0.
1480285270 0 0.0 0. 0.0 0.
1480285331 0 0.0 0. 0.0 0.
1480285391 0 0.0 0. 0.0 0.
1480285451 0 0.0 0. 0.0 0.
1480285511 0 0.0 0. 0.0 0.
1480285571 0 0.0 0. 0.0 0.
1480285631 0 0.0 0. 0.0 0.
1480285691 0 0.0 0. 0.0 0.
1480285751 0 0.0 0. 0.0 0.
1480285812 0 0.0 0. 0.0 0.
1480285872 0 0.0 0. 0.0 0.
1480285907 0 0.0 0. 0.0 0.
1480285942 0 0.0 0. 0.0 0.
1480286002 0 0.0 0. 0.0 0.
1480286062 0 0.0 0. 0.0 0.
1480286122 0 0.0 0. 0.0 0.
1480286182 0 0.0 0. 0.0 0.
1480286242 0 0.0 0. 0.0 0.
1480286303 0 0.0 0. 0.0 0.
1480286363 0 0.0 0. 0.0 0.
1480286423 0 0.0 0. 0.0 0.
1480286483 0 0.0 0. 0.0 0.
1480286518 0 0.0 0. 0.0 0.
1480286553 0 0.0 0. 0.0 0.
1480286614 0 0.0 0. 0.0 0.
1480286674 0 0.0 0. 0.0 0.
1480286734 0 0.0 0. 0.0 0.
1480286794 0 0.0 0. 0.0 0.
1480286854 0 0.0 0. 0.0 0.
1480286914 0 0.0 0. 0.0 0.
1480286974 0 0.0 0. 0.0 0.
1480287034 0 0.0 0. 0.0 0.
1480287095 0 0.0 0. 0.0 0.
1480287155 0 0.0 0. 0.0 0.
1480287215 0 0.0 0. 0.0 0.
1480287275 0 0.0 0. 0.0 0.
1480287335 0 0.0 0. 0.0 0.
1480287395 0 0.0 0. 0.0 0.
1480287455 0 0.0 0. 0.0 0.
1480287516 0 0.0 0. 0.0 0.
1480287559 0 0.0 0. 0.0 0.
1480287582 0 0.0 0. 0.0 0.
1480287597 0 0.0 0. 0.0 0.
1480287634 0 0.0 0. 0.0 0.
1480287694 0 0.0 0. 0.0 0.
1480287754 0 0.0 0. 0.0 0.
1480287814 0 0.0 0. 0.0 0.
1480287874 0 0.0 0. 0.0 0.
1480287934 0 0.0 0. 0.0 0.
1480287995 0 0.0 0. 0.0 0.
1480288055 0 0.0 0. 0.0 0.
1480288115 0 0.0 0. 0.0 0.
1480288175 0 0.0 0. 0.0 0.
1480288235 0 0.0 0. 0.0 0.
1480288295 0 0.0 0. 0.0 0.
1480288355 0 0.0 0. 0.0 0.
1480288415 0 0.0 0. 0.0 0.
1480288475 0 0.0 0. 0.0 0.
1480288535 0 0.0 0. 0.0 0.
1480288595 0 0.0 0. 0.0 0.
1480288655 0 0.0 0. 0.0 0.
1480288716 0 0.0 0. 0.0 0.
1480288776 0 0.0 0. 0.0 0.
1480288836 1 0.547065794468 0. 3.39678165383e-24 0.
1480288896 1 0.544720411301 0. 3.39442514688e-24 0.
1480288937 1 0.54305523634 0. 3.39227710723e-24 0.
1480288978 1 0.541604936123 0. 3.39145176624e-24 0.
1480289036 1 0.539178431034 0. 3.38739843489e-24 0.
1480289095 1 0.537472248077 0. 3.38810759775e-24 0.
1480289155 1 0.535172820091 0. 3.38540455987e-24 0.
1480289215 1 0.53304797411 0. 3.38278630184e-24 0.
1480289275 1 0.53068113327 0. 3.37895704236e-24 0.
1480289335 1 0.528528809547 0. 3.37638416584e-24 0.
1480289395 1 0.526248574257 0. 3.37309821704e-24 0.
1480289455 1 0.5240188241 0. 3.36964430483e-24 0.
1480289516 1 0.522782027721 0. 3.37236041258e-24 0.
1480289576 1 0.508870244026 0. 3.29270456778e-24 0.
1480289636 1 0.501152157784 0. 3.25285059883e-24 0.
1480289696 1 0.519355893135 0. 3.38148070676e-24 0.
1480289756 1 0.517657697201 0. 3.38094054521e-24 0.
1480289816 1 0.51589846611 0. 3.37993745303e-24 0.
1480289876 1 0.513767361641 0. 3.37661803769e-24 0.
1480289936 1 0.511928260326 0. 3.37493456012e-24 0.
1480289996 1 0.510403394699 0. 3.37526067689e-24 0.
1480290031 1 0.508777141571 0. 3.37067349629e-24 0.
1480290067 1 0.507978081703 0. 3.37141986811e-24 0.
1480290127 1 0.505967319012 0. 3.36836290524e-24 0.
1480290187 1 0.504229485989 0. 3.36725934526e-24 0.
1480290247 1 0.502189338207 0. 3.36372005941e-24 0.
1480290307 1 0.500296056271 0. 3.36132103743e-24 0.
1480290367 1 0.498256623745 0. 3.35794124895e-24 0.
1480290428 1 0.496144145727 0. 3.35412320782e-24 0.
1480290488 1 0.494080632925 0. 3.35067801164e-24 0.
1480290548 1 0.492266446352 0. 3.34896439745e-24 0.
1480290608 1 0.490168809891 0. 3.34498355973e-24 0.
1480290668 1 0.488424777985 0. 3.3431269321e-24 0.
1480290728 1 0.486484110355 0. 3.33984366095e-24 0.
1480290788 1 0.484833657742 0. 3.33866315187e-24 0.
1480290849 1 0.483068972826 0. 3.33632935406e-24 0.
1480290909 1 0.481190234423 0. 3.33334794913e-24 0.
1480290969 1 0.479200929403 0. 3.32931692158e-24 0.
1480291014 1 0.478118598461 0. 3.32921262371e-24 0.
1480291059 1 0.476901113987 0. 3.32801066522e-24 0.
1480291119 1 0.475141644478 0. 3.32534411973e-24 0.
1480291179 1 0.473507285118 0. 3.32366567292e-24 0.
1480291239 1 0.47158202529 0. 3.31977844606e-24 0.
1480291299 1 0.47001105547 0. 3.33172639713e-24 0.
1480291360 1 0.468213886023 0. 3.31502945191e-24 0.
1480291420 1 0.466604560614 0. 3.31341402511e-24 0.
1480291480 1 0.465323209763 0. 3.31403353564e-24 0.
1480291540 1 0.463521838188 0. 3.31111087566e-24 0.
1480291600 1 0.462018877268 0. 3.31044404882e-24 0.
1480291660 1 0.460451811552 0. 3.30935443321e-24 0.
1480291720 1 0.458976626396 0. 3.3084999559e-24 0.
1480291781 1 0.457499980927 0. 3.30750996308e-24 0.
1480291841 1 0.456003576517 0. 3.30638104728e-24 0.
1480291901 1 0.454569905996 0. 3.3058351339e-24 0.
1480291939 1 0.453355818987 0. 3.30319850838e-24 0.
1480291978 1 0.45238673687 0. 3.30229778451e-24 0.
1480292038 1 0.451317608356 0. 3.30416617656e-24 0.
1480292098 1 0.449839800596 0. 3.30293891524e-24 0.
1480292158 1 0.44842249155 0. 3.30212175113e-24 0.
1480292218 1 0.447269201279 0. 3.30313364153e-24 0.
1480292279 1 0.445722788572 0. 3.30125368756e-24 0.
1480292339 1 0.444459825754 0. 3.30162067909e-24 0.
1480292399 1 0.443192511797 0. 3.30189521443e-24 0.
1480292459 1 0.441939979792 0. 3.30217310364e-24 0.
1480292519 1 0.440596431494 0. 3.30156200126e-24 0.
1480292579 1 0.439539015293 0. 3.30302468343e-24 0.
1480292639 1 0.438348293304 0. 3.30366797756e-24 0.
1480292699 1 0.436753183603 0. 3.30128887361e-24 0.
1480292759 1 0.43544024229 0. 3.30080964071e-24 0.
1480292820 1 0.434286177158 0. 3.30144734403e-24 0.
1480292880 1 0.433021992445 0. 3.30147819032e-24 0.
1480292940 1 0.431685388088 0. 3.30088804281e-24 0.
1480292989 1 0.430512756109 0. 3.29962329969e-24 0.
1480293037 1 0.42942610383 0. 3.29894946402e-24 0.
1480293098 1 0.427862823009 0. 3.29632140577e-24 0.
1480293158 1 0.426643103361 0. 3.29643144262e-24 0.
1480293218 1 0.425474822521 0. 3.29669998154e-24 0.
1480293278 1 0.424181193113 0. 3.29615560782e-24 0.
1480293338 1 0.422823250294 0. 3.29527431164e-24 0.
1480293398 1 0.421504914761 0. 3.29445590477e-24 0.
1480293458 1 0.420171171427 0. 3.29318842224e-24 0.
1480293519 1 0.418825238943 0. 3.29162509195e-24 0.
1480293579 1 0.417440116405 0. 3.28993872953e-24 0.
1480293639 1 0.416242092848 0. 3.28991325629e-24 0.
1480293699 1 0.414790034294 0. 3.2876534371e-24 0.
1480293759 1 0.413575351238 0. 3.28721648152e-24 0.
1480293819 1 0.41221678257 0. 3.28566224508e-24 0.
1480293879 1 0.410958379507 0. 3.28481269137e-24 0.
1480293939 1 0.409564524889 0. 3.28294830922e-24 0.
1480294000 1 0.408370435238 0. 3.28315938292e-24 0.
1480294060 1 0.407275140285 0. 3.28384220255e-24 0.
1480294120 1 0.40596178174 0. 3.28244456837e-24 0.
1480294180 1 0.404564619064 0. 3.2801372888e-24 0.
1480294240 1 0.402844667435 0. 3.27525822987e-24 0.
1480294300 1 0.389872312546 0. 3.17861208379e-24 0.
1480294360 1 0.392421066761 0. 3.20834946592e-24 0.
1480294420 1 0.399274975061 0. 3.27350235709e-24 0.
1480294480 1 0.397801220417 0. 3.27068799085e-24 0.
1480294541 1 0.396532744169 0. 3.26953273512e-24 0.
1480294601 1 0.395076036453 0. 3.26698712359e-24 0.
1480294661 1 0.393679231405 0. 3.26442855826e-24 0.
1480294721 1 0.392408788204 0. 3.26291807128e-24 0.
1480294781 1 0.390934735537 0. 3.25967983333e-24 0.
1480294841 1 0.389672219753 0. 3.25871564076e-24 0.
1480294901 1 0.388623356819 0. 3.25899465203e-24 0.
1480294962 1 0.387619137764 0. 3.2595029831e-24 0.
1480295014 1 0.386440217495 0. 3.25724921175e-24 0.
1480295066 1 0.385190069675 0. 3.25476233006e-24 0.
1480295127 1 0.384061098099 0. 3.25415484685e-24 0.
1480295187 1 0.382658302784 0. 3.25142884882e-24 0.
1480295247 1 0.38170388341 0. 3.25228185641e-24 0.
1480295307 1 0.380379915237 0. 3.24986082428e-24 0.
1480295367 1 0.37913942337 0. 3.24837073026e-24 0.
1480295427 1 0.377974927425 0. 3.2473555113e-24 0.
1480295487 1 0.376865327358 0. 3.24687193738e-24 0.
1480295548 1 0.375802129507 0. 3.24685356736e-24 0.
1480295608 1 0.374662429094 0. 3.24586508063e-24 0.
1480295668 1 0.373683780432 0. 3.24657489678e-24 0.
1480295728 1 0.372592180967 0. 3.24641459401e-24 0.
1480295788 1 0.371436327696 0. 3.24520378231e-24 0.
1480295848 1 0.370279192924 0. 3.24397599065e-24 0.
1480295908 1 0.369425624609 0. 3.24551274078e-24 0.
1480295968 1 0.368413925171 0. 3.2456117838e-24 0.
1480296029 1 0.367290854454 0. 3.24460500469e-24 0.
1480296089 1 0.366019785404 0. 3.2422126672e-24 0.
1480296149 1 0.365214496851 0. 3.24404711729e-24 0.
1480296209 1 0.36428835988 0. 3.2446024608e-24 0.
1480296269 1 0.363259792328 0. 3.24407046045e-24 0.
1480296329 1 0.362202376127 0. 3.24346702258e-24 0.
1480296389 1 0.361314833164 0. 3.24404023966e-24 0.
1480296450 1 0.360304445028 0. 3.24360356962e-24 0.
1480296510 1 0.359211683273 0. 3.24245867067e-24 0.
1480296570 1 0.358420163393 0. 3.2440531732e-24 0.
1480296630 1 0.357417374849 0. 3.24380492903e-24 0.
1480296690 1 0.356599777937 0. 3.24529026022e-24 0.
1480296750 1 0.355654448271 0. 3.24546792826e-24 0.
1480296810 1 0.354558080435 0. 3.24433087433e-24 0.
1480296871 1 0.353749930859 0. 3.24590444153e-24 0.
1480296931 1 0.352735161781 0. 3.24555949083e-24 0.
1480296991 1 0.351892203093 0. 3.24659205651e-24 0.
1480297051 1 0.350928097963 0. 3.24621667179e-24 0.
1480297111 1 0.349945813417 0. 3.24595746592e-24 0.
1480297171 1 0.348820269108 0. 3.2447223396e-24 0.
1480297231 1 0.347851842642 0. 3.24486670403e-24 0.
1480297291 1 0.346812486649 0. 3.24417888667e-24 0.
1480297352 1 0.34589600563 0. 3.24436761699e-24 0.
1480297412 1 0.34484064579 0. 3.24358706122e-24 0.
1480297472 1 0.343917250633 0. 3.24366269266e-24 0.
1480297532 1 0.342913269997 0. 3.24291610149e-24 0.
1480297592 1 0.341970533133 0. 3.24265287771e-24 0.
1480297652 1 0.340949863195 0. 3.24163405745e-24 0.
1480297712 1 0.339926838875 0. 3.24050101832e-24 0.
1480297772 1 0.339194983244 0. 3.24225878255e-24 0.
1480297833 1 0.338119119406 0. 3.24072027853e-24 0.
1480297893 1 0.337212949991 0. 3.24076514272e-24 0.
1480297953 1 0.336274206638 0. 3.24072893782e-24 0.
1480298013 1 0.335255503654 0. 3.23947255959e-24 0.
1480298069 1 0.334445148706 0. 3.24003401651e-24 0.
1480298125 1 0.333569407463 0. 3.2397834933e-24 0.
1480298185 1 0.332607448101 0. 3.23903944367e-24 0.
1480298245 1 0.331632584333 0. 3.2384339474e-24 0.
1480298305 1 0.33078879118 0. 3.2390080767e-24 0.
1480298365 1 0.32975307107 0. 3.23749145009e-24 0.
1480298426 1 0.328840494156 0. 3.2373601109e-24 0.
1480298486 1 0.327769428492 0. 3.23534540753e-24 0.
1480298546 1 0.326657146215 0. 3.23294969083e-24 0.
1480298606 1 0.325663030148 0. 3.23177924742e-24 0.
1480298666 1 0.324588000774 0. 3.23018651522e-24 0.
1480298726 1 0.323643177748 0. 3.22978890428e-24 0.
1480298786 1 0.322769105434 0. 3.22954167653e-24 0.
1480298847 1 0.321606010199 0. 3.22630223667e-24 0.
1480298907 1 0.320762276649 0. 3.22656850755e-24 0.
1480298967 1 0.319609045982 0. 3.22318124914e-24 0.
1480299027 1 0.318929463625 0. 3.22501462696e-24 0.
1480299087 1 0.317889511585 0. 3.22292756331e-24 0.
1480299147 1 0.316890478134 0. 3.22161140719e-24 0.
1480299207 1 0.315855175257 0. 3.21998794068e-24 0.
1480299267 1 0.315061926842 0. 3.22022257563e-24 0.
1480299328 1 0.314276397228 0. 3.22074719703e-24 0.
1480299388 1 0.313331782818 0. 3.21976582958e-24 0.
1480299448 1 0.312517851591 0. 3.2198557288e-24 0.
1480299508 1 0.311568915844 0. 3.21872867686e-24 0.
1480299568 1 0.310786187649 0. 3.2190368825e-24 0.
1480299628 1 0.309939265251 0. 3.21888705779e-24 0.
1480299688 1 0.309005975723 0. 3.21759507655e-24 0.
1480299748 1 0.308164954185 0. 3.2175107679e-24 0.
1480299809 1 0.307360261679 0. 3.21752683813e-24 0.
1480299869 1 0.306375682354 0. 3.21588652577e-24 0.
1480299929 1 0.305681288242 0. 3.21710573852e-24 0.
1480299989 1 0.304749488831 0. 3.2158894501e-24 0.
1480300049 1 0.303893923759 0. 3.21539835151e-24 0.
1480300109 1 0.303230881691 0. 3.21680228497e-24 0.
1480300169 1 0.302398055792 0. 3.21668418896e-24 0.
1480300229 1 0.301680982113 0. 3.2173709633e-24 0.
1480300290 1 0.301049619913 0. 3.21914913941e-24 0.
1480300350 1 0.300294578075 0. 3.21948827121e-24 0.
1480300410 1 0.299562782049 0. 3.22009825295e-24 0.
1480300470 1 0.298787623644 0. 3.22020946721e-24 0.
1480300530 1 0.298114389181 0. 3.22157674982e-24 0.
1480300590 1 0.297417253256 0. 3.22258020786e-24 0.
1480300650 1 0.296666383743 0. 3.22291688057e-24 0.
1480300711 1 0.295978695154 0. 3.22406453397e-24 0.
1480300771 1 0.295331180096 0. 3.22688125969e-24 0.
1480300831 1 0.294583052397 0. 3.22575549347e-24 0.
1480300891 1 0.293773204088 0. 3.22565940089e-24 0.
1480300951 1 0.29295822978 0. 3.2254907415e-24 0.
1480301011 1 0.29217672348 0. 3.22537593988e-24 0.
1480301071 1 0.29159963131 0. 3.22779302792e-24 0.
1480301131 1 0.290946006775 0. 3.22906266259e-24 0.
1480301192 1 0.29002559185 0. 3.227165963e-24 0.
1480301252 1 0.289274245501 0. 3.22738092794e-24 0.
1480301312 1 0.28867188096 0. 3.22900287939e-24 0.
1480301372 1 0.287852466106 0. 3.22830004579e-24 0.
1480301432 1 0.287096142769 0. 3.22870898673e-24 0.
1480301480 1 0.286375194788 0. 3.22735931778e-24 0.
1480301527 1 0.285846412182 0. 3.2278531889e-24 0.
1480301562 1 0.285448491573 0. 3.22829666228e-24 0.
1480301578 1 0.285353660583 0. 3.22949134652e-24 0.
1480301605 1 0.284692615271 0. 3.22577817743e-24 0.
1480301650 1 0.284313678741 0. 3.22825917714e-24 0.
1480301702 1 0.283642143011 0. 3.22792909763e-24 0.
1480301754 1 0.282982468605 0. 3.22769295853e-24 0.
1480301815 1 0.282234698534 0. 3.22765004863e-24 0.
1480301875 1 0.281546354294 0. 3.22855708203e-24 0.
1480301935 1 0.280819505453 0. 3.22917810915e-24 0.
1480301995 1 0.279942363501 0. 3.22840202003e-24 0.
1480302055 1 0.27926248312 0. 3.22953499492e-24 0.
1480302115 1 0.278406351805 0. 3.22862175559e-24 0.
1480302176 1 0.277599722147 0. 3.22819130263e-24 0.
1480302236 1 0.276763170958 0. 3.22782166097e-24 0.
1480302296 1 0.275990664959 0. 3.22804738155e-24 0.
1480302356 1 0.275265693665 0. 3.22886161756e-24 0.
1480302416 1 0.274433761835 0. 3.22825160869e-24 0.
1480302476 1 0.273488581181 0. 3.2269312067e-24 0.
1480302536 1 0.272769361734 0. 3.22860272839e-24 0.
1480302597 1 0.272056043148 0. 3.23008989396e-24 0.
1480302657 1 0.271158903837 0. 3.23049450592e-24 0.
1480302717 1 0.27035677433 0. 3.23194853035e-24 0.
1480302777 1 0.26974979043 0. 3.23576066406e-24 0.
1480302837 1 0.268917918205 0. 3.23764399652e-24 0.
1480302897 1 0.268142908812 0. 3.24132289569e-24 0.
1480302957 1 0.267342299223 0. 3.24482898612e-24 0.
1480303018 1 0.266835987568 0. 3.25307394936e-24 0.
1480303078 1 0.266045361757 0. 3.25810468224e-24 0.
1480303138 1 0.265277355909 0. 3.26536432746e-24 0.
1480303198 1 0.264551222324 0. 3.27541368727e-24 0.
1480303258 1 0.263825833797 0. 3.28652340713e-24 0.
1480303318 1 0.263239860535 0. 3.30120696907e-24 0.
1480303378 1 0.262376695871 0. 3.31554794912e-24 0.
1480303438 1 0.261764973402 0. 3.33531969335e-24 0.
1480303498 1 0.261114537716 0. 3.3585705981e-24 0.
1480303559 1 0.260399699211 0. 3.38596172109e-24 0.
1480303619 1 0.259680509567 0. 3.4193516234e-24 0.
1480303679 1 0.258998662233 0. 3.45666145751e-24 0.
1480303739 1 0.258286416531 0. 3.50842267461e-24 0.
1480303799 1 0.257635235786 0. 3.69558998116e-24 0.
1480303859 1 0.257038444281 0. 3.48757532735e-24 0.
1480303919 1 0.256414175034 0. 3.58241112392e-24 0.
1480303979 1 0.255731642246 0. 4.30440181847e-24 0.
1480304040 1 0.255082458258 0. 3.52375236997e-24 0.
1480304100 1 0.254325896502 0. 3.57903842311e-24 0.
1480304160 1 0.253834813833 0. 3.6546795449e-24 0.
1480304220 1 0.253307163715 0. 3.79514390441e-24 0.
1480304280 1 0.252632498741 0. 5.06799982226e-24 0.
1480304340 1 0.251987248659 0. 3.80498994003e-24 0.
1480304400 1 0.251312941313 0. 3.916212359e-24 0.
1480304460 1 0.250769555569 0. 4.07914042016e-24 0.
1480304521 1 0.250112175941 0. 9.39200767163e-24 0.
1480304581 1 0.249677330256 0. 5.07119149562e-24 0.
1480304641 1 0.248942226171 0. 1.09021962743e-23 0.
1480304701 1 0.248347684741 0. 4.16302034724e-24 0.
1480304761 1 0.247837230563 0. 4.27077210355e-24 0.
1480304821 1 0.247334644198 0. 9.59052564847e-24 0.
1480304881 1 0.246559098363 0. 4.39230660775e-24 0.
1480304942 1 0.245991781354 0. 9.34118268223e-24 0.
1480305002 1 0.24538038671 0. 4.39324235037e-24 0.
1480305062 1 0.239143118262 0. 7.57402056623e-24 0.
1480305122 1 0.237610638142 0. 4.50542842687e-24 0.
1480305182 1 0.243315905333 0. 5.88873705171e-24 0.
1480305219 1 0.242870718241 0. 5.21725119588e-24 0.
1480305257 1 0.242650359869 0. 4.44450266045e-24 0.
1480305317 1 0.241980969906 0. 5.75499743203e-24 0.
1480305377 1 0.241284757853 0. 9.13222880261e-24 0.
1480305437 1 0.240642368793 0. 5.02350078815e-24 0.
1480305498 1 0.240061208606 0. 6.21446530202e-24 0.
1480305558 1 0.23941834271 0. 4.50519954552e-24 0.
1480305618 1 0.238786101341 0. 1.12045854178e-23 0.
1480305678 1 0.238135829568 0. 4.6931861062e-24 0.
1480305738 1 0.237731784582 0. 8.88146301211e-24 0.
1480305798 1 0.23707677424 0. 1.1261286617e-23 0.
1480305858 1 0.236341938376 0. 5.26146382935e-24 0.
1480305918 1 0.235815271735 0. 6.36468080773e-24 0.
1480305979 1 0.235238492489 0. 1.02372020289e-23 0.
1480306039 1 0.234670311213 0. 5.99922932237e-24 0.
1480306099 1 0.233960717916 0. 7.56432022543e-24 0.
1480306159 1 0.233410537243 0. 6.86173731904e-24 0.
1480306219 1 0.232705935836 0. 1.14759155392e-23 0.
1480306279 1 0.23199865222 0. 7.21157875954e-24 0.
1480306339 1 0.231330260634 0. 7.63738526324e-24 0.
1480306399 1 0.230741262436 0. 9.68563050782e-24 0.
1480306459 1 0.230051204562 0. 6.13702407777e-24 0.
1480306520 1 0.229403451085 0. 1.47099682213e-23 0.
1480306580 1 0.228866294026 0. 4.87395437269e-24 0.
1480306640 1 0.228154122829 0. 1.69460897265e-23 0.
1480306700 1 0.22752559185 0. 6.86925241317e-24 0.
1480306760 1 0.226983591914 0. 5.68028847201e-24 0.
1480306820 1 0.2263520509 0. 6.54300846419e-24 0.
1480306880 1 0.225525021553 0. 1.19375649159e-23 0.
1480306941 1 0.22502925992 0. 5.41849768074e-24 0.
1480307001 1 0.224451169372 0. 1.37228215147e-23 0.
1480307061 1 0.223819449544 0. 5.38404099372e-24 0.
1480307121 1 0.223250702024 0. 4.44363496842e-24 0.
1480307181 1 0.222613826394 0. 5.88211772434e-24 0.
1480307241 1 0.221900433302 0. 2.14701644692e-23 0.
1480307301 1 0.221337258816 0. 8.73003127392e-24 0.
1480307361 1 0.220594570041 0. 5.4344744724e-24 0.
1480307422 1 0.220264926553 0. 6.50770868106e-24 0.
1480307482 1 0.219539776444 0. 7.986348836e-24 0.
1480307542 1 0.219008013606 0. 5.18096211714e-24 0.
1480307602 1 0.218475714326 0. 1.35971170049e-23 0.
1480307662 1 0.218033909798 0. 1.11771868824e-23 0.
1480307722 1 0.217370599508 0. 5.49008841578e-24 0.
1480307760 1 0.217007279396 0. 6.37351774054e-24 0.
1480307774 1 0.204221367836 0. 5.6397046447e-24 0.
1480307812 1 -2.29834245147e-06 0. 0.0 0.
1480307853 0 0.0 0. 0.0 0.
1480307894 0 0.0 0. 0.0 0.
1480307954 0 0.0 0. 0.0 0.
1480308014 0 0.0 0. 0.0 0.
1480308074 0 0.0 0. 0.0 0.
1480308134 0 0.0 0. 0.0 0.
1480308194 0 0.0 0. 0.0 0.
