1480355191 0 0.0 0. 0.0 0.
1480355251 0 0.0 0. 0.0 0.
1480355311 0 0.0 0. 0.0 0.
1480355353 0 0.0 0. 0.0 0.
1480355394 0 0.0 0. 0.0 0.
1480355455 0 0.0 0. 0.0 0.
1480355515 0 0.0 0. 0.0 0.
1480355575 0 0.0 0. 0.0 0.
1480355635 0 0.0 0. 0.0 0.
1480355695 0 0.0 0. 0.0 0.
1480355755 0 0.0 0. 0.0 0.
1480355815 0 0.0 0. 0.0 0.
1480355875 0 0.0 0. 0.0 0.
1480355936 0 0.0 0. 0.0 0.
1480355996 0 0.0 0. 0.0 0.
1480356056 0 0.0 0. 0.0 0.
1480356116 0 0.0 0. 0.0 0.
1480356176 0 0.0 0. 0.0 0.
1480356236 0 0.0 0. 0.0 0.
1480356296 0 0.0 0. 0.0 0.
1480356357 0 0.0 0. 0.0 0.
1480356417 0 0.0 0. 0.0 0.
1480356477 0 0.0 0. 0.0 0.
1480356537 0 0.0 0. 0.0 0.
1480356597 0 0.0 0. 0.0 0.
1480356657 0 0.0 0. 0.0 0.
1480356717 0 0.0 0. 0.0 0.
1480356778 0 0.0 0. 0.0 0.
1480356838 0 0.0 0. 0.0 0.
1480356898 0 0.0 0. 0.0 0.
1480356958 0 0.0 0. 0.0 0.
1480357018 0 0.0 0. 0.0 0.
1480357078 0 0.0 0. 0.0 0.
1480357138 0 0.0 0. 0.0 0.
1480357198 0 0.0 0. 0.0 0.
1480357259 0 0.0 0. 0.0 0.
1480357319 0 0.0 0. 0.0 0.
1480357379 0 0.0 0. 0.0 0.
1480357439 0 0.0 0. 0.0 0.
1480357499 0 0.0 0. 0.0 0.
1480357559 0 0.0 0. 0.0 0.
1480357619 0 0.0 0. 0.0 0.
1480357679 0 0.0 0. 0.0 0.
1480357739 0 0.0 0. 0.0 0.
1480357800 0 0.0 0. 0.0 0.
1480357860 0 0.0 0. 0.0 0.
1480357920 0 0.0 0. 0.0 0.
1480357980 0 0.0 0. 0.0 0.
1480358040 0 0.0 0. 0.0 0.
1480358100 0 0.0 0. 0.0 0.
1480358160 0 0.0 0. 0.0 0.
1480358220 0 0.0 0. 0.0 0.
1480358281 0 0.0 0. 0.0 0.
1480358341 0 0.0 0. 0.0 0.
1480358401 0 0.0 0. 0.0 0.
1480358461 0 0.0 0. 0.0 0.
1480358521 0 0.0 0. 0.0 0.
1480358581 0 0.0 0. 0.0 0.
1480358641 0 0.0 0. 0.0 0.
1480358701 0 0.0 0. 0.0 0.
1480358762 0 0.0 0. 0.0 0.
1480358822 0 0.0 0. 0.0 0.
1480358882 0 0.0 0. 0.0 0.
1480358942 0 0.0 0. 0.0 0.
1480359002 0 0.0 0. 0.0 0.
1480359062 0 0.0 0. 0.0 0.
1480359122 0 0.0 0. 0.0 0.
1480359182 0 0.0 0. 0.0 0.
1480359243 0 0.0 0. 0.0 0.
1480359303 0 0.0 0. 0.0 0.
1480359363 0 0.0 0. 0.0 0.
1480359423 0 0.0 0. 0.0 0.
1480359483 0 0.0 0. 0.0 0.
1480359543 0 0.0 0. 0.0 0.
1480359603 0 0.0 0. 0.0 0.
1480359663 0 0.0 0. 0.0 0.
1480359724 0 0.0 0. 0.0 0.
1480359784 0 0.0 0. 0.0 0.
1480359844 0 0.0 0. 0.0 0.
1480359904 0 0.0 0. 0.0 0.
1480359964 0 0.0 0. 0.0 0.
1480360024 0 0.0 0. 0.0 0.
1480360084 0 0.0 0. 0.0 0.
1480360144 0 0.0 0. 0.0 0.
1480360205 0 0.0 0. 0.0 0.
1480360265 0 0.0 0. 0.0 0.
1480360325 0 0.0 0. 0.0 0.
1480360385 0 0.0 0. 0.0 0.
1480360445 0 0.0 0. 0.0 0.
1480360505 0 0.0 0. 0.0 0.
1480360565 0 0.0 0. 0.0 0.
1480360626 0 0.0 0. 0.0 0.
1480360686 0 0.0 0. 0.0 0.
1480360746 0 0.0 0. 0.0 0.
1480360806 0 0.0 0. 0.0 0.
1480360866 0 0.0 0. 0.0 0.
1480360926 0 0.0 0. 0.0 0.
1480360986 0 0.0 0. 0.0 0.
1480361046 0 0.0 0. 0.0 0.
1480361107 0 0.0 0. 0.0 0.
1480361167 0 0.0 0. 0.0 0.
1480361227 0 0.0 0. 0.0 0.
1480361287 0 0.0 0. 0.0 0.
1480361347 0 0.0 0. 0.0 0.
1480361407 0 0.0 0. 0.0 0.
1480361467 0 0.0 0. 0.0 0.
1480361528 0 0.0 0. 0.0 0.
1480361588 0 0.0 0. 0.0 0.
1480361648 0 0.0 0. 0.0 0.
1480361708 0 0.0 0. 0.0 0.
1480361768 0 0.0 0. 0.0 0.
1480361828 0 0.0 0. 0.0 0.
1480361888 0 0.0 0. 0.0 0.
1480361948 0 0.0 0. 0.0 0.
1480362009 0 0.0 0. 0.0 0.
1480362069 0 0.0 0. 0.0 0.
1480362129 0 0.0 0. 0.0 0.
1480362189 0 0.0 0. 0.0 0.
1480362249 0 0.0 0. 0.0 0.
1480362309 0 0.0 0. 0.0 0.
1480362369 0 0.0 0. 0.0 0.
1480362429 0 0.0 0. 0.0 0.
1480362489 0 0.0 0. 0.0 0.
1480362550 0 0.0 0. 0.0 0.
1480362610 0 0.0 0. 0.0 0.
1480362670 0 0.0 0. 0.0 0.
1480362730 0 0.0 0. 0.0 0.
1480362790 0 0.0 0. 0.0 0.
1480362850 0 0.0 0. 0.0 0.
1480362910 0 0.0 0. 0.0 0.
1480362970 0 0.0 0. 0.0 0.
1480363031 0 0.0 0. 0.0 0.
1480363091 0 0.0 0. 0.0 0.
1480363151 0 0.0 0. 0.0 0.
1480363211 0 0.0 0. 0.0 0.
1480363271 0 0.0 0. 0.0 0.
1480363331 0 0.0 0. 0.0 0.
1480363391 0 0.0 0. 0.0 0.
1480363451 0 0.0 0. 0.0 0.
1480363511 0 0.0 0. 0.0 0.
1480363572 0 0.0 0. 0.0 0.
1480363632 0 0.0 0. 0.0 0.
1480363692 0 0.0 0. 0.0 0.
1480363752 0 0.0 0. 0.0 0.
1480363812 0 0.0 0. 0.0 0.
1480363872 0 0.0 0. 0.0 0.
1480363932 0 0.0 0. 0.0 0.
1480363992 0 0.0 0. 0.0 0.
1480364053 0 0.0 0. 0.0 0.
1480364113 0 0.0 0. 0.0 0.
1480364173 0 0.0 0. 0.0 0.
1480364233 0 0.0 0. 0.0 0.
1480364293 0 0.0 0. 0.0 0.
1480364353 0 0.0 0. 0.0 0.
1480364413 0 0.0 0. 0.0 0.
1480364474 0 0.0 0. 0.0 0.
1480364534 0 0.0 0. 0.0 0.
1480364594 0 0.0 0. 0.0 0.
1480364654 0 0.0 0. 0.0 0.
1480364714 0 0.0 0. 0.0 0.
1480364774 0 0.0 0. 0.0 0.
1480364834 0 0.0 0. 0.0 0.
1480364895 0 0.0 0. 0.0 0.
1480364955 0 0.0 0. 0.0 0.
1480365015 0 0.0 0. 0.0 0.
1480365075 0 0.0 0. 0.0 0.
1480365135 0 0.0 0. 0.0 0.
1480365195 0 0.0 0. 0.0 0.
1480365255 0 0.0 0. 0.0 0.
1480365315 0 0.0 0. 0.0 0.
1480365376 0 0.0 0. 0.0 0.
1480365436 0 0.0 0. 0.0 0.
1480365496 0 0.0 0. 0.0 0.
1480365556 0 0.0 0. 0.0 0.
1480365616 0 0.0 0. 0.0 0.
1480365676 0 0.0 0. 0.0 0.
1480365736 0 0.0 0. 0.0 0.
1480365797 0 0.0 0. 0.0 0.
1480365857 0 0.0 0. 0.0 0.
1480365917 0 0.0 0. 0.0 0.
1480365977 0 0.0 0. 0.0 0.
1480366037 0 0.0 0. 0.0 0.
1480366097 0 0.0 0. 0.0 0.
1480366157 0 0.0 0. 0.0 0.
1480366218 0 0.0 0. 0.0 0.
1480366278 0 0.0 0. 0.0 0.
1480366338 0 0.0 0. 0.0 0.
1480366398 0 0.0 0. 0.0 0.
1480366458 0 0.0 0. 0.0 0.
1480366518 0 0.0 0. 0.0 0.
1480366578 0 0.0 0. 0.0 0.
1480366638 0 0.0 0. 0.0 0.
1480366699 0 0.0 0. 0.0 0.
1480366759 0 0.0 0. 0.0 0.
1480366819 0 0.0 0. 0.0 0.
1480366879 0 0.0 0. 0.0 0.
1480366939 0 0.0 0. 0.0 0.
1480366999 0 0.0 0. 0.0 0.
1480367040 0 0.0 0. 0.0 0.
1480367082 0 0.0 0. 0.0 0.
1480367142 0 0.0 0. 0.0 0.
1480367202 0 0.0 0. 0.0 0.
1480367262 0 0.0 0. 0.0 0.
1480367322 0 0.0 0. 0.0 0.
1480367382 0 0.0 0. 0.0 0.
1480367442 0 0.0 0. 0.0 0.
1480367502 0 0.0 0. 0.0 0.
1480367563 0 0.0 0. 0.0 0.
1480367611 0 0.0 0. 0.0 0.
1480367636 0 0.0 0. 0.0 0.
1480367673 0 0.0 0. 0.0 0.
1480367733 0 0.0 0. 0.0 0.
1480367793 0 0.0 0. 0.0 0.
1480367853 0 0.0 0. 0.0 0.
1480367913 0 0.0 0. 0.0 0.
1480367973 0 0.0 0. 0.0 0.
1480368034 0 0.0 0. 0.0 0.
1480368094 0 0.0 0. 0.0 0.
1480368154 0 0.0 0. 0.0 0.
1480368214 0 0.0 0. 0.0 0.
1480368266 0 0.0 0. 0.0 0.
1480368302 0 0.0 0. 0.0 0.
1480368325 0 0.0 0. 0.0 0.
1480368364 0 0.0 0. 0.0 0.
1480368424 0 0.0 0. 0.0 0.
1480368484 0 0.0 0. 0.0 0.
1480368544 0 0.0 0. 0.0 0.
1480368605 0 0.0 0. 0.0 0.
1480368665 0 0.0 0. 0.0 0.
1480368725 0 0.0 0. 0.0 0.
1480368785 0 0.0 0. 0.0 0.
1480368845 0 0.0 0. 0.0 0.
1480368905 0 0.0 0. 0.0 0.
1480368950 0 0.0 0. 0.0 0.
1480368995 0 0.0 0. 0.0 0.
1480369056 0 0.0 0. 0.0 0.
1480369116 0 0.0 0. 0.0 0.
1480369176 0 0.0 0. 0.0 0.
1480369236 0 0.0 0. 0.0 0.
1480369296 0 0.0 0. 0.0 0.
1480369356 0 0.0 0. 0.0 0.
1480369416 1 0.570568740368 0. 3.40169257503e-24 0.
1480369466 1 0.568731188774 0. 3.40161869595e-24 0.
1480369515 1 0.567099094391 0. 3.40256983993e-24 0.
1480369575 1 0.56454873085 0. 3.39943976951e-24 0.
1480369636 1 0.562363922596 0. 3.39863349588e-24 0.
1480369696 1 0.560031831264 0. 3.39709781417e-24 0.
1480369756 1 0.557908892632 0. 3.39612606501e-24 0.
1480369816 1 0.555565059185 0. 3.39367164646e-24 0.
1480369876 1 0.55361956358 0. 3.39319423048e-24 0.
1480369936 1 0.551265120506 0. 3.39035123661e-24 0.
1480369996 1 0.5492156744 0. 3.38901349142e-24 0.
1480370057 1 0.547097802162 0. 3.38687052897e-24 0.
1480370117 1 0.544986128807 0. 3.38473631645e-24 0.
1480370177 1 0.543150007725 0. 3.38417897932e-24 0.
1480370237 1 0.541139781475 0. 3.38257867925e-24 0.
1480370297 1 0.539181053638 0. 3.38137644382e-24 0.
1480370357 1 0.536841392517 0. 3.37751866002e-24 0.
1480370408 1 0.535279095173 0. 3.37680182717e-24 0.
1480370459 1 0.533416986465 0. 3.37388369584e-24 0.
1480370519 1 0.53157055378 0. 3.37271537092e-24 0.
1480370579 1 0.529435992241 0. 3.36983393372e-24 0.
1480370639 1 0.527572393417 0. 3.36871983739e-24 0.
1480370700 1 0.525442302227 0. 3.36565172095e-24 0.
1480370760 1 0.523582756519 0. 3.36388852794e-24 0.
1480370820 1 0.521484673023 0. 3.36073978819e-24 0.
1480370880 1 0.519812226295 0. 3.36010748713e-24 0.
1480370940 1 0.517747879028 0. 3.35737708179e-24 0.
1480371000 1 0.515978097916 0. 3.35653621654e-24 0.
1480371060 1 0.514023661613 0. 3.35419919784e-24 0.
1480371120 1 0.51201492548 0. 3.35147027841e-24 0.
1480371155 1 0.511122524738 0. 3.35190204827e-24 0.
1480371191 1 0.509906828403 0. 3.35009638175e-24 0.
1480371251 1 0.508228480816 0. 3.34952408751e-24 0.
1480371311 1 0.506363630295 0. 3.34761546303e-24 0.
1480371371 1 0.504567742348 0. 3.34630929736e-24 0.
1480371431 1 0.502482652664 0. 3.34281948946e-24 0.
1480371491 1 0.500972926617 0. 3.34331708778e-24 0.
1480371546 1 0.499279677868 0. 3.34102772616e-24 0.
1480371600 1 0.497107207775 0. 3.33554708378e-24 0.
1480371660 1 0.495662868023 0. 3.33569839975e-24 0.
1480371720 1 0.494032263756 0. 3.3345550345e-24 0.
1480371780 1 0.492316097021 0. 3.3329580031e-24 0.
1480371840 1 0.490375936031 0. 3.32976051458e-24 0.
1480371901 1 0.488707780838 0. 3.32827131564e-24 0.
1480371961 1 0.486830621958 0. 3.3250126257e-24 0.
1480372021 1 0.485196113586 0. 3.32320369005e-24 0.
1480372081 1 0.483533501625 0. 3.32140732903e-24 0.
1480372141 1 0.481746822596 0. 3.31899752654e-24 0.
1480372201 1 0.480200082064 0. 3.31809927835e-24 0.
1480372244 1 0.479082763195 0. 3.31770353286e-24 0.
1480372287 1 0.477756142616 0. 3.3157941622e-24 0.
1480372347 1 0.476189166307 0. 3.31531025538e-24 0.
1480372408 1 0.474611014128 0. 3.3142483699e-24 0.
1480372468 1 0.473031520844 0. 3.31305859778e-24 0.
1480372528 1 0.471401542425 0. 3.31166027101e-24 0.
1480372588 1 0.469618320465 0. 3.30929347405e-24 0.
1480372648 1 0.468035519123 0. 3.30789859891e-24 0.
1480372708 1 0.466308921576 0. 3.30593927778e-24 0.
1480372768 1 0.464655309916 0. 3.30493716252e-24 0.
1480372828 1 0.463230967522 0. 3.30494927663e-24 0.
1480372889 1 0.461607933044 0. 3.30366020958e-24 0.
1480372949 1 0.459986954927 0. 3.30207046749e-24 0.
1480373009 1 0.458589971066 0. 3.30171465396e-24 0.
1480373069 1 0.456910789013 0. 3.29913364696e-24 0.
1480373129 1 0.455474644899 0. 3.29843801422e-24 0.
1480373189 1 0.453986644745 0. 3.29742497221e-24 0.
1480373249 1 0.45245924592 0. 3.29577717365e-24 0.
1480373309 1 0.451152175665 0. 3.29548617425e-24 0.
1480373369 1 0.449577927589 0. 3.29309518633e-24 0.
1480373430 1 0.447881907225 0. 3.28999517768e-24 0.
1480373490 1 0.446346193552 0. 3.28825933942e-24 0.
1480373550 1 0.4450519979 0. 3.28783794886e-24 0.
1480373610 1 0.443511456251 0. 3.28580119724e-24 0.
1480373670 1 0.441765218973 0. 3.28239004655e-24 0.
1480373730 1 0.440529316664 0. 3.28329389739e-24 0.
1480373790 1 0.439194381237 0. 3.28286740436e-24 0.
1480373850 1 0.437707841396 0. 3.28153100273e-24 0.
1480373911 1 0.436205208302 0. 3.28032025331e-24 0.
1480373971 1 0.43471327424 0. 3.27862224525e-24 0.
1480374031 1 0.43334031105 0. 3.27788801603e-24 0.
1480374091 1 0.431798189878 0. 3.27608883412e-24 0.
1480374151 1 0.43014600873 0. 3.27336984162e-24 0.
1480374211 1 0.428868055344 0. 3.273735874e-24 0.
1480374271 1 0.427364438772 0. 3.27210961075e-24 0.
1480374331 1 0.42594319582 0. 3.27114818239e-24 0.
1480374391 1 0.424732536077 0. 3.27175843834e-24 0.
1480374451 1 0.423182040453 0. 3.26973945958e-24 0.
1480374511 1 0.421715170145 0. 3.26791808758e-24 0.
1480374572 1 0.42047342658 0. 3.26789977402e-24 0.
1480374632 1 0.419156402349 0. 3.26672615999e-24 0.
1480374692 1 0.417741566896 0. 3.26497342881e-24 0.
1480374752 1 0.41638442874 0. 3.26365095854e-24 0.
1480374812 1 0.414937347174 0. 3.26204401943e-24 0.
1480374872 1 0.413905739784 0. 3.26333641742e-24 0.
1480374933 1 0.412429094315 0. 3.26127597362e-24 0.
1480374993 1 0.410978555679 0. 3.25887350795e-24 0.
1480375053 1 0.409681349993 0. 3.25811443169e-24 0.
1480375113 1 0.408352017403 0. 3.25683878732e-24 0.
1480375173 1 0.407087892294 0. 3.25582920631e-24 0.
1480375233 1 0.40575787425 0. 3.25438722464e-24 0.
1480375268 1 0.405035078526 0. 3.25411203361e-24 0.
1480375303 1 0.404350459576 0. 3.25397071706e-24 0.
1480375346 1 0.403462320566 0. 3.25358425096e-24 0.
1480375388 1 0.402563542128 0. 3.2530665798e-24 0.
1480375448 1 0.401288509369 0. 3.25248702716e-24 0.
1480375508 1 0.399777889252 0. 3.25006287893e-24 0.
1480375568 1 0.398636639118 0. 3.25057121034e-24 0.
1480375628 1 0.397245824337 0. 3.24878315093e-24 0.
1480375688 1 0.396095991135 0. 3.24909343674e-24 0.
1480375749 1 0.394761115313 0. 3.24774289133e-24 0.
1480375809 1 0.393408954144 0. 3.24627735016e-24 0.
1480375869 1 0.39236921072 0. 3.24754928254e-24 0.
1480375929 1 0.390959918499 0. 3.2451419634e-24 0.
1480375989 1 0.389820069075 0. 3.25230379362e-24 0.
1480376049 1 0.388672024012 0. 3.24482944094e-24 0.
1480376109 1 0.387343019247 0. 3.24308343699e-24 0.
1480376169 1 0.386380434036 0. 3.24390804295e-24 0.
1480376230 1 0.384970873594 0. 3.24118347355e-24 0.
1480376290 1 0.383780062199 0. 3.24021738973e-24 0.
1480376350 1 0.382805258036 0. 3.24078985611e-24 0.
1480376385 1 0.382197111845 0. 3.24077857875e-24 0.
1480376420 1 0.38032835722 0. 3.23057037586e-24 0.
1480376480 1 0.370071649551 0. 3.1520463208e-24 0.
1480376541 1 0.370600283146 0. 3.16663936986e-24 0.
1480376601 1 0.378940910101 0. 3.24716417724e-24 0.
1480376661 1 0.377907812595 0. 3.24776269155e-24 0.
1480376721 1 0.376749575138 0. 3.247305882e-24 0.
1480376781 1 0.375781357288 0. 3.2485250372e-24 0.
1480376841 1 0.374478697777 0. 3.24725346054e-24 0.
1480376901 1 0.373359918594 0. 3.24675056091e-24 0.
1480376962 1 0.372339934111 0. 3.24749933205e-24 0.
1480377022 1 0.370956778526 0. 3.2451708206e-24 0.
1480377082 1 0.369949728251 0. 3.24599049483e-24 0.
1480377142 1 0.368826150894 0. 3.24597605401e-24 0.
1480377202 1 0.367596447468 0. 3.2446967235e-24 0.
1480377262 1 0.366527587175 0. 3.24492405803e-24 0.
1480377322 1 0.365476876497 0. 3.24503587158e-24 0.
1480377382 1 0.364390671253 0. 3.24467943851e-24 0.
1480377442 1 0.363288581371 0. 3.24468363878e-24 0.
1480377503 1 0.362095117569 0. 3.2433519936e-24 0.
1480377563 1 0.360984623432 0. 3.24292629699e-24 0.
1480377623 1 0.359968006611 0. 3.24318168249e-24 0.
1480377683 1 0.358891278505 0. 3.24285473122e-24 0.
1480377743 1 0.357898980379 0. 3.24265462367e-24 0.
1480377803 1 0.356848359108 0. 3.24225963852e-24 0.
1480377863 1 0.355554938316 0. 3.23965561699e-24 0.
1480377923 1 0.35467684269 0. 3.24075682503e-24 0.
1480377984 1 0.353554695845 0. 3.23953441637e-24 0.
1480378044 1 0.35246527195 0. 3.23891177915e-24 0.
1480378104 1 0.351463705301 0. 3.23924130287e-24 0.
1480378164 1 0.350402623415 0. 3.23883871088e-24 0.
1480378224 1 0.349395573139 0. 3.23888685018e-24 0.
1480378284 1 0.34832021594 0. 3.2380190688e-24 0.
1480378344 1 0.347305119038 0. 3.23792885142e-24 0.
1480378404 1 0.346121549606 0. 3.236738936e-24 0.
1480378464 1 0.345243573189 0. 3.23774257345e-24 0.
1480378525 1 0.344175755978 0. 3.23683893832e-24 0.
1480378585 1 0.343117028475 0. 3.23590561598e-24 0.
1480378645 1 0.342186897993 0. 3.23672526555e-24 0.
1480378705 1 0.341060578823 0. 3.23594214324e-24 0.
1480378765 1 0.340089052916 0. 3.23607731546e-24 0.
1480378825 1 0.339106559753 0. 3.23590803751e-24 0.
1480378885 1 0.338035404682 0. 3.23511482987e-24 0.
1480378945 1 0.337051898241 0. 3.23493866115e-24 0.
1480379005 1 0.33617079258 0. 3.23588855154e-24 0.
1480379066 1 0.334985375404 0. 3.23370321308e-24 0.
1480379126 1 0.334031611681 0. 3.23372409109e-24 0.
1480379180 1 0.333393096924 0. 3.23567805811e-24 0.
1480379234 1 0.33248770237 0. 3.23485777894e-24 0.
1480379294 1 0.331431210041 0. 3.23332524313e-24 0.
1480379355 1 0.330429404974 0. 3.23291763018e-24 0.
1480379415 1 0.329596430063 0. 3.23356363131e-24 0.
1480379475 1 0.328635960817 0. 3.23346476172e-24 0.
1480379535 1 0.327678859234 0. 3.23334799708e-24 0.
1480379595 1 0.3265607059 0. 3.2318591752e-24 0.
1480379655 1 0.325645923615 0. 3.23204015566e-24 0.
1480379715 1 0.324799567461 0. 3.23279549109e-24 0.
1480379775 1 0.323983669281 0. 3.24066979166e-24 0.
1480379836 1 0.322909504175 0. 3.23257702332e-24 0.
1480379896 1 0.321903795004 0. 3.23187254414e-24 0.
1480379956 1 0.320959210396 0. 3.23138349633e-24 0.
1480380016 1 0.319945544004 0. 3.2303224893e-24 0.
1480380076 1 0.319146424532 0. 3.23135168557e-24 0.
1480380136 1 0.318298012018 0. 3.23194657291e-24 0.
1480380196 1 0.317260861397 0. 3.230539149e-24 0.
1480380256 1 0.316463649273 0. 3.23159495411e-24 0.
1480380317 1 0.315616309643 0. 3.23165030119e-24 0.
1480380377 1 0.314762592316 0. 3.23195965088e-24 0.
1480380437 1 0.313845425844 0. 3.23113991515e-24 0.
1480380497 1 0.312998950481 0. 3.23132693669e-24 0.
1480380557 1 0.312054634094 0. 3.23114619434e-24 0.
1480380617 1 0.311145335436 0. 3.23072974315e-24 0.
1480380677 1 0.310324788094 0. 3.23081186761e-24 0.
1480380737 1 0.309570491314 0. 3.23163224069e-24 0.
1480380798 1 0.308698356152 0. 3.23113628592e-24 0.
1480380858 1 0.307617396116 0. 3.22852112503e-24 0.
1480380918 1 0.306991398335 0. 3.23076872101e-24 0.
1480380978 1 0.306031882763 0. 3.22947333928e-24 0.
1480381038 1 0.30517795682 0. 3.22948404182e-24 0.
1480381098 1 0.304372578859 0. 3.22998039592e-24 0.
1480381158 1 0.30341860652 0. 3.22867519044e-24 0.
1480381218 1 0.301334053278 0. 3.21550800419e-24 0.
1480381279 1 0.293945163488 0. 3.14557945015e-24 0.
1480381339 1 0.296279340982 0. 3.18088250003e-24 0.
1480381399 1 0.300500482321 0. 3.23603705218e-24 0.
1480381459 1 0.29965877533 0. 3.2368623686e-24 0.
1480381519 1 0.298738002777 0. 3.2362182478e-24 0.
1480381579 1 0.297836869955 0. 3.23602631172e-24 0.
1480381639 1 0.297071129084 0. 3.23731981209e-24 0.
1480381700 1 0.296183466911 0. 3.2375588978e-24 0.
1480381760 1 0.295270889997 0. 3.23713353026e-24 0.
1480381820 1 0.29425662756 0. 3.23542889101e-24 0.
1480381880 1 0.293271183968 0. 3.23446176654e-24 0.
1480381940 1 0.292533755302 0. 3.23581634369e-24 0.
1480382000 1 0.291512787342 0. 3.23434746235e-24 0.
1480382060 1 0.290695875883 0. 3.23480640155e-24 0.
1480382120 1 0.289614528418 0. 3.23272876318e-24 0.
1480382181 1 0.288732558489 0. 3.233181613e-24 0.
1480382241 1 0.287722527981 0. 3.23255246045e-24 0.
1480382301 1 0.287021249533 0. 3.23552194101e-24 0.
1480382344 1 0.286405920982 0. 3.23670308858e-24 0.
1480382388 1 0.285720229149 0. 3.23752625418e-24 0.
1480382448 1 0.284897625446 0. 3.23965992401e-24 0.
1480382508 1 0.284059196711 0. 3.24301167589e-24 0.
1480382568 1 0.283207952976 0. 3.24734891607e-24 0.
1480382629 1 0.282409757376 0. 3.25208021987e-24 0.
1480382689 1 0.281480759382 0. 3.25730658515e-24 0.
1480382749 1 0.280811697245 0. 3.26606719919e-24 0.
1480382809 1 0.279875129461 0. 3.27473605219e-24 0.
1480382869 1 0.279190957546 0. 3.28782330822e-24 0.
1480382929 1 0.278328418732 0. 3.30000552812e-24 0.
1480382989 1 0.277603685856 0. 3.380993635e-24 0.
1480383049 1 0.276847481728 0. 5.70814280651e-24 0.
1480383110 1 0.27603328228 0. 3.21129349547e-24 0.
1480383170 1 0.275259256363 0. 3.2121066197e-24 0.
1480383230 1 0.274478852749 0. 3.21282284402e-24 0.
1480383290 1 0.273927181959 0. 3.21658920813e-24 0.
1480383350 1 0.273009687662 0. 3.21623600501e-24 0.
1480383410 1 0.272491276264 0. 3.22148645959e-24 0.
1480383470 1 0.271737039089 0. 3.22392205131e-24 0.
1480383530 1 0.271035134792 0. 3.22721235898e-24 0.
1480383590 1 0.270185351372 0. 3.22999185283e-24 0.
1480383651 1 0.269513607025 0. 3.23465268985e-24 0.
1480383711 1 0.268799543381 0. 3.24057364132e-24 0.
1480383771 1 0.268068671227 0. 3.24655422866e-24 0.
1480383831 1 0.267626076937 0. 3.25719588975e-24 0.
1480383891 1 0.266752272844 0. 3.26396554141e-24 0.
1480383951 1 0.266062438488 0. 3.27503401099e-24 0.
1480384011 1 0.265467554331 0. 3.28939434299e-24 0.
1480384071 1 0.264829874039 0. 3.30416167812e-24 0.
1480384132 1 0.264145195484 0. 3.32158796528e-24 0.
1480384192 1 0.263535141945 0. 3.34195319728e-24 0.
1480384252 1 0.262792408466 0. 3.36322053929e-24 0.
1480384312 1 0.26208794117 0. 3.39041099276e-24 0.
1480384372 1 0.261581152678 0. 3.42261274386e-24 0.
1480384432 1 0.261160939932 0. 3.46329005281e-24 0.
1480384492 1 0.260618507862 0. 3.51190815756e-24 0.
1480384552 1 0.260007321835 0. 3.56410878245e-24 0.
1480384613 1 0.259216278791 0. 3.62023569234e-24 0.
1480384673 1 0.258546680212 0. 3.68593517667e-24 0.
1480384733 1 0.25799331069 0. 3.76551765114e-24 0.
1480384793 1 0.257419168949 0. 3.91058464724e-24 0.
1480384853 1 0.256723999977 0. 4.6734954388e-24 0.
1480384913 1 0.2559633255 0. 3.84437177858e-24 0.
1480384973 1 0.255362421274 0. 9.17346803908e-24 0.
1480385033 1 0.254682958126 0. 3.90951372177e-24 0.
1480385093 1 0.25413814187 0. 4.27199910714e-24 0.
1480385154 1 0.253504633904 0. 4.03081234907e-24 0.
1480385214 1 0.252562224865 0. 4.18317928131e-24 0.
1480385274 1 0.25208774209 0. 4.46751752368e-24 0.
1480385334 1 0.251395046711 0. 9.57880795337e-24 0.
1480385394 1 0.25059530139 0. 1.00343224517e-23 0.
1480385454 1 0.250050634146 0. 9.99946900852e-24 0.
1480385514 1 0.249437272549 0. 7.18419110468e-24 0.
1480385575 1 0.248810142279 0. 5.35879893856e-24 0.
1480385635 1 0.24805700779 0. 4.91878391088e-24 0.
1480385695 1 0.247407332063 0. 8.34694728139e-24 0.
1480385755 1 0.246762171388 0. 5.00457491078e-24 0.
1480385815 1 0.246014684439 0. 1.32710066988e-23 0.
1480385875 1 0.245341584086 0. 1.09784275428e-23 0.
1480385935 1 0.244713008404 0. 5.83445173885e-24 0.
1480385995 1 0.243988484144 0. 5.03730620578e-24 0.
1480386056 1 0.243561655283 0. 4.45217921414e-24 0.
1480386116 1 0.24279679358 0. 5.86724579338e-24 0.
1480386176 1 0.24212487042 0. 7.25190894952e-24 0.
1480386236 1 0.24153226614 0. 7.54617353401e-24 0.
1480386296 1 0.240928962827 0. 4.61344829843e-24 0.
1480386356 1 0.240268781781 0. 5.49997446355e-24 0.
1480386416 1 0.239662006497 0. 8.23809481788e-24 0.
1480386476 1 0.239095672965 0. 6.08639038363e-24 0.
1480386537 1 0.238413348794 0. 6.35365253305e-24 0.
1480386597 1 0.237839475274 0. 5.96856550961e-24 0.
1480386657 1 0.237273395061 0. 1.12018803636e-23 0.
1480386717 1 0.236825719476 0. 8.97362671275e-24 0.
1480386777 1 0.236026957631 0. 1.57767216305e-23 0.
1480386834 1 0.235529705882 0. 6.79882651678e-24 0.
1480386892 1 0.234888598323 0. 6.85837055289e-24 0.
1480386952 1 0.234271869063 0. 8.77934121683e-24 0.
1480387012 1 0.233677297831 0. 1.4270855408e-23 0.
1480387072 1 0.233257472515 0. 1.32874259288e-23 0.
1480387133 1 0.232437610626 0. 1.25837266189e-23 0.
1480387193 1 0.232043251395 0. 7.99396727835e-24 0.
1480387253 1 0.231419786811 0. 8.55348347308e-24 0.
1480387313 1 0.231037572026 0. 1.42842665118e-23 0.
1480387373 1 0.230391800404 0. 1.29368186143e-23 0.
1480387433 1 0.229830935597 0. 1.34037407817e-23 0.
1480387494 1 0.229173868895 0. 8.10526524311e-24 0.
1480387554 1 0.228677377105 0. 1.07505974949e-23 0.
1480387614 1 0.228096693754 0. 8.13721933719e-24 0.
1480387674 1 0.227406471968 0. 1.11161753252e-23 0.
1480387734 1 0.226795896888 0. 1.76433310497e-23 0.
1480387794 1 0.226418524981 0. 1.36524683885e-23 0.
1480387854 1 0.225842610002 0. 1.7157782275e-23 0.
1480387914 1 0.225135445595 0. 2.22153300113e-23 0.
1480387974 1 0.224570930004 0. 2.08968873438e-23 0.
1480388035 1 0.224081888795 0. 1.9871115519e-23 0.
1480388095 1 0.223517373204 0. 2.04009486113e-23 0.
1480388155 1 0.222775712609 0. 1.54527569017e-23 0.
1480388215 1 0.222260951996 0. 7.82032553218e-24 0.
1480388275 1 0.221646726131 0. 1.45250475589e-23 0.
1480388335 1 0.221033617854 0. 2.10351051385e-23 0.
1480388395 1 0.220512419939 0. 6.06991669486e-24 0.
1480388455 1 0.219983056188 0. 1.5669803811e-23 0.
1480388516 1 0.219415456057 0. 8.04855907596e-24 0.
1480388576 1 0.218688055873 0. 6.49238235989e-24 0.
1480388636 1 0.218157038093 0. 1.56565076271e-23 0.
1480388696 1 0.217676252127 0. 1.20772973785e-23 0.
1480388756 1 0.217073068023 0. 2.05277383889e-23 0.
1480388816 1 0.216517090797 0. 2.96324639953e-23 0.
1480388876 1 0.215808838606 0. 2.68381079242e-23 0.
1480388936 1 0.215234994888 0. 1.00934645587e-23 0.
1480388996 1 0.214797332883 0. 2.10343806516e-23 0.
1480389057 1 0.21418248117 0. 9.05077264965e-24 0.
1480389117 1 0.213642925024 0. 1.32092091355e-23 0.
1480389177 1 0.213089451194 0. 1.45793496666e-23 0.
1480389237 1 0.212520539761 0. 1.17318268549e-23 0.
1480389297 1 0.211955368519 0. 8.90077345568e-24 0.
1480389357 1 0.211399108171 0. 1.69966569042e-23 0.
1480389417 1 0.210938706994 0. 1.07591558535e-23 0.
1480389477 1 0.210343897343 0. 1.87588384256e-23 0.
1480389538 1 0.209806740284 0. 3.68841500464e-24 0.
1480389598 1 0.209314495325 0. 4.02531645214e-24 0.
1480389658 1 0.20866958797 0. 8.94802858742e-24 0.
1480389718 1 0.208170562983 0. 9.35816332665e-24 0.
1480389778 1 0.207723289728 0. 8.71580649793e-24 0.
1480389838 1 0.207199931145 0. 1.02545357727e-23 0.
1480389898 1 0.206535831094 0. 9.60706216119e-24 0.
1480389958 1 0.206104278564 0. 8.70955826713e-24 0.
1480390019 1 0.205380380154 0. 5.5400440531e-24 0.
1480390079 1 0.204981535673 0. 6.45830317917e-24 0.
1480390139 1 0.204369261861 0. 4.78848112995e-24 0.
1480390199 1 0.203906223178 0. 5.80919693267e-24 0.
1480390259 1 0.203349009156 0. 1.32042552346e-23 0.
1480390319 1 0.202837318182 0. 1.19471557492e-23 0.
1480390379 1 0.202205598354 0. 1.56899364782e-23 0.
1480390439 1 0.201768636703 0. 8.81221323892e-24 0.
1480390499 1 0.201316192746 0. 6.45154020271e-24 0.
1480390560 1 0.200699269772 0. 3.58110586709e-24 0.
1480390620 1 0.200254827738 0. 1.37498865577e-23 0.
1480390680 1 0.19978711009 0. 5.65988785483e-24 0.
1480390740 1 0.199091359973 0. 5.78986151207e-24 0.
1480390800 1 0.198771238327 0. 1.07349651344e-23 0.
1480390860 1 0.198205202818 0. 1.46789509248e-23 0.
1480390920 1 0.197611659765 0. 8.50676422698e-24 0.
1480390980 1 0.197155922651 0. 4.65663870538e-24 0.
1480391040 1 0.196663692594 0. 1.03841342947e-23 0.
1480391101 1 0.19629381597 0. 2.80122245229e-24 0.
1480391161 1 0.195645809174 0. 7.43320974558e-24 0.
1480391221 1 0.195228889585 0. 3.82212198691e-24 0.
1480391281 1 0.194615781307 0. 1.35468847054e-23 0.
1480391341 1 0.194034531713 0. 7.37955652819e-24 0.
1480391401 1 0.193608418107 0. 4.37731029356e-24 0.
1480391461 1 0.193039730191 0. 4.57979420576e-24 0.
1480391521 1 0.192578822374 0. 1.55293811925e-24 0.
1480391582 1 0.192106977105 0. 2.47164723946e-24 0.
1480391642 1 0.191602140665 0. 2.56073012384e-24 0.
1480391696 1 0.19128960371 0. 5.70475009127e-24 0.
1480391751 1 0.19078913331 0. 1.55980869958e-24 0.
1480391812 1 0.190126374364 0. 1.35422315961e-24 0.
1480391872 1 0.189658120275 0. 1.51008630176e-24 0.
1480391932 1 0.18925756216 0. 2.46391463952e-24 0.
1480391992 1 0.188804551959 0. 2.11894459494e-24 0.
1480392052 1 0.188371837139 0. 1.09301066375e-23 0.
1480392112 1 0.187830343843 0. 2.75768463728e-24 0.
1480392172 1 0.187441468239 0. 4.36066709936e-24 0.
1480392232 1 0.186876505613 0. 9.74435014752e-24 0.
1480392293 1 0.186381220818 0. 6.30640164183e-24 0.
1480392353 1 0.18586795032 0. 2.86433412544e-24 0.
1480392413 1 0.185415655375 0. 1.96732671187e-24 0.
1480392473 1 0.184995606542 0. 5.9746607502e-24 0.
1480392533 1 0.184358894825 0. 3.67874457496e-24 0.
1480392593 1 0.183916583657 0. 5.64809824965e-24 0.
1480392653 1 0.183562606573 0. 3.2124008292e-24 0.
1480392707 1 0.179778054357 0. 1.08904458858e-24 0.
1480392761 1 2.07282187148e-06 0. 0.0 0.
1480392797 0 0.0 0. 0.0 0.
1480392832 0 0.0 0. 0.0 0.
1480392892 0 0.0 0. 0.0 0.
1480392952 0 0.0 0. 0.0 0.
1480393012 0 0.0 0. 0.0 0.
1480393073 0 0.0 0. 0.0 0.
1480393133 0 0.0 0. 0.0 0.
