1480597547 0 0.0 0. 0.0 0.
1480597607 0 0.0 0. 0.0 0.
1480597667 0 0.0 0. 0.0 0.
1480597703 0 0.0 0. 0.0 0.
1480597722 0 0.0 0. 0.0 0.
1480597765 0 0.0 0. 0.0 0.
1480597825 0 0.0 0. 0.0 0.
1480597864 0 0.0 0. 0.0 0.
1480597879 0 0.0 0. 0.0 0.
1480597891 0 0.0 0. 0.0 0.
1480597905 0 0.0 0. 0.0 0.
1480597918 0 0.0 0. 0.0 0.
1480597929 0 0.0 0. 0.0 0.
1480597941 0 0.0 0. 0.0 0.
1480597953 0 0.0 0. 0.0 0.
1480597966 0 0.0 0. 0.0 0.
1480597983 0 0.0 0. 0.0 0.
1480597999 0 0.0 0. 0.0 0.
1480598013 0 0.0 0. 0.0 0.
1480598025 0 0.0 0. 0.0 0.
1480598039 0 0.0 0. 0.0 0.
1480598059 0 0.0 0. 0.0 0.
1480598076 0 0.0 0. 0.0 0.
1480598086 0 0.0 0. 0.0 0.
1480598096 0 0.0 0. 0.0 0.
1480598106 0 0.0 0. 0.0 0.
1480598137 0 0.0 0. 0.0 0.
1480598167 0 0.0 0. 0.0 0.
1480598203 0 0.0 0. 0.0 0.
1480598263 0 0.0 0. 0.0 0.
1480598303 0 0.0 0. 0.0 0.
1480598325 0 0.0 0. 0.0 0.
1480598367 0 0.0 0. 0.0 0.
1480598427 0 0.0 0. 0.0 0.
1480598487 0 0.0 0. 0.0 0.
1480598535 0 0.0 0. 0.0 0.
1480598582 0 0.0 0. 0.0 0.
1480598642 0 0.0 0. 0.0 0.
1480598703 0 0.0 0. 0.0 0.
1480598763 0 0.0 0. 0.0 0.
1480598823 0 0.0 0. 0.0 0.
1480598858 0 0.0 0. 0.0 0.
1480598893 0 0.0 0. 0.0 0.
1480598953 0 0.0 0. 0.0 0.
1480599013 0 0.0 0. 0.0 0.
1480599055 0 0.0 0. 0.0 0.
1480599074 0 0.0 0. 0.0 0.
1480599113 0 0.0 0. 0.0 0.
1480599173 0 0.0 0. 0.0 0.
1480599233 0 0.0 0. 0.0 0.
1480599293 0 0.0 0. 0.0 0.
1480599353 0 0.0 0. 0.0 0.
1480599413 0 0.0 0. 0.0 0.
1480599473 0 0.0 0. 0.0 0.
1480599534 0 0.0 0. 0.0 0.
1480599594 0 0.0 0. 0.0 0.
1480599654 0 0.0 0. 0.0 0.
1480599714 0 0.0 0. 0.0 0.
1480599774 0 0.0 0. 0.0 0.
1480599834 0 0.0 0. 0.0 0.
1480599894 0 0.0 0. 0.0 0.
1480599955 0 0.0 0. 0.0 0.
1480600015 0 0.0 0. 0.0 0.
1480600075 0 0.0 0. 0.0 0.
1480600135 0 0.0 0. 0.0 0.
1480600195 0 0.0 0. 0.0 0.
1480600243 0 0.0 0. 0.0 0.
1480600271 0 0.0 0. 0.0 0.
1480600298 0 0.0 0. 0.0 0.
1480600344 0 0.0 0. 0.0 0.
1480600404 0 0.0 0. 0.0 0.
1480600464 0 0.0 0. 0.0 0.
1480600524 0 0.0 0. 0.0 0.
1480600584 0 0.0 0. 0.0 0.
1480600645 0 0.0 0. 0.0 0.
1480600705 0 0.0 0. 0.0 0.
1480600765 0 0.0 0. 0.0 0.
1480600825 0 0.0 0. 0.0 0.
1480600885 0 0.0 0. 0.0 0.
1480600945 0 0.0 0. 0.0 0.
1480601005 0 0.0 0. 0.0 0.
1480601050 0 0.0 0. 0.0 0.
1480601095 0 0.0 0. 0.0 0.
1480601155 0 0.0 0. 0.0 0.
1480601216 0 0.0 0. 0.0 0.
1480601276 0 0.0 0. 0.0 0.
1480601336 0 0.0 0. 0.0 0.
1480601396 0 0.0 0. 0.0 0.
1480601456 0 0.0 0. 0.0 0.
1480601516 0 0.0 0. 0.0 0.
1480601576 0 0.0 0. 0.0 0.
1480601636 1 0.20232771337 0. 8.79989129981e-25 0.
1480601697 1 0.259136706591 0. 1.12906363728e-24 0.
1480601740 1 0.289259314537 0. 1.26195058217e-24 0.
1480601784 1 0.321713894606 0. 1.40562341699e-24 0.
1480601844 1 0.381346911192 0. 1.66965468477e-24 0.
1480601904 1 0.453054666519 0. 1.98804660532e-24 0.
1480601964 1 0.498157739639 0. 2.19140627037e-24 0.
1480602024 1 0.539738535881 0. 2.38049916402e-24 0.
1480602084 1 0.569100916386 0. 2.51698766964e-24 0.
1480602144 1 0.585635304451 0. 2.59789684406e-24 0.
1480602205 1 0.611436724663 0. 2.72036350183e-24 0.
1480602265 1 0.629665017128 0. 2.80999724278e-24 0.
1480602325 1 0.648082852364 0. 2.90123471882e-24 0.
1480602385 1 0.664409101009 0. 2.98370823814e-24 0.
1480602422 1 0.664196610451 0. 2.98874531816e-24 0.
1480602459 1 0.672872900963 0. 3.03332141478e-24 0.
1480602520 1 0.679968714714 0. 3.07510129301e-24 0.
1480602580 1 0.658310890198 0. 2.98648049666e-24 0.
1480602640 1 0.675769150257 0. 3.07470193412e-24 0.
1480602700 1 0.672930896282 0. 3.07079689749e-24 0.
1480602735 1 0.671738684177 0. 3.07061305958e-24 0.
1480602770 1 0.670151948929 0. 3.06849269363e-24 0.
1480602831 1 0.667525231838 0. 3.06292700684e-24 0.
1480602891 1 0.663934290409 0. 3.11827324492e-24 0.
1480602951 1 0.660635948181 0. 3.11360587282e-24 0.
1480603011 1 0.65753942728 0. 3.10817628414e-24 0.
1480603071 1 0.655248522758 0. 3.10628305204e-24 0.
1480603131 1 0.65284126997 0. 3.10427023294e-24 0.
1480603191 1 0.650205433369 0. 3.1010243847e-24 0.
1480603251 1 0.647418618202 0. 3.0966408296e-24 0.
1480603312 1 0.64509999752 0. 3.09470691724e-24 0.
1480603372 1 0.642361402512 0. 3.09044011474e-24 0.
1480603432 1 0.639822781086 0. 3.08713132316e-24 0.
1480603492 1 0.63730686903 0. 3.08385820056e-24 0.
1480603552 1 0.635188519955 0. 3.08258475241e-24 0.
1480603612 1 0.632998287678 0. 3.08095615614e-24 0.
1480603672 1 0.631358265877 0. 3.08202081368e-24 0.
1480603732 1 0.628778219223 0. 3.07839085441e-24 0.
1480603793 1 0.626686811447 0. 3.07708889885e-24 0.
1480603853 1 0.625006854534 0. 3.07755713633e-24 0.
1480603913 1 0.622690558434 0. 3.07475088369e-24 0.
1480603973 1 0.62028080225 0. 3.07135631665e-24 0.
1480604033 1 0.618214011192 0. 3.06966388985e-24 0.
1480604083 1 0.616705775261 0. 3.06916828092e-24 0.
1480604134 1 0.614707291126 0. 3.06631635298e-24 0.
1480604194 1 0.612356245518 0. 3.06282081458e-24 0.
1480604254 1 0.610500693321 0. 3.06206956083e-24 0.
1480604314 1 0.608173429966 0. 3.05850499414e-24 0.
1480604374 1 0.606607973576 0. 3.05901179754e-24 0.
1480604434 1 0.604660391808 0. 3.05764146321e-24 0.
1480604494 1 0.602541089058 0. 3.0554668717e-24 0.
1480604555 1 0.601363539696 0. 3.05813910017e-24 0.
1480604615 1 0.600027620792 0. 3.05953097215e-24 0.
1480604675 1 0.598549962044 0. 3.06051026379e-24 0.
1480604735 1 0.597239255905 0. 3.06236036099e-24 0.
1480604795 1 0.596041560173 0. 3.0645905745e-24 0.
1480604855 1 0.595397353172 0. 3.0695625113e-24 0.
1480604915 1 0.5935151577 0. 3.06840024506e-24 0.
1480604975 1 0.592577755451 0. 3.07211096324e-24 0.
1480605036 1 0.591341555119 0. 3.07433123751e-24 0.
1480605096 1 0.590698122978 0. 3.07959569771e-24 0.
1480605156 1 0.589246809483 0. 3.08065718609e-24 0.
1480605216 1 0.587671995163 0. 3.0810754618e-24 0.
1480605276 1 0.585567176342 0. 3.07889473791e-24 0.
1480605336 1 0.58430993557 0. 3.08073701048e-24 0.
1480605396 1 0.583610594273 0. 3.08527162229e-24 0.
1480605454 1 0.571935772896 0. 3.0316110966e-24 0.
1480605511 1 -1.89528338979e-06 0. 0.0 0.
1480605572 1 5.89131968809e-06 0. 0.0 0.
1480605632 0 0.0 0. 0.0 0.
1480605692 0 0.0 0. 0.0 0.
1480605752 0 0.0 0. 0.0 0.
1480605812 0 0.0 0. 0.0 0.
1480605872 0 0.0 0. 0.0 0.
1480605933 0 0.0 0. 0.0 0.
1480605993 0 0.0 0. 0.0 0.
