1480606053 0 0.0 0. 0.0 0.
1480606113 0 0.0 0. 0.0 0.
1480606173 0 0.0 0. 0.0 0.
1480610738 0 0.0 0. 0.0 0.
1480615303 0 0.0 0. 0.0 0.
1480615363 0 0.0 0. 0.0 0.
1480615423 0 0.0 0. 0.0 0.
1480615460 0 0.0 0. 0.0 0.
1480615472 0 0.0 0. 0.0 0.
1480615482 0 0.0 0. 0.0 0.
1480615496 0 0.0 0. 0.0 0.
1480615535 0 0.0 0. 0.0 0.
1480615596 0 0.0 0. 0.0 0.
1480615656 0 0.0 0. 0.0 0.
1480615716 0 0.0 0. 0.0 0.
1480615776 0 0.0 0. 0.0 0.
1480615836 0 0.0 0. 0.0 0.
1480615896 0 0.0 0. 0.0 0.
1480615957 0 0.0 0. 0.0 0.
1480616017 0 0.0 0. 0.0 0.
1480616077 0 0.0 0. 0.0 0.
1480616137 0 0.0 0. 0.0 0.
1480616197 0 0.0 0. 0.0 0.
1480616239 0 0.0 0. 0.0 0.
1480616281 0 0.0 0. 0.0 0.
1480616341 0 0.0 0. 0.0 0.
1480616401 0 0.0 0. 0.0 0.
1480616462 0 0.0 0. 0.0 0.
1480616522 0 0.0 0. 0.0 0.
1480616582 0 0.0 0. 0.0 0.
1480616642 0 0.0 0. 0.0 0.
1480616702 0 0.0 0. 0.0 0.
1480616762 0 0.0 0. 0.0 0.
1480616822 0 0.0 0. 0.0 0.
1480616883 0 0.0 0. 0.0 0.
1480616939 0 0.0 0. 0.0 0.
1480616971 0 0.0 0. 0.0 0.
1480616989 0 0.0 0. 0.0 0.
1480617011 0 0.0 0. 0.0 0.
1480617026 0 0.0 0. 0.0 0.
1480617064 0 0.0 0. 0.0 0.
1480617124 0 0.0 0. 0.0 0.
1480617184 0 0.0 0. 0.0 0.
1480617244 0 0.0 0. 0.0 0.
1480617304 0 0.0 0. 0.0 0.
1480617364 0 0.0 0. 0.0 0.
1480617424 0 0.0 0. 0.0 0.
1480617485 0 0.0 0. 0.0 0.
1480617545 0 0.0 0. 0.0 0.
1480617605 0 0.0 0. 0.0 0.
1480617665 0 0.0 0. 0.0 0.
1480617725 0 0.0 0. 0.0 0.
1480617786 0 0.0 0. 0.0 0.
1480617846 0 0.0 0. 0.0 0.
1480617906 0 0.0 0. 0.0 0.
1480617966 0 0.0 0. 0.0 0.
1480618026 0 0.0 0. 0.0 0.
1480618086 0 0.0 0. 0.0 0.
1480618147 0 0.0 0. 0.0 0.
1480618207 0 0.0 0. 0.0 0.
1480618267 0 0.0 0. 0.0 0.
1480618324 1 0.368934065104 0. 1.6054769256e-24 0.
1480618365 1 0.470189154148 0. 2.04910435509e-24 0.
1480618408 1 0.521210849285 0. 2.27578572614e-24 0.
1480618468 1 0.572352170944 0. 2.5065297584e-24 0.
1480618528 1 0.598882079124 0. 2.63094295419e-24 0.
1480618588 1 0.610467135906 0. 2.69078334806e-24 0.
1480618648 1 0.62021291256 0. 2.74338733609e-24 0.
1480618709 1 0.639256596565 0. 2.83754491466e-24 0.
1480618769 1 0.648429632187 0. 2.88852199019e-24 0.
1480618829 1 0.647589087486 0. 2.89491966762e-24 0.
1480618889 1 0.64590382576 0. 2.89711593661e-24 0.
1480618949 1 0.644330024719 0. 2.8996317953e-24 0.
1480619009 1 0.643384575844 0. 2.90495824292e-24 0.
1480619069 1 0.659285306931 0. 2.98646863206e-24 0.
1480619129 1 0.660716474056 0. 3.00279869349e-24 0.
1480619189 1 0.669954776764 0. 3.05498203117e-24 0.
1480619233 1 0.668518602848 0. 3.0558909611e-24 0.
1480619252 1 0.667987287045 0. 3.0570745225e-24 0.
1480619287 1 0.666325092316 0. 3.05496945235e-24 0.
1480619347 1 0.67217206955 0. 3.09184168496e-24 0.
1480619408 1 0.674269855022 0. 3.11182222597e-24 0.
1480619468 1 0.673147380352 0. 3.11649787693e-24 0.
1480619528 1 0.670377016068 0. 3.11343839718e-24 0.
1480619588 1 0.668523192406 0. 3.11464526583e-24 0.
1480619623 1 0.66818779707 0. 3.11885975633e-24 0.
1480619658 1 0.667157948017 0. 3.11995010713e-24 0.
1480619719 1 0.667498230934 0. 3.13112172304e-24 0.
1480619773 1 0.668482005596 0. 3.14444521858e-24 0.
1480619827 1 0.657377302647 0. 3.10095517427e-24 0.
1480619887 1 0.644962072372 0. 3.05187633455e-24 0.
1480619947 1 0.660586416721 0. 3.13574662913e-24 0.
1480620007 1 0.660718381405 0. 3.14672794516e-24 0.
1480620042 1 0.658894479275 0. 3.14384998666e-24 0.
1480620078 1 0.657549977303 0. 3.14342483983e-24 0.
1480620138 1 0.655328035355 0. 3.14301272753e-24 0.
1480620198 1 0.65323984623 0. 3.14330864538e-24 0.
1480620258 1 0.650951325893 0. 3.14266660076e-24 0.
1480620318 1 0.648267269135 0. 3.13971707764e-24 0.
1480620378 1 0.645536065102 0. 3.13684070768e-24 0.
1480620438 1 0.643404066563 0. 3.13685040749e-24 0.
1480620499 1 0.641042709351 0. 3.13561537009e-24 0.
1480620550 1 0.638848185539 0. 3.13328266753e-24 0.
1480620602 1 0.636841237545 0. 3.13184725788e-24 0.
1480620662 1 0.634534597397 0. 3.1305341666e-24 0.
1480620722 1 0.632326066494 0. 3.12944724288e-24 0.
1480620783 1 0.630548238754 0. 3.13010355873e-24 0.
1480620843 1 0.628542006016 0. 3.13001579607e-24 0.
1480620903 1 0.626452207565 0. 3.12903664322e-24 0.
1480620963 1 0.623776972294 0. 3.1252164861e-24 0.
1480621023 1 0.62122708559 0. 3.12182455794e-24 0.
1480621083 1 0.618999004364 0. 3.12039907736e-24 0.
1480621143 1 0.616945147514 0. 3.12007590406e-24 0.
1480621204 1 0.614076077938 0. 3.11561471472e-24 0.
1480621264 1 0.612095355988 0. 3.11524715768e-24 0.
1480621324 1 0.61014509201 0. 3.11519552122e-24 0.
1480621384 1 0.607431828976 0. 3.11121860845e-24 0.
1480621444 1 0.60509288311 0. 3.10937866382e-24 0.
1480621504 1 0.603180110455 0. 3.10948587653e-24 0.
1480621564 1 0.600429773331 0. 3.10509314923e-24 0.
1480621624 1 0.598463952541 0. 3.10471957009e-24 0.
1480621684 1 0.596940636635 0. 3.10665060993e-24 0.
1480621745 1 0.595555841923 0. 3.10915080311e-24 0.
1480621805 1 0.594082593918 0. 3.11153467387e-24 0.
1480621865 1 0.592028975487 0. 3.1110600499e-24 0.
1480621910 1 0.590888738632 0. 3.11256320822e-24 0.
1480621956 1 0.589694023132 0. 3.11382149462e-24 0.
1480622016 1 0.588587760925 0. 3.1174477638e-24 0.
1480622076 1 0.587098240852 0. 3.11864707941e-24 0.
1480622136 1 0.585358321667 0. 3.11858803373e-24 0.
1480622196 1 0.583437204361 0. 3.11739076365e-24 0.
1480622256 1 0.579843103886 0. 3.10766373306e-24 0.
1480622317 1 0.577796220779 0. 3.10598220541e-24 0.
1480622377 1 0.575449764729 0. 3.10265410494e-24 0.
1480622437 1 0.573713719845 0. 3.10236441424e-24 0.
1480622497 1 0.57225894928 0. 3.10396183742e-24 0.
1480622557 1 0.570324718952 0. 3.10278642047e-24 0.
1480622617 1 0.568450808525 0. 3.10209876739e-24 0.
1480622677 1 0.566640079021 0. 3.10150205499e-24 0.
1480622738 1 0.564676225185 0. 3.10024677587e-24 0.
1480622798 1 0.563250362873 0. 3.10176113027e-24 0.
1480622858 1 0.561620950699 0. 3.10229505675e-24 0.
1480622918 1 0.559652745724 0. 3.10109579689e-24 0.
1480622978 1 0.558232724667 0. 3.10257052688e-24 0.
1480623038 1 0.556053996086 0. 3.09999451669e-24 0.
1480623099 1 0.554278075695 0. 3.09984317721e-24 0.
1480623159 1 0.552614331245 0. 3.10038337253e-24 0.
1480623219 1 0.550417900085 0. 3.0972336477e-24 0.
1480623279 1 0.549108505249 0. 3.09934977508e-24 0.
1480623339 1 0.54762250185 0. 3.10012088286e-24 0.
1480623399 1 0.546083152294 0. 3.10082949319e-24 0.
1480623459 1 0.544386565685 0. 3.10058937645e-24 0.
1480623519 1 0.542844235897 0. 3.10116637023e-24 0.
1480623579 1 0.540870010853 0. 3.09931905767e-24 0.
1480623640 1 0.539279162884 0. 3.09962874713e-24 0.
1480623700 1 0.537966072559 0. 3.10110158451e-24 0.
1480623760 1 0.536454975605 0. 3.10178055901e-24 0.
1480623820 1 0.534788966179 0. 3.10147366784e-24 0.
1480623880 1 0.53319889307 0. 3.101089485e-24 0.
1480623940 1 0.531550168991 0. 3.10037866117e-24 0.
1480624000 1 0.52973139286 0. 3.09837671763e-24 0.
1480624060 1 0.527400076389 0. 3.0937672661e-24 0.
1480624121 1 0.525272190571 0. 3.09039729421e-24 0.
1480624181 1 0.52376884222 0. 3.09099627888e-24 0.
1480624241 1 0.521906197071 0. 3.08918794449e-24 0.
1480624301 1 0.520452022552 0. 3.08987025288e-24 0.
1480624361 1 0.518504917622 0. 3.08788395377e-24 0.
1480624402 1 0.517252743244 0. 3.08719024467e-24 0.
1480624442 1 0.51534229517 0. 3.08192357917e-24 0.
1480624502 1 0.513632237911 0. 3.08095134919e-24 0.
1480624563 1 0.512290000916 0. 3.08215443566e-24 0.
1480624623 1 0.510681271553 0. 3.08199847438e-24 0.
1480624683 1 0.509101033211 0. 3.08209951608e-24 0.
1480624743 1 0.507222950459 0. 3.08062029458e-24 0.
1480624803 1 0.505881845951 0. 3.0820885534e-24 0.
1480624863 1 0.504781007767 0. 3.08474670083e-24 0.
1480624923 1 0.503394901752 0. 3.08603598926e-24 0.
1480624984 1 0.501893937588 0. 3.08606898801e-24 0.
1480625044 1 0.500390291214 0. 3.08570448737e-24 0.
1480625104 1 0.497464299202 0. 3.07664677754e-24 0.
1480625164 1 0.495552152395 0. 3.07407332664e-24 0.
1480625224 1 0.493457347155 0. 3.07039077138e-24 0.
1480625283 1 0.491641581059 0. 3.0678879109e-24 0.
1480625342 1 0.490737915039 0. 3.07133282167e-24 0.
1480625402 1 0.489645272493 0. 3.07336249335e-24 0.
1480625462 1 0.487998306751 0. 3.07260719885e-24 0.
1480625522 1 0.48635199666 0. 3.07242580169e-24 0.
1480625582 1 0.484897911549 0. 3.07302689936e-24 0.
1480625643 1 0.483514040709 0. 3.07404710499e-24 0.
1480625703 1 0.482045739889 0. 3.07488248709e-24 0.
1480625763 1 0.480677992105 0. 3.07597935338e-24 0.
1480625823 1 0.479141056538 0. 3.07606914539e-24 0.
1480625883 1 0.477425813675 0. 3.07461744248e-24 0.
1480625943 1 0.475516915321 0. 3.07188990465e-24 0.
1480626003 1 0.474018871784 0. 3.07224175089e-24 0.
1480626063 1 0.471489012241 0. 3.06582327595e-24 0.
1480626123 1 0.470650106668 0. 3.06999624822e-24 0.
1480626183 1 0.469847768545 0. 3.07421711121e-24 0.
1480626243 1 0.469340801239 0. 3.07996394386e-24 0.
1480626303 1 0.468118071556 0. 3.08115970686e-24 0.
1480626364 1 0.467117547989 0. 3.08385623759e-24 0.
1480626424 1 0.466641992331 0. 3.09021934195e-24 0.
1480626484 1 0.465270727873 0. 3.09070938364e-24 0.
1480626544 1 0.464057117701 0. 3.09198421324e-24 0.
1480626604 1 0.462637156248 0. 3.09176775057e-24 0.
1480626664 1 0.461069047451 0. 3.09089761389e-24 0.
1480626724 1 0.459416955709 0. 3.08939003365e-24 0.
1480626784 1 0.457992762327 0. 3.08924699947e-24 0.
1480626845 1 0.456547409296 0. 3.08916831912e-24 0.
1480626905 1 0.454002529383 0. 3.08173042254e-24 0.
1480626965 1 0.4521728158 0. 3.07925893904e-24 0.
1480627025 1 0.450901985168 0. 3.08086586218e-24 0.
1480627085 1 0.449631273746 0. 3.08236865248e-24 0.
1480627145 1 0.447862803936 0. 3.08000083197e-24 0.
1480627205 1 0.44661077857 0. 3.08109632709e-24 0.
1480627265 1 0.445336699486 0. 3.08264996457e-24 0.
1480627326 1 0.444613993168 0. 3.08741033186e-24 0.
1480627386 1 0.44392901659 0. 3.09212707338e-24 0.
1480627446 1 0.442807793617 0. 3.0935239823e-24 0.
1480627506 1 0.441882908344 0. 3.09619873855e-24 0.
1480627566 1 0.440813958645 0. 3.09771716109e-24 0.
1480627626 1 0.43965613842 0. 3.09863312815e-24 0.
1480627686 1 0.438559353352 0. 3.10006449768e-24 0.
1480627746 1 0.436900764704 0. 3.09723762171e-24 0.
1480627807 1 0.434978365898 0. 3.0931242014e-24 0.
1480627867 1 0.433630913496 0. 3.09250051574e-24 0.
1480627903 1 0.433744639158 0. 3.09862360687e-24 0.
1480627939 1 0.43259754777 0. 3.09646105856e-24 0.
1480627999 1 0.431258291006 0. 3.09607716481e-24 0.
1480628059 1 0.430018335581 0. 3.09643366302e-24 0.
1480628119 1 0.428552627563 0. 3.0947179807e-24 0.
1480628179 1 0.427305042744 0. 3.09508060451e-24 0.
1480628239 1 0.42592716217 0. 3.10051225377e-24 0.
1480628299 1 0.424575775862 0. 3.09389628988e-24 0.
1480628359 1 0.423324227333 0. 3.09427643579e-24 0.
1480628420 1 0.422272264957 0. 3.09617021197e-24 0.
1480628480 1 0.421182602644 0. 3.09814659561e-24 0.
1480628540 1 0.420015126467 0. 3.09886529765e-24 0.
1480628600 1 0.418838173151 0. 3.09940052607e-24 0.
1480628660 1 0.417745471001 0. 3.10094885105e-24 0.
1480628720 1 0.416542351246 0. 3.10130859649e-24 0.
1480628780 1 0.415373176336 0. 3.10211299287e-24 0.
1480628841 1 0.414160698652 0. 3.10229240737e-24 0.
1480628901 1 0.413135826588 0. 3.10396798325e-24 0.
1480628961 1 0.411914736032 0. 3.1037331204e-24 0.
1480629021 1 0.410713553429 0. 3.10375752539e-24 0.
1480629081 1 0.409612417221 0. 3.10438508396e-24 0.
1480629141 1 0.40853664279 0. 3.10513497166e-24 0.
1480629201 1 0.407243460417 0. 3.10412470677e-24 0.
1480629261 1 0.406254202127 0. 3.10537826415e-24 0.
1480629322 1 0.405259937048 0. 3.10660115019e-24 0.
1480629382 1 0.404094606638 0. 3.10651864153e-24 0.
1480629442 1 0.402909576893 0. 3.10798384251e-24 0.
1480629502 1 0.401927709579 0. 3.10768128461e-24 0.
1480629562 1 0.400743037462 0. 3.10747377213e-24 0.
1480629622 1 0.399490386248 0. 3.10687679535e-24 0.
1480629682 1 0.398349702358 0. 3.10738522113e-24 0.
1480629742 1 0.397108584642 0. 3.10693488361e-24 0.
1480629803 1 0.395876795053 0. 3.10640276874e-24 0.
1480629863 1 0.394672751427 0. 3.10572777332e-24 0.
1480629923 1 0.393689215183 0. 3.10744242196e-24 0.
1480629983 1 0.392504662275 0. 3.10697360092e-24 0.
1480630043 1 0.391449302435 0. 0.0 0.
1480630103 1 0.390214651823 0. 3.10725662981e-24 0.
1480630163 1 0.38930144906 0. 3.10926711652e-24 0.
1480630224 1 0.388126522303 0. 3.1089861262e-24 0.
1480630284 1 0.387280911207 0. 3.11115035383e-24 0.
1480630344 1 0.386287987232 0. 3.11210418645e-24 0.
1480630404 1 0.385239541531 0. 3.11232448374e-24 0.
1480630464 1 0.384141147137 0. 3.1121173804e-24 0.
1480630524 1 0.382842034101 0. 3.11043519234e-24 0.
1480630584 1 0.381818234921 0. 3.11091122162e-24 0.
1480630644 1 0.380624115467 0. 3.11032482967e-24 0.
1480630680 1 0.379939824343 0. 3.11008267316e-24 0.
1480630715 1 0.379390627146 0. 3.1103409436e-24 0.
1480630775 1 0.37849766016 0. 3.11168553079e-24 0.
1480630835 1 0.377221643925 0. 3.10947150553e-24 0.
1480630895 1 0.376341968775 0. 3.10996227562e-24 0.
1480630955 1 0.371672391891 0. 3.07895903236e-24 0.
1480631015 1 0.368782103062 0. 3.06263767126e-24 0.
1480631076 1 0.372550815344 0. 3.10188683541e-24 0.
1480631136 1 0.374735176563 0. 3.1282473223e-24 0.
1480631196 1 0.373376220465 0. 3.12475193122e-24 0.
1480631256 1 0.372246980667 0. 3.12330913446e-24 0.
1480631316 1 0.368365108967 0. 3.09873721161e-24 0.
1480631376 1 0.363789975643 0. 3.06828212603e-24 0.
1480631436 1 0.36276319623 0. 3.06825615487e-24 0.
1480631497 1 0.370703965425 0. 3.143447094e-24 0.
1480631557 1 0.369764328003 0. 3.14350479152e-24 0.
1480631617 1 0.36891040206 0. 3.14441752431e-24 0.
1480631677 1 0.367845356464 0. 3.1434611667e-24 0.
1480631737 1 0.366923600435 0. 3.14350467279e-24 0.
1480631797 1 0.366036176682 0. 3.14392115581e-24 0.
1480631857 1 0.365053713322 0. 3.14301058895e-24 0.
1480631917 1 0.364147663116 0. 3.1432037889e-24 0.
1480631978 1 0.36300227046 0. 3.1410394527e-24 0.
1480632038 1 0.362141788006 0. 3.14163098043e-24 0.
1480632098 1 0.361361682415 0. 3.14233497877e-24 0.
1480632158 1 0.36043676734 0. 3.14231734548e-24 0.
1480632218 1 0.359387367964 0. 3.14101319555e-24 0.
1480632278 1 0.358597874641 0. 3.14204766729e-24 0.
1480632335 1 0.351143836975 0. 3.08413213957e-24 0.
1480632391 1 9.85792098618e-07 0. 0.0 0.
1480632452 0 0.0 0. 0.0 0.
1480632512 0 0.0 0. 0.0 0.
1480632572 0 0.0 0. 0.0 0.
1480632632 0 0.0 0. 0.0 0.
1480632692 0 0.0 0. 0.0 0.
1480632752 0 0.0 0. 0.0 0.
1480642111 0 0.0 0. 0.0 0.
