1480740549 0 0.0 0. 0.0 0.
1480740609 0 0.0 0. 0.0 0.
1480740670 0 0.0 0. 0.0 0.
1480740710 0 0.0 0. 0.0 0.
1480740732 0 0.0 0. 0.0 0.
1480740773 0 0.0 0. 0.0 0.
1480740833 0 0.0 0. 0.0 0.
1480740893 0 0.0 0. 0.0 0.
1480740953 0 0.0 0. 0.0 0.
1480741013 0 0.0 0. 0.0 0.
1480741073 0 0.0 0. 0.0 0.
1480741134 0 0.0 0. 0.0 0.
1480741194 0 0.0 0. 0.0 0.
1480741254 0 0.0 0. 0.0 0.
1480741310 0 0.0 0. 0.0 0.
1480741367 0 0.0 0. 0.0 0.
1480741427 0 0.0 0. 0.0 0.
1480741487 0 0.0 0. 0.0 0.
1480741548 0 0.0 0. 0.0 0.
1480741608 0 0.0 0. 0.0 0.
1480741668 0 0.0 0. 0.0 0.
1480741728 0 0.0 0. 0.0 0.
1480741788 0 0.0 0. 0.0 0.
1480741848 0 0.0 0. 0.0 0.
1480741908 0 0.0 0. 0.0 0.
1480741968 0 0.0 0. 0.0 0.
1480742028 0 0.0 0. 0.0 0.
1480742089 0 0.0 0. 0.0 0.
1480742149 0 0.0 0. 0.0 0.
1480742209 0 0.0 0. 0.0 0.
1480742269 0 0.0 0. 0.0 0.
1480742329 0 0.0 0. 0.0 0.
1480742389 0 0.0 0. 0.0 0.
1480742450 0 0.0 0. 0.0 0.
1480742510 0 0.0 0. 0.0 0.
1480742570 0 0.0 0. 0.0 0.
1480742630 0 0.0 0. 0.0 0.
1480742690 0 0.0 0. 0.0 0.
1480742750 0 0.0 0. 0.0 0.
1480742810 0 0.0 0. 0.0 0.
1480742870 0 0.0 0. 0.0 0.
1480742931 0 0.0 0. 0.0 0.
1480742991 0 0.0 0. 0.0 0.
1480743051 0 0.0 0. 0.0 0.
1480743111 0 0.0 0. 0.0 0.
1480743171 0 0.0 0. 0.0 0.
1480743231 0 0.0 0. 0.0 0.
1480743291 0 0.0 0. 0.0 0.
1480743352 0 0.0 0. 0.0 0.
1480743412 0 0.0 0. 0.0 0.
1480743472 0 0.0 0. 0.0 0.
1480743532 0 0.0 0. 0.0 0.
1480743592 0 0.0 0. 0.0 0.
1480743652 0 0.0 0. 0.0 0.
1480743712 0 0.0 0. 0.0 0.
1480743772 0 0.0 0. 0.0 0.
1480743833 0 0.0 0. 0.0 0.
1480743893 0 0.0 0. 0.0 0.
1480743953 0 0.0 0. 0.0 0.
1480744013 0 0.0 0. 0.0 0.
1480744073 0 0.0 0. 0.0 0.
1480744133 0 0.0 0. 0.0 0.
1480744193 0 0.0 0. 0.0 0.
1480744253 0 0.0 0. 0.0 0.
1480744314 0 0.0 0. 0.0 0.
1480744374 0 0.0 0. 0.0 0.
1480744434 0 0.0 0. 0.0 0.
1480744494 0 0.0 0. 0.0 0.
1480744554 0 0.0 0. 0.0 0.
1480744614 0 0.0 0. 0.0 0.
1480744674 0 0.0 0. 0.0 0.
1480744735 0 0.0 0. 0.0 0.
1480744795 0 0.0 0. 0.0 0.
1480744855 0 0.0 0. 0.0 0.
1480744915 0 0.0 0. 0.0 0.
1480744975 0 0.0 0. 0.0 0.
1480745035 0 0.0 0. 0.0 0.
1480745095 0 0.0 0. 0.0 0.
1480745131 0 0.0 0. 0.0 0.
1480745141 0 0.0 0. 0.0 0.
1480745151 0 0.0 0. 0.0 0.
1480745162 0 0.0 0. 0.0 0.
1480745174 0 0.0 0. 0.0 0.
1480745186 0 0.0 0. 0.0 0.
1480745197 0 0.0 0. 0.0 0.
1480745210 0 0.0 0. 0.0 0.
1480745223 0 0.0 0. 0.0 0.
1480745239 0 0.0 0. 0.0 0.
1480745255 0 0.0 0. 0.0 0.
1480745269 0 0.0 0. 0.0 0.
1480745282 0 0.0 0. 0.0 0.
1480745296 0 0.0 0. 0.0 0.
1480745317 0 0.0 0. 0.0 0.
1480745336 0 0.0 0. 0.0 0.
1480745351 0 0.0 0. 0.0 0.
1480745391 0 0.0 0. 0.0 0.
1480745447 0 0.0 0. 0.0 0.
1480745482 0 0.0 0. 0.0 0.
1480745498 0 0.0 0. 0.0 0.
1480745535 0 0.0 0. 0.0 0.
1480745595 0 0.0 0. 0.0 0.
1480745655 0 0.0 0. 0.0 0.
1480745715 0 0.0 0. 0.0 0.
1480745775 0 0.0 0. 0.0 0.
1480745810 0 0.0 0. 0.0 0.
1480745846 0 0.0 0. 0.0 0.
1480745906 0 0.0 0. 0.0 0.
1480745966 0 0.0 0. 0.0 0.
1480746026 0 0.0 0. 0.0 0.
1480746086 0 0.0 0. 0.0 0.
1480746146 0 0.0 0. 0.0 0.
1480746206 0 0.0 0. 0.0 0.
1480746266 0 0.0 0. 0.0 0.
1480746311 0 0.0 0. 0.0 0.
1480746333 0 0.0 0. 0.0 0.
1480746370 0 0.0 0. 0.0 0.
1480746430 0 0.0 0. 0.0 0.
1480746490 0 0.0 0. 0.0 0.
1480746550 0 0.0 0. 0.0 0.
1480746610 0 0.0 0. 0.0 0.
1480746670 0 0.0 0. 0.0 0.
1480746731 0 0.0 0. 0.0 0.
1480746791 0 0.0 0. 0.0 0.
1480746851 0 0.0 0. 0.0 0.
1480746911 0 0.0 0. 0.0 0.
1480746971 0 0.0 0. 0.0 0.
1480747031 0 0.0 0. 0.0 0.
1480747069 0 0.0 0. 0.0 0.
1480747089 0 0.0 0. 0.0 0.
1480747111 0 0.0 0. 0.0 0.
1480747151 0 0.0 0. 0.0 0.
1480747211 0 0.0 0. 0.0 0.
1480747271 0 0.0 0. 0.0 0.
1480747331 0 0.0 0. 0.0 0.
1480747392 0 0.0 0. 0.0 0.
1480747452 0 0.0 0. 0.0 0.
1480747512 0 0.0 0. 0.0 0.
1480747572 0 0.0 0. 0.0 0.
1480747632 0 0.0 0. 0.0 0.
1480747692 0 0.0 0. 0.0 0.
1480747752 0 0.0 0. 0.0 0.
1480747812 0 0.0 0. 0.0 0.
1480747872 0 0.0 0. 0.0 0.
1480747932 0 0.0 0. 0.0 0.
1480747992 0 0.0 0. 0.0 0.
1480748052 0 0.0 0. 0.0 0.
1480748113 0 0.0 0. 0.0 0.
1480748173 0 0.0 0. 0.0 0.
1480748233 0 0.0 0. 0.0 0.
1480748293 0 0.0 0. 0.0 0.
1480748353 0 0.0 0. 0.0 0.
1480748413 0 0.0 0. 0.0 0.
1480748473 0 0.0 0. 0.0 0.
1480748533 0 0.0 0. 0.0 0.
1480748594 0 0.0 0. 0.0 0.
1480748654 0 0.0 0. 0.0 0.
1480748714 0 0.0 0. 0.0 0.
1480748774 1 0.514599978924 0. 2.10568901096e-24 0.
1480748832 1 0.573708891869 0. 2.3545015098e-24 0.
1480748891 1 0.621557176113 0. 2.55904112432e-24 0.
1480748951 1 0.636100053787 0. 2.62761404369e-24 0.
1480749011 1 0.634846508503 0. 2.63129652088e-24 0.
1480749071 1 0.653164446354 0. 2.7163130575e-24 0.
1480749131 1 0.662810027599 0. 2.76587547372e-24 0.
1480749191 1 0.66968280077 0. 2.80384568589e-24 0.
1480749252 1 0.667457997799 0. 2.8036063203e-24 0.
1480749308 1 0.675600409508 0. 2.84665403688e-24 0.
1480749364 1 0.683863699436 0. 2.89058061527e-24 0.
1480749424 1 0.687483906746 0. 2.91548937119e-24 0.
1480749484 1 0.690533816814 0. 2.93821292039e-24 0.
1480749544 1 0.694712758064 0. 2.96583651666e-24 0.
1480749604 1 0.696039974689 0. 2.98101982367e-24 0.
1480749665 1 0.69787311554 0. 2.99842188756e-24 0.
1480749725 1 0.697990894318 0. 3.00857402261e-24 0.
1480749785 1 0.69931012392 0. 3.02398556909e-24 0.
1480749837 1 0.697730123997 0. 3.02550973394e-24 0.
1480749890 1 0.695936381817 0. 3.02629643342e-24 0.
1480749950 1 0.669366717339 0. 2.92030566695e-24 0.
1480750010 1 0.71333450079 0. 3.1213748939e-24 0.
1480750071 1 0.711900353432 0. 3.12506529522e-24 0.
1480750131 1 0.709379196167 0. 3.12378284763e-24 0.
1480750191 1 0.70643389225 0. 3.12050525502e-24 0.
1480750251 1 0.704273998737 0. 3.12024046122e-24 0.
1480750311 1 0.701377213001 0. 3.11693030935e-24 0.
1480750371 1 0.69878757 0. 3.11490440863e-24 0.
1480750431 1 0.696499586105 0. 3.11442561943e-24 0.
1480750492 1 0.69444257021 0. 3.11513428847e-24 0.
1480750552 1 0.691719293594 0. 3.11236412383e-24 0.
1480750612 1 0.689387738705 0. 3.11142686165e-24 0.
1480750672 1 0.686870276928 0. 3.10998399424e-24 0.
1480750732 1 0.684692502022 0. 3.10977222074e-24 0.
1480750792 1 0.681999444962 0. 3.10724732615e-24 0.
1480750852 1 0.679773032665 0. 3.10678421221e-24 0.
1480750913 1 0.677808523178 0. 3.10709472745e-24 0.
1480750973 1 0.675029397011 0. 3.10409935824e-24 0.
1480751033 1 0.672874093056 0. 3.10364024733e-24 0.
1480751074 1 0.671153843403 0. 3.10227947037e-24 0.
1480751116 1 0.669436752796 0. 3.10091186622e-24 0.
1480751176 1 0.66762316227 0. 3.10187279905e-24 0.
1480751236 1 0.66517406702 0. 3.09946718982e-24 0.
1480751296 1 0.662996530533 0. 3.09831066354e-24 0.
1480751356 1 0.66066545248 0. 3.09662803128e-24 0.
1480751417 1 0.658416330814 0. 3.09492958142e-24 0.
1480751477 1 0.656178116798 0. 3.09321513897e-24 0.
1480751537 1 0.653846561909 0. 3.09128722541e-24 0.
1480751597 1 0.651979446411 0. 3.09147723046e-24 0.
1480751657 1 0.649931788445 0. 3.09086853172e-24 0.
1480751717 1 0.647462487221 0. 3.08815038735e-24 0.
1480751777 1 0.645399093628 0. 3.08737761626e-24 0.
1480751837 1 0.643172204494 0. 3.08589086733e-24 0.
1480751898 1 0.641375720501 0. 3.08634217295e-24 0.
1480751958 1 0.639191865921 0. 3.0847276454e-24 0.
1480752018 1 0.63718187809 0. 3.08433809426e-24 0.
1480752078 1 0.634697198868 0. 3.08140555263e-24 0.
1480752138 1 0.632564544678 0. 3.08003682894e-24 0.
1480752198 1 0.63030564785 0. 3.07804546145e-24 0.
1480752258 1 0.628910541534 0. 3.08046448896e-24 0.
1480752318 1 0.626091837883 0. 3.0754910196e-24 0.
1480752378 1 0.6242634058 0. 3.07551381719e-24 0.
1480752439 1 0.62220364809 0. 3.07442775161e-24 0.
1480752499 1 0.619837760925 0. 3.07153320137e-24 0.
1480752559 1 0.618070363998 0. 3.07190259917e-24 0.
1480752594 1 0.617132246494 0. 3.0728896201e-24 0.
1480752629 1 0.616116166115 0. 3.07259273903e-24 0.
1480752689 1 0.613826036453 0. 3.06991605781e-24 0.
1480752750 1 0.611905395985 0. 3.06875052844e-24 0.
1480752810 1 0.610150098801 0. 3.06897596316e-24 0.
1480752870 1 0.608295738697 0. 3.0682293759e-24 0.
1480752930 1 0.606373369694 0. 3.06690498989e-24 0.
1480752990 1 0.604482471943 0. 3.06605233309e-24 0.
1480753050 1 0.602303624153 0. 3.06332653201e-24 0.
1480753110 1 0.60075545311 0. 3.06418094979e-24 0.
1480753170 1 0.598786473274 0. 3.06261028764e-24 0.
1480753231 1 0.597146809101 0. 3.06278722092e-24 0.
1480753291 1 0.595105886459 0. 3.06095416442e-24 0.
1480753351 1 0.593065142632 0. 3.05899764206e-24 0.
1480753411 1 0.591064333916 0. 3.05769046656e-24 0.
1480753471 1 0.589144229889 0. 3.0565266724e-24 0.
1480753531 1 0.587635993958 0. 3.05737021412e-24 0.
1480753591 1 0.585733115673 0. 3.05618608437e-24 0.
1480753651 1 0.584014058113 0. 3.05594878873e-24 0.
1480753712 1 0.582406818867 0. 3.05600196609e-24 0.
1480753772 1 0.58036762476 0. 3.0540255071e-24 0.
1480753824 1 0.578625321388 0. 3.0526207728e-24 0.
1480753877 1 0.57691770792 0. 3.05134292858e-24 0.
1480753937 1 0.575591266155 0. 3.05294505296e-24 0.
1480753997 1 0.5741725564 0. 3.05848751113e-24 0.
1480754057 1 0.572574794292 0. 3.05399279273e-24 0.
1480754117 1 0.570756018162 0. 3.05287900561e-24 0.
1480754177 1 0.569281041622 0. 3.05380122061e-24 0.
1480754238 1 0.567369699478 0. 3.05178306219e-24 0.
1480754298 1 0.566267311573 0. 3.05431227166e-24 0.
1480754358 1 0.564350068569 0. 3.05200015412e-24 0.
1480754418 1 0.562597572803 0. 3.05056348451e-24 0.
1480754478 1 0.560803830624 0. 3.04905276771e-24 0.
1480754538 1 0.559088110924 0. 3.04810923927e-24 0.
1480754598 1 0.557508587837 0. 3.04765771139e-24 0.
1480754658 1 0.555313587189 0. 3.04378281829e-24 0.
1480754719 1 0.55419921875 0. 3.04599595654e-24 0.
1480754779 1 0.552093505859 0. 3.04267392579e-24 0.
1480754839 1 0.550917387009 0. 3.04458265543e-24 0.
1480754899 1 0.549028337002 0. 3.04250354006e-24 0.
1480754959 1 0.547614991665 0. 3.0431338983e-24 0.
1480755019 1 0.546399831772 0. 3.04446152262e-24 0.
1480755079 1 0.544275164604 0. 3.04120579589e-24 0.
1480755139 1 0.542934894562 0. 3.04200842056e-24 0.
1480755200 1 0.541465759277 0. 3.04231304886e-24 0.
1480755260 1 0.539981603622 0. 3.04226105621e-24 0.
1480755320 1 0.538278698921 0. 3.04107453528e-24 0.
1480755380 1 0.536727964878 0. 3.04053399416e-24 0.
1480755440 1 0.535433650017 0. 3.04152018124e-24 0.
1480755500 1 0.533704280853 0. 3.03983381909e-24 0.
1480755560 1 0.532144069672 0. 3.03920240332e-24 0.
1480755620 1 0.53072309494 0. 3.03913946248e-24 0.
1480755681 1 0.529204010963 0. 3.0388095866e-24 0.
1480755741 1 0.525825619698 0. 3.02936261813e-24 0.
1480755797 1 0.525870263577 0. 3.03872794414e-24 0.
1480755854 1 0.524807333946 0. 3.03983027777e-24 0.
1480755889 1 0.524380087852 0. 3.04209030723e-24 0.
1480755924 1 0.522885978222 0. 3.03809890043e-24 0.
1480755969 1 0.521620452404 0. 3.03662931653e-24 0.
1480756014 1 0.510413706303 0. 2.97724215208e-24 0.
1480756074 1 0.497858464718 0. 2.91171505927e-24 0.
1480756134 1 0.508303761482 0. 2.98093027942e-24 0.
1480756194 1 0.515937387943 0. 3.0337443762e-24 0.
1480756255 1 0.514490962029 0. 3.0333796279e-24 0.
1480756315 1 0.512872695923 0. 3.03211467485e-24 0.
1480756375 1 0.513041913509 0. 3.04118595284e-24 0.
1480756435 1 0.512956738472 0. 3.04914818871e-24 0.
1480756495 1 0.511564552784 0. 3.04914124281e-24 0.
1480756555 1 0.510141849518 0. 3.04912260383e-24 0.
1480756615 1 0.508551418781 0. 3.04794730662e-24 0.
1480756676 1 0.506993114948 0. 3.04707062718e-24 0.
1480756736 1 0.505640864372 0. 3.04732308688e-24 0.
1480756796 1 0.504116177559 0. 3.04624338786e-24 0.
1480756856 1 0.502716183662 0. 3.04633472707e-24 0.
1480756916 1 0.501382112503 0. 3.04658115136e-24 0.
1480756976 1 0.499849259853 0. 3.0454301196e-24 0.
1480757029 1 0.498663306236 0. 3.04534645085e-24 0.
1480757081 1 0.497200846672 0. 3.04363694216e-24 0.
1480757141 1 0.496082812548 0. 3.04478594516e-24 0.
1480757202 1 0.494744837284 0. 3.04447966062e-24 0.
1480757262 1 0.493100732565 0. 3.0424328643e-24 0.
1480757322 1 0.491583108902 0. 3.04130378376e-24 0.
1480757382 1 0.490118652582 0. 3.04039769308e-24 0.
1480757442 1 0.488584041595 0. 3.03922498752e-24 0.
1480757502 1 0.487397491932 0. 3.04020895927e-24 0.
1480757562 1 0.48599550128 0. 3.03964166993e-24 0.
1480757622 1 0.484779804945 0. 3.04005210288e-24 0.
1480757683 1 0.48324650526 0. 3.03900841779e-24 0.
1480757743 1 0.481871336699 0. 3.03839770962e-24 0.
1480757803 1 0.480477958918 0. 3.03802867475e-24 0.
1480757863 1 0.479132086039 0. 3.03761261097e-24 0.
1480757923 1 0.477721363306 0. 3.03677372724e-24 0.
1480757983 1 0.476477563381 0. 3.03714146747e-24 0.
1480758039 1 0.475322335958 0. 3.03732999045e-24 0.
1480758095 1 0.47395503521 0. 3.03622573564e-24 0.
1480758155 1 0.4728063941 0. 3.0371269925e-24 0.
1480758216 1 0.471323609352 0. 3.03599783401e-24 0.
1480758276 1 0.470005989075 0. 3.03548427961e-24 0.
1480758336 1 0.468822389841 0. 3.03601456872e-24 0.
1480758396 1 0.467504441738 0. 3.03580618877e-24 0.
1480758456 1 0.466111034155 0. 3.03504711798e-24 0.
1480758516 1 0.464634239674 0. 3.03356772932e-24 0.
1480758576 1 0.463380903006 0. 3.03324198959e-24 0.
1480758637 1 0.462016791105 0. 3.03242949431e-24 0.
1480758697 1 0.460812598467 0. 3.03272000428e-24 0.
1480758757 1 0.45965591073 0. 3.03296530565e-24 0.
1480758817 1 0.458240330219 0. 3.03183963185e-24 0.
1480758877 1 0.457061946392 0. 3.03208281248e-24 0.
1480758937 1 0.45573964715 0. 3.0313316161e-24 0.
1480758997 1 0.454459369183 0. 3.03114350454e-24 0.
1480759057 1 0.453302919865 0. 3.03149579731e-24 0.
1480759118 1 0.452031135559 0. 3.03112992151e-24 0.
1480759178 1 0.450538933277 0. 3.02927073755e-24 0.
1480759238 1 0.449325323105 0. 3.02945621821e-24 0.
1480759298 1 0.4481343925 0. 3.02976858687e-24 0.
1480759358 1 0.446989178658 0. 3.02997919492e-24 0.
1480759418 1 0.445703268051 0. 3.02965800786e-24 0.
1480759478 1 0.444350868464 0. 3.02858082843e-24 0.
1480759539 1 0.443275302649 0. 3.02949612611e-24 0.
1480759599 1 0.442124813795 0. 3.02967275122e-24 0.
1480759659 1 0.440564632416 0. 3.0276021111e-24 0.
1480759719 1 0.439579159021 0. 3.02907626193e-24 0.
1480759779 1 0.438195556402 0. 3.02784330349e-24 0.
1480759839 1 0.437018424273 0. 0.0 0.
1480759899 1 0.435984104872 0. 3.02842539269e-24 0.
1480759960 1 0.434581845999 0. 3.02694391531e-24 0.
1480760020 1 0.433476954699 0. 3.02750263495e-24 0.
1480760080 1 0.432174086571 0. 3.02639034785e-24 0.
1480760120 1 0.431328743696 0. 3.02578853818e-24 0.
1480760160 1 0.430671006441 0. 3.02679222028e-24 0.
1480760220 1 0.429548233747 0. 3.02657630455e-24 0.
1480760280 1 0.42832711339 0. 3.02608051904e-24 0.
1480760341 1 0.427014678717 0. 3.0247219406e-24 0.
1480760401 1 0.425819337368 0. 3.02466118292e-24 0.
1480760461 1 0.424668192863 0. 3.02460720851e-24 0.
1480760521 1 0.423469513655 0. 3.02413485256e-24 0.
1480760581 1 0.422434389591 0. 3.02460703964e-24 0.
1480760641 1 0.421093553305 0. 3.02341632794e-24 0.
1480760701 1 0.420021057129 0. 3.02371497584e-24 0.
1480760762 1 0.418832093477 0. 3.02311676823e-24 0.
1480760822 1 0.417862594128 0. 3.02456313144e-24 0.
1480760882 1 0.41673129797 0. 3.02461194838e-24 0.
1480760942 1 0.41537374258 0. 3.02291238146e-24 0.
1480761002 1 0.414227992296 0. 3.02265741239e-24 0.
1480761062 1 0.413062900305 0. 3.02265764038e-24 0.
1480761123 1 0.411857813597 0. 3.02220890414e-24 0.
1480761183 1 0.410938173532 0. 3.02353287699e-24 0.
1480761243 1 0.409796059132 0. 3.02350722826e-24 0.
1480761303 1 0.4085303545 0. 3.02268521244e-24 0.
1480761363 1 0.407450795174 0. 3.02287168821e-24 0.
1480761423 1 0.406421154737 0. 3.02367295755e-24 0.
1480761483 1 0.405229926109 0. 3.02280443066e-24 0.
1480761544 1 0.40412607789 0. 3.02280483298e-24 0.
1480761604 1 0.403077334166 0. 3.02314681021e-24 0.
1480761664 1 0.401937484741 0. 3.02239547463e-24 0.
1480761724 1 0.400886327028 0. 3.02273798027e-24 0.
1480761784 1 0.399904191494 0. 3.02320407406e-24 0.
1480761844 1 0.398761600256 0. 3.0227791776e-24 0.
1480761904 1 0.397759914398 0. 3.02344621457e-24 0.
1480761964 1 0.396783828735 0. 3.02398516205e-24 0.
1480762025 1 0.39564165473 0. 3.02308276867e-24 0.
1480762085 1 0.394346177578 0. 3.02175529885e-24 0.
1480762145 1 0.393256574869 0. 3.02203524991e-24 0.
1480762205 1 0.392086714506 0. 3.02119961326e-24 0.
1480762265 1 0.391177386045 0. 3.02244975672e-24 0.
1480762325 1 0.390169024467 0. 3.02302751567e-24 0.
1480762385 1 0.388905405998 0. 3.02165818924e-24 0.
1480762446 1 0.388051331043 0. 3.02315387313e-24 0.
1480762506 1 0.386816620827 0. 3.02197901751e-24 0.
1480762566 1 0.385707229376 0. 3.02135650447e-24 0.
1480762626 1 0.384671717882 0. 3.0213629292e-24 0.
1480762678 1 0.383891999722 0. 3.02262506346e-24 0.
1480762731 1 0.382920920849 0. 3.02224898984e-24 0.
1480762791 1 0.381828457117 0. 3.02207846088e-24 0.
1480762851 1 0.380717903376 0. 3.02157035132e-24 0.
1480762911 1 0.379759281874 0. 3.02179412223e-24 0.
1480762971 1 0.378593295813 0. 3.02062155281e-24 0.
1480763031 1 0.377614557743 0. 3.02088942153e-24 0.
1480763092 1 0.376505941153 0. 3.02026364293e-24 0.
1480763152 1 0.375578016043 0. 3.020606843e-24 0.
1480763212 1 0.374722957611 0. 3.02801772501e-24 0.
1480763272 1 0.373586952686 0. 3.02053621551e-24 0.
1480763332 1 0.372573554516 0. 3.02024060133e-24 0.
1480763392 1 0.371499419212 0. 3.01969315437e-24 0.
1480763452 1 0.370596975088 0. 3.01995044866e-24 0.
1480763512 1 0.369535803795 0. 3.01943294928e-24 0.
1480763573 1 0.368485301733 0. 3.0189457369e-24 0.
1480763633 1 0.367429077625 0. 3.01815142635e-24 0.
1480763693 1 0.366549551487 0. 3.01911399643e-24 0.
1480763753 1 0.365543186665 0. 3.01910240101e-24 0.
1480763813 1 0.3645811975 0. 3.01947887414e-24 0.
1480763873 1 0.363642275333 0. 3.02015060032e-24 0.
1480763934 1 0.362686038017 0. 3.02017580989e-24 0.
1480763994 1 0.361571729183 0. 3.01885626371e-24 0.
1480764054 1 0.360586613417 0. 3.01914441591e-24 0.
1480764114 1 0.359691500664 0. 3.0196951036e-24 0.
1480764174 1 0.358806908131 0. 3.02018983818e-24 0.
1480764234 1 0.357826560736 0. 3.02004811549e-24 0.
1480764294 1 0.356990665197 0. 3.02120647427e-24 0.
1480764354 1 0.356069028378 0. 3.02146358392e-24 0.
1480764415 1 0.35506606102 0. 3.02147194588e-24 0.
1480764475 1 0.354133427143 0. 3.02152305071e-24 0.
1480764535 1 0.353124350309 0. 3.02134095792e-24 0.
1480764595 1 0.352375715971 0. 3.02287690362e-24 0.
1480764655 1 0.351328909397 0. 3.0278095493e-24 0.
1480764715 1 0.350555330515 0. 3.02306891572e-24 0.
1480764775 1 0.3493090868 0. 3.02012148615e-24 0.
1480764836 1 0.348281383514 0. 3.01928042546e-24 0.
1480764896 1 0.347413867712 0. 3.01947541323e-24 0.
1480764956 1 0.346684277058 0. 3.02159502629e-24 0.
1480765016 1 0.345685690641 0. 3.02083815742e-24 0.
1480765076 1 0.344773471355 0. 3.02096035607e-24 0.
1480765136 1 0.343886494637 0. 3.02129979408e-24 0.
1480765196 1 0.342997759581 0. 3.0217826795e-24 0.
1480765256 1 0.342125236988 0. 3.02231039491e-24 0.
1480765317 1 0.340994268656 0. 3.02035132262e-24 0.
1480765377 1 0.340000063181 0. 3.01965121929e-24 0.
1480765437 1 0.339158296585 0. 3.02054140667e-24 0.
1480765497 1 0.338340610266 0. 3.02152150592e-24 0.
1480765557 1 0.337383896112 0. 3.02113432198e-24 0.
1480765596 1 0.336664378643 0. 3.01985114233e-24 0.
1480765621 1 0.336313426495 0. 3.02027051942e-24 0.
1480765667 1 0.335665524006 0. 3.02103032781e-24 0.
1480765727 1 0.334757357836 0. 3.02075565363e-24 0.
1480765788 1 0.333902299404 0. 3.02130614189e-24 0.
1480765848 1 0.333094865084 0. 3.02233568068e-24 0.
1480765908 1 0.332140058279 0. 3.02198776678e-24 0.
1480765968 1 0.331249177456 0. 3.02219611042e-24 0.
1480766028 1 0.330405026674 0. 3.0229564201e-24 0.
1480766088 1 0.329571247101 0. 3.02358715559e-24 0.
1480766148 1 0.328620404005 0. 3.02239396687e-24 0.
1480766208 1 0.327940016985 0. 3.02425473271e-24 0.
1480766269 1 0.327052414417 0. 3.02408076578e-24 0.
1480766329 1 0.326226711273 0. 3.02441743667e-24 0.
1480766389 1 0.325380831957 0. 3.02435002994e-24 0.
1480766449 1 0.324493378401 0. 3.02421929068e-24 0.
1480766509 1 0.323635607958 0. 3.02414287189e-24 0.
1480766551 1 0.323161780834 0. 3.0254533151e-24 0.
1480766594 1 0.32257822156 0. 3.0255913392e-24 0.
1480766654 1 0.314356744289 0. 2.95630158957e-24 0.
1480766714 1 0.31340560317 0. 2.95562818208e-24 0.
1480766775 1 0.319830179214 0. 3.02482196706e-24 0.
1480766835 1 0.319033533335 0. 3.02533266245e-24 0.
1480766895 1 0.318130075932 0. 3.02515601556e-24 0.
1480766955 1 0.31736317277 0. 3.02665244957e-24 0.
1480767015 1 0.316417068243 0. 3.02621298521e-24 0.
1480767075 1 0.31557866931 0. 3.02626390031e-24 0.
1480767135 1 0.314728349447 0. 3.03021645479e-24 0.
1480767196 1 0.313885569572 0. 3.02688636347e-24 0.
1480767256 1 0.313041627407 0. 3.02682566414e-24 0.
1480767316 1 0.312126636505 0. 3.02595731933e-24 0.
1480767376 1 0.311312735081 0. 3.02618175187e-24 0.
1480767436 1 0.310682415962 0. 3.02844975569e-24 0.
1480767496 1 0.309887468815 0. 3.02908873527e-24 0.
1480767556 1 0.309103697538 0. 3.02949367611e-24 0.
1480767617 1 0.308129638433 0. 3.02790179704e-24 0.
1480767677 1 0.30739608407 0. 3.02870674274e-24 0.
1480767737 1 0.306632876396 0. 3.02905467472e-24 0.
1480767797 1 0.305737882853 0. 3.02823173959e-24 0.
1480767857 1 0.304981708527 0. 3.02902033852e-24 0.
1480767917 1 0.30420678854 0. 3.0291606987e-24 0.
1480767977 1 0.303349286318 0. 3.028800631e-24 0.
1480768037 1 0.302421540022 0. 3.02744630594e-24 0.
1480768098 1 0.30176332593 0. 3.02931797203e-24 0.
1480768158 1 0.300947189331 0. 3.02930528269e-24 0.
1480768218 1 0.300146579742 0. 3.02962702898e-24 0.
1480768278 1 0.299333572388 0. 3.02929582377e-24 0.
1480768338 1 0.298581629992 0. 3.03013721338e-24 0.
1480768398 1 0.297849774361 0. 3.03098524145e-24 0.
1480768458 1 0.296933233738 0. 3.02985872848e-24 0.
1480768518 1 0.296198397875 0. 3.03061473119e-24 0.
1480768579 1 0.295414686203 0. 3.03117541935e-24 0.
1480768639 1 0.294604063034 0. 3.03106442054e-24 0.
1480768699 1 0.293974608183 0. 3.03285194547e-24 0.
1480768759 1 0.293153703213 0. 3.03258848737e-24 0.
1480768819 1 0.292296051979 0. 3.03178817536e-24 0.
1480768879 1 0.291623443365 0. 3.03326968998e-24 0.
1480768939 1 0.290703982115 0. 3.0316014706e-24 0.
1480768999 1 0.290028065443 0. 3.03239494397e-24 0.
1480769060 1 0.289330482483 0. 3.0330479131e-24 0.
1480769120 1 0.288518667221 0. 3.03269214521e-24 0.
1480769180 1 0.287719875574 0. 3.03256480751e-24 0.
1480769230 1 0.286972850561 0. 3.03132126639e-24 0.
1480769279 1 0.286570340395 0. 3.03361165479e-24 0.
1480769340 1 0.28580352664 0. 3.03326338924e-24 0.
1480769400 1 0.284974694252 0. 3.03225533761e-24 0.
1480769460 1 0.284194976091 0. 3.0324606816e-24 0.
1480769520 1 0.283403724432 0. 3.03207303035e-24 0.
1480769580 1 0.28260114789 0. 3.03143322357e-24 0.
1480769640 1 0.281967371702 0. 3.03292819036e-24 0.
1480769700 1 0.281255424023 0. 3.03335366346e-24 0.
1480769760 1 0.280515819788 0. 3.03335496958e-24 0.
1480769821 1 0.279856711626 0. 3.03465830939e-24 0.
1480769881 1 0.279043525457 0. 3.03438991471e-24 0.
1480769941 1 0.278201937675 0. 3.033599399e-24 0.
1480770001 1 0.277680128813 0. 3.03628436007e-24 0.
1480770061 1 0.276935517788 0. 3.03603767303e-24 0.
1480770121 1 0.276232868433 0. 3.03625629634e-24 0.
1480770181 1 0.275520712137 0. 3.0366494878e-24 0.
1480770241 1 0.274677753448 0. 3.03537022384e-24 0.
1480770302 1 0.273892253637 0. 3.03471779074e-24 0.
1480770362 1 0.273201823235 0. 3.03518841645e-24 0.
1480770422 1 0.272360086441 0. 3.03395286359e-24 0.
1480770482 1 0.271716535091 0. 3.03505537794e-24 0.
1480770542 1 0.271121263504 0. 3.036231626e-24 0.
1480770602 1 0.270439833403 0. 3.03707037363e-24 0.
1480770637 1 0.0597834549844 0. 3.59595569652e-23 0.
1480770672 1 5.06472943584e-08 0. 0.0 0.
1480770708 0 0.0 0. 0.0 0.
1480770743 0 0.0 0. 0.0 0.
1480770803 0 0.0 0. 0.0 0.
1480770863 0 0.0 0. 0.0 0.
1480770923 0 0.0 0. 0.0 0.
1480770983 0 0.0 0. 0.0 0.
1480771043 0 0.0 0. 0.0 0.
